3.50845818264 0 6.24189783541 -1.88521653985 -25.3700380502 43.8198950174
4.11766386006 0 -5.11650058729 -11.4347014179 -101.209760249 186.060758831
4.13860024073 0 -5.65604828803 -11.1898329689 -90.1630365194 161.268813883
4.20101805417 0 -7.20057264153 -10.2108187576 -60.3194329895 95.6506291051
4.35885421251 0 -10.5874038897 -6.88367424635 -7.30420043523 -12.5585712365
4.49119638692 0 -12.6585049088 -3.85726940675 14.2196664087 -46.952729509
4.53480244734 0 -13.1792447698 -2.77610487464 17.6547005481 -49.6964016866
4.62946790082 0 -14.0141484089 -0.41272724538 20.4933951632 -45.3244932946
4.65809480609 0 -14.1856075459 0.290056691711 20.3769091146 -41.9174379661
4.73600677752 0 -14.4606624238 2.13122366872 18.4875483129 -29.5684132917
4.75066810156 0 -14.4812868124 2.46240120539 17.9398854137 -26.9035134072
4.88461754938 0 -14.2272710309 5.19907457424 11.65082123 -1.29569950818
4.89005956816 0 -14.2002760371 5.29855231367 11.3796612616 -0.28693742421
4.92318851484 0 -14.01211319 5.87519957936 9.75538970765 5.6771711724
4.92697356766 0 -13.9879574814 5.93984662714 9.57386807319 6.33659232772
4.93335217978 0 -13.9524322172 6.0459433818 9.27036590598 7.43647873706
4.97252362487 0 -13.6504759565 6.66158517893 7.48713917708 13.8454197169
4.97849334194 0 -13.5991846064 6.74838728976 7.229663635 14.7652997747
5.0004609312 0 -13.4067809364 7.06820787588 6.32031456179 18.0088043364
5.00207291637 0 -13.4011129702 7.10227139169 6.25608209265 18.2377641364
5.00224087563 0 -13.4092777926 7.10958610236 6.2494098869 18.2615475257
5.00880421058 0 -13.3793799211 7.25017671616 5.99173976626 19.1800812525
5.02030068085 0 -13.3373904751 7.49622562434 5.55516527286 20.7372247882
5.10233523256 0 -12.9186466271 9.11846385338 3.04846402847 29.8129136376
5.13261181541 0 -12.6983436377 9.65078235124 2.41666441355 32.2199879059
5.14531562757 0 -12.6007287782 9.8647167846 2.20078911066 33.0762552023
5.14547276262 0 -12.5994238017 9.86654354735 2.19830193156 33.0862789949
5.14646842365 0 -12.5921883866 9.88447296985 2.1826463 33.1494713783
5.14705321483 0 -12.5870523301 9.89359553386 2.1735348553 33.1863277309
5.16764432897 0 -12.4183584035 10.2269311769 1.89218097774 34.3623245448
5.17054479139 0 -12.3947616347 10.2750471206 1.85870563913 34.509041303
5.17310382928 0 -12.3730836842 10.3154371578 1.83042911058 34.6346288314
5.1827644859 0 -12.2877452773 10.463245426 1.73428543986 35.0762695662
5.18651357957 0 -12.2543907229 10.5213741622 1.70147479538 35.233901206
5.20630046593 0 -12.0796627231 10.8171315671 1.56963280508 35.9398497755
5.21611995604 0 -11.9781503051 10.9571253239 1.52971811309 36.2125756712
5.22131582089 0 -11.927459067 11.0307793136 1.51535170694 36.3363807691
5.22708634951 0 -11.8709119888 11.1128910989 1.50482312647 36.457418471
5.24117463086 0 -11.7284561619 11.3063328836 1.50280740438 36.6811279163
5.24569846906 0 -11.6803229724 11.3645310747 1.50919356238 36.7316581452
5.26931649223 0 -11.4304923802 11.6730625995 1.59660115403 36.831746862
5.27888515263 0 -11.3250988977 11.7922047635 1.65716098516 36.7961188826
5.27898415657 0 -11.3231663198 11.7913217493 1.65786143811 36.7955263319
5.28304275773 0 -11.2867350073 11.8447340129 1.68786326957 36.7673306006
5.28855941745 0 -11.2157941963 11.9078222067 1.73263916897 36.7168796891
5.30493534258 0 -11.0290113941 12.1014861115 1.89203902229 36.4866325685
5.32059786164 0 -10.8448344034 12.2792945423 2.08021497601 36.1575662126
5.349015657 0 -10.5007998505 12.5864323813 2.50500690336 35.3048644352
5.35123691464 0 -10.4741218374 12.610819117 2.54248498845 35.2250207827
5.35608492655 0 -10.4131961648 12.6586778913 2.62633316291 35.0443908626
5.372033267 0 -10.2134453005 12.8208425779 2.92134335642 34.3903417456
5.38368274205 0 -10.0638955882 12.9326054113 3.1544981173 33.8570539754
5.4131786001 0 -9.68032943993 13.2065214513 3.80517511904 32.3138767583
5.4240126794 0 -9.53649897045 13.3018612145 4.06376189508 31.6831802531
5.43337375085 0 -9.41773613929 13.3817012964 4.29476366361 31.1129347822
5.4334329263 0 -9.41795303759 13.3841434319 4.29624515732 31.109258241
5.44208278158 0 -9.30147834596 13.4569174151 4.51553511853 30.5624906254
5.44813593147 0 -9.21954877263 13.5069729893 4.67209622133 30.1691407097
5.44866852461 0 -9.20374857095 13.5085305635 4.68598841808 30.1341222428
5.45152213502 0 -9.16430499313 13.5307536391 4.76073546651 29.9453907234
5.45399742617 0 -9.13133835627 13.5512162126 4.82599285046 29.7801926998
5.47074965833 0 -8.90182881877 13.6849256049 5.27718867743 28.6276343587
5.47542117151 0 -8.844597387 13.7217692155 5.40573692009 28.296106096
5.47803163796 0 -8.80847024873 13.741778312 5.47804289246 28.1090379838
5.47935367439 0 -8.79141991459 13.7539330667 5.51478605882 28.0138164825
5.49247741488 0 -8.60164510459 13.8512070339 5.88375786115 27.0517487094
5.49487454042 0 -8.56797820769 13.8681725228 5.95191916133 26.8728793009
5.49735887109 0 -8.53266619458 13.8850189727 6.02278808355 26.6865331892
5.52015758977 0 -8.21314986355 14.0487508462 6.68239333472 24.9343154519
5.53109189649 0 -8.05942545525 14.1252515972 7.00332206802 24.0702976801
5.53294933133 0 -8.03219112765 14.1356945118 7.0580500089 23.9222088622
5.53826715998 0 -7.96595734084 14.1753340872 7.2150065546 23.4962852086
5.54345341205 0 -7.89120778335 14.2078520995 7.3683997152 23.0782842801
5.55268096233 0 -7.75290450308 14.2677197014 7.64184599963 22.3288066819
5.55648162585 0 -7.70747296211 14.2951783096 7.75458071363 22.018181959
5.56417935209 0 -7.5889059578 14.3407074106 7.98292277794 21.3860404865
5.57089405207 0 -7.49374546436 14.3841245903 8.18194923918 20.8317434849
5.57860533404 0 -7.38496238321 14.4339507712 8.41010020299 20.192436474
5.58010079371 0 -7.36276856102 14.4407895594 8.45427365774 20.068165728
5.59588416793 0 -7.1448772677 14.5382083263 8.91841672997 18.7524086719
5.61476625897 0 -6.8682554622 14.6480104029 9.46651178319 17.1735678041
5.61856459695 0 -6.81383155609 14.6705791368 9.57551980407 16.8560632936
5.62879582984 0 -6.66864669224 14.7296444408 9.86664246635 16.0019976871
5.63694841106 0 -6.55170310449 14.7739973875 10.0957128625 15.3233611325
5.64057197857 0 -6.50151154568 14.7968379923 10.1966184382 15.0224651048
5.64521105352 0 -6.43402786719 14.8197984841 10.3249322205 14.6380315336
5.65197496403 0 -6.33922299828 14.8592517312 10.5101672459 14.0793336119
5.65210332111 0 -6.33639169662 14.8577619362 10.5136603234 14.068754197
5.65449798984 0 -6.30277671529 14.871754148 10.5786727367 13.8715484928
5.66870515674 0 -6.11011512068 14.9510958278 10.9579844062 12.7088405463
5.67436170547 0 -6.03007908448 14.9810892072 11.1057559288 12.2498523198
5.68133908254 0 -5.92346950318 15.0152207098 11.2852933915 11.6872183281
5.68426875172 0 -5.88945911032 15.0312685493 11.3597404096 11.4522229165
5.69249738398 0 -5.76689140793 15.0738185862 11.5657475972 10.796416737
5.70236708933 0 -5.62790587689 15.1231326483 11.8065362201 10.0187034189
5.70262839873 0 -5.62441656541 15.1253042513 11.8128142712 9.99825269283
5.70773558214 0 -5.55424062677 15.1531213638 11.9344804584 9.60007087367
5.71059211805 0 -5.51318820702 15.1650398052 12.0016576096 9.37865204314
5.71258408614 0 -5.48563245758 15.175969696 12.0481252532 9.22481231953
5.71510529608 0 -5.45160588063 15.1904376892 12.1064881221 9.03077698625
5.72097310822 0 -5.3690366848 15.2174328821 12.240335149 8.58219632621
5.75773698876 0 -4.86459956191 15.398911722 13.0109415297 5.87834888607
5.77303615618 0 -4.6569078372 15.4723850825 13.2941284105 4.81391698927
5.77353262624 0 -4.6512020814 15.4763338375 13.3029240509 4.78002831386
5.78645516643 0 -4.47726353929 15.5366120074 13.5228730188 3.91299268632
5.78999685881 0 -4.43101704007 15.5549965773 13.5800777771 3.68053893259
5.79424475893 0 -4.37378919415 15.5736730335 13.6469070467 3.40474886498
5.79962443686 0 -4.30386121229 15.6017340959 13.7287177905 3.06027238852
5.81239142168 0 -4.10877656037 15.588704047 13.9099830095 2.26474815542
5.82221141375 0 -3.9596262789 15.5784004966 14.0367777827 1.67451674551
5.82715431154 0 -3.88530471202 15.5733567819 14.0963552134 1.38473889247
5.82810919585 0 -3.87195603029 15.5743417153 14.1075331769 1.32933117851
5.83660420758 0 -3.7439569127 15.563073425 14.2022052079 0.844661771664
5.83889847158 0 -3.70923507852 15.5609626481 14.2262905746 0.716336633469
5.83997446277 0 -3.69319256784 15.5595133657 14.2373674888 0.656533203551
5.84255799949 0 -3.65481336945 15.5566880072 14.2633910756 0.513935760683
5.84578116523 0 -3.60710665742 15.5534089822 14.2947185627 0.338013986326
5.87021765579 0 -3.25673704272 15.5288384384 14.4903721236 -0.922792484509
5.87285381434 0 -3.21098573269 15.5250195759 14.5069877065 -1.05096171753
5.88465740399 0 -3.04119282812 15.5122669827 14.5704594518 -1.60572827382
5.88506189407 0 -3.0344061055 15.5102539632 14.5723159718 -1.62418146553
5.88740094725 0 -3.00117700563 15.5078200664 14.5826352746 -1.73016168103
5.88843824745 0 -2.98708524046 15.5077685233 14.5869839717 -1.77676202691
5.88857662734 0 -2.98511901428 15.5079853686 14.5875535177 -1.78296014716
5.89357317821 0 -2.92124844883 15.5032929201 14.6064449172 -2.00382666604
5.90317929014 0 -2.77834088439 15.4914756486 14.6335670786 -2.41233607501
5.91362573729 0 -2.63158944303 15.4785558366 14.6492142383 -2.8323147415
5.92588509823 0 -2.46271174337 15.4650629076 14.6490059736 -3.29264619168
5.92590836362 0 -2.4623039058 15.4651008604 14.6489864055 -3.29348622375
5.92809495155 0 -2.43228003763 15.4627501769 14.6468220644 -3.371867057
5.92893808125 0 -2.4208419356 15.4617590763 14.6458154647 -3.40178897032
5.9300393072 0 -2.40626872628 15.4618195178 14.644356394 -3.44061795388
5.93539219837 0 -2.33338095362 15.4563561439 14.6349319655 -3.62528053366
5.93818912513 0 -2.29585481344 15.4537804851 14.628466352 -3.7190733123
5.94505327772 0 -2.20232711517 15.4443414201 14.6081035136 -3.94140360557
5.9538187212 0 -2.09333460132 15.4370986832 14.5727899967 -4.20906624429
5.95499998161 0 -2.06979007451 15.433481086 14.5672309187 -4.2437422527
5.95894186699 0 -2.01752108578 15.4293335285 14.5473030843 -4.35705773346
5.9664583873 0 -1.91965895455 15.4222805992 14.5034251387 -4.56289990982
5.96703585265 0 -1.91186023698 15.4202411818 14.4997348779 -4.57815879986
5.97099924452 0 -1.86001748562 15.416168961 14.4731768955 -4.68075024131
5.98085448516 0 -1.73352963533 15.4071755939 14.3978263999 -4.91969508766
5.99294747249 0 -1.57882675279 15.3928296229 14.2872165857 -5.1814847505
5.99453200525 0 -1.55999749103 15.3933833226 14.2712423203 -5.21322974754
6.00868111516 0 -1.38298623464 15.3765157865 14.1134112203 -5.47055896029
6.01172000683 0 -1.34558017663 15.3734015827 14.0759551912 -5.51971885377
6.01648821948 0 -1.28725150849 15.3685159707 14.0146550441 -5.5925235989
6.01945770707 0 -1.25162639271 15.367114335 13.9749204533 -5.63519913885
6.02179838995 0 -1.22236612976 15.3634008125 13.9427578725 -5.66740054212
6.02228389145 0 -1.22463150483 15.3650634069 13.9359938854 -5.67392132062
6.03069843299 0 -1.11648908455 15.3556525219 13.813704094 -5.77832304633
6.03400656269 0 -1.08460812514 15.3529176482 13.7630129312 -5.8149257715
6.03877932725 0 -1.02816647836 15.3481578241 13.6872881868 -5.86334214891
6.03967290815 0 -1.01014416608 15.3463242003 13.6727711771 -5.8718323175
6.05114676994 0 -0.875963495715 15.3337082096 13.4768938883 -5.9648578436
6.05354938966 0 -0.848749408487 15.3326201088 13.4336597555 -5.98060421692
6.05627207157 0 -0.817587709842 15.3302776195 13.3837422855 -5.99689749294
6.05853636204 0 -0.791108360539 15.3265249138 13.3414828878 -6.009197227
6.0598650766 0 -0.775868120364 15.3253066698 13.316369714 -6.01588785348
6.06083953468 0 -0.772714484859 15.3266650618 13.2978043201 -6.02054746318
6.06126758939 0 -0.767875500125 15.3262337453 13.2896095136 -6.02252828106
6.07226390155 0 -0.63610457214 15.3131553895 13.0708605752 -6.05968604536
6.07292000946 0 -0.628817121272 15.31281445 13.0573097124 -6.06107314463
6.07304846677 0 -0.628260767929 15.3136715264 13.0546500812 -6.0613338514
6.07454409849 0 -0.61119903034 15.3109554289 13.0235261853 -6.06410764919
6.07581334407 0 -0.597257865954 15.3096536164 12.996885702 -6.06608425921
6.07735876339 0 -0.588012858683 15.3104887742 12.9641668175 -6.06802443171
6.07752754465 0 -0.578638143902 15.3097645014 12.960574743 -6.06820534991
6.07876171782 0 -0.564184079402 15.306917067 12.9341966512 -6.06934322295
6.08818112319 0 -0.469805989094 15.3001543352 12.7264174026 -6.06737411524
6.09311862159 0 -0.409110841549 15.2949319262 12.6129702705 -6.05889074129
6.09534363579 0 -0.384841423938 15.2911906398 12.5608350684 -6.05341099555
6.09646834611 0 -0.372652980674 15.2899725566 12.5342432038 -6.05025161714
6.09671418332 0 -0.369959804284 15.2900948137 12.5284095215 -6.04952630397
6.10472577063 0 -0.285283569669 15.2823063383 12.3341357311 -6.0191133277
6.10737734434 0 -0.258460858527 15.2814629579 12.268068735 -6.00617481216
6.11198468865 0 -0.217655246224 15.2781382852 12.151195011 -5.98033393724
6.11295685617 0 -0.199669531146 15.2746458626 12.1261988369 -5.97434011117
6.12011860457 0 -0.126288725987 15.268330735 11.9384798153 -5.92443086515
6.12162569442 0 -0.110982888665 15.2666420144 11.8981787755 -5.91264791535
6.12179889849 0 -0.109429130733 15.2666373292 11.893529437 -5.9112654386
6.12203843387 0 -0.10687787932 15.2662056122 11.8870935542 -5.90934391947
6.1277184273 0 -0.0494835938579 15.2611119563 11.7324474546 -5.86053204258
6.13047127286 0 -0.0222737240925 15.2586873036 11.6560992656 -5.83464976324
6.13542531242 0 0.0187491576417 15.2563123397 11.5164215545 -5.78445596845
6.1393445378 0 0.0646874447763 15.2517718465 11.4038572474 -5.74148879542
6.14747205744 0 0.14302821892 15.2452083741 11.1646807266 -5.64336189857
6.14977420569 0 0.166153840355 15.2408671123 11.0955373845 -5.61338578273
6.15262883984 0 0.19344719326 15.2386528038 11.0089524733 -5.5748966124
6.15277011735 0 0.193965033239 15.2395402271 11.004643041 -5.57295404271
6.1540316405 0 0.198802692114 15.2396745476 10.966061132 -5.55545107608
6.15616410917 0 0.225786433537 15.237387623 10.9004294256 -5.52522458561
6.15876113061 0 0.250162346378 15.235025364 10.8198018736 -5.48733492064
6.15928237438 0 0.255363325712 15.2336686465 10.8035272175 -5.47958826468
6.16232400481 0 0.283741431002 15.2309357291 10.7079483195 -5.43344443516
6.16356947555 0 0.287679497208 15.2306744197 10.6685112663 -5.4140893027
6.16677067249 0 0.324724369377 15.2272104379 10.5663523088 -5.36312445705
6.16852572784 0 0.340907263157 15.2256807449 10.5098601422 -5.33444471028
6.1770866081 0 0.419197868354 15.216152834 10.2294426229 -5.18717362592
6.17751944617 0 0.423076973531 15.2157594012 10.2150524209 -5.17940671961
6.17849960115 0 0.431176362022 15.2166685315 10.1823911198 -5.16170593603
6.17887174128 0 0.43426848569 15.2161642035 10.1699632661 -5.15494451942
6.17934090934 0 0.438593780967 15.2158369906 10.1542738161 -5.14638821549
6.17965890386 0 0.441525328005 15.2152418637 10.1436262743 -5.14056863677
6.18069235343 0 0.451072655854 15.2129474619 10.1089477208 -5.12154285515
6.18072248232 0 0.451455584749 15.2130024585 10.1079349904 -5.12098560076
6.18414503814 0 0.481596663769 15.2097788133 9.99225913505 -5.05673634988
6.18653763562 0 0.494730562622 15.2098704824 9.91065282615 -5.01071560519
6.18668551226 0 0.503459751489 15.2091164457 9.90558916754 -5.00784161876
6.19022798183 0 0.534902845112 15.2043008698 9.78359726457 -4.93797086132
6.19115484346 0 0.543175013558 15.203622859 9.75146150876 -4.91936762739
6.19402190529 0 0.568163315774 15.2008790311 9.65148869284 -4.86098509036
6.19638851578 0 0.588366145613 15.1989517684 9.56832400411 -4.81184829566
6.198460856 0 0.605684536494 15.1968048823 9.49502637077 -4.76812667819
6.20060487399 0 0.62183908356 15.193943741 9.41873072937 -4.72221668874
6.20828951016 0 0.663234776246 15.1768021631 9.14144711442 -4.55211447755
6.21006725094 0 0.671804637787 15.1745312331 9.07645926608 -4.51154890805
6.23559056131 0 0.79953408261 15.1160522458 8.10977494204 -3.88157855795
6.23801364022 0 0.81171869448 15.1113373851 8.0148367585 -3.81738095435
6.24033288419 0 0.820789851949 15.1068163494 7.92347045609 -3.75526008118
6.25180859169 0 0.873072557567 15.0799889216 7.46438042124 -3.43848343935
6.26117216817 0 0.912334656654 15.0583762997 7.08140055256 -3.16896602118
6.26640678215 0 0.932720748151 15.0480585928 6.8641268975 -3.01421154561
6.27069416813 0 0.950467395515 15.0365653217 6.6845189136 -2.88537352388
6.29248678649 0 1.03023358213 14.9862304602 5.74962687701 -2.20364478779
6.29754396344 0 1.04710218296 14.9740876968 5.52768176437 -2.03955762113
6.30196473041 0 1.06095908997 14.9654817338 5.33220408225 -1.89446867586
6.30219729997 0 1.06218186199 14.9658163944 5.32188316553 -1.88679446599
6.30993463672 0 1.08714617611 14.9453924882 4.97644756884 -1.6292251999
6.31031927923 0 1.08797398033 14.9442762766 4.95917183152 -1.61630978662
6.31245024492 0 1.09409488805 14.9390270896 4.86328836021 -1.54457340159
6.31322688128 0 1.0955310583 14.9386057331 4.82827060528 -1.51835255311
6.31383143189 0 1.09871834173 14.9360377352 4.8009853022 -1.49791382819
6.31784780843 0 1.10233446367 14.9284747558 4.61912563462 -1.3615215252
6.32743991816 0 1.13560634168 14.9023179966 4.1807810981 -1.03175754428
6.32845127445 0 1.13836946565 14.9001057144 4.13424337705 -0.996677919902
6.33383617481 0 1.1449627888 14.8896166746 3.88546220487 -0.808972214028
6.34049244759 0 1.16825045439 14.8702856549 3.57569681618 -0.574928020717
6.34103660915 0 1.16940447847 14.869055986 3.55026625172 -0.555702058581
6.34138323749 0 1.16936972921 14.8696466045 3.53405884099 -0.543448226572
6.34270311284 0 1.17252745487 14.8664269079 3.47228647052 -0.49673951981
6.34491472659 0 1.17805305388 14.8592584571 3.36857332092 -0.418302778557
6.34571763947 0 1.17915317483 14.8587895449 3.33085774715 -0.389775298914
6.34791780852 0 1.18418038038 14.8533831808 3.22733808145 -0.31146719678
6.3517030899 0 1.19250385916 14.8418552642 3.04866399338 -0.176295040656
6.35897633201 0 1.20007763959 14.8263491047 2.70338223463 0.0848810492358
6.36207540565 0 1.21198816364 14.8166870546 2.55550324243 0.196686614288
6.36302253928 0 1.21483505823 14.8130684907 2.51022127217 0.230912888276
6.36723606334 0 1.21477609472 14.8047218777 2.30829036861 0.38347283056
6.36793962057 0 1.22363238713 14.8005855975 2.27449700185 0.408991331561
6.37290599437 0 1.23049439606 14.7884479964 2.0353528621 0.58945276672
6.3799013659 0 1.24203481799 14.7686806171 1.69679775062 0.844478596757
6.38138472146 0 1.24451451412 14.7651428814 1.62476192028 0.898660493692
6.38336325441 0 1.24680921914 14.7594072162 1.5285497224 0.970977053583
6.38450099392 0 1.24796380387 14.7588806502 1.47315786753 1.01258462527
6.38564752638 0 1.24977008898 14.7534237511 1.41729004775 1.05452895953
6.38682843977 0 1.25133762859 14.7500783903 1.35969731299 1.0977458078
6.38726168639 0 1.25188527096 14.7489081439 1.33855552957 1.11360445532
6.38736997578 0 1.25189650268 14.7487334725 1.33327012883 1.11756858306
6.38961537411 0 1.25520065059 14.7429706904 1.22358360741 1.19978884292
6.39433891393 0 1.26035411327 14.7299214074 0.992278084677 1.37286791639
6.39887968063 0 1.25776043493 14.7199132425 0.769235059154 1.53933658078
6.40214114526 0 1.26825684603 14.7084017398 0.608636590081 1.65891680215
6.40312621504 0 1.26996155093 14.7061368593 0.560068071087 1.69503126927
6.40585918009 0 1.27058023413 14.6991052125 0.425173088839 1.79521125075
6.40652947068 0 1.27246056651 14.6963671671 0.392056207763 1.81977677077
6.41051130241 0 1.27476413053 14.6872356935 0.195073105411 1.96565129757
6.41242220342 0 1.27659222696 14.6793547827 0.100390587362 2.03561394427
6.41638124847 0 1.27843767065 14.6697929709 -0.0960676871372 2.18044595147
6.42078316008 0 1.28156765824 14.6556046349 -0.314941180043 2.34124476929
6.4228896929 0 1.28191592634 14.6510680221 -0.419837012265 2.41808972571
6.42335410525 0 1.28257916693 14.6480394166 -0.442975512885 2.43502098482
6.42411682329 0 1.28306396011 14.6457215315 -0.480986426673 2.46281930264
6.42531522989 0 1.27618774478 14.6448933795 -0.54073478876 2.50647512821
6.42548593874 0 1.28298729937 14.6434974412 -0.549248129978 2.51269152201
6.42965390012 0 1.27773376925 14.6321991396 -0.757285256835 2.66428391172
6.43967150885 0 1.28661773482 14.5995098618 -1.25856688955 3.02692990065
6.44082414096 0 1.28777270319 14.5968696783 -1.31634650833 3.06847758023
6.44258912479 0 1.28668558249 14.5934148509 -1.40485866713 3.1320184638
6.44338010625 0 1.28751834932 14.5889573809 -1.44453935237 3.16046229933
6.44600706701 0 1.28759587174 14.581069956 -1.57638253157 3.25477982256
6.45258723681 0 1.2788616808 14.5631682529 -1.90698279906 3.48995699102
6.45973362912 0 1.28356072433 14.5379401391 -2.26649422366 3.74343734807
6.46161799903 0 1.28383724222 14.532599642 -2.36135344068 3.80990814095
6.46253264033 0 1.28241976785 14.5316502117 -2.40740426634 3.84211366695
6.47101150692 0 1.27794314906 14.5019879879 -2.83448499289 4.13874496274
6.4721220994 0 1.27012496681 14.5010191751 -2.89044260086 4.1773290712
6.47826938556 0 1.27289633026 14.4781906498 -3.20020114038 4.3896857092
6.47846986333 0 1.27324021236 14.4780200231 -3.21030320948 4.39657550447
6.47906711273 0 1.27121480706 14.4767806186 -3.24039841043 4.41708736813
6.48264103436 0 1.26837005091 14.4653711189 -3.4204772727 4.53939249543
6.48652504317 0 1.2657417125 14.4508435459 -3.61614604707 4.67143302288
6.48930301333 0 1.2632919775 14.4418861059 -3.75606041569 4.76529131932
6.49294445007 0 1.25789152786 14.4302979132 -3.93940483086 4.8875616465
6.49385622792 0 1.25774090126 14.4258723931 -3.98529990262 4.91803818027
6.49504832852 0 1.24938902366 14.4247993014 -4.04529678339 4.95779921705
6.50188785487 0 1.24858875064 14.3987710233 -4.38930417114 5.18399810088
6.50409774184 0 1.2459180091 14.3912224516 -4.50036250513 5.25636069399
6.50465285061 0 1.24332382615 14.3898344383 -4.528251582 5.27448054496
6.50818240507 0 1.23932130777 14.3761531842 -4.70549775582 5.38914552069
6.5138500077 0 1.22983979284 14.3575738319 -4.98978543566 5.57123780052
6.51589551739 0 1.2201652893 14.35130878 -5.09227833469 5.6363231776
6.52586526596 0 1.20288478154 14.3148906569 -5.59085451009 5.94850809874
6.52589207947 0 1.20912200212 14.3133220681 -5.5921930474 5.94933610111
6.52607898006 0 1.20975930447 14.3115696775 -5.60152279191 5.95510582566
6.5276692448 0 1.20667894588 14.3054124496 -5.68087877255 6.00407218087
6.5283275124 0 1.20610410894 14.3035513241 -5.71371258549 6.02427475107
6.5285459141 0 1.20508711818 14.3021904943 -5.72460436993 6.03096897853
6.53328775123 0 1.19564827599 14.2843191968 -5.9608398436 6.17523688371
6.53386380502 0 1.19459838061 14.2824022709 -5.98950592452 6.19262139291
6.53539551011 0 1.18429336608 14.2791861864 -6.06569223266 6.23869463454
6.53658935546 0 1.18987032188 14.2725809952 -6.12503689088 6.27445136705
6.53746063719 0 1.18808266351 14.2692832157 -6.16832661211 6.30046133873
6.53753404964 0 1.17966268863 14.2709445268 -6.17197331102 6.30264956891
6.54263505032 0 1.17676500175 14.2493323765 -6.42504430056 6.45341813492
6.54341081464 0 1.17442460469 14.245967945 -6.46347515327 6.47612357368
6.55177929807 0 1.15460577399 14.2155419258 -6.87703052468 6.71719624239
6.55339202896 0 1.15122332063 14.2069144141 -6.9565048929 6.76282567231
6.55858262119 0 1.13819271128 14.1861377799 -7.21177013644 6.90781464289
6.56150085639 0 1.12961978679 14.1756978009 -7.35491937026 6.98805499009
6.56358478295 0 1.12409198136 14.1669049294 -7.45697573726 7.04478347904
6.58009760254 0 1.07812184003 14.096865618 -8.26033785131 7.47685041907
6.5843035334 0 1.05814999316 14.0818139978 -8.46333172914 7.58177259594
6.58509272076 0 1.0634994849 14.0760927887 -8.50134221645 7.60122042168
6.58897449368 0 1.05110821598 14.0592171649 -8.68793323342 7.69576330472
6.60068806953 0 1.01226057701 14.0075354421 -9.24707675236 7.96956894425
6.60183689284 0 1.00701192007 14.0035728749 -9.3015849738 7.99547333796
6.60187282848 0 1.00737608676 14.0017506494 -9.30328902842 7.99628085728
6.60246429744 0 1.00639685043 13.9997252917 -9.33132766522 8.00954763405
6.60958018223 0 0.980227406509 13.9666824637 -9.66736079815 8.16553606825
6.61316735813 0 0.967020307646 13.9503143924 -9.8358264021 8.2416014895
6.61320185641 0 0.96712757901 13.9502935842 -9.83744344922 8.24232455398
6.61805474605 0 0.949476569369 13.9280243575 -10.0643136678 8.34241624765
6.61930000385 0 0.944344712552 13.9219546536 -10.122334014 8.3675770716
6.62017247665 0 0.941031112627 13.917868676 -10.1629370624 8.38507749329
6.62332572913 0 0.921266070359 13.9054362794 -10.3093486224 8.44744131903
6.62546496457 0 0.919634288465 13.8948687934 -10.4083756023 8.48895554967
6.62723992203 0 0.905438302216 13.8864238886 -10.4903519996 8.52290936013
6.63472731671 0 0.882429210259 13.8475358247 -10.834239896 8.66117974845
6.63619104535 0 0.876584021043 13.8406983851 -10.9010976775 8.68726404628
6.63729417588 0 0.871480692478 13.8347957252 -10.9514032602 8.70671583599
6.64289994228 0 0.846837538498 13.8083582919 -11.205943519 8.80280085601
6.64488908716 0 0.839661694066 13.7976067505 -11.2958168418 8.83577711767
6.64687466479 0 0.829490622259 13.7886814063 -11.3852913204 8.86810509572
6.64768487722 0 0.82664314812 13.7828713539 -11.4217324986 8.88112670483
6.6489105582 0 0.814035092421 13.7794326291 -11.4767840672 8.90063799777
6.65052919627 0 0.814807880882 13.769091999 -11.5493437689 8.92605738915
6.65269073708 0 0.805059991078 13.7580234881 -11.6459871869 8.95938375337
6.6542129331 0 0.797587524101 13.7496746516 -11.7138698835 8.98242626697
6.6579626901 0 0.780116551262 13.7328657419 -11.880465684 9.03767640887
6.6584674954 0 0.776956204875 13.7288435959 -11.9028248131 9.04494931937
6.66160337868 0 0.762498239885 13.712873684 -12.0413524674 9.08924679587
6.66175835273 0 0.763070980496 13.7108799388 -12.0481818809 9.09139643354
6.66359924011 0 0.75377327213 13.703390045 -12.1291860394 9.11664546904
6.6654218359 0 0.744408572052 13.6924376749 -12.2091655083 9.14112275625
6.66791311961 0 0.733034127296 13.6804567359 -12.3181314498 9.17373841103
6.67020885058 0 0.722056438518 13.6655305008 -12.4181755592 9.2029288705
6.67276085951 0 0.70257287497 13.6546922263 -12.5289685596 9.23439923758
6.67615978891 0 0.692704551581 13.6361209472 -12.6758363604 9.27470456802
6.67625564883 0 0.691568044534 13.6342994344 -12.6799668884 9.27581454493
6.68275927811 0 0.65875682852 13.5986433566 -12.9586992893 9.34767178392
6.68298252814 0 0.658845259425 13.596494333 -12.9682142395 9.3500172293
6.68476041905 0 0.65002034484 13.5868154662 -13.0438610379 9.36840699783
6.68943009128 0 0.625088055178 13.5603221704 -13.2414636691 9.41425638464
6.69023236523 0 0.620192410005 13.5573529148 -13.2752531127 9.42177457734
6.70065966626 0 0.584720432177 13.4975086251 -13.7100772434 9.50983191637
6.70801485265 0 0.773254814582 13.4495303692 -14.0118341979 9.56105502569
6.71562486513 0 0.966425944794 13.4001813701 -14.3196043114 9.60445598403
6.71971705713 0 1.07058591251 13.3716765438 -14.4831982487 9.62372582344
6.72720192678 0 1.25680617762 13.3195693436 -14.7789054487 9.65155396599
6.72922584643 0 1.31091648566 13.306807151 -14.8580737531 9.65742318532
6.73162801066 0 1.36437948183 13.2912935176 -14.9515954305 9.66347092827
6.73585586397 0 1.47415077301 13.259665725 -15.1150202102 9.6716871915
6.73802423774 0 1.52827176358 13.2445024376 -15.1982511292 9.67469660609
6.73886647263 0 1.54987979886 13.2384753692 -15.2304716531 9.67564483468
6.74026770329 0 1.58100080421 13.2308466624 -15.2839428898 9.67694847346
6.7407130504 0 1.59180346427 13.2277633397 -15.3009022288 9.67729108931
6.7432674991 0 1.65782784259 13.2077262413 -15.3978494347 9.67858726592
6.74910820531 0 1.80907629927 13.1652926209 -15.6173953717 9.67726031455
6.74970041283 0 1.81900685074 13.1614664861 -15.6394896932 9.67679168731
6.75307845943 0 1.90439473965 13.1384737101 -15.7649296924 9.67293981385
6.75354488986 0 1.91534403755 13.1334439644 -15.782170962 9.67225020797
6.76021829551 0 2.07402128378 13.0872822276 -16.0267293086 9.65818333697
6.76110210832 0 2.10180155723 13.0808210201 -16.0588192087 9.65573066408
6.76410780286 0 2.16963036314 13.0585092799 -16.1674240088 9.64635555743
6.76781513822 0 2.26605396954 13.0300538669 -16.3002521761 9.63258822059
6.77019285234 0 2.31781540244 13.0131818521 -16.384781359 9.62247570566
6.77019504423 0 2.31781553766 13.0131757113 -16.384859043 9.62246592058
6.77442386928 0 2.42460719771 12.9790239839 -16.5339104568 9.60199880149
6.77461535665 0 2.43542985091 12.9782469864 -16.5406206068 9.60099682481
6.78024347941 0 2.57199305234 12.9353015013 -16.7363188425 9.5686346168
6.78537327555 0 2.69189663525 12.8973544347 -16.9121034462 9.53422659125
6.78715688687 0 2.73320010945 12.8833681424 -16.9726406294 9.52116486417
6.79031971683 0 2.8116618889 12.8576980561 -17.0792459425 9.49660898653
6.79162654056 0 2.84286376156 12.8474796287 -17.1230146192 9.48594245633
6.79176455565 0 2.8430636854 12.8452400901 -17.1276275365 9.48479818183
6.79250276209 0 2.86364675585 12.8406361515 -17.1522698308 9.47862011406
6.79981101378 0 3.04093409008 12.780933199 -17.3933981916 9.41221663287
6.80067518123 0 3.06159814555 12.7740125744 -17.4215688436 9.40373542539
6.80069597936 0 3.06158826164 12.7739440983 -17.4222459392 9.40352966632
6.80273621055 0 3.10657700576 12.7600606852 -17.4884621757 9.38297077587
6.80278154446 0 3.11265773413 12.7583325123 -17.4899288916 9.38250553623
6.80979680255 0 3.2777636865 12.7004411383 -17.7144721337 9.30610158247
6.8103012404 0 3.28711348386 12.696343496 -17.7304315948 9.30027014864
6.81119677584 0 3.30760119261 12.6891650496 -17.758702736 9.28980602921
6.81528709491 0 3.40473846534 12.6582025859 -17.8868201202 9.24019888593
6.8156517675 0 3.40985139317 12.6531538586 -17.8981617742 9.23563182731
6.81800938273 0 3.47214727938 12.6328366502 -17.9711660902 9.20553593374
6.81853453317 0 3.48141049765 12.6285959767 -17.9873520176 9.19869783443
6.82210991317 0 3.56278496442 12.599336913 -18.096816977 9.15084202849
6.82351199593 0 3.59834740606 12.5898030112 -18.1393934765 9.1314570495
6.82600653769 0 3.6541881985 12.5666316902 -18.2146549588 9.09610756643
6.82659600597 0 3.6689070074 12.5637497174 -18.2323477988 9.08759357778
6.8301223338 0 3.75652142399 12.531120879 -18.3374560794 9.03537874268
6.83724730496 0 3.916836409 12.4707792365 -18.5459711216 8.92318703069
6.83763312645 0 3.92694759305 12.4672318072 -18.5571143921 8.91685683589
6.84152670936 0 4.01734948553 12.4335189802 -18.6687140959 8.85151230054
6.84441574049 0 4.08852228342 12.4079987809 -18.7505132104 8.80130996744
6.84515616191 0 4.09594193885 12.4044102012 -18.7713386896 8.78820874334
6.84716632306 0 4.14747192669 12.3843043684 -18.8275918244 8.75215755415
6.85190404243 0 4.25721676059 12.3423795695 -18.9585176838 8.66440291879
6.85357756706 0 4.2968569344 12.3290503067 -19.0042076849 8.63247214767
6.85673245333 0 4.36647088292 12.2996863859 -19.0895472985 8.57095644388
6.85706937694 0 4.37628501765 12.2980233452 -19.0985996505 8.56428509246
6.86016946706 0 4.44580239588 12.268705341 -19.1813343729 8.50198058566
6.86752840782 0 4.61366867476 12.2019499319 -19.3736886099 8.34745978389
6.86915184824 0 4.65407901835 12.1869058557 -19.4153553647 8.31212179318
6.87418781944 0 4.75944391427 12.143270156 -19.5428338818 8.199643774
6.87822977017 0 4.86005199263 12.1029499054 -19.6432047036 8.10625338055
6.88165348892 0 4.93766989644 12.0722457105 -19.7268640668 8.02498982597
6.88302743225 0 4.96735168104 12.0582008125 -19.7600854155 7.99182440695
6.8832288587 0 4.96612050443 12.0569374894 -19.76493889 7.98693558334
6.88478451169 0 5.0051509624 12.0432569356 -19.802277229 7.94894934299
6.88576651077 0 5.02463728039 12.0327257956 -19.8257137773 7.92476222177
6.88634547525 0 5.03924344211 12.0296573029 -19.8394831306 7.91042654743
6.88647155431 0 5.04524877132 12.0256176803 -19.8424768811 7.90729729865
6.889888763 0 5.12244353789 11.9944515369 -19.922970628 7.82147448712
6.8961037626 0 5.25733864311 11.9338329825 -20.0661578498 7.66042324779
6.89692913022 0 5.27648647551 11.927490532 -20.0848613253 7.63855616966
6.89822177245 0 5.30544253696 11.9149758072 -20.114006327 7.60408452899
6.89826500042 0 5.30535360982 11.9147615338 -20.1149778736 7.60292700971
6.89854564927 0 5.31584517746 11.9113368597 -20.1212805508 7.59540460472
6.90225229459 0 5.392080358 11.8746827589 -20.2037265514 7.49484529982
6.90507900859 0 5.46063641649 11.846433482 -20.2656046928 7.4166546929
6.90535401617 0 5.4591784886 11.8447182153 -20.271578704 7.4089784603
6.90813932856 0 5.5276947553 11.8165265839 -20.3316238393 7.33054385113
6.90956768797 0 5.55526798122 11.8027382312 -20.3620907973 7.2898361616
6.91019726042 0 5.56955260875 11.7991657017 -20.3754495331 7.27178950052
6.91453744871 0 5.66461445613 11.7557929555 -20.4663754892 7.14565227098
6.91565158921 0 5.68892276936 11.7424661642 -20.4893873656 7.11278806313
6.91833585156 0 5.74585527915 11.7160261696 -20.5442764683 7.03280103301
6.91844889694 0 5.75031058189 11.7167755339 -20.5465709282 7.02940744276
6.92408687163 0 5.87372760415 11.660002041 -20.6592442904 6.85760776547
6.92740133452 0 5.94511112787 11.6242825977 -20.7238715784 6.75429170495
6.92750835783 0 5.95000024402 11.6254150599 -20.7259384822 6.75092722905
6.93305349735 0 6.067760894 11.5665323142 -20.8313258544 6.57418889146
6.93500157573 0 6.11626217448 11.5457544288 -20.8675558745 6.510979414
6.94015181735 0 6.22853449308 11.4936377958 -20.9613499204 6.34109406242
6.94159661805 0 6.25572832516 11.4792526308 -20.9871434333 6.29271770246
6.9437727685 0 6.30275379765 11.4547397722 -21.0255645525 6.2192637818
6.94385592909 0 6.30252743858 11.4542602862 -21.0270225703 6.21644275606
6.95210966954 0 6.47972691429 11.3672801629 -21.1679860587 5.93136668956
6.95253239247 0 6.48906015435 11.362737713 -21.1750059989 5.91649717179
6.95596542899 0 6.56348895473 11.3259764033 -21.2312963434 5.79477765794
6.95706902945 0 6.59275557589 11.3135583794 -21.2491193077 5.75528749348
6.95789582018 0 6.60474050987 11.3075800493 -21.2623850208 5.72558772189
6.96201879511 0 6.6932139082 11.2608591171 -21.3274276039 5.57602516115
6.96295041027 0 6.71150552989 11.2510948191 -21.3418684233 5.5418959347
6.96687206217 0 6.79449507417 11.208635754 -21.4016231215 5.39688826839
6.96987647051 0 6.85903970701 11.1757068402 -21.446271567 5.28434338199
6.97190889639 0 6.90517778245 11.1546046438 -21.4759198263 5.20750051916
6.9779452658 0 7.0336527426 11.0878672997 -21.5613353562 4.97594427929
6.9795688074 0 7.07113113974 11.0693356345 -21.5836351053 4.91282357323
6.98214153856 0 7.1199306622 11.0421284117 -21.6183881107 4.81207790325
6.98597117692 0 7.19614764963 10.9993255669 -21.6687944296 4.66048842703
6.98823370405 0 7.25350846682 10.9723413158 -21.6978300024 4.57002634755
6.99124207125 0 7.31108691093 10.9398141321 -21.7355821221 4.44871504705
6.99243392456 0 7.33395089515 10.92444508 -21.7502690693 4.40033189438
6.9930755487 0 7.35371255986 10.9164201208 -21.7581123399 4.37420999862
6.99370787479 0 7.36123969551 10.9098539691 -21.7657986062 4.34841528978
6.99855710114 0 7.45915458066 10.856658075 -21.8233147885 4.14891767022
7.00074740619 0 7.51072983619 10.831600078 -21.8484660913 4.05784277096
7.00456160956 0 7.58699936884 10.7855055883 -21.8910376687 3.89783120398
7.0064980365 0 7.63366899745 10.7623159351 -21.912055102 3.81591537447
7.00650927823 0 7.63362901112 10.7622385061 -21.9121759467 3.81543849468
7.00870927542 0 7.6773361586 10.7383251374 -21.9355654611 3.72182061516
7.01030745443 0 7.7081591494 10.7206538335 -21.9522328919 3.65344883913
7.0147406166 0 7.80407306735 10.6661625943 -21.9970427543 3.46221168117
7.01788818182 0 7.86536749691 10.6293282962 -22.027590168 3.32504002061
7.02153121686 0 7.93473388173 10.5888060591 -22.0616352783 3.16485666564
7.0226875752 0 7.96334951613 10.5726430875 -22.0721482488 3.11369748868
7.02284429006 0 7.96791599688 10.5732365845 -22.073562145 3.10675260343
7.02363385534 0 7.98085655983 10.5617628518 -22.0806462371 3.07172083547
7.02382363758 0 7.99153847003 10.5586748939 -22.082339182 3.06329010532
7.02431494971 0 7.99911086689 10.5545833407 -22.08670426 3.04144579666
7.02473919924 0 8.00804131966 10.5494841714 -22.0904530344 3.02256154477
7.02840893392 0 8.07859555004 10.5047642591 -22.1220884142 2.85838372491
7.02963195672 0 8.10550835824 10.4897276055 -22.1323169136 2.80334002054
7.03034900985 0 8.12468210404 10.4807255541 -22.1382407916 2.77099266618
7.03294085604 0 8.17786694476 10.4494688934 -22.1592033828 2.65360895638
7.03301191456 0 8.17648381138 10.4504330489 -22.1597681838 2.6503806189
7.04200978164 0 8.36339414581 10.3391528138 -22.2270268681 2.23731205536
7.0429748293 0 8.37950013864 10.3292941687 -22.2337402175 2.19251453039
7.04943464754 0 8.51142763788 10.2496347858 -22.2761953973 1.89025771041
7.05203155672 0 8.56511711811 10.2159783036 -22.2920496657 1.76759764179
7.05299331129 0 8.58136828253 10.2041693298 -22.2977453231 1.72200703257
7.05321601745 0 8.58517301841 10.2038013434 -22.2990506841 1.71143742544
7.05349480757 0 8.58983656765 10.1982587002 -22.3006776015 1.6981994554
7.05552083374 0 8.63388792399 10.1741810805 -22.312261437 1.60177626076
7.05756364173 0 8.67249800823 10.1496807838 -22.3235159439 1.50416622766
7.06609461452 0 8.8424837058 10.0404013314 -22.3659230095 1.09243898018
7.07234760836 0 8.97447258157 9.96010839039 -22.3923313533 0.786612107511
7.0748939328 0 9.01992918089 9.93038075098 -22.4019604521 0.66113494478
7.08260359116 0 9.16951436184 9.83112872499 -22.4271746456 0.278042259004
7.08283056228 0 9.18014532088 9.82727106514 -22.4278276097 0.266693667701
7.08453695708 0 9.21467478263 9.80503570569 -22.4325737983 0.181248111971
7.08460588718 0 9.21461079163 9.8026608602 -22.4327594859 0.177791893612
7.08693347328 0 9.25550273364 9.7749324685 -22.4387550928 0.0608759761572
7.09501786101 0 9.42033221976 9.6667196671 -22.4554578513 -0.348260133776
7.09528481011 0 9.42993530699 9.66423826802 -22.4559008072 -0.361848211819
7.09866032952 0 9.48650839122 9.62128672156 -22.4609067529 -0.534082717606
7.10002143762 0 9.51788944131 9.60317003121 -22.4626140626 -0.603747234565
7.10112960601 0 9.53963197142 9.58623809323 -22.463872414 -0.660555027755
7.10122749456 0 9.53917751015 9.58540150192 -22.4639778953 -0.665576885543
7.10157664166 0 9.5480897983 9.5803753949 -22.4643466302 -0.683493779336
7.10295421999 0 9.57328088727 9.56245412414 -22.4656873956 -0.754261879108
7.10948963517 0 9.69926059573 9.47718226916 -22.4695790537 -1.09160094589
7.11015483626 0 9.71828774997 9.46736921556 -22.4697475856 -1.12608081651
7.11338738332 0 9.7755617058 9.42482578111 -22.4699715494 -1.29400022362
7.11352028011 0 9.78767573234 9.42018563101 -22.4699596857 -1.30091647259
7.12033157032 0 9.91075898588 9.33098506219 -22.4671369098 -1.65668301231
7.12060981865 0 9.92129708182 9.3247214497 -22.4669296372 -1.67126869243
7.12356831822 0 9.98043020502 9.28591374362 -22.4642821853 -1.82659481229
7.12644083103 0 10.0345738416 9.24751176815 -22.4609387639 -1.97781907204
7.12709976104 0 10.0476912633 9.23616504352 -22.4600648817 -2.01256420952
7.12838805866 0 10.072968178 9.21845694154 -22.4582414097 -2.08055418934
7.12914786325 0 10.0911615996 9.20784777138 -22.4570948161 -2.12068873241
7.1323599282 0 10.1481721853 9.16419754088 -22.4516662758 -2.2906428572
7.13402662182 0 10.1820373129 9.14089543362 -22.4484803721 -2.37900640533
7.13779486573 0 10.258908742 9.08845017372 -22.4403531404 -2.57921312456
7.14035912822 0 10.30867172 9.05416074374 -22.4340939176 -2.71577385691
7.14157116726 0 10.3284990212 9.0388201289 -22.4309310919 -2.78040800525
7.14363981049 0 10.3655626466 9.00778838825 -22.4252312842 -2.89084578467
7.14444060628 0 10.3825741888 8.99629056497 -22.422922984 -2.93363829932
7.14827504194 0 10.4576296591 8.94407319967 -22.4110863438 -3.13884214289
7.14894542921 0 10.4701385915 8.93568710204 -22.4088842399 -3.17476790314
7.15089746052 0 10.5074141574 8.90730581891 -22.402248374 -3.27945601462
7.15337174947 0 10.5590058065 8.87033463578 -22.3933601767 -3.41231664648
7.15412018753 0 10.5634675314 8.86268076856 -22.3905669991 -3.45253969731
7.15653380369 0 10.6155434571 8.82588820087 -22.3812297684 -3.58235803264
7.16143587805 0 10.7059109192 8.75685811196 -22.3607268506 -3.84647501639
7.16163712937 0 10.7162565228 8.75321501276 -22.3598413079 -3.85733025806
7.16284234012 0 10.734876544 8.73865013796 -22.3544662233 -3.92235648138
7.16612867589 0 10.7971648826 8.68945762952 -22.3391855752 -4.09982251212
7.16835379825 0 10.8380925804 8.65781740753 -22.3283237345 -4.22009999514
7.17693835609 0 11.0030628481 8.53356939306 -22.28256366 -4.68486838626
7.18262511448 0 11.109373167 8.45113623799 -22.2489270758 -4.99323027441
7.18343187112 0 11.1260731775 8.43908331843 -22.2439435601 -5.03699764745
7.19005972205 0 11.2479897673 8.34260401872 -22.2010351814 -5.39668692652
7.19145700301 0 11.2766572481 8.32385950652 -22.1915454227 -5.47253197039
7.19210155852 0 11.289466263 8.3119726367 -22.1871162059 -5.50751914862
7.19498957198 0 11.3481761797 8.26900398311 -22.1668719816 -5.66428067529
7.19596962207 0 11.3629723611 8.25473368761 -22.159854645 -5.71747461985
7.20098187065 0 11.4557846817 8.18292788583 -22.122808146 -5.98946470111
7.20413204575 0 11.5186320421 8.13350734883 -22.0985424337 -6.16033000732
7.20426747882 0 11.5170116547 8.13180730588 -22.0974823438 -6.16767406059
7.20556355545 0 11.5413617137 8.11244775433 -22.0872674888 -6.23794700795
7.2065122314 0 11.5571130317 8.0986612302 -22.0797105567 -6.28937339041
7.2068904737 0 11.5655252456 8.09274728108 -22.0766787476 -6.3098747121
7.21808485252 0 11.7761005589 7.92410094859 -21.9821570616 -6.91573975515
7.21862762753 0 11.7835400057 7.91640912937 -21.9773414503 -6.94506271195
7.21946238842 0 11.7998443175 7.90362815999 -21.969893881 -6.99014854719
7.22002545274 0 11.8123175284 7.89743205822 -21.9648420604 -7.02055191982
7.22410426712 0 11.8888870018 7.83442566432 -21.9275709829 -7.24058731632
7.22578213943 0 11.922479409 7.8071465679 -21.9118967421 -7.33098931014
7.22734644227 0 11.9428508362 7.78598811727 -21.8971052301 -7.41520866949
7.23552672977 0 12.0968954096 7.65875317173 -21.8169921942 -7.85450763401
7.23758618267 0 12.1375408134 7.62657136111 -21.796102562 -7.9647790485
7.23792044791 0 12.146983558 7.621276063 -21.79268503 -7.98266354844
7.23844563565 0 12.1535814788 7.61330037453 -21.7873003389 -8.0107554215
7.24026503907 0 12.185057122 7.585649822 -21.7685033637 -8.10799939636
7.24047748468 0 12.1952081654 7.58164880888 -21.7662940976 -8.11934657519
7.24061888825 0 12.1935150383 7.57981362662 -21.7648219471 -8.12689834227
7.24169521136 0 12.2134179216 7.56589500703 -21.7535728202 -8.18435632699
7.24274766448 0 12.2334320121 7.54854497304 -21.7424989552 -8.24049858488
7.24471670781 0 12.269367774 7.51908490726 -21.7215847389 -8.34542246519
7.24891719833 0 12.3447143021 7.4515338756 -21.6761233429 -8.56873676034
7.25042600479 0 12.3781895103 7.42880866162 -21.659515411 -8.64877095126
7.25194174618 0 12.4004901259 7.40439091271 -21.6426844679 -8.72907320298
7.25429431104 0 12.4438659123 7.36989377193 -21.6162723203 -8.85350521575
7.25442950225 0 12.4486276431 7.3668324479 -21.6147439112 -8.86064804434
7.25643588326 0 12.4837433734 7.33628148945 -21.5919258253 -8.96655425415
7.25777491137 0 12.5134344713 7.31391425717 -21.5765574551 -9.03712726942
7.26413674192 0 12.622371337 7.21351662842 -21.5020316965 -9.3711942412
7.27170976401 0 12.7669598828 7.09306300603 -21.4101376002 -9.76601087444
7.27393937955 0 12.8049399018 7.05946208364 -21.3824397435 -9.88161683594
7.27525939975 0 12.8284849785 7.03857722155 -21.3659060559 -9.94991773141
7.27595178044 0 12.8397540313 7.02832888738 -21.3571937431 -9.98570004036
7.27904591871 0 12.9012235091 6.97625268063 -21.3179260392 -10.145235942
7.27946498183 0 12.9086152005 6.97099552628 -21.3125660476 -10.1667959332
7.28000747227 0 12.9152843126 6.96284414399 -21.3056127039 -10.1946890425
7.28616190117 0 13.0251012362 6.86297657028 -21.2255832315 -10.5097523523
7.28703214689 0 13.0407902017 6.84903059363 -21.2140991661 -10.5540928051
7.2876094327 0 13.0529087868 6.8421593036 -21.2064584584 -10.5834769883
7.28818557813 0 13.0661187841 6.83013764969 -21.1988148991 -10.6127795176
7.28834246546 0 13.0642840229 6.82803778547 -21.1967304205 -10.6207546413
7.29004281973 0 13.0958822177 6.80054611627 -21.1740539813 -10.7070758852
7.29261414035 0 13.1431162973 6.75900472484 -21.1394695923 -10.8372120213
7.2996385427 0 13.2678248095 6.6459085418 -21.0432313488 -11.1901673666
7.30143458082 0 13.2973540421 6.61883600986 -21.0182194106 -11.2797908338
7.30222161793 0 13.3148335046 6.60393315873 -21.0072079031 -11.3189823035
7.30232007495 0 13.3128651175 6.6045525874 -21.0058282019 -11.3238815373
7.30412243003 0 13.3497478768 6.57519139455 -20.9804861364 -11.4134262357
7.30639142565 0 13.3948084488 6.53568295027 -20.9483548074 -11.5257705115
7.30639365065 0 13.3947944253 6.5356571975 -20.9483231753 -11.5258804647
7.30817875998 0 13.4245629359 6.50830085221 -20.9228673112 -11.6139598717
7.31332592753 0 13.5195057327 6.42248774082 -20.8486124489 -11.8663793303
7.31757575644 0 13.5972639359 6.35394082785 -20.7863662495 -12.0730072744
7.3189182524 0 13.6208838173 6.33060157246 -20.7665307583 -12.1379345719
7.32261287619 0 13.6806987588 6.27058537792 -20.7115234981 -12.3157418671
7.32585131082 0 13.7450904374 6.21643606318 -20.6628116485 -12.4705156117
7.3260903586 0 13.742693508 6.21329778429 -20.6591978412 -12.4818997169
7.32864340325 0 13.7894994639 6.17089604823 -20.6204489904 -12.6031290398
7.3307605189 0 13.8285440815 6.13563051263 -20.5881063124 -12.7031624982
7.33088511992 0 13.8277413868 6.13415403663 -20.5861969391 -12.70903571
7.33427332833 0 13.8901541764 6.07761427204 -20.5340293378 -12.868131153
7.33471511953 0 13.8978333409 6.07032096271 -20.5271923616 -12.8887880069
7.34025703518 0 13.9986307649 5.9795318985 -20.4407608306 -13.1461564844
7.34210893077 0 14.0289776421 5.94741555346 -20.4116083968 -13.2314221109
7.34322067227 0 14.0542105912 5.928298439 -20.394043722 -13.2824287429
7.34639472452 0 14.1064008325 5.87561566315 -20.343637093 -13.4272990746
7.3479841407 0 14.1390227805 5.84866398274 -20.3182538096 -13.4994180764
7.34915633716 0 14.1567211436 5.83187478813 -20.2994738112 -13.5524219346
7.35122397455 0 14.1907039934 5.79503428623 -20.2662255934 -13.6455310408
7.3532893794 0 14.2298351841 5.75989637336 -20.2328597657 -13.7380446702
7.35864341218 0 14.3196968828 5.67233043541 -20.1456712401 -13.9755171931
7.36184194605 0 14.3850881903 5.61570505696 -20.0931188674 -14.1157374067
7.36853021842 0 14.4979641531 5.50319640494 -19.982153372 -14.4048506196
7.36948689227 0 14.5113318863 5.48916607011 -19.9661659484 -14.4457432519
7.37096225801 0 14.5458801758 5.46150230087 -19.9414554917 -14.5085772361
7.37351240829 0 14.5921183322 5.41798606941 -19.8985891134 -14.6165216303
7.37449478615 0 14.6055352055 5.40332930062 -19.8820245296 -14.6578782468
7.37578368878 0 14.6285447353 5.38136777708 -19.8602486942 -14.7119468419
7.37817929689 0 14.6706232887 5.3415980528 -19.8196484227 -14.8118569363
7.38431777671 0 14.7826744431 5.23531474639 -19.7148871279 -15.0643445468
7.39272638736 0 14.9259613254 5.09041674327 -19.569784509 -15.4017684571
7.39327517605 0 14.9327925991 5.08154771798 -19.5602537281 -15.4234436377
7.39774042614 0 15.0187824693 5.00526297299 -19.4824443194 -15.5981945858
7.40199900997 0 15.0830880056 4.93361436366 -19.4078186353 -15.7621504507
7.40225958236 0 15.0932040302 4.92655817452 -19.4032397476 -15.7720956442
7.40518726006 0 15.1479183509 4.87591368203 -19.3516958645 -15.8831400092
7.41013754331 0 15.229222145 4.79098212988 -19.2641505112 -16.0679630201
7.41188259526 0 15.2594521102 4.7608613097 -19.2331773768 -16.132225053
7.41577619062 0 15.3276489511 4.69342153168 -19.1638701591 -16.273911091
7.41891270841 0 15.3850633557 4.64124429382 -19.1078482615 -16.3863247986
7.42161554137 0 15.435969162 4.59137006663 -19.0594432185 -16.481947506
7.42498141557 0 15.4908714348 4.53583872143 -18.9990054767 -16.5993953953
7.42597301612 0 15.5113595247 4.51573800259 -18.9811682421 -16.6336478957
7.42669605233 0 15.5147032831 4.50595741992 -18.968153143 -16.6585230052
7.42998959695 0 15.5776315165 4.44603614449 -18.9087756312 -16.7707549225
7.43328239619 0 15.63946565 4.38962150438 -18.8492688242 -16.8811794595
7.437517718 0 15.7033355316 4.31719871823 -18.772535511 -17.0205607558
7.43782362257 0 15.7131014606 4.30949939238 -18.7669853834 -17.0305113791
7.43864543776 0 15.7284767983 4.29492600382 -18.7520698767 -17.0571656719
7.43966310981 0 15.7424920488 4.27784651371 -18.7335896781 -17.0900140876
7.44015025271 0 15.7548041828 4.27129993479 -18.7247396774 -17.10567599
7.44161915587 0 15.7813518199 4.24444732941 -18.6980392658 -17.1526578763
7.44408331203 0 15.8218777838 4.20226091714 -18.653200741 -17.2306450831
7.45049373922 0 15.9305562731 4.08811838121 -18.5363048075 -17.4286203705
7.45434317836 0 15.9985065596 4.02029237905 -18.4659593343 -17.5440554074
7.45816730424 0 16.0665842049 3.95271350384 -18.3959844169 -17.6561348507
7.45818182286 0 16.0664826339 3.95252652415 -18.3957185965 -17.6565554034
7.45902353194 0 16.0816610466 3.9376029489 -18.3803059504 -17.6808722285
7.46312419493 0 16.1528963062 3.86808279028 -18.3051709483 -17.7975179041
7.46701809375 0 16.2203743831 3.79943404472 -18.233764613 -17.9054620686
7.46763431756 0 16.2317138288 3.7874756178 -18.2224600637 -17.9222909907
7.46818432411 0 16.2386267794 3.77651991167 -18.2123694339 -17.9372527458
7.46876552442 0 16.2502310256 3.76868312923 -18.2017057158 -17.9530027141
7.46930718259 0 16.2631987177 3.7561970001 -18.1917668176 -17.9676252245
7.47168286344 0 16.2982918462 3.71493775619 -18.1481686519 -18.0311198062
7.47450897024 0 16.352988175 3.66437304363 -18.0962938934 -18.1052913302
7.47527355694 0 16.3619911261 3.65345677876 -18.0822582789 -18.1251025049
7.47572855839 0 16.3693170761 3.64551908148 -18.0739056197 -18.136840219
7.47733117868 0 16.3954268632 3.61522866547 -18.0444852115 -18.1778745965
7.47837468311 0 16.4205274845 3.59589020726 -18.0253289243 -18.204334056
7.48048117717 0 16.4516448452 3.56142374177 -17.9866601863 -18.2571223423
7.48628256342 0 16.5531156856 3.45793539124 -17.8801938127 -18.3981552402
7.48720393755 0 16.5679007548 3.4400660424 -17.8632912656 -18.4199630307
7.49306215669 0 16.6680093514 3.33862872598 -17.7558860754 -18.554795847
7.49494314446 0 16.702350568 3.30437008812 -17.7214287253 -18.5966785219
7.49683373192 0 16.7312893475 3.26975482156 -17.6868127091 -18.6380796577
7.49975063074 0 16.7842705612 3.21742080313 -17.6334432214 -18.7005820536
7.50127317195 0 16.7759806577 3.19926051579 -17.6056059825 -18.7325418092
7.50243333306 0 16.7540700153 3.18442156144 -17.5844043376 -18.7565876104
7.50391924269 0 16.7318723562 3.16904002168 -17.5572631372 -18.7869958359
7.5094283276 0 16.6565673525 3.10185978035 -17.4567809213 -18.895902687
7.51173541276 0 16.6230949817 3.07531892083 -17.4147763392 -18.9397066807
7.52047566952 0 16.4999093539 2.97343373547 -17.2561157021 -19.0959035173
7.52601199721 0 16.4220358633 2.90806744105 -17.1560569818 -19.1867870128
7.52826578368 0 16.3915364227 2.87978279663 -17.1154342967 -19.2219797573
7.52906754795 0 16.3798221759 2.8703729923 -17.1009994057 -19.2342463063
7.5318477612 0 16.3411082851 2.83690148895 -17.05101322 -19.2757508427
7.53555529659 0 16.2879273226 2.7950395138 -16.9845271914 -19.3285996763
7.53592246511 0 16.2901446864 2.79012600776 -16.9779540415 -19.3336775115
7.53922824127 0 16.2373564624 2.74943709393 -16.9188674041 -19.3781256281
7.54128109613 0 16.2074257723 2.72705459834 -16.8822631283 -19.4045741476
7.54160836626 0 16.2026243702 2.72331832894 -16.8764340101 -19.4087087555
7.54934914799 0 16.1009750982 2.63096516358 -16.7390993432 -19.4999116678
7.5542166101 0 16.0257474924 2.57226313115 -16.6533034233 -19.5507508407
7.55457069767 0 16.0270399121 2.56864410826 -16.6470799765 -19.5542521002
7.55901889133 0 15.958212373 2.51526251849 -16.5691127296 -19.5959515943
7.56363758441 0 15.8992330939 2.4615244122 -16.4885921985 -19.634756212
7.56455777373 0 15.8861661087 2.45017594255 -16.4726048823 -19.6419386934
7.5669750929 0 15.8460309571 2.4203953328 -16.4306958719 -19.6599363945
7.57624419378 0 15.720833194 2.31166043381 -16.271248409 -19.7172176054
7.5768241938 0 15.7056930268 2.30560892209 -16.2613397753 -19.7201812618
7.58234604605 0 15.6273003749 2.24035364488 -16.1674284963 -19.7447221561
7.58801320409 0 15.5478328663 2.17173499017 -16.0718692008 -19.7629759796
7.58813791429 0 15.5460583858 2.16978222249 -16.0697760119 -19.763298515
7.59210526915 0 15.4902951011 2.12277020255 -16.003409076 -19.7717769236
7.59583210749 0 15.437131438 2.07925643887 -15.9414668983 -19.7765892209
7.59633562577 0 15.4293654195 2.07470456054 -15.933128549 -19.7770049427
7.59709373051 0 15.4184045132 2.06589441718 -15.9205880219 -19.7775255112
7.60589459951 0 15.2939168006 1.96184032144 -15.7762483425 -19.7742906001
7.61506200767 0 15.1644377332 1.85197736311 -15.6284342104 -19.752718894
7.61568722972 0 15.1615937445 1.8457286879 -15.6184511831 -19.7505701491
7.61871764469 0 15.1185130349 1.81010613107 -15.5702457838 -19.7389285635
7.61895308587 0 15.1090871756 1.80624176068 -15.5665132836 -19.7379389388
7.62101130766 0 15.07884569 1.78400836642 -15.5339626477 -19.7287647465
7.62392466625 0 15.044546083 1.74895831818 -15.4881321583 -19.7141744391
7.62712209526 0 14.9922670691 1.71226440282 -15.4381670065 -19.6959969568
7.63255017015 0 14.9220214946 1.64833258799 -15.3541609727 -19.6599521507
7.63702408533 0 14.8520582935 1.59501798389 -15.285711408 -19.6253385073
7.6424434553 0 14.7755576333 1.53120533697 -15.2037758496 -19.5774791064
7.64716871465 0 14.7079876545 1.47625612343 -15.1332294996 -19.530453251
7.64773272643 0 14.7060072752 1.47125036181 -15.1248655795 -19.5245109589
7.64915281625 0 14.6793390334 1.45374598042 -15.1038605209 -19.5092385243
7.65282109495 0 14.6276036548 1.41058938191 -15.0499617406 -19.4677310321
7.6545352235 0 14.603049554 1.39074127392 -15.024955297 -19.4473195898
7.65532441157 0 14.5912728999 1.3816961089 -15.0134810548 -19.4377048491
7.66164376812 0 14.5002633735 1.31064907892 -14.9224936746 -19.3557826574
7.66356117934 0 14.4739024803 1.28647046243 -14.8952034202 -19.3291945244
7.66703316127 0 14.4244388471 1.24644755264 -14.8461681168 -19.2790031588
7.66724135175 0 14.4276209486 1.24513512011 -14.8432435131 -19.2759098408
7.66820912253 0 14.4076831995 1.23338748218 -14.8296719765 -19.2614064087
7.66989745543 0 14.3827273397 1.21552104697 -14.8060883216 -19.2356153262
7.67063790955 0 14.3726338878 1.2065596347 -14.7957825234 -19.2241081583
7.67119104129 0 14.3642357017 1.2006630257 -14.7880988127 -19.2154342083
7.67184160066 0 14.3561569651 1.19110049812 -14.7790780424 -19.2051472309
7.67701765685 0 14.2821640236 1.13177954094 -14.7079394317 -19.120024437
7.68058496272 0 14.2319623785 1.09085311638 -14.6595728002 -19.0579787892
7.68086779419 0 14.2268941853 1.08781406263 -14.6557613988 -19.0529418629
7.68172886732 0 14.2143261796 1.07979381329 -14.6441788729 -19.0375007795
7.68525242793 0 14.1646823329 1.03773536643 -14.5971163665 -18.972650287
7.69286471544 0 14.0550411053 0.953296266793 -14.497295368 -18.8234504277
7.6941372656 0 14.0366876093 0.938915643093 -14.4808581439 -18.7973006149
7.69457835628 0 14.0304442809 0.933911988991 -14.4751775255 -18.7881561051
7.70188122943 0 13.9335826418 0.850893544958 -14.3823966996 -18.6307566973
7.71030293666 0 13.8062391497 0.756759099181 -14.2784131163 -18.4352918942
7.71105040498 0 13.7952814154 0.748558358388 -14.2693418641 -18.4172268098
7.7143763501 0 13.7494951359 0.709230135408 -14.2292930018 -18.3354362307
7.71666401456 0 13.722371615 0.684936629208 -14.202046023 -18.2778484862
7.72911905957 0 13.5389580253 0.545812291708 -14.0580342444 -17.9454814758
7.72973186147 0 13.5293240427 0.539707054911 -14.0511393767 -17.9283145129
7.73005086744 0 13.5312478438 0.537189728949 -14.0475572492 -17.9193479396
7.73373752378 0 13.4719553974 0.495243435703 -14.0065147542 -17.8142390732
7.73646218158 0 13.4338811438 0.465241166864 -13.9766033645 -17.7348085668
7.74077153888 0 13.3721426002 0.418227431223 -13.9300301669 -17.606167247
7.74137709731 0 13.361989547 0.413778450053 -13.923558047 -17.5877960707
7.75416580828 0 13.1804809265 0.27332544533 -13.7910732962 -17.1830981344
7.75911144021 0 13.1157603308 0.221431708758 -13.7420035802 -17.0181538896
7.7608681044 0 13.0834145915 0.203654643163 -13.7248666843 -16.9584514529
7.76097981022 0 13.0820494816 0.202312280776 -13.7237821474 -16.9546353396
7.76364737159 0 13.0446394159 0.172001097856 -13.6980678775 -16.8628103807
7.76456155099 0 13.0319025673 0.162220390137 -13.689337201 -16.8310356952
7.76665281417 0 13.0012587871 0.141923613663 -13.6695220076 -16.7577639119
7.76849543414 0 12.9759236066 0.120463621483 -13.6522440036 -16.6925327796
7.77145333796 0 12.933141195 0.0893185397348 -13.6248636907 -16.5865130278
7.77616176392 0 12.8652221752 0.0416905110625 -13.5821849172 -16.4144595618
7.77824819147 0 12.8359683114 0.0184562869782 -13.5636290706 -16.3369384375
7.77841056354 0 12.8338993956 0.0162330008189 -13.5621941838 -16.330872783
7.78328193084 0 12.7650197558 -0.0346882450384 -13.5197631515 -16.1467139539
7.78897620073 0 12.6892442271 -0.0920242967907 -13.4716808434 -15.9261548591
7.7929503636 0 12.6251442854 -0.13237802324 -13.4390926198 -15.7688968743
7.79323467781 0 12.6227426504 -0.13747212277 -13.4367918008 -15.7575429747
7.79340255885 0 12.619386129 -0.138538258912 -13.4354351364 -15.750832297
7.79414271542 0 12.6087055852 -0.14508386195 -13.4294708215 -15.7211890522
7.79424585072 0 12.6066081003 -0.145660937155 -13.4286419345 -15.7170511064
7.79526642731 0 12.5925508729 -0.156317841919 -13.4204686286 -15.6760069099
7.79533280367 0 12.5923022433 -0.158887108266 -13.4199388739 -15.6733313736
7.80011512393 0 12.5241027869 -0.207692638583 -13.3823562451 -15.4786164349
7.80702441544 0 12.4252635496 -0.277581784624 -13.3300971635 -15.1906200071
7.81816157587 0 12.2662203775 -0.388358163577 -13.2509235718 -14.7102732027
7.81886508826 0 12.255817814 -0.394233276419 -13.2461316995 -14.6792799789
7.81980828151 0 12.2415464631 -0.403047972555 -13.2397462309 -14.6376085873
7.8281165523 0 12.1240458902 -0.486229365171 -13.1854226605 -14.2647390802
7.83682994775 0 11.9989261089 -0.569223803437 -13.1321461678 -13.8628176089
7.83786265385 0 11.9855763103 -0.581166866832 -13.1260813965 -13.8144669221
7.84650066456 0 11.8621673452 -0.663482993768 -13.077411009 -13.4042998756
7.84859211514 0 11.8318252668 -0.683143117297 -13.0661771993 -13.3034817922
7.84929744042 0 11.8209516281 -0.687770293504 -13.062436837 -13.2693521238
7.85296953009 0 11.7697107503 -0.724313361939 -13.0433548697 -13.0906232112
7.8537146223 0 11.7580094498 -0.729319270641 -13.0395629248 -13.0541468512
7.85857508879 0 11.6896088289 -0.776456174518 -13.0154855116 -12.8144877447
7.8655143963 0 11.5907539022 -0.840311154173 -12.9830765531 -12.4673209981
7.86955280731 0 11.5328153272 -0.875503750856 -12.9652710554 -12.2626725883
7.87059842771 0 11.5183873422 -0.886089171813 -12.9607865064 -12.2093813676
7.87759937259 0 11.4180300814 -0.947616362476 -12.9320811771 -11.8494488976
7.88166987202 0 11.360135232 -0.984065522299 -12.9164392741 -11.6377599513
7.88458417348 0 11.3191807233 -1.01138558693 -12.9057089345 -11.4851509153
7.89164640071 0 11.2182061463 -1.07146357254 -12.8813103409 -11.1118535816
7.89279327848 0 11.2021872192 -1.08294907301 -12.8775605268 -11.0507827221
7.89458275319 0 11.1771132512 -1.09845914282 -12.8718272309 -10.9552514679
7.89595406 0 11.1580945946 -1.11033969485 -12.867530293 -10.8818471878
7.90075309565 0 11.0887089323 -1.1496029453 -12.8531478043 -10.6236527956
7.90726021532 0 10.996238803 -1.20446144445 -12.8352543122 -10.2704602806
7.90859485436 0 10.9840110297 -1.21568906294 -12.8318101648 -10.1975992022
7.91938605904 0 10.8238864753 -1.3044340448 -12.8067310713 -9.60363544708
7.92098545381 0 10.8016017531 -1.31898499636 -12.8034268319 -9.51491380519
7.9242729319 0 10.7545522053 -1.34492887988 -12.7969635629 -9.33203508961
7.92481480672 0 10.7464960882 -1.34792537459 -12.7959403566 -9.30182651605
7.92707197316 0 10.7153162997 -1.3678811743 -12.7918055082 -9.17580308318
7.92945513115 0 10.6802918727 -1.38471924226 -12.7876611629 -9.04242191618
7.94041165429 0 10.5251560769 -1.47037995757 -12.7714708618 -8.42532886313
7.94113678833 0 10.5144370055 -1.47576052516 -12.7705619718 -8.38428422522
7.94634085842 0 10.440682063 -1.51540339028 -12.7646165697 -8.08907005281
7.94937952263 0 10.3976507782 -1.53828542855 -12.761607092 -7.91620762656
7.95488643031 0 10.3214414453 -1.58143534478 -12.7570015559 -7.60213618487
7.9569395681 0 10.2915816621 -1.59638650364 -12.7555592125 -7.4848084959
7.95943952846 0 10.255248435 -1.61270938401 -12.7540008117 -7.34179743991
7.95972220725 0 10.2585852453 -1.61521218401 -12.7538381473 -7.3256170845
7.96576664187 0 10.166362806 -1.6586755384 -12.7510076522 -6.97923254996
7.96795352167 0 10.142061099 -1.67428410913 -12.7502833545 -6.85374856975
7.97050668197 0 10.0991120015 -1.69220302141 -12.7496348836 -6.70716304857
7.98105141453 0 9.95024612703 -1.76610009179 -12.7491332365 -6.10119500269
7.9839906681 0 9.91533204138 -1.78497695501 -12.749595419 -5.9322480379
7.98422709915 0 9.90548471604 -1.78803191874 -12.7496436281 -5.91865934837
7.98738199302 0 9.86175091569 -1.80924640929 -12.7504416139 -5.7373654304
7.99024715265 0 9.81988919244 -1.82615057806 -12.7514116612 -5.57279218578
7.99233228899 0 9.79099627889 -1.84118434658 -12.7522612826 -5.45308212363
7.99310743691 0 9.78625749494 -1.84563670012 -12.7526075031 -5.40859517793
7.99311212621 0 9.78622347939 -1.84567317358 -12.7526096473 -5.40832607865
8.00758668596 0 9.58363359264 -1.94044030636 -12.7619511384 -4.57988021139
8.01346429999 0 9.51455335653 -1.97973735407 -12.7672011149 -4.24521290876
8.01414104094 0 9.49903743926 -1.98550138912 -12.7678557893 -4.20676288521
8.02137655041 0 9.40521545856 -2.03156548731 -12.7754700539 -3.79690035337
8.02308094201 0 9.38293410688 -2.04230430782 -12.7774210073 -3.70071162593
8.02349108137 0 9.37690775075 -2.04337022318 -12.7778990844 -3.67758712504
8.03736673317 0 9.19766897719 -2.12962713482 -12.7959006554 -2.90094168452
8.03749185435 0 9.19566224275 -2.12897709355 -12.7960780042 -2.89399395181
8.03767321528 0 9.19325224965 -2.13024076979 -12.7963355093 -2.88392526177
8.0394581333 0 9.17741785169 -2.14107471613 -12.7988973342 -2.78495433375
8.04956503225 0 9.04017609589 -2.20014429689 -12.814278376 -2.22906136685
8.05407197143 0 8.98204738529 -2.22565902406 -12.8215660615 -1.98387632066
8.05689959434 0 8.94518703854 -2.24064021172 -12.8262561394 -1.83097597004
8.05705962895 0 8.94317841561 -2.2419483424 -12.8265241269 -1.82234441727
8.07593673657 0 8.69938053379 -2.33918827656 -12.8596611204 -0.822492924127
8.07804587482 0 8.67870662731 -2.34899199896 -12.8635047764 -0.713231727393
8.08398253686 0 8.59631292377 -2.37844369844 -12.8744107727 -0.40861052114
8.08710281851 0 8.56229251452 -2.39157204596 -12.8801781393 -0.25029795651
8.08770585527 0 8.54713898919 -2.39384434968 -12.8812944301 -0.21984914346
8.09051420554 0 8.51246287175 -2.4086370602 -12.8864968503 -0.0786902216319
8.09659469335 0 8.4343869765 -2.43568624765 -12.8977554037 0.223210106019
8.10107991908 0 8.37602308903 -2.45444838467 -12.9060216825 0.44249927471
8.10335073389 0 8.34636607637 -2.46259675541 -12.9101837639 0.552378177541
8.12326719319 0 8.09104859992 -2.54024122855 -12.9453816187 1.48060185596
8.12744234604 0 8.04467758494 -2.55599375514 -12.9523162859 1.66654639818
8.12827902028 0 8.03424205773 -2.55852204174 -12.9536815921 1.70342600563
8.13633128469 0 7.92469945 -2.58695666877 -12.9663527111 2.05163306189
8.15911590583 0 7.63364849637 -2.6515233276 -12.996327816 2.96619326671
8.1610042856 0 7.61024443245 -2.65829140202 -12.9983338292 3.03698265515
8.17280564526 0 7.46099623666 -2.686230983 -13.0088656896 3.46078971014
8.17539509969 0 7.42810437419 -2.69178864662 -13.0106782449 3.54936967074
8.17963417048 0 7.37385069309 -2.70040091058 -13.013226283 3.69084295584
8.18859467046 0 7.25995430716 -2.71508426206 -13.0167877374 3.97506086852
8.19348386201 0 7.19834486918 -2.72323676428 -13.0176129414 4.12140800108
8.20458671653 0 7.06527768739 -2.73974918189 -13.0162884419 4.42997449621
8.20778943607 0 7.01797325475 -2.74269080244 -13.0150279789 4.51267792839
8.22620898517 0 6.79365795605 -2.75913147528 -12.9993551127 4.93102824022
8.23740212643 0 6.64742792591 -2.76524401008 -12.982162834 5.13554737667
8.24368028622 0 6.56855400838 -2.76570727722 -12.9697445479 5.23310128921
8.24402611998 0 6.5705636734 -2.76517878602 -12.9690000668 5.23810951204
8.24490301032 0 6.55227037829 -2.76419842531 -12.9670836121 5.25063578885
8.24809514455 0 6.51281584256 -2.76422866336 -12.9597553067 5.2941356167
8.25216585477 0 6.46329183725 -2.76558567649 -12.9495947208 5.34478824577
8.25755551743 0 6.39563556756 -2.76353634375 -12.9346973682 5.40343200368
8.25769876645 0 6.39381519313 -2.76391000884 -12.9342785095 5.40485850079
8.25824675196 0 6.38630725715 -2.76203321817 -12.9326651192 5.41025188713
8.26790208093 0 6.2667485494 -2.75802848 -12.9012939809 5.48858969769
8.29514675429 0 5.93641827437 -2.72734754028 -12.7805231681 5.53343585275
8.30368137353 0 5.82548291675 -2.71421721682 -12.7320921227 5.49191928737
8.30503420789 0 5.80782202137 -2.71005267626 -12.7239227497 5.48283577906
8.30578377156 0 5.7992944659 -2.71033607605 -12.7193373922 5.4775058533
8.30672456258 0 5.78817382751 -2.70863315821 -12.7135224583 5.47051579958
8.3164582072 0 5.66841573015 -2.6883345059 -12.6493892257 5.37842176577
8.31890220931 0 5.63790846895 -2.68167724696 -12.6321273682 5.34958634758
8.32183450188 0 5.60284335911 -2.67659484505 -12.6107900027 5.31193616979
8.32309337685 0 5.58723314514 -2.67358013836 -12.601417928 5.29474639098
8.33271657413 0 5.47044432458 -2.64922736197 -12.5254974601 5.14281809857
8.33723804313 0 5.4149086941 -2.63626389569 -12.4871618452 5.05879470424
8.3411113059 0 5.36714762741 -2.62357508495 -12.4529371202 4.98033134896
8.35109652382 0 5.24629301131 -2.5926576088 -12.3586826335 4.75021091534
8.3779342772 0 4.92321421646 -2.49436550429 -12.0603645533 3.92954497555
8.38032437973 0 4.89561512792 -2.48653141559 -12.0304885021 3.8419750053
8.38196183895 0 4.87524400018 -2.47782759018 -12.0096989182 3.78060154018
8.38321391557 0 4.86111619898 -2.47400409644 -11.9936250479 3.73291497268
8.39185483505 0 4.75794200169 -2.43629060216 -11.8784661499 3.38587242605
8.39220787089 0 4.76011023042 -2.43416217112 -11.8736027531 3.37102569652
8.39640902818 0 4.70420158308 -2.41600136821 -11.814762877 3.19031473996
8.39855748072 0 4.67858779383 -2.40596976358 -11.7839806946 3.09502113631
8.39929399893 0 4.66885447351 -2.40059949155 -11.7733198094 3.06190437111
8.40631490893 0 4.61251484218 -2.39396961647 -11.6688962032 2.73469839773
8.40760764671 0 4.60258339286 -2.39281487623 -11.6491131828 2.6721761089
8.4145358577 0 4.54956325702 -2.38566332015 -11.5401114921 2.32502896659
8.42127545145 0 4.49822259296 -2.37613779074 -11.4292119482 1.96780183774
8.43930966614 0 4.36228759487 -2.34812219384 -11.1083882936 0.917233438151
8.44185529943 0 4.34314324509 -2.34344291424 -11.06023508 0.757860335478
8.44702552049 0 4.30450913233 -2.33309195689 -10.9602224695 0.42576294496
8.45253241674 0 4.26424683216 -2.32120305344 -10.8504155157 0.0596779664265
8.468534002 0 4.14635451501 -2.28150991509 -10.5119161929 -1.07596226707
8.47051910411 0 4.13139171025 -2.275553844 -10.4678893237 -1.22425238042
8.49148173479 0 3.97966632853 -2.21027576826 -9.97523256887 -2.88847593197
8.49904602128 0 3.92573640501 -2.18519978099 -9.78492858648 -3.53243758275
8.52347184461 0 3.76023111208 -2.08773717019 -9.12469485938 -5.76403127112
8.52449750573 0 3.74792121841 -2.08545221533 -9.09544088754 -5.86269498949
8.53187809546 0 3.69599598729 -2.05171573678 -8.88129662977 -6.58411723029
8.53568510486 0 3.67032553742 -2.03483790004 -8.76834560071 -6.96399826184
8.54787178523 0 3.58836355757 -1.97863259121 -8.39540488589 -8.21467633015
8.55159205849 0 3.56293195692 -1.95979296757 -8.27811585269 -8.60674956416
8.56668345395 0 3.46270145386 -1.88208629056 -7.78595628681 -10.2445217347
8.581549828 0 3.37190009051 -1.79781117064 -7.27575167112 -11.9283993663
8.58897088444 0 3.31846304843 -1.75561463857 -7.01179456088 -12.7935014439
8.6045532096 0 3.22784267913 -1.66189035135 -6.43789179919 -14.6591709119
8.61452633513 0 3.16639107173 -1.59823922593 -6.056918655 -15.8855296227
8.61476126691 0 3.15763849815 -1.59674078513 -6.04781836555 -15.9147011752
8.61730243171 0 3.14205062964 -1.58034598291 -5.94901792133 -16.2310387278
8.6181511417 0 3.13661812131 -1.57302714914 -5.91587125245 -16.337013251
8.61837589094 0 3.14149152359 -1.5711228229 -5.90708115269 -16.3651033976
8.62454966683 0 3.09890401117 -1.53231938437 -5.66359810683 -17.1410022215
8.63124241929 0 3.05837797257 -1.48655734402 -5.39529759284 -17.991016812
8.63587024815 0 3.03055082053 -1.45321196607 -5.20717966321 -18.5838330237
8.68427984005 0 2.76670584548 -1.09353710571 -3.12192142593 -24.9683357141
8.6924781453 0 2.72209097309 -1.02589685524 -2.74965133386 -26.0696682869
8.69314928705 0 2.71264546986 -1.02260509142 -2.71895911359 -26.1599166853
8.7043591391 0 2.65474627364 -0.929156444607 -2.20171573635 -27.667883339
8.70952537052 0 2.62982738657 -0.887700261616 -1.96055428848 -28.3624316427
8.71750379275 0 2.58984897032 -0.820063871438 -1.58493047803 -29.4330960306
8.77248256196 0 2.3430410832 -0.329703787095 1.08166642618 -36.6035480811
8.78482983887 0 2.30133727616 -0.213900014263 1.69131937299 -38.1233113503
8.79055990344 0 2.27274347533 -0.159759586488 1.97451951336 -38.8120352478
8.79975278579 0 2.23801004157 -0.0719110093094 2.42865000224 -39.8922645307
8.80306351072 0 2.22614835391 -0.0387516048851 2.59201520469 -40.2732705781
8.80448013957 0 2.22076548141 -0.0247126445511 2.66187248223 -40.4349292186
8.80974082267 0 2.20271115121 0.0245960979111 2.92099364037 -41.0277910909
8.8220000553 0 2.16057545761 0.146402231726 3.52233895842 -42.3605323546
8.82221152843 0 2.1606404154 0.147801499576 3.53267346717 -42.3828852514
8.82575122803 0 2.14967883855 0.181027603332 3.7054227912 -42.7536548118
8.8512049328 0 2.07573076973 0.433924843873 4.93076065147 -45.214052915
8.85928030069 0 2.0528507071 0.517386064131 5.31140930043 -45.9106038499
8.86315963313 0 2.04447866434 0.554659625061 5.49254207548 -46.2293197812
8.90327632266 0 1.96164143981 0.963574510777 7.28077530693 -48.8369588476
8.91717964312 0 1.94136585048 1.10400190504 7.85490782268 -49.4073124508
8.92813410297 0 1.92836164641 1.21639766515 8.28668443572 -49.7188773102
8.93051540875 0 1.92636119708 1.24033571766 8.37793850715 -49.7696844826
8.94343804985 0 1.9143077316 1.37350220916 8.85564997173 -49.9348587061
8.95124871677 0 1.90934850374 1.45309998734 9.12913101921 -49.9404210239
8.95237346046 0 1.90887529866 1.46357526029 9.16751061691 -49.9351497118
8.962447395 0 1.91067722384 1.56771685528 9.49946929971 -49.8175916513
8.96300399239 0 1.90525866255 1.5711648125 9.51717396384 -49.8073359185
8.96453251156 0 1.90439114403 1.58707912615 9.56544137807 -49.7771065049
8.97790399736 0 1.90347739499 1.72185964844 9.96482067026 -49.3803858778
8.99285194124 0 1.90780021776 1.87265828353 10.359358542 -48.6427888921
9.01829157671 0 1.92873596088 2.12282994753 10.8898487893 -46.6162146712
9.01931477335 0 1.93034522311 2.13221730492 10.9071618582 -46.5132087665
9.03126291502 0 1.94590022211 2.24843362106 11.0846379749 -45.1811240023
9.04750654205 0 1.97447480475 2.40283368973 11.2491724816 -42.9742837024
9.05327055626 0 1.98555858976 2.45711124838 11.2850718048 -42.0770659509
9.05781063406 0 2.00279719333 2.49952806749 11.3047003985 -41.3269948539
9.07179994417 0 2.03041772551 2.62819014182 11.3154540812 -38.7690527757
9.11301847394 0 2.16399377045 2.99115754675 10.8714085625 -28.9295712826
9.16238415598 0 2.39447848867 3.38036724768 9.27113965346 -12.1735801752
9.19200072423 0 2.57129940967 3.58504846377 7.67436511963 0.724129858498
9.24439981064 0 2.83887565068 4.19533330586 3.53662840018 29.1695996546
9.26519543357 0 2.9631892058 4.43523507749 1.39521914937 42.5313377459
9.29362666141 0 3.15811755787 4.73931671817 -2.0169151685 62.7462642159
9.31013140547 0 3.28459404811 4.90113595157 -4.26084207605 75.5156912503
9.31440289853 0 3.31861173953 4.94151768725 -4.8734946445 78.9437574367
9.36032996494 0 3.72906062845 5.32335759603 -12.2968262046 118.949273184
9.37328741115 0 3.86555836455 5.41371532473 -14.6676214756 131.24860565
9.42646531057 0 4.45033683113 5.70378096053 -25.6352773033 185.999461877
9.43037753694 0 4.49781182818 5.71927986364 -26.5177641656 190.276255971
9.46543958503 0 4.94537969807 5.82129769428 -34.8519731076 229.888118735
9.47390028938 0 5.05937762078 5.83651796348 -36.9704926124 239.750461588
9.53497468774 0 5.9461736183 5.80949483098 -53.2568778585 313.111993906
9.53674003014 0 5.97350621997 5.80505158636 -53.7480039266 315.260264978
9.6735817772 0 8.2811220767 4.77524380654 -91.2150710197 466.852494688
9.76812303334 0 9.92997137267 3.1336303088 -107.463248416 513.919340023
9.80923185357 0 10.6114779253 2.13027590141 -108.183217122 502.765649704
9.97002895022 0 12.3376269135 -3.87839199092 -32.8705034113 103.369723765
