3.50845818264 0 6.07657087821 -1.80271718398 0.0456923180349 -15.262385635
4.11766386006 0 -4.30195329838 1.03964754397 12.5712208987 7.76791059585
4.13860024073 0 -4.61755607024 1.17432337733 12.73353413 8.24362798889
4.20101805417 0 -5.55632206475 1.58133792982 13.1302675847 9.56024077663
4.35885421251 0 -7.73111853899 2.68830157251 13.5914511957 12.2591924324
4.49119638692 0 -9.30634014266 3.69171788439 13.4426832745 13.9015576977
4.53480244734 0 -9.75948101868 4.03749508695 13.2982636346 14.3324013778
4.62946790082 0 -10.6498075632 4.80034488518 12.8373982844 15.0975373692
4.65809480609 0 -10.8876620385 5.03567209904 12.6607980208 15.2859077796
4.73600677752 0 -11.4632804883 5.68535483272 12.0995028097 15.7053613324
4.75066810156 0 -11.5559262855 5.80948468381 11.9813586563 15.7698089051
4.88461754938 0 -12.2525069784 6.94392090042 10.7361625734 16.1662567982
4.89005956816 0 -12.2691625634 6.99118573197 10.6797068551 16.175536683
4.92318851484 0 -12.3916273937 7.27202558005 10.3269792406 16.2214537452
4.92697356766 0 -12.404155416 7.30519474668 10.2857121932 16.2255676845
4.93335217978 0 -12.4189756829 7.35979750386 10.21573015 16.2319865898
4.97252362487 0 -12.5294124379 7.69172722467 9.77422449472 16.2576128301
4.97849334194 0 -12.5377427611 7.74249800336 9.7052164562 16.2594902321
5.0004609312 0 -12.5880243999 7.92658609476 9.44750389212 16.261941692
5.00207291637 0 -12.5911244278 7.94125025363 9.42836318809 16.2618498939
5.00224087563 0 -12.5853112402 7.9443286325 9.42636705931 16.2618382196
5.00880421058 0 -12.5964589973 7.99928260053 9.34810251373 16.2610717056
5.02030068085 0 -12.6203196718 8.09503798597 9.20979528825 16.2582852114
5.10233523256 0 -12.6708331877 8.78443218013 8.18060012327 16.1879386341
5.13261181541 0 -12.6658060817 9.03277840094 7.78347529959 16.1411643811
5.14531562757 0 -12.6512553534 9.13909084421 7.61430373386 16.1184425145
5.14547276262 0 -12.6567551078 9.13979278877 7.61220211796 16.1181503143
5.14646842365 0 -12.655493571 9.14696052449 7.5988804437 16.116292557
5.14705321483 0 -12.6497717596 9.15333349664 7.59105197779 16.1151963734
5.16764432897 0 -12.6330730732 9.32089994923 7.31349254654 16.074250104
5.17054479139 0 -12.6300188847 9.3455856054 7.27410240766 16.0681211107
5.17310382928 0 -12.6266154854 9.36678206184 7.23929013236 16.0626407541
5.1827644859 0 -12.6131191896 9.44434683476 7.10737807769 16.0413425078
5.18651357957 0 -12.6016499096 9.47529983436 7.05597904415 16.0328203764
5.20630046593 0 -12.5633442617 9.63849512688 6.78284148263 15.9855166051
5.21611995604 0 -12.553385592 9.71378852131 6.6461610662 15.9606221849
5.22131582089 0 -12.5423397364 9.75547802424 6.57354318146 15.9470777723
5.22708634951 0 -12.5284155921 9.80066906503 6.49265864382 15.9317381029
5.24117463086 0 -12.4957039894 9.91448522267 6.29416872537 15.8929964639
5.24569846906 0 -12.4830276607 9.94901999771 6.23013290507 15.8801744471
5.26931649223 0 -12.4183146194 10.1368765516 5.89354104043 15.8103102719
5.27888515263 0 -12.3891087267 10.2115041047 5.75612489893 15.7806472334
5.27898415657 0 -12.387094707 10.2116779053 5.75470003711 15.7803363273
5.28304275773 0 -12.3699023431 10.2446000881 5.6962355516 15.7675212929
5.28855941745 0 -12.3562748508 10.2859746526 5.6166026172 15.7498860336
5.30493534258 0 -12.3018199364 10.413280175 5.37912552127 15.696097109
5.32059786164 0 -12.241671737 10.5332712746 5.15052577176 15.6426951708
5.349015657 0 -12.1228956902 10.7492732391 4.73232668169 15.54115259
5.35123691464 0 -12.1189579161 10.7662793213 4.69946161566 15.5329724435
5.35608492655 0 -12.0982220676 10.8020406482 4.62764652706 15.5150000513
5.372033267 0 -12.0258723283 10.9215680634 4.39059591816 15.4547499344
5.38368274205 0 -11.9652392083 11.0073143312 4.21669514043 15.409678532
5.4131786001 0 -11.8220702187 11.222846305 3.77377398084 15.291753956
5.4240126794 0 -11.7642126426 11.3007221575 3.61021135415 15.2471340182
5.43337375085 0 -11.7023642286 11.3704582382 3.46853618179 15.2080424659
5.4334329263 0 -11.7066076566 11.3680278672 3.46763958966 15.2077937957
5.44208278158 0 -11.6578885788 11.4294511009 3.33645066256 15.1712385177
5.44813593147 0 -11.623140343 11.472206901 3.24449356762 15.1454170006
5.44866852461 0 -11.6206381137 11.4752532384 3.23639680849 15.1431357459
5.45152213502 0 -11.606913768 11.4945656859 3.19299898414 15.1308874597
5.45399742617 0 -11.5956349882 11.5124493588 3.15533337895 15.120228503
5.47074965833 0 -11.4894878234 11.6292407162 2.89992156195 15.0472680195
5.47542117151 0 -11.4559368339 11.6645932266 2.82854935205 15.026673083
5.47803163796 0 -11.4398757515 11.6824628327 2.78863931266 15.0151184114
5.47935367439 0 -11.4361845759 11.6888776474 2.76842017599 15.0092542082
5.49247741488 0 -11.3594569726 11.7782407865 2.56745234275 14.9505938624
5.49487454042 0 -11.3412318088 11.7932935832 2.53069630143 14.9397931713
5.49735887109 0 -11.3288407971 11.8104950608 2.49258803576 14.9285720899
5.52015758977 0 -11.1719221499 11.9632737668 2.14219622595 14.824332056
5.53109189649 0 -11.1030234444 12.0352801505 1.97375473509 14.7735640204
5.53294933133 0 -11.0862969016 12.0470271755 1.94511822867 14.7648922303
5.53826715998 0 -11.046726384 12.0826152225 1.86309701762 14.7399900613
5.54345341205 0 -11.0056135507 12.1189401951 1.78305708333 14.7155988448
5.55268096233 0 -10.945369611 12.1749158144 1.6405370309 14.6719509577
5.55648162585 0 -10.9172779208 12.1998604321 1.58179692288 14.6538822633
5.56417935209 0 -10.8636812774 12.2478645633 1.46276273369 14.6171286322
5.57089405207 0 -10.8126539172 12.2904736541 1.35886428806 14.5849002093
5.57860533404 0 -10.7545258966 12.339328758 1.23947695785 14.5477010048
5.58010079371 0 -10.7497770492 12.3481517724 1.21631611621 14.5404642371
5.59588416793 0 -10.6180194096 12.4491222781 0.971733930164 14.4636532958
5.61476625897 0 -10.4820244043 12.5599741211 0.678864571527 14.3707802026
5.61856459695 0 -10.4460942694 12.5825621408 0.619924048772 14.3519763454
5.62879582984 0 -10.3653233062 12.6428461361 0.461129306443 14.3011348205
5.63694841106 0 -10.2983135935 12.6911154776 0.334571584919 14.2604305403
5.64057197857 0 -10.2672439802 12.712587949 0.278315980792 14.2422862193
5.64521105352 0 -10.2305555479 12.7388936578 0.206292143465 14.2190111728
5.65197496403 0 -10.1788495255 12.778231882 0.101277052784 14.1849859837
5.65210332111 0 -10.1729235725 12.7787432646 0.0992842081424 14.1843392926
5.65449798984 0 -10.1522763374 12.7923635491 0.0621052450451 14.1722677017
5.66870515674 0 -10.0315616224 12.8731407165 -0.158455330503 14.1003951749
5.67436170547 0 -9.98341902232 12.9045406163 -0.246257034352 14.0716639286
5.68133908254 0 -9.92371773454 12.942856229 -0.354543891214 14.0361384863
5.68426875172 0 -9.89249293198 12.9623397613 -0.40000479523 14.0211949107
5.69249738398 0 -9.82791431324 13.0032495763 -0.527666540775 13.9791403615
5.70236708933 0 -9.74004499735 13.0568568348 -0.680729681685 13.9285468802
5.70262839873 0 -9.73786791966 13.0579003241 -0.684781175548 13.9272052255
5.70773558214 0 -9.69167600437 13.0855397486 -0.763954629318 13.9009618001
5.71059211805 0 -9.66672521766 13.1005553979 -0.808227867953 13.8862660826
5.71258408614 0 -9.6491041225 13.1106889793 -0.839096818203 13.8760110657
5.71510529608 0 -9.62579145858 13.1243310452 -0.878161867164 13.8630231662
5.72097310822 0 -9.57318251021 13.1549882471 -0.969056405666 13.8327607766
5.75773698876 0 -9.24078542955 13.3401686634 -1.53758487343 13.64219941
5.77303615618 0 -9.09070008121 13.4140169832 -1.77357821432 13.5625045785
5.77353262624 0 -9.08658084227 13.416081614 -1.78122951259 13.5599153615
5.78645516643 0 -8.9622854873 13.4772830932 -1.98022021142 13.4924631048
5.78999685881 0 -8.92890863778 13.4933611528 -2.03470039086 13.4739588182
5.79424475893 0 -8.88705298937 13.5133143142 -2.10000966124 13.4517561338
5.79962443686 0 -8.83520693396 13.5376716441 -2.18266435629 13.4236256509
5.81239142168 0 -8.7170503369 13.5947140408 -2.37856104114 13.3568215007
5.82221141375 0 -8.61450342235 13.6376994484 -2.52897732235 13.3054058869
5.82715431154 0 -8.56423738187 13.6596497384 -2.60459870767 13.2795190297
5.82810919585 0 -8.55563366121 13.6633725357 -2.61920027704 13.2745177636
5.83660420758 0 -8.47689542632 13.6995794433 -2.74899603451 13.23002152
5.83889847158 0 -8.44763723333 13.709345937 -2.78401708565 13.2180039022
5.83997446277 0 -8.43786452428 13.7134240888 -2.80043672231 13.2123677503
5.84255799949 0 -8.41182894712 13.7242704128 -2.83984848177 13.1988350554
5.84578116523 0 -8.37809035405 13.7382203075 -2.88899165901 13.1819524456
5.87021765579 0 -8.13130437101 13.8361763308 -3.26058312494 13.0540102102
5.87285381434 0 -8.10475078628 13.8463092358 -3.30056045902 13.0402174578
5.88465740399 0 -7.98899594857 13.8918472835 -3.47928640105 12.9784931276
5.88506189407 0 -7.98028434184 13.8927750291 -3.4854029108 12.9763790335
5.88740094725 0 -7.95419889724 13.9023289615 -3.5207621932 12.9641554024
5.88843824745 0 -7.94455969933 13.9058014225 -3.5364370635 12.9587354741
5.88857662734 0 -7.94879923818 13.9065095804 -3.53852787627 12.9580124767
5.89357317821 0 -7.88533644476 13.9282842964 -3.61397800868 12.9319137594
5.90317929014 0 -7.79195169746 13.9599168798 -3.75879017978 12.881778861
5.91362573729 0 -7.68349639295 13.9968922579 -3.91589410692 12.827328181
5.92588509823 0 -7.56036352559 14.0394448236 -4.09974302854 12.7635353284
5.92590836362 0 -7.56036352559 14.0394448236 -4.10009138364 12.763414385
5.92809495155 0 -7.5375519047 14.0467701035 -4.13282198503 12.7520497229
5.92893808125 0 -7.52842061463 14.0496876832 -4.1454376408 12.7476687532
5.9300393072 0 -7.51060220567 14.0533448293 -4.16191096407 12.7419476701
5.93539219837 0 -7.45981659591 14.0713407752 -4.24191700678 12.7141544883
5.93818912513 0 -7.4239107656 14.0806141342 -4.28367529206 12.6996433044
5.94505327772 0 -7.35036683336 14.1030956131 -4.38602307295 12.6640637256
5.9538187212 0 -7.25233579064 14.1336951107 -4.51643698882 12.6187019096
5.95499998161 0 -7.24425567756 14.1345998713 -4.53398731784 12.6125953489
5.95894186699 0 -7.20261216119 14.1466654664 -4.59251004173 12.5922293302
5.9664583873 0 -7.12374636101 14.1689046454 -4.70391745379 12.5534461165
5.96703585265 0 -7.12310529483 14.1709065133 -4.71246626302 12.5504694234
5.97099924452 0 -7.08128767424 14.1825079298 -4.77110070111 12.5300504808
5.98085448516 0 -6.9741384403 14.2114776386 -4.91659474934 12.479366325
5.99294747249 0 -6.8392562607 14.2447200472 -5.09451754071 12.417356883
5.99453200525 0 -6.82028598444 14.2497338306 -5.1177799664 12.4092475191
6.00868111516 0 -6.67400595966 14.2869145833 -5.32496959198 12.3370044514
6.01172000683 0 -6.64101595061 14.2946999987 -5.36934206436 12.3215295051
6.01648821948 0 -6.58911426339 14.30674754 -5.43887318288 12.2972787699
6.01945770707 0 -6.55604849032 14.3142951249 -5.48211756756 12.2821953171
6.02179838995 0 -6.52339662866 14.3204075152 -5.51617346313 12.2703163726
6.02228389145 0 -6.51332147632 14.3243778377 -5.52323382733 12.2678536274
6.03069843299 0 -6.43298880829 14.3415156892 -5.64541070347 12.2252351864
6.03400656269 0 -6.39126667784 14.3489330815 -5.69334408268 12.2085142617
6.03877932725 0 -6.33906255097 14.359894721 -5.76239891804 12.1844252621
6.03967290815 0 -6.3295643061 14.3618629009 -5.77531443125 12.179919841
6.05114676994 0 -6.20963836857 14.3874500652 -5.94077682463 12.1222020066
6.05354938966 0 -6.17733088901 14.3923106784 -5.97533504672 12.1101478439
6.05627207157 0 -6.15244506163 14.3984985808 -6.0144589931 12.096501549
6.05853636204 0 -6.11932958431 14.4038198344 -6.04696518557 12.085163896
6.0598650766 0 -6.10500638539 14.4065103759 -6.06602713936 12.078515567
6.06083953468 0 -6.09037244582 14.4110616306 -6.08000069676 12.0736420344
6.06126758939 0 -6.08559934502 14.4119491333 -6.08613727081 12.0715018179
6.07226390155 0 -5.9720633377 14.4301160797 -6.24343062116 12.0166497549
6.07292000946 0 -5.96157536341 14.4324575506 -6.2527942799 12.0133848455
6.07304846677 0 -5.96249834936 14.4317872521 -6.25462727653 12.0127457247
6.07454409849 0 -5.95179707889 14.4349764681 -6.27596202759 12.0053069775
6.07581334407 0 -5.93743921985 14.4374510545 -6.29405749476 11.9989978947
6.07735876339 0 -5.91465174437 14.440026395 -6.31607796406 11.9913206332
6.07752754465 0 -5.91829043565 14.4407232488 -6.31848208071 11.9904824771
6.07876171782 0 -5.90029088895 14.4424601668 -6.33605667392 11.9843555043
6.08818112319 0 -5.79488648666 14.4597711217 -6.4699002021 11.9377017564
6.09311862159 0 -5.74571328397 14.4687674554 -6.53985288496 11.9133244027
6.09534363579 0 -5.72171295994 14.4724618174 -6.57132929176 11.9023568828
6.09646834611 0 -5.70373560163 14.4739591962 -6.58722901086 11.8968172126
6.09671418332 0 -5.69779598042 14.4754758422 -6.59070334695 11.8956067419
6.10472577063 0 -5.61248594648 14.4874381174 -6.70373163882 11.8562341772
6.10737734434 0 -5.58718823704 14.4922419116 -6.74105561832 11.8432357411
6.11198468865 0 -5.52476277967 14.5023341142 -6.8058082189 11.8206889335
6.11295685617 0 -5.52114914523 14.5002054449 -6.8194547862 11.8159378649
6.12011860457 0 -5.43800926321 14.5119309616 -6.91980773024 11.7810072625
6.12162569442 0 -5.42492373476 14.5128733647 -6.94088537012 11.7736723284
6.12179889849 0 -5.42841095771 14.5135675074 -6.94330684159 11.7728297055
6.12203843387 0 -5.42011050836 14.5134859454 -6.9466553486 11.7716645067
6.1277184273 0 -5.35752334791 14.5212687515 -7.02595239212 11.7440757508
6.13047127286 0 -5.3223632376 14.5262800517 -7.06431164885 11.7307332552
6.13542531242 0 -5.27082253846 14.531489824 -7.13322295243 11.7067695441
6.1393445378 0 -5.22745670108 14.5363580919 -7.18762958238 11.6878551624
6.14747205744 0 -5.13427576982 14.5471491657 -7.30014222347 11.6487561483
6.14977420569 0 -5.11177540114 14.5485484058 -7.33193433389 11.6377121759
6.15262883984 0 -5.07637495397 14.5529582212 -7.37130828626 11.6240369716
6.15277011735 0 -5.07802672462 14.5518865418 -7.37325554632 11.6233607314
6.1540316405 0 -5.05747360405 14.556774203 -7.39063762335 11.6173246362
6.15616410917 0 -5.03776977096 14.5566703894 -7.41999645207 11.6071307932
6.15876113061 0 -5.00881405118 14.5593701261 -7.45571068234 11.5947324841
6.15928237438 0 -5.00569971053 14.5587083626 -7.46287347117 11.5922461975
6.16232400481 0 -4.971944405 14.5617370402 -7.50463490978 11.5777523363
6.16356947555 0 -4.9574775261 14.5630048452 -7.52171747245 11.5718246099
6.16677067249 0 -4.92705022727 14.5665839538 -7.56557693499 11.5566078954
6.16852572784 0 -4.90775457474 14.5681896002 -7.58959384574 11.5482770882
6.1770866081 0 -4.80798707641 14.5750424347 -7.70644771661 11.507761201
6.17751944617 0 -4.80316512949 14.5753984169 -7.71234269256 11.5057180676
6.17849960115 0 -4.79680893146 14.5767950345 -7.72568706861 11.5010933404
6.17887174128 0 -4.7919855599 14.5771449199 -7.73075188076 11.4993381453
6.17934090934 0 -4.78716223133 14.5774927809 -7.73713589601 11.4971258664
6.17965890386 0 -4.77905600324 14.5771479707 -7.74146202596 11.495626767
6.18069235343 0 -4.7726925198 14.5785242159 -7.75551674465 11.4907567887
6.18072248232 0 -4.7726925198 14.5785242159 -7.75592638255 11.4906148554
6.18414503814 0 -4.73410892052 14.5811855751 -7.80241968794 11.4745081183
6.18653763562 0 -4.70191562362 14.582406212 -7.83487394793 11.4632679094
6.18668551226 0 -4.70517380281 14.583096449 -7.8368785209 11.4625737264
6.19022798183 0 -4.66659775679 14.5855306464 -7.88485412734 11.4459626301
6.19115484346 0 -4.64688346142 14.5869879802 -7.89739227936 11.4416223215
6.19402190529 0 -4.61997449035 14.5874239305 -7.9361388172 11.4282119146
6.19638851578 0 -4.58900379788 14.5903491697 -7.96807896811 11.4171600084
6.198460856 0 -4.57500305869 14.5907906554 -7.99601547483 11.4074955203
6.20060487399 0 -4.55090570376 14.592052787 -8.0248865736 11.3975097795
6.20828951016 0 -4.46100206867 14.5954856001 -8.12810085637 11.361828251
6.21006725094 0 -4.44491693163 14.5970007502 -8.15191853683 11.3535983683
6.23559056131 0 -4.15802140433 14.604696187 -8.491363013 11.2364792793
6.23801364022 0 -4.12676837332 14.6066561929 -8.52334124441 11.2254630667
6.24033288419 0 -4.10521207318 14.6054694212 -8.55390842381 11.2149358577
6.25180859169 0 -3.97315902325 14.6078899191 -8.70456591547 11.1630925257
6.26117216817 0 -3.87518229515 14.6059269883 -8.82675988625 11.1210973781
6.26640678215 0 -3.8207608242 14.6059840109 -8.89478029805 11.0977418447
6.27069416813 0 -3.77000780416 14.6045469254 -8.95033545022 11.0786780401
6.29248678649 0 -3.53455552967 14.5983663901 -9.23051120525 10.9827009086
6.29754396344 0 -3.47464830116 14.5952624599 -9.29499419506 10.9606520252
6.30196473041 0 -3.43000699198 14.5937012385 -9.3511955293 10.9414476619
6.30219729997 0 -3.41938233079 14.5946180981 -9.3541478649 10.9404391609
6.30993463672 0 -3.3339829591 14.5900553962 -9.45212109528 10.9069910501
6.31031927923 0 -3.32924337961 14.5897821368 -9.45697899927 10.905333526
6.31245024492 0 -3.31622414766 14.5874637546 -9.48387067986 10.8961597129
6.31322688128 0 -3.30675558591 14.5868898315 -9.49366227894 10.8928201162
6.31383143189 0 -3.29134552783 14.5875210843 -9.50128088495 10.8902219176
6.31784780843 0 -3.25194031948 14.5829013193 -9.55182021445 10.8729921297
6.32743991816 0 -3.14809711625 14.5755340117 -9.67198734263 10.8320659871
6.32845127445 0 -3.14140746646 14.575496646 -9.68461325941 10.8277692894
6.33383617481 0 -3.07106242636 14.5735924725 -9.75169679886 10.8049512206
6.34049244759 0 -3.00694474517 14.5638601321 -9.83428597652 10.7768846578
6.34103660915 0 -3.00493868608 14.5641204625 -9.84102144134 10.7745969831
6.34138323749 0 -3.00024196884 14.5636968571 -9.84531060942 10.7731402834
6.34270311284 0 -2.98615555343 14.5624135064 -9.86163350062 10.7675973664
6.34491472659 0 -2.96269073487 14.5602328027 -9.88895178694 10.7583231662
6.34571763947 0 -2.95330923007 14.5593458945 -9.8988593662 10.7549604568
6.34791780852 0 -2.92986662489 14.5570920525 -9.92598067019 10.7457574189
6.3517030899 0 -2.88506195253 14.5522221569 -9.97254603978 10.7299638101
6.35897633201 0 -2.7991821973 14.5475287505 -10.061678706 10.6997588147
6.36207540565 0 -2.77294793017 14.5402250541 -10.0995207105 10.6869455465
6.36302253928 0 -2.76362277138 14.539170914 -10.1110695531 10.6830363764
6.36723606334 0 -2.71703878263 14.5337746817 -10.1623538972 10.6656842715
6.36793962057 0 -2.70407129667 14.5348447684 -10.1709023053 10.662793048
6.37290599437 0 -2.65658550541 14.5264467432 -10.231123844 10.6424343296
6.3799013659 0 -2.58235002423 14.5169421573 -10.3155869658 10.613908002
6.38138472146 0 -2.56003636896 14.5167254258 -10.3334426011 10.6078816512
6.38336325441 0 -2.54530366869 14.5119888959 -10.3572290044 10.5998559107
6.38450099392 0 -2.52761102448 14.5123555294 -10.3708917139 10.5952471684
6.38564752638 0 -2.52469421209 14.5095047906 -10.3846485709 10.5906075366
6.38682843977 0 -2.50830584307 14.5069016387 -10.3988059298 10.5858337435
6.38726168639 0 -2.50368456209 14.5062563094 -10.4039968372 10.5840836267
6.38736997578 0 -2.50619784851 14.5069359588 -10.4052940404 10.5836462935
6.38961537411 0 -2.47211191186 14.5046255751 -10.4321685893 10.5745876844
6.39433891393 0 -2.43233653717 14.4963256072 -10.4885586656 10.5555911922
6.39887968063 0 -2.37920572644 14.4880408969 -10.5425812381 10.5374062171
6.40214114526 0 -2.34948525103 14.4837481875 -10.581270975 10.5243910027
6.40312621504 0 -2.32926411423 14.4832607932 -10.5929379767 10.5204676177
6.40585918009 0 -2.30571647176 14.476526214 -10.6252615427 10.5096012101
6.40652947068 0 -2.29252661381 14.4774206018 -10.6331790983 10.5069402761
6.41051130241 0 -2.25126057644 14.4706901806 -10.6801302636 10.49116707
6.41242220342 0 -2.23701286334 14.4652443279 -10.702611974 10.4836180973
6.41638124847 0 -2.19828391568 14.4589274411 -10.7490857504 10.468020713
6.42078316008 0 -2.15264813186 14.4509558246 -10.8005924722 10.4507463883
6.4228896929 0 -2.12986291615 14.4468915081 -10.8251790693 10.4425050789
6.42335410525 0 -2.12530850808 14.4460723646 -10.8305940981 10.4406903828
6.42411682329 0 -2.11383054643 14.4437497315 -10.8394831189 10.4377117854
6.42531522989 0 -2.10018293827 14.4412672346 -10.8534391733 10.4330360679
6.42548593874 0 -2.10254971497 14.4419452473 -10.8554261044 10.4323704609
6.42965390012 0 -2.05474883353 14.4328561908 -10.9038560783 10.4161527613
6.43967150885 0 -1.95059446933 14.4127166101 -11.019608081 10.3774377875
6.44082414096 0 -1.93270897924 14.4125534806 -11.0328675638 10.3730071918
6.44258912479 0 -1.91464017889 14.4089216471 -11.0531476391 10.3662323884
6.44338010625 0 -1.90561141292 14.4070931799 -11.0622268895 10.363200019
6.44600706701 0 -1.87854777393 14.4015575817 -11.0923389454 10.3531458677
6.45258723681 0 -1.80895017519 14.388526349 -11.1674852166 10.3280749702
6.45973362912 0 -1.74601236934 14.3697950172 -11.2486419981 10.3010306712
6.46161799903 0 -1.71689370204 14.3667634684 -11.2699621051 10.2939315722
6.46253264033 0 -1.70795019991 14.3647510549 -11.2802985441 10.2904906062
6.47101150692 0 -1.62998988024 14.3431963815 -11.3757450645 10.2587423735
6.4721220994 0 -1.61446121631 14.3393602899 -11.3881968579 10.2546039651
6.47826938556 0 -1.55233885609 14.3243661309 -11.4569083663 10.2317815987
6.47846986333 0 -1.54322557046 14.3260151161 -11.4591431854 10.2310397131
6.47906711273 0 -1.54348081685 14.3221907373 -11.4657987416 10.228830441
6.48264103436 0 -1.5102354478 14.3140816103 -11.5055545522 10.2156384506
6.48652504317 0 -1.46835701837 14.303363231 -11.5486218092 10.2013567582
6.48930301333 0 -1.43272959399 14.2982257166 -11.579336566 10.1911771246
6.49294445007 0 -1.40232651067 14.2862507137 -11.6194863821 10.177877767
6.49385622792 0 -1.39354074866 14.2839336487 -11.6295195671 10.1745556322
6.49504832852 0 -1.3737992703 14.2842058831 -11.6426253715 10.1702168856
6.50188785487 0 -1.305395512 14.2643593394 -11.7175538106 10.1454283436
6.50409774184 0 -1.2835346566 14.2583434848 -11.7416670575 10.1374570956
6.50465285061 0 -1.28408771008 14.2542681829 -11.7477167167 10.1354576948
6.50818240507 0 -1.2492088504 14.2445008086 -11.7861124672 10.1227723501
6.5138500077 0 -1.19470730127 14.2290201375 -11.8475134401 10.1025021592
6.51589551739 0 -1.17099503458 14.2220382666 -11.86959697 10.0952164885
6.52586526596 0 -1.07159512616 14.1923580686 -11.9766452805 10.059935095
6.52589207947 0 -1.07159512616 14.1923580686 -11.9769318702 10.0598407182
6.52607898006 0 -1.07357068133 14.1930325144 -11.9789293155 10.0591829519
6.5276692448 0 -1.05437094223 14.187084402 -11.9959108947 10.0535916751
6.5283275124 0 -1.04062705426 14.1874196344 -12.0029328906 10.0512800747
6.5285459141 0 -1.04576588818 14.1844351452 -12.0052617229 10.050513492
6.53328775123 0 -0.998522409756 14.1697162535 -12.05570821 10.0339147782
6.53386380502 0 -0.996179621431 14.1690399772 -12.0618214789 10.0319041713
6.53539551011 0 -0.977095538393 14.1629431023 -12.0780604526 10.0265642197
6.53658935546 0 -0.959040284426 14.161879663 -12.0907013594 10.0224083665
6.53746063719 0 -0.950477218473 14.1591478126 -12.0999179167 10.0193788207
6.53753404964 0 -0.95569850798 14.1561182644 -12.1006941414 10.01912369
6.54263505032 0 -0.899199897087 14.1425831404 -12.1544983686 10.0014466593
6.54341081464 0 -0.902114411257 14.1388058984 -12.1626582876 9.99876704738
6.55177929807 0 -0.80988590548 14.112879714 -12.2503008272 9.97000747609
6.55339202896 0 -0.804401506222 14.1061293303 -12.2671103309 9.96449589756
6.55858262119 0 -0.753679989682 14.0886479524 -12.3210346625 9.94682443311
6.56150085639 0 -0.724175484164 14.0783136314 -12.3512327652 9.93693455564
6.56358478295 0 -0.701311074966 14.0701968716 -12.3727448278 9.92989210139
6.58009760254 0 -0.542536515003 14.0119507115 -12.5416485445 9.87467617921
6.5843035334 0 -0.494436661543 13.999926739 -12.5842258466 9.86077900486
6.58509272076 0 -0.487135811652 13.9962058766 -12.5921947512 9.85817892047
6.58897449368 0 -0.449911688237 13.9817755148 -12.6312984546 9.84542454905
6.60068806953 0 -0.338885517505 13.9374925794 -12.7483577607 9.80728605135
6.60183689284 0 -0.338173085601 13.9314826904 -12.7597622413 9.80357376937
6.60187282848 0 -0.338173085601 13.9314826904 -12.7601187575 9.80345772897
6.60246429744 0 -0.322520442048 13.9308058157 -12.7659847807 9.80154851322
6.60958018223 0 -0.263141939183 13.9003526463 -12.8362737917 9.77868351428
6.61316735813 0 -0.232314933581 13.8872770953 -12.8715075511 9.7672301969
6.61320185641 0 -0.220731964941 13.8882766524 -12.8718457475 9.76712028681
6.61805474605 0 -0.176216953051 13.8691620237 -12.9192962762 9.75170428513
6.61930000385 0 -0.164105591341 13.8639064021 -12.9314324817 9.74776295346
6.62017247665 0 -0.156038302619 13.8603925329 -12.9399258841 9.74500502359
6.62332572913 0 -0.127191831293 13.8483867769 -12.9705558997 9.73506154093
6.62546496457 0 -0.107751810201 13.8391394099 -12.9912766224 9.72833715275
6.62723992203 0 -0.0977219380005 13.8285244148 -13.0084324635 9.72277099909
6.63472731671 0 -0.0298229840698 13.7977456458 -13.0804369774 9.69942240399
6.63619104535 0 -0.0078059581702 13.7939282822 -13.0944442382 9.69488272959
6.63729417588 0 -0.00595653234216 13.7867435289 -13.1049857714 9.69146678435
6.64289994228 0 0.0455775935863 13.7626572219 -13.1583556008 9.67417905869
6.64488908716 0 0.0715096220184 13.7568533375 -13.1772132443 9.66807321016
6.64687466479 0 0.0796135392407 13.7464550281 -13.1959951718 9.66199318996
6.64768487722 0 0.0889935630593 13.7420114207 -13.2036470773 9.65951651336
6.6489105582 0 0.10080391714 13.7363386343 -13.2152095317 9.655774522
6.65052919627 0 0.12275549606 13.7323239994 -13.2304544462 9.65084150312
6.65269073708 0 0.142400074542 13.7227994753 -13.2507690938 9.64426928619
6.6542129331 0 0.147914525629 13.7134672486 -13.26504514 9.63965155424
6.6579626901 0 0.189398010555 13.6997365723 -13.3001070205 9.62831342482
6.6584674954 0 0.187012707054 13.6941877598 -13.3048156944 9.62679107722
6.66160337868 0 0.212853076121 13.6812448793 -13.334005184 9.61735556022
6.66175835273 0 0.22450767625 13.6822506179 -13.3354449853 9.61689021657
6.66359924011 0 0.240073605547 13.674427215 -13.3525282318 9.61136942761
6.6654218359 0 0.249263781688 13.6629254329 -13.3694059186 9.6059159912
6.66791311961 0 0.278884687923 13.6547292422 -13.3924181096 9.59848185206
6.67020885058 0 0.291841393232 13.6411368014 -13.41356488 9.5916517835
6.67276085951 0 0.314989527367 13.629150701 -13.4370057153 9.58408234329
6.67615978891 0 0.35221496045 13.6167552223 -13.468116678 9.5740385723
6.67625564883 0 0.345769856748 13.6130580613 -13.4689922916 9.57375593183
6.68275927811 0 0.4032233493 13.5825424918 -13.5281663689 9.55465993514
6.68298252814 0 0.413545874159 13.5842217269 -13.530189508 9.5540072155
6.68476041905 0 0.428818059809 13.5760091966 -13.5462818457 9.54881576446
6.68943009128 0 0.459004622607 13.5522532999 -13.5883853478 9.53523605674
6.69023236523 0 0.466597162642 13.5480916788 -13.5955950934 9.53291111239
6.70065966626 0 0.557223502594 13.4975350434 -13.6886634693 9.50290934656
6.70801485265 0 0.620819937529 13.4610079068 -13.7535969592 9.4819871442
6.71562486513 0 0.695541277271 13.4248527349 -13.8201550395 9.46054832018
6.71971705713 0 0.720898497905 13.4018333124 -13.8556821838 9.44910706644
6.72720192678 0 0.795040631308 13.3648586151 -13.9201849478 9.42833746107
6.72922584643 0 0.801593848629 13.3525682649 -13.9375200752 9.42275612283
6.73162801066 0 0.831548551738 13.3422523936 -13.95803596 9.41615087259
6.73585586397 0 0.867896604307 13.3194527654 -13.993988656 9.40457594096
6.73802423774 0 0.88601046987 13.3079805548 -14.0123508957 9.39866430984
6.73886647263 0 0.881517857456 13.3023661954 -14.0194690019 9.39637267121
6.74026770329 0 0.904084117374 13.2964601505 -14.0312939231 9.39256568698
6.7407130504 0 0.907694013445 13.294150291 -14.0350476046 9.3913572006
6.7432674991 0 0.929319500752 13.2802507206 -14.056535468 9.38443918371
6.74910820531 0 0.96891466591 13.2458658855 -14.1053933483 9.36870865966
6.74970041283 0 0.983128300609 13.2451991888 -14.1103259024 9.36712046774
6.75307845943 0 0.999942039495 13.2253160055 -14.138386887 9.3580849557
6.75354488986 0 1.00350306097 13.2229485607 -14.1422514156 9.35684053643
6.76021829551 0 1.06846043011 13.1882206416 -14.1972753887 9.33912030162
6.76110210832 0 1.07500663893 13.1831384908 -14.2045251315 9.33678524012
6.76410780286 0 1.10021672211 13.1665704055 -14.2291144714 9.32886464177
6.76781513822 0 1.12009844267 13.1437529543 -14.259303686 9.31913871481
6.77019285234 0 1.14935012955 13.1325862771 -14.2785840499 9.31292625156
6.77019504423 0 1.14935012955 13.1325862771 -14.278601794 9.3129205337
6.77442386928 0 1.18424691934 13.1080844454 -14.3127344956 9.30192023942
6.77461535665 0 1.17697817686 13.1039393979 -14.3142752883 9.30142360233
6.78024347941 0 1.22205015071 13.071779816 -14.3593762198 9.28688343111
6.78537327555 0 1.27003255238 13.0456073576 -14.4001708701 9.2737260369
6.78715688687 0 1.27713642938 13.0317619443 -14.4142849746 9.26917247951
6.79031971683 0 1.30016901256 13.0147741165 -14.4392241431 9.26112461228
6.79162654056 0 1.31041984749 13.0071779135 -14.4494952989 9.25780937755
6.79176455565 0 1.32216760076 13.0081916908 -14.450578911 9.25745959273
6.79250276209 0 1.31724533031 13.002104423 -14.4563711812 9.25558979026
6.79981101378 0 1.37588513184 12.9580070038 -14.51337925 9.2371788603
6.80067518123 0 1.38264309492 12.9528626114 -14.5200798577 9.23501384013
6.80069597936 0 1.38264309492 12.9528626114 -14.5202410177 9.2349617652
6.80273621055 0 1.39950837273 12.9399690806 -14.5360262487 9.22986048914
6.80278154446 0 1.39950837273 12.9399690806 -14.5363764554 9.2297472986
6.80979680255 0 1.45319215692 12.8983979509 -14.590285934 9.21231488076
6.8103012404 0 1.45567841756 12.8964552443 -14.5941405889 9.2110677583
6.81119677584 0 1.46235826918 12.891221821 -14.6009766141 9.20885582337
6.81528709491 0 1.50310087609 12.8680593295 -14.6320827144 9.19878697491
6.8156517675 0 1.50740487227 12.8659578342 -14.6348466416 9.19789199466
6.81800938273 0 1.51637516262 12.8484173235 -14.6526785598 9.19211660173
6.81853453317 0 1.51886128631 12.8464396354 -14.6566418433 9.1908326674
6.82210991317 0 1.5570292374 12.8261954811 -14.6835406023 9.18211554651
6.82351199593 0 1.56585611047 12.8176208725 -14.6940487046 9.17870866837
6.82600653769 0 1.58661838092 12.8021397248 -14.7126883094 9.17266327543
6.82659600597 0 1.58221566845 12.795088579 -14.7170824138 9.17123771983
6.8301223338 0 1.60835923409 12.7735519331 -14.7432850519 9.16273354468
6.83724730496 0 1.67131323876 12.7318137091 -14.7957886136 9.14567471353
6.83763312645 0 1.6627999011 12.7280705219 -14.7986149254 9.1447556773
6.84152670936 0 1.69182980181 12.7034240169 -14.8270404687 9.13550801603
6.84441574049 0 1.71503170545 12.6834814848 -14.8480183952 9.12867786224
6.84515616191 0 1.72926192925 12.6824064519 -14.8533791503 9.12693170037
6.84716632306 0 1.73351343294 12.6675646105 -14.8679008463 9.12219992946
6.85190404243 0 1.7685542587 12.6369838519 -14.9019407461 9.1110987605
6.85357756706 0 1.78124400468 12.6258095989 -14.9139022941 9.10719452261
6.85673245333 0 1.80338373675 12.6061855433 -14.9363630553 9.09985848737
6.85706937694 0 1.80653955473 12.6033749353 -14.938754869 9.09907690071
6.86016946706 0 1.82858122021 12.5836505572 -14.9607001146 9.09190218092
6.86752840782 0 1.88175289691 12.5353842909 -15.0123432996 9.07499160207
6.86915184824 0 1.89481388907 12.5232808375 -15.0236508087 9.07128371887
6.87418781944 0 1.93998207314 12.493382434 -15.0585304386 9.05983362809
6.87822977017 0 1.95961029356 12.4628000501 -15.0863099509 9.05070007668
6.88165348892 0 1.98408961105 12.4395549544 -15.1096902024 9.04300262436
6.88302743225 0 1.99324013259 12.4308090167 -15.1190339399 9.039923659
6.8832288587 0 2.00440105443 12.4324934856 -15.1204019067 9.03947275016
6.88478451169 0 2.00485288175 12.4197953647 -15.1309508624 9.03599444202
6.88576651077 0 2.01093354929 12.4139419346 -15.1375951622 9.03380254659
6.88634547525 0 2.02411981331 12.4111643207 -15.141507165 9.0325116199
6.88647155431 0 2.01756350576 12.4074092765 -15.1423585441 9.03223063351
6.889888763 0 2.04177326936 12.3838974299 -15.1653626614 9.02463309874
6.8961037626 0 2.08334715867 12.3431552602 -15.2068476803 9.01090486563
6.89692913022 0 2.08933535163 12.3372110575 -15.2123226554 9.00909037559
6.89822177245 0 2.098304271 12.3282817264 -15.220881046 9.00625268616
6.89826500042 0 2.098304271 12.3282817264 -15.2211669103 9.00615787491
6.89854564927 0 2.10179959694 12.3246293678 -15.2230222885 9.00554246641
6.90225229459 0 2.13683375563 12.3024113932 -15.2474395503 8.99743632104
6.90507900859 0 2.14635127581 12.2797226887 -15.265950934 8.99128166153
6.90535401617 0 2.15758417887 12.2814063801 -15.2677468279 8.99068413094
6.90813932856 0 2.16700445375 12.2586332475 -15.2858853196 8.98464469892
6.90956768797 0 2.17536172737 12.2502417476 -15.2951513596 8.98155632409
6.91019726042 0 2.18823522646 12.2472589436 -15.2992278249 8.98019695266
6.91453744871 0 2.21096584644 12.2131578685 -15.3272023043 8.97085679881
6.91565158921 0 2.21635313349 12.207738129 -15.3343473255 8.96846790006
6.91833585156 0 2.24552033979 12.190429828 -15.3515009429 8.96272701017
6.91844889694 0 2.23714903048 12.185687632 -15.3522214709 8.96248568947
6.92408687163 0 2.27471234127 12.1457645477 -15.3879636641 8.95049625769
6.92740133452 0 2.306113731 12.1258312223 -15.4087989869 8.94348982255
6.92750835783 0 2.3041900226 12.1247839522 -15.4094695706 8.9432641007
6.93305349735 0 2.34322582946 12.0854669775 -15.4440270246 8.93161267477
6.93500157573 0 2.34609460617 12.0681841274 -15.4560802842 8.92753966513
6.94015181735 0 2.37995775429 12.0305715581 -15.4877274707 8.91682199634
6.94159661805 0 2.38803951418 12.0218041058 -15.4965484367 8.91382841321
6.9437727685 0 2.40205362839 12.0060359815 -15.5097873176 8.90933022309
6.94385592909 0 2.41373761869 12.0070442563 -15.5102921094 8.90915858193
6.95210966954 0 2.46657032402 11.9467449135 -15.559980249 8.89221582801
6.95253239247 0 2.46933287363 11.9435546627 -15.5625030553 8.8913530011
6.95596542899 0 2.4796966319 11.9169659316 -15.5829118377 8.88436334267
6.95706902945 0 2.48821469874 11.9066719279 -15.589442444 8.8821230345
6.95789582018 0 2.49369207344 11.9002501952 -15.5943254165 8.88044675212
6.96201879511 0 2.51798534233 11.8719448983 -15.6185526315 8.87211435622
6.96295041027 0 2.53508977943 11.8664935502 -15.6239985901 8.87023773912
6.96687206217 0 2.55947894818 11.8373516978 -15.6468087815 8.86236275385
6.96987647051 0 2.57834650438 11.8145943307 -15.6641583913 8.85635647238
6.97190889639 0 2.58011575036 11.7972846019 -15.6758333124 8.85230642977
6.9779452658 0 2.61746348864 11.7514178487 -15.7102140685 8.84033941969
6.9795688074 0 2.62826590888 11.7375803972 -15.7193859565 8.83713641367
6.98214153856 0 2.64410931407 11.7177874423 -15.7338548116 8.83207425986
6.98597117692 0 2.67659360944 11.6929855285 -15.7552440305 8.82456935858
6.98823370405 0 2.68082236847 11.6713789977 -15.7677971741 8.82015245296
6.99124207125 0 2.6990450207 11.6480571763 -15.7843923513 8.81429885739
6.99243392456 0 2.71571297062 11.6430576295 -15.790936666 8.81198585371
6.9930755487 0 2.70941787899 11.6346953509 -15.7944526068 8.8107420882
6.99370787479 0 2.72348760842 11.6330289872 -15.7979127096 8.80951731716
6.99855710114 0 2.75185415222 11.596135019 -15.8242864517 8.80015655571
7.00074740619 0 2.76214937856 11.5779267104 -15.8361053421 8.79594681914
7.00456160956 0 2.78763769881 11.5489023165 -15.8565475964 8.78864294767
7.0064980365 0 2.7888185582 11.5302818034 -15.866858174 8.78494787495
7.00650927823 0 2.7888185582 11.5302818034 -15.8669178978 8.78492644905
7.00870927542 0 2.8013743784 11.5139745417 -15.878576193 8.78073904931
7.01030745443 0 2.81154209239 11.4996849392 -15.887008364 8.77770413343
7.0147406166 0 2.83661714569 11.4655400726 -15.9102353719 8.76931623275
7.01788818182 0 2.85400899103 11.442221779 -15.9265812322 8.76338784665
7.02153121686 0 2.88543363899 11.4157070326 -15.94534927 8.75655399175
7.0226875752 0 2.88125832665 11.4043638766 -15.9512726816 8.75439098814
7.02284429006 0 2.89013656745 11.4038909467 -15.9520741927 8.75409807592
7.02363385534 0 2.89777070546 11.3984600019 -15.9561078271 8.75262314205
7.02382363758 0 2.8886808235 11.3933307254 -15.9570762286 8.75226882755
7.02431494971 0 2.89111242604 11.3905510762 -15.9595812026 8.75135193943
7.02473919924 0 2.89357138837 11.3870940285 -15.9617418832 8.75056063092
7.02840893392 0 2.92475153824 11.3603811511 -15.9803398735 8.74373229956
7.02963195672 0 2.92049952496 11.3489651845 -15.9865015111 8.74146311445
7.03034900985 0 2.92537646908 11.3413366674 -15.9901055492 8.74013420556
7.03294085604 0 2.93993976957 11.3204426423 -16.0030801928 8.73533998869
7.03301191456 0 2.93994493072 11.3211188235 -16.0034347506 8.73520875251
7.04200978164 0 2.99039409346 11.2468827147 -16.0478315909 8.71867719966
7.0429748293 0 2.9951999944 11.2405187642 -16.0525343968 8.71691420486
7.04943464754 0 3.03071604057 11.1875236891 -16.0837199021 8.70516235393
7.05203155672 0 3.04473073442 11.1655544647 -16.0961124972 8.70046186118
7.05299331129 0 3.04949018363 11.1591219716 -16.1006810355 8.69872448401
7.05321601745 0 3.05174702336 11.1548881177 -16.1017373175 8.69832243606
7.05349480757 0 3.06336065476 11.1565602009 -16.103058744 8.69781927985
7.05552083374 0 3.06349423486 11.1377581411 -16.1126331512 8.69416737473
7.05756364173 0 3.07501620419 11.1192370343 -16.1222358094 8.69049342838
7.06609461452 0 3.13036377681 11.0527634427 -16.1617830079 8.6752383205
7.07234760836 0 3.15276928664 10.9969208343 -16.1902013609 8.66414458803
7.0748939328 0 3.16627208123 10.9751603037 -16.2016358074 8.65964784275
7.08260359116 0 3.21584266331 10.9148913236 -16.235769188 8.64610454077
7.08283056228 0 3.20657962829 10.9102445113 -16.2367629598 8.64570743858
7.08453695708 0 3.21542078488 10.8956048707 -16.2442138939 8.64272488702
7.08460588718 0 3.21542078488 10.8956048707 -16.2445141205 8.64260451389
7.08693347328 0 3.23790071216 10.8782628661 -16.2546175443 8.63854470645
7.09501786101 0 3.26785811326 10.8072878117 -16.2891898899 8.62451617063
7.09528481011 0 3.26978201729 10.8029115804 -16.2903177057 8.6240548289
7.09866032952 0 3.29655088277 10.7786551714 -16.3045027081 8.61823145664
7.10002143762 0 3.29342936282 10.7621446957 -16.3101826509 8.6158886101
7.10112960601 0 3.29796450809 10.755393131 -16.3147901443 8.61398337446
7.10122749456 0 3.30940479417 10.7563803753 -16.3151964107 8.61381517392
7.10157664166 0 3.31154077473 10.7526630005 -16.3166445087 8.61321536565
7.10295421999 0 3.31793785474 10.7415024773 -16.3223433393 8.6108507109
7.10948963517 0 3.34967902037 10.6855115814 -16.349059284 8.5996736455
7.11015483626 0 3.34245931363 10.6770369205 -16.3517488851 8.59853975582
7.11338738332 0 3.36852851304 10.6517672118 -16.3647409654 8.59303931868
7.11352028011 0 3.35889468201 10.6463465757 -16.3652723261 8.59281352616
7.12033157032 0 3.40167775134 10.5915019376 -16.3922127224 8.58127659905
7.12060981865 0 3.39233566038 10.5867400727 -16.3933010355 8.5808067643
7.12356831822 0 3.40668743162 10.5602549651 -16.4048132247 8.57581816218
7.12644083103 0 3.42059781298 10.533023302 -16.4158869053 8.57098657529
7.12709976104 0 3.42298151492 10.5299047805 -16.4184126731 8.56987989968
7.12838805866 0 3.42906213465 10.5185011336 -16.4233353218 8.5677179596
7.12914786325 0 3.43274414134 10.5102118444 -16.4262289128 8.56644398973
7.1323599282 0 3.45857943579 10.4851988087 -16.4383823248 8.56106710873
7.13402662182 0 3.45522472246 10.4689452907 -16.4446380567 8.55828267456
7.13779486573 0 3.47276526091 10.4338242734 -16.4586544783 8.55200104771
7.14035912822 0 3.48463180696 10.4108038847 -16.4680916488 8.54773714416
7.14157116726 0 3.49668940305 10.4027972483 -16.4725238271 8.54572470853
7.14363981049 0 3.51015611119 10.3855463675 -16.4800462402 8.54229433102
7.14444060628 0 3.50272898389 10.3768646741 -16.4829439662 8.54096784782
7.14827504194 0 3.52027746479 10.3421380548 -16.4967085568 8.53462735916
7.14894542921 0 3.52985377382 10.3372374425 -16.4990962812 8.53352069054
7.15089746052 0 3.53189611787 10.3189279584 -16.5060169995 8.53030140154
7.15337174947 0 3.54299936091 10.2949896194 -16.5147211749 8.52622736608
7.15412018753 0 3.55669184596 10.2927671402 -16.5173390553 8.52499645336
7.15653380369 0 3.55684971428 10.2684784277 -16.5257338729 8.52103136853
7.16143587805 0 3.58903326401 10.2265948952 -16.5425605208 8.51299872801
7.16163712937 0 3.57913580824 10.2210337808 -16.5432449309 8.51266952842
7.16284234012 0 3.58478291142 10.2093140143 -16.5473330204 8.51069902152
7.16612867589 0 3.59839409816 10.1826049269 -16.5583883508 8.50533391737
7.16835379825 0 3.61900298915 10.16397579 -16.5657973095 8.50170783543
7.17693835609 0 3.64456224965 10.0842725306 -16.5938027167 8.48776585034
7.18262511448 0 3.67938402222 10.0337999895 -16.611848483 8.47856960835
7.18343187112 0 3.67173336793 10.0248960595 -16.6143758759 8.47726740355
7.19005972205 0 3.70974000446 9.9662096349 -16.6348319556 8.46659106433
7.19145700301 0 3.70499325612 9.94860234156 -16.6390744997 8.4643450957
7.19210155852 0 3.70734583694 9.94529366897 -16.6410233372 8.46330959377
7.19498957198 0 3.71904341103 9.91663357529 -16.6496916469 8.45867405589
7.19596962207 0 3.72314256402 9.90931254292 -16.6526095718 8.45710250089
7.20098187065 0 3.74336183901 9.86050108221 -16.6673450463 8.44907674534
7.20413204575 0 3.75539277124 9.83234614282 -16.6764455841 8.44404216308
7.20426747882 0 3.76721968841 9.83399585759 -16.6768340561 8.44382587482
7.20556355545 0 3.76116084955 9.82094558553 -16.6805400882 8.44175667676
7.2065122314 0 3.77576279967 9.81384882337 -16.6832394463 8.44024284744
7.2068904737 0 3.77746619702 9.80981583087 -16.6843125585 8.43963944778
7.21808485252 0 3.80998923079 9.70357918482 -16.7152623472 8.42182322922
7.21862762753 0 3.82280125065 9.70047695873 -16.7167231591 8.42096131864
7.21946238842 0 3.82610914119 9.69234366698 -16.7189626238 8.41963606851
7.22002545274 0 3.82352640252 9.68597022387 -16.7204682691 8.41874237879
7.22410426712 0 3.83304048381 9.64656610229 -16.7312566836 8.41227365427
7.22578213943 0 3.83885422535 9.62954997383 -16.7356342186 8.40961517657
7.22734644227 0 3.85556936639 9.6189348256 -16.7396837261 8.40713790112
7.23552672977 0 3.88606134246 9.54104330022 -16.7603612813 8.39420163133
7.23758618267 0 3.88288238028 9.51951935793 -16.7654350603 8.39094923907
7.23792044791 0 3.88370982735 9.51471730222 -16.7662535666 8.39042150387
7.23844563565 0 3.88604143221 9.51128524873 -16.7675367548 8.38959242612
7.24026503907 0 3.90343179727 9.49576076689 -16.7719553944 8.3867210365
7.24047748468 0 3.8931471197 9.48999456136 -16.7724686423 8.3863858308
7.24061888825 0 3.89390917118 9.49068026763 -16.7728099464 8.38616272698
7.24169521136 0 3.90374010744 9.48099567463 -16.775399651 8.38446475027
7.24274766448 0 3.90173425496 9.4700472236 -16.7779178994 8.38280480648
7.24471670781 0 3.9146284831 9.45207312163 -16.7825920702 8.37970016165
7.24891719833 0 3.93448549368 9.41308144997 -16.7924010861 8.37308098573
7.25042600479 0 3.92875536573 9.3948514247 -16.7958705334 8.37070456075
7.25194174618 0 3.94519360499 9.3840388751 -16.7993272252 8.3683177776
7.25429431104 0 3.9424446176 9.35746228218 -16.8046353388 8.36461431527
7.25442950225 0 3.9432551225 9.35814874844 -16.8049382662 8.36440153011
7.25643588326 0 3.94999056018 9.33665223515 -16.8094071258 8.36124399879
7.25777491137 0 3.95449786278 9.32415313797 -16.8123615253 8.35913712793
7.26413674192 0 3.98719722024 9.26733338234 -16.8260913344 8.34913095306
7.27170976401 0 4.00163388458 9.1902264799 -16.8417742172 8.33722499421
7.27393937955 0 4.0097220686 9.16988954707 -16.8462546219 8.33372015656
7.27525939975 0 4.01403256889 9.15726230598 -16.8488778522 8.33164516139
7.27595178044 0 4.01601229547 9.14815122512 -16.8502450697 8.33055677058
7.27904591871 0 4.02597807014 9.11863622262 -16.8562815673 8.32569274842
7.27946498183 0 4.02739510191 9.11441562634 -16.8570899161 8.32503394275
7.28000747227 0 4.02970951716 9.11088188829 -16.858133082 8.32418108237
7.28616190117 0 4.04937146193 9.05167076895 -16.8697094192 8.31450381561
7.28703214689 0 4.05215382582 9.04319557916 -16.8713080434 8.31313509049
7.2876094327 0 4.05976873236 9.03732978721 -16.8723632723 8.31222707502
7.28818557813 0 4.05538765063 9.02978675877 -16.8734122547 8.31132080424
7.28834246546 0 4.06726215151 9.03141981492 -16.8736971776 8.31107401335
7.29004281973 0 4.0618400886 9.01350024019 -16.8767654111 8.30839902437
7.29261414035 0 4.070078313 8.98800744145 -16.8813364831 8.30435286211
7.2996385427 0 4.10266908013 8.92079091613 -16.8934017203 8.29329208634
7.30143458082 0 4.1080178462 8.9037109322 -16.8963874166 8.29046194506
7.30222161793 0 4.11068242034 8.89516498572 -16.8976830395 8.28922145594
7.30232007495 0 4.11068242034 8.89516498572 -16.8978445738 8.28906625953
7.30412243003 0 4.10543721162 8.87215325319 -16.9007801683 8.28622469232
7.30639142565 0 4.1120289648 8.85074693309 -16.9044179583 8.28264589836
7.30639365065 0 4.1120289648 8.85074693309 -16.9044214939 8.28264238809
7.30817875998 0 4.11826844317 8.83429373981 -16.9072381219 8.27982553108
7.31332592753 0 4.13284973409 8.78208261307 -16.9151361436 8.27169653068
7.31757575644 0 4.14565238359 8.73904172029 -16.9214072197 8.26497615161
7.3189182524 0 4.14946174162 8.72611077938 -16.923341215 8.26285146286
7.32261287619 0 4.17142932671 8.69321190397 -16.9285471809 8.25699951066
7.32585131082 0 4.16953416425 8.65700162028 -16.9329698104 8.25186411058
7.3260903586 0 4.18141433623 8.65862629889 -16.9332910677 8.25148480282
7.32864340325 0 4.18883586193 8.63264770909 -16.9366775018 8.24743168592
7.3307605189 0 4.18416776442 8.61004051501 -16.9394238312 8.24406764538
7.33088511992 0 4.19497655436 8.61097326407 -16.9395837162 8.24386957068
7.33427332833 0 4.20471883446 8.57624602524 -16.9438569057 8.23847959762
7.33471511953 0 4.20592946493 8.57190097591 -16.9444035031 8.23777623669
7.34025703518 0 4.21074688896 8.51440220757 -16.9510526639 8.22894160301
7.34210893077 0 4.22626777187 8.49789551176 -16.9531889038 8.22598443637
7.34322067227 0 4.21792986239 8.48318790543 -16.9544507364 8.22420792112
7.34639472452 0 4.22726264771 8.45331273974 -16.9579682252 8.21913059573
7.3479841407 0 4.23079551212 8.43513453938 -16.9596822712 8.21658505869
7.34915633716 0 4.23984234464 8.4252010777 -16.9609261404 8.21470637973
7.35122397455 0 4.25076273878 8.40611792211 -16.963078317 8.21138973686
7.3532893794 0 4.24576123052 8.38328242148 -16.9651748007 8.20807296584
7.35864341218 0 4.27008683032 8.33153687679 -16.9703610875 8.19945708193
7.36184194605 0 4.26714828286 8.2947370271 -16.9732884453 8.19429692244
7.36853021842 0 4.29551801847 8.23023653253 -16.9789965376 8.18347343558
7.36948689227 0 4.29769090516 8.22140659789 -16.9797673247 8.18192142122
7.37096225801 0 4.29014356762 8.20212270432 -16.9809336104 8.17952597728
7.37351240829 0 4.29658938494 8.17559339604 -16.9828854162 8.17537978908
7.37449478615 0 4.29994239508 8.16743708852 -16.9836156301 8.17378061963
7.37578368878 0 4.30313979781 8.15415633791 -16.9845554114 8.17168078989
7.37817929689 0 4.31373693556 8.1300134204 -16.9862470287 8.16777280322
7.38431777671 0 4.32285717539 8.0647355878 -16.9902546713 8.15772737488
7.39272638736 0 4.34346541177 7.98084096675 -16.9949813514 8.14388881316
7.39327517605 0 4.35505920507 7.97729487248 -16.9952591853 8.14298234548
7.39774042614 0 4.35412091383 7.92657508254 -16.9973802359 8.13559120091
7.40199900997 0 4.37479251271 7.8879295563 -16.9991715988 8.12851550782
7.40225958236 0 4.36520706978 7.88254221295 -16.9992738715 8.12808169706
7.40518726006 0 4.37065778628 7.85049198617 -17.0003648228 8.12320057605
7.41013754331 0 4.39299047434 7.80274895176 -17.0019666159 8.11491733493
7.41188259526 0 4.39675399544 7.78478164765 -17.0024585382 8.11198814891
7.41577619062 0 4.40513638436 7.74431190668 -17.0034194978 8.10543468271
7.41891270841 0 4.40596191838 7.70973890112 -17.0040564252 8.10013718866
7.42161554137 0 4.40608825164 7.67964023667 -17.0045071269 8.09555875381
7.42498141557 0 4.41858603675 7.64657626393 -17.0049413938 8.08983939281
7.42597301612 0 4.41506363987 7.63450449317 -17.0050424731 8.08815061987
7.42669605233 0 4.42780352723 7.63158674928 -17.0051084717 8.08691812178
7.42998959695 0 4.42441412206 7.59451851088 -17.0053269085 8.08129189827
7.43328239619 0 4.42999247663 7.55761162626 -17.0054105773 8.07564693364
7.437517718 0 4.44957246729 7.51841925635 -17.0053202189 8.06835599595
7.43782362257 0 4.44000191014 7.51298413882 -17.0053050693 8.06782805514
7.43864543776 0 4.44170548488 7.50391102825 -17.0052586183 8.06640883403
7.43966310981 0 4.4538195532 7.49573406627 -17.0051894802 8.06464954686
7.44015025271 0 4.44891689009 7.48806585969 -17.0051518363 8.06380668302
7.44161915587 0 4.44762348976 7.47213379422 -17.0050205006 8.06126231072
7.44408331203 0 4.45120047509 7.44417225307 -17.0047400595 8.05698430125
7.45049373922 0 4.47452697022 7.38205662216 -17.0036577526 8.0457969471
7.45434317836 0 4.48176782167 7.34103215189 -17.0027630727 8.03903743654
7.45816730424 0 4.47855257542 7.29906298157 -17.0016925296 8.03229059183
7.45818182286 0 4.47855257542 7.29906298157 -17.0016881202 8.03226491555
7.45902353194 0 4.48012492202 7.28992815682 -17.0014280225 8.03077554622
7.46312419493 0 4.49156618164 7.24647401217 -17.0000354437 8.02349685819
7.46701809375 0 4.49842341006 7.2052712952 -16.9985205031 8.01654963955
7.46763431756 0 4.4955467677 7.19844230023 -16.9982635718 8.01544699008
7.46818432411 0 4.50660814805 7.19475076303 -16.9980302839 8.0144620755
7.46876552442 0 4.50143565403 7.18694300116 -16.9977797008 8.01342052785
7.46930718259 0 4.49704669443 7.17941631934 -16.9975424066 8.01244912449
7.47168286344 0 4.51259969014 7.15808146973 -16.9964588144 8.00818037293
7.47450897024 0 4.50595741963 7.12437766987 -16.9950789437 8.00308461593
7.47527355694 0 4.5074236654 7.11519618607 -16.9946886698 8.00170265418
7.47572855839 0 4.50815477232 7.11060455446 -16.994452993 8.00087957708
7.47733117868 0 4.52215153232 7.09841191848 -16.9936025228 7.99797645263
7.47837468311 0 4.51251324395 7.08304237342 -16.9930317139 7.99608274247
7.48048117717 0 4.51610850845 7.06005777506 -16.991838481 7.99225167954
7.48628256342 0 4.52687137497 7.00093045579 -16.9882692196 7.98164254881
7.48720393755 0 4.5282682865 6.99171770507 -16.9876641525 7.97994962699
7.49306215669 0 4.53630705558 6.9264649619 -16.983572292 7.96913346494
7.49494314446 0 4.54060356079 6.90870221292 -16.9821687833 7.96564107874
7.49683373192 0 4.55347707634 6.89110940946 -16.9807142109 7.96212116993
7.49975063074 0 4.5479332761 6.85788295415 -16.9783837146 7.9566711748
7.50127317195 0 4.54894267419 6.83868594115 -16.977125674 7.95381702763
7.50243333306 0 4.56203216758 6.83101333698 -16.9761479171 7.95163782744
7.50391924269 0 4.55283571161 6.81092607705 -16.97487145 7.948841197
7.5094283276 0 4.57226222416 6.75692640813 -16.9699020335 7.93841734321
7.51173541276 0 4.56423775246 6.72753397472 -16.9677101768 7.9340258318
7.52047566952 0 4.57809851238 6.63538619241 -16.9588138896 7.91724462866
7.52601199721 0 4.58407640103 6.5742266298 -16.9526941431 7.90649376145
7.52826578368 0 4.58696361868 6.55095245489 -16.9500953196 7.90208957474
7.52906754795 0 4.5881098491 6.5416395075 -16.9491558151 7.90051892174
7.5318477612 0 4.59322669635 6.51439250122 -16.9458370325 7.89505648856
7.53555529659 0 4.59654976229 6.47173367402 -16.9412641724 7.8877330115
7.53592246511 0 4.60197118326 6.46985805475 -16.9408021615 7.88700528942
7.53922824127 0 4.60266807085 6.43511238166 -16.9365682834 7.88043314639
7.54128109613 0 4.60537802274 6.41177020099 -16.9338718909 7.87633350224
7.54160836626 0 4.60417927808 6.4063968979 -16.9334372705 7.87567861478
7.54934914799 0 4.6184530957 6.32502342431 -16.9227762904 7.8600819264
7.5542166101 0 4.61923359423 6.27078841243 -16.9156984357 7.850167605
7.55457069767 0 4.6197348794 6.26610603807 -16.9151722894 7.84944309673
7.55901889133 0 4.62468305025 6.21926025049 -16.9084325949 7.84030308792
7.56363758441 0 4.63474132466 6.17040515358 -16.9011798296 7.83073640923
7.56455777373 0 4.63094099579 6.15830204978 -16.8997038683 7.82882100812
7.5669750929 0 4.64500217385 6.13639838911 -16.8957775343 7.82377422086
7.57624419378 0 4.64331594213 6.03149396989 -16.8800647222 7.80421683317
7.5768241938 0 4.64559706828 6.02749791756 -16.8790468766 7.80298203467
7.58234604605 0 4.6494068086 5.96563933583 -16.8691524671 7.79115988428
7.58801320409 0 4.65486647407 5.90442933854 -16.8586139736 7.77889990963
7.58813791429 0 4.6567372457 5.90513557727 -16.8583776988 7.77862865504
7.59210526915 0 4.67020582215 5.86357204788 -16.8507631064 7.76996602494
7.59583210749 0 4.66211830018 5.81958717607 -16.8434370133 7.76176913364
7.59633562577 0 4.66440479042 5.81557747196 -16.8424343622 7.76065722533
7.59709373051 0 4.66329254794 5.80543704227 -16.8409189871 7.75898110488
7.60589459951 0 4.67279355186 5.71174196776 -16.8228199737 7.73934357936
7.61506200767 0 4.68032029656 5.61249918736 -16.8029760859 7.71852896963
7.61568722972 0 4.67906464689 5.60233359317 -16.8015859429 7.71709575387
7.61871764469 0 4.68144794166 5.56922305808 -16.7947815259 7.71012397284
7.61895308587 0 4.68340465498 5.56993101163 -16.7942482598 7.70958056845
7.62101130766 0 4.68508194235 5.54627323273 -16.7895581549 7.70481934211
7.62392466625 0 4.68541593158 5.51243386079 -16.7828326338 7.69804662797
7.62712209526 0 4.68964187219 5.47999933491 -16.7753343235 7.69056815701
7.63255017015 0 4.69614503246 5.42025415836 -16.762324819 7.67776226306
7.63702408533 0 4.69469613868 5.37031531194 -16.75133745 7.66710164077
7.6424434553 0 4.70974127096 5.31494892169 -16.7377082545 7.65405793783
7.64716871465 0 4.71278113036 5.26276362023 -16.7255390514 7.64256656613
7.64773272643 0 4.70611837307 5.25424389991 -16.7240687653 7.641187496
7.64915281625 0 4.70255245038 5.23750347994 -16.7203500634 7.63770813617
7.65282109495 0 4.71622275713 5.20106178205 -16.7106331933 7.62867326581
7.6545352235 0 4.71724915225 5.18207076375 -16.7060378368 7.62442790035
7.65532441157 0 4.70825179016 5.17175403888 -16.703910395 7.62246825787
7.66164376812 0 4.70989447284 5.0998024973 -16.6866085788 7.60666026832
7.66356117934 0 4.71292242966 5.08150932717 -16.6812652704 7.60182254398
7.66703316127 0 4.71478835706 5.04349575317 -16.6714790097 7.59301304689
7.66724135175 0 4.71292979636 5.0380329236 -16.6708876626 7.5924827638
7.66820912253 0 4.71338293735 5.02852785852 -16.668132062 7.59001470621
7.66989745543 0 4.71427823364 5.00951616446 -16.6632982411 7.58569700728
7.67063790955 0 4.72603100579 5.00628784112 -16.6611676372 7.58379854869
7.67119104129 0 4.71494012649 4.99525605829 -16.6595718122 7.58237843634
7.67184160066 0 4.72668762368 4.99202691165 -16.6576902755 7.58070606968
7.67701765685 0 4.71982686645 4.93416075547 -16.6425421285 7.56731807751
7.68058496272 0 4.73085745547 4.89692717161 -16.631918165 7.55800542229
7.68086779419 0 4.72166878659 4.89136092335 -16.6310694349 7.55726405413
7.68172886732 0 4.72206832852 4.88184871326 -16.6284796969 7.55500423273
7.68525242793 0 4.72363122415 4.84379600424 -16.6177913993 7.54571365642
7.69286471544 0 4.72478943782 4.75744526023 -16.5942020992 7.52540213779
7.6941372656 0 4.72531103624 4.74316961299 -16.5901922847 7.52197422061
7.69457835628 0 4.7254831958 4.73841092522 -16.5887979717 7.52078384986
7.70188122943 0 4.73239164968 4.65985834426 -16.5653818217 7.50091046558
7.71030293666 0 4.73332066722 4.56777380116 -16.5376037073 7.47759964067
7.71105040498 0 4.73140408277 4.55754016546 -16.5350982529 7.47551004208
7.7143763501 0 4.74380637512 4.52572526413 -16.5238709753 7.46617083833
7.71666401456 0 4.73315793067 4.49565110836 -16.5160737816 7.45970773111
7.72911905957 0 4.74788991697 4.36385031091 -16.4725551366 7.42394713662
7.72973186147 0 4.73669539781 4.35282446119 -16.470367509 7.42216234832
7.73005086744 0 4.74077259714 4.35033817704 -16.4692269749 7.42123229031
7.73373752378 0 4.73987819202 4.31069171404 -16.455960669 7.4104364109
7.73646218158 0 4.74959647158 4.28291641498 -16.4460550308 7.4024011107
7.74077153888 0 4.75049892594 4.23531218929 -16.430213018 7.38959336893
7.74137709731 0 4.73929033621 4.2242921731 -16.4279696927 7.3877838158
7.75416580828 0 4.74378832648 4.08698984986 -16.3796067284 7.34899591047
7.75911144021 0 4.74221394315 4.02918163755 -16.3603999541 7.3336981842
7.7608681044 0 4.74243589438 4.01015308304 -16.3535103266 7.32822386051
7.76097981022 0 4.74475928442 4.01086790129 -16.353071022 7.32787502492
7.76364737159 0 4.7450779012 3.98232790435 -16.3425378965 7.31951890309
7.76456155099 0 4.74517866319 3.97281533267 -16.3389094417 7.31664378999
7.76665281417 0 4.74541874409 3.94903564504 -16.3305731197 7.31004463715
7.76849543414 0 4.75457473626 3.93078834297 -16.3231865516 7.3042045204
7.77145333796 0 4.74588804777 3.89672963058 -16.3112480801 7.29477915344
7.77616176392 0 4.74627760508 3.84443751556 -16.2920385576 7.27964659351
7.77824819147 0 4.74406419411 3.81995783577 -16.28344562 7.27288981656
7.77841056354 0 4.74642871324 3.82067333524 -16.2827748154 7.272362659
7.78328193084 0 4.75561017636 3.76917234921 -16.262510528 7.25645776531
7.78897620073 0 4.74822562692 3.70328960438 -16.2384817919 7.2376445636
7.7929503636 0 4.74463934294 3.65845439878 -16.2214940631 7.22437119758
7.79323467781 0 4.75589538051 3.65993478038 -16.2202719054 7.22341706334
7.79340255885 0 4.74464549278 3.6537070048 -16.2195498204 7.22285338262
7.79414271542 0 4.75590489138 3.65043982915 -16.2163624841 7.22036568153
7.79424585072 0 4.74465598804 3.64421271856 -16.2159178614 7.2200187104
7.79526642731 0 4.74706792136 3.63543523178 -16.2115116164 7.21658091471
7.79533280367 0 4.74706792136 3.63543523178 -16.2112246353 7.21635705382
7.80011512393 0 4.75590459513 3.58399442678 -16.1904172705 7.20013997425
7.80702441544 0 4.74697376052 3.50734214408 -16.1599007992 7.17639994981
7.81816157587 0 4.74403566758 3.38341274663 -16.109582967 7.13734696445
7.81886508826 0 4.75519892426 3.38014726194 -16.1063578671 7.13484699501
7.81980828151 0 4.74392481488 3.3644699544 -16.1020253262 7.13148907877
7.8281165523 0 4.74328290839 3.27454275354 -16.0634327116 7.10159972444
7.83682994775 0 4.74490486636 3.1806967853 -16.0221332585 7.0696451957
7.83786265385 0 4.75344838848 3.17199182565 -16.0171826446 7.06581615136
7.84650066456 0 4.75233445806 3.07754325273 -15.9753114888 7.03343641399
7.84859211514 0 4.74343955332 3.05320789438 -15.9650496865 7.02550119843
7.84929744042 0 4.74079286792 3.04305474671 -15.9615781041 7.02281665313
7.85296953009 0 4.75137627255 3.00678245883 -15.9434157425 7.00877103843
7.8537146223 0 4.74267938665 2.99661398288 -15.9397123722 7.00590685594
7.85857508879 0 4.74192606442 2.94477499503 -15.9154045149 6.98710429067
7.8655143963 0 4.7407370123 2.86944181322 -15.8802513265 6.95989999253
7.86955280731 0 4.74850567114 2.82783634614 -15.8595511874 6.94387106115
7.87059842771 0 4.73720551827 2.81227937254 -15.8541625331 6.93969703147
7.87759937259 0 4.7384028126 2.73781666686 -15.8177761488 6.91149500771
7.88166987202 0 4.74601199715 2.69629469712 -15.796375488 6.89489209861
7.88458417348 0 4.7369321591 2.66272806535 -15.7809432175 6.88291131352
7.89164640071 0 4.74374303806 2.58845871782 -15.74316527 6.85355028493
7.89279327848 0 4.73506440118 2.57368602418 -15.7369794786 6.84873799664
7.89458275319 0 4.74301528904 2.55567975243 -15.7272994782 6.84120455039
7.89595406 0 4.74269826935 2.54163759752 -15.7198581898 6.83541099276
7.90075309565 0 4.74151015309 2.49018088487 -15.6936574489 6.81499469712
7.90726021532 0 4.7398270131 2.42009346335 -15.6577367657 6.78695807449
7.90859485436 0 4.73144787643 2.40171365544 -15.6503132812 6.78115688002
7.91938605904 0 4.73650295828 2.28952366238 -15.5895931264 6.73360861073
7.92098545381 0 4.72778109826 2.27018934829 -15.5804882284 6.72646308294
7.9242729319 0 4.72412142712 2.23224513186 -15.5616883654 6.71169528796
7.92481480672 0 4.72667529695 2.22831348588 -15.5585785933 6.70925067626
7.92707197316 0 4.73425027491 2.20577292714 -15.5455914851 6.69903579767
7.92945513115 0 4.72260730571 2.17646392939 -15.5318210031 6.68819469561
7.94041165429 0 4.72204880948 2.06119567844 -15.4677412399 6.6376044635
7.94113678833 0 4.71907284632 2.05121045135 -15.4634557391 6.63421247147
7.94634085842 0 4.71744970558 1.99565903717 -15.432538353 6.60970787885
7.94937952263 0 4.71648916616 1.96328821097 -15.4143546782 6.59526792185
7.95488643031 0 4.72561531888 1.90927026476 -15.3811553895 6.56884903371
7.9569395681 0 4.71685623219 1.88550017798 -15.3686969477 6.55891637894
7.95943952846 0 4.71601129283 1.8578284747 -15.3534680786 6.54676089013
7.95972220725 0 4.71585129424 1.85406004303 -15.3517420194 6.54538218643
7.96576664187 0 4.72202178184 1.79402848637 -15.314636181 6.51569434794
7.96795352167 0 4.7130704896 1.76654625233 -15.3011182171 6.50485509984
7.97050668197 0 4.72040879055 1.74343150517 -15.2852737107 6.49213392922
7.98105141453 0 4.70597073474 1.62729172239 -15.2191247105 6.43882876557
7.9839906681 0 4.70750817375 1.59671305451 -15.200483176 6.42374841399
7.98422709915 0 4.70771127575 1.59595229977 -15.1989798311 6.42253112145
7.98738199302 0 4.71456052006 1.56460380083 -15.1788648781 6.40622709928
7.99024715265 0 4.70561134128 1.53192197062 -15.1605093319 6.39132216443
7.99233228899 0 4.7020543596 1.50836305383 -15.1470984809 6.38041594009
7.99310743691 0 4.7017504517 1.49923170199 -15.1421017446 6.3763488254
7.99311212621 0 4.7017504517 1.49923170199 -15.142071498 6.37632420011
8.00758668596 0 4.69952276505 1.34964576683 -15.0476483701 6.29909563294
8.01346429999 0 4.69694340825 1.28675221192 -15.0087039687 6.26703233473
8.01414104094 0 4.69721617263 1.28155590787 -15.0041977269 6.26331418781
8.02137655041 0 4.69174244233 1.20384761029 -14.9557322968 6.22321704214
8.02308094201 0 4.69112187606 1.18576088171 -14.9442398478 6.21367974045
8.02349108137 0 4.69096671391 1.18124089676 -14.9414700271 6.21137944616
8.03736673317 0 4.68600433366 1.03696570416 -14.8467802621 6.13234120116
8.03749185435 0 4.68888162112 1.03768519752 -14.8459177617 6.13161765215
8.03767321528 0 4.6965253212 1.03834481383 -14.8446673091 6.13056853398
8.0394581333 0 4.68748777813 1.01578027722 -14.832343337 6.12022140434
8.04956503225 0 4.68168543006 0.911319861936 -14.761970607 6.06087599676
8.05407197143 0 4.69061675983 0.86795659013 -14.730267689 6.03399403925
8.05689959434 0 4.67908450892 0.83531456359 -14.7102765946 6.01699544831
8.05705962895 0 4.68199219623 0.836033773538 -14.7091428393 6.01603030097
8.07593673657 0 4.67247052952 0.639611384646 -14.573673627 5.89984053995
8.07804587482 0 4.67173260421 0.617467528524 -14.5583250468 5.88656639833
8.08398253686 0 4.68018712704 0.561344573987 -14.5148950441 5.84888300395
8.08710281851 0 4.67064015671 0.525808934553 -14.4919340326 5.82888613759
8.08770585527 0 4.67147960934 0.52098990457 -14.4874858541 5.8250062424
8.09051420554 0 4.67799849649 0.495186163282 -14.4667252582 5.80687229909
8.09659469335 0 4.67598822539 0.433603989777 -14.4215202357 5.7672397784
8.10107991908 0 4.66413804271 0.383981685635 -14.3879520482 5.7376784181
8.10335073389 0 4.66642139716 0.362792361289 -14.3708849303 5.72260533712
8.12326719319 0 4.6603267985 0.162244334552 -14.2191383221 5.58729148413
8.12744234604 0 4.65605798383 0.118173367199 -14.186862327 5.55820624338
8.12827902028 0 4.65752520226 0.110497050057 -14.1803751799 5.55234736807
8.13633128469 0 4.65661957472 0.0324509845814 -14.1176148092 5.49543861921
8.15911590583 0 4.64763714155 -0.195561334296 -13.936846519 5.32919737248
8.1610042856 0 4.65027162112 -0.211893081358 -13.9216555711 5.31506769396
8.17280564526 0 4.6545897921 -0.325964032356 -13.8260038531 5.22552199806
8.17539509969 0 4.65402369415 -0.351351978679 -13.8048515393 5.20558480255
8.17963417048 0 4.6461813209 -0.394184753548 -13.7700971453 5.17271987169
8.18859467046 0 4.64134832806 -0.483266893181 -13.6961175588 5.10231651412
8.19348386201 0 4.64358043543 -0.528664115457 -13.6554577004 5.06336217747
8.20458671653 0 4.63867252795 -0.637881285878 -13.5623593211 4.97346806612
8.20778943607 0 4.64133256155 -0.666261579167 -13.5353083675 4.94716399772
8.22620898517 0 4.63710967165 -0.843936249525 -13.3780485349 4.79258523385
8.23740212643 0 4.6448796623 -0.945634358463 -13.2810999348 4.69586151245
8.24368028622 0 4.63472272445 -1.00800271917 -13.2262694829 4.6406703204
8.24402611998 0 4.63470107361 -1.01206621204 -13.2232397442 4.63761031096
8.24490301032 0 4.634659326 -1.02018990059 -13.2155532055 4.62984210525
8.24809514455 0 4.63767012364 -1.04787729607 -13.1875189654 4.60145072979
8.25216585477 0 4.64411172917 -1.08374325347 -13.1516485046 4.56498725224
8.25755551743 0 4.63429130801 -1.13748587718 -13.1039491247 4.51626174211
8.25769876645 0 4.63744024482 -1.13677577194 -13.1026781492 4.5149597044
8.25824675196 0 4.64397285914 -1.14023967526 -13.0978146284 4.50997553347
8.26790208093 0 4.63433332865 -1.23384609401 -13.0117258476 4.42128063277
8.29514675429 0 4.63603375482 -1.48364735247 -12.7648334115 4.16191511178
8.30368137353 0 4.64652080195 -1.55682039846 -12.6863070524 4.07784551218
8.30503420789 0 4.64669259479 -1.56853292014 -12.6738085974 4.06439380724
8.30578377156 0 4.64050869695 -1.57687908832 -12.6668775928 4.05692575019
8.30672456258 0 4.64693066854 -1.58413285818 -12.6581723183 4.04753741536
8.3164582072 0 4.63905951975 -1.67470300984 -12.5677125049 3.94941568181
8.31890220931 0 4.64889024108 -1.69279269729 -12.5448871801 3.92449382908
8.32183450188 0 4.64946163682 -1.71980902027 -12.5174426427 3.89444098772
8.32309337685 0 4.64349997288 -1.73190559083 -12.5056406529 3.88148791179
8.33271657413 0 4.65177528336 -1.81580529772 -12.4150350651 3.78145308358
8.33723804313 0 4.6435765589 -1.85903236259 -12.3722286981 3.7338256794
8.3411113059 0 4.64460230687 -1.89327669506 -12.335440499 3.69270541881
8.35109652382 0 4.64748835234 -1.98032831477 -12.2401003607 3.58532138924
8.3779342772 0 4.65723047581 -2.21163199029 -11.9803418988 3.28669052006
8.38032437973 0 4.66137463421 -2.22937087517 -11.9569651165 3.2593753921
8.38196183895 0 4.66212110419 -2.24409719041 -11.9409270572 3.24059292757
8.38321391557 0 4.65945816158 -2.25582596863 -11.9286512402 3.22619312355
8.39185483505 0 4.66342537705 -2.32906256086 -11.8436417054 3.12591697218
8.39220787089 0 4.66363217424 -2.33271054006 -11.8401577869 3.12178651432
8.39640902818 0 4.67462806495 -2.36428070222 -11.798634545 3.07243041199
8.39855748072 0 4.67570129437 -2.38244217131 -11.7773540572 3.04704456251
8.39929399893 0 4.67028911652 -2.39020202953 -11.7700517311 3.03831924375
8.40631490893 0 4.6739613808 -2.4480260429 -11.7002610049 2.95455996413
8.40760764671 0 4.67467434259 -2.45882943132 -11.6873751533 2.93902183447
8.4145358577 0 4.67860415921 -2.51624293847 -11.6181289511 2.8551301677
8.42127545145 0 4.67950545805 -2.57400315739 -11.550468523 2.77251712054
8.43930966614 0 4.70004279804 -2.71746110803 -11.3679916543 2.54651487982
8.44185529943 0 4.69621218273 -2.73892180976 -11.3420692377 2.51402731804
8.44702552049 0 4.69996177058 -2.78071696303 -11.2892968059 2.44759352982
8.45253241674 0 4.7009170708 -2.82645718433 -11.2329071768 2.37616527027
8.468534002 0 4.71373692705 -2.95338035811 -11.0680126122 2.16465790947
8.47051910411 0 4.72396487347 -2.96582456548 -11.0474498838 2.13800469386
8.49148173479 0 4.73433522694 -3.13179976238 -10.8289084103 1.85087640233
8.49904602128 0 4.74477149328 -3.18749136946 -10.7494331119 1.74469196545
8.52347184461 0 4.76687089012 -3.37456363022 -10.4906497221 1.39228789921
8.52449750573 0 4.76863668635 -3.3805490016 -10.4797130219 1.37716780131
8.53187809546 0 4.7803580838 -3.43435239705 -10.4008504352 1.26758853659
8.53568510486 0 4.78170126254 -3.46369605051 -10.3600612791 1.21053077368
8.54787178523 0 4.79654769885 -3.55211213438 -10.2289925481 1.02541033542
8.55159205849 0 4.80933009394 -3.57604270963 -10.1888318414 0.968141682322
8.56668345395 0 4.82926248595 -3.6844915483 -10.025222106 0.732158357517
8.581549828 0 4.84109510586 -3.79283913141 -9.86298903777 0.493859648418
8.58897088444 0 4.85307823027 -3.84326730806 -9.78162266145 0.372707272953
8.6045532096 0 4.87704869875 -3.94998837335 -9.60997339723 0.113487648944
8.61452633513 0 4.89311285842 -4.01711936816 -9.49956108782 -0.0558973516673
8.61476126691 0 4.89635096236 -4.0164599618 -9.49695509646 -0.0599204993609
8.61730243171 0 4.90063758488 -4.03383741802 -9.46875239812 -0.103534934172
8.6181511417 0 4.90207540588 -4.03961741334 -9.45932715161 -0.11814135299
8.61837589094 0 4.89817230907 -4.04395807373 -9.4568307265 -0.122012666788
8.62454966683 0 4.90976790164 -4.08342525433 -9.38817368986 -0.228905777265
8.63124241929 0 4.92896172294 -4.12515346838 -9.31357062285 -0.345988310972
8.63587024815 0 4.93254261116 -4.15672632645 -9.26188063182 -0.427684315575
8.68427984005 0 5.02238122942 -4.46371718788 -8.71639075016 -1.31918518467
8.6924781453 0 5.03777638765 -4.51475156177 -8.62320699424 -1.47698434938
8.69314928705 0 5.04373856964 -4.51566759255 -8.61556908737 -1.4899916158
8.7043591391 0 5.06804667283 -4.58307504584 -8.48778772945 -1.70925921885
8.70952537052 0 5.07635048684 -4.61445458951 -8.42876881454 -1.81159756514
8.71750379275 0 5.10150354189 -4.65911231796 -8.33746937449 -1.97124998874
8.77248256196 0 5.2320948974 -4.96672116279 -7.7037777726 -3.12571368152
8.78482983887 0 5.2625588321 -5.0337737593 -7.56051164167 -3.39836900749
8.79055990344 0 5.27795653625 -5.06310229912 -7.49392460661 -3.52661056867
8.79975278579 0 5.30637876396 -5.10927521168 -7.38697274767 -3.73463565345
8.80306351072 0 5.31305724538 -5.12751854772 -7.34841927524 -3.81024720798
8.80448013957 0 5.31985113544 -5.1334914513 -7.3319170234 -3.84271339191
8.80974082267 0 5.33471907067 -5.1596800678 -7.27060713758 -3.96387035539
8.8220000553 0 5.37408635255 -5.21951248386 -7.1275697181 -4.24985735653
8.82221152843 0 5.37138690523 -5.22198106502 -7.1251004061 -4.25483572895
8.82575122803 0 5.38168589358 -5.23892128075 -7.08375927644 -4.33839328132
8.8512049328 0 5.45704878057 -5.36115737188 -6.78602730512 -4.95204749702
8.85928030069 0 5.48872094543 -5.39618286004 -6.69142870797 -5.15148594489
8.86315963313 0 5.50125051248 -5.41395775728 -6.64596451792 -5.24811817782
8.90327632266 0 5.63297856398 -5.59001044183 -6.17528468078 -6.27928458931
8.91717964312 0 5.68211364617 -5.64712439786 -6.01204452097 -6.65047471236
8.92813410297 0 5.72496057836 -5.69024247648 -5.88343017091 -6.94804851301
8.93051540875 0 5.72798389524 -5.70138782318 -5.85547425155 -7.01333704991
8.94343804985 0 5.77638196786 -5.75181111918 -5.70379513635 -7.37141351474
8.95124871677 0 5.80595717841 -5.78134153874 -5.61215143342 -7.5909542496
8.95237346046 0 5.81566431237 -5.78372578629 -5.59895731805 -7.62276283136
8.962447395 0 5.84597512381 -5.82499232275 -5.48081781265 -7.90985718966
8.96300399239 0 5.85107262824 -5.82462017039 -5.47429250567 -7.92583510187
8.96453251156 0 5.86247422927 -5.82849839576 -5.45637401297 -7.96977589229
8.97790399736 0 5.91542910416 -5.87653834804 -5.29970647373 -8.35809497227
8.99285194124 0 5.97045434034 -5.92968284788 -5.12477907748 -8.80061094547
9.01829157671 0 6.08137066542 -6.01103234918 -4.82773251808 -9.5744783711
9.01931477335 0 6.0808537256 -6.01594852707 -4.81580552974 -9.60615758088
9.03126291502 0 6.13714712629 -6.05134557325 -4.67666378039 -9.9792904611
9.04750654205 0 6.20345822535 -6.1010632524 -4.4879283563 -10.4961241831
9.05327055626 0 6.23133070805 -6.11672170333 -4.42108677982 -10.6821948962
9.05781063406 0 6.25001025762 -6.13072103114 -4.36849006615 -10.8297487599
9.07179994417 0 6.31314627569 -6.16878543533 -4.20672792261 -11.2899498742
9.11301847394 0 6.51029895703 -6.27137855754 -3.73315515489 -12.6954214982
9.16238415598 0 6.75731001253 -6.3757186828 -3.17329964374 -14.4789556184
9.19200072423 0 6.91421179221 -6.42777797345 -2.84206497553 -15.6032150741
9.24439981064 0 7.19818601266 -6.50296980994 -2.26624153594 -17.6956278927
9.26519543357 0 7.31607703535 -6.52638426628 -2.04180595989 -18.5636679529
9.29362666141 0 7.47968601263 -6.55322468427 -1.73916377969 -19.7859727708
9.31013140547 0 7.57709968345 -6.56543363478 -1.56585376586 -20.5147020814
9.31440289853 0 7.60296032521 -6.56828573283 -1.52129879636 -20.7056228039
9.36032996494 0 7.88266877063 -6.58939312149 -1.05048549192 -22.819793412
9.37328741115 0 7.96362317538 -6.59237744226 -0.920537294177 -23.4369160864
9.42646531057 0 8.30434018282 -6.5907280306 -0.401800616364 -26.0675405631
9.43037753694 0 8.3296315344 -6.58981793116 -0.364615388822 -26.2674011734
9.46543958503 0 8.5599394093 -6.57660954817 -0.0377582753961 -28.0982039612
9.47390028938 0 8.61390083725 -6.57246036067 0.0393297283261 -28.5507895593
9.53497468774 0 9.02758171512 -6.52473597092 0.573686289131 -31.9455978314
9.53674003014 0 9.03949407 -6.52300651579 0.588526673925 -32.0471194607
9.6735817772 0 10.0052789461 -6.32486733578 1.6219507343 -40.5253014853
9.76812303334 0 10.6914571698 -6.12300017406 2.18231049527 -47.123484244
9.80923185357 0 10.9929531774 -6.02013501716 2.38106166151 -50.1931869392
9.97002895022 0 12.168015051 -5.54335600475 2.85898902906 -63.4459518225
