1.77034980863 -2 4001.87314739 -2552.50231931 -414.024263863 4283.82058643
1.8432278434 -2 2878.86184582 -1836.77915982 -420.544909773 3396.1414249
2.31646863451 -2 215.935194342 -147.42124203 -173.018889125 651.283221451
2.33512630927 -2 189.203672662 -130.277639051 -164.223226173 606.862352135
2.45692219066 -2 68.6298799927 -52.2494446254 -114.552099839 378.268827543
2.48579163325 -2 50.5838308254 -40.3835544904 -104.689635991 337.142972439
2.62338254656 -2 -0.791118287035 -5.73865993101 -66.6495455891 191.448431941
2.66057751736 -2 -7.7721940337 -0.774766968106 -58.6292544611 163.435639024
2.67432180343 -2 -9.83533544612 0.727053282634 -55.8800270098 154.063497414
2.68771619993 -2 -11.6093619003 2.03767236338 -53.3069410688 145.401245196
2.69564571163 -2 -12.5568618897 2.74697188842 -51.8317481216 140.483524142
2.6958551585 -2 -12.5809134693 2.76507819095 -51.7932597095 140.355696695
2.77642195416 -2 -18.6447175861 7.64474488094 -38.6854959568 98.3009241
2.79288973227 -2 -19.2465775626 8.2214862619 -36.3910237786 91.2601085421
2.80088896053 -2 -19.4774920352 8.4605501648 -35.3195138695 88.0071761433
2.82161402402 -2 -19.9071290072 8.96657690401 -32.6691326528 80.0601194515
2.83820738572 -2 -20.093580206 9.26500794196 -30.6727592053 74.1703562342
2.84523511219 -2 -20.1346744534 9.36554803779 -29.8595890298 71.7958386958
2.84993723142 -2 -20.1504492848 9.42474610726 -29.3259828834 70.2455551212
2.86424727594 -2 -20.144290806 9.56764553196 -27.7524685154 65.711171471
2.87842567569 -2 -20.0644291349 9.65794759184 -26.2660003309 61.4799643326
2.91838323924 -2 -19.5103798108 9.68017812171 -22.4411506784 50.8400136788
2.99775736577 -2 -17.4293127378 9.00211814684 -16.2460690741 34.4555943977
3.02880159727 -2 -16.4076891725 8.57096938748 -14.2592194746 29.4585008826
3.03939363638 -2 -16.0442385924 8.41026503617 -13.630701794 27.9074318994
3.04759783229 -2 -15.7588618303 8.28188668608 -13.1602481755 26.7563100011
3.05192664923 -2 -15.6071383012 8.21301221089 -12.9176398868 26.1660778514
3.06671367828 -2 -15.0840192127 7.97196177249 -12.1173328717 24.2359074835
3.08083304238 -2 -14.5794508262 7.73507694375 -11.3927666132 22.5115905663
3.10046009441 -2 -13.8739340055 7.39757344454 -10.4465248109 20.2948207787
3.1095014817 -2 -13.5475691476 7.23864671956 -10.0333890588 19.3400762674
3.11363412366 -2 -13.3985062554 7.16568755015 -9.84916199532 18.9170064335
3.14177250774 -2 -12.3891189089 6.66529837333 -8.6682229127 16.2461902011
3.18230002403 -2 -10.9678884905 5.94504239933 -7.1747715439 12.9800131832
3.30681810541 -2 -7.04551226038 3.88681633785 -3.81868939552 6.21541591285
3.3131140677 -2 -6.86915017518 3.79231279326 -3.68922406127 5.97469797795
3.33652743523 -2 -6.2332150017 3.45051033075 -3.23576924577 5.14653113725
3.33763982571 -2 -6.20376181936 3.43458831016 -3.21528216736 5.10968903919
3.35191143561 -2 -5.83256482827 3.23421872034 -2.96054324789 4.65598103304
3.35515579443 -2 -5.74978044721 3.18943223391 -2.90468276749 4.55760637226
3.3694538057 -2 -5.392378364 2.99577769232 -2.66719380974 4.14406948948
3.37171981058 -2 -5.33675224271 2.9656213498 -2.63082400429 4.0814310627
3.40553697876 -2 -4.54216052919 2.5331363579 -2.126750119 3.23366140841
3.40645287465 -2 -4.52158973488 2.52192164277 -2.11406027312 3.21283766766
3.44119637405 -2 -3.77357252041 2.11247320204 -1.66696499107 2.49720942291
3.44469822014 -2 -3.70183112057 2.07311028872 -1.62542427645 2.4326090165
3.45981080518 -2 -3.39975918676 1.90713403509 -1.45305039617 2.16827624713
3.47079374606 -2 -3.18772920883 1.790353874 -1.33454160028 1.99018948032
3.47430388468 -2 -3.12125787577 1.7537644329 -1.29782061667 1.93563845084
3.48896379661 -2 -2.85053620719 1.60445869084 -1.15027335886 1.71959362812
3.50917349196 -2 -2.49493117333 1.40793080495 -0.961495889784 1.45095881694
3.51126158448 -2 -2.45937229521 1.38819963086 -0.942910895876 1.42501185283
3.51791720477 -2 -2.34732563867 1.32616950017 -0.884778474256 1.34445662367
3.5188040559 -2 -2.3324999119 1.31804789911 -0.877157876724 1.33396557703
3.52359962437 -2 -2.25326662428 1.2741216482 -0.836452865235 1.27820408467
3.52574461775 -2 -2.21811327263 1.2546261871 -0.818517813261 1.25378424808
3.5278124682 -2 -2.18452061734 1.23595517136 -0.801384879537 1.23054299634
3.53076166355 -2 -2.1369344426 1.20957720557 -0.77721392858 1.19789970925
3.54714501159 -2 -1.87960437183 1.06677298474 -0.648435994869 1.02694122168
3.57774043944 -2 -1.43105255426 0.817260849091 -0.431269145175 0.750791628177
3.58974682911 -2 -1.26589792873 0.72512793413 -0.35370390729 0.656199542491
3.59149578805 -2 -1.24237588825 0.712009792102 -0.342743681867 0.643016781762
3.5949991145 -2 -1.19549511706 0.685878632976 -0.321042228076 0.617052137955
3.61776138349 -2 -0.903080075064 0.522541214232 -0.187947442725 0.461971990941
3.70990932552 -2 0.0900586939055 -0.0350503446817 0.2315652038 0.0279438120987
3.71842160709 -2 0.167999472013 -0.0789969722697 0.262212210137 9.81990506165e-05
3.74541780764 -2 0.401393533698 -0.210872337802 0.351879108518 -0.077795973036
3.75623792631 -2 0.489415765387 -0.260636999196 0.384811046546 -0.104994002278
3.75742376057 -2 0.498887085235 -0.265982966147 0.388321383573 -0.107846509022
3.76998693964 -2 0.59679335225 -0.321536969477 0.424353722012 -0.136594152202
3.77538044454 -2 0.637722200979 -0.344697891656 0.439191467444 -0.148144955072
3.7958269861 -2 0.786128729108 -0.429014932065 0.49218252252 -0.187982381952
3.79815603879 -2 0.802444126366 -0.438256237359 0.497904686555 -0.192148854148
3.80477539689 -2 0.848960406518 -0.464459180996 0.513831629561 -0.203603738368
3.80605799408 -2 0.85796431143 -0.469494409865 0.516861079115 -0.205758751093
3.8075555481 -2 0.868416916243 -0.475321299319 0.520375302885 -0.208249017477
3.86327547457 -2 1.22351187081 -0.674899923563 0.634966608666 -0.283660821909
3.86460737381 -2 1.23121307686 -0.679172678845 0.637351987756 -0.285109481044
3.8703872649 -2 1.26440736122 -0.697896436242 0.647529227518 -0.291234799242
3.89462669181 -2 1.39731415603 -0.772647455473 0.687260957751 -0.314302880028
3.89912847905 -2 1.42086407303 -0.785928122149 0.694141338154 -0.318164839954
3.91619468167 -2 1.50727855878 -0.834594895243 0.71889783123 -0.33175647746
3.93013256905 -2 1.57455348457 -0.872547476899 0.737636553871 -0.341751743683
3.95334292859 -2 1.68021734178 -0.932056056625 0.76611148587 -0.356544166822
3.9651561036 -2 1.7311687146 -0.960692516714 0.779383476569 -0.36332162173
3.97441749826 -2 1.7698296129 -0.982481084375 0.789248394899 -0.368334066776
3.98352280311 -2 1.80682735351 -1.00337728485 0.798503788517 -0.373032692917
3.98897609924 -2 1.82851819589 -1.0155600107 0.803843573393 -0.375747974393
3.99224726142 -2 1.84127888347 -1.02269389054 0.806975361865 -0.377343816057
4.00234540239 -2 1.88007662244 -1.044548028 0.816314898677 -0.382126815589
4.00642707744 -2 1.89545187255 -1.05314125165 0.819952603748 -0.384003347887
4.01308960822 -2 1.92009030258 -1.06701429873 0.825725492392 -0.387002895192
4.0136194529 -2 1.92205419795 -1.06809061097 0.826175944152 -0.387238240826
4.03560800673 -2 1.99999094133 -1.11190491055 0.843791291766 -0.396648487598
4.03793743932 -2 2.00789017513 -1.1163206749 0.845538245245 -0.397610002778
4.04593874218 -2 2.03482192755 -1.13141936277 0.85137252201 -0.400870700303
4.04715688756 -2 2.03887261792 -1.13368477324 0.852238515298 -0.401361856011
4.05980842471 -2 2.08011145195 -1.15669923087 0.86089542095 -0.406393152917
4.06048175063 -2 2.08225207667 -1.15793451418 0.86133924528 -0.406657759507
4.06481103895 -2 2.09597322096 -1.16561304007 0.864153069102 -0.408352611071
4.06534562495 -2 2.09766638568 -1.1665216236 0.864495776626 -0.408561155769
4.06814035323 -2 2.10647373541 -1.1714999463 0.866270583296 -0.409648956102
4.07939760334 -2 2.14105218671 -1.19069152499 0.873139255937 -0.413995530219
4.09872665573 -2 2.19799758436 -1.2224438354 0.883930698599 -0.421377976985
4.12292046525 -2 2.26512212546 -1.25956084785 0.895776326038 -0.430605721741
4.14293868056 -2 2.31756344291 -1.28846390278 0.904290213196 -0.438338884795
4.14785201134 -2 2.33000174017 -1.29528570228 0.906212445079 -0.440260433242
4.15898725633 -2 2.3575864065 -1.31029490672 0.910335222441 -0.44465875596
4.1651354135 -2 2.37249766323 -1.31842964294 0.912476307911 -0.447116073077
4.17213240669 -2 2.38917915304 -1.32755132702 0.91479929346 -0.449940265692
4.17382950899 -2 2.3931761585 -1.32969810374 0.915344805186 -0.450629936122
4.1810533603 -2 2.41007904436 -1.33882711273 0.917589989113 -0.453587029586
4.18735627123 -2 2.42453641622 -1.34663683532 0.919449077691 -0.456196777943
4.18993663854 -2 2.43037569212 -1.34985832584 0.92018382043 -0.457273499174
4.20217433625 -2 2.45768935793 -1.3645419177 0.923464869046 -0.462448928395
4.2032098471 -2 2.45996722636 -1.36573557256 0.923727344302 -0.462892251705
4.21428494153 -2 2.48393152865 -1.37855385681 0.926390647005 -0.467688725442
4.22527235766 -2 2.50712489155 -1.39088821901 0.928779159998 -0.472550162456
4.23713353144 -2 2.53148938565 -1.4038111612 0.93108409319 -0.477918357136
4.2371439948 -2 2.53150651062 -1.40382378697 0.931086004108 -0.477923149139
4.25376030421 -2 2.56461195473 -1.4211816405 0.933856274065 -0.485661749386
4.26152573381 -2 2.57962596016 -1.4290047687 0.934974139001 -0.489368009237
4.26941768024 -2 2.59469286081 -1.43680750813 0.935998457948 -0.493194306299
4.26984015933 -2 2.59549203739 -1.43727877315 0.936050164771 -0.493400847475
4.27577006229 -2 2.60660286973 -1.44299984561 0.936742828026 -0.49631827107
4.27627394858 -2 2.6075574009 -1.44342661678 0.936798856581 -0.496567764333
4.29215628116 -2 2.63664472829 -1.45839087839 0.938342343509 -0.50456000155
4.29252480971 -2 2.63733195996 -1.45878069711 0.938373115308 -0.504748412783
4.29982907088 -2 2.65037128213 -1.46540871426 0.938936813605 -0.508510538294
4.31522130383 -2 2.67731216536 -1.47902885822 0.939842420482 -0.5166118604
4.31926538597 -2 2.68423453742 -1.48245625944 0.940018282663 -0.51877934086
4.32287187686 -2 2.69035954655 -1.48553245766 0.940153742868 -0.52072593652
4.32542900103 -2 2.69469701187 -1.48769780084 0.940237681766 -0.522113921807
4.32845814788 -2 2.69981496723 -1.49023549909 0.940324213162 -0.523766458262
4.33143200954 -2 2.70478557494 -1.49271173941 0.940395647168 -0.525397617615
4.37044857715 -2 2.76772841756 -1.52359667873 0.94013440611 -0.547593004146
4.372560093 -2 2.77102526239 -1.52508883946 0.940058790918 -0.548835578471
4.37883228432 -2 2.78068339993 -1.52980849935 0.939798195067 -0.552551092693
4.38290225652 -2 2.78693079485 -1.53275977198 0.939600535615 -0.55498151848
4.38487781601 -2 2.78995114475 -1.53419371505 0.939496554792 -0.556166724831
4.39130363436 -2 2.79965881563 -1.53888794366 0.939122309008 -0.560046373788
4.39237409018 -2 2.80128964925 -1.53961551711 0.939054641842 -0.560696302425
4.39338380915 -2 2.80276871954 -1.54031007414 0.938989428452 -0.56131029953
4.39368663008 -2 2.80322190867 -1.54056258981 0.938969608752 -0.561494619559
4.41314584327 -2 2.83158581815 -1.55912872286 0.937445970114 -0.573509151179
4.41324078412 -2 2.83175970859 -1.55921164912 0.937437343944 -0.573568578967
4.4282846582 -2 2.85294849163 -1.57512710754 0.935927190662 -0.583081766435
4.43976336983 -2 2.86887276444 -1.58690184443 0.93458625193 -0.59046655996
4.43986026508 -2 2.8689660172 -1.58697900587 0.934574247809 -0.590529350457
4.44252800522 -2 2.87260102019 -1.58975486651 0.9342392791 -0.592261051096
4.44568288891 -2 2.87686814527 -1.59297120617 0.933832047898 -0.594316248297
4.45029994101 -2 2.88313989692 -1.59771213351 0.933214525308 -0.597338020866
4.45922187577 -2 2.89505007282 -1.60660002362 0.931949292974 -0.603223807936
4.46311322129 -2 2.90029891948 -1.61045244474 0.931368021518 -0.605809782927
4.47058007352 -2 2.9100829237 -1.61792805835 0.930203090489 -0.610803210012
4.47102261252 -2 2.91067893685 -1.61826592688 0.930132014327 -0.611100433354
4.47384897271 -2 2.91435004594 -1.62108158022 0.929672731249 -0.61300203649
4.47977230289 -2 2.92205662931 -1.62693137565 0.928680356222 -0.617005784193
4.4856566048 -2 2.92964640252 -1.63254988588 0.927654793019 -0.621007479046
4.50267712967 -2 2.95124120283 -1.64888764611 0.924468272679 -0.632714117582
4.51181607505 -2 2.96268449839 -1.65752916887 0.922624230098 -0.639077174948
4.53109916846 -2 2.98633377559 -1.6754403781 0.918433886767 -0.65266932744
4.5442577832 -2 3.00211663435 -1.68757730749 0.915344960234 -0.662065897238
4.54982864272 -2 3.00876668994 -1.69259327409 0.913981930866 -0.666071921232
4.55031186996 -2 3.00932713491 -1.69309815075 0.913862159396 -0.666420167471
4.55052813137 -2 3.00957214772 -1.69323390929 0.913808477962 -0.666576058722
4.55464841477 -2 3.01444904754 -1.69702152511 0.91277635497 -0.669550676421
4.57315669334 -2 3.0360703363 -1.71357434283 0.907922237234 -0.683014370516
4.58658367556 -2 3.0514192658 -1.72550950544 0.904180434752 -0.692878842346
4.59923532825 -2 3.06580077246 -1.7365730151 0.900487577343 -0.702241761307
4.61015499787 -2 3.07793963861 -1.74609207123 0.897171372845 -0.710371723621
4.61365989188 -2 3.08181300722 -1.74917542758 0.896081857096 -0.712990176775
4.62550909515 -2 3.0948412749 -1.75939678224 0.892308793693 -0.721872703407
4.63565791097 -2 3.10585406934 -1.76821405342 0.888967935262 -0.729515072906
4.63651373874 -2 3.10682010201 -1.76888529286 0.888681629244 -0.730160898682
4.64800255727 -2 3.11915756722 -1.77877283753 0.884769674001 -0.738849715887
4.65587868465 -2 3.12752853055 -1.78553946608 0.882014560759 -0.744825532239
4.66001595995 -2 3.13196286078 -1.78899855186 0.88054358842 -0.747970350876
4.66478438705 -2 3.136947369 -1.79305160014 0.878828030555 -0.751599541237
4.66634788083 -2 3.13861377664 -1.79441389707 0.878260832934 -0.752790530496
4.66753301762 -2 3.13982791087 -1.79547186695 0.877829353021 -0.753693636646
4.677983901 -2 3.1507352551 -1.804349317 0.873967105849 -0.761669132024
4.68246782805 -2 3.15538016346 -1.8081147303 0.872278578328 -0.765096961091
4.6852649798 -2 3.15830610333 -1.8105494767 0.871215727537 -0.767236964352
4.68882723661 -2 3.16202066921 -1.81348405326 0.86985159746 -0.76996407279
4.69224972678 -2 3.16548054421 -1.81641509272 0.868529876494 -0.772585933227
4.69572376417 -2 3.16904363432 -1.81940346476 0.867177140207 -0.775248935777
4.69796585585 -2 3.17135251784 -1.82120838002 0.866298176047 -0.776968434863
4.69921024024 -2 3.17267831662 -1.82228556102 0.865808338347 -0.777923046125
4.70439852351 -2 3.17790124231 -1.82667780299 0.863750652369 -0.781905132175
4.70995898484 -2 3.18352679678 -1.83139914817 0.861517903875 -0.786176113903
4.71508019002 -2 3.18868116774 -1.83568440144 0.859436504888 -0.790112328697
4.71737673187 -2 3.19098923809 -1.83767559062 0.858495357679 -0.791878206731
4.72463768065 -2 3.19826791315 -1.84378974377 0.855488209273 -0.797463941797
4.74061891974 -2 3.21409720765 -1.85732334327 0.848701798176 -0.809768221397
4.74506638394 -2 3.21848529689 -1.86105429115 0.846772442576 -0.813193944904
4.74758805855 -2 3.22092385668 -1.86317458266 0.84567067743 -0.815136446273
4.75138104467 -2 3.22468231928 -1.86640261071 0.844002800847 -0.818058369251
4.75487239004 -2 3.22806194761 -1.86935882168 0.842456279949 -0.82074794073
4.75757192264 -2 3.23067896656 -1.87163711303 0.841253102414 -0.822827486484
4.76894829399 -2 3.24160900007 -1.88131836373 0.836112104142 -0.831589616003
4.7693947062 -2 3.24208440003 -1.88168936832 0.835908052327 -0.831933367905
4.77161136514 -2 3.24424885331 -1.88356275413 0.83489225036 -0.833640152061
4.77550989365 -2 3.24790261675 -1.88693232184 0.833095302888 -0.836641422538
4.77799374177 -2 3.25031174501 -1.88899568003 0.831943512658 -0.838553211663
4.79922951419 -2 3.27043066259 -1.90709879062 0.82187814316 -0.854880817896
4.80797928494 -2 3.27855157218 -1.91465815155 0.817618231968 -0.861596367057
4.81067081713 -2 3.28110327665 -1.91690335192 0.816294715995 -0.86366041587
4.8181252001 -2 3.28796827269 -1.92329113474 0.812597085295 -0.869372219042
4.82204901781 -2 3.29159239876 -1.92676613081 0.810631877331 -0.87237579315
4.83072181197 -2 3.2995722556 -1.93418375981 0.806242275763 -0.879006567284
4.83370479952 -2 3.3022769196 -1.9368306159 0.804717928721 -0.881284487582
4.83574352625 -2 3.30413561394 -1.93855130533 0.803671841456 -0.88284049099
4.84278164209 -2 3.31057466763 -1.94462134876 0.800033963825 -0.888206639799
4.85445356758 -2 3.32109502594 -1.95478094506 0.79391063777 -0.89708560966
4.85708097103 -2 3.32339218844 -1.95713776895 0.792516798647 -0.899080594135
4.86353319223 -2 3.32920799064 -1.96271486163 0.789069931053 -0.903973613445
4.86399945677 -2 3.32958266225 -1.96316041759 0.788819529962 -0.904326856236
4.86604574394 -2 3.3314857791 -1.96493733103 0.787718506588 -0.90587656
4.86980348937 -2 3.33479102944 -1.9682229501 0.785687756338 -0.908719949974
4.87054211528 -2 3.33540634422 -1.96894299706 0.78528724322 -0.909278471092
4.87110458255 -2 3.33592211318 -1.96945352816 0.784981954106 -0.909703703277
4.88489032755 -2 3.34811169831 -1.9815374127 0.777419709356 -0.920102250524
4.88529190834 -2 3.34840261621 -1.9819525771 0.777197131156 -0.920404457364
4.89694446069 -2 3.3585768606 -1.99230218918 0.770682614802 -0.929155150052
4.89777243435 -2 3.35935696865 -1.99297972415 0.770215617684 -0.929775545658
4.90475650132 -2 3.36540230103 -1.99921209708 0.766254867349 -0.935001065253
4.90477406205 -2 3.36540320198 -1.99931544758 0.766244859946 -0.935014186915
4.90524153632 -2 3.36581267653 -1.9996386943 0.765978369256 -0.935363458828
4.9169373401 -2 3.37591774758 -2.01015844575 0.759255201207 -0.944081115223
4.91827398211 -2 3.37700663639 -2.01143252506 0.758480044938 -0.945074792937
4.92911099962 -2 3.3862348058 -2.02113086572 0.752144160335 -0.953110622882
4.93968670624 -2 3.39520537263 -2.03075813674 0.745873759273 -0.960916142281
4.94744983799 -2 3.40171584301 -2.03784850717 0.741216544468 -0.966621838972
4.95008773073 -2 3.40393748728 -2.04027307855 0.739623615118 -0.968555865941
4.95214355654 -2 3.40557347036 -2.04221268263 0.738378524526 -0.970061438314
4.96015642328 -2 3.41227286153 -2.04953252847 0.733495205474 -0.975915169755
4.96029415244 -2 3.41234868676 -2.04967655533 0.7334108468 -0.976015583032
4.96173281846 -2 3.41362522787 -2.0509909631 0.732528818921 -0.977064045456
4.96855477097 -2 3.41922507227 -2.05728862726 0.72832531212 -0.982025261568
4.97971755713 -2 3.42834289987 -2.06773795037 0.721372545655 -0.990105254903
4.98076777131 -2 3.42926398858 -2.06865869027 0.720713682796 -0.990862950369
4.98493316109 -2 3.43261665424 -2.07253377336 0.718092504176 -0.993863860998
4.98934034515 -2 3.43624541048 -2.07668437252 0.715305339284 -0.997031445761
4.99052439823 -2 3.43715773964 -2.07777166366 0.714554111548 -0.997881130988
4.99075935027 -2 3.43732550997 -2.0780727611 0.714404923741 -0.998049666842
5.01450120593 -2 3.45386341708 -2.10273925714 0.699123872134 -1.01496211625
5.01485128822 -2 3.453975079 -2.10319492354 0.698895524859 -1.01520970684
5.02677933849 -2 3.46137974667 -2.1164070074 0.691063390938 -1.0236135607
5.03155104457 -2 3.46421541721 -2.12174504642 0.687902167015 -1.02695773468
5.03494625858 -2 3.46629741452 -2.12557152899 0.685643166254 -1.0293309519
5.03611341519 -2 3.46701331875 -2.12690633068 0.684864744691 -1.03014556959
5.04668766614 -2 3.47328700245 -2.13882730808 0.677769334096 -1.03749728539
5.04862711014 -2 3.47442658904 -2.14099356703 0.676459578752 -1.03884003149
5.05021291877 -2 3.47546599117 -2.14278472217 0.675386723377 -1.03993662902
5.05314378588 -2 3.47723404739 -2.14604948239 0.673399355155 -1.04196021717
5.05685556249 -2 3.47942409338 -2.1502436084 0.670874047327 -1.044517119
5.06314030354 -2 3.48310577829 -2.1574167048 0.666576870077 -1.0488313774
5.06387632979 -2 3.48346639955 -2.15829272271 0.666071864343 -1.04933538618
5.06681068638 -2 3.48526232946 -2.16159713697 0.664054896916 -1.05134212742
5.06693710801 -2 3.48526354887 -2.16177887823 0.663967869045 -1.05142849006
5.07008545199 -2 3.48709118654 -2.16535149697 0.661797103278 -1.05357670067
5.07234399995 -2 3.48849208262 -2.1679043561 0.660235750918 -1.05511477711
5.0791647878 -2 3.49240969201 -2.17575756644 0.655499807112 -1.0597444196
5.09235591967 -2 3.50008798761 -2.19085847304 0.646253263246 -1.06863170735
5.0965241057 -2 3.50240393326 -2.19566742344 0.643307759854 -1.07142152207
5.10047422034 -2 3.50466326369 -2.20027136209 0.640505921372 -1.07405711198
5.1045882881 -2 3.5069786263 -2.20497983753 0.6375770418 -1.07679348291
5.11729713512 -2 3.51405165718 -2.21982754225 0.628460673466 -1.08519033604
5.11843278395 -2 3.51469546488 -2.22116809576 0.627641027264 -1.08593650331
5.12397572236 -2 3.51776984964 -2.22763601544 0.62362872875 -1.08956853069
5.12577761878 -2 3.51879321967 -2.22975181649 0.622320235073 -1.0907456718
5.12984090492 -2 3.52110545215 -2.2344278267 0.619362087152 -1.09339369022
5.131774238 -2 3.52215627933 -2.23675622895 0.617950953602 -1.09465048622
5.13299705908 -2 3.52282939706 -2.2381929096 0.617057215198 -1.0954443512
5.13426367858 -2 3.52351441584 -2.23966777422 0.616130482344 -1.0962657903
5.13496165677 -2 3.52385555531 -2.24052858711 0.615619373796 -1.09671807457
5.13938296258 -2 3.52623790895 -2.24570645406 0.612374755418 -1.09957684333
5.14098681734 -2 3.52719692181 -2.24758510232 0.61119475842 -1.10061122248
5.14378131188 -2 3.52868355302 -2.25083347803 0.609134984677 -1.1024100929
5.1444603585 -2 3.5290631676 -2.25162197286 0.608633744831 -1.10284655602
5.14450500768 -2 3.52914462483 -2.25169523748 0.608600777 -1.10287524571
5.1534091117 -2 3.53385052487 -2.26228137898 0.602001807969 -1.10857448424
5.15480188973 -2 3.53464653891 -2.26386854811 0.600965225355 -1.10946195037
5.16833534265 -2 3.54186310998 -2.27993422219 0.590831889951 -1.11802833405
5.17524459928 -2 3.54556905445 -2.28816816863 0.585616247875 -1.12236152485
5.1763087064 -2 3.5460767037 -2.28944702541 0.584810462442 -1.12302645097
5.1783961222 -2 3.54721585209 -2.2919964299 0.583227844249 -1.12432891322
5.18246647552 -2 3.54933138334 -2.29681437196 0.580134445899 -1.1268614028
5.1831250394 -2 3.54973197104 -2.29762434807 0.579633035123 -1.12727024516
5.19276904243 -2 3.554612638 -2.30922647204 0.5722614157 -1.13322838633
5.19422369733 -2 3.5554855676 -2.31092797059 0.571144833848 -1.13412236102
5.19447947222 -2 3.55554300675 -2.31131045959 0.570948376768 -1.13427942191
5.19566939646 -2 3.55613817172 -2.31272447766 0.570033916989 -1.13500959992
5.20295124722 -2 3.55995203773 -2.32148463324 0.564420085373 -1.13945980199
5.21250120912 -2 3.56478732329 -2.3329751916 0.557011908845 -1.14524844796
5.21370786216 -2 3.56540499796 -2.33444215557 0.556072207146 -1.14597597999
5.22111848428 -2 3.56916472343 -2.34341799086 0.550283166125 -1.15042493246
5.221347958 -2 3.56929676375 -2.34374760646 0.550103416263 -1.15056216903
5.22203716399 -2 3.56957679372 -2.34459814032 0.549563375879 -1.15097415709
5.22223581514 -2 3.56973198879 -2.34480098412 0.549407670007 -1.15109285198
5.23171445184 -2 3.57448413452 -2.35635830167 0.541952801422 -1.15672861162
5.23335046805 -2 3.57526461606 -2.35829380832 0.540661086216 -1.15769582363
5.23374879973 -2 3.57542965496 -2.35885816921 0.54034636205 -1.15793107022
5.23916205939 -2 3.57817755087 -2.36541442407 0.536060736095 -1.16111842563
5.24279160844 -2 3.57997897759 -2.36986720206 0.533178346791 -1.16324547526
5.24951252306 -2 3.5832659751 -2.37808253402 0.527822218956 -1.16716279174
5.25669570544 -2 3.58675358495 -2.38682566812 0.522071003974 -1.1713186945
5.26116374672 -2 3.58893247688 -2.39236545178 0.518479876627 -1.17388756991
5.26763867453 -2 3.59204296683 -2.40028674136 0.51325713534 -1.17758820642
5.27601439852 -2 3.59599581686 -2.41063869803 0.506468834732 -1.18233625784
5.28154596933 -2 3.59861929077 -2.41745561376 0.501965830195 -1.18544780297
5.28305684807 -2 3.59939000033 -2.41926320867 0.500733171555 -1.18629432269
5.28963891259 -2 3.60242756301 -2.42746076596 0.495349634141 -1.18996527283
5.29312646413 -2 3.60413843607 -2.43174285002 0.492488265474 -1.19189920197
5.30840235321 -2 3.61124359076 -2.45069079176 0.479883694059 -1.2002785726
5.31069481227 -2 3.6123327354 -2.45350122892 0.47798218958 -1.20152316229
5.31973380583 -2 3.61641955095 -2.46473451757 0.470459785929 -1.20639749817
5.32256584987 -2 3.61770717112 -2.46826333474 0.468094792683 -1.20791384075
5.32459495385 -2 3.61855210259 -2.47081898844 0.466397956709 -1.20899707762
5.3331572863 -2 3.62242027867 -2.48148737013 0.459216126324 -1.21353865503
5.33750372734 -2 3.62434477285 -2.48688363 0.455557207869 -1.21582581746
5.3521825649 -2 3.63087402377 -2.50521929844 0.443135269715 -1.22345880733
5.35246232443 -2 3.63109797494 -2.50550366992 0.44289755961 -1.22360291099
5.35663043366 -2 3.63286687722 -2.51070356871 0.439351713188 -1.22574380519
5.35901573627 -2 3.63393520861 -2.51370695995 0.43731896437 -1.22696384288
5.36370645105 -2 3.63597310548 -2.51957415722 0.433314054383 -1.22935212153
5.36398738435 -2 3.6360781675 -2.51990294511 0.433073880749 -1.22949469822
5.36675115891 -2 3.63730112527 -2.52338971017 0.430709208398 -1.2308945658
5.36678809818 -2 3.63726051053 -2.52346489624 0.430677580205 -1.23091324159
5.36952687377 -2 3.63850032745 -2.52683567589 0.428330887458 -1.23229540149
5.37666771598 -2 3.64151493856 -2.53584875227 0.422196688009 -1.23587577778
5.38044655667 -2 3.64310721898 -2.54055887838 0.418941470836 -1.23775678771
5.38243356616 -2 3.64403037886 -2.54298952537 0.417227293073 -1.23874206615
5.38819942533 -2 3.64649693929 -2.55025650034 0.412243428492 -1.24158626225
5.40022656061 -2 3.65154072177 -2.56529427016 0.401801538271 -1.24744772164
5.40410731546 -2 3.6531870525 -2.57022280449 0.39841919905 -1.2493183969
5.40844463083 -2 3.65497895522 -2.57564656377 0.394631465373 -1.25139721997
5.40915364263 -2 3.65521399611 -2.57658465071 0.39401154641 -1.25173584198
5.41087879897 -2 3.65598931184 -2.57871207268 0.392502297064 -1.25255836375
5.4121820182 -2 3.65646302082 -2.58035871421 0.391361360437 -1.25317839018
5.4169308905 -2 3.65848726803 -2.58632183468 0.387197907987 -1.25542809149
5.42179072656 -2 3.66049715996 -2.59236651344 0.382927595555 -1.25771466964
5.43804356916 -2 3.66698484653 -2.61284513655 0.368576997007 -1.26524615153
5.44859387387 -2 3.67124639167 -2.62602876612 0.359205442232 -1.27003961937
5.45552155671 -2 3.67402451042 -2.63471986052 0.353028237361 -1.27314617854
5.45578658567 -2 3.67403739028 -2.63512522058 0.352791552567 -1.27326437847
5.46151256188 -2 3.67632022656 -2.64223554063 0.347671410765 -1.27580646084
5.46316440684 -2 3.67692270613 -2.64438173493 0.346192024426 -1.27653567082
5.46539495907 -2 3.6778644084 -2.64716417045 0.344192715162 -1.27751741089
5.46714480198 -2 3.67857950743 -2.64931940705 0.342622969394 -1.27828520834
5.46861750846 -2 3.67908297771 -2.6512406221 0.341300946762 -1.27892979064
5.48068513666 -2 3.68378322215 -2.6662958609 0.330437696912 -1.28415603158
5.4834903899 -2 3.6847392777 -2.6698671067 0.327904742074 -1.28535672304
5.48577251104 -2 3.68564286752 -2.67273477238 0.325842027836 -1.2863295493
5.5097455077 -2 3.69463247777 -2.70279973693 0.304061367139 -1.29633400373
5.51122881666 -2 3.69522590807 -2.70457037189 0.302707076946 -1.29694011989
5.51235383903 -2 3.69565464179 -2.70600297344 0.301679402838 -1.29739882782
5.51499850523 -2 3.6966615351 -2.70930412534 0.299261864395 -1.29847373323
5.51592509346 -2 3.69690546232 -2.71053221689 0.298414285242 -1.29884920616
5.52390593602 -2 3.6998190861 -2.7205139522 0.291101854818 -1.3020588797
5.52437798413 -2 3.7000515154 -2.72105803469 0.290668666368 -1.3022473583
5.53130319924 -2 3.70248541855 -2.72975019077 0.284304960165 -1.30499490082
5.53465709884 -2 3.70379185066 -2.73387644434 0.281217263778 -1.30631373134
5.53515132274 -2 3.70393164385 -2.73448684721 0.280761952773 -1.3065074198
5.53644199522 -2 3.70445040916 -2.73612208441 0.279572522465 -1.30701245027
5.55067344148 -2 3.70947960088 -2.75392450644 0.266421410163 -1.31250537032
5.55801038816 -2 3.71203580822 -2.76306446966 0.25961602027 -1.31528293694
5.55869086653 -2 3.71227386829 -2.76390482028 0.258983979157 -1.31553867539
5.55907731481 -2 3.7123887035 -2.76433345529 0.258624973866 -1.31568376949
5.56058535192 -2 3.71291873203 -2.76624396992 0.257223578955 -1.31624898978
5.5630392638 -2 3.7137704319 -2.76929988586 0.254941675557 -1.31716539232
5.57084279918 -2 3.71649712414 -2.77899020698 0.247672700733 -1.3200521141
5.58456925859 -2 3.72108663126 -2.79613055655 0.234841369003 -1.32502841786
5.5869028869 -2 3.72193366566 -2.79899013283 0.232654285266 -1.32586156902
5.58745191302 -2 3.72211647353 -2.7996779605 0.232139500979 -1.32605703873
5.59524373201 -2 3.72471083624 -2.80928981607 0.224824053318 -1.32880884475
5.5953921865 -2 3.72478211149 -2.80953795437 0.224684501999 -1.32886086911
5.61790465471 -2 3.73212287002 -2.83733938366 0.203448874517 -1.33657499725
5.62299113254 -2 3.73379389512 -2.84368302459 0.198631108221 -1.33826974798
5.62593916202 -2 3.73470326487 -2.84724879498 0.19583555331 -1.33924386736
5.63781321369 -2 3.73848423038 -2.86194202639 0.184551712987 -1.3431070468
5.63921356924 -2 3.73885466478 -2.86369898567 0.183218465763 -1.34355627262
5.64041951794 -2 3.73922926011 -2.86517954161 0.18206989101 -1.34394205626
5.64079159541 -2 3.7394241543 -2.86562296932 0.181715437515 -1.34406088276
5.6444712501 -2 3.7405716519 -2.87015132686 0.178208104081 -1.34523090495
5.65660163602 -2 3.74428378566 -2.8849920845 0.166620738809 -1.3490222922
5.6585915176 -2 3.74491375592 -2.88749760731 0.164716311408 -1.3496346108
5.68514721559 -2 3.75279136322 -2.92005034793 0.139206145554 -1.35754683379
5.68977343115 -2 3.75423925878 -2.92563465153 0.134744453142 -1.35887589231
5.69025282913 -2 3.75432457861 -2.92620749383 0.134281812223 -1.35901278193
5.69226676606 -2 3.75494828178 -2.92866657951 0.132337675636 -1.35958613677
5.69454585956 -2 3.75556813796 -2.93144620453 0.130136416108 -1.36023163986
5.69813546706 -2 3.75652157972 -2.93587468094 0.126666923444 -1.36124112763
5.70349851826 -2 3.75706913873 -2.94311422656 0.121477737008 -1.3627329727
5.7048084858 -2 3.7570586942 -2.9449864355 0.12020922701 -1.36309438664
5.70493299322 -2 3.75698195311 -2.94521063244 0.120088639439 -1.36312867677
5.71124916662 -2 3.75694273532 -2.95418149371 0.113966667439 -1.36485432554
5.71640802895 -2 3.75683458221 -2.96154996989 0.108959716813 -1.36624361677
5.73036931409 -2 3.75643471389 -2.98141615401 0.0953798931048 -1.36991257043
5.73224415705 -2 3.75639952064 -2.98407814781 0.0935530313869 -1.37039517418
5.73894777195 -2 3.75615718767 -2.99361217233 0.087014801566 -1.37210121906
5.74380179099 -2 3.75599245601 -3.00047167945 0.0822745756023 -1.37331750371
5.7591751332 -2 3.75536675536 -3.02230833718 0.0672292882014 -1.37706421248
5.75975597958 -2 3.75534799407 -3.02308876273 0.0666598885969 -1.37720263449
5.76252662795 -2 3.75521932071 -3.02700936688 0.0639429058157 -1.37785976788
5.76616708474 -2 3.75505261962 -3.03218202081 0.0603706233459 -1.37871530459
5.76630575538 -2 3.75495899323 -3.03240638855 0.0602344973307 -1.3787477161
5.7723708296 -2 3.75473830161 -3.040916537 0.0542769970656 -1.38015258954
5.77505862138 -2 3.75461928283 -3.04475550955 0.051634567743 -1.38076722404
5.77580621564 -2 3.75459298318 -3.04581698363 0.0508993405584 -1.38093731399
5.77586990707 -2 3.7545514966 -3.04590372676 0.0508366977308 -1.38095178739
5.78503761662 -2 3.75409559965 -3.05883623577 0.0418117667821 -1.38300652499
5.79581659012 -2 3.75337155739 -3.07405688717 0.0311802822785 -1.38534992504
5.80014683077 -2 3.75318295621 -3.0801904424 0.0269032125302 -1.38626931804
5.80379918721 -2 3.75286540754 -3.08530064634 0.0232930357854 -1.38703498035
5.80471649258 -2 3.75285642104 -3.08658892842 0.0223859433529 -1.38722587112
5.80541762971 -2 3.75283209447 -3.08758822669 0.0216925098169 -1.38737139617
5.80871247881 -2 3.75253833688 -3.09221551492 0.0184326765657 -1.38805083911
5.81174867522 -2 3.75233404144 -3.09650403774 0.0154270263881 -1.38867049103
5.81328369156 -2 3.75227640873 -3.09865792679 0.0139068293481 -1.38898141517
5.81733189065 -2 3.75201901434 -3.10437579124 0.00989571668073 -1.38979381472
5.82169896006 -2 3.75169439498 -3.11047887002 0.00556543730647 -1.3906578874
5.82659473868 -2 3.75132633834 -3.11736438067 0.000706976706695 -1.39161138266
5.82768100582 -2 3.75116990124 -3.11891127881 -0.000371568027186 -1.3918207676
5.82924281965 -2 3.75109667008 -3.12108561074 -0.00192263139346 -1.39212043355
5.83137354982 -2 3.75088117798 -3.12409115826 -0.00403936321876 -1.3925266263
5.83323620858 -2 3.75073013668 -3.1266950936 -0.00589041350239 -1.39287922818
5.83401558369 -2 3.7507360583 -3.12781226091 -0.00666510471125 -1.39302607588
5.83555145904 -2 3.75053962608 -3.13000954115 -0.0081920480128 -1.39331427302
5.83600793446 -2 3.75059804429 -3.1306151545 -0.00864594485439 -1.39339962385
5.8381222262 -2 3.7503370876 -3.13356364116 -0.0107487464113 -1.39379313426
5.84026813151 -2 3.75020890914 -3.13656973877 -0.0128837489587 -1.39418947595
5.8459318366 -2 3.74974670899 -3.14449851225 -0.0185223204543 -1.39522078352
5.85679000014 -2 3.74880092088 -3.15971959157 -0.0293468354444 -1.39713815876
5.85932618451 -2 3.74856642763 -3.16330291092 -0.0318778678083 -1.39757469893
5.8634048844 -2 3.74816826975 -3.16898353335 -0.0359503999416 -1.39826777275
5.86741546565 -2 3.74776594446 -3.17458145554 -0.0399574393587 -1.39893849109
5.86780474176 -2 3.74775866529 -3.17515969447 -0.0403465038969 -1.39900302371
5.86874972703 -2 3.74756101415 -3.17649658853 -0.0412910724225 -1.39915926098
5.8696174669 -2 3.74758306946 -3.17771029514 -0.0421585502325 -1.39930220489
5.87470351668 -2 3.74704946727 -3.18481212391 -0.0472453717968 -1.4001299895
5.88157505016 -2 3.74627378181 -3.19446598236 -0.0541241395731 -1.40122113338
5.88374974565 -2 3.7461402973 -3.19746437875 -0.0563025884832 -1.40155994196
5.88977452304 -2 3.74548066997 -3.20587001188 -0.0623413913362 -1.40248223316
5.89334095195 -2 3.74501213489 -3.21085903698 -0.0659186079234 -1.40301688458
5.89751291292 -2 3.7445428071 -3.21674326795 -0.0701055048688 -1.40363164977
5.90191260696 -2 3.7440471731 -3.22283941007 -0.0745236269964 -1.40426752739
5.90589602586 -2 3.74363468678 -3.22839736401 -0.0785260738936 -1.40483223112
5.90749169587 -2 3.74347728974 -3.2306512166 -0.0801299852137 -1.40505550569
5.90770783533 -2 3.74345839592 -3.23091017261 -0.0803472680861 -1.40508562009
5.90992850239 -2 3.74318908677 -3.23406120862 -0.0825800557657 -1.40539324057
5.91941992738 -2 3.74204003612 -3.24729921345 -0.0921308652161 -1.40667147792
5.92408278405 -2 3.74144094625 -3.25378881579 -0.0968273286957 -1.40727774896
5.92878886727 -2 3.74075473742 -3.26039721111 -0.101570240724 -1.40787516994
5.93030288629 -2 3.74062886819 -3.2624755428 -0.103096723549 -1.40806428104
5.93227448482 -2 3.74035511657 -3.2652010302 -0.105084998504 -1.40830829446
5.93287030721 -2 3.7403126591 -3.26601038023 -0.105685959395 -1.40838153474
5.93556018685 -2 3.73986361805 -3.26982829686 -0.108399605366 -1.40870928797
5.93603365873 -2 3.73987015966 -3.27045320828 -0.108877356547 -1.40876648856
5.93850988888 -2 3.73954472669 -3.27390354433 -0.111376432751 -1.40906325344
5.94165492694 -2 3.7390449523 -3.27834577416 -0.11455160776 -1.40943438759
5.9426703004 -2 3.73899665756 -3.27968204323 -0.115576976976 -1.4095528265
5.94273328454 -2 3.73899145865 -3.27981100401 -0.115640585421 -1.40956015112
5.94301882193 -2 3.73885850762 -3.28018307372 -0.115928959301 -1.40959332462
5.9541461695 -2 3.7373781096 -3.29570386746 -0.127174716345 -1.41084460942
5.95764372272 -2 3.73678983946 -3.30061308386 -0.130712614438 -1.41122122355
5.96091907711 -2 3.73639226845 -3.30513110969 -0.134027083648 -1.41156668227
5.96297993054 -2 3.73610375425 -3.30803018745 -0.136113203463 -1.41178046346
5.96398997107 -2 3.73593775761 -3.30940905995 -0.137135810955 -1.41188422961
5.96411300972 -2 3.73593396577 -3.30958340496 -0.137260388692 -1.41189682456
5.96557583647 -2 3.73562391531 -3.31168901604 -0.138741650531 -1.41204581324
5.97162232017 -2 3.73477379163 -3.32005446935 -0.144866989465 -1.41264688013
5.97462379411 -2 3.7343417362 -3.32426274203 -0.147909179359 -1.41293642426
5.97596851739 -2 3.73410751732 -3.32609387425 -0.149272479237 -1.41306424821
5.98160212528 -2 3.73314141812 -3.33398293739 -0.154986144106 -1.41358699883
5.98179396823 -2 3.73319598859 -3.33426640522 -0.155180776261 -1.41360443774
5.98223129087 -2 3.73304022987 -3.33485186657 -0.15562447258 -1.41364410204
5.9824508742 -2 3.73308736763 -3.33515955938 -0.155847264262 -1.41366397106
5.98692286099 -2 3.7323706497 -3.34139478424 -0.160385760595 -1.41406182024
5.99117927577 -2 3.73170563537 -3.34733821164 -0.164707530941 -1.41442845942
6.00076567098 -2 3.73009323848 -3.36067704725 -0.174448322072 -1.41521129228
6.00224882552 -2 3.72982971383 -3.36276054017 -0.175956241507 -1.41532710358
6.00254419432 -2 3.72979761488 -3.3631872499 -0.176256569987 -1.41534999771
6.00400729051 -2 3.7295506496 -3.36517220942 -0.177744369277 -1.41546257237
6.0054184703 -2 3.72927633654 -3.36713010155 -0.179179588666 -1.41556984362
6.01204391164 -2 3.72816200195 -3.37641813839 -0.185920666062 -1.4160563088
6.01486044003 -2 3.72765136786 -3.38033388154 -0.188787721482 -1.41625454026
6.01597974157 -2 3.72737456507 -3.38189408608 -0.189927327148 -1.41633189995
6.01739413313 -2 3.72718790003 -3.38387839751 -0.191367557388 -1.41642850116
6.02384210479 -2 3.72595599395 -3.39291059455 -0.197935869711 -1.41685258328
6.02396219737 -2 3.72593472204 -3.39302209227 -0.198058242929 -1.41686022819
6.02563295094 -2 3.72569589006 -3.3953375616 -0.199760873055 -1.4169656244
6.0268696008 -2 3.72546757835 -3.39705761309 -0.201021294311 -1.41704248112
6.02878226019 -2 3.72504453043 -3.39978501754 -0.202971015021 -1.41715941702
6.033181339 -2 3.72422342543 -3.40587352416 -0.207456685444 -1.41741945613
6.04004002538 -2 3.72300079863 -3.41544383837 -0.214454086991 -1.41780012975
6.04755113669 -2 3.72155503598 -3.42591644341 -0.222122195472 -1.41818245109
6.05053580003 -2 3.72097267965 -3.43012865099 -0.22517069488 -1.41832435309
6.05592465003 -2 3.71988759657 -3.43765366034 -0.230676857855 -1.41856614213
6.05639919767 -2 3.7197049025 -3.43832685649 -0.231161861845 -1.41858654586
6.05955350605 -2 3.71906750453 -3.44269325727 -0.234386185477 -1.41871851634
6.06070967008 -2 3.71882484671 -3.44433938321 -0.235568234433 -1.41876529832
6.07518607526 -2 3.71587489088 -3.46454046535 -0.250378630147 -1.41927895773
6.07967218115 -2 3.71486451652 -3.47087493797 -0.254971875737 -1.41941106982
6.08239902106 -2 3.71434477336 -3.47466305835 -0.257764662224 -1.41948512401
6.08319102608 -2 3.7141988932 -3.47576740346 -0.258575936886 -1.41950574792
6.08397891343 -2 3.71393188852 -3.47689357625 -0.259383045103 -1.41952586944
6.08470997567 -2 3.71376940247 -3.47786126459 -0.260131987679 -1.41954418726
6.08611183638 -2 3.71356137091 -3.47985763923 -0.261568257925 -1.41957836403
6.10024107317 -2 3.71040865203 -3.49963017128 -0.276053166365 -1.41985326322
6.10574667931 -2 3.70915047593 -3.50735220114 -0.281701633578 -1.41992615782
6.10804602646 -2 3.70861205497 -3.51058698967 -0.284061337466 -1.41995092787
6.10922172357 -2 3.7082527089 -3.51220364732 -0.285268052243 -1.41996230238
6.12536653062 -2 3.70451513876 -3.53487681711 -0.301849268224 -1.42003025445
6.12557079925 -2 3.70443476841 -3.53513942981 -0.302059181158 -1.42003006147
6.12793210296 -2 3.7038502456 -3.53844666246 -0.304485950125 -1.42002592327
6.1298589647 -2 3.70339081521 -3.54116352463 -0.306466528792 -1.42001994553
6.13432161171 -2 3.70221546874 -3.54744897454 -0.311054597894 -1.41999713017
6.13494312387 -2 3.70206059997 -3.54831813932 -0.311693688956 -1.41999295898
6.14139111687 -2 3.70055078746 -3.55734756789 -0.318325644519 -1.41993535886
6.14894602222 -2 3.69859574724 -3.56795892265 -0.326099718499 -1.41983465357
6.15052715906 -2 3.69823038605 -3.57023379813 -0.327727211075 -1.4198090458
6.15172175104 -2 3.69789648163 -3.57191423453 -0.328956936582 -1.41978865886
6.15808828837 -2 3.69624431582 -3.58086343146 -0.335512305137 -1.41966492312
6.1602831635 -2 3.69566870491 -3.58398146488 -0.337772893641 -1.41961637999
6.16112457687 -2 3.69544235824 -3.58514726189 -0.338639581028 -1.41959697112
6.16388300076 -2 3.69473123164 -3.58904465648 -0.34148118014 -1.41953023544
6.16473228018 -2 3.69447425147 -3.5902111569 -0.342356165933 -1.41950872997
6.1727213043 -2 3.69237689638 -3.60151322095 -0.350589233449 -1.41928435678
6.17679802263 -2 3.69124894801 -3.60723732517 -0.354792014979 -1.41915449414
6.17687308601 -2 3.69121491409 -3.60735295707 -0.354869409089 -1.41915200572
6.17986250003 -2 3.69040917229 -3.61156284272 -0.357951923967 -1.41905004479
6.18083249056 -2 3.69011436063 -3.61289710391 -0.358952239886 -1.41901576264
6.18179839573 -2 3.68988971391 -3.61431154639 -0.359948399109 -1.41898104158
6.18278054208 -2 3.68951099847 -3.61569263938 -0.360961365738 -1.41894513996
6.18650053745 -2 3.68848933243 -3.62093023939 -0.364798619182 -1.41880370426
6.20374396104 -2 3.6836727011 -3.64532947761 -0.382596116185 -1.41803551716
6.20529438694 -2 3.68320209409 -3.64750399009 -0.384197190021 -1.41795738122
6.20568495275 -2 3.68309204211 -3.64807214438 -0.384600535593 -1.41793746247
6.21115624265 -2 3.68150244679 -3.65579502326 -0.390251738279 -1.41764846335
6.21868954853 -2 3.67927674438 -3.66643939498 -0.398035428284 -1.41722012669
6.22731672217 -2 3.67669186129 -3.67872520778 -0.406953046626 -1.41668634582
6.23344884708 -2 3.67481719751 -3.68742646224 -0.413293962541 -1.41627889154
6.23376232581 -2 3.6747119188 -3.68788767104 -0.413618166301 -1.41625743642
6.23892247809 -2 3.67311044666 -3.69514574146 -0.418955572989 -1.41589552236
6.24305623965 -2 3.67181156286 -3.70103799434 -0.423232287751 -1.41559370811
6.24486736972 -2 3.67124698366 -3.70362597119 -0.425106314677 -1.41545814387
6.24487001667 -2 3.67124580746 -3.70362839204 -0.425109053661 -1.41545794426
6.24569895076 -2 3.67095580762 -3.7047833762 -0.425966828422 -1.41539522
6.24612654866 -2 3.67084579221 -3.70539898781 -0.426409316569 -1.41536269818
6.25118501644 -2 3.66925209238 -3.71257320251 -0.431644605184 -1.41496938882
6.25788851175 -2 3.66710776098 -3.72213348998 -0.438584300971 -1.41442381575
6.26554065406 -2 3.66453322569 -3.73306063652 -0.446508628575 -1.41376712324
6.26779558358 -2 3.66389353801 -3.73626198804 -0.448844276279 -1.41356671697
6.26934222929 -2 3.66337494685 -3.73847851515 -0.450446418923 -1.4134274459
6.26952015547 -2 3.66331864833 -3.73870476578 -0.450630736367 -1.41341132954
6.27911709316 -2 3.66003312305 -3.75236714535 -0.460574485702 -1.41251313259
6.28639589414 -2 3.65757917315 -3.76278758014 -0.468118999749 -1.41179405194
6.28681671126 -2 3.657534981 -3.76337522541 -0.468555247982 -1.41175148128
6.28754081438 -2 3.65725217319 -3.76436824504 -0.469305921071 -1.41167797442
6.28934624286 -2 3.65664125853 -3.76696242426 -0.471177693518 -1.41149329181
6.29601333221 -2 3.65438311569 -3.77650546601 -0.478090956254 -1.41079391291
6.29990406872 -2 3.65292676137 -3.78206561881 -0.482126198058 -1.41037313752
6.3031524771 -2 3.65094549848 -3.78649814686 -0.485495724851 -1.41001469726
6.30587663264 -2 3.64929685941 -3.79026471708 -0.48832177773 -1.40970910286
6.30596495124 -2 3.6492485062 -3.7903461634 -0.488413404835 -1.40969911898
6.30848480767 -2 3.64762780916 -3.79388241844 -0.491027787766 -1.40941224438
6.3106029973 -2 3.64629987891 -3.79676575214 -0.493225629585 -1.4091680787
6.31132601563 -2 3.64583139662 -3.79773237957 -0.493975876395 -1.40908410449
6.31916897679 -2 3.64083580057 -3.8085451593 -0.502115497496 -1.40815255381
6.32293684492 -2 3.63847970087 -3.81370817815 -0.506026719021 -1.4076915882
6.32989445581 -2 3.6340018279 -3.82338305566 -0.51325043426 -1.40681747621
6.33023787614 -2 3.63379137555 -3.82379545729 -0.513607035449 -1.40677356138
6.3317075562 -2 3.63286905435 -3.8257917923 -0.515133172146 -1.4065848085
6.3498776218 -2 3.62104883006 -3.85087087236 -0.534007600371 -1.40414172558
6.3500290213 -2 3.62096607241 -3.85109294215 -0.534164917327 -1.40412051821
6.35166409627 -2 3.61983839534 -3.85334197399 -0.53586394929 -1.40389058846
6.35194187745 -2 3.61972846626 -3.85370653318 -0.536152605112 -1.40385136301
6.35260926602 -2 3.61924908478 -3.85469749333 -0.536846131498 -1.40375692776
6.36463197894 -2 3.61132909362 -3.87122040754 -0.549342262636 -1.40200894643
6.36618837031 -2 3.6102984346 -3.87340942317 -0.55096028869 -1.40177618471
6.36741271145 -2 3.60946874531 -3.87509717728 -0.552233170243 -1.40159203839
6.3677707619 -2 3.60927740012 -3.87559964747 -0.552605425184 -1.40153801238
6.36789590484 -2 3.60917484662 -3.87572383696 -0.552735533733 -1.4015191111
6.36908796812 -2 3.60838898322 -3.87739386126 -0.553974922855 -1.40133858366
6.3742712147 -2 3.60485256835 -3.88455776471 -0.559364477101 -1.40054349997
6.37530880747 -2 3.60419634203 -3.88604357163 -0.560443471398 -1.4003823605
6.37639557571 -2 3.60349120546 -3.88750777153 -0.561573639692 -1.40021287655
6.37693436934 -2 3.60309706782 -3.88822483467 -0.562133963785 -1.40012858208
6.37818721345 -2 3.60231248128 -3.88999707319 -0.563436907283 -1.39993188634
6.37843052443 -2 3.60210042757 -3.89033082168 -0.5636899536 -1.39989357511
6.38766118506 -2 3.59589309561 -3.90308135686 -0.573291300152 -1.39841333863
6.38817933095 -2 3.59552392813 -3.9038387878 -0.573830330927 -1.39832870054
6.38855446163 -2 3.59528471523 -3.90427889246 -0.574220587041 -1.39826732101
6.3952027674 -2 3.59071835882 -3.91350185768 -0.581137654761 -1.39716520629
6.42208362317 -2 3.57217358622 -3.95069829344 -0.609118203412 -1.3924328681
6.4255975544 -2 3.56976035893 -3.95560190165 -0.612777371663 -1.39178150754
6.43405028267 -2 3.56384998731 -3.96726012294 -0.621580813048 -1.39018364909
6.43945655421 -2 3.56002291013 -3.9747075271 -0.627212376325 -1.38913869586
6.44300691686 -2 3.55746020725 -3.97962286235 -0.630911098887 -1.38844270676
6.44623856772 -2 3.55521478563 -3.9840767483 -0.63427806931 -1.38780247023
6.45175280301 -2 3.5512820076 -3.99170999078 -0.64002380659 -1.38669521844
6.46012105999 -2 3.54522553062 -4.00333169462 -0.648744812492 -1.38497921265
6.46041226336 -2 3.54507764756 -4.00374525937 -0.64904832155 -1.3849187236
6.46107913661 -2 3.54460991521 -4.00464986937 -0.649743383235 -1.38478000375
6.46359058014 -2 3.5427932268 -4.00808946924 -0.652361079755 -1.38425513265
6.47316036712 -2 3.53584303588 -4.02135518255 -0.662337104207 -1.38221959314
6.48312715675 -2 3.5285860225 -4.03514929647 -0.672729228678 -1.38003972914
6.48322635952 -2 3.52851718238 -4.03523913081 -0.672832676231 -1.38001772496
6.48377205401 -2 3.52812317126 -4.03603280887 -0.673401724327 -1.37989657609
6.48776101721 -2 3.52512486964 -4.04153524625 -0.677561600844 -1.37900542328
6.48792981051 -2 3.52505157897 -4.04174752661 -0.677737634117 -1.37896749799
6.48898302856 -2 3.52422587445 -4.04322613392 -0.678836041556 -1.37873045954
6.4904806887 -2 3.5231829039 -4.04531533739 -0.680398002261 -1.37839221784
6.49448109291 -2 3.52016904131 -4.05083298174 -0.68457039972 -1.37748196392
6.49572568673 -2 3.5192506929 -4.05254391979 -0.685868574251 -1.37719675699
6.49836459073 -2 3.5173488002 -4.05615989498 -0.688621195157 -1.37658887593
6.49907095241 -2 3.51683358779 -4.05718049169 -0.689358020972 -1.37642543453
6.49941227932 -2 3.51652055314 -4.05763274796 -0.689714072515 -1.37634634639
6.50373950394 -2 3.51330538568 -4.06363286222 -0.694228184996 -1.37533746445
6.50631841937 -2 3.51143367576 -4.06715106738 -0.696918668075 -1.37473070262
6.5078687967 -2 3.51027826275 -4.06933242968 -0.698536183728 -1.37436395761
6.50948590023 -2 3.50907837088 -4.0715643107 -0.700223368196 -1.37397984744
6.5119124018 -2 3.50729209283 -4.07491554445 -0.702755128947 -1.37340045207
6.5139667296 -2 3.50570059426 -4.07776007282 -0.704898665652 -1.37290708112
6.52021247361 -2 3.50096587381 -4.0863612227 -0.711416155243 -1.37139107663
6.52499116253 -2 3.49739782004 -4.0929683789 -0.716403286157 -1.37021487904
6.52514778914 -2 3.49724292307 -4.0931508718 -0.716566752311 -1.37017608884
6.53316897791 -2 3.49116434579 -4.10417854387 -0.724938848318 -1.36816925759
6.53473369442 -2 3.49003300077 -4.10631941413 -0.726572162059 -1.36777313501
6.53835171933 -2 3.48728186628 -4.11133694138 -0.730348979782 -1.36685138841
6.54440740527 -2 3.4826673782 -4.11968850553 -0.736670997062 -1.3652904495
6.54646376477 -2 3.48103704114 -4.1225253494 -0.738817951054 -1.36475521889
6.54845004708 -2 3.47947372472 -4.12522787735 -0.740891814395 -1.36423573564
6.5493739593 -2 3.47882602754 -4.12649871043 -0.741856489223 -1.36399326505
6.5507556313 -2 3.47773631972 -4.128425712 -0.743299149 -1.36362967116
6.557600336 -2 3.47241061726 -4.13782294701 -0.75044649067 -1.36181095747
6.56088252745 -2 3.4699207927 -4.14228397243 -0.753874099587 -1.36092850825
6.56192520259 -2 3.46906096112 -4.14374435256 -0.754963010147 -1.36064677181
6.56279936449 -2 3.46841465439 -4.14490025059 -0.75587594974 -1.36041004705
6.56387548744 -2 3.4675517705 -4.14640763219 -0.756999827668 -1.36011797752
6.56570483222 -2 3.4661283219 -4.14892235207 -0.758910399246 -1.35961982182
6.5660925968 -2 3.46586011693 -4.14947971027 -0.759315388844 -1.35951396046
6.56952583821 -2 3.46317576462 -4.15413443583 -0.762901252345 -1.3585725842
6.57480174726 -2 3.45902016515 -4.16139961563 -0.7684120895 -1.35711163517
6.58143411745 -2 3.45385360818 -4.17049161889 -0.775340450896 -1.35525042444
6.60556513291 -2 3.43467733733 -4.20342153623 -0.800554367315 -1.34824642771
6.60574611026 -2 3.43462119686 -4.20368092583 -0.800743500354 -1.34819251976
6.60868355736 -2 3.43222251119 -4.20766507232 -0.803813391423 -1.34731466072
6.61590503855 -2 3.4263778389 -4.21749737933 -0.811361019951 -1.34513344572
6.61689610231 -2 3.42565369563 -4.21881935144 -0.81239690317 -1.34483153792
6.62587074718 -2 3.41837496044 -4.23102066621 -0.821778053842 -1.34206940321
6.62595358178 -2 3.41829163495 -4.23111227917 -0.82186464573 -1.34204367247
6.63150667197 -2 3.41384697373 -4.23868640177 -0.827669834791 -1.34030884293
6.63269193406 -2 3.4128434744 -4.24023088913 -0.828908960156 -1.33993603369
6.63538836305 -2 3.41063119846 -4.24395975489 -0.831727997076 -1.33908459556
6.63932189522 -2 3.40738789706 -4.24924362495 -0.835840563577 -1.3378342694
6.63940881657 -2 3.40736319733 -4.24933845413 -0.835931443465 -1.33780652961
6.64299465995 -2 3.40438232283 -4.25421345453 -0.839680678261 -1.33665798167
6.65303694393 -2 3.39619048353 -4.26777201929 -0.850181425892 -1.33339800505
6.6583641203 -2 3.39177301375 -4.27495333541 -0.855752316915 -1.33164264358
6.6672444789 -2 3.38440562759 -4.28694883731 -0.86503970337 -1.3286762699
6.66900694294 -2 3.38296895363 -4.28925729525 -0.866883058882 -1.32808155444
6.66979403023 -2 3.38229386407 -4.29032850342 -0.867706282447 -1.3278153232
6.67152151505 -2 3.38084334627 -4.29269964366 -0.869513103192 -1.32722961525
6.67879166723 -2 3.37479160697 -4.30238735216 -0.877117507079 -1.32474372207
6.68724500863 -2 3.36768170866 -4.3136671469 -0.885960215323 -1.32181065292
6.71370994099 -2 3.34524281693 -4.34893870168 -0.913648695167 -1.31233048429
6.71451275423 -2 3.3445337523 -4.3500125176 -0.914488723567 -1.31203582561
6.72014923559 -2 3.33966669302 -4.35746505959 -0.92038663883 -1.3099552726
6.73227722003 -2 3.32926881099 -4.37349815287 -0.933077986166 -1.30540847454
6.74148487148 -2 3.3212931413 -4.38560693672 -0.942714040632 -1.30189239625
6.74355245008 -2 3.3194534493 -4.38829282251 -0.944877892111 -1.30109522969
6.75749776584 -2 3.30732890675 -4.40654855739 -0.959473183114 -1.29564520121
6.76158874534 -2 3.30375259858 -4.41188212603 -0.963755027486 -1.29402209259
6.77276218112 -2 3.2938904571 -4.42646058339 -0.975450120928 -1.28953261914
6.78207100077 -2 3.2856477945 -4.43847608181 -0.985193871617 -1.28572910752
6.78537798974 -2 3.28270843153 -4.44273650825 -0.988655426286 -1.28436401396
6.7884489056 -2 3.279973955 -4.44670096725 -0.991869894473 -1.28308983693
6.7918130706 -2 3.27696249624 -4.45109218813 -0.995391338851 -1.28168675544
6.79403324329 -2 3.27503579688 -4.45395478719 -0.99771531656 -1.28075664924
6.79405025138 -2 3.27502148121 -4.45396831213 -0.997733119888 -1.28074951124
6.80072668199 -2 3.26899580071 -4.46250631505 -1.0047217387 -1.27793255247
6.8024737559 -2 3.26738034476 -4.46477491946 -1.00655050958 -1.27719047916
6.80678666615 -2 3.26354531542 -4.47032032966 -1.01106510199 -1.27534977585
6.81519637841 -2 3.25596312899 -4.48106101947 -1.01986804675 -1.27172455842
6.81799580415 -2 3.25344377052 -4.48466196289 -1.02279835424 -1.27050720014
6.8198919147 -2 3.2517343683 -4.48705760823 -1.0247831064 -1.26967964522
6.82260440643 -2 3.24920559219 -4.49053069089 -1.02762239253 -1.26849154756
6.82428607785 -2 3.24772298523 -4.49270095409 -1.02938266476 -1.26775245378
6.82844392566 -2 3.24395962711 -4.49794996242 -1.03373481733 -1.26591683877
6.82972236806 -2 3.24280323444 -4.4995531486 -1.03507299378 -1.26535006735
6.8329208137 -2 3.23985361787 -4.50364050306 -1.03842086011 -1.26392722837
6.84026913206 -2 3.23313544633 -4.51294641467 -1.04611231781 -1.26063188002
6.84275304913 -2 3.23087164765 -4.51607143786 -1.0487121701 -1.25950962476
6.84919215793 -2 3.22495783896 -4.5241390939 -1.0554516694 -1.25658069765
6.85704103209 -2 3.21767231711 -4.53404215824 -1.06366636024 -1.25297199734
6.86110755829 -2 3.21394922333 -4.53916717576 -1.06792224734 -1.25108562537
6.86489917555 -2 3.21039741548 -4.54390599138 -1.07189030746 -1.24931648631
6.86644220109 -2 3.20902674384 -4.54582871652 -1.07350510335 -1.24859367502
6.86647766532 -2 3.20899524777 -4.54585525033 -1.07354221687 -1.24857704286
6.88052491402 -2 3.19594489052 -4.56336441558 -1.08824180611 -1.24192042902
6.89421771303 -2 3.18303938087 -4.58032038558 -1.1025683749 -1.23529929318
6.89424042035 -2 3.18301567458 -4.58033577519 -1.10259213123 -1.23528820394
6.89777255764 -2 3.17972019732 -4.58466662116 -1.10628735649 -1.2335588519
6.89793720091 -2 3.17953314452 -4.58488278177 -1.10645959747 -1.23347802766
6.89945613216 -2 3.17811202983 -4.58671340915 -1.10804860369 -1.23273147602
6.9000630918 -2 3.17744592367 -4.58745563339 -1.10868355562 -1.23243270214
6.90517782667 -2 3.17112935345 -4.59360632029 -1.11403395599 -1.2299046707
6.90548462668 -2 3.17078568708 -4.59402109301 -1.11435487919 -1.2297524432
6.91078028133 -2 3.16413087116 -4.60039984501 -1.11989407342 -1.22711436088
6.91402230105 -2 3.16008502702 -4.60425192032 -1.1232849567 -1.22548951182
6.92174733281 -2 3.15036237532 -4.61344036851 -1.131363939 -1.2215877492
6.9246316365 -2 3.14667392577 -4.6168703 -1.13438010826 -1.22012004525
6.92528256328 -2 3.14591590123 -4.61771504434 -1.13506077162 -1.21978799405
6.92695298082 -2 3.14384772852 -4.61969003996 -1.13680746061 -1.2189344944
6.9281602142 -2 3.14231996297 -4.62113499372 -1.13806978099 -1.21831641688
6.93157510598 -2 3.13797776464 -4.62523407204 -1.14164033238 -1.21656241742
6.94036610217 -2 3.12688310313 -4.63559840635 -1.15083087091 -1.21200858348
6.95201177186 -2 3.1121027183 -4.64932447951 -1.1630029966 -1.205890244
6.96163076176 -2 3.09983361173 -4.66064061088 -1.17305413999 -1.20076255905
6.96957444459 -2 3.08967768493 -4.66981560362 -1.18135270323 -1.19647711914
6.97142563663 -2 3.08731076691 -4.6719651863 -1.18328631993 -1.19547181214
6.97245771607 -2 3.08592540316 -4.67316452428 -1.18436430605 -1.19491024148
6.97410626681 -2 3.08389309575 -4.67513483304 -1.18608611345 -1.19401161847
6.97802365513 -2 3.07877975242 -4.67962420489 -1.19017722419 -1.19186824869
6.97833762583 -2 3.07848748944 -4.68002370059 -1.1905050964 -1.1916959736
6.98263759154 -2 3.07296269992 -4.68500126195 -1.1949951132 -1.18932928595
6.98568928457 -2 3.06902998126 -4.68853699355 -1.19818129717 -1.18764137081
6.98884806252 -2 3.06494481157 -4.69219227258 -1.20147893546 -1.18588697758
6.99174352403 -2 3.06119505019 -4.69555834051 -1.20450136122 -1.18427234235
6.99493662133 -2 3.05707151381 -4.69922672218 -1.20783410923 -1.18248452336
7.00112551301 -2 3.04908177216 -4.70630576194 -1.21429254734 -1.17899777316
7.01178475288 -2 3.03523288162 -4.7185080324 -1.22541235982 -1.17292546528
7.01285600757 -2 3.03373563392 -4.71971812 -1.226529633 -1.17231049195
7.01431581578 -2 3.03192887133 -4.7213714896 -1.2280520692 -1.17147107513
7.01661842449 -2 3.02886501312 -4.7239590188 -1.23045326916 -1.17014377661
7.01800082379 -2 3.027130449 -4.72556180386 -1.23189474327 -1.16934500034
7.02054276595 -2 3.02382181326 -4.72850623639 -1.2345450816 -1.16787246113
7.0206157438 -2 3.02374811184 -4.72855345868 -1.23462116701 -1.16783011335
7.0238620703 -2 3.01951748453 -4.73223342503 -1.23800547453 -1.16594225992
7.02597598529 -2 3.01672004834 -4.7346084977 -1.24020896753 -1.16470866284
7.02766528773 -2 3.01444550059 -4.73648690534 -1.24196969837 -1.16372042213
7.02949451947 -2 3.01204826171 -4.73856059229 -1.24387611623 -1.16264788509
7.03275342221 -2 3.00784077709 -4.74224323668 -1.24727211526 -1.16073079727
7.04597514507 -2 2.9903805214 -4.75715213497 -1.2610443411 -1.1528700151
7.05104131143 -2 2.98376554838 -4.7628457525 -1.26631889024 -1.14982257792
7.05512642327 -2 2.97843054861 -4.76740027584 -1.27057094789 -1.14735091431
7.05592439848 -2 2.97734962327 -4.76829813399 -1.27140141833 -1.14686660639
7.0849261335 -2 2.93879321903 -4.80044654424 -1.30155653665 -1.12892995013
7.08838164437 -2 2.93410273136 -4.8041440289 -1.30514562124 -1.12674906829
7.09287836759 -2 2.92814304349 -4.80907120949 -1.30981484178 -1.12389698688
7.09697771011 -2 2.92258175474 -4.81355487569 -1.31407009986 -1.12128305981
7.10786721559 -2 2.90802143481 -4.82549324561 -1.32536733386 -1.11427483042
7.12498301129 -2 2.88485397202 -4.84402608412 -1.34310381028 -1.10306856727
7.12738085499 -2 2.88162150837 -4.84657939019 -1.34558652039 -1.1014798645
7.12948636992 -2 2.87865988992 -4.84880969716 -1.34776611465 -1.10008102732
7.1342361113 -2 2.87228958975 -4.85395592868 -1.3526814284 -1.09691231296
7.16310456812 -2 2.83276442642 -4.88475014601 -1.38250716425 -1.07725866661
7.16374315269 -2 2.83175427259 -4.88542595533 -1.38316591139 -1.07681620326
7.1650183229 -2 2.83001298047 -4.88674883053 -1.38448120519 -1.07593165594
7.16586290143 -2 2.82891999599 -4.8876248605 -1.38535225657 -1.07534505895
7.16899227057 -2 2.82461469304 -4.89101419113 -1.38857899868 -1.07316644081
7.17895278612 -2 2.8108474001 -4.90149929141 -1.39884176055 -1.06617810621
7.18257678182 -2 2.80584464963 -4.90527474292 -1.40257273903 -1.06361504402
7.18425053022 -2 2.80347770224 -4.90700289355 -1.40429534586 -1.06242759369
7.18979974702 -2 2.79577636706 -4.91291738093 -1.41000400999 -1.05847392584
7.19841262055 -2 2.78378071152 -4.92190000427 -1.41885642335 -1.05228635801
7.19968421473 -2 2.78200539359 -4.92319930405 -1.42016254403 -1.05136754747
7.20430630742 -2 2.77546748997 -4.92794292724 -1.42490827471 -1.04801629055
7.21192249722 -2 2.76486718007 -4.93593224558 -1.43272168146 -1.04245472926
7.22279502504 -2 2.74954814292 -4.94715255241 -1.44386117447 -1.03442984681
7.22448686491 -2 2.74710132117 -4.94886647882 -1.44559296504 -1.03317204567
7.22808302073 -2 2.74213996797 -4.95260096601 -1.44927258005 -1.03049033205
7.24226428953 -2 2.72194098762 -4.96712322618 -1.46376302225 -1.01980668912
7.24402871374 -2 2.71955052483 -4.9689538814 -1.46556362037 -1.01846528626
7.24832257499 -2 2.71344369843 -4.97333798209 -1.46994332755 -1.01518959718
7.24980366819 -2 2.71128939401 -4.97483630309 -1.47145330487 -1.01405598925
7.25324548811 -2 2.70643398349 -4.97834625169 -1.47496078677 -1.01141429379
7.26314045773 -2 2.69217981561 -4.98836871334 -1.48503290524 -1.00376200285
7.26771712926 -2 2.68571267415 -4.99307344089 -1.48968552299 -1.0001936001
7.26900258708 -2 2.68387167693 -4.99433986444 -1.49099161474 -0.999188023128
7.27823632267 -2 2.67061406368 -5.00364451851 -1.50036438359 -0.991921891253
7.28444666613 -2 2.66164045266 -5.00991776148 -1.50665894753 -0.986992446302
7.28505956767 -2 2.66075528025 -5.01053381446 -1.50727974651 -0.986504099881
7.28698870759 -2 2.65799007724 -5.01245075583 -1.50923325219 -0.98496482182
7.28756829495 -2 2.65714531021 -5.0130233428 -1.50982001348 -0.984501716492
7.29417405379 -2 2.64758338354 -5.01965298456 -1.51650269343 -0.979202371244
7.30485268007 -2 2.63196391095 -5.03028991389 -1.52728636343 -0.970553005182
7.30500456761 -2 2.63180608492 -5.03047100298 -1.52743956886 -0.970429241639
7.30888828898 -2 2.62619189767 -5.03433859394 -1.53135527547 -0.967257578512
7.31329003495 -2 2.61976001232 -5.0387224918 -1.53578924197 -0.963646400462
7.31410329933 -2 2.61848899101 -5.03946139287 -1.53660798487 -0.962977282421
7.31437554823 -2 2.61816601358 -5.03980696911 -1.53688203446 -0.962753154201
7.31453490728 -2 2.6179462402 -5.03994864178 -1.53704243976 -0.962621931111
7.3191873953 -2 2.61110750647 -5.04451385581 -1.54172292847 -0.958780720379
7.33754145602 -2 2.58414714911 -5.06266648423 -1.56013795627 -0.943434742432
7.33805999491 -2 2.58340029623 -5.06320902448 -1.56065703477 -0.94299670716
7.34329615447 -2 2.57566132434 -5.06836639882 -1.5658948866 -0.93855960098
7.35272292251 -2 2.56162465941 -5.07751242547 -1.57530713151 -0.930507586054
7.35931612807 -2 2.55192588693 -5.08399196763 -1.58187638863 -0.924826936888
7.36612292044 -2 2.54180026459 -5.09061045879 -1.5886462042 -0.918919783212
7.37711236308 -2 2.52536051717 -5.1012697198 -1.59954887646 -0.909291255335
7.37870311364 -2 2.52295348664 -5.10287643604 -1.60112423063 -0.907888097493
7.37931818754 -2 2.52203173466 -5.10347017083 -1.60173315606 -0.90734491831
7.38275282967 -2 2.5167947909 -5.10669414186 -1.60513144809 -0.90430518378
7.38322497519 -2 2.51618581942 -5.10718839368 -1.60559832786 -0.903886453695
7.38590184951 -2 2.51215641153 -5.10978862467 -1.60824410929 -0.901508438435
7.38725499795 -2 2.51008958602 -5.11102963388 -1.60958073504 -0.900303781764
7.39223936979 -2 2.502616347 -5.11590550821 -1.61449952978 -0.895851411465
7.39423201584 -2 2.4996090038 -5.11780620211 -1.6164638638 -0.894064847294
7.39622707893 -2 2.49650016306 -5.11967768509 -1.61842936862 -0.892272331858
7.39739083758 -2 2.49486223206 -5.12081389289 -1.61957532199 -0.891224972783
7.39784018508 -2 2.49417501798 -5.1212389833 -1.62001768302 -0.890820223808
7.40039201055 -2 2.49022266722 -5.12361423976 -1.62252864826 -0.888518019266
7.40105215426 -2 2.4890568618 -5.12407059934 -1.62317789235 -0.887921439253
7.40615804978 -2 2.47971752185 -5.12737683856 -1.6281948683 -0.883293105024
7.40663441582 -2 2.47888569901 -5.12780745774 -1.62866251842 -0.882860021395
7.40912446236 -2 2.47440941322 -5.12945909648 -1.631105828 -0.880592678375
7.41836429901 -2 2.45770865611 -5.1355985208 -1.64015471948 -0.872127146126
7.41838729768 -2 2.45766321436 -5.13562193621 -1.64017720797 -0.872105972152
7.4200550677 -2 2.45469599496 -5.13674695349 -1.6418075149 -0.870569160161
7.42213665668 -2 2.45076287656 -5.13801663066 -1.64384104553 -0.86864725324
7.43258167383 -2 2.4317813452 -5.14490558256 -1.65402277966 -0.858940107279
7.43381935783 -2 2.42953646999 -5.14572063626 -1.65522678216 -0.857782833862
7.44374342902 -2 2.41147557819 -5.15230268491 -1.66486130378 -0.848449481612
7.44942830809 -2 2.40111893276 -5.15603532835 -1.67036442361 -0.843059560567
7.46078038198 -2 2.38016079768 -5.16329060053 -1.68131788789 -0.832201333198
7.46136555271 -2 2.37906906412 -5.16367627437 -1.6818811993 -0.831638170593
7.4670899208 -2 2.36862745427 -5.16742015862 -1.68738482093 -0.826111203422
7.47595429696 -2 2.35224477646 -5.17313961639 -1.69588223022 -0.817488263164
7.47827012672 -2 2.34802497956 -5.17461544391 -1.69809706939 -0.815222604254
7.48462116993 -2 2.33622560202 -5.17864911687 -1.7041600708 -0.808981625596
7.48630607531 -2 2.33316700103 -5.17973363751 -1.70576580574 -0.807319135499
7.48736153645 -2 2.33115164133 -5.18035128989 -1.70677107909 -0.80627626399
7.4882033622 -2 2.32954031988 -5.18093622451 -1.70757254651 -0.805443677391
7.49271643516 -2 2.32112600455 -5.1836743115 -1.71186424589 -0.800967982636
7.49592648711 -2 2.31521119503 -5.18576549233 -1.71491165586 -0.797772029337
7.49787544055 -2 2.31161377255 -5.18703788676 -1.71675974027 -0.795826561909
7.51156011174 -2 2.28602458902 -5.19558027154 -1.72969015337 -0.782058023979
7.51413081018 -2 2.28112190477 -5.19708985126 -1.73211001806 -0.779450336489
7.51983271863 -2 2.27051546354 -5.20068289215 -1.73746683062 -0.773642317068
7.52698412744 -2 2.25702410497 -5.2050176856 -1.74416457343 -0.766310786933
7.53527407895 -2 2.24147605086 -5.21020688823 -1.75189902916 -0.7577462786
7.5427626754 -2 2.22738849656 -5.21474400334 -1.75885791815 -0.749948709081
7.54921874546 -2 2.21504405277 -5.21862836153 -1.76483561858 -0.743179633682
7.55322727476 -2 2.20743127348 -5.2210586259 -1.76853685739 -0.738954961897
7.55526000019 -2 2.20352560668 -5.22216981363 -1.77041071448 -0.736806234246
7.55724706789 -2 2.19981205874 -5.2234267299 -1.77224048996 -0.734701603366
7.55771277578 -2 2.19886061909 -5.2236368557 -1.77266904734 -0.734207745941
7.56035924129 -2 2.19391495485 -5.22527033865 -1.775102327 -0.731397012152
7.56496291535 -2 2.18512138122 -5.22804640257 -1.77932670043 -0.726490119448
7.57023522877 -2 2.17507541683 -5.23118665791 -1.78415129421 -0.720843240926
7.57163524946 -2 2.17235292015 -5.23200157064 -1.78543001192 -0.719338848618
7.58713840563 -2 2.1425677475 -5.24095895686 -1.79952088975 -0.702541678894
7.59057648646 -2 2.13610966981 -5.2430559815 -1.80262832556 -0.698782148656
7.59872573618 -2 2.12026060164 -5.24763684353 -1.8099679768 -0.689820733757
7.60048763999 -2 2.1169113663 -5.24873457226 -1.81155000471 -0.687873924274
7.6506433181 -2 2.01917328863 -5.27650215742 -1.85582863112 -0.631051536002
7.65393081632 -2 2.01258502953 -5.27816219725 -1.85867767238 -0.627231506183
7.66523595056 -2 1.99033700304 -5.28418163656 -1.86842262169 -0.614004394166
7.66598876661 -2 1.98888995936 -5.28461470405 -1.86906862888 -0.613118589537
7.66600825569 -2 1.98885983756 -5.28464141342 -1.86908534799 -0.613095649308
7.6769324914 -2 1.96715554052 -5.29023097247 -1.87841789656 -0.600170793217
7.67968808274 -2 1.96157887411 -5.29160634929 -1.88075956763 -0.596889652762
7.68311680574 -2 1.95484921569 -5.29345824361 -1.88366618843 -0.592795211188
7.68712451575 -2 1.94674591178 -5.29537910603 -1.88705362688 -0.587992770331
7.69330803423 -2 1.93439304775 -5.29845115527 -1.89225877722 -0.580547889299
7.69435127354 -2 1.93237835668 -5.2990879272 -1.89313438035 -0.579287627117
7.69583099763 -2 1.92940584712 -5.29981720382 -1.89437504905 -0.577497989273
7.70913329715 -2 1.90265121322 -5.30626557933 -1.9054601324 -0.561299310097
7.71134747308 -2 1.89829569083 -5.30743663559 -1.90729321041 -0.558583700853
7.71525511542 -2 1.89030751122 -5.30921593328 -1.9105197937 -0.553777616227
7.71935065164 -2 1.88216125479 -5.31125438169 -1.91388982183 -0.548721914264
7.72245603915 -2 1.87589905523 -5.31273159413 -1.916437065 -0.54487583574
7.72793954334 -2 1.86477303382 -5.31529068868 -1.92091793836 -0.538057707936
7.74575777774 -2 1.8285182613 -5.32343474702 -1.93532545785 -0.515666359924
7.74945363755 -2 1.82096986393 -5.32507368367 -1.93828415652 -0.510976507875
7.75101429688 -2 1.81767277727 -5.32574999461 -1.93953042765 -0.508991410273
7.75950431552 -2 1.8002046393 -5.32936854948 -1.94627762079 -0.498143430544
7.76670968153 -2 1.78544063411 -5.33254251028 -1.9519603322 -0.488871792694
7.77034797168 -2 1.77791372348 -5.33409157795 -1.95481442342 -0.484167387012
7.77384565267 -2 1.77073374342 -5.33557111805 -1.95754843012 -0.479630361699
7.79106342014 -2 1.73502785844 -5.34252638426 -1.97086537719 -0.457089444686
7.79241134089 -2 1.73214223783 -5.34305734632 -1.9718978755 -0.455310240717
7.80614540294 -2 1.70341045115 -5.34820547052 -1.98233366569 -0.437060900823
7.8096304742 -2 1.69613924869 -5.34961074272 -1.98495712066 -0.432394961406
7.81773147617 -2 1.67901065962 -5.35248168005 -1.99101628055 -0.421494001495
7.82455088958 -2 1.66465071832 -5.35487998475 -1.99607422317 -0.412257802711
7.82672378244 -2 1.66018874325 -5.3557540672 -1.99767760179 -0.409303341383
7.82947002219 -2 1.65421522061 -5.35656626352 -1.99969832063 -0.405561346219
7.83602869053 -2 1.64036146643 -5.35890776563 -2.00449825332 -0.396588583751
7.84216915454 -2 1.62728705818 -5.36092989148 -2.00895866881 -0.388141901769
7.84722613235 -2 1.61642107198 -5.36246564127 -2.01260757754 -0.381152145804
7.84960635269 -2 1.61128798469 -5.36324094506 -2.01431735888 -0.377851722972
7.85010175427 -2 1.61031232074 -5.36348028411 -2.01467259961 -0.377163953188
7.85294563413 -2 1.60426524393 -5.36430934286 -2.01670773269 -0.373210144386
7.85678810439 -2 1.59607787263 -5.36554318501 -2.01944622961 -0.367852772702
7.86160519816 -2 1.58567230955 -5.36699988585 -2.02286099727 -0.361111774079
7.8661277653 -2 1.57588517583 -5.3682937804 -2.02604832578 -0.354757844499
7.87287999784 -2 1.56128646653 -5.3702088966 -2.03077322748 -0.345226110133
7.8752682741 -2 1.55608961838 -5.37088203341 -2.03243469434 -0.34184173125
7.87660951266 -2 1.5530919774 -5.37116846236 -2.03336552272 -0.339938111075
7.87865813628 -2 1.54874290534 -5.37177248655 -2.0347841663 -0.337026364182
7.88383715056 -2 1.53745199419 -5.37318587504 -2.03835372788 -0.329643038829
7.89117608587 -2 1.52141936919 -5.37506467354 -2.04337048107 -0.319125729082
7.89263566359 -2 1.51820182158 -5.37530385328 -2.04436239379 -0.317026375
7.89514367604 -2 1.51274455167 -5.37602233868 -2.0460622816 -0.313413091383
7.89814720777 -2 1.50611325244 -5.37663957984 -2.04809047362 -0.309076040688
7.90666364219 -2 1.4873291152 -5.37861976632 -2.05379643572 -0.296719914183
7.95701925429 -2 1.37459262873 -5.38750011371 -2.08615617932 -0.221893511544
7.9584346553 -2 1.37145850452 -5.38773394977 -2.08703124629 -0.219746693812
7.96758803915 -2 1.35053555592 -5.38882232924 -2.09264425767 -0.205805962294
7.99725858025 -2 1.28184287097 -5.39116123923 -2.11028781424 -0.15993883107
8.02973086722 -2 1.19830572162 -5.37911727544 -2.12862673497 -0.108567923748
8.07853606121 -2 1.06759725198 -5.3544639787 -2.15428002394 -0.0291315452659
8.08793049032 -2 1.04196969763 -5.34914387164 -2.158956418 -0.013546915474
8.09738736462 -2 1.01575276715 -5.34345413267 -2.16357940087 0.00223303807952
8.09782866412 -2 1.01468893186 -5.34318784243 -2.16379306674 0.00297161339803
8.11681404156 -2 0.961534628194 -5.33096349967 -2.17281218129 0.0349282872823
8.15246765073 -2 0.85897797381 -5.30517157542 -2.18884824536 0.0958456787385
8.15416217476 -2 0.854052527724 -5.30380454013 -2.18958161109 0.0987681271271
8.15556673876 -2 0.849915842 -5.30274117455 -2.19018753288 0.101192251497
8.15853190818 -2 0.841262516406 -5.30036453476 -2.19146089072 0.106314970061
8.17082501287 -2 0.804817703705 -5.29030997564 -2.19665659117 0.127625117789
8.18245044333 -2 0.769847235555 -5.28034561379 -2.20144779125 0.147878539004
8.18761397834 -2 0.75407350215 -5.27576985792 -2.20353819995 0.156903368177
8.20150668825 -2 0.711401681626 -5.26304291959 -2.20904923642 0.181265810773
8.24188416616 -2 0.583151213314 -5.22195502886 -2.22415758375 0.252589487477
8.25041497794 -2 0.555098115026 -5.21249002899 -2.22718278774 0.26772197591
8.25126069437 -2 0.552324429414 -5.21157164724 -2.22747962354 0.269222769258
8.25919564998 -2 0.52590230486 -5.20248001838 -2.23023800305 0.28330730419
8.2637794069 -2 0.510467047218 -5.19696186274 -2.2318096431 0.291444831584
8.26884015193 -2 0.493435492639 -5.19104012609 -2.23352652409 0.300428743898
8.27495191447 -2 0.472588160196 -5.1836154963 -2.23557464072 0.311275802029
8.31315907874 -2 0.337760026618 -5.13352284149 -2.24777216884 0.378841972716
8.31680376948 -2 0.324433717766 -5.12839405189 -2.24888303293 0.385248187121
8.34110078331 -2 0.233610271883 -5.0923876428 -2.25606529941 0.427659899513
8.36675251179 -2 0.133399847502 -5.05137416062 -2.26324254523 0.471662342538
8.37695950615 -2 0.0921799846392 -5.03408206205 -2.26598711262 0.488871907458
8.3785093881 -2 0.0858006541928 -5.03124286307 -2.26639843973 0.49146750112
8.37937431276 -2 0.0822778989852 -5.02989565032 -2.26662736682 0.492913866064
8.43110491482 -2 -0.141113243344 -4.9317781719 -2.2795299907 0.575952594777
8.43644029193 -2 -0.165542898741 -4.92073189665 -2.2807732099 0.584036828894
8.43671604438 -2 -0.166870755056 -4.92000770666 -2.28083701776 0.58445170168
8.45290453888 -2 -0.242686990757 -4.88528408796 -2.28450540441 0.608261457296
8.45906659685 -2 -0.272301537929 -4.87155674549 -2.28586119133 0.617021191017
8.4778549138 -2 -0.36539511643 -4.82782339853 -2.28985259604 0.64255733473
8.49603483299 -2 -0.45921579146 -4.78315703226 -2.29350069892 0.665353537389
8.51401560083 -2 -0.556203531718 -4.73615089099 -2.29688478924 0.685733956991
8.51489092459 -2 -0.560877493896 -4.73391735092 -2.29704346824 0.686665224504
8.53371820394 -2 -0.667399561165 -4.68154020644 -2.30030946113 0.705180732172
8.55200220063 -2 -0.775714423531 -4.62771655369 -2.30318777745 0.720094943935
8.56099213703 -2 -0.830723443914 -4.60020321298 -2.30448432862 0.726180347692
8.60284115766 -2 -1.10456294434 -4.45839994338 -2.30927243637 0.741606194811
8.6131145729 -2 -1.174450359 -4.41353319501 -2.31007295984 0.74162508599
8.65460503478 -2 -1.47870510257 -4.219276548 -2.31130915521 0.722858646933
8.66600651164 -2 -1.56904487194 -4.1622235354 -2.3109675963 0.711587885061
8.66767006901 -2 -1.58240736854 -4.15361418911 -2.31088884929 0.709694935604
8.6691467053 -2 -1.59449916975 -4.14606280664 -2.31081250215 0.707959943336
8.67810826374 -2 -1.66810584537 -4.09929023998 -2.31021411996 0.696296138094
8.6813297631 -2 -1.6951631967 -4.08228234613 -2.30993992893 0.691612771118
8.68211818946 -2 -1.70185142868 -4.07807717877 -2.30986787278 0.690425924968
8.68943660965 -2 -1.76426807113 -4.03857238756 -2.30910283858 0.678627375708
8.68990608027 -2 -1.76828606817 -4.03602418285 -2.30904767798 0.677821416985
8.73021361144 -2 -2.13813258825 -3.80293574999 -2.30113794774 0.584099204779
8.73501694918 -2 -2.18517654837 -3.77323741445 -2.29971586757 0.569366934426
8.74365335499 -2 -2.27168076615 -3.71905019095 -2.29685911914 0.540744274863
8.76012073755 -2 -2.44315847141 -3.61178454248 -2.29024656856 0.478076851612
8.79960839492 -2 -2.89130989325 -3.33316749759 -2.26687339324 0.278316625886
8.81960120897 -2 -3.13980104048 -3.1791299598 -2.25004031727 0.146110258825
8.82439102839 -2 -3.20184239653 -3.14115088297 -2.24541548424 0.110918675673
8.84134231798 -2 -3.42816915337 -3.00149873466 -2.22699426453 -0.0254826719316
8.86694766824 -2 -3.79343360113 -2.77697353379 -2.19228303069 -0.270009267749
8.87427583753 -2 -3.90347476798 -2.70956560368 -2.180615722 -0.349376304726
8.89010998134 -2 -4.14996731118 -2.55884692041 -2.15242764557 -0.536518233036
8.90568924817 -2 -4.40454683855 -2.40384422327 -2.12031346156 -0.74313530738
8.93585729179 -2 -4.93373993329 -2.0825521091 -2.04374212862 -1.21449721581
9.03428877761 -2 -7.04163453425 -0.815784633313 -1.60536689401 -3.61377335307
9.03705752612 -2 -7.1106060133 -0.774984965458 -1.58743557696 -3.70536042295
9.08119011627 -2 -8.28688460766 -0.0764225429119 -1.24518547115 -5.39416595121
9.08829433019 -2 -8.49063316854 0.0443957208333 -1.17895186358 -5.71026384493
9.18178262748 -2 -11.5955792425 1.86484419293 0.0845272826694 -11.3431586119
9.18482554825 -2 -11.710649664 1.93191147231 0.140735610332 -11.5812916087
9.20904950957 -2 -12.6571863913 2.48577748288 0.630946068121 -13.6268634672
9.21124430627 -2 -12.7453134167 2.53764568152 0.679335376218 -13.82601101
9.27665952329 -2 -15.6160315221 4.22076790213 2.48433087702 -20.9886441699
9.28696951484 -2 -16.1132276986 4.50989233383 2.84303568895 -22.3633613999
9.33144803412 -2 -18.4040392485 5.83292353419 4.67951093857 -29.2227775732
9.3345917181 -2 -18.5750930822 5.93114038592 4.82903709791 -29.7701137982
9.42728405269 -2 -24.1648978458 9.10337250373 10.7509539077 -50.5479088889
9.67736282143 -2 -43.3377270118 19.3631461338 54.787688957 -185.998122293
9.70157159752 -2 -45.2330123657 20.298573685 62.9239656603 -209.462713411
9.7976934225 -2 -51.6796558717 23.1741779035 106.893143778 -332.324521317
9.97980325532 -2 -49.6860429476 19.1081305148 272.690400328 -766.332309754
10.0335052493 -2 -41.4244157211 12.9370340168 354.664231198 -972.081504993
10.3314664317 -2 188.460838913 -138.351607765 1401.20374992 -3425.2045298
10.5187298595 -2 721.744248037 -482.463912966 3129.66005751 -7222.11466031
10.8992980915 -2 4948.93470548 -3272.31732997 14336.3791156 -30026.7708914
