1.77034980863 -2 -122692.953532 55053.9528564 640350.611971 -872821.943699
1.8432278434 -2 -86980.9144515 37916.5790132 489679.614006 -655592.989112
2.31646863451 -2 -7002.96824879 1636.59098783 78377.2595184 -91916.585132
2.33512630927 -2 -6243.10835444 1351.30839708 72653.1190304 -84730.9359809
2.45692219066 -2 -2795.85197397 155.375613915 43945.387719 -49424.6423348
2.48579163325 -2 -2270.50293258 -3.40553763695 38929.1537229 -43411.3191602
2.62338254656 -2 -710.458142213 -383.113896944 21596.6852191 -23150.5241079
2.66057751736 -2 -476.029603744 -415.67050565 18353.0824622 -19474.342286
2.67432180343 -2 -403.417622532 -422.906379365 17275.1330296 -18263.0913069
2.68771619993 -2 -339.09003699 -427.834048788 16282.186448 -17152.367858
2.69564571163 -2 -303.807283554 -429.846828442 15719.9336083 -16525.6523041
2.6958551585 -2 -302.902412476 -429.891384732 15705.333118 -16509.3999097
2.77642195416 -2 -42.2396630298 -420.794553392 10942.7300123 -11274.0838833
2.79288973227 -2 -6.67064987621 -414.043051252 10153.6908319 -10421.0597284
2.80088896053 -2 8.87025202798 -410.338889514 9789.98737495 -10029.4331913
2.82161402402 -2 44.3296391372 -399.637301532 8903.70955606 -9079.49336242
2.83820738572 -2 68.1794662871 -390.096781801 8248.9638027 -8381.92802758
2.84523511219 -2 77.1752284135 -385.837977106 7985.50563285 -8102.3049572
2.84993723142 -2 82.8491101923 -382.924388305 7813.65658443 -7920.25246193
2.86424727594 -2 98.5095997042 -373.775924654 7311.7397974 -7390.12197861
2.87842567569 -2 111.810273399 -364.356019756 6844.35038474 -6898.66950624
2.91838323924 -2 139.125457784 -336.508552564 5673.13726392 -5677.26957306
2.99775736577 -2 160.675086052 -279.473009797 3880.42915881 -3839.9778331
3.02880159727 -2 161.063695677 -257.723810498 3335.86236413 -3290.94051369
3.03939363638 -2 160.469061297 -250.460737377 3166.9778213 -3121.64643674
3.04759783229 -2 159.790122101 -244.899092723 3041.67395123 -2996.35222308
3.05192664923 -2 159.360452842 -241.988295287 2977.43402765 -2932.2230176
3.06671367828 -2 157.551588778 -232.176298281 2767.38779963 -2723.05141252
3.08083304238 -2 155.382958599 -223.007279475 2579.7607987 -2536.88852843
3.10046009441 -2 151.762983805 -210.608039654 2338.52220218 -2298.5172692
3.1095014817 -2 149.893838962 -205.038386558 2234.59499072 -2196.17825366
3.11363412366 -2 149.002206421 -202.523194211 2188.53391768 -2150.89070298
3.14177250774 -2 142.406658605 -185.922166792 1897.56980193 -1865.82783563
3.18230002403 -2 131.756773363 -163.667461797 1541.00116536 -1518.9753187
3.30681810541 -2 96.8508070929 -107.591701143 795.48000601 -802.892495895
3.3131140677 -2 95.1478365618 -105.229111402 768.590236462 -777.274764823
3.33652743523 -2 88.93894329 -96.8157166424 675.733782807 -688.886696821
3.33763982571 -2 88.6491964663 -96.4304099988 671.589076376 -684.943722775
3.35191143561 -2 84.9768074047 -91.5992385182 620.436139568 -636.291764676
3.35515579443 -2 84.1540493307 -90.5299117159 609.316013994 -625.717429656
3.3694538057 -2 80.5834283829 -85.9421301092 562.444297854 -581.149583809
3.37171981058 -2 80.0261053272 -85.2335121597 555.325603635 -574.380778414
3.40553697876 -2 71.9969219657 -75.2374820982 458.39380561 -482.174969721
3.40645287465 -2 71.7871415785 -74.9814213204 455.997308994 -479.893615927
3.44119637405 -2 64.1418575977 -65.8130522026 373.064955179 -400.839556325
3.44469822014 -2 63.4051960032 -64.9459049754 365.515859149 -393.629446769
3.45981080518 -2 60.297809038 -61.3181876945 334.496538262 -363.967465487
3.47079374606 -2 58.1127013433 -58.7957009564 313.468201252 -343.820257309
3.47430388468 -2 57.4273364068 -58.0091766912 307.003718854 -337.619119325
3.48896379661 -2 54.6324425159 -54.8249089014 281.284093169 -312.906065768
3.50917349196 -2 50.9570393008 -50.6922913378 249.006173273 -281.77769621
3.51126158448 -2 50.5888652203 -50.2817597857 245.868701614 -278.743840527
3.51791720477 -2 49.4298533412 -48.9930859306 236.103546318 -269.290586683
3.5188040559 -2 49.2771347064 -48.8236190184 234.828968305 -268.055480566
3.52359962437 -2 48.4576463119 -47.9166005885 228.043020937 -261.474584103
3.52574461775 -2 48.0948084067 -47.5159148767 225.065037058 -258.583774475
3.5278124682 -2 47.7470503412 -47.132512815 222.227171567 -255.827318057
3.53076166355 -2 47.2546969379 -46.5904910276 218.235184419 -251.94700843
3.54714501159 -2 44.5962001582 -43.6817717874 197.203680184 -231.443522335
3.57774043944 -2 39.9698247979 -38.6911913828 162.70942302 -197.542223086
3.58974682911 -2 38.2710282727 -36.8809603863 150.712780454 -185.649398498
3.59149578805 -2 38.0288752034 -36.623884414 149.032333777 -183.978402331
3.5949991145 -2 37.5480125716 -36.1140334335 145.716061303 -180.676836449
3.61776138349 -2 34.5525013492 -32.9592061281 125.712417058 -160.637525021
3.70990932552 -2 24.5281326859 -22.6605744978 67.1495363043 -100.037208096
3.71842160709 -2 23.7562668662 -21.8838544663 63.1971891128 -95.7776368484
3.74541780764 -2 21.4621012872 -19.5890166691 51.9499441817 -83.4589065735
3.75623792631 -2 20.605567402 -18.7373994778 47.9469491062 -78.9900130899
3.75742376057 -2 20.5138100409 -18.6463192839 47.5245767625 -78.5154535625
3.76998693964 -2 19.5664341892 -17.7081671963 43.2391966405 -73.6645407684
3.77538044454 -2 19.1735687147 -17.3200298078 41.5019202144 -71.6778247229
3.7958269861 -2 17.7558668427 -15.9247286832 35.436422999 -64.6350439047
3.79815603879 -2 17.601446105 -15.7731625025 34.7950575182 -63.8795031806
3.80477539689 -2 17.1711319314 -15.3509112753 33.0245647422 -61.7816953353
3.80605799408 -2 17.0891569108 -15.2704688762 32.690285852 -61.3835330478
3.8075555481 -2 16.9939685386 -15.177096117 32.3035261772 -60.9220018042
3.86327547457 -2 13.8284191184 -12.0925960743 20.3448059518 -46.0770871831
3.86460737381 -2 13.7611432115 -12.0273958744 20.1106938594 -45.7722804009
3.8703872649 -2 13.4735664191 -11.7491492991 19.1194203795 -44.4737164421
3.89462669181 -2 12.3402688838 -10.6552221381 15.373014831 -39.4329674686
3.89912847905 -2 12.1421513892 -10.4645102896 14.7453955753 -38.5645712423
3.91619468167 -2 11.4246138808 -9.77477819945 12.5428775909 -35.4503212508
3.93013256905 -2 10.8762645895 -9.24891091608 10.9372247641 -33.1030921258
3.95334292859 -2 10.0333574064 -8.44238109835 8.60818619713 -29.5501862214
3.9651561036 -2 9.63615227441 -8.063019404 7.5721972686 -27.8985545198
3.97441749826 -2 9.33892555486 -7.77950352581 6.8241522754 -26.6720309848
3.98352280311 -2 9.05845562376 -7.51224275723 6.14026113878 -25.5217058024
3.98897609924 -2 8.89589157248 -7.35734929991 5.75391882722 -24.8580394137
3.99224726142 -2 8.80020000151 -7.26619526331 5.53021249092 -24.4687456094
4.00234540239 -2 8.51371388602 -6.99353183579 4.87614749335 -23.3072994239
4.00642707744 -2 8.40162815271 -6.88684987629 4.62684626013 -22.8546036329
4.01308960822 -2 8.22301010225 -6.71697960076 4.23771843427 -22.1356537388
4.0136194529 -2 8.20906421462 -6.70368677108 4.20769733514 -22.0795217061
4.03560800673 -2 7.65832760021 -6.18026658057 3.07449400718 -19.8788882918
4.03793743932 -2 7.60312428975 -6.12781354577 2.96663852537 -19.6598715643
4.04593874218 -2 7.41823388215 -5.95217646895 2.6127029108 -18.9270371016
4.04715688756 -2 7.39069216132 -5.92600897096 2.56100676168 -18.8180591278
4.05980842471 -2 7.11378238029 -5.66292254084 2.05662176952 -17.7252003922
4.06048175063 -2 7.09948081201 -5.64937249215 2.03138630726 -17.6689804922
4.06481103895 -2 7.00871791599 -5.56317500798 1.87285617149 -17.3120508949
4.06534562495 -2 6.99765984363 -5.55263699648 1.85372234336 -17.2685175484
4.06814035323 -2 6.94024470208 -5.49813714965 1.75524637121 -17.0428418334
4.07939760334 -2 6.71638846715 -5.28538573954 1.38409715906 -16.1654682969
4.09872665573 -2 6.35919738679 -4.94596007624 0.835021385297 -14.7706859854
4.12292046525 -2 5.95693893168 -4.56315297597 0.285629026333 -13.20589748
4.14293868056 -2 5.65871878775 -4.27886031152 -0.0697910751143 -12.0475350033
4.14785201134 -2 5.5899642622 -4.21322222962 -0.144913708116 -11.7805541693
4.15898725633 -2 5.44030045552 -4.07011616531 -0.299065730829 -11.199247018
4.1651354135 -2 5.36123862064 -3.99446666354 -0.375141977416 -10.8918886871
4.17213240669 -2 5.27422015426 -3.91116721971 -0.454385743144 -10.5533888737
4.17382950899 -2 5.25358923644 -3.89136390768 -0.472475012164 -10.4730528869
4.1810533603 -2 5.16779843815 -3.80900682893 -0.544739864694 -10.138604067
4.18735627123 -2 5.09548361085 -3.73954414182 -0.601781854216 -9.856471532
4.18993663854 -2 5.06653079472 -3.71178142056 -0.623588334373 -9.74350011737
4.20217433625 -2 4.93458620764 -3.58469768911 -0.715467767105 -9.22704335694
4.2032098471 -2 4.92381769843 -3.57427171106 -0.722405496274 -9.1847683078
4.21428494153 -2 4.81214731605 -3.46641012233 -0.788984549063 -8.74597394034
4.22527235766 -2 4.70772274849 -3.3652274809 -0.842140449213 -8.33385979356
4.23713353144 -2 4.60170850472 -3.26222339339 -0.886468465343 -7.91347316863
4.2371439948 -2 4.60161377697 -3.26213659374 -0.886501983093 -7.91311312685
4.25376030421 -2 4.46426891056 -3.12795243853 -0.928335190813 -7.36425590361
4.26152573381 -2 4.4042525666 -3.06908960625 -0.94064478682 -7.12282432068
4.26941768024 -2 4.34592447315 -3.01165326104 -0.948893439432 -6.88677519568
4.26984015933 -2 4.34287348233 -3.00870551702 -0.949220077068 -6.87439657284
4.27577006229 -2 4.30078587283 -2.96715017553 -0.952628905691 -6.70334998011
4.27627394858 -2 4.29730137349 -2.9636351843 -0.952819658787 -6.68904517686
4.29215628116 -2 4.19169369406 -2.85886461458 -0.951466511909 -6.25592984283
4.29252480971 -2 4.18937878611 -2.85658987065 -0.951275146756 -6.24627759952
4.29982907088 -2 4.14404460118 -2.81132149043 -0.946105380813 -6.05854716776
4.31522130383 -2 4.05473685495 -2.72159417828 -0.927311154786 -5.68441403875
4.31926538597 -2 4.03257318808 -2.69916881575 -0.920765278584 -5.59073746679
4.32287187686 -2 4.01325074696 -2.6796008112 -0.91441170989 -5.50875858913
4.32542900103 -2 3.99982062127 -2.66597600722 -0.909623751002 -5.45150980199
4.32845814788 -2 3.98418653118 -2.65005477772 -0.903659090353 -5.38462082453
4.33143200954 -2 3.96908996284 -2.63466700848 -0.897504877943 -5.31991738486
4.37044857715 -2 3.79490469797 -2.45443479102 -0.794045509008 -4.55333744994
4.372560093 -2 3.78666671268 -2.44565700887 -0.787463587087 -4.51591087984
4.37883228432 -2 3.76276802022 -2.42045864802 -0.767447343951 -4.40700919749
4.38290225652 -2 3.74782471814 -2.40450186094 -0.754111516227 -4.33812664502
4.38487781601 -2 3.74071472996 -2.3969184037 -0.747546449015 -4.3051869572
4.39130363436 -2 3.71817209803 -2.3728232404 -0.725806813044 -4.20024173526
4.39237409018 -2 3.71452755572 -2.36883762033 -0.722131189524 -4.18308073593
4.39338380915 -2 3.71107289211 -2.36513428732 -0.718650706123 -4.16697643048
4.39368663008 -2 3.71003798242 -2.36405240993 -0.717604388554 -4.16216229441
4.41314584327 -2 3.6479541871 -2.30219762215 -0.64826289467 -3.86744624379
4.41324078412 -2 3.64770118503 -2.30187995838 -0.64791579603 -3.86607677522
4.4282846582 -2 3.60491189074 -2.26096961473 -0.592112142503 -3.65701678046
4.43976336983 -2 3.5752807897 -2.2322420764 -0.54871210942 -3.50767098624
4.43986026508 -2 3.57500198558 -2.23198626765 -0.548343612544 -3.50644620419
4.44252800522 -2 3.56843828328 -2.22570446338 -0.538186874036 -3.47295590168
4.44568288891 -2 3.56082186541 -2.21833734914 -0.526150427087 -3.4339191562
4.45029994101 -2 3.55006544569 -2.2079249665 -0.508496308165 -3.3778835565
4.45922187577 -2 3.53020769774 -2.18851916019 -0.474299306501 -3.27318424734
4.46311322129 -2 3.52206842461 -2.1804389987 -0.459370481585 -3.22895753056
4.47058007352 -2 3.50690344481 -2.16567785176 -0.4307392701 -3.14646234723
4.47102261252 -2 3.50605605983 -2.16471351252 -0.429043853855 -3.14166902363
4.47384897271 -2 3.50055848672 -2.15937161617 -0.418221645329 -3.11130445404
4.47977230289 -2 3.48948831592 -2.14846030523 -0.395583326063 -3.04904409232
4.4856566048 -2 3.47899934908 -2.13791802537 -0.373169754229 -2.98899624674
4.50267712967 -2 3.45138777743 -2.11028824289 -0.308954417505 -2.82496771778
4.51181607505 -2 3.43819151633 -2.09687001409 -0.274971375245 -2.74252629479
4.53109916846 -2 3.41365078229 -2.0715284383 -0.204738923684 -2.58059022086
4.5442577832 -2 3.39930182759 -2.05657907959 -0.158158215618 -2.47885053797
4.54982864272 -2 3.39382719678 -2.05068605584 -0.138804790489 -2.43779459338
4.55031186996 -2 3.39335019502 -2.05025192109 -0.137136804246 -2.4342881737
4.55052813137 -2 3.3931361718 -2.04997973561 -0.136390885245 -2.43272173443
4.55464841477 -2 3.38930702318 -2.04590707226 -0.122246694437 -2.40320663947
4.57315669334 -2 3.37415321562 -2.02926632938 -0.0603553888587 -2.27807147836
4.58658367556 -2 3.36505032002 -2.01904088752 -0.0172329265008 -2.19449653663
4.59923532825 -2 3.35797729849 -2.01062400339 0.0219596979377 -2.12091620464
4.61015499787 -2 3.35275420067 -2.00432649062 0.0546280603429 -2.0612135581
4.61365989188 -2 3.3512814374 -2.0025588248 0.0648819492885 -2.04276692467
4.62550909515 -2 3.34695364731 -1.99690387914 0.0987031050936 -1.9828766533
4.63565791097 -2 3.3439880174 -1.99293452003 0.126624435512 -1.93449738243
4.63651373874 -2 3.34380383516 -1.99254081257 0.1289345525 -1.93053635991
4.64800255727 -2 3.34131034922 -1.9888327804 0.15927431602 -1.87908837708
4.65587868465 -2 3.3400425281 -1.98671433865 0.179349828737 -1.84561649386
4.66001595995 -2 3.3395810923 -1.98566017197 0.189659282777 -1.82859869438
4.66478438705 -2 3.33905615293 -1.98461373037 0.201339875197 -1.80945478771
4.66634788083 -2 3.33895435489 -1.98436621018 0.205122800616 -1.80328558205
4.66753301762 -2 3.33883434204 -1.98418095971 0.207974837879 -1.79864434159
4.677983901 -2 3.33835471477 -1.98251776958 0.232549542492 -1.75899835224
4.68246782805 -2 3.33830976191 -1.98193926144 0.242777271369 -1.74267664321
4.6852649798 -2 3.33837425602 -1.98170953899 0.249061757434 -1.73269846003
4.68882723661 -2 3.33850960819 -1.98132067873 0.256959019037 -1.72021357836
4.69224972678 -2 3.33858820215 -1.98111110343 0.264434637311 -1.70844990673
4.69572376417 -2 3.33879480186 -1.98096552429 0.271911150544 -1.69673716801
4.69796585585 -2 3.33897449353 -1.98077835113 0.276676802379 -1.68929822645
4.69921024024 -2 3.33912501546 -1.98077172356 0.279301667342 -1.68520981242
4.70439852351 -2 3.33954694157 -1.98069122743 0.290091349232 -1.66846940392
4.70995898484 -2 3.3401797122 -1.98074807129 0.301379898478 -1.65106531742
4.71508019002 -2 3.34086706022 -1.98082499429 0.311526474443 -1.63551565908
4.71737673187 -2 3.34121399954 -1.98099796461 0.315999090361 -1.62868893275
4.72463768065 -2 3.34246894424 -1.98146137953 0.32982652111 -1.60768747836
4.74061891974 -2 3.34586792112 -1.98328952859 0.358603075124 -1.56445946233
4.74506638394 -2 3.34698702115 -1.98390782754 0.366211906238 -1.55313094764
4.74758805855 -2 3.3476121588 -1.9843104599 0.370449784105 -1.5468386276
4.75138104467 -2 3.34869545589 -1.98502077316 0.376720931089 -1.53754934814
4.75487239004 -2 3.34965324744 -1.98566897921 0.382384362266 -1.52918212689
4.75757192264 -2 3.3504396169 -1.98622179515 0.386692188985 -1.52283111575
4.76894829399 -2 3.35393216273 -1.98883847765 0.404171987452 -1.49717189574
4.7693947062 -2 3.35413056002 -1.98894941457 0.404835892646 -1.49620061965
4.77161136514 -2 3.35490582584 -1.98949081639 0.408108134472 -1.49141668942
4.77550989365 -2 3.35615772695 -1.99056718029 0.413765160394 -1.48315863186
4.77799374177 -2 3.35706502813 -1.99120799444 0.417304622661 -1.47799931261
4.79922951419 -2 3.36517630088 -1.99780313018 0.445548997874 -1.43699516839
4.80797928494 -2 3.36875977474 -2.00099732579 0.456162175998 -1.42163672776
4.81067081713 -2 3.369956427 -2.00192714783 0.459309801535 -1.41708341819
4.8181252001 -2 3.37318934525 -2.00480979019 0.467744231302 -1.40488050111
4.82204901781 -2 3.37496442863 -2.00651061627 0.472018773424 -1.39869252805
4.83072181197 -2 3.37900283232 -2.01012999693 0.48106961599 -1.38557301654
4.83370479952 -2 3.38039278236 -2.01149114509 0.484057962221 -1.38123370946
4.83574352625 -2 3.38136470687 -2.01236299928 0.486064089821 -1.37831786739
4.84278164209 -2 3.38483815573 -2.01555199689 0.492765863307 -1.36855693422
4.85445356758 -2 3.39068955967 -2.02117795285 0.503129461421 -1.35337852494
4.85708097103 -2 3.39197849613 -2.0225524364 0.505335799162 -1.35012949022
4.86353319223 -2 3.39538398896 -2.02577786626 0.510560538077 -1.34240353139
4.86399945677 -2 3.39558092387 -2.0260664537 0.510927545505 -1.34185892869
4.86604574394 -2 3.39674495472 -2.02711947805 0.512521550171 -1.33949037096
4.86980348937 -2 3.39870712835 -2.02909670013 0.515378437182 -1.33523122574
4.87054211528 -2 3.39906167935 -2.0295612791 0.515929353685 -1.33440766538
4.87110458255 -2 3.39937718663 -2.02987518814 0.516346547413 -1.33378349691
4.88489032755 -2 3.4069145174 -2.03742046845 0.525950874015 -1.31927061652
4.88529190834 -2 3.40707976968 -2.03772301473 0.526213031491 -1.31886992994
4.89694446069 -2 3.41361246743 -2.04452688816 0.533396984948 -1.30776499356
4.89777243435 -2 3.4141388843 -2.04494768678 0.53387673617 -1.30701350555
4.90475650132 -2 3.41813152876 -2.04919514948 0.537764658192 -1.30086672458
4.90477406205 -2 3.41812443095 -2.04929634467 0.53777407897 -1.30085169652
4.90524153632 -2 3.41840340704 -2.0494767559 0.538024214696 -1.3004524213
4.9169373401 -2 3.42525359607 -2.05684569756 0.543880160009 -1.29094161242
4.91827398211 -2 3.42598237464 -2.057774349 0.54450085715 -1.28991200152
4.92911099962 -2 3.43240993208 -2.06473922338 0.549175039077 -1.28198149586
4.93968670624 -2 3.43881802882 -2.07190760557 0.553136833533 -1.27493176853
4.94744983799 -2 3.44353944224 -2.07726416159 0.555680079087 -1.27016966869
4.95008773073 -2 3.44517740287 -2.07914265186 0.556475588701 -1.26862829756
4.95214355654 -2 3.44636069793 -2.08064453158 0.557071750426 -1.26745347818
4.96015642328 -2 3.4513496208 -2.08634231341 0.559199137297 -1.26309081172
4.96029415244 -2 3.45139234749 -2.08645282772 0.559233005312 -1.26301878264
4.96173281846 -2 3.45237366198 -2.08748041963 0.559581385865 -1.26227227459
4.96855477097 -2 3.45659250074 -2.09246591397 0.561100678189 -1.25887647824
4.97971755713 -2 3.46356613979 -2.10089204381 0.563124590802 -1.25381636274
4.98076777131 -2 3.46429319978 -2.10163458529 0.563286133613 -1.253370993
4.98493316109 -2 3.46688211631 -2.10477968237 0.563878887794 -1.25165509385
4.98934034515 -2 3.46973091693 -2.10822097621 0.56442358983 -1.24992603119
4.99052439823 -2 3.47043761901 -2.10910345969 0.564555649431 -1.24947638664
4.99075935027 -2 3.4705624252 -2.10937484947 0.564581139796 -1.24938790597
5.01450120593 -2 3.48321599721 -2.12990839752 0.56597349848 -1.24166069329
5.01485128822 -2 3.48326784005 -2.13029088703 0.565977004012 -1.24156398501
5.02677933849 -2 3.48891639956 -2.14146151927 0.565813569202 -1.23854962526
5.03155104457 -2 3.4910775901 -2.14599301526 0.565597467301 -1.2374919305
5.03494625858 -2 3.49269718904 -2.1493060273 0.565392547826 -1.23678908159
5.03611341519 -2 3.49325266088 -2.15045065277 0.565312392791 -1.23655685832
5.04668766614 -2 3.49814445806 -2.16076233543 0.56436400565 -1.23466604944
5.04862711014 -2 3.4990353016 -2.16263964733 0.564147362366 -1.23435988873
5.05021291877 -2 3.49987881178 -2.16420570981 0.563960559017 -1.23411867549
5.05314378588 -2 3.50128827802 -2.16705440689 0.563592616412 -1.2336942179
5.05685556249 -2 3.50302954203 -2.1707292272 0.563084801759 -1.23319583661
5.06314030354 -2 3.50597441935 -2.17705261583 0.562120095966 -1.23244945429
5.06387632979 -2 3.50625028484 -2.17782592351 0.561998606099 -1.23236990306
5.06681068638 -2 3.50771295604 -2.18075035347 0.561496741321 -1.23206883471
5.06693710801 -2 3.50769973862 -2.18091074469 0.561474493126 -1.23205643748
5.07008545199 -2 3.50917215512 -2.18407359938 0.560903880204 -1.23176281538
5.07234399995 -2 3.51032943842 -2.18635173173 0.560475065436 -1.23156989478
5.0791647878 -2 3.51351631663 -2.19336312133 0.559082835487 -1.23107509926
5.09235591967 -2 3.51986675521 -2.20695023737 0.555987514552 -1.2304772723
5.0965241057 -2 3.52177936919 -2.21128405917 0.554902408338 -1.23038238387
5.10047422034 -2 3.52367298133 -2.21550372176 0.553827922432 -1.23033245841
5.1045882881 -2 3.5256172981 -2.21977015129 0.552661841312 -1.23032087915
5.11729713512 -2 3.53158071831 -2.23339943108 0.548764818512 -1.23053533567
5.11843278395 -2 3.53213561574 -2.23464279152 0.548395400797 -1.23057226536
5.12397572236 -2 3.53475792206 -2.24061565917 0.546543691382 -1.23079277269
5.12577761878 -2 3.53563587155 -2.24257441426 0.545924541794 -1.23087860809
5.12984090492 -2 3.53763105156 -2.24690722494 0.544497846917 -1.23109707991
5.131774238 -2 3.5385311563 -2.24907115274 0.543804326346 -1.23121296144
5.13299705908 -2 3.53911099998 -2.25040722858 0.543360834061 -1.23129017046
5.13426367858 -2 3.53970013913 -2.2517800553 0.542897521481 -1.23137331487
5.13496165677 -2 3.53998906058 -2.25258416338 0.542640505984 -1.23142050179
5.13938296258 -2 3.54203982908 -2.25740537151 0.540984556341 -1.23174172336
5.14098681734 -2 3.54288566094 -2.25916616919 0.540372043826 -1.23186764807
5.14378131188 -2 3.54417035914 -2.26217938109 0.539289980501 -1.23209879692
5.1444603585 -2 3.5445066888 -2.26292649969 0.539024215192 -1.23215719492
5.14450500768 -2 3.54458245682 -2.26301102044 0.539006701804 -1.23216106508
5.1534091117 -2 3.54867422158 -2.27295487414 0.53542014671 -1.23300619891
5.15480188973 -2 3.54937387657 -2.27442158126 0.534842452948 -1.23315131399
5.16833534265 -2 3.55572454994 -2.28961008809 0.529001275567 -1.23473453421
5.17524459928 -2 3.55901783588 -2.29746044676 0.525864386602 -1.23565843369
5.1763087064 -2 3.55946025997 -2.29865213981 0.525372231195 -1.23580735557
5.1783961222 -2 3.56047909246 -2.30110594736 0.52439987492 -1.23610451954
5.18246647552 -2 3.56236543286 -2.30568793782 0.52247773321 -1.2367028392
5.1831250394 -2 3.56272722947 -2.30647653303 0.522163526156 -1.2368019538
5.19276904243 -2 3.56707941385 -2.31758252363 0.517461672719 -1.23832476984
5.19422369733 -2 3.56787939433 -2.3192195699 0.516736371079 -1.23856576372
5.19447947222 -2 3.56792187089 -2.31958787094 0.516608410144 -1.23860843663
5.19566939646 -2 3.56845640191 -2.32093862317 0.516011422963 -1.23880812689
5.20295124722 -2 3.57189867984 -2.32937219982 0.512298433604 -1.24007114657
5.21250120912 -2 3.57627247962 -2.34044105765 0.507277097678 -1.24183008756
5.21370786216 -2 3.57683389013 -2.34185990893 0.506630671288 -1.24206027095
5.22111848428 -2 3.58026101574 -2.35056713813 0.502603152233 -1.24351135537
5.221347958 -2 3.58037993204 -2.35090156858 0.502476877404 -1.24355729486
5.22203716399 -2 3.58063113748 -2.35172179011 0.502097063571 -1.24369562653
5.22223581514 -2 3.5807744149 -2.3518994326 0.501987434049 -1.24373559705
5.23171445184 -2 3.58512238452 -2.36316930188 0.496676910863 -1.24569296582
5.23335046805 -2 3.58583477937 -2.36502332561 0.495744775223 -1.24604048384
5.23374879973 -2 3.58598623525 -2.36559879462 0.495517140021 -1.24612551539
5.23916205939 -2 3.58851621169 -2.37199710117 0.492397397829 -1.24729704888
5.24279160844 -2 3.5901735792 -2.37634200709 0.49027861802 -1.24809882305
5.24951252306 -2 3.59320566861 -2.38438910471 0.486299138225 -1.24961661312
5.25669570544 -2 3.59643715037 -2.39293890459 0.481967247365 -1.25128424916
5.26116374672 -2 3.59845608568 -2.39840303468 0.479232704939 -1.25234410914
5.26763867453 -2 3.60134591521 -2.40616270822 0.47521667596 -1.25390926869
5.27601439852 -2 3.60503465542 -2.4163845619 0.469930577872 -1.25598258145
5.28154596933 -2 3.6074885971 -2.42311528283 0.466384612246 -1.25738027611
5.28305684807 -2 3.60821539634 -2.42489232532 0.465408637966 -1.25776579708
5.28963891259 -2 3.61105480536 -2.43300946432 0.46112027087 -1.25946337064
5.29312646413 -2 3.61267276932 -2.43725896277 0.458824289882 -1.26037434693
5.30840235321 -2 3.61937185558 -2.45605288277 0.448579935509 -1.26445135512
5.31069481227 -2 3.62040500541 -2.45884824598 0.447016896607 -1.26507459234
5.31973380583 -2 3.62427296533 -2.46999883418 0.440790885963 -1.26755847174
5.32256584987 -2 3.62549865521 -2.47354211103 0.438819861664 -1.26834498474
5.32459495385 -2 3.62629246132 -2.47607924208 0.437401802952 -1.26891081599
5.3331572863 -2 3.62997439718 -2.48671704674 0.431364986942 -1.27131869928
5.33750372734 -2 3.63181034424 -2.49210728635 0.42826841674 -1.27255280797
5.3521825649 -2 3.63805327983 -2.51042958078 0.417656177439 -1.27677326917
5.35246232443 -2 3.63827703475 -2.51072270948 0.417451663138 -1.2768544315
5.35663043366 -2 3.63996860549 -2.5158998439 0.414394857736 -1.27806660857
5.35901573627 -2 3.64099272805 -2.51890475371 0.41263736079 -1.27876271333
5.36370645105 -2 3.64295490378 -2.52480990056 0.409164136236 -1.28013644713
5.36398738435 -2 3.6430529025 -2.52511106266 0.408955407376 -1.28021891816
5.36675115891 -2 3.64423233857 -2.52863171722 0.406897715453 -1.28103139034
5.36678809818 -2 3.64419081259 -2.52869688817 0.406870161261 -1.28104226319
5.36952687377 -2 3.64538745278 -2.53206582169 0.404823419661 -1.28184938576
5.37666771598 -2 3.64828928513 -2.54111790467 0.399452088861 -1.28396242246
5.38044655667 -2 3.64982168618 -2.54583928793 0.396589618032 -1.28508527118
5.38243356616 -2 3.65072098533 -2.54826413315 0.395078985481 -1.28567688775
5.38819942533 -2 3.65310399178 -2.55557538644 0.390674412892 -1.2873979513
5.40022656061 -2 3.65799113811 -2.57065549284 0.381388452099 -1.29100596452
5.40410731546 -2 3.65958612746 -2.57561978027 0.378364553084 -1.29217451624
5.40844463083 -2 3.66132828783 -2.58107391697 0.374969338927 -1.29348263197
5.40915364263 -2 3.66155504237 -2.58201353873 0.374412785329 -1.29369665762
5.41087879897 -2 3.66230878524 -2.58414969862 0.373056789347 -1.29421762879
5.4121820182 -2 3.66276920453 -2.5857993155 0.372030758914 -1.2946113677
5.4169308905 -2 3.66473870832 -2.59180427689 0.368279811515 -1.29604736447
5.42179072656 -2 3.66669961148 -2.59787683711 0.364421754426 -1.29751862716
5.43804356916 -2 3.67302738538 -2.61845339191 0.351380529572 -1.30244674004
5.44859387387 -2 3.67720374781 -2.63168709243 0.342804983275 -1.30564744549
5.45552155671 -2 3.67993094439 -2.64045085749 0.337128741519 -1.30774781006
5.45578658567 -2 3.67994218432 -2.64085594943 0.336910890719 -1.30782812546
5.46151256188 -2 3.68218261621 -2.64797678248 0.332191838772 -1.30956246922
5.46316440684 -2 3.68277584999 -2.65015882293 0.330826120576 -1.31006244218
5.46539495907 -2 3.68370066007 -2.65295973088 0.328978877868 -1.31073728515
5.46714480198 -2 3.68440680442 -2.65512145134 0.327527292834 -1.31126644039
5.46861750846 -2 3.68489908475 -2.65704918124 0.326303951959 -1.31171160623
5.48068513666 -2 3.68953050483 -2.67217367039 0.316223696787 -1.31535197859
5.4834903899 -2 3.69046905117 -2.67575441424 0.313866405612 -1.31619603967
5.48577251104 -2 3.69136392746 -2.6786276622 0.311944883234 -1.31688200579
5.5097455077 -2 3.70025359356 -2.70878979358 0.291559190451 -1.32404296369
5.51122881666 -2 3.70084404074 -2.71054619884 0.290286177635 -1.32448293782
5.51235383903 -2 3.70126296032 -2.71197269897 0.28931977577 -1.32481636737
5.51499850523 -2 3.70226550349 -2.71530821616 0.287045018853 -1.32559924349
5.51592509346 -2 3.70250207914 -2.71652988528 0.286247051618 -1.32587321541
5.52390593602 -2 3.70539373786 -2.72652337604 0.279353239842 -1.32822586144
5.52437798413 -2 3.70562978173 -2.72707589778 0.278944331657 -1.32836460228
5.53130319924 -2 3.70804302422 -2.73576430665 0.272930833575 -1.33039443685
5.53465709884 -2 3.70934732993 -2.73989751151 0.270008783806 -1.33137361392
5.53515132274 -2 3.7094885865 -2.74048682267 0.269577667824 -1.33151768269
5.53644199522 -2 3.71000316286 -2.74214106623 0.268451165869 -1.33189364883
5.55067344148 -2 3.71501110964 -2.7599132294 0.255969936415 -1.33601201417
5.55801038816 -2 3.71756066828 -2.7690382545 0.249493389238 -1.33811459247
5.55869086653 -2 3.71779895885 -2.76986728293 0.248891299797 -1.3383088512
5.55907731481 -2 3.71791714598 -2.7702789456 0.248549263492 -1.33841911442
5.56058535192 -2 3.71844433696 -2.77220350543 0.247213805419 -1.33884899303
5.5630392638 -2 3.71929501982 -2.77524816686 0.245038246045 -1.3395471221
5.57084279918 -2 3.72202017554 -2.78489635937 0.238099786294 -1.34175556863
5.58456925859 -2 3.72661517498 -2.8019329753 0.225822680633 -1.34559526464
5.5869028869 -2 3.72746237523 -2.80476884563 0.223726515808 -1.34624209705
5.58745191302 -2 3.72764495947 -2.80546045327 0.223232986127 -1.34639401699
5.59524373201 -2 3.73025050423 -2.8149713212 0.216213715847 -1.34853927814
5.5953921865 -2 3.73031832803 -2.81524039234 0.216079709694 -1.34857995251
5.61790465471 -2 3.73769767008 -2.84271869461 0.195644767783 -1.35465822527
5.62299113254 -2 3.73937909298 -2.84901231516 0.190997343755 -1.35600589092
5.62593916202 -2 3.74029999023 -2.85250554517 0.188298822456 -1.35678247314
5.63781321369 -2 3.74410938776 -2.86699620119 0.177393633282 -1.35987615959
5.63921356924 -2 3.74448085212 -2.86872317847 0.176103789215 -1.36023732953
5.64041951794 -2 3.74486352257 -2.87018605982 0.174992385246 -1.36054772718
5.64079159541 -2 3.74505717314 -2.87062562074 0.174649361786 -1.36064337727
5.6444712501 -2 3.74621606502 -2.87507753556 0.171254097351 -1.36158628247
5.65660163602 -2 3.7499737602 -2.88962038681 0.160024045397 -1.36465512053
5.6585915176 -2 3.75060674341 -2.89210232527 0.158176504421 -1.36515263987
5.68514721559 -2 3.75859585678 -2.92391717181 0.133381799123 -1.37162718693
5.68977343115 -2 3.76006521203 -2.92935825411 0.129036849297 -1.37272282012
5.69025282913 -2 3.76015141786 -2.92988691245 0.128586178507 -1.3728357951
5.69226676606 -2 3.76078550326 -2.9323106928 0.126692069407 -1.37330924159
5.69454585956 -2 3.76141548158 -2.93498608 0.124546923666 -1.373842758
5.69813546706 -2 3.76238505975 -2.93932091469 0.121164746692 -1.37467815128
5.70349851826 -2 3.76292749422 -2.94658252229 0.116103629485 -1.37591500575
5.7048084858 -2 3.76291126842 -2.94849551982 0.114865973969 -1.3762150518
5.70493299322 -2 3.76282738678 -2.94872554364 0.114748310354 -1.37624352764
5.71124916662 -2 3.76276021456 -2.95788656017 0.108772722781 -1.3776783805
5.71640802895 -2 3.76262776297 -2.96537109396 0.103882551912 -1.37883609383
5.73036931409 -2 3.76216223513 -2.98558101103 0.0906066848614 -1.38190397611
5.73224415705 -2 3.76212021735 -2.98827110733 0.0888193386268 -1.38230861407
5.73894777195 -2 3.76184809987 -2.99795619049 0.0824199586049 -1.38374101261
5.74380179099 -2 3.76166475665 -3.00490954447 0.0777779379844 -1.38476403693
5.7591751332 -2 3.76097878844 -3.02700530301 0.0630312346247 -1.38792448564
5.75975597958 -2 3.76095923338 -3.0277941887 0.0624727563849 -1.38804149861
5.76252662795 -2 3.76081970155 -3.03172836389 0.0598075176032 -1.38859722865
5.76616708474 -2 3.76063999276 -3.03695281356 0.0563023496643 -1.38932131016
5.76630575538 -2 3.7605444806 -3.03718617518 0.056168760705 -1.38934875388
5.7723708296 -2 3.76030700656 -3.04576689071 0.0503208479719 -1.39053913867
5.77505862138 -2 3.76017754737 -3.04966331081 0.0477261334217 -1.39106043596
5.77580621564 -2 3.7601491133 -3.05071838779 0.0470040862827 -1.39120474868
5.77586990707 -2 3.76010925577 -3.05079763039 0.0469425644985 -1.39121702966
5.78503761662 -2 3.75962418722 -3.06383380278 0.0380760352406 -1.39296210484
5.79581659012 -2 3.75886792165 -3.07913621291 0.0276234760181 -1.39495588703
5.80014683077 -2 3.75866506927 -3.08531588784 0.0234161331773 -1.39573903152
5.80379918721 -2 3.758339855 -3.09042712679 0.0198638329419 -1.39639158095
5.80471649258 -2 3.75832912571 -3.09171369118 0.0189711436627 -1.39655431818
5.80541762971 -2 3.75829979566 -3.09271388568 0.0182886834054 -1.39667839261
5.80871247881 -2 3.75799993622 -3.09736429962 0.0150800054764 -1.39725781867
5.81174867522 -2 3.75778676425 -3.10166666865 0.0121208999888 -1.39778643683
5.81328369156 -2 3.75772704883 -3.10381782946 0.0106240198173 -1.39805174352
5.81733189065 -2 3.75745697669 -3.10957109262 0.00667371524181 -1.39874512683
5.82169896006 -2 3.75712271103 -3.11568029337 0.00240793642124 -1.39948286104
5.82659473868 -2 3.75674346319 -3.12257092473 -0.0023795447345 -1.40029718805
5.82768100582 -2 3.75658496261 -3.12410376353 -0.00344252861745 -1.40047604052
5.82924281965 -2 3.75651014377 -3.1262697157 -0.0049713373115 -1.40073202428
5.83137354982 -2 3.75628824102 -3.12928289961 -0.00705793167891 -1.4010790313
5.83323620858 -2 3.75613436972 -3.13188350654 -0.00888284621603 -1.40138027547
5.83401558369 -2 3.75613593003 -3.13301632253 -0.00964665946649 -1.40150573866
5.83555145904 -2 3.75593442636 -3.1351963348 -0.0111522653511 -1.40175197358
5.83600793446 -2 3.75599568491 -3.13580236492 -0.0115998458121 -1.40182489843
5.8381222262 -2 3.75573008606 -3.13874804566 -0.013673541607 -1.40216112441
5.84026813151 -2 3.75559933697 -3.14174256489 -0.0157792543944 -1.40249977467
5.8459318366 -2 3.75512325471 -3.14965248325 -0.0213417206915 -1.40338094703
5.85679000014 -2 3.75416057942 -3.16484359103 -0.0320250773379 -1.40501879635
5.85932618451 -2 3.75392062937 -3.16841035137 -0.0345240152484 -1.40539155609
5.8634048844 -2 3.75351505373 -3.17408293826 -0.0385456132158 -1.4059832121
5.86741546565 -2 3.75310799581 -3.17963143301 -0.0425033757463 -1.40655556211
5.86780474176 -2 3.75309890445 -3.18021629136 -0.0428876994711 -1.40661061712
5.86874972703 -2 3.75289755791 -3.18154097359 -0.0438207902436 -1.40674389814
5.8696174669 -2 3.75292045934 -3.18275520927 -0.0446777668127 -1.40686582575
5.87470351668 -2 3.75238206384 -3.18981452304 -0.0497037684454 -1.40757163071
5.88157505016 -2 3.75158884445 -3.19941076563 -0.0565023145805 -1.40850114333
5.88374974565 -2 3.75145791773 -3.20239297764 -0.058655833215 -1.40878953392
5.88977452304 -2 3.7507902908 -3.21075521928 -0.0646266972991 -1.40957392961
5.89334095195 -2 3.75031905729 -3.21568998737 -0.06816446604 -1.41002815335
5.89751291292 -2 3.74984061862 -3.22152954675 -0.0723059304552 -1.41054993276
5.90191260696 -2 3.74934344646 -3.22757733649 -0.0766769598676 -1.41108899448
5.90589602586 -2 3.74892858548 -3.23308113528 -0.0806374838136 -1.41156711285
5.90749169587 -2 3.7487668738 -3.23534021074 -0.0822247896264 -1.4117559818
5.90770783533 -2 3.74875029823 -3.23558147317 -0.082439831423 -1.41178144791
5.90992850239 -2 3.74847627222 -3.23872050355 -0.0846497065355 -1.41204147611
5.91941992738 -2 3.7473200628 -3.25181673771 -0.0941048651888 -1.41311959651
5.92408278405 -2 3.74671646079 -3.25825837336 -0.0987556634967 -1.41362943677
5.92878886727 -2 3.74602407151 -3.26478082774 -0.103453350641 -1.41413073126
5.93030288629 -2 3.74589859983 -3.26685395144 -0.104965465761 -1.41428916594
5.93227448482 -2 3.7456268612 -3.26952799372 -0.106935161946 -1.41449340957
5.93287030721 -2 3.74558381743 -3.27033767453 -0.107530537345 -1.41455467049
5.93556018685 -2 3.74512612818 -3.2741101497 -0.110219133985 -1.4148285655
5.93603365873 -2 3.74514022243 -3.27472893444 -0.110692504106 -1.41487632346
5.93850988888 -2 3.74480949263 -3.27813457496 -0.113168803727 -1.41512388412
5.94165492694 -2 3.74430588751 -3.28253608565 -0.116315377169 -1.41543295356
5.9426703004 -2 3.74426165178 -3.28386010036 -0.117331589783 -1.4155314557
5.94273328454 -2 3.7442551587 -3.28398620449 -0.117394631476 -1.41553754524
5.94301882193 -2 3.74412292779 -3.28435095527 -0.117680437811 -1.41556512184
5.9541461695 -2 3.7426352177 -3.29971212766 -0.128828412522 -1.41660119286
5.95764372272 -2 3.74204062383 -3.3045431975 -0.132336473715 -1.41691128199
5.96091907711 -2 3.74164652222 -3.30902578152 -0.135623381779 -1.41719490514
5.96297993054 -2 3.74135795068 -3.31187452066 -0.137692346372 -1.41737000347
5.96398997107 -2 3.74119086444 -3.31325170925 -0.13870659804 -1.41745487296
5.96411300972 -2 3.74118894797 -3.31341123994 -0.138830160238 -1.41746516878
5.96557583647 -2 3.74087386992 -3.31548749619 -0.140299386823 -1.41758686831
5.97162232017 -2 3.74002742967 -3.32374791756 -0.146375727644 -1.41807601371
5.97462379411 -2 3.73959220385 -3.32790733875 -0.149394036323 -1.41831050886
5.97596851739 -2 3.73935634675 -3.32970388846 -0.150746730576 -1.41841377606
5.98160212528 -2 3.73838803224 -3.33749914637 -0.156416585502 -1.41883434361
5.98179396823 -2 3.7384424875 -3.33780067002 -0.156609743276 -1.41884832222
5.98223129087 -2 3.7382867469 -3.33835643971 -0.157050082886 -1.41888010315
5.9824508742 -2 3.73833413558 -3.33868094294 -0.157271191371 -1.41889601631
5.98692286099 -2 3.7376207429 -3.344820801 -0.161775730976 -1.41921365238
5.99117927577 -2 3.73695282129 -3.35069083205 -0.166065746162 -1.41950455095
6.00076567098 -2 3.73533882621 -3.36387422992 -0.175736983626 -1.42011885081
6.00224882552 -2 3.73507817877 -3.36591329689 -0.177234380129 -1.42020883024
6.00254419432 -2 3.73504259358 -3.3663542564 -0.177532620472 -1.42022658747
6.00400729051 -2 3.73479806554 -3.36829650113 -0.179010112799 -1.42031375318
6.0054184703 -2 3.73452361566 -3.37022004972 -0.180435448293 -1.42039657394
6.01204391164 -2 3.73340806509 -3.3793975356 -0.187130863646 -1.42076897023
6.01486044003 -2 3.73289678757 -3.38327972168 -0.189978872849 -1.42091906072
6.01597974157 -2 3.73262050099 -3.3848021499 -0.191110969018 -1.42097734522
6.01739413313 -2 3.73243224596 -3.38677741132 -0.192541758043 -1.42104988733
6.02384210479 -2 3.73119962804 -3.39567851563 -0.199067700645 -1.4213649078
6.02396219737 -2 3.73118121997 -3.39578861541 -0.199189295053 -1.42137053085
6.02563295094 -2 3.73094151993 -3.39806618922 -0.200881128886 -1.42144783348
6.0268696008 -2 3.73071335482 -3.39976425011 -0.202133605262 -1.42150393746
6.02878226019 -2 3.73028638794 -3.40246454862 -0.204071115009 -1.42158884463
6.033181339 -2 3.72947221315 -3.40847701049 -0.208529051196 -1.42177552626
6.04004002538 -2 3.72824903664 -3.4179493361 -0.215484167974 -1.42204264937
6.04755113669 -2 3.72680678004 -3.42828163014 -0.223107268331 -1.42230170366
6.05053580003 -2 3.72622370322 -3.43244464919 -0.226138250035 -1.42239492178
6.05592465003 -2 3.72513953168 -3.43989922114 -0.231613300216 -1.42254922034
6.05639919767 -2 3.72495216151 -3.44054180578 -0.232095595735 -1.42256194411
6.05955350605 -2 3.72432189278 -3.44485891399 -0.235302043371 -1.42264296414
6.06070967008 -2 3.72407645874 -3.44648510522 -0.236477595085 -1.4226711131
6.07518607526 -2 3.72113456802 -3.46646521868 -0.251209058237 -1.42295327276
6.07967218115 -2 3.72012131902 -3.47274065528 -0.255778723293 -1.42301428365
6.08239902106 -2 3.71960320167 -3.47650911156 -0.258557372703 -1.42304525785
6.08319102608 -2 3.71945980252 -3.47758779338 -0.259364568696 -1.42305338839
6.08397891343 -2 3.71918780564 -3.47869847957 -0.260167631605 -1.42306108993
6.08470997567 -2 3.7190318683 -3.47965596177 -0.260912831432 -1.42306789101
6.08611183638 -2 3.7188233112 -3.48163908046 -0.262341953642 -1.42308000363
6.10024107317 -2 3.71567609773 -3.50123250946 -0.276756881787 -1.42313391891
6.10574667931 -2 3.71442018932 -3.50889192141 -0.282379059911 -1.42312135494
6.10804602646 -2 3.71388163123 -3.51211886591 -0.284727940706 -1.42311053605
6.10922172357 -2 3.71352368122 -3.51370236731 -0.285929156417 -1.42310373592
6.12536653062 -2 3.70979344864 -3.53622460473 -0.302437165457 -1.42292359014
6.12557079925 -2 3.70971544956 -3.53648208667 -0.302646178788 -1.42292027512
6.12793210296 -2 3.70913122441 -3.53976440293 -0.305062595084 -1.4228800763
6.1298589647 -2 3.70867345067 -3.54247186517 -0.307034788727 -1.42284471248
6.13432161171 -2 3.70749609071 -3.54871997515 -0.311603651284 -1.42275397399
6.13494312387 -2 3.70734151348 -3.54958452162 -0.312240090755 -1.42274035799
6.14139111687 -2 3.70583778901 -3.5585804933 -0.318844865117 -1.42258498079
6.14894602222 -2 3.70388650378 -3.56914456141 -0.326587830307 -1.42237018952
6.15052715906 -2 3.70352049675 -3.57141942729 -0.328208909748 -1.42232076879
6.15172175104 -2 3.70318518977 -3.5731094972 -0.329433811834 -1.42228240494
6.15808828837 -2 3.70153687602 -3.58201258191 -0.3359637853 -1.42206306941
6.1602831635 -2 3.70096124026 -3.58514855064 -0.338215737613 -1.42198164838
6.16112457687 -2 3.70073979687 -3.58629474471 -0.339079130089 -1.42194964649
6.16388300076 -2 3.70002722384 -3.59020603275 -0.341909988037 -1.42184166877
6.16473228018 -2 3.69977266653 -3.59134456372 -0.342781685284 -1.42180747837
6.1727213043 -2 3.69767761477 -3.60264791363 -0.35098423289 -1.42146407618
6.17679802263 -2 3.6965509817 -3.60838793602 -0.355171720476 -1.42127367961
6.17687308601 -2 3.69651576614 -3.60850175004 -0.355248834705 -1.4212700779
6.17986250003 -2 3.69571269074 -3.61271606406 -0.35832025295 -1.42112381799
6.18083249056 -2 3.69542057229 -3.61402837606 -0.359316988906 -1.42107517794
6.18179839573 -2 3.69519498392 -3.61545095808 -0.360309593158 -1.42102616724
6.18278054208 -2 3.69481497305 -3.61682585911 -0.361318955106 -1.4209757437
6.18650053745 -2 3.69379654006 -3.62207540785 -0.365142646061 -1.42077937765
6.20374396104 -2 3.68898791282 -3.64656963752 -0.382879042857 -1.41975809772
6.20529438694 -2 3.68852080234 -3.64873334324 -0.384474756567 -1.41965733033
6.20568495275 -2 3.68840672998 -3.64932144761 -0.384876755162 -1.41963171383
6.21115624265 -2 3.68682087896 -3.65708410385 -0.390509224457 -1.41926303842
6.21868954853 -2 3.68460073069 -3.66777609045 -0.398267519089 -1.41872543596
6.22731672217 -2 3.68201847232 -3.6801526755 -0.407156582978 -1.4180671668
6.23344884708 -2 3.68014658806 -3.68892781278 -0.413477520456 -1.41757165944
6.23376232581 -2 3.68004050651 -3.68941089862 -0.413800709626 -1.41754571288
6.23892247809 -2 3.67844363724 -3.69671893127 -0.419121505144 -1.41711000655
6.24305623965 -2 3.67714452447 -3.70268759859 -0.423385030737 -1.41674927314
6.24486736972 -2 3.67658081279 -3.70530419567 -0.425253310693 -1.41658795045
6.24487001667 -2 3.6765796347 -3.70530656652 -0.425256041292 -1.41658771322
6.24569895076 -2 3.67629222402 -3.70644853168 -0.426111191992 -1.41651321113
6.24612654866 -2 3.67618009816 -3.70709564999 -0.426552328058 -1.41647461666
6.25118501644 -2 3.67459067243 -3.71433623492 -0.431771697796 -1.4160096167
6.25788851175 -2 3.67244811272 -3.72401439373 -0.43869050318 -1.41536947134
6.26554065406 -2 3.66987155907 -3.73508572251 -0.446591245694 -1.41460544944
6.26779558358 -2 3.6692378109 -3.73834112078 -0.448919992371 -1.41437354716
6.26934222929 -2 3.66871894965 -3.74060803444 -0.450517413785 -1.41421270864
6.26952015547 -2 3.66866393646 -3.74081856777 -0.450701188718 -1.41419411302
6.27911709316 -2 3.66538187023 -3.7546937877 -0.460615854415 -1.4131627759
6.28639589414 -2 3.66292605232 -3.76529152097 -0.468138520653 -1.41234350927
6.28681671126 -2 3.66288699343 -3.76589735072 -0.468573510737 -1.41229516818
6.28754081438 -2 3.66260352971 -3.76689876299 -0.469322020117 -1.41221173776
6.28934624286 -2 3.66199339384 -3.7695411859 -0.471188404175 -1.41200234376
6.29601333221 -2 3.6597387746 -3.77927415167 -0.478081843114 -1.41121210622
6.29990406872 -2 3.65828252803 -3.78493634799 -0.482105565255 -1.41073860339
6.3031524771 -2 3.65628589987 -3.78928040863 -0.485465498621 -1.41033631211
6.30587663264 -2 3.65462874965 -3.79295935883 -0.488283521892 -1.40999406658
6.30596495124 -2 3.65457987444 -3.7930391664 -0.488374888895 -1.40998289634
6.30848480767 -2 3.65294434099 -3.79650060649 -0.490981856316 -1.40966222429
6.3106029973 -2 3.65160638203 -3.79930596608 -0.493173472513 -1.40938972521
6.31132601563 -2 3.65113622958 -3.80024913952 -0.49392159582 -1.40929609597
6.31916897679 -2 3.64609911821 -3.8108515337 -0.502038225619 -1.40826035412
6.32293684492 -2 3.64372881851 -3.81590134429 -0.505938425061 -1.40774969566
6.32989445581 -2 3.63921542077 -3.82540394047 -0.513141814312 -1.40678446365
6.33023787614 -2 3.6390044124 -3.82579445 -0.513497412889 -1.40673607325
6.3317075562 -2 3.63807781905 -3.82776460007 -0.515019259366 -1.4065281908
6.3498776218 -2 3.62616836252 -3.85242366332 -0.533840651183 -1.40385191863
6.3500290213 -2 3.62608763816 -3.85265198876 -0.533997525798 -1.403828795
6.35166409627 -2 3.62494685507 -3.85487228492 -0.535691779674 -1.4035781994
6.35194187745 -2 3.62483801653 -3.85522406794 -0.535979623574 -1.4035354684
6.35260926602 -2 3.6243545879 -3.85620903581 -0.536671199043 -1.40343261716
6.36463197894 -2 3.61637964349 -3.87250242297 -0.549132116183 -1.40153460328
6.36618837031 -2 3.61534171502 -3.87468173737 -0.550745571777 -1.40128264342
6.36741271145 -2 3.61450512172 -3.87634424561 -0.552014855674 -1.40108343188
6.3677707619 -2 3.61431196884 -3.87683625351 -0.552386058111 -1.40102500635
6.36789590484 -2 3.61421142662 -3.87695953857 -0.552515798754 -1.40100456806
6.36908796812 -2 3.61341695403 -3.87860565508 -0.553751682222 -1.40080941685
6.3742712147 -2 3.60985443594 -3.88569615897 -0.559125968154 -1.39995111525
6.37530880747 -2 3.60919123455 -3.88716882393 -0.560201900733 -1.39977739352
6.37639557571 -2 3.60848747024 -3.88861424589 -0.5613288602 -1.39959475736
6.37693436934 -2 3.60808964488 -3.88931164041 -0.561887592658 -1.3995039524
6.37818721345 -2 3.60729762793 -3.89107868349 -0.563186833129 -1.39929214384
6.37843052443 -2 3.6070845241 -3.89141337248 -0.563439159958 -1.39925090181
6.38766118506 -2 3.60083469025 -3.90405408293 -0.573013124101 -1.39766050773
6.38817933095 -2 3.60046079185 -3.9047993332 -0.573550612479 -1.39756974665
6.38855446163 -2 3.60022197091 -3.905225222 -0.573939751542 -1.39750393824
6.3952027674 -2 3.59562047349 -3.91438829177 -0.580836967644 -1.39632390753
6.42208362317 -2 3.57695124228 -3.95139588393 -0.60873602105 -1.39128825126
6.4255975544 -2 3.57452254954 -3.95628883871 -0.612384369189 -1.39059870794
6.43405028267 -2 3.56857693771 -3.96792182279 -0.621161606176 -1.38891047034
6.43945655421 -2 3.56472365886 -3.97535593424 -0.626776273071 -1.3878088261
6.44300691686 -2 3.56214190682 -3.98027932552 -0.630463839556 -1.38707609153
6.44623856772 -2 3.55988483778 -3.98472557912 -0.633820613035 -1.38640274725
6.45175280301 -2 3.55592721952 -3.99236448156 -0.6395488559 -1.38523976112
6.46012105999 -2 3.54983052958 -4.00401285932 -0.648243077421 -1.38344104074
6.46041226336 -2 3.54968567887 -4.00442560372 -0.64854564921 -1.38337771457
6.46107913661 -2 3.54921211906 -4.00532889592 -0.649238563161 -1.38323250811
6.46359058014 -2 3.54738739063 -4.00878276471 -0.651848154569 -1.38268334102
6.47316036712 -2 3.54039245024 -4.02207838224 -0.661793048779 -1.38055717195
6.48312715675 -2 3.53309503754 -4.03594191907 -0.672152329199 -1.37828628791
6.48322635952 -2 3.53302598966 -4.03603451433 -0.672255447648 -1.37826339545
6.48377205401 -2 3.53262655176 -4.03682584716 -0.672822684627 -1.37813736661
6.48776101721 -2 3.52960962922 -4.04236231319 -0.676969281972 -1.37721086735
6.48792981051 -2 3.52953863229 -4.04256701598 -0.677144751776 -1.37717145907
6.48898302856 -2 3.52870548488 -4.04406223786 -0.678239640476 -1.37692519062
6.4904806887 -2 3.52766067721 -4.04616086619 -0.679796589072 -1.37657389371
6.49448109291 -2 3.52462549943 -4.0517120413 -0.683955549557 -1.37562917215
6.49572568673 -2 3.52370197052 -4.05343387206 -0.685249529016 -1.37533336257
6.49836459073 -2 3.52179210056 -4.05706409041 -0.687993232186 -1.37470319204
6.49907095241 -2 3.52127546157 -4.0580976733 -0.688727665676 -1.37453382868
6.49941227932 -2 3.52095651847 -4.05855497475 -0.689082560403 -1.37445188567
6.50373950394 -2 3.51772232894 -4.0645961404 -0.693581961882 -1.37340719312
6.50631841937 -2 3.51584426493 -4.06812885001 -0.696263637678 -1.37277942876
6.5078687967 -2 3.51468261706 -4.07034118014 -0.697875844294 -1.37240018071
6.50948590023 -2 3.51347762078 -4.07258082556 -0.699557479777 -1.3720031285
6.5119124018 -2 3.51167891819 -4.07595779273 -0.702080892248 -1.3714045042
6.5139667296 -2 3.51007941161 -4.07882636697 -0.704217340616 -1.3708950338
6.52021247361 -2 3.50531752015 -4.08749448627 -0.710713164637 -1.36933110784
6.52499116253 -2 3.50173326878 -4.09415914411 -0.715683602948 -1.36811930037
6.52514778914 -2 3.50157566453 -4.09434285327 -0.715846520292 -1.36807935866
6.53316897791 -2 3.49546640327 -4.10547059533 -0.724190368707 -1.3660149008
6.53473369442 -2 3.49433399222 -4.10763092994 -0.725818139946 -1.36560784699
6.53835171933 -2 3.49156622684 -4.11268957361 -0.729582102351 -1.36466121701
6.54440740527 -2 3.48692964088 -4.12112636251 -0.735882480859 -1.36305986779
6.54646376477 -2 3.48529216001 -4.12399342445 -0.738022052654 -1.36251127114
6.54845004708 -2 3.48371971273 -4.12672312179 -0.740088769151 -1.36197905037
6.5493739593 -2 3.48307309259 -4.12800558454 -0.741050114265 -1.36173071315
6.5507556313 -2 3.48197609574 -4.12995371796 -0.742487788264 -1.36135841516
6.557600336 -2 3.47662393638 -4.13944712887 -0.749610320687 -1.35949781447
6.56088252745 -2 3.47412622158 -4.14394825168 -0.753025969543 -1.35859601411
6.56192520259 -2 3.47325998752 -4.1454335784 -0.754111072273 -1.35830823087
6.56279936449 -2 3.47261396669 -4.14658850556 -0.755020816359 -1.3580664741
6.56387548744 -2 3.47174313112 -4.14812882284 -0.756140756677 -1.35776825713
6.56570483222 -2 3.47031332212 -4.15067058676 -0.758044624938 -1.35725977087
6.5660925968 -2 3.47004721072 -4.15123204239 -0.758448192099 -1.35715173917
6.56952583821 -2 3.46735272651 -4.15592353819 -0.762021438258 -1.35619144452
6.57480174726 -2 3.46317685814 -4.16328423438 -0.767512807138 -1.35470247349
6.58143411745 -2 3.45799162104 -4.17248059732 -0.77441656554 -1.35280786318
6.60556513291 -2 3.43874285072 -4.20579784729 -0.799539917702 -1.3456999983
6.60574611026 -2 3.43868928492 -4.2060569356 -0.799728366259 -1.3456454184
6.60868355736 -2 3.43628318173 -4.21007633933 -0.802787138468 -1.34475688024
6.61590503855 -2 3.43041847216 -4.22003829011 -0.810307366222 -1.34255124477
6.61689610231 -2 3.42969358053 -4.22137205526 -0.811339482485 -1.34224619054
6.62587074718 -2 3.42239435274 -4.23370809976 -0.820686463795 -1.33945784233
6.62595358178 -2 3.42231212897 -4.23379896352 -0.820772739896 -1.33943188889
6.63150667197 -2 3.41785392067 -4.2414750907 -0.826556746627 -1.33768294122
6.63269193406 -2 3.41684912639 -4.24303017037 -0.827791348173 -1.33730732648
6.63538836305 -2 3.41463067647 -4.24681004656 -0.830600091182 -1.33644978011
6.63932189522 -2 3.41137626266 -4.25215839566 -0.834697637272 -1.33519122992
6.63940881657 -2 3.41135544106 -4.25224177719 -0.834788185222 -1.33516331764
6.64299465995 -2 3.40836377601 -4.25718464813 -0.838523726551 -1.33400800387
6.65303694393 -2 3.40016019654 -4.27089122766 -0.848986149946 -1.33073274887
6.6583641203 -2 3.39573216287 -4.27813789001 -0.854536744905 -1.32897150474
6.6672444789 -2 3.38835205202 -4.29027300165 -0.863790390227 -1.32599880171
6.66900694294 -2 3.38691358944 -4.29260144156 -0.865627067036 -1.32540335219
6.66979403023 -2 3.38623877102 -4.29369325529 -0.866447310237 -1.32513684939
6.67152151505 -2 3.38478471152 -4.2960821162 -0.86824759483 -1.3245506675
6.67879166723 -2 3.37872846739 -4.30586600626 -0.875824577494 -1.32206462941
6.68724500863 -2 3.37161011385 -4.31724269927 -0.884635612729 -1.31913519048
6.71370994099 -2 3.34916413011 -4.35280837364 -0.912227045786 -1.30969348266
6.71451275423 -2 3.34845305557 -4.35389053411 -0.913064194227 -1.30940064644
6.72014923559 -2 3.34358414471 -4.36139286274 -0.91894201827 -1.30733399757
6.73227722003 -2 3.33319030843 -4.37751804688 -0.931590981174 -1.30282377209
6.74148487148 -2 3.3252219935 -4.38968323459 -0.9411957408 -1.29934162695
6.74355245008 -2 3.32338487371 -4.39238307519 -0.943352681979 -1.29855282221
6.75749776584 -2 3.31128217648 -4.41069722971 -0.957902616581 -1.29316641002
6.76158874534 -2 3.30771378283 -4.41603612021 -0.962171604999 -1.29156437796
6.77276218112 -2 3.29786579164 -4.43062830588 -0.973832751752 -1.28713815037
6.78207100077 -2 3.28965007391 -4.44264298507 -0.983549649217 -1.28339377796
6.78537798974 -2 3.28671721143 -4.44688392428 -0.987002004198 -1.28205112572
6.7884489056 -2 3.28399056574 -4.45084152947 -0.990208097836 -1.28079846691
6.7918130706 -2 3.28098768431 -4.45523323032 -0.993720560278 -1.27941971354
6.79403324329 -2 3.27906632935 -4.45808853436 -0.996038723702 -1.27850609743
6.79405025138 -2 3.27905202175 -4.458102409 -0.996056482844 -1.2784990871
6.80072668199 -2 3.273047272 -4.46660157766 -1.00302818431 -1.27573382445
6.8024737559 -2 3.27143298994 -4.46887560295 -1.00485267312 -1.27500580269
6.80678666615 -2 3.26761544347 -4.47437872788 -1.00935696221 -1.27320072573
6.81519637841 -2 3.26006471566 -4.4850786347 -1.01814096191 -1.26964885265
6.81799580415 -2 3.2575556824 -4.48865339554 -1.02106531482 -1.26845705802
6.8198919147 -2 3.25585083116 -4.49103026997 -1.02304613752 -1.26764714671
6.82260440643 -2 3.25333059782 -4.4944836902 -1.02587995116 -1.26648475321
6.82428607785 -2 3.25185283837 -4.49663576157 -1.02763692014 -1.26576187077
6.82844392566 -2 3.24811281548 -4.50184408664 -1.03198120704 -1.26396724784
6.82972236806 -2 3.24695917189 -4.50343100515 -1.03331705301 -1.2634133424
6.8329208137 -2 3.24402416212 -4.50748523961 -1.03665927462 -1.26202323467
6.84026913206 -2 3.23733908202 -4.51670167532 -1.04433880231 -1.25880604718
6.84275304913 -2 3.23508707689 -4.51979918731 -1.0469349609 -1.25771115424
6.84919215793 -2 3.22920469805 -4.52776137761 -1.05366571743 -1.25485540092
6.85704103209 -2 3.22195560551 -4.53755582956 -1.06187144851 -1.25134032412
6.86110755829 -2 3.21825866275 -4.54260734947 -1.06612346175 -1.24950439835
6.86489917555 -2 3.21472490728 -4.54728059968 -1.07008840107 -1.24778350182
6.86644220109 -2 3.21336805973 -4.54917396768 -1.07170206579 -1.24708065889
6.86647766532 -2 3.21333665555 -4.54920068717 -1.07173915427 -1.24706448796
6.88052491402 -2 3.2003685435 -4.56642907067 -1.08643233571 -1.24059876657
6.89421771303 -2 3.18755530153 -4.58306821413 -1.1007598564 -1.23417979345
6.89424042035 -2 3.18753184256 -4.58308331833 -1.10078362059 -1.23416905294
6.89777255764 -2 3.1842603038 -4.58732458589 -1.10448033253 -1.23249449851
6.89793720091 -2 3.18407528541 -4.58753877199 -1.10465265568 -1.23241625534
6.89945613216 -2 3.182665187 -4.58932030521 -1.10624247464 -1.23169362877
6.9000630918 -2 3.18199988879 -4.5900617106 -1.10687777908 -1.23140447243
6.90517782667 -2 3.17566588008 -4.59633133908 -1.11223178904 -1.22895879069
6.90548462668 -2 3.17531744616 -4.59673813389 -1.11255296556 -1.22881157733
6.91078028133 -2 3.16864261751 -4.60323477582 -1.11809720398 -1.22626138497
6.91402230105 -2 3.16458282553 -4.60714802883 -1.1214918139 -1.22469160311
6.92174733281 -2 3.15483475879 -4.61649730306 -1.12958169843 -1.2209249665
6.9246316365 -2 3.15113167973 -4.6199735206 -1.13260269003 -1.21950914505
6.92528256328 -2 3.15037074102 -4.62083909881 -1.13328449954 -1.21918891127
6.92695298082 -2 3.14829890086 -4.62282489495 -1.13503422831 -1.21836592154
6.9281602142 -2 3.14676707072 -4.62429097388 -1.13629883448 -1.21777005923
6.93157510598 -2 3.14241462914 -4.62845506357 -1.13987626067 -1.21607965483
6.94036610217 -2 3.13129503244 -4.63894800434 -1.14908735338 -1.21169473025
6.95201177186 -2 3.11648681174 -4.65282933099 -1.1612933473 -1.20581192894
6.96163076176 -2 3.10419950426 -4.66425945644 -1.17137850941 -1.20088920423
6.96957444459 -2 3.0940349994 -4.67351696581 -1.17970951994 -1.19678033085
6.97142563663 -2 3.09166584678 -4.6756822789 -1.18165128435 -1.19581713821
6.97245771607 -2 3.09027434377 -4.67688425576 -1.18273391108 -1.19527920769
6.97410626681 -2 3.08824190026 -4.67886139045 -1.18446327787 -1.1944185847
6.97802365513 -2 3.08312371195 -4.68338072212 -1.1885730849 -1.19236670189
6.97833762583 -2 3.08283623761 -4.68378462019 -1.18890250074 -1.19220183217
6.98263759154 -2 3.07730812227 -4.68879138298 -1.19341434238 -1.18993766209
6.98568928457 -2 3.07337342916 -4.69234637182 -1.19661679986 -1.18832375498
6.98884806252 -2 3.06928274454 -4.69601649149 -1.19993198119 -1.18664707266
6.99174352403 -2 3.06553355996 -4.69940099957 -1.20297112162 -1.18510466792
6.99493662133 -2 3.06140774963 -4.7030819735 -1.2063230168 -1.18339762141
7.00112551301 -2 3.05341852038 -4.71018322662 -1.21282074452 -1.18007080511
7.01178475288 -2 3.03957214539 -4.72242902315 -1.22401519326 -1.17428463515
7.01285600757 -2 3.03807479993 -4.72363178612 -1.22514046945 -1.1736991807
7.01431581578 -2 3.03627141434 -4.72528904807 -1.22667396221 -1.17290021684
7.01661842449 -2 3.03320869012 -4.72787697624 -1.22909295845 -1.17163726205
7.01800082379 -2 3.03147638202 -4.72948311452 -1.23054532803 -1.17087743219
7.02054276595 -2 3.02816754422 -4.7324246322 -1.23321611869 -1.16947713206
7.0206157438 -2 3.02809957399 -4.73247342123 -1.23329279932 -1.16943687023
7.0238620703 -2 3.02387030588 -4.73614645244 -1.23670404287 -1.16764249021
7.02597598529 -2 3.02107548828 -4.73853151506 -1.23892556206 -1.16647048236
7.02766528773 -2 3.01880244691 -4.74040676976 -1.24070097699 -1.16553187241
7.02949451947 -2 3.01640789153 -4.74247946036 -1.24262357695 -1.16451349325
7.03275342221 -2 3.01221075489 -4.7461656878 -1.24604913888 -1.16269397171
7.04597514507 -2 2.99477100854 -4.76104068074 -1.25995121608 -1.15524352774
7.05104131143 -2 2.98817253007 -4.76672611644 -1.26527987326 -1.15235964347
7.05512642327 -2 2.9828469018 -4.77125008155 -1.26957737619 -1.15002248124
7.05592439848 -2 2.98176661214 -4.77216281994 -1.27041691574 -1.14956472288
7.0849261335 -2 2.9433158677 -4.80414802494 -1.30094632468 -1.13265692311
7.08838164437 -2 2.93863845305 -4.80782350073 -1.30458607579 -1.13060727908
7.09287836759 -2 2.93270452196 -4.81272795533 -1.30932326247 -1.12792887085
7.09697771011 -2 2.92715762477 -4.81717528781 -1.31364251527 -1.12547616326
7.10786721559 -2 2.91265432287 -4.82902768213 -1.32511940797 -1.11890995343
7.12498301129 -2 2.88958810134 -4.84743028605 -1.34316779969 -1.10844063321
7.12738085499 -2 2.88637532422 -4.84996464357 -1.34569719775 -1.10695946583
7.12948636992 -2 2.88342153674 -4.85218272271 -1.34791840945 -1.10565595046
7.1342361113 -2 2.8770846256 -4.85728562154 -1.35292976269 -1.10270538721
7.16310456812 -2 2.83777800226 -4.88786030485 -1.38340609091 -1.08447553526
7.16374315269 -2 2.83677080854 -4.88853915234 -1.38408057586 -1.08406656487
7.1650183229 -2 2.83504126343 -4.88985339087 -1.38542747593 -1.0832491693
7.16586290143 -2 2.8339610437 -4.89073141118 -1.3863195933 -1.0827072481
7.16899227057 -2 2.82968089966 -4.89408755666 -1.38962531405 -1.0806955609
7.17895278612 -2 2.81600100321 -4.90450822201 -1.40014927653 -1.07425350603
7.18257678182 -2 2.811036688 -4.90826148951 -1.40397905517 -1.07189499227
7.18425053022 -2 2.80868512666 -4.90999411525 -1.40574798084 -1.07080308096
7.18979974702 -2 2.80103465442 -4.91586955994 -1.41161335189 -1.06717107699
7.19841262055 -2 2.7891223013 -4.92480982905 -1.42071867419 -1.06149807769
7.19968421473 -2 2.78736623012 -4.9261016654 -1.42206314521 -1.06065685471
7.20430630742 -2 2.78087348119 -4.93083160112 -1.42695049242 -1.0575912062
7.21192249722 -2 2.77036067773 -4.93879437655 -1.43500492124 -1.05251280758
7.22279502504 -2 2.75516675476 -4.95000704902 -1.44650531692 -1.04520575268
7.22448686491 -2 2.75273636511 -4.9517096219 -1.44829507211 -1.04406271999
7.22808302073 -2 2.74782053764 -4.95543664098 -1.45209952926 -1.04162777698
7.24226428953 -2 2.72780043423 -4.96997715413 -1.46710420248 -1.03195589257
7.24402871374 -2 2.72543523636 -4.97180630358 -1.46897125623 -1.03074482735
7.24832257499 -2 2.71938634042 -4.97620259751 -1.473515003 -1.0277905878
7.24980366819 -2 2.71725448309 -4.97772052419 -1.47508232704 -1.02676927818
7.25324548811 -2 2.71244470282 -4.9812287393 -1.47872459411 -1.02439140338
7.26314045773 -2 2.69833068732 -4.99130798017 -1.48919613617 -1.01752041367
7.26771712926 -2 2.69193053381 -4.99604206877 -1.49403952946 -1.01432520737
7.26900258708 -2 2.69011512322 -4.99731535383 -1.49539989525 -1.01342583369
7.27823632267 -2 2.67700020262 -5.00670236623 -1.50517147417 -1.00694089334
7.28444666613 -2 2.66812414811 -5.01303900333 -1.51174314523 -1.00255548258
7.28505956767 -2 2.66724900487 -5.0136619749 -1.51239168078 -1.00212166292
7.28698870759 -2 2.6645152278 -5.01559845192 -1.51443294547 -1.00075500631
7.28756829495 -2 2.66368052218 -5.01617895936 -1.51504620843 -1.00034405993
7.29417405379 -2 2.6542322633 -5.02289653676 -1.52203536699 -0.995649040821
7.30485268007 -2 2.63879599233 -5.03369551448 -1.53333174213 -0.988016192317
7.30500456761 -2 2.63864477378 -5.03388957224 -1.53349239407 -0.987907251451
7.30888828898 -2 2.63310216908 -5.03781288586 -1.53759997391 -0.985118165283
7.31329003495 -2 2.62674976408 -5.04227557383 -1.54225482096 -0.981949020968
7.31410329933 -2 2.62549271267 -5.04303258571 -1.54311477046 -0.981362569557
7.31437554823 -2 2.6251791155 -5.04337979906 -1.54340264203 -0.981166185033
7.31453490728 -2 2.62495952568 -5.0435250499 -1.54357114436 -0.981051217893
7.3191873953 -2 2.61821412615 -5.0481983357 -1.54849011772 -0.97768997804
7.33754145602 -2 2.59162044453 -5.06677938877 -1.56788522051 -0.964343485357
7.33805999491 -2 2.59088274242 -5.06734343822 -1.5684328913 -0.96396450771
7.34329615447 -2 2.583257656 -5.07262967979 -1.57396221861 -0.960132037114
7.35272292251 -2 2.56942947194 -5.08206074311 -1.58391173513 -0.953207656442
7.35931612807 -2 2.5598844839 -5.08875347272 -1.59086620126 -0.948346816497
7.36612292044 -2 2.54992087974 -5.09561017537 -1.59804170179 -0.943314126408
7.37711236308 -2 2.53375519773 -5.10669478534 -1.60961607462 -0.935160597926
7.37870311364 -2 2.53139023638 -5.10837057938 -1.61129033219 -0.933977667066
7.37931818754 -2 2.53048436606 -5.10898969853 -1.6119376107 -0.9335201074
7.38275282967 -2 2.5253340846 -5.11235868415 -1.61555120379 -0.93096332698
7.38322497519 -2 2.52473908498 -5.112869693 -1.61604782933 -0.93061163483
7.38590184951 -2 2.52077867455 -5.11560367169 -1.61886293223 -0.928616699248
7.38725499795 -2 2.51875457491 -5.11690260348 -1.62028558271 -0.927607646998
7.39223936979 -2 2.51140902008 -5.12199083441 -1.62552372466 -0.923887348027
7.39423201584 -2 2.50846006958 -5.1239858087 -1.62761679826 -0.922398621376
7.39622707893 -2 2.50540471029 -5.12595394394 -1.62971180123 -0.920907317223
7.39739083758 -2 2.50380138077 -5.12714206663 -1.63093356877 -0.920037066883
7.39784018508 -2 2.50313202605 -5.12758868641 -1.63140525685 -0.919700981998
7.40039201055 -2 2.49924864025 -5.13007154153 -1.63408333336 -0.917791693916
7.40105215426 -2 2.49810349957 -5.13051764976 -1.63477596315 -0.917297589332
7.40615804978 -2 2.48893221098 -5.13372895768 -1.6401306154 -0.913473572765
7.40663441582 -2 2.48811404491 -5.13417069865 -1.64062995731 -0.913116601677
7.40912446236 -2 2.48372172297 -5.13578805281 -1.64323943515 -0.911250138128
7.41836429901 -2 2.46733827885 -5.1418143232 -1.65291215153 -0.904317670454
7.41838729768 -2 2.46729408809 -5.14183403757 -1.65293620646 -0.904300404015
7.4200550677 -2 2.46438641864 -5.14293252741 -1.65468027934 -0.903048190457
7.42213665668 -2 2.46053083747 -5.14417289023 -1.65685628083 -0.901484956476
7.43258167383 -2 2.4419301572 -5.15099473261 -1.66776045825 -0.893637240315
7.43381935783 -2 2.43972974115 -5.15180240168 -1.66905085209 -0.892707083064
7.44374342902 -2 2.42204587549 -5.15836851308 -1.67938345877 -0.885249114677
7.44942830809 -2 2.41191776341 -5.16212557772 -1.68529034044 -0.880978521364
7.46078038198 -2 2.39143124419 -5.16944273389 -1.69705686105 -0.872459234407
7.46136555271 -2 2.39036435841 -5.16983260833 -1.69766228639 -0.872020524473
7.4670899208 -2 2.38016982467 -5.17363370661 -1.70357869792 -0.867731840759
7.47595429696 -2 2.36417531701 -5.1794994533 -1.71271746895 -0.86110343069
7.47827012672 -2 2.36006390999 -5.18100335541 -1.71510011218 -0.859374812351
7.48462116993 -2 2.34855880372 -5.18516709554 -1.72162340757 -0.854641842247
7.48630607531 -2 2.34558106857 -5.18627811717 -1.72335121609 -0.853388268253
7.48736153645 -2 2.34361993649 -5.18690894984 -1.72443293775 -0.852603476676
7.4882033622 -2 2.34204337201 -5.18752962383 -1.72529536507 -0.851977803714
7.49271643516 -2 2.33385215221 -5.19035346385 -1.72991357617 -0.848627816113
7.49592648711 -2 2.32809897032 -5.19252294716 -1.73319281254 -0.846249715015
7.49787544055 -2 2.32459528589 -5.19385868998 -1.73518142883 -0.844807900561
7.51156011174 -2 2.29971512492 -5.20283210275 -1.7490916689 -0.834732991114
7.51413081018 -2 2.29495638045 -5.20440958224 -1.75169379499 -0.832851057634
7.51983271863 -2 2.28466482192 -5.20820873605 -1.75745218909 -0.828690479061
7.52698412744 -2 2.27157529155 -5.21283629411 -1.76464742522 -0.823501054603
7.53527407895 -2 2.25651618272 -5.21839906865 -1.77294805885 -0.817530126408
7.5427626754 -2 2.24288663896 -5.2233043899 -1.78040663325 -0.812182388132
7.54921874546 -2 2.23095442238 -5.22751084622 -1.78680453905 -0.807610742299
7.55322727476 -2 2.22359680874 -5.23018446786 -1.79076110223 -0.804791744672
7.55526000019 -2 2.2198290341 -5.2313915381 -1.79276266352 -0.803368246852
7.55724706789 -2 2.21625048326 -5.23276067505 -1.79471606356 -0.801980766609
7.55771277578 -2 2.21532753755 -5.23300101203 -1.79517341668 -0.801656172582
7.56035924129 -2 2.21056227738 -5.23479408063 -1.79776900912 -0.799815945076
7.56496291535 -2 2.20208020709 -5.23787086049 -1.80227011658 -0.796632878349
7.57023522877 -2 2.19240685362 -5.24133883583 -1.80740221641 -0.793017172135
7.57163524946 -2 2.18978209396 -5.24225740582 -1.80876079045 -0.792062607184
7.58713840563 -2 2.1611593125 -5.25229665497 -1.82367909662 -0.781661583264
7.59057648646 -2 2.15496612653 -5.25466600963 -1.82695436238 -0.779400276285
7.59872573618 -2 2.13977312488 -5.25988594362 -1.83466595787 -0.774112469626
7.60048763999 -2 2.13656755818 -5.26114887816 -1.83632331531 -0.772983181987
7.6506433181 -2 2.04355449829 -5.29382565181 -1.88175555733 -0.743376242886
7.65393081632 -2 2.03731914435 -5.29585333294 -1.88459704827 -0.74163841148
7.66523595056 -2 2.01633542171 -5.30321839722 -1.89421754758 -0.735890978699
7.66598876661 -2 2.0149715749 -5.30375479594 -1.8948495486 -0.735521385553
7.66600825569 -2 2.01494303031 -5.30378430784 -1.89486589523 -0.735511839948
7.6769324914 -2 1.9945391242 -5.31074596969 -1.90390790956 -0.730345859411
7.67968808274 -2 1.98929416666 -5.31248696157 -1.90614929388 -0.729103184013
7.68311680574 -2 1.98299208848 -5.31480409714 -1.90891505428 -0.727592526124
7.68712451575 -2 1.97539891655 -5.31725938792 -1.91211447928 -0.725878148728
7.69330803423 -2 1.96385666827 -5.3212021101 -1.9169778875 -0.723345631683
7.69435127354 -2 1.96197173963 -5.32199885305 -1.91778942688 -0.722932235739
7.69583099763 -2 1.95919638982 -5.32291292008 -1.91893596577 -0.722352903456
7.70913329715 -2 1.93428889964 -5.33133312874 -1.92899413334 -0.717530411706
7.71134747308 -2 1.93025321032 -5.33285144315 -1.93062298286 -0.716798049077
7.71525511542 -2 1.92283731294 -5.33522903117 -1.93346453068 -0.715556979602
7.71935065164 -2 1.91530390309 -5.33792480459 -1.93639622554 -0.714328520143
7.72245603915 -2 1.90951422894 -5.33990235095 -1.93858656708 -0.713447749962
7.72793954334 -2 1.899242701 -5.34335915984 -1.94238352901 -0.71200264511
7.74575777774 -2 1.86593326833 -5.35457927544 -1.95405658025 -0.708343104096
7.74945363755 -2 1.8590303811 -5.3568870873 -1.95634201692 -0.707795776494
7.75101429688 -2 1.85600772835 -5.35783002557 -1.95729230365 -0.707587720346
7.75950431552 -2 1.84008564426 -5.36304105283 -1.96230296511 -0.706703700472
7.76670968153 -2 1.82668022791 -5.36762690787 -1.96633609384 -0.706295399771
7.77034797168 -2 1.81986011054 -5.36989241273 -1.96829253898 -0.70621396564
7.77384565267 -2 1.81337495919 -5.37206423349 -1.97012101483 -0.706217225562
7.79106342014 -2 1.78126445713 -5.3826281015 -1.97832997666 -0.707465348533
7.79241134089 -2 1.77867139033 -5.38345929614 -1.97891417225 -0.707653899104
7.80614540294 -2 1.75306918647 -5.39167533575 -1.98434569684 -0.71038282526
7.8096304742 -2 1.74662311244 -5.39390944239 -1.98556654694 -0.711319081675
7.81773147617 -2 1.73148444748 -5.39869174342 -1.98814371303 -0.713898254112
7.82455088958 -2 1.71885844289 -5.40276436201 -1.99001860059 -0.716523851795
7.82672378244 -2 1.71496010925 -5.40419304224 -1.99055723255 -0.717450975241
7.82947002219 -2 1.70971861461 -5.40569639454 -1.99119628008 -0.718686899791
7.83602869053 -2 1.69762732982 -5.40973657893 -1.99252916021 -0.721935617561
7.84216915454 -2 1.68626640913 -5.41338141409 -1.99352140435 -0.725369326338
7.84722613235 -2 1.676856446 -5.41626495221 -1.99414549126 -0.728492714932
7.84960635269 -2 1.67242176234 -5.41769373342 -1.99437704628 -0.730057879548
7.85010175427 -2 1.67158626362 -5.41808669068 -1.99442014773 -0.730391417172
7.85294563413 -2 1.6663936753 -5.41968399366 -1.99463319586 -0.732358560427
7.85678810439 -2 1.65936181484 -5.42201857139 -1.99482656623 -0.73516047075
7.86160519816 -2 1.65044701251 -5.4248549108 -1.9949116581 -0.738912533849
7.8661277653 -2 1.64209087964 -5.42747908639 -1.99482758673 -0.742684311858
7.87287999784 -2 1.62969412669 -5.43141600261 -1.99439600872 -0.748779613399
7.8752682741 -2 1.62529429354 -5.43281927417 -1.99415295977 -0.751072320265
7.87660951266 -2 1.62275414069 -5.43350026918 -1.99399527712 -0.75239190089
7.87865813628 -2 1.6191033763 -5.43473093084 -1.99372464571 -0.754452408322
7.88383715056 -2 1.60959843275 -5.43779618741 -1.99287693094 -0.759908045501
7.89117608587 -2 1.59619055393 -5.44204235453 -1.99126147383 -0.768262086841
7.89263566359 -2 1.59351096318 -5.44274597947 -1.99088052977 -0.770013109512
7.89514367604 -2 1.58898250873 -5.44428848313 -1.99017859143 -0.773092881428
7.89814720777 -2 1.58347480615 -5.44591958339 -1.9892580023 -0.776900835294
7.90666364219 -2 1.56797996123 -5.45082550973 -1.98615934973 -0.788427507662
7.95701925429 -2 1.47790846655 -5.47936780158 -1.95096877321 -0.881494367859
7.9584346553 -2 1.47550469169 -5.4802116582 -1.94950696387 -0.8848007785
7.96758803915 -2 1.45940230844 -5.48538737452 -1.93934751464 -0.907202985198
7.99725858025 -2 1.40798362547 -5.50221975464 -1.8972792281 -0.992904868214
8.02973086722 -2 1.3462290298 -5.51049820044 -1.83272209876 -1.11280586655
8.07853606121 -2 1.2560113688 -5.52254167619 -1.69022304696 -1.35547266177
8.08793049032 -2 1.2394425693 -5.52524658545 -1.65532606106 -1.41221906294
8.09738736462 -2 1.22280691629 -5.52795201205 -1.6174293616 -1.47300006413
8.09782866412 -2 1.2221948676 -5.5281118942 -1.61559057998 -1.47592886927
8.11681404156 -2 1.18979883251 -5.53397650694 -1.53020547255 -1.61011912864
8.15246765073 -2 1.13225545534 -5.54679578197 -1.33299823242 -1.90944012566
8.15416217476 -2 1.12968585013 -5.54743655045 -1.32229583227 -1.92534612195
8.15556673876 -2 1.12751750116 -5.54803918986 -1.31332660017 -1.93865303912
8.15853190818 -2 1.12306692847 -5.54923164748 -1.29409612923 -1.96711388229
8.17082501287 -2 1.10475762204 -5.5545155874 -1.2099565692 -2.090584685
8.18245044333 -2 1.08804243453 -5.55991871787 -1.1235111245 -2.21581193098
8.18761397834 -2 1.08074595073 -5.56242067092 -1.08285492607 -2.27419027543
8.20150668825 -2 1.06202575678 -5.5697563506 -0.96616564193 -2.44008051484
8.24188416616 -2 1.01414550569 -5.59529208135 -0.559603525818 -3.0020528566
8.25041497794 -2 1.00535089326 -5.60168890002 -0.459342383114 -3.13743994345
8.25126069437 -2 1.00453447176 -5.60237065637 -0.449104971889 -3.15120143707
8.25919564998 -2 0.99689493144 -5.60871278363 -0.350353765579 -3.28337743914
8.2637794069 -2 0.992665380062 -5.61238862815 -0.291032967851 -3.36229786757
8.26884015193 -2 0.988331474318 -5.61687950572 -0.223542885029 -3.45166844463
8.27495191447 -2 0.983265981167 -5.62237316293 -0.139165080854 -3.56279953084
8.31315907874 -2 0.959369723888 -5.66264165168 0.466028679804 -4.3425099224
8.31680376948 -2 0.957825967698 -5.66707558026 0.531367254068 -4.42505696251
8.34110078331 -2 0.951544639352 -5.6994832975 1.00485746194 -5.01502012797
8.36675251179 -2 0.952993015689 -5.74038898952 1.58321450081 -5.71814788643
8.37695950615 -2 0.956130542231 -5.75877721134 1.83814739591 -6.02266275222
8.3785093881 -2 0.95670271572 -5.76150854574 1.87817167358 -6.07019138843
8.37937431276 -2 0.957074560295 -5.76330165545 1.90066137073 -6.09686525342
8.43110491482 -2 1.00189063919 -5.879602421 3.46539811133 -7.90107761099
8.43644029193 -2 1.00942638558 -5.89404584759 3.65382992387 -8.1121788345
8.43671604438 -2 1.0097783126 -5.89465547523 3.66371950872 -8.12322501023
8.45290453888 -2 1.03669450357 -5.94163004263 4.27120749255 -8.79565549679
8.45906659685 -2 1.04849813886 -5.96078506394 4.51686749899 -9.06429963778
8.4778549138 -2 1.09013369581 -6.02382089976 5.31836162843 -9.92855779775
8.49603483299 -2 1.13968529477 -6.09249925535 6.17454427596 -10.8325878256
8.51401560083 -2 1.19829591757 -6.1682403891 7.10650571409 -11.7960583895
8.51489092459 -2 1.20157590012 -6.17227711948 7.15416613307 -11.8447872552
8.53371820394 -2 1.27491822684 -6.26140495367 8.23394306917 -12.935451803
8.55200220063 -2 1.35865324236 -6.35834423648 9.38870461782 -14.0753115225
8.56099213703 -2 1.40484540996 -6.41014295532 9.99768221864 -14.6661490393
8.60284115766 -2 1.66812242195 -6.68768507049 13.2306947639 -17.6962435574
8.6131145729 -2 1.74856690858 -6.75889171603 14.1344038644 -18.513990612
8.65460503478 -2 2.1372001163 -7.09870419647 18.2927542864 -22.1335200158
8.66600651164 -2 2.2639310635 -7.20871925626 19.5924467912 -23.2207638852
8.66767006901 -2 2.28328277443 -7.22529301359 19.7882104594 -23.3828428624
8.6691467053 -2 2.30046322855 -7.24028468708 19.9633136408 -23.5274501705
8.67810826374 -2 2.40921347022 -7.33374665401 21.0534353044 -24.4200722399
8.6813297631 -2 2.44973481445 -7.36868620605 21.4570583891 -24.7472923134
8.68211818946 -2 2.45974591634 -7.37735206348 21.5568050597 -24.8278895755
8.68943660965 -2 2.55553863363 -7.45946585693 22.5010864384 -25.5857072134
8.68990608027 -2 2.56188450484 -7.46484050398 22.5628096609 -25.6349197971
8.73021361144 -2 3.17678569924 -7.9878554244 28.4164275823 -30.1342064331
8.73501694918 -2 3.26074601205 -8.05865184485 29.1920523004 -30.7069665778
8.74365335499 -2 3.41773575819 -8.19121569259 30.6317742934 -31.7566034244
8.76012073755 -2 3.74023981725 -8.46265975782 33.5448111441 -33.8287299103
8.79960839492 -2 4.65251971987 -9.22633787807 41.5144994015 -39.1742372597
8.81960120897 -2 5.19942843209 -9.68144125153 46.1392798696 -42.0794384915
8.82439102839 -2 5.33968819168 -9.79840572527 47.3115885299 -42.7946689133
8.84134231798 -2 5.8681940871 -10.2367685796 51.6719613283 -45.3835775751
8.86694766824 -2 6.76685660663 -10.9802913737 58.9262314754 -49.4559570973
8.87427583753 -2 7.04812234782 -11.2126501405 61.160677125 -50.6547538664
8.89010998134 -2 7.69554387168 -11.746890143 66.2456322554 -53.2909066563
8.90568924817 -2 8.38901811404 -12.3186391587 71.6099937789 -55.9397562436
8.93585729179 -2 9.90794892794 -13.5686084666 83.104155601 -61.1911210055
9.03428877761 -2 16.916787317 -19.322097988 132.929585894 -78.3456769024
9.03705752612 -2 17.169637368 -19.529942497 134.653610928 -78.7977374743
9.08119011627 -2 21.7188677071 -23.2647720404 164.986371596 -85.4166780864
9.08829433019 -2 22.5501916922 -23.9473612104 170.405511229 -86.3476786949
9.18178262748 -2 36.6958255254 -35.596607318 258.2788228 -92.2713312228
9.18482554825 -2 37.2738124313 -36.0736659039 261.723874371 -92.1843978831
9.20904950957 -2 42.1949826897 -40.135190666 290.65911106 -90.5981406024
9.21124430627 -2 42.6705886457 -40.5275469178 293.41787967 -90.369054594
9.27665952329 -2 59.3936731339 -54.3614431665 387.256838661 -75.1318691395
9.28696951484 -2 62.5350521443 -56.9691036771 404.282597572 -70.9136452547
9.33144803412 -2 77.9736568363 -69.8216845829 485.681108139 -45.122926792
9.3345917181 -2 79.1910702424 -70.8376253489 491.953436042 -42.7657691975
9.42728405269 -2 124.339672139 -108.716964501 712.561654943 70.5786969536
9.67736282143 -2 400.831649736 -345.490290407 1791.47001141 1312.95229955
9.70157159752 -2 447.562746971 -385.983720535 1946.24146121 1574.05300765
9.7976934225 -2 690.391220433 -597.672049526 2671.20028823 3064.037803
9.97980325532 -2 1543.60712046 -1350.62975539 4570.19575364 9274.80524914
10.0335052493 -2 1950.11160707 -1712.10612098 5252.12685172 12527.8127707
10.3314664317 -2 6980.63151535 -6226.1641366 8597.93668623 57802.3970484
10.5187298595 -2 15336.4420714 -13748.9426703 5533.3111876 138338.883003
10.8992980915 -2 74001.1303283 -66097.9867655 -87240.4590507 703669.039071
