0	0
0.0012	7.17357e-07
0.0024	1.43471e-06
0.0036	2.15207e-06
0.0048	2.86943e-06
0.006	3.58679e-06
0.0072	4.30414e-06
0.0084	5.0215e-06
0.0096	5.73885e-06
0.0108	6.45621e-06
0.012	7.17356e-06
0.0132	7.89092e-06
0.0144	8.60827e-06
0.0156	9.32563e-06
0.0168	1.0043e-05
0.018	1.07603e-05
0.0192	1.14777e-05
0.0204	1.2195e-05
0.0216	1.29124e-05
0.0228	1.36297e-05
0.024	1.43471e-05
0.0252	1.50644e-05
0.0264	1.57818e-05
0.0276	1.64991e-05
0.0288	1.72164e-05
0.03	1.79338e-05
0.0312	1.86511e-05
0.0324	1.93685e-05
0.0336	2.00858e-05
0.0348	2.08031e-05
0.036	2.15205e-05
0.0372	2.22378e-05
0.0384	2.29551e-05
0.0396	2.36725e-05
0.0408	2.43898e-05
0.042	2.51071e-05
0.0432	2.58244e-05
0.0444	2.65417e-05
0.0456	2.72591e-05
0.0468	2.79764e-05
0.048	2.86937e-05
0.0492	2.9411e-05
0.0504	3.01283e-05
0.0516	3.08456e-05
0.0528	3.15629e-05
0.054	3.22802e-05
0.0552	3.29975e-05
0.0564	3.37148e-05
0.0576	3.44321e-05
0.0588	3.51494e-05
0.06	3.58667e-05
0.0612	3.6584e-05
0.0624	3.73012e-05
0.0636	3.80185e-05
0.0648	3.87358e-05
0.066	3.94531e-05
0.0672	4.01703e-05
0.0684	4.08876e-05
0.0696	4.16049e-05
0.0708	4.23221e-05
0.072	4.30394e-05
0.0732	4.37566e-05
0.0744	4.44739e-05
0.0756	4.51911e-05
0.0768	4.59084e-05
0.078	4.66256e-05
0.0792	4.73428e-05
0.0804	4.80601e-05
0.0816	4.87773e-05
0.0828	4.94945e-05
0.084	5.02117e-05
0.0852	5.0929e-05
0.0864	5.16462e-05
0.0876	5.23634e-05
0.0888	5.30806e-05
0.09	5.37978e-05
0.0912	5.4515e-05
0.0924	5.52322e-05
0.0936	5.59493e-05
0.0948	5.66665e-05
0.096	5.73837e-05
0.0972	5.81009e-05
0.0984	5.8818e-05
0.0996	5.95352e-05
0.1008	6.02524e-05
0.102	6.09695e-05
0.1032	6.16867e-05
0.1044	6.24038e-05
0.1056	6.31209e-05
0.1068	6.38381e-05
0.108	6.45552e-05
0.1092	6.52723e-05
0.1104	6.59894e-05
0.1116	6.67065e-05
0.1128	6.74237e-05
0.114	6.81408e-05
0.1152	6.88578e-05
0.1164	6.95749e-05
0.1176	7.0292e-05
0.1188	7.10091e-05
0.12	7.17262e-05
0.1212	7.24432e-05
0.1224	7.31603e-05
0.1236	7.38774e-05
0.1248	7.45944e-05
0.126	7.53115e-05
0.1272	7.60285e-05
0.1284	7.67455e-05
0.1296	7.74625e-05
0.1308	7.81796e-05
0.132	7.88966e-05
0.1332	7.96136e-05
0.1344	8.03306e-05
0.1356	8.10476e-05
0.1368	8.17646e-05
0.138	8.24816e-05
0.1392	8.31985e-05
0.1404	8.39155e-05
0.1416	8.46325e-05
0.1428	8.53494e-05
0.144	8.60664e-05
0.1452	8.67833e-05
0.1464	8.75002e-05
0.1476	8.82172e-05
0.1488	8.89341e-05
0.15	8.9651e-05
0.1512	9.03679e-05
0.1524	9.10848e-05
0.1536	9.18017e-05
0.1548	9.25186e-05
0.156	9.32354e-05
0.1572	9.39523e-05
0.1584	9.46692e-05
0.1596	9.5386e-05
0.1608	9.61029e-05
0.162	9.68197e-05
0.1632	9.75365e-05
0.1644	9.82534e-05
0.1656	9.89702e-05
0.1668	9.9687e-05
0.168	0.000100404
0.1692	0.000101121
0.1704	0.000101837
0.1716	0.000102554
0.1728	0.000103271
0.174	0.000103988
0.1752	0.000104704
0.1764	0.000105421
0.1776	0.000106138
0.1788	0.000106855
0.18	0.000107571
0.1812	0.000108288
0.1824	0.000109005
0.1836	0.000109721
0.1848	0.000110438
0.186	0.000111155
0.1872	0.000111871
0.1884	0.000112588
0.1896	0.000113305
0.1908	0.000114021
0.192	0.000114738
0.1932	0.000115455
0.1944	0.000116171
0.1956	0.000116888
0.1968	0.000117604
0.198	0.000118321
0.1992	0.000119038
0.2004	0.000119754
0.2016	0.000120471
0.2028	0.000121187
0.204	0.000121904
0.2052	0.00012262
0.2064	0.000123337
0.2076	0.000124053
0.2088	0.00012477
0.21	0.000125486
0.2112	0.000126203
0.2124	0.000126919
0.2136	0.000127636
0.2148	0.000128352
0.216	0.000129069
0.2172	0.000129785
0.2184	0.000130501
0.2196	0.000131218
0.2208	0.000131934
0.222	0.000132651
0.2232	0.000133367
0.2244	0.000134083
0.2256	0.0001348
0.2268	0.000135516
0.228	0.000136232
0.2292	0.000136949
0.2304	0.000137665
0.2316	0.000138381
0.2328	0.000139097
0.234	0.000139814
0.2352	0.00014053
0.2364	0.000141246
0.2376	0.000141963
0.2388	0.000142679
0.24	0.000143395
0.2412	0.000144111
0.2424	0.000144827
0.2436	0.000145544
0.2448	0.00014626
0.246	0.000146976
0.2472	0.000147692
0.2484	0.000148408
0.2496	0.000149124
0.2508	0.00014984
0.252	0.000150556
0.2532	0.000151273
0.2544	0.000151989
0.2556	0.000152705
0.2568	0.000153421
0.258	0.000154137
0.2592	0.000154853
0.2604	0.000155569
0.2616	0.000156285
0.2628	0.000157001
0.264	0.000157717
0.2652	0.000158433
0.2664	0.000159149
0.2676	0.000159865
0.2688	0.000160581
0.27	0.000161296
0.2712	0.000162012
0.2724	0.000162728
0.2736	0.000163444
0.2748	0.00016416
0.276	0.000164876
0.2772	0.000165592
0.2784	0.000166307
0.2796	0.000167023
0.2808	0.000167739
0.282	0.000168455
0.2832	0.000169171
0.2844	0.000169886
0.2856	0.000170602
0.2868	0.000171318
0.288	0.000172034
0.2892	0.000172749
0.2904	0.000173465
0.2916	0.000174181
0.2928	0.000174896
0.294	0.000175612
0.2952	0.000176328
0.2964	0.000177043
0.2976	0.000177759
0.2988	0.000178474
0.3	0.00017919
0.3012	0.000179905
0.3024	0.000180621
0.3036	0.000181337
0.3048	0.000182052
0.306	0.000182768
0.3072	0.000183483
0.3084	0.000184198
0.3096	0.000184914
0.3108	0.000185629
0.312	0.000186345
0.3132	0.00018706
0.3144	0.000187776
0.3156	0.000188491
0.3168	0.000189206
0.318	0.000189922
0.3192	0.000190637
0.3204	0.000191352
0.3216	0.000192068
0.3228	0.000192783
0.324	0.000193498
0.3252	0.000194213
0.3264	0.000194929
0.3276	0.000195644
0.3288	0.000196359
0.33	0.000197074
0.3312	0.00019779
0.3324	0.000198505
0.3336	0.00019922
0.3348	0.000199935
0.336	0.00020065
0.3372	0.000201365
0.3384	0.00020208
0.3396	0.000202795
0.3408	0.00020351
0.342	0.000204225
0.3432	0.00020494
0.3444	0.000205655
0.3456	0.00020637
0.3468	0.000207085
0.348	0.0002078
0.3492	0.000208515
0.3504	0.00020923
0.3516	0.000209945
0.3528	0.00021066
0.354	0.000211375
0.3552	0.00021209
0.3564	0.000212805
0.3576	0.000213519
0.3588	0.000214234
0.36	0.000214949
0.3612	0.000215664
0.3624	0.000216378
0.3636	0.000217093
0.3648	0.000217808
0.366	0.000218523
0.3672	0.000219237
0.3684	0.000219952
0.3696	0.000220667
0.3708	0.000221381
0.372	0.000222096
0.3732	0.00022281
0.3744	0.000223525
0.3756	0.00022424
0.3768	0.000224954
0.378	0.000225669
0.3792	0.000226383
0.3804	0.000227098
0.3816	0.000227812
0.3828	0.000228527
0.384	0.000229241
0.3852	0.000229955
0.3864	0.00023067
0.3876	0.000231384
0.3888	0.000232098
0.39	0.000232813
0.3912	0.000233527
0.3924	0.000234241
0.3936	0.000234956
0.3948	0.00023567
0.396	0.000236384
0.3972	0.000237098
0.3984	0.000237813
0.3996	0.000238527
0.4008	0.000239241
0.402	0.000239955
0.4032	0.000240669
0.4044	0.000241383
0.4056	0.000242097
0.4068	0.000242812
0.408	0.000243526
0.4092	0.00024424
0.4104	0.000244954
0.4116	0.000245668
0.4128	0.000246382
0.414	0.000247096
0.4152	0.000247809
0.4164	0.000248523
0.4176	0.000249237
0.4188	0.000249951
0.42	0.000250665
0.4212	0.000251379
0.4224	0.000252093
0.4236	0.000252806
0.4248	0.00025352
0.426	0.000254234
0.4272	0.000254948
0.4284	0.000255661
0.4296	0.000256375
0.4308	0.000257089
0.432	0.000257802
0.4332	0.000258516
0.4344	0.00025923
0.4356	0.000259943
0.4368	0.000260657
0.438	0.00026137
0.4392	0.000262084
0.4404	0.000262797
0.4416	0.000263511
0.4428	0.000264224
0.444	0.000264938
0.4452	0.000265651
0.4464	0.000266365
0.4476	0.000267078
0.4488	0.000267791
0.45	0.000268505
0.4512	0.000269218
0.4524	0.000269931
0.4536	0.000270644
0.4548	0.000271358
0.456	0.000272071
0.4572	0.000272784
0.4584	0.000273497
0.4596	0.000274211
0.4608	0.000274924
0.462	0.000275637
0.4632	0.00027635
0.4644	0.000277063
0.4656	0.000277776
0.4668	0.000278489
0.468	0.000279202
0.4692	0.000279915
0.4704	0.000280628
0.4716	0.000281341
0.4728	0.000282054
0.474	0.000282767
0.4752	0.00028348
0.4764	0.000284192
0.4776	0.000284905
0.4788	0.000285618
0.48	0.000286331
0.4812	0.000287044
0.4824	0.000287756
0.4836	0.000288469
0.4848	0.000289182
0.486	0.000289894
0.4872	0.000290607
0.4884	0.00029132
0.4896	0.000292032
0.4908	0.000292745
0.492	0.000293457
0.4932	0.00029417
0.4944	0.000294882
0.4956	0.000295595
0.4968	0.000296307
0.498	0.00029702
0.4992	0.000297732
0.5004	0.000298444
0.5016	0.000299157
0.5028	0.000299869
0.504	0.000300581
0.5052	0.000301294
0.5064	0.000302006
0.5076	0.000302718
0.5088	0.00030343
0.51	0.000304143
0.5112	0.000304855
0.5124	0.000305567
0.5136	0.000306279
0.5148	0.000306991
0.516	0.000307703
0.5172	0.000308415
0.5184	0.000309127
0.5196	0.000309839
0.5208	0.000310551
0.522	0.000311263
0.5232	0.000311975
0.5244	0.000312687
0.5256	0.000313399
0.5268	0.000314111
0.528	0.000314822
0.5292	0.000315534
0.5304	0.000316246
0.5316	0.000316958
0.5328	0.000317669
0.534	0.000318381
0.5352	0.000319093
0.5364	0.000319804
0.5376	0.000320516
0.5388	0.000321228
0.54	0.000321939
0.5412	0.000322651
0.5424	0.000323362
0.5436	0.000324074
0.5448	0.000324785
0.546	0.000325497
0.5472	0.000326208
0.5484	0.000326919
0.5496	0.000327631
0.5508	0.000328342
0.552	0.000329053
0.5532	0.000329765
0.5544	0.000330476
0.5556	0.000331187
0.5568	0.000331898
0.558	0.000332609
0.5592	0.000333321
0.5604	0.000334032
0.5616	0.000334743
0.5628	0.000335454
0.564	0.000336165
0.5652	0.000336876
0.5664	0.000337587
0.5676	0.000338298
0.5688	0.000339009
0.57	0.00033972
0.5712	0.000340431
0.5724	0.000341141
0.5736	0.000341852
0.5748	0.000342563
0.576	0.000343274
0.5772	0.000343984
0.5784	0.000344695
0.5796	0.000345406
0.5808	0.000346117
0.582	0.000346827
0.5832	0.000347538
0.5844	0.000348248
0.5856	0.000348959
0.5868	0.000349669
0.588	0.00035038
0.5892	0.00035109
0.5904	0.000351801
0.5916	0.000352511
0.5928	0.000353221
0.594	0.000353932
0.5952	0.000354642
0.5964	0.000355352
0.5976	0.000356063
0.5988	0.000356773
0.6	0.000357483
0.6012	0.000358193
0.6024	0.000358903
0.6036	0.000359614
0.6048	0.000360324
0.606	0.000361034
0.6072	0.000361744
0.6084	0.000362454
0.6096	0.000363164
0.6108	0.000363874
0.612	0.000364583
0.6132	0.000365293
0.6144	0.000366003
0.6156	0.000366713
0.6168	0.000367423
0.618	0.000368133
0.6192	0.000368842
0.6204	0.000369552
0.6216	0.000370262
0.6228	0.000370971
0.624	0.000371681
0.6252	0.000372391
0.6264	0.0003731
0.6276	0.00037381
0.6288	0.000374519
0.63	0.000375229
0.6312	0.000375938
0.6324	0.000376647
0.6336	0.000377357
0.6348	0.000378066
0.636	0.000378775
0.6372	0.000379485
0.6384	0.000380194
0.6396	0.000380903
0.6408	0.000381612
0.642	0.000382322
0.6432	0.000383031
0.6444	0.00038374
0.6456	0.000384449
0.6468	0.000385158
0.648	0.000385867
0.6492	0.000386576
0.6504	0.000387285
0.6516	0.000387994
0.6528	0.000388703
0.654	0.000389411
0.6552	0.00039012
0.6564	0.000390829
0.6576	0.000391538
0.6588	0.000392247
0.66	0.000392955
0.6612	0.000393664
0.6624	0.000394373
0.6636	0.000395081
0.6648	0.00039579
0.666	0.000396498
0.6672	0.000397207
0.6684	0.000397915
0.6696	0.000398624
0.6708	0.000399332
0.672	0.00040004
0.6732	0.000400749
0.6744	0.000401457
0.6756	0.000402165
0.6768	0.000402874
0.678	0.000403582
0.6792	0.00040429
0.6804	0.000404998
0.6816	0.000405706
0.6828	0.000406414
0.684	0.000407122
0.6852	0.00040783
0.6864	0.000408538
0.6876	0.000409246
0.6888	0.000409954
0.69	0.000410662
0.6912	0.00041137
0.6924	0.000412078
0.6936	0.000412786
0.6948	0.000413493
0.696	0.000414201
0.6972	0.000414909
0.6984	0.000415616
0.6996	0.000416324
0.7008	0.000417032
0.702	0.000417739
0.7032	0.000418447
0.7044	0.000419154
0.7056	0.000419862
0.7068	0.000420569
0.708	0.000421276
0.7092	0.000421984
0.7104	0.000422691
0.7116	0.000423398
0.7128	0.000424106
0.714	0.000424813
0.7152	0.00042552
0.7164	0.000426227
0.7176	0.000426934
0.7188	0.000427641
0.72	0.000428348
0.7212	0.000429055
0.7224	0.000429762
0.7236	0.000430469
0.7248	0.000431176
0.726	0.000431883
0.7272	0.00043259
0.7284	0.000433297
0.7296	0.000434004
0.7308	0.00043471
0.732	0.000435417
0.7332	0.000436124
0.7344	0.00043683
0.7356	0.000437537
0.7368	0.000438243
0.738	0.00043895
0.7392	0.000439656
0.7404	0.000440363
0.7416	0.000441069
0.7428	0.000441776
0.744	0.000442482
0.7452	0.000443188
0.7464	0.000443895
0.7476	0.000444601
0.7488	0.000445307
0.75	0.000446013
0.7512	0.000446719
0.7524	0.000447425
0.7536	0.000448132
0.7548	0.000448838
0.756	0.000449544
0.7572	0.000450249
0.7584	0.000450955
0.7596	0.000451661
0.7608	0.000452367
0.762	0.000453073
0.7632	0.000453779
0.7644	0.000454484
0.7656	0.00045519
0.7668	0.000455896
0.768	0.000456601
0.7692	0.000457307
0.7704	0.000458013
0.7716	0.000458718
0.7728	0.000459424
0.774	0.000460129
0.7752	0.000460834
0.7764	0.00046154
0.7776	0.000462245
0.7788	0.00046295
0.78	0.000463656
0.7812	0.000464361
0.7824	0.000465066
0.7836	0.000465771
0.7848	0.000466476
0.786	0.000467181
0.7872	0.000467886
0.7884	0.000468591
0.7896	0.000469296
0.7908	0.000470001
0.792	0.000470706
0.7932	0.000471411
0.7944	0.000472116
0.7956	0.00047282
0.7968	0.000473525
0.798	0.00047423
0.7992	0.000474935
0.8004	0.000475639
0.8016	0.000476344
0.8028	0.000477048
0.804	0.000477753
0.8052	0.000478457
0.8064	0.000479162
0.8076	0.000479866
0.8088	0.00048057
0.81	0.000481275
0.8112	0.000481979
0.8124	0.000482683
0.8136	0.000483387
0.8148	0.000484091
0.816	0.000484796
0.8172	0.0004855
0.8184	0.000486204
0.8196	0.000486908
0.8208	0.000487612
0.822	0.000488316
0.8232	0.000489019
0.8244	0.000489723
0.8256	0.000490427
0.8268	0.000491131
0.828	0.000491834
0.8292	0.000492538
0.8304	0.000493242
0.8316	0.000493945
0.8328	0.000494649
0.834	0.000495352
0.8352	0.000496056
0.8364	0.000496759
0.8376	0.000497463
0.8388	0.000498166
0.84	0.000498869
0.8412	0.000499573
0.8424	0.000500276
0.8436	0.000500979
0.8448	0.000501682
0.846	0.000502385
0.8472	0.000503089
0.8484	0.000503792
0.8496	0.000504495
0.8508	0.000505197
0.852	0.0005059
0.8532	0.000506603
0.8544	0.000507306
0.8556	0.000508009
0.8568	0.000508712
0.858	0.000509414
0.8592	0.000510117
0.8604	0.00051082
0.8616	0.000511522
0.8628	0.000512225
0.864	0.000512927
0.8652	0.00051363
0.8664	0.000514332
0.8676	0.000515035
0.8688	0.000515737
0.87	0.000516439
0.8712	0.000517141
0.8724	0.000517844
0.8736	0.000518546
0.8748	0.000519248
0.876	0.00051995
0.8772	0.000520652
0.8784	0.000521354
0.8796	0.000522056
0.8808	0.000522758
0.882	0.00052346
0.8832	0.000524162
0.8844	0.000524863
0.8856	0.000525565
0.8868	0.000526267
0.888	0.000526969
0.8892	0.00052767
0.8904	0.000528372
0.8916	0.000529073
0.8928	0.000529775
0.894	0.000530476
0.8952	0.000531178
0.8964	0.000531879
0.8976	0.00053258
0.8988	0.000533282
0.9	0.000533983
0.9012	0.000534684
0.9024	0.000535385
0.9036	0.000536086
0.9048	0.000536787
0.906	0.000537488
0.9072	0.000538189
0.9084	0.00053889
0.9096	0.000539591
0.9108	0.000540292
0.912	0.000540993
0.9132	0.000541694
0.9144	0.000542394
0.9156	0.000543095
0.9168	0.000543796
0.918	0.000544496
0.9192	0.000545197
0.9204	0.000545897
0.9216	0.000546598
0.9228	0.000547298
0.924	0.000547999
0.9252	0.000548699
0.9264	0.000549399
0.9276	0.000550099
0.9288	0.0005508
0.93	0.0005515
0.9312	0.0005522
0.9324	0.0005529
0.9336	0.0005536
0.9348	0.0005543
0.936	0.000555
0.9372	0.0005557
0.9384	0.000556399
0.9396	0.000557099
0.9408	0.000557799
0.942	0.000558499
0.9432	0.000559198
0.9444	0.000559898
0.9456	0.000560598
0.9468	0.000561297
0.948	0.000561997
0.9492	0.000562696
0.9504	0.000563395
0.9516	0.000564095
0.9528	0.000564794
0.954	0.000565493
0.9552	0.000566192
0.9564	0.000566892
0.9576	0.000567591
0.9588	0.00056829
0.96	0.000568989
0.9612	0.000569688
0.9624	0.000570387
0.9636	0.000571086
0.9648	0.000571784
0.966	0.000572483
0.9672	0.000573182
0.9684	0.000573881
0.9696	0.000574579
0.9708	0.000575278
0.972	0.000575976
0.9732	0.000576675
0.9744	0.000577373
0.9756	0.000578072
0.9768	0.00057877
0.978	0.000579468
0.9792	0.000580167
0.9804	0.000580865
0.9816	0.000581563
0.9828	0.000582261
0.984	0.000582959
0.9852	0.000583657
0.9864	0.000584355
0.9876	0.000585053
0.9888	0.000585751
0.99	0.000586449
0.9912	0.000587147
0.9924	0.000587845
0.9936	0.000588542
0.9948	0.00058924
0.996	0.000589938
0.9972	0.000590635
0.9984	0.000591333
0.9996	0.00059203
1.0008	0.000592728
1.002	0.000593425
1.0032	0.000594122
1.0044	0.00059482
1.0056	0.000595517
1.0068	0.000596214
1.008	0.000596911
1.0092	0.000597608
1.0104	0.000598305
1.0116	0.000599002
1.0128	0.000599699
1.014	0.000600396
1.0152	0.000601093
1.0164	0.00060179
1.0176	0.000602486
1.0188	0.000603183
1.02	0.00060388
1.0212	0.000604576
1.0224	0.000605273
1.0236	0.000605969
1.0248	0.000606666
1.026	0.000607362
1.0272	0.000608059
1.0284	0.000608755
1.0296	0.000609451
1.0308	0.000610147
1.032	0.000610844
1.0332	0.00061154
1.0344	0.000612236
1.0356	0.000612932
1.0368	0.000613628
1.038	0.000614324
1.0392	0.00061502
1.0404	0.000615715
1.0416	0.000616411
1.0428	0.000617107
1.044	0.000617803
1.0452	0.000618498
1.0464	0.000619194
1.0476	0.000619889
1.0488	0.000620585
1.05	0.00062128
1.0512	0.000621975
1.0524	0.000622671
1.0536	0.000623366
1.0548	0.000624061
1.056	0.000624756
1.0572	0.000625451
1.0584	0.000626147
1.0596	0.000626842
1.0608	0.000627537
1.062	0.000628231
1.0632	0.000628926
1.0644	0.000629621
1.0656	0.000630316
1.0668	0.000631011
1.068	0.000631705
1.0692	0.0006324
1.0704	0.000633094
1.0716	0.000633789
1.0728	0.000634483
1.074	0.000635178
1.0752	0.000635872
1.0764	0.000636566
1.0776	0.000637261
1.0788	0.000637955
1.08	0.000638649
1.0812	0.000639343
1.0824	0.000640037
1.0836	0.000640731
1.0848	0.000641425
1.086	0.000642119
1.0872	0.000642813
1.0884	0.000643506
1.0896	0.0006442
1.0908	0.000644894
1.092	0.000645587
1.0932	0.000646281
1.0944	0.000646975
1.0956	0.000647668
1.0968	0.000648361
1.098	0.000649055
1.0992	0.000649748
1.1004	0.000650441
1.1016	0.000651135
1.1028	0.000651828
1.104	0.000652521
1.1052	0.000653214
1.1064	0.000653907
1.1076	0.0006546
1.1088	0.000655293
1.11	0.000655986
1.1112	0.000656678
1.1124	0.000657371
1.1136	0.000658064
1.1148	0.000658756
1.116	0.000659449
1.1172	0.000660141
1.1184	0.000660834
1.1196	0.000661526
1.1208	0.000662219
1.122	0.000662911
1.1232	0.000663603
1.1244	0.000664295
1.1256	0.000664987
1.1268	0.00066568
1.128	0.000666372
1.1292	0.000667064
1.1304	0.000667756
1.1316	0.000668447
1.1328	0.000669139
1.134	0.000669831
1.1352	0.000670523
1.1364	0.000671214
1.1376	0.000671906
1.1388	0.000672597
1.14	0.000673289
1.1412	0.00067398
1.1424	0.000674672
1.1436	0.000675363
1.1448	0.000676054
1.146	0.000676746
1.1472	0.000677437
1.1484	0.000678128
1.1496	0.000678819
1.1508	0.00067951
1.152	0.000680201
1.1532	0.000680892
1.1544	0.000681583
1.1556	0.000682273
1.1568	0.000682964
1.158	0.000683655
1.1592	0.000684345
1.1604	0.000685036
1.1616	0.000685726
1.1628	0.000686417
1.164	0.000687107
1.1652	0.000687797
1.1664	0.000688488
1.1676	0.000689178
1.1688	0.000689868
1.17	0.000690558
1.1712	0.000691248
1.1724	0.000691938
1.1736	0.000692628
1.1748	0.000693318
1.176	0.000694008
1.1772	0.000694698
1.1784	0.000695387
1.1796	0.000696077
1.1808	0.000696767
1.182	0.000697456
1.1832	0.000698146
1.1844	0.000698835
1.1856	0.000699525
1.1868	0.000700214
1.188	0.000700903
1.1892	0.000701592
1.1904	0.000702281
1.1916	0.000702971
1.1928	0.00070366
1.194	0.000704349
1.1952	0.000705038
1.1964	0.000705726
1.1976	0.000706415
1.1988	0.000707104
1.2	0.000707793
1.2012	0.000708481
1.2024	0.00070917
1.2036	0.000709858
1.2048	0.000710547
1.206	0.000711235
1.2072	0.000711924
1.2084	0.000712612
1.2096	0.0007133
1.2108	0.000713988
1.212	0.000714676
1.2132	0.000715364
1.2144	0.000716052
1.2156	0.00071674
1.2168	0.000717428
1.218	0.000718116
1.2192	0.000718804
1.2204	0.000719492
1.2216	0.000720179
1.2228	0.000720867
1.224	0.000721554
1.2252	0.000722242
1.2264	0.000722929
1.2276	0.000723617
1.2288	0.000724304
1.23	0.000724991
1.2312	0.000725678
1.2324	0.000726365
1.2336	0.000727052
1.2348	0.000727739
1.236	0.000728426
1.2372	0.000729113
1.2384	0.0007298
1.2396	0.000730487
1.2408	0.000731174
1.242	0.00073186
1.2432	0.000732547
1.2444	0.000733233
1.2456	0.00073392
1.2468	0.000734606
1.248	0.000735293
1.2492	0.000735979
1.2504	0.000736665
1.2516	0.000737351
1.2528	0.000738037
1.254	0.000738723
1.2552	0.000739409
1.2564	0.000740095
1.2576	0.000740781
1.2588	0.000741467
1.26	0.000742153
1.2612	0.000742839
1.2624	0.000743524
1.2636	0.00074421
1.2648	0.000744895
1.266	0.000745581
1.2672	0.000746266
1.2684	0.000746951
1.2696	0.000747637
1.2708	0.000748322
1.272	0.000749007
1.2732	0.000749692
1.2744	0.000750377
1.2756	0.000751062
1.2768	0.000751747
1.278	0.000752432
1.2792	0.000753117
1.2804	0.000753801
1.2816	0.000754486
1.2828	0.000755171
1.284	0.000755855
1.2852	0.00075654
1.2864	0.000757224
1.2876	0.000757908
1.2888	0.000758593
1.29	0.000759277
1.2912	0.000759961
1.2924	0.000760645
1.2936	0.000761329
1.2948	0.000762013
1.296	0.000762697
1.2972	0.000763381
1.2984	0.000764065
1.2996	0.000764749
1.3008	0.000765432
1.302	0.000766116
1.3032	0.000766799
1.3044	0.000767483
1.3056	0.000768166
1.3068	0.00076885
1.308	0.000769533
1.3092	0.000770216
1.3104	0.000770899
1.3116	0.000771582
1.3128	0.000772265
1.314	0.000772948
1.3152	0.000773631
1.3164	0.000774314
1.3176	0.000774997
1.3188	0.00077568
1.32	0.000776362
1.3212	0.000777045
1.3224	0.000777728
1.3236	0.00077841
1.3248	0.000779092
1.326	0.000779775
1.3272	0.000780457
1.3284	0.000781139
1.3296	0.000781821
1.3308	0.000782504
1.332	0.000783186
1.3332	0.000783868
1.3344	0.00078455
1.3356	0.000785231
1.3368	0.000785913
1.338	0.000786595
1.3392	0.000787277
1.3404	0.000787958
1.3416	0.00078864
1.3428	0.000789321
1.344	0.000790002
1.3452	0.000790684
1.3464	0.000791365
1.3476	0.000792046
1.3488	0.000792727
1.35	0.000793408
1.3512	0.000794089
1.3524	0.00079477
1.3536	0.000795451
1.3548	0.000796132
1.356	0.000796813
1.3572	0.000797494
1.3584	0.000798174
1.3596	0.000798855
1.3608	0.000799535
1.362	0.000800216
1.3632	0.000800896
1.3644	0.000801576
1.3656	0.000802257
1.3668	0.000802937
1.368	0.000803617
1.3692	0.000804297
1.3704	0.000804977
1.3716	0.000805657
1.3728	0.000806337
1.374	0.000807016
1.3752	0.000807696
1.3764	0.000808376
1.3776	0.000809055
1.3788	0.000809735
1.38	0.000810414
1.3812	0.000811094
1.3824	0.000811773
1.3836	0.000812452
1.3848	0.000813131
1.386	0.00081381
1.3872	0.000814489
1.3884	0.000815168
1.3896	0.000815847
1.3908	0.000816526
1.392	0.000817205
1.3932	0.000817884
1.3944	0.000818562
1.3956	0.000819241
1.3968	0.000819919
1.398	0.000820598
1.3992	0.000821276
1.4004	0.000821955
1.4016	0.000822633
1.4028	0.000823311
1.404	0.000823989
1.4052	0.000824667
1.4064	0.000825345
1.4076	0.000826023
1.4088	0.000826701
1.41	0.000827379
1.4112	0.000828056
1.4124	0.000828734
1.4136	0.000829412
1.4148	0.000830089
1.416	0.000830767
1.4172	0.000831444
1.4184	0.000832121
1.4196	0.000832798
1.4208	0.000833476
1.422	0.000834153
1.4232	0.00083483
1.4244	0.000835507
1.4256	0.000836184
1.4268	0.00083686
1.428	0.000837537
1.4292	0.000838214
1.4304	0.00083889
1.4316	0.000839567
1.4328	0.000840243
1.434	0.00084092
1.4352	0.000841596
1.4364	0.000842273
1.4376	0.000842949
1.4388	0.000843625
1.44	0.000844301
1.4412	0.000844977
1.4424	0.000845653
1.4436	0.000846329
1.4448	0.000847005
1.446	0.00084768
1.4472	0.000848356
1.4484	0.000849032
1.4496	0.000849707
1.4508	0.000850382
1.452	0.000851058
1.4532	0.000851733
1.4544	0.000852408
1.4556	0.000853084
1.4568	0.000853759
1.458	0.000854434
1.4592	0.000855109
1.4604	0.000855784
1.4616	0.000856458
1.4628	0.000857133
1.464	0.000857808
1.4652	0.000858482
1.4664	0.000859157
1.4676	0.000859831
1.4688	0.000860506
1.47	0.00086118
1.4712	0.000861854
1.4724	0.000862529
1.4736	0.000863203
1.4748	0.000863877
1.476	0.000864551
1.4772	0.000865225
1.4784	0.000865899
1.4796	0.000866572
1.4808	0.000867246
1.482	0.00086792
1.4832	0.000868593
1.4844	0.000869267
1.4856	0.00086994
1.4868	0.000870613
1.488	0.000871287
1.4892	0.00087196
1.4904	0.000872633
1.4916	0.000873306
1.4928	0.000873979
1.494	0.000874652
1.4952	0.000875325
1.4964	0.000875998
1.4976	0.00087667
1.4988	0.000877343
1.5	0.000878016
1.5012	0.000878688
1.5024	0.00087936
1.5036	0.000880033
1.5048	0.000880705
1.506	0.000881377
1.5072	0.000882049
1.5084	0.000882721
1.5096	0.000883393
1.5108	0.000884065
1.512	0.000884737
1.5132	0.000885409
1.5144	0.000886081
1.5156	0.000886752
1.5168	0.000887424
1.518	0.000888095
1.5192	0.000888767
1.5204	0.000889438
1.5216	0.000890109
1.5228	0.00089078
1.524	0.000891452
1.5252	0.000892123
1.5264	0.000892794
1.5276	0.000893464
1.5288	0.000894135
1.53	0.000894806
1.5312	0.000895477
1.5324	0.000896147
1.5336	0.000896818
1.5348	0.000897488
1.536	0.000898159
1.5372	0.000898829
1.5384	0.000899499
1.5396	0.000900169
1.5408	0.000900839
1.542	0.000901509
1.5432	0.000902179
1.5444	0.000902849
1.5456	0.000903519
1.5468	0.000904189
1.548	0.000904858
1.5492	0.000905528
1.5504	0.000906198
1.5516	0.000906867
1.5528	0.000907536
1.554	0.000908206
1.5552	0.000908875
1.5564	0.000909544
1.5576	0.000910213
1.5588	0.000910882
1.56	0.000911551
1.5612	0.00091222
1.5624	0.000912888
1.5636	0.000913557
1.5648	0.000914226
1.566	0.000914894
1.5672	0.000915563
1.5684	0.000916231
1.5696	0.000916899
1.5708	0.000917568
1.572	0.000918236
1.5732	0.000918904
1.5744	0.000919572
1.5756	0.00092024
1.5768	0.000920908
1.578	0.000921575
1.5792	0.000922243
1.5804	0.000922911
1.5816	0.000923578
1.5828	0.000924246
1.584	0.000924913
1.5852	0.00092558
1.5864	0.000926248
1.5876	0.000926915
1.5888	0.000927582
1.59	0.000928249
1.5912	0.000928916
1.5924	0.000929583
1.5936	0.00093025
1.5948	0.000930916
1.596	0.000931583
1.5972	0.000932249
1.5984	0.000932916
1.5996	0.000933582
1.6008	0.000934249
1.602	0.000934915
1.6032	0.000935581
1.6044	0.000936247
1.6056	0.000936913
1.6068	0.000937579
1.608	0.000938245
1.6092	0.000938911
1.6104	0.000939577
1.6116	0.000940242
1.6128	0.000940908
1.614	0.000941573
1.6152	0.000942239
1.6164	0.000942904
1.6176	0.000943569
1.6188	0.000944234
1.62	0.0009449
1.6212	0.000945565
1.6224	0.00094623
1.6236	0.000946894
1.6248	0.000947559
1.626	0.000948224
1.6272	0.000948889
1.6284	0.000949553
1.6296	0.000950218
1.6308	0.000950882
1.632	0.000951546
1.6332	0.000952211
1.6344	0.000952875
1.6356	0.000953539
1.6368	0.000954203
1.638	0.000954867
1.6392	0.000955531
1.6404	0.000956194
1.6416	0.000956858
1.6428	0.000957522
1.644	0.000958185
1.6452	0.000958849
1.6464	0.000959512
1.6476	0.000960175
1.6488	0.000960839
1.65	0.000961502
1.6512	0.000962165
1.6524	0.000962828
1.6536	0.000963491
1.6548	0.000964154
1.656	0.000964816
1.6572	0.000965479
1.6584	0.000966142
1.6596	0.000966804
1.6608	0.000967467
1.662	0.000968129
1.6632	0.000968791
1.6644	0.000969453
1.6656	0.000970115
1.6668	0.000970777
1.668	0.000971439
1.6692	0.000972101
1.6704	0.000972763
1.6716	0.000973425
1.6728	0.000974086
1.674	0.000974748
1.6752	0.00097541
1.6764	0.000976071
1.6776	0.000976732
1.6788	0.000977393
1.68	0.000978055
1.6812	0.000978716
1.6824	0.000979377
1.6836	0.000980038
1.6848	0.000980698
1.686	0.000981359
1.6872	0.00098202
1.6884	0.00098268
1.6896	0.000983341
1.6908	0.000984001
1.692	0.000984662
1.6932	0.000985322
1.6944	0.000985982
1.6956	0.000986642
1.6968	0.000987302
1.698	0.000987962
1.6992	0.000988622
1.7004	0.000989282
1.7016	0.000989942
1.7028	0.000990601
1.704	0.000991261
1.7052	0.00099192
1.7064	0.00099258
1.7076	0.000993239
1.7088	0.000993898
1.71	0.000994557
1.7112	0.000995216
1.7124	0.000995875
1.7136	0.000996534
1.7148	0.000997193
1.716	0.000997852
1.7172	0.00099851
1.7184	0.000999169
1.7196	0.000999827
1.7208	0.00100049
1.722	0.00100114
1.7232	0.0010018
1.7244	0.00100246
1.7256	0.00100312
1.7268	0.00100378
1.728	0.00100443
1.7292	0.00100509
1.7304	0.00100575
1.7316	0.00100641
1.7328	0.00100707
1.734	0.00100772
1.7352	0.00100838
1.7364	0.00100904
1.7376	0.00100969
1.7388	0.00101035
1.74	0.00101101
1.7412	0.00101167
1.7424	0.00101232
1.7436	0.00101298
1.7448	0.00101364
1.746	0.00101429
1.7472	0.00101495
1.7484	0.00101561
1.7496	0.00101626
1.7508	0.00101692
1.752	0.00101757
1.7532	0.00101823
1.7544	0.00101889
1.7556	0.00101954
1.7568	0.0010202
1.758	0.00102085
1.7592	0.00102151
1.7604	0.00102217
1.7616	0.00102282
1.7628	0.00102348
1.764	0.00102413
1.7652	0.00102479
1.7664	0.00102544
1.7676	0.0010261
1.7688	0.00102675
1.77	0.00102741
1.7712	0.00102806
1.7724	0.00102872
1.7736	0.00102937
1.7748	0.00103003
1.776	0.00103068
1.7772	0.00103134
1.7784	0.00103199
1.7796	0.00103265
1.7808	0.0010333
1.782	0.00103395
1.7832	0.00103461
1.7844	0.00103526
1.7856	0.00103592
1.7868	0.00103657
1.788	0.00103722
1.7892	0.00103788
1.7904	0.00103853
1.7916	0.00103918
1.7928	0.00103984
1.794	0.00104049
1.7952	0.00104114
1.7964	0.0010418
1.7976	0.00104245
1.7988	0.0010431
1.8	0.00104375
1.8012	0.00104441
1.8024	0.00104506
1.8036	0.00104571
1.8048	0.00104637
1.806	0.00104702
1.8072	0.00104767
1.8084	0.00104832
1.8096	0.00104897
1.8108	0.00104963
1.812	0.00105028
1.8132	0.00105093
1.8144	0.00105158
1.8156	0.00105223
1.8168	0.00105289
1.818	0.00105354
1.8192	0.00105419
1.8204	0.00105484
1.8216	0.00105549
1.8228	0.00105614
1.824	0.00105679
1.8252	0.00105744
1.8264	0.0010581
1.8276	0.00105875
1.8288	0.0010594
1.83	0.00106005
1.8312	0.0010607
1.8324	0.00106135
1.8336	0.001062
1.8348	0.00106265
1.836	0.0010633
1.8372	0.00106395
1.8384	0.0010646
1.8396	0.00106525
1.8408	0.0010659
1.842	0.00106655
1.8432	0.0010672
1.8444	0.00106785
1.8456	0.0010685
1.8468	0.00106915
1.848	0.0010698
1.8492	0.00107045
1.8504	0.0010711
1.8516	0.00107174
1.8528	0.00107239
1.854	0.00107304
1.8552	0.00107369
1.8564	0.00107434
1.8576	0.00107499
1.8588	0.00107564
1.86	0.00107629
1.8612	0.00107693
1.8624	0.00107758
1.8636	0.00107823
1.8648	0.00107888
1.866	0.00107953
1.8672	0.00108017
1.8684	0.00108082
1.8696	0.00108147
1.8708	0.00108212
1.872	0.00108277
1.8732	0.00108341
1.8744	0.00108406
1.8756	0.00108471
1.8768	0.00108536
1.878	0.001086
1.8792	0.00108665
1.8804	0.0010873
1.8816	0.00108794
1.8828	0.00108859
1.884	0.00108924
1.8852	0.00108988
1.8864	0.00109053
1.8876	0.00109118
1.8888	0.00109182
1.89	0.00109247
1.8912	0.00109311
1.8924	0.00109376
1.8936	0.00109441
1.8948	0.00109505
1.896	0.0010957
1.8972	0.00109634
1.8984	0.00109699
1.8996	0.00109764
1.9008	0.00109828
1.902	0.00109893
1.9032	0.00109957
1.9044	0.00110022
1.9056	0.00110086
1.9068	0.00110151
1.908	0.00110215
1.9092	0.0011028
1.9104	0.00110344
1.9116	0.00110408
1.9128	0.00110473
1.914	0.00110537
1.9152	0.00110602
1.9164	0.00110666
1.9176	0.00110731
1.9188	0.00110795
1.92	0.00110859
1.9212	0.00110924
1.9224	0.00110988
1.9236	0.00111053
1.9248	0.00111117
1.926	0.00111181
1.9272	0.00111246
1.9284	0.0011131
1.9296	0.00111374
1.9308	0.00111439
1.932	0.00111503
1.9332	0.00111567
1.9344	0.00111631
1.9356	0.00111696
1.9368	0.0011176
1.938	0.00111824
1.9392	0.00111889
1.9404	0.00111953
1.9416	0.00112017
1.9428	0.00112081
1.944	0.00112145
1.9452	0.0011221
1.9464	0.00112274
1.9476	0.00112338
1.9488	0.00112402
1.95	0.00112466
1.9512	0.0011253
1.9524	0.00112595
1.9536	0.00112659
1.9548	0.00112723
1.956	0.00112787
1.9572	0.00112851
1.9584	0.00112915
1.9596	0.00112979
1.9608	0.00113043
1.962	0.00113107
1.9632	0.00113171
1.9644	0.00113236
1.9656	0.001133
1.9668	0.00113364
1.968	0.00113428
1.9692	0.00113492
1.9704	0.00113556
1.9716	0.0011362
1.9728	0.00113684
1.974	0.00113748
1.9752	0.00113812
1.9764	0.00113876
1.9776	0.00113939
1.9788	0.00114003
1.98	0.00114067
1.9812	0.00114131
1.9824	0.00114195
1.9836	0.00114259
1.9848	0.00114323
1.986	0.00114387
1.9872	0.00114451
1.9884	0.00114515
1.9896	0.00114578
1.9908	0.00114642
1.992	0.00114706
1.9932	0.0011477
1.9944	0.00114834
1.9956	0.00114898
1.9968	0.00114961
1.998	0.00115025
1.9992	0.00115089
2.0004	0.00115153
2.0016	0.00115216
2.0028	0.0011528
2.004	0.00115344
2.0052	0.00115408
2.0064	0.00115471
2.0076	0.00115535
2.0088	0.00115599
2.01	0.00115662
2.0112	0.00115726
2.0124	0.0011579
2.0136	0.00115853
2.0148	0.00115917
2.016	0.00115981
2.0172	0.00116044
2.0184	0.00116108
2.0196	0.00116172
2.0208	0.00116235
2.022	0.00116299
2.0232	0.00116362
2.0244	0.00116426
2.0256	0.0011649
2.0268	0.00116553
2.028	0.00116617
2.0292	0.0011668
2.0304	0.00116744
2.0316	0.00116807
2.0328	0.00116871
2.034	0.00116934
2.0352	0.00116998
2.0364	0.00117061
2.0376	0.00117125
2.0388	0.00117188
2.04	0.00117252
2.0412	0.00117315
2.0424	0.00117378
2.0436	0.00117442
2.0448	0.00117505
2.046	0.00117569
2.0472	0.00117632
2.0484	0.00117695
2.0496	0.00117759
2.0508	0.00117822
2.052	0.00117886
2.0532	0.00117949
2.0544	0.00118012
2.0556	0.00118076
2.0568	0.00118139
2.058	0.00118202
2.0592	0.00118265
2.0604	0.00118329
2.0616	0.00118392
2.0628	0.00118455
2.064	0.00118518
2.0652	0.00118582
2.0664	0.00118645
2.0676	0.00118708
2.0688	0.00118771
2.07	0.00118835
2.0712	0.00118898
2.0724	0.00118961
2.0736	0.00119024
2.0748	0.00119087
2.076	0.0011915
2.0772	0.00119214
2.0784	0.00119277
2.0796	0.0011934
2.0808	0.00119403
2.082	0.00119466
2.0832	0.00119529
2.0844	0.00119592
2.0856	0.00119655
2.0868	0.00119718
2.088	0.00119781
2.0892	0.00119844
2.0904	0.00119908
2.0916	0.00119971
2.0928	0.00120034
2.094	0.00120097
2.0952	0.0012016
2.0964	0.00120223
2.0976	0.00120286
2.0988	0.00120348
2.1	0.00120411
2.1012	0.00120474
2.1024	0.00120537
2.1036	0.001206
2.1048	0.00120663
2.106	0.00120726
2.1072	0.00120789
2.1084	0.00120852
2.1096	0.00120915
2.1108	0.00120978
2.112	0.0012104
2.1132	0.00121103
2.1144	0.00121166
2.1156	0.00121229
2.1168	0.00121292
2.118	0.00121355
2.1192	0.00121417
2.1204	0.0012148
2.1216	0.00121543
2.1228	0.00121606
2.124	0.00121668
2.1252	0.00121731
2.1264	0.00121794
2.1276	0.00121857
2.1288	0.00121919
2.13	0.00121982
2.1312	0.00122045
2.1324	0.00122107
2.1336	0.0012217
2.1348	0.00122233
2.136	0.00122295
2.1372	0.00122358
2.1384	0.00122421
2.1396	0.00122483
2.1408	0.00122546
2.142	0.00122608
2.1432	0.00122671
2.1444	0.00122734
2.1456	0.00122796
2.1468	0.00122859
2.148	0.00122921
2.1492	0.00122984
2.1504	0.00123046
2.1516	0.00123109
2.1528	0.00123171
2.154	0.00123234
2.1552	0.00123296
2.1564	0.00123359
2.1576	0.00123421
2.1588	0.00123484
2.16	0.00123546
2.1612	0.00123609
2.1624	0.00123671
2.1636	0.00123733
2.1648	0.00123796
2.166	0.00123858
2.1672	0.00123921
2.1684	0.00123983
2.1696	0.00124045
2.1708	0.00124108
2.172	0.0012417
2.1732	0.00124232
2.1744	0.00124295
2.1756	0.00124357
2.1768	0.00124419
2.178	0.00124482
2.1792	0.00124544
2.1804	0.00124606
2.1816	0.00124668
2.1828	0.00124731
2.184	0.00124793
2.1852	0.00124855
2.1864	0.00124917
2.1876	0.0012498
2.1888	0.00125042
2.19	0.00125104
2.1912	0.00125166
2.1924	0.00125228
2.1936	0.0012529
2.1948	0.00125353
2.196	0.00125415
2.1972	0.00125477
2.1984	0.00125539
2.1996	0.00125601
2.2008	0.00125663
2.202	0.00125725
2.2032	0.00125787
2.2044	0.00125849
2.2056	0.00125911
2.2068	0.00125973
2.208	0.00126035
2.2092	0.00126097
2.2104	0.00126159
2.2116	0.00126221
2.2128	0.00126283
2.214	0.00126345
2.2152	0.00126407
2.2164	0.00126469
2.2176	0.00126531
2.2188	0.00126593
2.22	0.00126655
2.2212	0.00126717
2.2224	0.00126779
2.2236	0.00126841
2.2248	0.00126903
2.226	0.00126965
2.2272	0.00127026
2.2284	0.00127088
2.2296	0.0012715
2.2308	0.00127212
2.232	0.00127274
2.2332	0.00127335
2.2344	0.00127397
2.2356	0.00127459
2.2368	0.00127521
2.238	0.00127583
2.2392	0.00127644
2.2404	0.00127706
2.2416	0.00127768
2.2428	0.0012783
2.244	0.00127891
2.2452	0.00127953
2.2464	0.00128015
2.2476	0.00128076
2.2488	0.00128138
2.25	0.001282
2.2512	0.00128261
2.2524	0.00128323
2.2536	0.00128385
2.2548	0.00128446
2.256	0.00128508
2.2572	0.00128569
2.2584	0.00128631
2.2596	0.00128692
2.2608	0.00128754
2.262	0.00128816
2.2632	0.00128877
2.2644	0.00128939
2.2656	0.00129
2.2668	0.00129062
2.268	0.00129123
2.2692	0.00129185
2.2704	0.00129246
2.2716	0.00129308
2.2728	0.00129369
2.274	0.0012943
2.2752	0.00129492
2.2764	0.00129553
2.2776	0.00129615
2.2788	0.00129676
2.28	0.00129737
2.2812	0.00129799
2.2824	0.0012986
2.2836	0.00129922
2.2848	0.00129983
2.286	0.00130044
2.2872	0.00130105
2.2884	0.00130167
2.2896	0.00130228
2.2908	0.00130289
2.292	0.00130351
2.2932	0.00130412
2.2944	0.00130473
2.2956	0.00130534
2.2968	0.00130596
2.298	0.00130657
2.2992	0.00130718
2.3004	0.00130779
2.3016	0.0013084
2.3028	0.00130902
2.304	0.00130963
2.3052	0.00131024
2.3064	0.00131085
2.3076	0.00131146
2.3088	0.00131207
2.31	0.00131268
2.3112	0.0013133
2.3124	0.00131391
2.3136	0.00131452
2.3148	0.00131513
2.316	0.00131574
2.3172	0.00131635
2.3184	0.00131696
2.3196	0.00131757
2.3208	0.00131818
2.322	0.00131879
2.3232	0.0013194
2.3244	0.00132001
2.3256	0.00132062
2.3268	0.00132123
2.328	0.00132184
2.3292	0.00132245
2.3304	0.00132306
2.3316	0.00132366
2.3328	0.00132427
2.334	0.00132488
2.3352	0.00132549
2.3364	0.0013261
2.3376	0.00132671
2.3388	0.00132732
2.34	0.00132793
2.3412	0.00132853
2.3424	0.00132914
2.3436	0.00132975
2.3448	0.00133036
2.346	0.00133097
2.3472	0.00133157
2.3484	0.00133218
2.3496	0.00133279
2.3508	0.0013334
2.352	0.001334
2.3532	0.00133461
2.3544	0.00133522
2.3556	0.00133582
2.3568	0.00133643
2.358	0.00133704
2.3592	0.00133764
2.3604	0.00133825
2.3616	0.00133886
2.3628	0.00133946
2.364	0.00134007
2.3652	0.00134067
2.3664	0.00134128
2.3676	0.00134189
2.3688	0.00134249
2.37	0.0013431
2.3712	0.0013437
2.3724	0.00134431
2.3736	0.00134491
2.3748	0.00134552
2.376	0.00134612
2.3772	0.00134673
2.3784	0.00134733
2.3796	0.00134794
2.3808	0.00134854
2.382	0.00134915
2.3832	0.00134975
2.3844	0.00135035
2.3856	0.00135096
2.3868	0.00135156
2.388	0.00135217
2.3892	0.00135277
2.3904	0.00135337
2.3916	0.00135398
2.3928	0.00135458
2.394	0.00135518
2.3952	0.00135579
2.3964	0.00135639
2.3976	0.00135699
2.3988	0.00135759
2.4	0.0013582
2.4012	0.0013588
2.4024	0.0013594
2.4036	0.00136
2.4048	0.00136061
2.406	0.00136121
2.4072	0.00136181
2.4084	0.00136241
2.4096	0.00136301
2.4108	0.00136362
2.412	0.00136422
2.4132	0.00136482
2.4144	0.00136542
2.4156	0.00136602
2.4168	0.00136662
2.418	0.00136722
2.4192	0.00136782
2.4204	0.00136842
2.4216	0.00136902
2.4228	0.00136962
2.424	0.00137023
2.4252	0.00137083
2.4264	0.00137143
2.4276	0.00137203
2.4288	0.00137263
2.43	0.00137323
2.4312	0.00137382
2.4324	0.00137442
2.4336	0.00137502
2.4348	0.00137562
2.436	0.00137622
2.4372	0.00137682
2.4384	0.00137742
2.4396	0.00137802
2.4408	0.00137862
2.442	0.00137922
2.4432	0.00137981
2.4444	0.00138041
2.4456	0.00138101
2.4468	0.00138161
2.448	0.00138221
2.4492	0.00138281
2.4504	0.0013834
2.4516	0.001384
2.4528	0.0013846
2.454	0.0013852
2.4552	0.00138579
2.4564	0.00138639
2.4576	0.00138699
2.4588	0.00138758
2.46	0.00138818
2.4612	0.00138878
2.4624	0.00138937
2.4636	0.00138997
2.4648	0.00139057
2.466	0.00139116
2.4672	0.00139176
2.4684	0.00139236
2.4696	0.00139295
2.4708	0.00139355
2.472	0.00139414
2.4732	0.00139474
2.4744	0.00139533
2.4756	0.00139593
2.4768	0.00139652
2.478	0.00139712
2.4792	0.00139771
2.4804	0.00139831
2.4816	0.0013989
2.4828	0.0013995
2.484	0.00140009
2.4852	0.00140069
2.4864	0.00140128
2.4876	0.00140188
2.4888	0.00140247
2.49	0.00140306
2.4912	0.00140366
2.4924	0.00140425
2.4936	0.00140484
2.4948	0.00140544
2.496	0.00140603
2.4972	0.00140662
2.4984	0.00140722
2.4996	0.00140781
2.5008	0.0014084
2.502	0.001409
2.5032	0.00140959
2.5044	0.00141018
2.5056	0.00141077
2.5068	0.00141136
2.508	0.00141196
2.5092	0.00141255
2.5104	0.00141314
2.5116	0.00141373
2.5128	0.00141432
2.514	0.00141492
2.5152	0.00141551
2.5164	0.0014161
2.5176	0.00141669
2.5188	0.00141728
2.52	0.00141787
2.5212	0.00141846
2.5224	0.00141905
2.5236	0.00141964
2.5248	0.00142023
2.526	0.00142082
2.5272	0.00142141
2.5284	0.001422
2.5296	0.00142259
2.5308	0.00142318
2.532	0.00142377
2.5332	0.00142436
2.5344	0.00142495
2.5356	0.00142554
2.5368	0.00142613
2.538	0.00142672
2.5392	0.00142731
2.5404	0.0014279
2.5416	0.00142849
2.5428	0.00142907
2.544	0.00142966
2.5452	0.00143025
2.5464	0.00143084
2.5476	0.00143143
2.5488	0.00143202
2.55	0.0014326
2.5512	0.00143319
2.5524	0.00143378
2.5536	0.00143437
2.5548	0.00143495
2.556	0.00143554
2.5572	0.00143613
2.5584	0.00143672
2.5596	0.0014373
2.5608	0.00143789
2.562	0.00143848
2.5632	0.00143906
2.5644	0.00143965
2.5656	0.00144023
2.5668	0.00144082
2.568	0.00144141
2.5692	0.00144199
2.5704	0.00144258
2.5716	0.00144316
2.5728	0.00144375
2.574	0.00144434
2.5752	0.00144492
2.5764	0.00144551
2.5776	0.00144609
2.5788	0.00144668
2.58	0.00144726
2.5812	0.00144784
2.5824	0.00144843
2.5836	0.00144901
2.5848	0.0014496
2.586	0.00145018
2.5872	0.00145077
2.5884	0.00145135
2.5896	0.00145193
2.5908	0.00145252
2.592	0.0014531
2.5932	0.00145368
2.5944	0.00145427
2.5956	0.00145485
2.5968	0.00145543
2.598	0.00145602
2.5992	0.0014566
2.6004	0.00145718
2.6016	0.00145777
2.6028	0.00145835
2.604	0.00145893
2.6052	0.00145951
2.6064	0.00146009
2.6076	0.00146068
2.6088	0.00146126
2.61	0.00146184
2.6112	0.00146242
2.6124	0.001463
2.6136	0.00146358
2.6148	0.00146416
2.616	0.00146475
2.6172	0.00146533
2.6184	0.00146591
2.6196	0.00146649
2.6208	0.00146707
2.622	0.00146765
2.6232	0.00146823
2.6244	0.00146881
2.6256	0.00146939
2.6268	0.00146997
2.628	0.00147055
2.6292	0.00147113
2.6304	0.00147171
2.6316	0.00147229
2.6328	0.00147287
2.634	0.00147345
2.6352	0.00147403
2.6364	0.0014746
2.6376	0.00147518
2.6388	0.00147576
2.64	0.00147634
2.6412	0.00147692
2.6424	0.0014775
2.6436	0.00147808
2.6448	0.00147865
2.646	0.00147923
2.6472	0.00147981
2.6484	0.00148039
2.6496	0.00148096
2.6508	0.00148154
2.652	0.00148212
2.6532	0.0014827
2.6544	0.00148327
2.6556	0.00148385
2.6568	0.00148443
2.658	0.001485
2.6592	0.00148558
2.6604	0.00148616
2.6616	0.00148673
2.6628	0.00148731
2.664	0.00148788
2.6652	0.00148846
2.6664	0.00148904
2.6676	0.00148961
2.6688	0.00149019
2.67	0.00149076
2.6712	0.00149134
2.6724	0.00149191
2.6736	0.00149249
2.6748	0.00149306
2.676	0.00149364
2.6772	0.00149421
2.6784	0.00149479
2.6796	0.00149536
2.6808	0.00149594
2.682	0.00149651
2.6832	0.00149708
2.6844	0.00149766
2.6856	0.00149823
2.6868	0.0014988
2.688	0.00149938
2.6892	0.00149995
2.6904	0.00150052
2.6916	0.0015011
2.6928	0.00150167
2.694	0.00150224
2.6952	0.00150282
2.6964	0.00150339
2.6976	0.00150396
2.6988	0.00150453
2.7	0.00150511
2.7012	0.00150568
2.7024	0.00150625
2.7036	0.00150682
2.7048	0.00150739
2.706	0.00150796
2.7072	0.00150854
2.7084	0.00150911
2.7096	0.00150968
2.7108	0.00151025
2.712	0.00151082
2.7132	0.00151139
2.7144	0.00151196
2.7156	0.00151253
2.7168	0.0015131
2.718	0.00151367
2.7192	0.00151424
2.7204	0.00151481
2.7216	0.00151538
2.7228	0.00151595
2.724	0.00151652
2.7252	0.00151709
2.7264	0.00151766
2.7276	0.00151823
2.7288	0.0015188
2.73	0.00151937
2.7312	0.00151994
2.7324	0.0015205
2.7336	0.00152107
2.7348	0.00152164
2.736	0.00152221
2.7372	0.00152278
2.7384	0.00152335
2.7396	0.00152391
2.7408	0.00152448
2.742	0.00152505
2.7432	0.00152562
2.7444	0.00152618
2.7456	0.00152675
2.7468	0.00152732
2.748	0.00152789
2.7492	0.00152845
2.7504	0.00152902
2.7516	0.00152959
2.7528	0.00153015
2.754	0.00153072
2.7552	0.00153128
2.7564	0.00153185
2.7576	0.00153242
2.7588	0.00153298
2.76	0.00153355
2.7612	0.00153411
2.7624	0.00153468
2.7636	0.00153524
2.7648	0.00153581
2.766	0.00153637
2.7672	0.00153694
2.7684	0.0015375
2.7696	0.00153807
2.7708	0.00153863
2.772	0.0015392
2.7732	0.00153976
2.7744	0.00154032
2.7756	0.00154089
2.7768	0.00154145
2.778	0.00154202
2.7792	0.00154258
2.7804	0.00154314
2.7816	0.00154371
2.7828	0.00154427
2.784	0.00154483
2.7852	0.0015454
2.7864	0.00154596
2.7876	0.00154652
2.7888	0.00154708
2.79	0.00154765
2.7912	0.00154821
2.7924	0.00154877
2.7936	0.00154933
2.7948	0.00154989
2.796	0.00155045
2.7972	0.00155102
2.7984	0.00155158
2.7996	0.00155214
2.8008	0.0015527
2.802	0.00155326
2.8032	0.00155382
2.8044	0.00155438
2.8056	0.00155494
2.8068	0.0015555
2.808	0.00155606
2.8092	0.00155662
2.8104	0.00155718
2.8116	0.00155774
2.8128	0.0015583
2.814	0.00155886
2.8152	0.00155942
2.8164	0.00155998
2.8176	0.00156054
2.8188	0.0015611
2.82	0.00156166
2.8212	0.00156222
2.8224	0.00156278
2.8236	0.00156334
2.8248	0.00156389
2.826	0.00156445
2.8272	0.00156501
2.8284	0.00156557
2.8296	0.00156613
2.8308	0.00156668
2.832	0.00156724
2.8332	0.0015678
2.8344	0.00156836
2.8356	0.00156891
2.8368	0.00156947
2.838	0.00157003
2.8392	0.00157058
2.8404	0.00157114
2.8416	0.0015717
2.8428	0.00157225
2.844	0.00157281
2.8452	0.00157337
2.8464	0.00157392
2.8476	0.00157448
2.8488	0.00157503
2.85	0.00157559
2.8512	0.00157615
2.8524	0.0015767
2.8536	0.00157726
2.8548	0.00157781
2.856	0.00157837
2.8572	0.00157892
2.8584	0.00157947
2.8596	0.00158003
2.8608	0.00158058
2.862	0.00158114
2.8632	0.00158169
2.8644	0.00158225
2.8656	0.0015828
2.8668	0.00158335
2.868	0.00158391
2.8692	0.00158446
2.8704	0.00158501
2.8716	0.00158557
2.8728	0.00158612
2.874	0.00158667
2.8752	0.00158723
2.8764	0.00158778
2.8776	0.00158833
2.8788	0.00158888
2.88	0.00158943
2.8812	0.00158999
2.8824	0.00159054
2.8836	0.00159109
2.8848	0.00159164
2.886	0.00159219
2.8872	0.00159274
2.8884	0.0015933
2.8896	0.00159385
2.8908	0.0015944
2.892	0.00159495
2.8932	0.0015955
2.8944	0.00159605
2.8956	0.0015966
2.8968	0.00159715
2.898	0.0015977
2.8992	0.00159825
2.9004	0.0015988
2.9016	0.00159935
2.9028	0.0015999
2.904	0.00160045
2.9052	0.001601
2.9064	0.00160155
2.9076	0.0016021
2.9088	0.00160264
2.91	0.00160319
2.9112	0.00160374
2.9124	0.00160429
2.9136	0.00160484
2.9148	0.00160539
2.916	0.00160593
2.9172	0.00160648
2.9184	0.00160703
2.9196	0.00160758
2.9208	0.00160813
2.922	0.00160867
2.9232	0.00160922
2.9244	0.00160977
2.9256	0.00161031
2.9268	0.00161086
2.928	0.00161141
2.9292	0.00161195
2.9304	0.0016125
2.9316	0.00161305
2.9328	0.00161359
2.934	0.00161414
2.9352	0.00161468
2.9364	0.00161523
2.9376	0.00161577
2.9388	0.00161632
2.94	0.00161686
2.9412	0.00161741
2.9424	0.00161795
2.9436	0.0016185
2.9448	0.00161904
2.946	0.00161959
2.9472	0.00162013
2.9484	0.00162068
2.9496	0.00162122
2.9508	0.00162177
2.952	0.00162231
2.9532	0.00162285
2.9544	0.0016234
2.9556	0.00162394
2.9568	0.00162448
2.958	0.00162503
2.9592	0.00162557
2.9604	0.00162611
2.9616	0.00162665
2.9628	0.0016272
2.964	0.00162774
2.9652	0.00162828
2.9664	0.00162882
2.9676	0.00162937
2.9688	0.00162991
2.97	0.00163045
2.9712	0.00163099
2.9724	0.00163153
2.9736	0.00163207
2.9748	0.00163261
2.976	0.00163316
2.9772	0.0016337
2.9784	0.00163424
2.9796	0.00163478
2.9808	0.00163532
2.982	0.00163586
2.9832	0.0016364
2.9844	0.00163694
2.9856	0.00163748
2.9868	0.00163802
2.988	0.00163856
2.9892	0.0016391
2.9904	0.00163964
2.9916	0.00164017
2.9928	0.00164071
2.994	0.00164125
2.9952	0.00164179
2.9964	0.00164233
2.9976	0.00164287
2.9988	0.00164341
3	0.00164394
3.0012	0.00164448
3.0024	0.00164502
3.0036	0.00164556
3.0048	0.00164609
3.006	0.00164663
3.0072	0.00164717
3.0084	0.00164771
3.0096	0.00164824
3.0108	0.00164878
3.012	0.00164932
3.0132	0.00164985
3.0144	0.00165039
3.0156	0.00165093
3.0168	0.00165146
3.018	0.001652
3.0192	0.00165253
3.0204	0.00165307
3.0216	0.00165361
3.0228	0.00165414
3.024	0.00165468
3.0252	0.00165521
3.0264	0.00165575
3.0276	0.00165628
3.0288	0.00165681
3.03	0.00165735
3.0312	0.00165788
3.0324	0.00165842
3.0336	0.00165895
3.0348	0.00165949
3.036	0.00166002
3.0372	0.00166055
3.0384	0.00166109
3.0396	0.00166162
3.0408	0.00166215
3.042	0.00166269
3.0432	0.00166322
3.0444	0.00166375
3.0456	0.00166428
3.0468	0.00166482
3.048	0.00166535
3.0492	0.00166588
3.0504	0.00166641
3.0516	0.00166695
3.0528	0.00166748
3.054	0.00166801
3.0552	0.00166854
3.0564	0.00166907
3.0576	0.0016696
3.0588	0.00167013
3.06	0.00167066
3.0612	0.0016712
3.0624	0.00167173
3.0636	0.00167226
3.0648	0.00167279
3.066	0.00167332
3.0672	0.00167385
3.0684	0.00167438
3.0696	0.00167491
3.0708	0.00167544
3.072	0.00167596
3.0732	0.00167649
3.0744	0.00167702
3.0756	0.00167755
3.0768	0.00167808
3.078	0.00167861
3.0792	0.00167914
3.0804	0.00167967
3.0816	0.00168019
3.0828	0.00168072
3.084	0.00168125
3.0852	0.00168178
3.0864	0.00168231
3.0876	0.00168283
3.0888	0.00168336
3.09	0.00168389
3.0912	0.00168441
3.0924	0.00168494
3.0936	0.00168547
3.0948	0.001686
3.096	0.00168652
3.0972	0.00168705
3.0984	0.00168757
3.0996	0.0016881
3.1008	0.00168863
3.102	0.00168915
3.1032	0.00168968
3.1044	0.0016902
3.1056	0.00169073
3.1068	0.00169125
3.108	0.00169178
3.1092	0.0016923
3.1104	0.00169283
3.1116	0.00169335
3.1128	0.00169388
3.114	0.0016944
3.1152	0.00169492
3.1164	0.00169545
3.1176	0.00169597
3.1188	0.0016965
3.12	0.00169702
3.1212	0.00169754
3.1224	0.00169807
3.1236	0.00169859
3.1248	0.00169911
3.126	0.00169963
3.1272	0.00170016
3.1284	0.00170068
3.1296	0.0017012
3.1308	0.00170172
3.132	0.00170225
3.1332	0.00170277
3.1344	0.00170329
3.1356	0.00170381
3.1368	0.00170433
3.138	0.00170485
3.1392	0.00170537
3.1404	0.00170589
3.1416	0.00170642
3.1428	0.00170694
3.144	0.00170746
3.1452	0.00170798
3.1464	0.0017085
3.1476	0.00170902
3.1488	0.00170954
3.15	0.00171006
3.1512	0.00171058
3.1524	0.0017111
3.1536	0.00171161
3.1548	0.00171213
3.156	0.00171265
3.1572	0.00171317
3.1584	0.00171369
3.1596	0.00171421
3.1608	0.00171473
3.162	0.00171525
3.1632	0.00171576
3.1644	0.00171628
3.1656	0.0017168
3.1668	0.00171732
3.168	0.00171783
3.1692	0.00171835
3.1704	0.00171887
3.1716	0.00171939
3.1728	0.0017199
3.174	0.00172042
3.1752	0.00172094
3.1764	0.00172145
3.1776	0.00172197
3.1788	0.00172248
3.18	0.001723
3.1812	0.00172352
3.1824	0.00172403
3.1836	0.00172455
3.1848	0.00172506
3.186	0.00172558
3.1872	0.00172609
3.1884	0.00172661
3.1896	0.00172712
3.1908	0.00172764
3.192	0.00172815
3.1932	0.00172867
3.1944	0.00172918
3.1956	0.00172969
3.1968	0.00173021
3.198	0.00173072
3.1992	0.00173123
3.2004	0.00173175
3.2016	0.00173226
3.2028	0.00173277
3.204	0.00173329
3.2052	0.0017338
3.2064	0.00173431
3.2076	0.00173482
3.2088	0.00173534
3.21	0.00173585
3.2112	0.00173636
3.2124	0.00173687
3.2136	0.00173738
3.2148	0.0017379
3.216	0.00173841
3.2172	0.00173892
3.2184	0.00173943
3.2196	0.00173994
3.2208	0.00174045
3.222	0.00174096
3.2232	0.00174147
3.2244	0.00174198
3.2256	0.00174249
3.2268	0.001743
3.228	0.00174351
3.2292	0.00174402
3.2304	0.00174453
3.2316	0.00174504
3.2328	0.00174555
3.234	0.00174606
3.2352	0.00174657
3.2364	0.00174708
3.2376	0.00174759
3.2388	0.00174809
3.24	0.0017486
3.2412	0.00174911
3.2424	0.00174962
3.2436	0.00175013
3.2448	0.00175063
3.246	0.00175114
3.2472	0.00175165
3.2484	0.00175216
3.2496	0.00175266
3.2508	0.00175317
3.252	0.00175368
3.2532	0.00175418
3.2544	0.00175469
3.2556	0.00175519
3.2568	0.0017557
3.258	0.00175621
3.2592	0.00175671
3.2604	0.00175722
3.2616	0.00175772
3.2628	0.00175823
3.264	0.00175873
3.2652	0.00175924
3.2664	0.00175974
3.2676	0.00176025
3.2688	0.00176075
3.27	0.00176126
3.2712	0.00176176
3.2724	0.00176227
3.2736	0.00176277
3.2748	0.00176327
3.276	0.00176378
3.2772	0.00176428
3.2784	0.00176478
3.2796	0.00176529
3.2808	0.00176579
3.282	0.00176629
3.2832	0.0017668
3.2844	0.0017673
3.2856	0.0017678
3.2868	0.0017683
3.288	0.0017688
3.2892	0.00176931
3.2904	0.00176981
3.2916	0.00177031
3.2928	0.00177081
3.294	0.00177131
3.2952	0.00177181
3.2964	0.00177231
3.2976	0.00177281
3.2988	0.00177332
3.3	0.00177382
3.3012	0.00177432
3.3024	0.00177482
3.3036	0.00177532
3.3048	0.00177582
3.306	0.00177632
3.3072	0.00177681
3.3084	0.00177731
3.3096	0.00177781
3.3108	0.00177831
3.312	0.00177881
3.3132	0.00177931
3.3144	0.00177981
3.3156	0.00178031
3.3168	0.00178081
3.318	0.0017813
3.3192	0.0017818
3.3204	0.0017823
3.3216	0.0017828
3.3228	0.00178329
3.324	0.00178379
3.3252	0.00178429
3.3264	0.00178479
3.3276	0.00178528
3.3288	0.00178578
3.33	0.00178628
3.3312	0.00178677
3.3324	0.00178727
3.3336	0.00178776
3.3348	0.00178826
3.336	0.00178876
3.3372	0.00178925
3.3384	0.00178975
3.3396	0.00179024
3.3408	0.00179074
3.342	0.00179123
3.3432	0.00179173
3.3444	0.00179222
3.3456	0.00179271
3.3468	0.00179321
3.348	0.0017937
3.3492	0.0017942
3.3504	0.00179469
3.3516	0.00179518
3.3528	0.00179568
3.354	0.00179617
3.3552	0.00179666
3.3564	0.00179716
3.3576	0.00179765
3.3588	0.00179814
3.36	0.00179863
3.3612	0.00179913
3.3624	0.00179962
3.3636	0.00180011
3.3648	0.0018006
3.366	0.00180109
3.3672	0.00180159
3.3684	0.00180208
3.3696	0.00180257
3.3708	0.00180306
3.372	0.00180355
3.3732	0.00180404
3.3744	0.00180453
3.3756	0.00180502
3.3768	0.00180551
3.378	0.001806
3.3792	0.00180649
3.3804	0.00180698
3.3816	0.00180747
3.3828	0.00180796
3.384	0.00180845
3.3852	0.00180894
3.3864	0.00180943
3.3876	0.00180992
3.3888	0.00181041
3.39	0.00181089
3.3912	0.00181138
3.3924	0.00181187
3.3936	0.00181236
3.3948	0.00181285
3.396	0.00181333
3.3972	0.00181382
3.3984	0.00181431
3.3996	0.0018148
3.4008	0.00181528
3.402	0.00181577
3.4032	0.00181626
3.4044	0.00181674
3.4056	0.00181723
3.4068	0.00181772
3.408	0.0018182
3.4092	0.00181869
3.4104	0.00181917
3.4116	0.00181966
3.4128	0.00182014
3.414	0.00182063
3.4152	0.00182111
3.4164	0.0018216
3.4176	0.00182208
3.4188	0.00182257
3.42	0.00182305
3.4212	0.00182354
3.4224	0.00182402
3.4236	0.0018245
3.4248	0.00182499
3.426	0.00182547
3.4272	0.00182596
3.4284	0.00182644
3.4296	0.00182692
3.4308	0.0018274
3.432	0.00182789
3.4332	0.00182837
3.4344	0.00182885
3.4356	0.00182933
3.4368	0.00182982
3.438	0.0018303
3.4392	0.00183078
3.4404	0.00183126
3.4416	0.00183174
3.4428	0.00183222
3.444	0.00183271
3.4452	0.00183319
3.4464	0.00183367
3.4476	0.00183415
3.4488	0.00183463
3.45	0.00183511
3.4512	0.00183559
3.4524	0.00183607
3.4536	0.00183655
3.4548	0.00183703
3.456	0.00183751
3.4572	0.00183799
3.4584	0.00183847
3.4596	0.00183894
3.4608	0.00183942
3.462	0.0018399
3.4632	0.00184038
3.4644	0.00184086
3.4656	0.00184134
3.4668	0.00184181
3.468	0.00184229
3.4692	0.00184277
3.4704	0.00184325
3.4716	0.00184373
3.4728	0.0018442
3.474	0.00184468
3.4752	0.00184516
3.4764	0.00184563
3.4776	0.00184611
3.4788	0.00184659
3.48	0.00184706
3.4812	0.00184754
3.4824	0.00184801
3.4836	0.00184849
3.4848	0.00184896
3.486	0.00184944
3.4872	0.00184991
3.4884	0.00185039
3.4896	0.00185086
3.4908	0.00185134
3.492	0.00185181
3.4932	0.00185229
3.4944	0.00185276
3.4956	0.00185324
3.4968	0.00185371
3.498	0.00185418
3.4992	0.00185466
3.5004	0.00185513
3.5016	0.0018556
3.5028	0.00185608
3.504	0.00185655
3.5052	0.00185702
3.5064	0.00185749
3.5076	0.00185797
3.5088	0.00185844
3.51	0.00185891
3.5112	0.00185938
3.5124	0.00185985
3.5136	0.00186032
3.5148	0.0018608
3.516	0.00186127
3.5172	0.00186174
3.5184	0.00186221
3.5196	0.00186268
3.5208	0.00186315
3.522	0.00186362
3.5232	0.00186409
3.5244	0.00186456
3.5256	0.00186503
3.5268	0.0018655
3.528	0.00186597
3.5292	0.00186644
3.5304	0.00186691
3.5316	0.00186738
3.5328	0.00186785
3.534	0.00186831
3.5352	0.00186878
3.5364	0.00186925
3.5376	0.00186972
3.5388	0.00187019
3.54	0.00187065
3.5412	0.00187112
3.5424	0.00187159
3.5436	0.00187206
3.5448	0.00187252
3.546	0.00187299
3.5472	0.00187346
3.5484	0.00187392
3.5496	0.00187439
3.5508	0.00187486
3.552	0.00187532
3.5532	0.00187579
3.5544	0.00187625
3.5556	0.00187672
3.5568	0.00187718
3.558	0.00187765
3.5592	0.00187811
3.5604	0.00187858
3.5616	0.00187904
3.5628	0.00187951
3.564	0.00187997
3.5652	0.00188044
3.5664	0.0018809
3.5676	0.00188137
3.5688	0.00188183
3.57	0.00188229
3.5712	0.00188276
3.5724	0.00188322
3.5736	0.00188368
3.5748	0.00188414
3.576	0.00188461
3.5772	0.00188507
3.5784	0.00188553
3.5796	0.00188599
3.5808	0.00188646
3.582	0.00188692
3.5832	0.00188738
3.5844	0.00188784
3.5856	0.0018883
3.5868	0.00188876
3.588	0.00188922
3.5892	0.00188968
3.5904	0.00189015
3.5916	0.00189061
3.5928	0.00189107
3.594	0.00189153
3.5952	0.00189199
3.5964	0.00189245
3.5976	0.0018929
3.5988	0.00189336
3.6	0.00189382
3.6012	0.00189428
3.6024	0.00189474
3.6036	0.0018952
3.6048	0.00189566
3.606	0.00189612
3.6072	0.00189658
3.6084	0.00189703
3.6096	0.00189749
3.6108	0.00189795
3.612	0.00189841
3.6132	0.00189886
3.6144	0.00189932
3.6156	0.00189978
3.6168	0.00190023
3.618	0.00190069
3.6192	0.00190115
3.6204	0.0019016
3.6216	0.00190206
3.6228	0.00190252
3.624	0.00190297
3.6252	0.00190343
3.6264	0.00190388
3.6276	0.00190434
3.6288	0.00190479
3.63	0.00190525
3.6312	0.0019057
3.6324	0.00190616
3.6336	0.00190661
3.6348	0.00190707
3.636	0.00190752
3.6372	0.00190797
3.6384	0.00190843
3.6396	0.00190888
3.6408	0.00190933
3.642	0.00190979
3.6432	0.00191024
3.6444	0.00191069
3.6456	0.00191114
3.6468	0.0019116
3.648	0.00191205
3.6492	0.0019125
3.6504	0.00191295
3.6516	0.00191341
3.6528	0.00191386
3.654	0.00191431
3.6552	0.00191476
3.6564	0.00191521
3.6576	0.00191566
3.6588	0.00191611
3.66	0.00191656
3.6612	0.00191701
3.6624	0.00191746
3.6636	0.00191791
3.6648	0.00191836
3.666	0.00191881
3.6672	0.00191926
3.6684	0.00191971
3.6696	0.00192016
3.6708	0.00192061
3.672	0.00192106
3.6732	0.00192151
3.6744	0.00192196
3.6756	0.0019224
3.6768	0.00192285
3.678	0.0019233
3.6792	0.00192375
3.6804	0.00192419
3.6816	0.00192464
3.6828	0.00192509
3.684	0.00192554
3.6852	0.00192598
3.6864	0.00192643
3.6876	0.00192688
3.6888	0.00192732
3.69	0.00192777
3.6912	0.00192821
3.6924	0.00192866
3.6936	0.00192911
3.6948	0.00192955
3.696	0.00193
3.6972	0.00193044
3.6984	0.00193089
3.6996	0.00193133
3.7008	0.00193178
3.702	0.00193222
3.7032	0.00193266
3.7044	0.00193311
3.7056	0.00193355
3.7068	0.001934
3.708	0.00193444
3.7092	0.00193488
3.7104	0.00193533
3.7116	0.00193577
3.7128	0.00193621
3.714	0.00193665
3.7152	0.0019371
3.7164	0.00193754
3.7176	0.00193798
3.7188	0.00193842
3.72	0.00193886
3.7212	0.00193931
3.7224	0.00193975
3.7236	0.00194019
3.7248	0.00194063
3.726	0.00194107
3.7272	0.00194151
3.7284	0.00194195
3.7296	0.00194239
3.7308	0.00194283
3.732	0.00194327
3.7332	0.00194371
3.7344	0.00194415
3.7356	0.00194459
3.7368	0.00194503
3.738	0.00194547
3.7392	0.00194591
3.7404	0.00194635
3.7416	0.00194678
3.7428	0.00194722
3.744	0.00194766
3.7452	0.0019481
3.7464	0.00194854
3.7476	0.00194897
3.7488	0.00194941
3.75	0.00194985
3.7512	0.00195029
3.7524	0.00195072
3.7536	0.00195116
3.7548	0.0019516
3.756	0.00195203
3.7572	0.00195247
3.7584	0.0019529
3.7596	0.00195334
3.7608	0.00195378
3.762	0.00195421
3.7632	0.00195465
3.7644	0.00195508
3.7656	0.00195552
3.7668	0.00195595
3.768	0.00195639
3.7692	0.00195682
3.7704	0.00195725
3.7716	0.00195769
3.7728	0.00195812
3.774	0.00195856
3.7752	0.00195899
3.7764	0.00195942
3.7776	0.00195986
3.7788	0.00196029
3.78	0.00196072
3.7812	0.00196115
3.7824	0.00196159
3.7836	0.00196202
3.7848	0.00196245
3.786	0.00196288
3.7872	0.00196331
3.7884	0.00196374
3.7896	0.00196418
3.7908	0.00196461
3.792	0.00196504
3.7932	0.00196547
3.7944	0.0019659
3.7956	0.00196633
3.7968	0.00196676
3.798	0.00196719
3.7992	0.00196762
3.8004	0.00196805
3.8016	0.00196848
3.8028	0.00196891
3.804	0.00196934
3.8052	0.00196977
3.8064	0.00197019
3.8076	0.00197062
3.8088	0.00197105
3.81	0.00197148
3.8112	0.00197191
3.8124	0.00197234
3.8136	0.00197276
3.8148	0.00197319
3.816	0.00197362
3.8172	0.00197405
3.8184	0.00197447
3.8196	0.0019749
3.8208	0.00197533
3.822	0.00197575
3.8232	0.00197618
3.8244	0.0019766
3.8256	0.00197703
3.8268	0.00197746
3.828	0.00197788
3.8292	0.00197831
3.8304	0.00197873
3.8316	0.00197916
3.8328	0.00197958
3.834	0.00198001
3.8352	0.00198043
3.8364	0.00198085
3.8376	0.00198128
3.8388	0.0019817
3.84	0.00198213
3.8412	0.00198255
3.8424	0.00198297
3.8436	0.0019834
3.8448	0.00198382
3.846	0.00198424
3.8472	0.00198466
3.8484	0.00198509
3.8496	0.00198551
3.8508	0.00198593
3.852	0.00198635
3.8532	0.00198677
3.8544	0.00198719
3.8556	0.00198762
3.8568	0.00198804
3.858	0.00198846
3.8592	0.00198888
3.8604	0.0019893
3.8616	0.00198972
3.8628	0.00199014
3.864	0.00199056
3.8652	0.00199098
3.8664	0.0019914
3.8676	0.00199182
3.8688	0.00199224
3.87	0.00199266
3.8712	0.00199307
3.8724	0.00199349
3.8736	0.00199391
3.8748	0.00199433
3.876	0.00199475
3.8772	0.00199517
3.8784	0.00199558
3.8796	0.001996
3.8808	0.00199642
3.882	0.00199684
3.8832	0.00199725
3.8844	0.00199767
3.8856	0.00199809
3.8868	0.0019985
3.888	0.00199892
3.8892	0.00199934
3.8904	0.00199975
3.8916	0.00200017
3.8928	0.00200058
3.894	0.002001
3.8952	0.00200141
3.8964	0.00200183
3.8976	0.00200224
3.8988	0.00200266
3.9	0.00200307
3.9012	0.00200349
3.9024	0.0020039
3.9036	0.00200431
3.9048	0.00200473
3.906	0.00200514
3.9072	0.00200555
3.9084	0.00200597
3.9096	0.00200638
3.9108	0.00200679
3.912	0.0020072
3.9132	0.00200762
3.9144	0.00200803
3.9156	0.00200844
3.9168	0.00200885
3.918	0.00200926
3.9192	0.00200968
3.9204	0.00201009
3.9216	0.0020105
3.9228	0.00201091
3.924	0.00201132
3.9252	0.00201173
3.9264	0.00201214
3.9276	0.00201255
3.9288	0.00201296
3.93	0.00201337
3.9312	0.00201378
3.9324	0.00201419
3.9336	0.0020146
3.9348	0.00201501
3.936	0.00201542
3.9372	0.00201582
3.9384	0.00201623
3.9396	0.00201664
3.9408	0.00201705
3.942	0.00201746
3.9432	0.00201786
3.9444	0.00201827
3.9456	0.00201868
3.9468	0.00201909
3.948	0.00201949
3.9492	0.0020199
3.9504	0.00202031
3.9516	0.00202071
3.9528	0.00202112
3.954	0.00202152
3.9552	0.00202193
3.9564	0.00202233
3.9576	0.00202274
3.9588	0.00202315
3.96	0.00202355
3.9612	0.00202396
3.9624	0.00202436
3.9636	0.00202476
3.9648	0.00202517
3.966	0.00202557
3.9672	0.00202598
3.9684	0.00202638
3.9696	0.00202678
3.9708	0.00202719
3.972	0.00202759
3.9732	0.00202799
3.9744	0.0020284
3.9756	0.0020288
3.9768	0.0020292
3.978	0.0020296
3.9792	0.00203
3.9804	0.00203041
3.9816	0.00203081
3.9828	0.00203121
3.984	0.00203161
3.9852	0.00203201
3.9864	0.00203241
3.9876	0.00203281
3.9888	0.00203321
3.99	0.00203361
3.9912	0.00203401
3.9924	0.00203441
3.9936	0.00203481
3.9948	0.00203521
3.996	0.00203561
3.9972	0.00203601
3.9984	0.00203641
3.9996	0.00203681
4.0008	0.00203721
4.002	0.0020376
4.0032	0.002038
4.0044	0.0020384
4.0056	0.0020388
4.0068	0.0020392
4.008	0.00203959
4.0092	0.00203999
4.0104	0.00204039
4.0116	0.00204078
4.0128	0.00204118
4.014	0.00204158
4.0152	0.00204197
4.0164	0.00204237
4.0176	0.00204277
4.0188	0.00204316
4.02	0.00204356
4.0212	0.00204395
4.0224	0.00204435
4.0236	0.00204474
4.0248	0.00204514
4.026	0.00204553
4.0272	0.00204592
4.0284	0.00204632
4.0296	0.00204671
4.0308	0.00204711
4.032	0.0020475
4.0332	0.00204789
4.0344	0.00204829
4.0356	0.00204868
4.0368	0.00204907
4.038	0.00204946
4.0392	0.00204986
4.0404	0.00205025
4.0416	0.00205064
4.0428	0.00205103
4.044	0.00205142
4.0452	0.00205182
4.0464	0.00205221
4.0476	0.0020526
4.0488	0.00205299
4.05	0.00205338
4.0512	0.00205377
4.0524	0.00205416
4.0536	0.00205455
4.0548	0.00205494
4.056	0.00205533
4.0572	0.00205572
4.0584	0.00205611
4.0596	0.0020565
4.0608	0.00205689
4.062	0.00205727
4.0632	0.00205766
4.0644	0.00205805
4.0656	0.00205844
4.0668	0.00205883
4.068	0.00205922
4.0692	0.0020596
4.0704	0.00205999
4.0716	0.00206038
4.0728	0.00206076
4.074	0.00206115
4.0752	0.00206154
4.0764	0.00206192
4.0776	0.00206231
4.0788	0.0020627
4.08	0.00206308
4.0812	0.00206347
4.0824	0.00206385
4.0836	0.00206424
4.0848	0.00206462
4.086	0.00206501
4.0872	0.00206539
4.0884	0.00206578
4.0896	0.00206616
4.0908	0.00206654
4.092	0.00206693
4.0932	0.00206731
4.0944	0.0020677
4.0956	0.00206808
4.0968	0.00206846
4.098	0.00206884
4.0992	0.00206923
4.1004	0.00206961
4.1016	0.00206999
4.1028	0.00207037
4.104	0.00207076
4.1052	0.00207114
4.1064	0.00207152
4.1076	0.0020719
4.1088	0.00207228
4.11	0.00207266
4.1112	0.00207304
4.1124	0.00207342
4.1136	0.0020738
4.1148	0.00207418
4.116	0.00207456
4.1172	0.00207494
4.1184	0.00207532
4.1196	0.0020757
4.1208	0.00207608
4.122	0.00207646
4.1232	0.00207684
4.1244	0.00207722
4.1256	0.00207759
4.1268	0.00207797
4.128	0.00207835
4.1292	0.00207873
4.1304	0.00207911
4.1316	0.00207948
4.1328	0.00207986
4.134	0.00208024
4.1352	0.00208061
4.1364	0.00208099
4.1376	0.00208137
4.1388	0.00208174
4.14	0.00208212
4.1412	0.00208249
4.1424	0.00208287
4.1436	0.00208325
4.1448	0.00208362
4.146	0.002084
4.1472	0.00208437
4.1484	0.00208474
4.1496	0.00208512
4.1508	0.00208549
4.152	0.00208587
4.1532	0.00208624
4.1544	0.00208661
4.1556	0.00208699
4.1568	0.00208736
4.158	0.00208773
4.1592	0.00208811
4.1604	0.00208848
4.1616	0.00208885
4.1628	0.00208922
4.164	0.0020896
4.1652	0.00208997
4.1664	0.00209034
4.1676	0.00209071
4.1688	0.00209108
4.17	0.00209145
4.1712	0.00209182
4.1724	0.00209219
4.1736	0.00209256
4.1748	0.00209293
4.176	0.0020933
4.1772	0.00209367
4.1784	0.00209404
4.1796	0.00209441
4.1808	0.00209478
4.182	0.00209515
4.1832	0.00209552
4.1844	0.00209589
4.1856	0.00209626
4.1868	0.00209663
4.188	0.00209699
4.1892	0.00209736
4.1904	0.00209773
4.1916	0.0020981
4.1928	0.00209846
4.194	0.00209883
4.1952	0.0020992
4.1964	0.00209956
4.1976	0.00209993
4.1988	0.0021003
4.2	0.00210066
4.2012	0.00210103
4.2024	0.00210139
4.2036	0.00210176
4.2048	0.00210212
4.206	0.00210249
4.2072	0.00210285
4.2084	0.00210322
4.2096	0.00210358
4.2108	0.00210395
4.212	0.00210431
4.2132	0.00210467
4.2144	0.00210504
4.2156	0.0021054
4.2168	0.00210576
4.218	0.00210613
4.2192	0.00210649
4.2204	0.00210685
4.2216	0.00210721
4.2228	0.00210758
4.224	0.00210794
4.2252	0.0021083
4.2264	0.00210866
4.2276	0.00210902
4.2288	0.00210938
4.23	0.00210974
4.2312	0.00211011
4.2324	0.00211047
4.2336	0.00211083
4.2348	0.00211119
4.236	0.00211155
4.2372	0.00211191
4.2384	0.00211227
4.2396	0.00211262
4.2408	0.00211298
4.242	0.00211334
4.2432	0.0021137
4.2444	0.00211406
4.2456	0.00211442
4.2468	0.00211478
4.248	0.00211513
4.2492	0.00211549
4.2504	0.00211585
4.2516	0.00211621
4.2528	0.00211656
4.254	0.00211692
4.2552	0.00211728
4.2564	0.00211763
4.2576	0.00211799
4.2588	0.00211835
4.26	0.0021187
4.2612	0.00211906
4.2624	0.00211941
4.2636	0.00211977
4.2648	0.00212012
4.266	0.00212048
4.2672	0.00212083
4.2684	0.00212119
4.2696	0.00212154
4.2708	0.0021219
4.272	0.00212225
4.2732	0.0021226
4.2744	0.00212296
4.2756	0.00212331
4.2768	0.00212366
4.278	0.00212402
4.2792	0.00212437
4.2804	0.00212472
4.2816	0.00212507
4.2828	0.00212542
4.284	0.00212578
4.2852	0.00212613
4.2864	0.00212648
4.2876	0.00212683
4.2888	0.00212718
4.29	0.00212753
4.2912	0.00212788
4.2924	0.00212823
4.2936	0.00212858
4.2948	0.00212893
4.296	0.00212928
4.2972	0.00212963
4.2984	0.00212998
4.2996	0.00213033
4.3008	0.00213068
4.302	0.00213103
4.3032	0.00213138
4.3044	0.00213172
4.3056	0.00213207
4.3068	0.00213242
4.308	0.00213277
4.3092	0.00213312
4.3104	0.00213346
4.3116	0.00213381
4.3128	0.00213416
4.314	0.0021345
4.3152	0.00213485
4.3164	0.0021352
4.3176	0.00213554
4.3188	0.00213589
4.32	0.00213623
4.3212	0.00213658
4.3224	0.00213692
4.3236	0.00213727
4.3248	0.00213761
4.326	0.00213796
4.3272	0.0021383
4.3284	0.00213865
4.3296	0.00213899
4.3308	0.00213933
4.332	0.00213968
4.3332	0.00214002
4.3344	0.00214036
4.3356	0.00214071
4.3368	0.00214105
4.338	0.00214139
4.3392	0.00214173
4.3404	0.00214208
4.3416	0.00214242
4.3428	0.00214276
4.344	0.0021431
4.3452	0.00214344
4.3464	0.00214378
4.3476	0.00214412
4.3488	0.00214446
4.35	0.00214481
4.3512	0.00214515
4.3524	0.00214549
4.3536	0.00214583
4.3548	0.00214616
4.356	0.0021465
4.3572	0.00214684
4.3584	0.00214718
4.3596	0.00214752
4.3608	0.00214786
4.362	0.0021482
4.3632	0.00214854
4.3644	0.00214887
4.3656	0.00214921
4.3668	0.00214955
4.368	0.00214989
4.3692	0.00215022
4.3704	0.00215056
4.3716	0.0021509
4.3728	0.00215123
4.374	0.00215157
4.3752	0.00215191
4.3764	0.00215224
4.3776	0.00215258
4.3788	0.00215291
4.38	0.00215325
4.3812	0.00215358
4.3824	0.00215392
4.3836	0.00215425
4.3848	0.00215459
4.386	0.00215492
4.3872	0.00215525
4.3884	0.00215559
4.3896	0.00215592
4.3908	0.00215625
4.392	0.00215659
4.3932	0.00215692
4.3944	0.00215725
4.3956	0.00215759
4.3968	0.00215792
4.398	0.00215825
4.3992	0.00215858
4.4004	0.00215891
4.4016	0.00215924
4.4028	0.00215958
4.404	0.00215991
4.4052	0.00216024
4.4064	0.00216057
4.4076	0.0021609
4.4088	0.00216123
4.41	0.00216156
4.4112	0.00216189
4.4124	0.00216222
4.4136	0.00216255
4.4148	0.00216288
4.416	0.00216321
4.4172	0.00216353
4.4184	0.00216386
4.4196	0.00216419
4.4208	0.00216452
4.422	0.00216485
4.4232	0.00216517
4.4244	0.0021655
4.4256	0.00216583
4.4268	0.00216616
4.428	0.00216648
4.4292	0.00216681
4.4304	0.00216714
4.4316	0.00216746
4.4328	0.00216779
4.434	0.00216811
4.4352	0.00216844
4.4364	0.00216876
4.4376	0.00216909
4.4388	0.00216941
4.44	0.00216974
4.4412	0.00217006
4.4424	0.00217039
4.4436	0.00217071
4.4448	0.00217103
4.446	0.00217136
4.4472	0.00217168
4.4484	0.002172
4.4496	0.00217233
4.4508	0.00217265
4.452	0.00217297
4.4532	0.0021733
4.4544	0.00217362
4.4556	0.00217394
4.4568	0.00217426
4.458	0.00217458
4.4592	0.0021749
4.4604	0.00217522
4.4616	0.00217555
4.4628	0.00217587
4.464	0.00217619
4.4652	0.00217651
4.4664	0.00217683
4.4676	0.00217715
4.4688	0.00217747
4.47	0.00217779
4.4712	0.0021781
4.4724	0.00217842
4.4736	0.00217874
4.4748	0.00217906
4.476	0.00217938
4.4772	0.0021797
4.4784	0.00218001
4.4796	0.00218033
4.4808	0.00218065
4.482	0.00218097
4.4832	0.00218128
4.4844	0.0021816
4.4856	0.00218192
4.4868	0.00218223
4.488	0.00218255
4.4892	0.00218286
4.4904	0.00218318
4.4916	0.0021835
4.4928	0.00218381
4.494	0.00218413
4.4952	0.00218444
4.4964	0.00218476
4.4976	0.00218507
4.4988	0.00218538
4.5	0.0021857
4.5012	0.00218601
4.5024	0.00218633
4.5036	0.00218664
4.5048	0.00218695
4.506	0.00218726
4.5072	0.00218758
4.5084	0.00218789
4.5096	0.0021882
4.5108	0.00218851
4.512	0.00218883
4.5132	0.00218914
4.5144	0.00218945
4.5156	0.00218976
4.5168	0.00219007
4.518	0.00219038
4.5192	0.00219069
4.5204	0.002191
4.5216	0.00219131
4.5228	0.00219162
4.524	0.00219193
4.5252	0.00219224
4.5264	0.00219255
4.5276	0.00219286
4.5288	0.00219317
4.53	0.00219348
4.5312	0.00219379
4.5324	0.00219409
4.5336	0.0021944
4.5348	0.00219471
4.536	0.00219502
4.5372	0.00219532
4.5384	0.00219563
4.5396	0.00219594
4.5408	0.00219624
4.542	0.00219655
4.5432	0.00219686
4.5444	0.00219716
4.5456	0.00219747
4.5468	0.00219777
4.548	0.00219808
4.5492	0.00219838
4.5504	0.00219869
4.5516	0.00219899
4.5528	0.0021993
4.554	0.0021996
4.5552	0.00219991
4.5564	0.00220021
4.5576	0.00220051
4.5588	0.00220082
4.56	0.00220112
4.5612	0.00220142
4.5624	0.00220173
4.5636	0.00220203
4.5648	0.00220233
4.566	0.00220263
4.5672	0.00220293
4.5684	0.00220324
4.5696	0.00220354
4.5708	0.00220384
4.572	0.00220414
4.5732	0.00220444
4.5744	0.00220474
4.5756	0.00220504
4.5768	0.00220534
4.578	0.00220564
4.5792	0.00220594
4.5804	0.00220624
4.5816	0.00220654
4.5828	0.00220684
4.584	0.00220714
4.5852	0.00220744
4.5864	0.00220773
4.5876	0.00220803
4.5888	0.00220833
4.59	0.00220863
4.5912	0.00220892
4.5924	0.00220922
4.5936	0.00220952
4.5948	0.00220982
4.596	0.00221011
4.5972	0.00221041
4.5984	0.0022107
4.5996	0.002211
4.6008	0.0022113
4.602	0.00221159
4.6032	0.00221189
4.6044	0.00221218
4.6056	0.00221248
4.6068	0.00221277
4.608	0.00221307
4.6092	0.00221336
4.6104	0.00221365
4.6116	0.00221395
4.6128	0.00221424
4.614	0.00221453
4.6152	0.00221483
4.6164	0.00221512
4.6176	0.00221541
4.6188	0.0022157
4.62	0.002216
4.6212	0.00221629
4.6224	0.00221658
4.6236	0.00221687
4.6248	0.00221716
4.626	0.00221745
4.6272	0.00221775
4.6284	0.00221804
4.6296	0.00221833
4.6308	0.00221862
4.632	0.00221891
4.6332	0.0022192
4.6344	0.00221949
4.6356	0.00221977
4.6368	0.00222006
4.638	0.00222035
4.6392	0.00222064
4.6404	0.00222093
4.6416	0.00222122
4.6428	0.00222151
4.644	0.00222179
4.6452	0.00222208
4.6464	0.00222237
4.6476	0.00222266
4.6488	0.00222294
4.65	0.00222323
4.6512	0.00222352
4.6524	0.0022238
4.6536	0.00222409
4.6548	0.00222437
4.656	0.00222466
4.6572	0.00222494
4.6584	0.00222523
4.6596	0.00222551
4.6608	0.0022258
4.662	0.00222608
4.6632	0.00222637
4.6644	0.00222665
4.6656	0.00222693
4.6668	0.00222722
4.668	0.0022275
4.6692	0.00222778
4.6704	0.00222807
4.6716	0.00222835
4.6728	0.00222863
4.674	0.00222891
4.6752	0.0022292
4.6764	0.00222948
4.6776	0.00222976
4.6788	0.00223004
4.68	0.00223032
4.6812	0.0022306
4.6824	0.00223088
4.6836	0.00223116
4.6848	0.00223144
4.686	0.00223172
4.6872	0.002232
4.6884	0.00223228
4.6896	0.00223256
4.6908	0.00223284
4.692	0.00223312
4.6932	0.0022334
4.6944	0.00223368
4.6956	0.00223395
4.6968	0.00223423
4.698	0.00223451
4.6992	0.00223479
4.7004	0.00223506
4.7016	0.00223534
4.7028	0.00223562
4.704	0.0022359
4.7052	0.00223617
4.7064	0.00223645
4.7076	0.00223672
4.7088	0.002237
4.71	0.00223727
4.7112	0.00223755
4.7124	0.00223782
4.7136	0.0022381
4.7148	0.00223837
4.716	0.00223865
4.7172	0.00223892
4.7184	0.0022392
4.7196	0.00223947
4.7208	0.00223974
4.722	0.00224002
4.7232	0.00224029
4.7244	0.00224056
4.7256	0.00224083
4.7268	0.00224111
4.728	0.00224138
4.7292	0.00224165
4.7304	0.00224192
4.7316	0.00224219
4.7328	0.00224246
4.734	0.00224274
4.7352	0.00224301
4.7364	0.00224328
4.7376	0.00224355
4.7388	0.00224382
4.74	0.00224409
4.7412	0.00224436
4.7424	0.00224463
4.7436	0.00224489
4.7448	0.00224516
4.746	0.00224543
4.7472	0.0022457
4.7484	0.00224597
4.7496	0.00224624
4.7508	0.0022465
4.752	0.00224677
4.7532	0.00224704
4.7544	0.00224731
4.7556	0.00224757
4.7568	0.00224784
4.758	0.00224811
4.7592	0.00224837
4.7604	0.00224864
4.7616	0.0022489
4.7628	0.00224917
4.764	0.00224943
4.7652	0.0022497
4.7664	0.00224996
4.7676	0.00225023
4.7688	0.00225049
4.77	0.00225076
4.7712	0.00225102
4.7724	0.00225128
4.7736	0.00225155
4.7748	0.00225181
4.776	0.00225207
4.7772	0.00225234
4.7784	0.0022526
4.7796	0.00225286
4.7808	0.00225312
4.782	0.00225339
4.7832	0.00225365
4.7844	0.00225391
4.7856	0.00225417
4.7868	0.00225443
4.788	0.00225469
4.7892	0.00225495
4.7904	0.00225521
4.7916	0.00225547
4.7928	0.00225573
4.794	0.00225599
4.7952	0.00225625
4.7964	0.00225651
4.7976	0.00225677
4.7988	0.00225703
4.8	0.00225728
4.8012	0.00225754
4.8024	0.0022578
4.8036	0.00225806
4.8048	0.00225832
4.806	0.00225857
4.8072	0.00225883
4.8084	0.00225909
4.8096	0.00225934
4.8108	0.0022596
4.812	0.00225986
4.8132	0.00226011
4.8144	0.00226037
4.8156	0.00226062
4.8168	0.00226088
4.818	0.00226113
4.8192	0.00226139
4.8204	0.00226164
4.8216	0.0022619
4.8228	0.00226215
4.824	0.0022624
4.8252	0.00226266
4.8264	0.00226291
4.8276	0.00226316
4.8288	0.00226342
4.83	0.00226367
4.8312	0.00226392
4.8324	0.00226417
4.8336	0.00226443
4.8348	0.00226468
4.836	0.00226493
4.8372	0.00226518
4.8384	0.00226543
4.8396	0.00226568
4.8408	0.00226593
4.842	0.00226618
4.8432	0.00226643
4.8444	0.00226668
4.8456	0.00226693
4.8468	0.00226718
4.848	0.00226743
4.8492	0.00226768
4.8504	0.00226793
4.8516	0.00226818
4.8528	0.00226842
4.854	0.00226867
4.8552	0.00226892
4.8564	0.00226917
4.8576	0.00226942
4.8588	0.00226966
4.86	0.00226991
4.8612	0.00227016
4.8624	0.0022704
4.8636	0.00227065
4.8648	0.00227089
4.866	0.00227114
4.8672	0.00227138
4.8684	0.00227163
4.8696	0.00227188
4.8708	0.00227212
4.872	0.00227236
4.8732	0.00227261
4.8744	0.00227285
4.8756	0.0022731
4.8768	0.00227334
4.878	0.00227358
4.8792	0.00227383
4.8804	0.00227407
4.8816	0.00227431
4.8828	0.00227455
4.884	0.0022748
4.8852	0.00227504
4.8864	0.00227528
4.8876	0.00227552
4.8888	0.00227576
4.89	0.002276
4.8912	0.00227624
4.8924	0.00227648
4.8936	0.00227673
4.8948	0.00227697
4.896	0.0022772
4.8972	0.00227744
4.8984	0.00227768
4.8996	0.00227792
4.9008	0.00227816
4.902	0.0022784
4.9032	0.00227864
4.9044	0.00227888
4.9056	0.00227912
4.9068	0.00227935
4.908	0.00227959
4.9092	0.00227983
4.9104	0.00228006
4.9116	0.0022803
4.9128	0.00228054
4.914	0.00228077
4.9152	0.00228101
4.9164	0.00228125
4.9176	0.00228148
4.9188	0.00228172
4.92	0.00228195
4.9212	0.00228219
4.9224	0.00228242
4.9236	0.00228266
4.9248	0.00228289
4.926	0.00228312
4.9272	0.00228336
4.9284	0.00228359
4.9296	0.00228382
4.9308	0.00228406
4.932	0.00228429
4.9332	0.00228452
4.9344	0.00228476
4.9356	0.00228499
4.9368	0.00228522
4.938	0.00228545
4.9392	0.00228568
4.9404	0.00228591
4.9416	0.00228614
4.9428	0.00228637
4.944	0.00228661
4.9452	0.00228684
4.9464	0.00228707
4.9476	0.00228729
4.9488	0.00228752
4.95	0.00228775
4.9512	0.00228798
4.9524	0.00228821
4.9536	0.00228844
4.9548	0.00228867
4.956	0.0022889
4.9572	0.00228912
4.9584	0.00228935
4.9596	0.00228958
4.9608	0.00228981
4.962	0.00229003
4.9632	0.00229026
4.9644	0.00229049
4.9656	0.00229071
4.9668	0.00229094
4.968	0.00229116
4.9692	0.00229139
4.9704	0.00229161
4.9716	0.00229184
4.9728	0.00229206
4.974	0.00229229
4.9752	0.00229251
4.9764	0.00229274
4.9776	0.00229296
4.9788	0.00229318
4.98	0.00229341
4.9812	0.00229363
4.9824	0.00229385
4.9836	0.00229408
4.9848	0.0022943
4.986	0.00229452
4.9872	0.00229474
4.9884	0.00229496
4.9896	0.00229518
4.9908	0.00229541
4.992	0.00229563
4.9932	0.00229585
4.9944	0.00229607
4.9956	0.00229629
4.9968	0.00229651
4.998	0.00229673
4.9992	0.00229695
5.0004	0.00229717
5.0016	0.00229739
5.0028	0.0022976
5.004	0.00229782
5.0052	0.00229804
5.0064	0.00229826
5.0076	0.00229848
5.0088	0.00229869
5.01	0.00229891
5.0112	0.00229913
5.0124	0.00229935
5.0136	0.00229956
5.0148	0.00229978
5.016	0.00229999
5.0172	0.00230021
5.0184	0.00230043
5.0196	0.00230064
5.0208	0.00230086
5.022	0.00230107
5.0232	0.00230129
5.0244	0.0023015
5.0256	0.00230172
5.0268	0.00230193
5.028	0.00230214
5.0292	0.00230236
5.0304	0.00230257
5.0316	0.00230278
5.0328	0.002303
5.034	0.00230321
5.0352	0.00230342
5.0364	0.00230363
5.0376	0.00230384
5.0388	0.00230406
5.04	0.00230427
5.0412	0.00230448
5.0424	0.00230469
5.0436	0.0023049
5.0448	0.00230511
5.046	0.00230532
5.0472	0.00230553
5.0484	0.00230574
5.0496	0.00230595
5.0508	0.00230616
5.052	0.00230637
5.0532	0.00230658
5.0544	0.00230678
5.0556	0.00230699
5.0568	0.0023072
5.058	0.00230741
5.0592	0.00230761
5.0604	0.00230782
5.0616	0.00230803
5.0628	0.00230824
5.064	0.00230844
5.0652	0.00230865
5.0664	0.00230885
5.0676	0.00230906
5.0688	0.00230927
5.07	0.00230947
5.0712	0.00230968
5.0724	0.00230988
5.0736	0.00231009
5.0748	0.00231029
5.076	0.00231049
5.0772	0.0023107
5.0784	0.0023109
5.0796	0.0023111
5.0808	0.00231131
5.082	0.00231151
5.0832	0.00231171
5.0844	0.00231192
5.0856	0.00231212
5.0868	0.00231232
5.088	0.00231252
5.0892	0.00231272
5.0904	0.00231292
5.0916	0.00231312
5.0928	0.00231332
5.094	0.00231353
5.0952	0.00231373
5.0964	0.00231393
5.0976	0.00231413
5.0988	0.00231432
5.1	0.00231452
5.1012	0.00231472
5.1024	0.00231492
5.1036	0.00231512
5.1048	0.00231532
5.106	0.00231552
5.1072	0.00231571
5.1084	0.00231591
5.1096	0.00231611
5.1108	0.00231631
5.112	0.0023165
5.1132	0.0023167
5.1144	0.00231689
5.1156	0.00231709
5.1168	0.00231729
5.118	0.00231748
5.1192	0.00231768
5.1204	0.00231787
5.1216	0.00231807
5.1228	0.00231826
5.124	0.00231846
5.1252	0.00231865
5.1264	0.00231884
5.1276	0.00231904
5.1288	0.00231923
5.13	0.00231942
5.1312	0.00231962
5.1324	0.00231981
5.1336	0.00232
5.1348	0.00232019
5.136	0.00232039
5.1372	0.00232058
5.1384	0.00232077
5.1396	0.00232096
5.1408	0.00232115
5.142	0.00232134
5.1432	0.00232153
5.1444	0.00232172
5.1456	0.00232191
5.1468	0.0023221
5.148	0.00232229
5.1492	0.00232248
5.1504	0.00232267
5.1516	0.00232286
5.1528	0.00232305
5.154	0.00232323
5.1552	0.00232342
5.1564	0.00232361
5.1576	0.0023238
5.1588	0.00232398
5.16	0.00232417
5.1612	0.00232436
5.1624	0.00232454
5.1636	0.00232473
5.1648	0.00232492
5.166	0.0023251
5.1672	0.00232529
5.1684	0.00232547
5.1696	0.00232566
5.1708	0.00232584
5.172	0.00232603
5.1732	0.00232621
5.1744	0.00232639
5.1756	0.00232658
5.1768	0.00232676
5.178	0.00232695
5.1792	0.00232713
5.1804	0.00232731
5.1816	0.00232749
5.1828	0.00232768
5.184	0.00232786
5.1852	0.00232804
5.1864	0.00232822
5.1876	0.0023284
5.1888	0.00232858
5.19	0.00232876
5.1912	0.00232894
5.1924	0.00232912
5.1936	0.0023293
5.1948	0.00232948
5.196	0.00232966
5.1972	0.00232984
5.1984	0.00233002
5.1996	0.0023302
5.2008	0.00233038
5.202	0.00233056
5.2032	0.00233074
5.2044	0.00233091
5.2056	0.00233109
5.2068	0.00233127
5.208	0.00233144
5.2092	0.00233162
5.2104	0.0023318
5.2116	0.00233197
5.2128	0.00233215
5.214	0.00233233
5.2152	0.0023325
5.2164	0.00233268
5.2176	0.00233285
5.2188	0.00233303
5.22	0.0023332
5.2212	0.00233338
5.2224	0.00233355
5.2236	0.00233372
5.2248	0.0023339
5.226	0.00233407
5.2272	0.00233424
5.2284	0.00233442
5.2296	0.00233459
5.2308	0.00233476
5.232	0.00233493
5.2332	0.0023351
5.2344	0.00233528
5.2356	0.00233545
5.2368	0.00233562
5.238	0.00233579
5.2392	0.00233596
5.2404	0.00233613
5.2416	0.0023363
5.2428	0.00233647
5.244	0.00233664
5.2452	0.00233681
5.2464	0.00233698
5.2476	0.00233715
5.2488	0.00233731
5.25	0.00233748
5.2512	0.00233765
5.2524	0.00233782
5.2536	0.00233799
5.2548	0.00233815
5.256	0.00233832
5.2572	0.00233849
5.2584	0.00233865
5.2596	0.00233882
5.2608	0.00233899
5.262	0.00233915
5.2632	0.00233932
5.2644	0.00233948
5.2656	0.00233965
5.2668	0.00233981
5.268	0.00233998
5.2692	0.00234014
5.2704	0.0023403
5.2716	0.00234047
5.2728	0.00234063
5.274	0.0023408
5.2752	0.00234096
5.2764	0.00234112
5.2776	0.00234128
5.2788	0.00234145
5.28	0.00234161
5.2812	0.00234177
5.2824	0.00234193
5.2836	0.00234209
5.2848	0.00234225
5.286	0.00234241
5.2872	0.00234257
5.2884	0.00234273
5.2896	0.00234289
5.2908	0.00234305
5.292	0.00234321
5.2932	0.00234337
5.2944	0.00234353
5.2956	0.00234369
5.2968	0.00234385
5.298	0.00234401
5.2992	0.00234416
5.3004	0.00234432
5.3016	0.00234448
5.3028	0.00234464
5.304	0.00234479
5.3052	0.00234495
5.3064	0.00234511
5.3076	0.00234526
5.3088	0.00234542
5.31	0.00234557
5.3112	0.00234573
5.3124	0.00234588
5.3136	0.00234604
5.3148	0.00234619
5.316	0.00234635
5.3172	0.0023465
5.3184	0.00234666
5.3196	0.00234681
5.3208	0.00234696
5.322	0.00234712
5.3232	0.00234727
5.3244	0.00234742
5.3256	0.00234757
5.3268	0.00234773
5.328	0.00234788
5.3292	0.00234803
5.3304	0.00234818
5.3316	0.00234833
5.3328	0.00234848
5.334	0.00234863
5.3352	0.00234878
5.3364	0.00234893
5.3376	0.00234908
5.3388	0.00234923
5.34	0.00234938
5.3412	0.00234953
5.3424	0.00234968
5.3436	0.00234983
5.3448	0.00234998
5.346	0.00235013
5.3472	0.00235027
5.3484	0.00235042
5.3496	0.00235057
5.3508	0.00235071
5.352	0.00235086
5.3532	0.00235101
5.3544	0.00235115
5.3556	0.0023513
5.3568	0.00235145
5.358	0.00235159
5.3592	0.00235174
5.3604	0.00235188
5.3616	0.00235203
5.3628	0.00235217
5.364	0.00235231
5.3652	0.00235246
5.3664	0.0023526
5.3676	0.00235275
5.3688	0.00235289
5.37	0.00235303
5.3712	0.00235317
5.3724	0.00235332
5.3736	0.00235346
5.3748	0.0023536
5.376	0.00235374
5.3772	0.00235388
5.3784	0.00235402
5.3796	0.00235416
5.3808	0.00235431
5.382	0.00235445
5.3832	0.00235459
5.3844	0.00235473
5.3856	0.00235486
5.3868	0.002355
5.388	0.00235514
5.3892	0.00235528
5.3904	0.00235542
5.3916	0.00235556
5.3928	0.0023557
5.394	0.00235583
5.3952	0.00235597
5.3964	0.00235611
5.3976	0.00235625
5.3988	0.00235638
5.4	0.00235652
5.4012	0.00235666
5.4024	0.00235679
5.4036	0.00235693
5.4048	0.00235706
5.406	0.0023572
5.4072	0.00235733
5.4084	0.00235747
5.4096	0.0023576
5.4108	0.00235774
5.412	0.00235787
5.4132	0.002358
5.4144	0.00235814
5.4156	0.00235827
5.4168	0.0023584
5.418	0.00235853
5.4192	0.00235867
5.4204	0.0023588
5.4216	0.00235893
5.4228	0.00235906
5.424	0.00235919
5.4252	0.00235932
5.4264	0.00235945
5.4276	0.00235959
5.4288	0.00235972
5.43	0.00235985
5.4312	0.00235998
5.4324	0.0023601
5.4336	0.00236023
5.4348	0.00236036
5.436	0.00236049
5.4372	0.00236062
5.4384	0.00236075
5.4396	0.00236088
5.4408	0.002361
5.442	0.00236113
5.4432	0.00236126
5.4444	0.00236138
5.4456	0.00236151
5.4468	0.00236164
5.448	0.00236176
5.4492	0.00236189
5.4504	0.00236202
5.4516	0.00236214
5.4528	0.00236227
5.454	0.00236239
5.4552	0.00236251
5.4564	0.00236264
5.4576	0.00236276
5.4588	0.00236289
5.46	0.00236301
5.4612	0.00236313
5.4624	0.00236326
5.4636	0.00236338
5.4648	0.0023635
5.466	0.00236362
5.4672	0.00236375
5.4684	0.00236387
5.4696	0.00236399
5.4708	0.00236411
5.472	0.00236423
5.4732	0.00236435
5.4744	0.00236447
5.4756	0.00236459
5.4768	0.00236471
5.478	0.00236483
5.4792	0.00236495
5.4804	0.00236507
5.4816	0.00236519
5.4828	0.00236531
5.484	0.00236542
5.4852	0.00236554
5.4864	0.00236566
5.4876	0.00236578
5.4888	0.00236589
5.49	0.00236601
5.4912	0.00236613
5.4924	0.00236624
5.4936	0.00236636
5.4948	0.00236648
5.496	0.00236659
5.4972	0.00236671
5.4984	0.00236682
5.4996	0.00236694
5.5008	0.00236705
5.502	0.00236717
5.5032	0.00236728
5.5044	0.00236739
5.5056	0.00236751
5.5068	0.00236762
5.508	0.00236773
5.5092	0.00236785
5.5104	0.00236796
5.5116	0.00236807
5.5128	0.00236818
5.514	0.00236829
5.5152	0.00236841
5.5164	0.00236852
5.5176	0.00236863
5.5188	0.00236874
5.52	0.00236885
5.5212	0.00236896
5.5224	0.00236907
5.5236	0.00236918
5.5248	0.00236929
5.526	0.0023694
5.5272	0.0023695
5.5284	0.00236961
5.5296	0.00236972
5.5308	0.00236983
5.532	0.00236994
5.5332	0.00237004
5.5344	0.00237015
5.5356	0.00237026
5.5368	0.00237036
5.538	0.00237047
5.5392	0.00237058
5.5404	0.00237068
5.5416	0.00237079
5.5428	0.00237089
5.544	0.002371
5.5452	0.0023711
5.5464	0.00237121
5.5476	0.00237131
5.5488	0.00237142
5.55	0.00237152
5.5512	0.00237162
5.5524	0.00237173
5.5536	0.00237183
5.5548	0.00237193
5.556	0.00237203
5.5572	0.00237214
5.5584	0.00237224
5.5596	0.00237234
5.5608	0.00237244
5.562	0.00237254
5.5632	0.00237264
5.5644	0.00237274
5.5656	0.00237284
5.5668	0.00237294
5.568	0.00237304
5.5692	0.00237314
5.5704	0.00237324
5.5716	0.00237334
5.5728	0.00237344
5.574	0.00237354
5.5752	0.00237364
5.5764	0.00237373
5.5776	0.00237383
5.5788	0.00237393
5.58	0.00237403
5.5812	0.00237412
5.5824	0.00237422
5.5836	0.00237432
5.5848	0.00237441
5.586	0.00237451
5.5872	0.0023746
5.5884	0.0023747
5.5896	0.00237479
5.5908	0.00237489
5.592	0.00237498
5.5932	0.00237508
5.5944	0.00237517
5.5956	0.00237526
5.5968	0.00237536
5.598	0.00237545
5.5992	0.00237554
5.6004	0.00237564
5.6016	0.00237573
5.6028	0.00237582
5.604	0.00237591
5.6052	0.002376
5.6064	0.00237609
5.6076	0.00237618
5.6088	0.00237628
5.61	0.00237637
5.6112	0.00237646
5.6124	0.00237655
5.6136	0.00237663
5.6148	0.00237672
5.616	0.00237681
5.6172	0.0023769
5.6184	0.00237699
5.6196	0.00237708
5.6208	0.00237717
5.622	0.00237725
5.6232	0.00237734
5.6244	0.00237743
5.6256	0.00237752
5.6268	0.0023776
5.628	0.00237769
5.6292	0.00237777
5.6304	0.00237786
5.6316	0.00237795
5.6328	0.00237803
5.634	0.00237812
5.6352	0.0023782
5.6364	0.00237829
5.6376	0.00237837
5.6388	0.00237845
5.64	0.00237854
5.6412	0.00237862
5.6424	0.0023787
5.6436	0.00237879
5.6448	0.00237887
5.646	0.00237895
5.6472	0.00237903
5.6484	0.00237911
5.6496	0.0023792
5.6508	0.00237928
5.652	0.00237936
5.6532	0.00237944
5.6544	0.00237952
5.6556	0.0023796
5.6568	0.00237968
5.658	0.00237976
5.6592	0.00237984
5.6604	0.00237992
5.6616	0.00238
5.6628	0.00238007
5.664	0.00238015
5.6652	0.00238023
5.6664	0.00238031
5.6676	0.00238039
5.6688	0.00238046
5.67	0.00238054
5.6712	0.00238062
5.6724	0.00238069
5.6736	0.00238077
5.6748	0.00238084
5.676	0.00238092
5.6772	0.002381
5.6784	0.00238107
5.6796	0.00238115
5.6808	0.00238122
5.682	0.00238129
5.6832	0.00238137
5.6844	0.00238144
5.6856	0.00238151
5.6868	0.00238159
5.688	0.00238166
5.6892	0.00238173
5.6904	0.00238181
5.6916	0.00238188
5.6928	0.00238195
5.694	0.00238202
5.6952	0.00238209
5.6964	0.00238216
5.6976	0.00238223
5.6988	0.0023823
5.7	0.00238237
5.7012	0.00238244
5.7024	0.00238251
5.7036	0.00238258
5.7048	0.00238265
5.706	0.00238272
5.7072	0.00238279
5.7084	0.00238286
5.7096	0.00238292
5.7108	0.00238299
5.712	0.00238306
5.7132	0.00238313
5.7144	0.00238319
5.7156	0.00238326
5.7168	0.00238333
5.718	0.00238339
5.7192	0.00238346
5.7204	0.00238352
5.7216	0.00238359
5.7228	0.00238365
5.724	0.00238372
5.7252	0.00238378
5.7264	0.00238385
5.7276	0.00238391
5.7288	0.00238397
5.73	0.00238404
5.7312	0.0023841
5.7324	0.00238416
5.7336	0.00238423
5.7348	0.00238429
5.736	0.00238435
5.7372	0.00238441
5.7384	0.00238447
5.7396	0.00238453
5.7408	0.00238459
5.742	0.00238465
5.7432	0.00238471
5.7444	0.00238477
5.7456	0.00238483
5.7468	0.00238489
5.748	0.00238495
5.7492	0.00238501
5.7504	0.00238507
5.7516	0.00238513
5.7528	0.00238519
5.754	0.00238524
5.7552	0.0023853
5.7564	0.00238536
5.7576	0.00238542
5.7588	0.00238547
5.76	0.00238553
5.7612	0.00238559
5.7624	0.00238564
5.7636	0.0023857
5.7648	0.00238575
5.766	0.00238581
5.7672	0.00238586
5.7684	0.00238592
5.7696	0.00238597
5.7708	0.00238602
5.772	0.00238608
5.7732	0.00238613
5.7744	0.00238618
5.7756	0.00238624
5.7768	0.00238629
5.778	0.00238634
5.7792	0.00238639
5.7804	0.00238645
5.7816	0.0023865
5.7828	0.00238655
5.784	0.0023866
5.7852	0.00238665
5.7864	0.0023867
5.7876	0.00238675
5.7888	0.0023868
5.79	0.00238685
5.7912	0.0023869
5.7924	0.00238695
5.7936	0.002387
5.7948	0.00238704
5.796	0.00238709
5.7972	0.00238714
5.7984	0.00238719
5.7996	0.00238723
5.8008	0.00238728
5.802	0.00238733
5.8032	0.00238737
5.8044	0.00238742
5.8056	0.00238747
5.8068	0.00238751
5.808	0.00238756
5.8092	0.0023876
5.8104	0.00238765
5.8116	0.00238769
5.8128	0.00238774
5.814	0.00238778
5.8152	0.00238782
5.8164	0.00238787
5.8176	0.00238791
5.8188	0.00238795
5.82	0.002388
5.8212	0.00238804
5.8224	0.00238808
5.8236	0.00238812
5.8248	0.00238816
5.826	0.0023882
5.8272	0.00238824
5.8284	0.00238829
5.8296	0.00238833
5.8308	0.00238837
5.832	0.00238841
5.8332	0.00238844
5.8344	0.00238848
5.8356	0.00238852
5.8368	0.00238856
5.838	0.0023886
5.8392	0.00238864
5.8404	0.00238868
5.8416	0.00238871
5.8428	0.00238875
5.844	0.00238879
5.8452	0.00238882
5.8464	0.00238886
5.8476	0.0023889
5.8488	0.00238893
5.85	0.00238897
5.8512	0.002389
5.8524	0.00238904
5.8536	0.00238907
5.8548	0.00238911
5.856	0.00238914
5.8572	0.00238918
5.8584	0.00238921
5.8596	0.00238924
5.8608	0.00238928
5.862	0.00238931
5.8632	0.00238934
5.8644	0.00238937
5.8656	0.00238941
5.8668	0.00238944
5.868	0.00238947
5.8692	0.0023895
5.8704	0.00238953
5.8716	0.00238956
5.8728	0.00238959
5.874	0.00238962
5.8752	0.00238965
5.8764	0.00238968
5.8776	0.00238971
5.8788	0.00238974
5.88	0.00238977
5.8812	0.00238979
5.8824	0.00238982
5.8836	0.00238985
5.8848	0.00238988
5.886	0.0023899
5.8872	0.00238993
5.8884	0.00238996
5.8896	0.00238998
5.8908	0.00239001
5.892	0.00239004
5.8932	0.00239006
5.8944	0.00239009
5.8956	0.00239011
5.8968	0.00239014
5.898	0.00239016
5.8992	0.00239018
5.9004	0.00239021
5.9016	0.00239023
5.9028	0.00239026
5.904	0.00239028
5.9052	0.0023903
5.9064	0.00239032
5.9076	0.00239035
5.9088	0.00239037
5.91	0.00239039
5.9112	0.00239041
5.9124	0.00239043
5.9136	0.00239045
5.9148	0.00239047
5.916	0.00239049
5.9172	0.00239051
5.9184	0.00239053
5.9196	0.00239055
5.9208	0.00239057
5.922	0.00239059
5.9232	0.00239061
5.9244	0.00239062
5.9256	0.00239064
5.9268	0.00239066
5.928	0.00239068
5.9292	0.00239069
5.9304	0.00239071
5.9316	0.00239073
5.9328	0.00239074
5.934	0.00239076
5.9352	0.00239077
5.9364	0.00239079
5.9376	0.0023908
5.9388	0.00239082
5.94	0.00239083
5.9412	0.00239085
5.9424	0.00239086
5.9436	0.00239088
5.9448	0.00239089
5.946	0.0023909
5.9472	0.00239091
5.9484	0.00239093
5.9496	0.00239094
5.9508	0.00239095
5.952	0.00239096
5.9532	0.00239097
5.9544	0.00239098
5.9556	0.002391
5.9568	0.00239101
5.958	0.00239102
5.9592	0.00239103
5.9604	0.00239104
5.9616	0.00239104
5.9628	0.00239105
5.964	0.00239106
5.9652	0.00239107
5.9664	0.00239108
5.9676	0.00239109
5.9688	0.00239109
5.97	0.0023911
5.9712	0.00239111
5.9724	0.00239112
5.9736	0.00239112
5.9748	0.00239113
5.976	0.00239113
5.9772	0.00239114
5.9784	0.00239114
5.9796	0.00239115
5.9808	0.00239115
5.982	0.00239116
5.9832	0.00239116
5.9844	0.00239117
5.9856	0.00239117
5.9868	0.00239117
5.988	0.00239118
5.9892	0.00239118
5.9904	0.00239118
5.9916	0.00239118
5.9928	0.00239119
5.994	0.00239119
5.9952	0.00239119
5.9964	0.00239119
5.9976	0.00239119
5.9988	0.00239119
6	0.00239119
