0	0
0.0012	2.61703e-06
0.0024	5.23249e-06
0.0036	7.84639e-06
0.0048	1.04587e-05
0.006	1.30695e-05
0.0072	1.56787e-05
0.0084	1.82863e-05
0.0096	2.08924e-05
0.0108	2.34969e-05
0.012	2.60998e-05
0.0132	2.87012e-05
0.0144	3.1301e-05
0.0156	3.38992e-05
0.0168	3.64959e-05
0.018	3.90911e-05
0.0192	4.16847e-05
0.0204	4.42767e-05
0.0216	4.68672e-05
0.0228	4.94561e-05
0.024	5.20435e-05
0.0252	5.46293e-05
0.0264	5.72135e-05
0.0276	5.97963e-05
0.0288	6.23774e-05
0.03	6.4957e-05
0.0312	6.75351e-05
0.0324	7.01116e-05
0.0336	7.26866e-05
0.0348	7.526e-05
0.036	7.78319e-05
0.0372	8.04023e-05
0.0384	8.29711e-05
0.0396	8.55383e-05
0.0408	8.81041e-05
0.042	9.06683e-05
0.0432	9.32309e-05
0.0444	9.5792e-05
0.0456	9.83516e-05
0.0468	0.00010091
0.048	0.000103466
0.0492	0.000106021
0.0504	0.000108575
0.0516	0.000111126
0.0528	0.000113677
0.054	0.000116226
0.0552	0.000118773
0.0564	0.000121319
0.0576	0.000123863
0.0588	0.000126406
0.06	0.000128947
0.0612	0.000131487
0.0624	0.000134025
0.0636	0.000136561
0.0648	0.000139097
0.066	0.00014163
0.0672	0.000144162
0.0684	0.000146693
0.0696	0.000149222
0.0708	0.000151749
0.072	0.000154275
0.0732	0.0001568
0.0744	0.000159323
0.0756	0.000161844
0.0768	0.000164364
0.078	0.000166883
0.0792	0.0001694
0.0804	0.000171915
0.0816	0.000174429
0.0828	0.000176941
0.084	0.000179452
0.0852	0.000181962
0.0864	0.00018447
0.0876	0.000186976
0.0888	0.000189481
0.09	0.000191984
0.0912	0.000194486
0.0924	0.000196986
0.0936	0.000199485
0.0948	0.000201983
0.096	0.000204479
0.0972	0.000206973
0.0984	0.000209466
0.0996	0.000211957
0.1008	0.000214447
0.102	0.000216936
0.1032	0.000219422
0.1044	0.000221908
0.1056	0.000224392
0.1068	0.000226874
0.108	0.000229355
0.1092	0.000231835
0.1104	0.000234313
0.1116	0.000236789
0.1128	0.000239264
0.114	0.000241738
0.1152	0.00024421
0.1164	0.00024668
0.1176	0.000249149
0.1188	0.000251617
0.12	0.000254083
0.1212	0.000256548
0.1224	0.000259011
0.1236	0.000261472
0.1248	0.000263933
0.126	0.000266391
0.1272	0.000268849
0.1284	0.000271304
0.1296	0.000273759
0.1308	0.000276212
0.132	0.000278663
0.1332	0.000281113
0.1344	0.000283561
0.1356	0.000286008
0.1368	0.000288454
0.138	0.000290898
0.1392	0.00029334
0.1404	0.000295781
0.1416	0.000298221
0.1428	0.000300659
0.144	0.000303096
0.1452	0.000305531
0.1464	0.000307965
0.1476	0.000310397
0.1488	0.000312828
0.15	0.000315257
0.1512	0.000317685
0.1524	0.000320112
0.1536	0.000322537
0.1548	0.00032496
0.156	0.000327382
0.1572	0.000329803
0.1584	0.000332222
0.1596	0.00033464
0.1608	0.000337056
0.162	0.000339471
0.1632	0.000341885
0.1644	0.000344297
0.1656	0.000346707
0.1668	0.000349116
0.168	0.000351524
0.1692	0.00035393
0.1704	0.000356335
0.1716	0.000358738
0.1728	0.00036114
0.174	0.00036354
0.1752	0.000365939
0.1764	0.000368337
0.1776	0.000370733
0.1788	0.000373127
0.18	0.000375521
0.1812	0.000377912
0.1824	0.000380303
0.1836	0.000382692
0.1848	0.000385079
0.186	0.000387465
0.1872	0.00038985
0.1884	0.000392233
0.1896	0.000394615
0.1908	0.000396995
0.192	0.000399374
0.1932	0.000401752
0.1944	0.000404128
0.1956	0.000406502
0.1968	0.000408875
0.198	0.000411247
0.1992	0.000413618
0.2004	0.000415987
0.2016	0.000418354
0.2028	0.00042072
0.204	0.000423085
0.2052	0.000425448
0.2064	0.00042781
0.2076	0.00043017
0.2088	0.000432529
0.21	0.000434887
0.2112	0.000437243
0.2124	0.000439598
0.2136	0.000441951
0.2148	0.000444303
0.216	0.000446654
0.2172	0.000449003
0.2184	0.000451351
0.2196	0.000453697
0.2208	0.000456042
0.222	0.000458385
0.2232	0.000460727
0.2244	0.000463068
0.2256	0.000465407
0.2268	0.000467745
0.228	0.000470082
0.2292	0.000472417
0.2304	0.00047475
0.2316	0.000477083
0.2328	0.000479413
0.234	0.000481743
0.2352	0.000484071
0.2364	0.000486398
0.2376	0.000488723
0.2388	0.000491047
0.24	0.000493369
0.2412	0.00049569
0.2424	0.00049801
0.2436	0.000500328
0.2448	0.000502645
0.246	0.000504961
0.2472	0.000507275
0.2484	0.000509588
0.2496	0.000511899
0.2508	0.000514209
0.252	0.000516518
0.2532	0.000518825
0.2544	0.000521131
0.2556	0.000523435
0.2568	0.000525738
0.258	0.00052804
0.2592	0.00053034
0.2604	0.000532639
0.2616	0.000534937
0.2628	0.000537233
0.264	0.000539528
0.2652	0.000541821
0.2664	0.000544113
0.2676	0.000546404
0.2688	0.000548693
0.27	0.000550981
0.2712	0.000553268
0.2724	0.000555553
0.2736	0.000557837
0.2748	0.000560119
0.276	0.0005624
0.2772	0.00056468
0.2784	0.000566958
0.2796	0.000569235
0.2808	0.000571511
0.282	0.000573785
0.2832	0.000576058
0.2844	0.000578329
0.2856	0.000580599
0.2868	0.000582868
0.288	0.000585136
0.2892	0.000587402
0.2904	0.000589666
0.2916	0.00059193
0.2928	0.000594192
0.294	0.000596452
0.2952	0.000598712
0.2964	0.000600969
0.2976	0.000603226
0.2988	0.000605481
0.3	0.000607735
0.3012	0.000609988
0.3024	0.000612239
0.3036	0.000614489
0.3048	0.000616737
0.306	0.000618984
0.3072	0.00062123
0.3084	0.000623474
0.3096	0.000625717
0.3108	0.000627959
0.312	0.000630199
0.3132	0.000632438
0.3144	0.000634676
0.3156	0.000636912
0.3168	0.000639147
0.318	0.000641381
0.3192	0.000643613
0.3204	0.000645844
0.3216	0.000648074
0.3228	0.000650302
0.324	0.000652529
0.3252	0.000654755
0.3264	0.000656979
0.3276	0.000659202
0.3288	0.000661424
0.33	0.000663644
0.3312	0.000665863
0.3324	0.000668081
0.3336	0.000670297
0.3348	0.000672512
0.336	0.000674726
0.3372	0.000676938
0.3384	0.000679149
0.3396	0.000681359
0.3408	0.000683567
0.342	0.000685774
0.3432	0.00068798
0.3444	0.000690184
0.3456	0.000692387
0.3468	0.000694589
0.348	0.000696789
0.3492	0.000698988
0.3504	0.000701186
0.3516	0.000703382
0.3528	0.000705578
0.354	0.000707771
0.3552	0.000709964
0.3564	0.000712155
0.3576	0.000714345
0.3588	0.000716534
0.36	0.000718721
0.3612	0.000720907
0.3624	0.000723091
0.3636	0.000725275
0.3648	0.000727457
0.366	0.000729637
0.3672	0.000731817
0.3684	0.000733995
0.3696	0.000736172
0.3708	0.000738347
0.372	0.000740521
0.3732	0.000742694
0.3744	0.000744866
0.3756	0.000747036
0.3768	0.000749205
0.378	0.000751372
0.3792	0.000753539
0.3804	0.000755704
0.3816	0.000757868
0.3828	0.00076003
0.384	0.000762191
0.3852	0.000764351
0.3864	0.00076651
0.3876	0.000768667
0.3888	0.000770823
0.39	0.000772977
0.3912	0.000775131
0.3924	0.000777283
0.3936	0.000779434
0.3948	0.000781583
0.396	0.000783731
0.3972	0.000785878
0.3984	0.000788024
0.3996	0.000790168
0.4008	0.000792311
0.402	0.000794453
0.4032	0.000796594
0.4044	0.000798733
0.4056	0.000800871
0.4068	0.000803008
0.408	0.000805143
0.4092	0.000807277
0.4104	0.00080941
0.4116	0.000811541
0.4128	0.000813672
0.414	0.000815801
0.4152	0.000817928
0.4164	0.000820055
0.4176	0.00082218
0.4188	0.000824304
0.42	0.000826426
0.4212	0.000828548
0.4224	0.000830668
0.4236	0.000832787
0.4248	0.000834904
0.426	0.00083702
0.4272	0.000839135
0.4284	0.000841249
0.4296	0.000843361
0.4308	0.000845473
0.432	0.000847582
0.4332	0.000849691
0.4344	0.000851798
0.4356	0.000853905
0.4368	0.000856009
0.438	0.000858113
0.4392	0.000860215
0.4404	0.000862316
0.4416	0.000864416
0.4428	0.000866515
0.444	0.000868612
0.4452	0.000870708
0.4464	0.000872803
0.4476	0.000874896
0.4488	0.000876989
0.45	0.00087908
0.4512	0.000881169
0.4524	0.000883258
0.4536	0.000885345
0.4548	0.000887431
0.456	0.000889516
0.4572	0.000891599
0.4584	0.000893681
0.4596	0.000895762
0.4608	0.000897842
0.462	0.000899921
0.4632	0.000901998
0.4644	0.000904074
0.4656	0.000906149
0.4668	0.000908222
0.468	0.000910294
0.4692	0.000912365
0.4704	0.000914435
0.4716	0.000916504
0.4728	0.000918571
0.474	0.000920637
0.4752	0.000922702
0.4764	0.000924765
0.4776	0.000926828
0.4788	0.000928889
0.48	0.000930949
0.4812	0.000933007
0.4824	0.000935065
0.4836	0.000937121
0.4848	0.000939176
0.486	0.00094123
0.4872	0.000943282
0.4884	0.000945333
0.4896	0.000947383
0.4908	0.000949432
0.492	0.00095148
0.4932	0.000953526
0.4944	0.000955571
0.4956	0.000957615
0.4968	0.000959657
0.498	0.000961699
0.4992	0.000963739
0.5004	0.000965778
0.5016	0.000967816
0.5028	0.000969852
0.504	0.000971888
0.5052	0.000973922
0.5064	0.000975955
0.5076	0.000977986
0.5088	0.000980017
0.51	0.000982046
0.5112	0.000984074
0.5124	0.000986101
0.5136	0.000988126
0.5148	0.00099015
0.516	0.000992174
0.5172	0.000994195
0.5184	0.000996216
0.5196	0.000998236
0.5208	0.00100025
0.522	0.00100227
0.5232	0.00100429
0.5244	0.0010063
0.5256	0.00100831
0.5268	0.00101033
0.528	0.00101234
0.5292	0.00101435
0.5304	0.00101636
0.5316	0.00101836
0.5328	0.00102037
0.534	0.00102238
0.5352	0.00102438
0.5364	0.00102638
0.5376	0.00102838
0.5388	0.00103038
0.54	0.00103238
0.5412	0.00103438
0.5424	0.00103638
0.5436	0.00103837
0.5448	0.00104037
0.546	0.00104236
0.5472	0.00104435
0.5484	0.00104634
0.5496	0.00104833
0.5508	0.00105032
0.552	0.00105231
0.5532	0.00105429
0.5544	0.00105628
0.5556	0.00105826
0.5568	0.00106024
0.558	0.00106222
0.5592	0.0010642
0.5604	0.00106618
0.5616	0.00106816
0.5628	0.00107014
0.564	0.00107211
0.5652	0.00107408
0.5664	0.00107606
0.5676	0.00107803
0.5688	0.00108
0.57	0.00108197
0.5712	0.00108394
0.5724	0.0010859
0.5736	0.00108787
0.5748	0.00108983
0.576	0.0010918
0.5772	0.00109376
0.5784	0.00109572
0.5796	0.00109768
0.5808	0.00109964
0.582	0.0011016
0.5832	0.00110355
0.5844	0.00110551
0.5856	0.00110746
0.5868	0.00110941
0.588	0.00111137
0.5892	0.00111332
0.5904	0.00111527
0.5916	0.00111721
0.5928	0.00111916
0.594	0.00112111
0.5952	0.00112305
0.5964	0.00112499
0.5976	0.00112694
0.5988	0.00112888
0.6	0.00113082
0.6012	0.00113276
0.6024	0.00113469
0.6036	0.00113663
0.6048	0.00113857
0.606	0.0011405
0.6072	0.00114243
0.6084	0.00114436
0.6096	0.00114629
0.6108	0.00114822
0.612	0.00115015
0.6132	0.00115208
0.6144	0.00115401
0.6156	0.00115593
0.6168	0.00115785
0.618	0.00115978
0.6192	0.0011617
0.6204	0.00116362
0.6216	0.00116554
0.6228	0.00116746
0.624	0.00116937
0.6252	0.00117129
0.6264	0.0011732
0.6276	0.00117512
0.6288	0.00117703
0.63	0.00117894
0.6312	0.00118085
0.6324	0.00118276
0.6336	0.00118467
0.6348	0.00118657
0.636	0.00118848
0.6372	0.00119038
0.6384	0.00119228
0.6396	0.00119419
0.6408	0.00119609
0.642	0.00119799
0.6432	0.00119988
0.6444	0.00120178
0.6456	0.00120368
0.6468	0.00120557
0.648	0.00120747
0.6492	0.00120936
0.6504	0.00121125
0.6516	0.00121314
0.6528	0.00121503
0.654	0.00121692
0.6552	0.00121881
0.6564	0.00122069
0.6576	0.00122258
0.6588	0.00122446
0.66	0.00122634
0.6612	0.00122823
0.6624	0.00123011
0.6636	0.00123198
0.6648	0.00123386
0.666	0.00123574
0.6672	0.00123762
0.6684	0.00123949
0.6696	0.00124136
0.6708	0.00124324
0.672	0.00124511
0.6732	0.00124698
0.6744	0.00124885
0.6756	0.00125071
0.6768	0.00125258
0.678	0.00125445
0.6792	0.00125631
0.6804	0.00125818
0.6816	0.00126004
0.6828	0.0012619
0.684	0.00126376
0.6852	0.00126562
0.6864	0.00126748
0.6876	0.00126933
0.6888	0.00127119
0.69	0.00127304
0.6912	0.0012749
0.6924	0.00127675
0.6936	0.0012786
0.6948	0.00128045
0.696	0.0012823
0.6972	0.00128415
0.6984	0.00128599
0.6996	0.00128784
0.7008	0.00128968
0.702	0.00129153
0.7032	0.00129337
0.7044	0.00129521
0.7056	0.00129705
0.7068	0.00129889
0.708	0.00130073
0.7092	0.00130256
0.7104	0.0013044
0.7116	0.00130624
0.7128	0.00130807
0.714	0.0013099
0.7152	0.00131173
0.7164	0.00131356
0.7176	0.00131539
0.7188	0.00131722
0.72	0.00131905
0.7212	0.00132087
0.7224	0.0013227
0.7236	0.00132452
0.7248	0.00132634
0.726	0.00132817
0.7272	0.00132999
0.7284	0.0013318
0.7296	0.00133362
0.7308	0.00133544
0.732	0.00133726
0.7332	0.00133907
0.7344	0.00134088
0.7356	0.0013427
0.7368	0.00134451
0.738	0.00134632
0.7392	0.00134813
0.7404	0.00134994
0.7416	0.00135174
0.7428	0.00135355
0.744	0.00135536
0.7452	0.00135716
0.7464	0.00135896
0.7476	0.00136077
0.7488	0.00136257
0.75	0.00136437
0.7512	0.00136616
0.7524	0.00136796
0.7536	0.00136976
0.7548	0.00137155
0.756	0.00137335
0.7572	0.00137514
0.7584	0.00137693
0.7596	0.00137872
0.7608	0.00138051
0.762	0.0013823
0.7632	0.00138409
0.7644	0.00138588
0.7656	0.00138766
0.7668	0.00138945
0.768	0.00139123
0.7692	0.00139302
0.7704	0.0013948
0.7716	0.00139658
0.7728	0.00139836
0.774	0.00140013
0.7752	0.00140191
0.7764	0.00140369
0.7776	0.00140546
0.7788	0.00140724
0.78	0.00140901
0.7812	0.00141078
0.7824	0.00141255
0.7836	0.00141432
0.7848	0.00141609
0.786	0.00141786
0.7872	0.00141963
0.7884	0.00142139
0.7896	0.00142316
0.7908	0.00142492
0.792	0.00142668
0.7932	0.00142844
0.7944	0.0014302
0.7956	0.00143196
0.7968	0.00143372
0.798	0.00143548
0.7992	0.00143723
0.8004	0.00143899
0.8016	0.00144074
0.8028	0.00144249
0.804	0.00144425
0.8052	0.001446
0.8064	0.00144775
0.8076	0.0014495
0.8088	0.00145124
0.81	0.00145299
0.8112	0.00145474
0.8124	0.00145648
0.8136	0.00145822
0.8148	0.00145997
0.816	0.00146171
0.8172	0.00146345
0.8184	0.00146519
0.8196	0.00146692
0.8208	0.00146866
0.822	0.0014704
0.8232	0.00147213
0.8244	0.00147387
0.8256	0.0014756
0.8268	0.00147733
0.828	0.00147906
0.8292	0.00148079
0.8304	0.00148252
0.8316	0.00148425
0.8328	0.00148598
0.834	0.0014877
0.8352	0.00148943
0.8364	0.00149115
0.8376	0.00149287
0.8388	0.00149459
0.84	0.00149631
0.8412	0.00149803
0.8424	0.00149975
0.8436	0.00150147
0.8448	0.00150319
0.846	0.0015049
0.8472	0.00150662
0.8484	0.00150833
0.8496	0.00151004
0.8508	0.00151175
0.852	0.00151346
0.8532	0.00151517
0.8544	0.00151688
0.8556	0.00151859
0.8568	0.00152029
0.858	0.001522
0.8592	0.0015237
0.8604	0.00152541
0.8616	0.00152711
0.8628	0.00152881
0.864	0.00153051
0.8652	0.00153221
0.8664	0.00153391
0.8676	0.0015356
0.8688	0.0015373
0.87	0.00153899
0.8712	0.00154069
0.8724	0.00154238
0.8736	0.00154407
0.8748	0.00154576
0.876	0.00154745
0.8772	0.00154914
0.8784	0.00155083
0.8796	0.00155252
0.8808	0.0015542
0.882	0.00155589
0.8832	0.00155757
0.8844	0.00155925
0.8856	0.00156094
0.8868	0.00156262
0.888	0.0015643
0.8892	0.00156598
0.8904	0.00156765
0.8916	0.00156933
0.8928	0.00157101
0.894	0.00157268
0.8952	0.00157435
0.8964	0.00157603
0.8976	0.0015777
0.8988	0.00157937
0.9	0.00158104
0.9012	0.00158271
0.9024	0.00158438
0.9036	0.00158604
0.9048	0.00158771
0.906	0.00158937
0.9072	0.00159104
0.9084	0.0015927
0.9096	0.00159436
0.9108	0.00159602
0.912	0.00159768
0.9132	0.00159934
0.9144	0.001601
0.9156	0.00160265
0.9168	0.00160431
0.918	0.00160596
0.9192	0.00160762
0.9204	0.00160927
0.9216	0.00161092
0.9228	0.00161257
0.924	0.00161422
0.9252	0.00161587
0.9264	0.00161752
0.9276	0.00161917
0.9288	0.00162081
0.93	0.00162246
0.9312	0.0016241
0.9324	0.00162574
0.9336	0.00162739
0.9348	0.00162903
0.936	0.00163067
0.9372	0.00163231
0.9384	0.00163394
0.9396	0.00163558
0.9408	0.00163722
0.942	0.00163885
0.9432	0.00164049
0.9444	0.00164212
0.9456	0.00164375
0.9468	0.00164538
0.948	0.00164701
0.9492	0.00164864
0.9504	0.00165027
0.9516	0.0016519
0.9528	0.00165352
0.954	0.00165515
0.9552	0.00165677
0.9564	0.0016584
0.9576	0.00166002
0.9588	0.00166164
0.96	0.00166326
0.9612	0.00166488
0.9624	0.0016665
0.9636	0.00166811
0.9648	0.00166973
0.966	0.00167135
0.9672	0.00167296
0.9684	0.00167457
0.9696	0.00167619
0.9708	0.0016778
0.972	0.00167941
0.9732	0.00168102
0.9744	0.00168263
0.9756	0.00168424
0.9768	0.00168584
0.978	0.00168745
0.9792	0.00168905
0.9804	0.00169066
0.9816	0.00169226
0.9828	0.00169386
0.984	0.00169546
0.9852	0.00169706
0.9864	0.00169866
0.9876	0.00170026
0.9888	0.00170186
0.99	0.00170345
0.9912	0.00170505
0.9924	0.00170664
0.9936	0.00170824
0.9948	0.00170983
0.996	0.00171142
0.9972	0.00171301
0.9984	0.0017146
0.9996	0.00171619
1.0008	0.00171778
1.002	0.00171936
1.0032	0.00172095
1.0044	0.00172253
1.0056	0.00172412
1.0068	0.0017257
1.008	0.00172728
1.0092	0.00172886
1.0104	0.00173044
1.0116	0.00173202
1.0128	0.0017336
1.014	0.00173518
1.0152	0.00173675
1.0164	0.00173833
1.0176	0.0017399
1.0188	0.00174148
1.02	0.00174305
1.0212	0.00174462
1.0224	0.00174619
1.0236	0.00174776
1.0248	0.00174933
1.026	0.0017509
1.0272	0.00175246
1.0284	0.00175403
1.0296	0.0017556
1.0308	0.00175716
1.032	0.00175872
1.0332	0.00176028
1.0344	0.00176185
1.0356	0.00176341
1.0368	0.00176496
1.038	0.00176652
1.0392	0.00176808
1.0404	0.00176964
1.0416	0.00177119
1.0428	0.00177275
1.044	0.0017743
1.0452	0.00177585
1.0464	0.00177741
1.0476	0.00177896
1.0488	0.00178051
1.05	0.00178206
1.0512	0.0017836
1.0524	0.00178515
1.0536	0.0017867
1.0548	0.00178824
1.056	0.00178979
1.0572	0.00179133
1.0584	0.00179287
1.0596	0.00179441
1.0608	0.00179596
1.062	0.0017975
1.0632	0.00179903
1.0644	0.00180057
1.0656	0.00180211
1.0668	0.00180365
1.068	0.00180518
1.0692	0.00180671
1.0704	0.00180825
1.0716	0.00180978
1.0728	0.00181131
1.074	0.00181284
1.0752	0.00181437
1.0764	0.0018159
1.0776	0.00181743
1.0788	0.00181896
1.08	0.00182048
1.0812	0.00182201
1.0824	0.00182353
1.0836	0.00182505
1.0848	0.00182658
1.086	0.0018281
1.0872	0.00182962
1.0884	0.00183114
1.0896	0.00183266
1.0908	0.00183417
1.092	0.00183569
1.0932	0.00183721
1.0944	0.00183872
1.0956	0.00184024
1.0968	0.00184175
1.098	0.00184326
1.0992	0.00184477
1.1004	0.00184628
1.1016	0.00184779
1.1028	0.0018493
1.104	0.00185081
1.1052	0.00185232
1.1064	0.00185382
1.1076	0.00185533
1.1088	0.00185683
1.11	0.00185833
1.1112	0.00185984
1.1124	0.00186134
1.1136	0.00186284
1.1148	0.00186434
1.116	0.00186584
1.1172	0.00186734
1.1184	0.00186883
1.1196	0.00187033
1.1208	0.00187182
1.122	0.00187332
1.1232	0.00187481
1.1244	0.0018763
1.1256	0.0018778
1.1268	0.00187929
1.128	0.00188078
1.1292	0.00188226
1.1304	0.00188375
1.1316	0.00188524
1.1328	0.00188673
1.134	0.00188821
1.1352	0.0018897
1.1364	0.00189118
1.1376	0.00189266
1.1388	0.00189414
1.14	0.00189562
1.1412	0.0018971
1.1424	0.00189858
1.1436	0.00190006
1.1448	0.00190154
1.146	0.00190302
1.1472	0.00190449
1.1484	0.00190597
1.1496	0.00190744
1.1508	0.00190891
1.152	0.00191039
1.1532	0.00191186
1.1544	0.00191333
1.1556	0.0019148
1.1568	0.00191626
1.158	0.00191773
1.1592	0.0019192
1.1604	0.00192066
1.1616	0.00192213
1.1628	0.00192359
1.164	0.00192506
1.1652	0.00192652
1.1664	0.00192798
1.1676	0.00192944
1.1688	0.0019309
1.17	0.00193236
1.1712	0.00193382
1.1724	0.00193527
1.1736	0.00193673
1.1748	0.00193819
1.176	0.00193964
1.1772	0.00194109
1.1784	0.00194255
1.1796	0.001944
1.1808	0.00194545
1.182	0.0019469
1.1832	0.00194835
1.1844	0.0019498
1.1856	0.00195125
1.1868	0.00195269
1.188	0.00195414
1.1892	0.00195558
1.1904	0.00195703
1.1916	0.00195847
1.1928	0.00195991
1.194	0.00196135
1.1952	0.00196279
1.1964	0.00196423
1.1976	0.00196567
1.1988	0.00196711
1.2	0.00196855
1.2012	0.00196998
1.2024	0.00197142
1.2036	0.00197285
1.2048	0.00197429
1.206	0.00197572
1.2072	0.00197715
1.2084	0.00197858
1.2096	0.00198001
1.2108	0.00198144
1.212	0.00198287
1.2132	0.0019843
1.2144	0.00198573
1.2156	0.00198715
1.2168	0.00198858
1.218	0.00199
1.2192	0.00199142
1.2204	0.00199285
1.2216	0.00199427
1.2228	0.00199569
1.224	0.00199711
1.2252	0.00199853
1.2264	0.00199995
1.2276	0.00200136
1.2288	0.00200278
1.23	0.0020042
1.2312	0.00200561
1.2324	0.00200703
1.2336	0.00200844
1.2348	0.00200985
1.236	0.00201126
1.2372	0.00201267
1.2384	0.00201408
1.2396	0.00201549
1.2408	0.0020169
1.242	0.00201831
1.2432	0.00201971
1.2444	0.00202112
1.2456	0.00202252
1.2468	0.00202393
1.248	0.00202533
1.2492	0.00202673
1.2504	0.00202813
1.2516	0.00202954
1.2528	0.00203093
1.254	0.00203233
1.2552	0.00203373
1.2564	0.00203513
1.2576	0.00203653
1.2588	0.00203792
1.26	0.00203932
1.2612	0.00204071
1.2624	0.0020421
1.2636	0.00204349
1.2648	0.00204489
1.266	0.00204628
1.2672	0.00204767
1.2684	0.00204905
1.2696	0.00205044
1.2708	0.00205183
1.272	0.00205322
1.2732	0.0020546
1.2744	0.00205599
1.2756	0.00205737
1.2768	0.00205875
1.278	0.00206014
1.2792	0.00206152
1.2804	0.0020629
1.2816	0.00206428
1.2828	0.00206566
1.284	0.00206703
1.2852	0.00206841
1.2864	0.00206979
1.2876	0.00207116
1.2888	0.00207254
1.29	0.00207391
1.2912	0.00207528
1.2924	0.00207666
1.2936	0.00207803
1.2948	0.0020794
1.296	0.00208077
1.2972	0.00208214
1.2984	0.00208351
1.2996	0.00208487
1.3008	0.00208624
1.302	0.0020876
1.3032	0.00208897
1.3044	0.00209033
1.3056	0.0020917
1.3068	0.00209306
1.308	0.00209442
1.3092	0.00209578
1.3104	0.00209714
1.3116	0.0020985
1.3128	0.00209986
1.314	0.00210122
1.3152	0.00210257
1.3164	0.00210393
1.3176	0.00210528
1.3188	0.00210664
1.32	0.00210799
1.3212	0.00210934
1.3224	0.0021107
1.3236	0.00211205
1.3248	0.0021134
1.326	0.00211475
1.3272	0.0021161
1.3284	0.00211744
1.3296	0.00211879
1.3308	0.00212014
1.332	0.00212148
1.3332	0.00212283
1.3344	0.00212417
1.3356	0.00212551
1.3368	0.00212685
1.338	0.0021282
1.3392	0.00212954
1.3404	0.00213088
1.3416	0.00213221
1.3428	0.00213355
1.344	0.00213489
1.3452	0.00213623
1.3464	0.00213756
1.3476	0.0021389
1.3488	0.00214023
1.35	0.00214156
1.3512	0.0021429
1.3524	0.00214423
1.3536	0.00214556
1.3548	0.00214689
1.356	0.00214822
1.3572	0.00214955
1.3584	0.00215088
1.3596	0.0021522
1.3608	0.00215353
1.362	0.00215485
1.3632	0.00215618
1.3644	0.0021575
1.3656	0.00215882
1.3668	0.00216015
1.368	0.00216147
1.3692	0.00216279
1.3704	0.00216411
1.3716	0.00216543
1.3728	0.00216675
1.374	0.00216806
1.3752	0.00216938
1.3764	0.0021707
1.3776	0.00217201
1.3788	0.00217332
1.38	0.00217464
1.3812	0.00217595
1.3824	0.00217726
1.3836	0.00217857
1.3848	0.00217988
1.386	0.00218119
1.3872	0.0021825
1.3884	0.00218381
1.3896	0.00218512
1.3908	0.00218642
1.392	0.00218773
1.3932	0.00218903
1.3944	0.00219034
1.3956	0.00219164
1.3968	0.00219294
1.398	0.00219425
1.3992	0.00219555
1.4004	0.00219685
1.4016	0.00219815
1.4028	0.00219944
1.404	0.00220074
1.4052	0.00220204
1.4064	0.00220333
1.4076	0.00220463
1.4088	0.00220592
1.41	0.00220722
1.4112	0.00220851
1.4124	0.0022098
1.4136	0.0022111
1.4148	0.00221239
1.416	0.00221368
1.4172	0.00221497
1.4184	0.00221625
1.4196	0.00221754
1.4208	0.00221883
1.422	0.00222011
1.4232	0.0022214
1.4244	0.00222268
1.4256	0.00222397
1.4268	0.00222525
1.428	0.00222653
1.4292	0.00222782
1.4304	0.0022291
1.4316	0.00223038
1.4328	0.00223166
1.434	0.00223293
1.4352	0.00223421
1.4364	0.00223549
1.4376	0.00223676
1.4388	0.00223804
1.44	0.00223931
1.4412	0.00224059
1.4424	0.00224186
1.4436	0.00224313
1.4448	0.00224441
1.446	0.00224568
1.4472	0.00224695
1.4484	0.00224822
1.4496	0.00224948
1.4508	0.00225075
1.452	0.00225202
1.4532	0.00225329
1.4544	0.00225455
1.4556	0.00225582
1.4568	0.00225708
1.458	0.00225834
1.4592	0.0022596
1.4604	0.00226087
1.4616	0.00226213
1.4628	0.00226339
1.464	0.00226465
1.4652	0.00226591
1.4664	0.00226716
1.4676	0.00226842
1.4688	0.00226968
1.47	0.00227093
1.4712	0.00227219
1.4724	0.00227344
1.4736	0.0022747
1.4748	0.00227595
1.476	0.0022772
1.4772	0.00227845
1.4784	0.0022797
1.4796	0.00228095
1.4808	0.0022822
1.482	0.00228345
1.4832	0.0022847
1.4844	0.00228594
1.4856	0.00228719
1.4868	0.00228843
1.488	0.00228968
1.4892	0.00229092
1.4904	0.00229216
1.4916	0.00229341
1.4928	0.00229465
1.494	0.00229589
1.4952	0.00229713
1.4964	0.00229837
1.4976	0.00229961
1.4988	0.00230084
1.5	0.00230208
1.5012	0.00230332
1.5024	0.00230455
1.5036	0.00230579
1.5048	0.00230702
1.506	0.00230825
1.5072	0.00230949
1.5084	0.00231072
1.5096	0.00231195
1.5108	0.00231318
1.512	0.00231441
1.5132	0.00231564
1.5144	0.00231687
1.5156	0.00231809
1.5168	0.00231932
1.518	0.00232055
1.5192	0.00232177
1.5204	0.00232299
1.5216	0.00232422
1.5228	0.00232544
1.524	0.00232666
1.5252	0.00232788
1.5264	0.00232911
1.5276	0.00233033
1.5288	0.00233154
1.53	0.00233276
1.5312	0.00233398
1.5324	0.0023352
1.5336	0.00233641
1.5348	0.00233763
1.536	0.00233885
1.5372	0.00234006
1.5384	0.00234127
1.5396	0.00234249
1.5408	0.0023437
1.542	0.00234491
1.5432	0.00234612
1.5444	0.00234733
1.5456	0.00234854
1.5468	0.00234975
1.548	0.00235095
1.5492	0.00235216
1.5504	0.00235337
1.5516	0.00235457
1.5528	0.00235578
1.554	0.00235698
1.5552	0.00235818
1.5564	0.00235939
1.5576	0.00236059
1.5588	0.00236179
1.56	0.00236299
1.5612	0.00236419
1.5624	0.00236539
1.5636	0.00236659
1.5648	0.00236778
1.566	0.00236898
1.5672	0.00237018
1.5684	0.00237137
1.5696	0.00237257
1.5708	0.00237376
1.572	0.00237495
1.5732	0.00237615
1.5744	0.00237734
1.5756	0.00237853
1.5768	0.00237972
1.578	0.00238091
1.5792	0.0023821
1.5804	0.00238329
1.5816	0.00238447
1.5828	0.00238566
1.584	0.00238685
1.5852	0.00238803
1.5864	0.00238922
1.5876	0.0023904
1.5888	0.00239158
1.59	0.00239277
1.5912	0.00239395
1.5924	0.00239513
1.5936	0.00239631
1.5948	0.00239749
1.596	0.00239867
1.5972	0.00239985
1.5984	0.00240102
1.5996	0.0024022
1.6008	0.00240338
1.602	0.00240455
1.6032	0.00240573
1.6044	0.0024069
1.6056	0.00240808
1.6068	0.00240925
1.608	0.00241042
1.6092	0.00241159
1.6104	0.00241276
1.6116	0.00241393
1.6128	0.0024151
1.614	0.00241627
1.6152	0.00241744
1.6164	0.0024186
1.6176	0.00241977
1.6188	0.00242094
1.62	0.0024221
1.6212	0.00242326
1.6224	0.00242443
1.6236	0.00242559
1.6248	0.00242675
1.626	0.00242791
1.6272	0.00242908
1.6284	0.00243024
1.6296	0.00243139
1.6308	0.00243255
1.632	0.00243371
1.6332	0.00243487
1.6344	0.00243602
1.6356	0.00243718
1.6368	0.00243834
1.638	0.00243949
1.6392	0.00244064
1.6404	0.0024418
1.6416	0.00244295
1.6428	0.0024441
1.644	0.00244525
1.6452	0.0024464
1.6464	0.00244755
1.6476	0.0024487
1.6488	0.00244985
1.65	0.002451
1.6512	0.00245214
1.6524	0.00245329
1.6536	0.00245444
1.6548	0.00245558
1.656	0.00245672
1.6572	0.00245787
1.6584	0.00245901
1.6596	0.00246015
1.6608	0.00246129
1.662	0.00246243
1.6632	0.00246357
1.6644	0.00246471
1.6656	0.00246585
1.6668	0.00246699
1.668	0.00246813
1.6692	0.00246926
1.6704	0.0024704
1.6716	0.00247154
1.6728	0.00247267
1.674	0.0024738
1.6752	0.00247494
1.6764	0.00247607
1.6776	0.0024772
1.6788	0.00247833
1.68	0.00247946
1.6812	0.00248059
1.6824	0.00248172
1.6836	0.00248285
1.6848	0.00248398
1.686	0.00248511
1.6872	0.00248623
1.6884	0.00248736
1.6896	0.00248848
1.6908	0.00248961
1.692	0.00249073
1.6932	0.00249185
1.6944	0.00249298
1.6956	0.0024941
1.6968	0.00249522
1.698	0.00249634
1.6992	0.00249746
1.7004	0.00249858
1.7016	0.0024997
1.7028	0.00250081
1.704	0.00250193
1.7052	0.00250305
1.7064	0.00250416
1.7076	0.00250528
1.7088	0.00250639
1.71	0.00250751
1.7112	0.00250862
1.7124	0.00250973
1.7136	0.00251084
1.7148	0.00251195
1.716	0.00251306
1.7172	0.00251417
1.7184	0.00251528
1.7196	0.00251639
1.7208	0.0025175
1.722	0.00251861
1.7232	0.00251971
1.7244	0.00252082
1.7256	0.00252192
1.7268	0.00252303
1.728	0.00252413
1.7292	0.00252523
1.7304	0.00252634
1.7316	0.00252744
1.7328	0.00252854
1.734	0.00252964
1.7352	0.00253074
1.7364	0.00253184
1.7376	0.00253294
1.7388	0.00253403
1.74	0.00253513
1.7412	0.00253623
1.7424	0.00253732
1.7436	0.00253842
1.7448	0.00253951
1.746	0.00254061
1.7472	0.0025417
1.7484	0.00254279
1.7496	0.00254388
1.7508	0.00254498
1.752	0.00254607
1.7532	0.00254716
1.7544	0.00254824
1.7556	0.00254933
1.7568	0.00255042
1.758	0.00255151
1.7592	0.0025526
1.7604	0.00255368
1.7616	0.00255477
1.7628	0.00255585
1.764	0.00255693
1.7652	0.00255802
1.7664	0.0025591
1.7676	0.00256018
1.7688	0.00256126
1.77	0.00256234
1.7712	0.00256343
1.7724	0.0025645
1.7736	0.00256558
1.7748	0.00256666
1.776	0.00256774
1.7772	0.00256882
1.7784	0.00256989
1.7796	0.00257097
1.7808	0.00257204
1.782	0.00257312
1.7832	0.00257419
1.7844	0.00257526
1.7856	0.00257634
1.7868	0.00257741
1.788	0.00257848
1.7892	0.00257955
1.7904	0.00258062
1.7916	0.00258169
1.7928	0.00258276
1.794	0.00258382
1.7952	0.00258489
1.7964	0.00258596
1.7976	0.00258702
1.7988	0.00258809
1.8	0.00258915
1.8012	0.00259022
1.8024	0.00259128
1.8036	0.00259234
1.8048	0.00259341
1.806	0.00259447
1.8072	0.00259553
1.8084	0.00259659
1.8096	0.00259765
1.8108	0.00259871
1.812	0.00259977
1.8132	0.00260082
1.8144	0.00260188
1.8156	0.00260294
1.8168	0.00260399
1.818	0.00260505
1.8192	0.0026061
1.8204	0.00260716
1.8216	0.00260821
1.8228	0.00260926
1.824	0.00261031
1.8252	0.00261136
1.8264	0.00261241
1.8276	0.00261347
1.8288	0.00261451
1.83	0.00261556
1.8312	0.00261661
1.8324	0.00261766
1.8336	0.00261871
1.8348	0.00261975
1.836	0.0026208
1.8372	0.00262184
1.8384	0.00262289
1.8396	0.00262393
1.8408	0.00262497
1.842	0.00262602
1.8432	0.00262706
1.8444	0.0026281
1.8456	0.00262914
1.8468	0.00263018
1.848	0.00263122
1.8492	0.00263226
1.8504	0.0026333
1.8516	0.00263433
1.8528	0.00263537
1.854	0.00263641
1.8552	0.00263744
1.8564	0.00263848
1.8576	0.00263951
1.8588	0.00264055
1.86	0.00264158
1.8612	0.00264261
1.8624	0.00264364
1.8636	0.00264468
1.8648	0.00264571
1.866	0.00264674
1.8672	0.00264777
1.8684	0.00264879
1.8696	0.00264982
1.8708	0.00265085
1.872	0.00265188
1.8732	0.0026529
1.8744	0.00265393
1.8756	0.00265495
1.8768	0.00265598
1.878	0.002657
1.8792	0.00265803
1.8804	0.00265905
1.8816	0.00266007
1.8828	0.00266109
1.884	0.00266211
1.8852	0.00266313
1.8864	0.00266415
1.8876	0.00266517
1.8888	0.00266619
1.89	0.00266721
1.8912	0.00266823
1.8924	0.00266924
1.8936	0.00267026
1.8948	0.00267127
1.896	0.00267229
1.8972	0.0026733
1.8984	0.00267432
1.8996	0.00267533
1.9008	0.00267634
1.902	0.00267735
1.9032	0.00267836
1.9044	0.00267937
1.9056	0.00268038
1.9068	0.00268139
1.908	0.0026824
1.9092	0.00268341
1.9104	0.00268442
1.9116	0.00268542
1.9128	0.00268643
1.914	0.00268744
1.9152	0.00268844
1.9164	0.00268945
1.9176	0.00269045
1.9188	0.00269145
1.92	0.00269246
1.9212	0.00269346
1.9224	0.00269446
1.9236	0.00269546
1.9248	0.00269646
1.926	0.00269746
1.9272	0.00269846
1.9284	0.00269946
1.9296	0.00270046
1.9308	0.00270145
1.932	0.00270245
1.9332	0.00270345
1.9344	0.00270444
1.9356	0.00270544
1.9368	0.00270643
1.938	0.00270742
1.9392	0.00270842
1.9404	0.00270941
1.9416	0.0027104
1.9428	0.00271139
1.944	0.00271238
1.9452	0.00271337
1.9464	0.00271436
1.9476	0.00271535
1.9488	0.00271634
1.95	0.00271733
1.9512	0.00271831
1.9524	0.0027193
1.9536	0.00272029
1.9548	0.00272127
1.956	0.00272226
1.9572	0.00272324
1.9584	0.00272423
1.9596	0.00272521
1.9608	0.00272619
1.962	0.00272717
1.9632	0.00272815
1.9644	0.00272913
1.9656	0.00273011
1.9668	0.00273109
1.968	0.00273207
1.9692	0.00273305
1.9704	0.00273403
1.9716	0.00273501
1.9728	0.00273598
1.974	0.00273696
1.9752	0.00273793
1.9764	0.00273891
1.9776	0.00273988
1.9788	0.00274086
1.98	0.00274183
1.9812	0.0027428
1.9824	0.00274377
1.9836	0.00274474
1.9848	0.00274572
1.986	0.00274669
1.9872	0.00274765
1.9884	0.00274862
1.9896	0.00274959
1.9908	0.00275056
1.992	0.00275153
1.9932	0.00275249
1.9944	0.00275346
1.9956	0.00275443
1.9968	0.00275539
1.998	0.00275635
1.9992	0.00275732
2.0004	0.00275828
2.0016	0.00275924
2.0028	0.00276021
2.004	0.00276117
2.0052	0.00276213
2.0064	0.00276309
2.0076	0.00276405
2.0088	0.00276501
2.01	0.00276597
2.0112	0.00276692
2.0124	0.00276788
2.0136	0.00276884
2.0148	0.00276979
2.016	0.00277075
2.0172	0.0027717
2.0184	0.00277266
2.0196	0.00277361
2.0208	0.00277457
2.022	0.00277552
2.0232	0.00277647
2.0244	0.00277742
2.0256	0.00277837
2.0268	0.00277932
2.028	0.00278027
2.0292	0.00278122
2.0304	0.00278217
2.0316	0.00278312
2.0328	0.00278407
2.034	0.00278502
2.0352	0.00278596
2.0364	0.00278691
2.0376	0.00278785
2.0388	0.0027888
2.04	0.00278974
2.0412	0.00279069
2.0424	0.00279163
2.0436	0.00279257
2.0448	0.00279351
2.046	0.00279446
2.0472	0.0027954
2.0484	0.00279634
2.0496	0.00279728
2.0508	0.00279822
2.052	0.00279915
2.0532	0.00280009
2.0544	0.00280103
2.0556	0.00280197
2.0568	0.0028029
2.058	0.00280384
2.0592	0.00280477
2.0604	0.00280571
2.0616	0.00280664
2.0628	0.00280758
2.064	0.00280851
2.0652	0.00280944
2.0664	0.00281037
2.0676	0.0028113
2.0688	0.00281224
2.07	0.00281317
2.0712	0.0028141
2.0724	0.00281502
2.0736	0.00281595
2.0748	0.00281688
2.076	0.00281781
2.0772	0.00281874
2.0784	0.00281966
2.0796	0.00282059
2.0808	0.00282151
2.082	0.00282244
2.0832	0.00282336
2.0844	0.00282428
2.0856	0.00282521
2.0868	0.00282613
2.088	0.00282705
2.0892	0.00282797
2.0904	0.00282889
2.0916	0.00282981
2.0928	0.00283073
2.094	0.00283165
2.0952	0.00283257
2.0964	0.00283349
2.0976	0.00283441
2.0988	0.00283532
2.1	0.00283624
2.1012	0.00283716
2.1024	0.00283807
2.1036	0.00283899
2.1048	0.0028399
2.106	0.00284081
2.1072	0.00284173
2.1084	0.00284264
2.1096	0.00284355
2.1108	0.00284446
2.112	0.00284537
2.1132	0.00284628
2.1144	0.00284719
2.1156	0.0028481
2.1168	0.00284901
2.118	0.00284992
2.1192	0.00285083
2.1204	0.00285173
2.1216	0.00285264
2.1228	0.00285355
2.124	0.00285445
2.1252	0.00285536
2.1264	0.00285626
2.1276	0.00285717
2.1288	0.00285807
2.13	0.00285897
2.1312	0.00285987
2.1324	0.00286078
2.1336	0.00286168
2.1348	0.00286258
2.136	0.00286348
2.1372	0.00286438
2.1384	0.00286528
2.1396	0.00286617
2.1408	0.00286707
2.142	0.00286797
2.1432	0.00286887
2.1444	0.00286976
2.1456	0.00287066
2.1468	0.00287155
2.148	0.00287245
2.1492	0.00287334
2.1504	0.00287423
2.1516	0.00287513
2.1528	0.00287602
2.154	0.00287691
2.1552	0.0028778
2.1564	0.00287869
2.1576	0.00287958
2.1588	0.00288047
2.16	0.00288136
2.1612	0.00288225
2.1624	0.00288314
2.1636	0.00288403
2.1648	0.00288492
2.166	0.0028858
2.1672	0.00288669
2.1684	0.00288757
2.1696	0.00288846
2.1708	0.00288934
2.172	0.00289023
2.1732	0.00289111
2.1744	0.00289199
2.1756	0.00289288
2.1768	0.00289376
2.178	0.00289464
2.1792	0.00289552
2.1804	0.0028964
2.1816	0.00289728
2.1828	0.00289816
2.184	0.00289904
2.1852	0.00289992
2.1864	0.00290079
2.1876	0.00290167
2.1888	0.00290255
2.19	0.00290342
2.1912	0.0029043
2.1924	0.00290517
2.1936	0.00290605
2.1948	0.00290692
2.196	0.0029078
2.1972	0.00290867
2.1984	0.00290954
2.1996	0.00291041
2.2008	0.00291128
2.202	0.00291215
2.2032	0.00291302
2.2044	0.00291389
2.2056	0.00291476
2.2068	0.00291563
2.208	0.0029165
2.2092	0.00291737
2.2104	0.00291824
2.2116	0.0029191
2.2128	0.00291997
2.214	0.00292083
2.2152	0.0029217
2.2164	0.00292256
2.2176	0.00292343
2.2188	0.00292429
2.22	0.00292515
2.2212	0.00292602
2.2224	0.00292688
2.2236	0.00292774
2.2248	0.0029286
2.226	0.00292946
2.2272	0.00293032
2.2284	0.00293118
2.2296	0.00293204
2.2308	0.0029329
2.232	0.00293376
2.2332	0.00293461
2.2344	0.00293547
2.2356	0.00293633
2.2368	0.00293718
2.238	0.00293804
2.2392	0.00293889
2.2404	0.00293975
2.2416	0.0029406
2.2428	0.00294145
2.244	0.00294231
2.2452	0.00294316
2.2464	0.00294401
2.2476	0.00294486
2.2488	0.00294571
2.25	0.00294656
2.2512	0.00294741
2.2524	0.00294826
2.2536	0.00294911
2.2548	0.00294996
2.256	0.0029508
2.2572	0.00295165
2.2584	0.0029525
2.2596	0.00295334
2.2608	0.00295419
2.262	0.00295503
2.2632	0.00295588
2.2644	0.00295672
2.2656	0.00295757
2.2668	0.00295841
2.268	0.00295925
2.2692	0.00296009
2.2704	0.00296094
2.2716	0.00296178
2.2728	0.00296262
2.274	0.00296346
2.2752	0.0029643
2.2764	0.00296514
2.2776	0.00296597
2.2788	0.00296681
2.28	0.00296765
2.2812	0.00296849
2.2824	0.00296932
2.2836	0.00297016
2.2848	0.00297099
2.286	0.00297183
2.2872	0.00297266
2.2884	0.0029735
2.2896	0.00297433
2.2908	0.00297516
2.292	0.002976
2.2932	0.00297683
2.2944	0.00297766
2.2956	0.00297849
2.2968	0.00297932
2.298	0.00298015
2.2992	0.00298098
2.3004	0.00298181
2.3016	0.00298264
2.3028	0.00298347
2.304	0.00298429
2.3052	0.00298512
2.3064	0.00298595
2.3076	0.00298677
2.3088	0.0029876
2.31	0.00298842
2.3112	0.00298925
2.3124	0.00299007
2.3136	0.0029909
2.3148	0.00299172
2.316	0.00299254
2.3172	0.00299336
2.3184	0.00299419
2.3196	0.00299501
2.3208	0.00299583
2.322	0.00299665
2.3232	0.00299747
2.3244	0.00299829
2.3256	0.0029991
2.3268	0.00299992
2.328	0.00300074
2.3292	0.00300156
2.3304	0.00300237
2.3316	0.00300319
2.3328	0.00300401
2.334	0.00300482
2.3352	0.00300564
2.3364	0.00300645
2.3376	0.00300726
2.3388	0.00300808
2.34	0.00300889
2.3412	0.0030097
2.3424	0.00301051
2.3436	0.00301132
2.3448	0.00301214
2.346	0.00301295
2.3472	0.00301376
2.3484	0.00301456
2.3496	0.00301537
2.3508	0.00301618
2.352	0.00301699
2.3532	0.0030178
2.3544	0.0030186
2.3556	0.00301941
2.3568	0.00302022
2.358	0.00302102
2.3592	0.00302183
2.3604	0.00302263
2.3616	0.00302343
2.3628	0.00302424
2.364	0.00302504
2.3652	0.00302584
2.3664	0.00302665
2.3676	0.00302745
2.3688	0.00302825
2.37	0.00302905
2.3712	0.00302985
2.3724	0.00303065
2.3736	0.00303145
2.3748	0.00303225
2.376	0.00303305
2.3772	0.00303384
2.3784	0.00303464
2.3796	0.00303544
2.3808	0.00303623
2.382	0.00303703
2.3832	0.00303782
2.3844	0.00303862
2.3856	0.00303941
2.3868	0.00304021
2.388	0.003041
2.3892	0.00304179
2.3904	0.00304259
2.3916	0.00304338
2.3928	0.00304417
2.394	0.00304496
2.3952	0.00304575
2.3964	0.00304654
2.3976	0.00304733
2.3988	0.00304812
2.4	0.00304891
2.4012	0.0030497
2.4024	0.00305049
2.4036	0.00305127
2.4048	0.00305206
2.406	0.00305285
2.4072	0.00305363
2.4084	0.00305442
2.4096	0.0030552
2.4108	0.00305599
2.412	0.00305677
2.4132	0.00305755
2.4144	0.00305834
2.4156	0.00305912
2.4168	0.0030599
2.418	0.00306068
2.4192	0.00306147
2.4204	0.00306225
2.4216	0.00306303
2.4228	0.00306381
2.424	0.00306459
2.4252	0.00306536
2.4264	0.00306614
2.4276	0.00306692
2.4288	0.0030677
2.43	0.00306847
2.4312	0.00306925
2.4324	0.00307003
2.4336	0.0030708
2.4348	0.00307158
2.436	0.00307235
2.4372	0.00307313
2.4384	0.0030739
2.4396	0.00307467
2.4408	0.00307545
2.442	0.00307622
2.4432	0.00307699
2.4444	0.00307776
2.4456	0.00307853
2.4468	0.0030793
2.448	0.00308007
2.4492	0.00308084
2.4504	0.00308161
2.4516	0.00308238
2.4528	0.00308315
2.454	0.00308392
2.4552	0.00308468
2.4564	0.00308545
2.4576	0.00308622
2.4588	0.00308698
2.46	0.00308775
2.4612	0.00308851
2.4624	0.00308928
2.4636	0.00309004
2.4648	0.0030908
2.466	0.00309157
2.4672	0.00309233
2.4684	0.00309309
2.4696	0.00309385
2.4708	0.00309462
2.472	0.00309538
2.4732	0.00309614
2.4744	0.0030969
2.4756	0.00309766
2.4768	0.00309842
2.478	0.00309917
2.4792	0.00309993
2.4804	0.00310069
2.4816	0.00310145
2.4828	0.0031022
2.484	0.00310296
2.4852	0.00310372
2.4864	0.00310447
2.4876	0.00310523
2.4888	0.00310598
2.49	0.00310673
2.4912	0.00310749
2.4924	0.00310824
2.4936	0.00310899
2.4948	0.00310975
2.496	0.0031105
2.4972	0.00311125
2.4984	0.003112
2.4996	0.00311275
2.5008	0.0031135
2.502	0.00311425
2.5032	0.003115
2.5044	0.00311575
2.5056	0.0031165
2.5068	0.00311724
2.508	0.00311799
2.5092	0.00311874
2.5104	0.00311948
2.5116	0.00312023
2.5128	0.00312097
2.514	0.00312172
2.5152	0.00312246
2.5164	0.00312321
2.5176	0.00312395
2.5188	0.0031247
2.52	0.00312544
2.5212	0.00312618
2.5224	0.00312692
2.5236	0.00312766
2.5248	0.0031284
2.526	0.00312915
2.5272	0.00312989
2.5284	0.00313063
2.5296	0.00313136
2.5308	0.0031321
2.532	0.00313284
2.5332	0.00313358
2.5344	0.00313432
2.5356	0.00313505
2.5368	0.00313579
2.538	0.00313653
2.5392	0.00313726
2.5404	0.003138
2.5416	0.00313873
2.5428	0.00313947
2.544	0.0031402
2.5452	0.00314093
2.5464	0.00314167
2.5476	0.0031424
2.5488	0.00314313
2.55	0.00314386
2.5512	0.00314459
2.5524	0.00314533
2.5536	0.00314606
2.5548	0.00314679
2.556	0.00314752
2.5572	0.00314824
2.5584	0.00314897
2.5596	0.0031497
2.5608	0.00315043
2.562	0.00315116
2.5632	0.00315188
2.5644	0.00315261
2.5656	0.00315334
2.5668	0.00315406
2.568	0.00315479
2.5692	0.00315551
2.5704	0.00315624
2.5716	0.00315696
2.5728	0.00315768
2.574	0.00315841
2.5752	0.00315913
2.5764	0.00315985
2.5776	0.00316057
2.5788	0.00316129
2.58	0.00316201
2.5812	0.00316273
2.5824	0.00316345
2.5836	0.00316417
2.5848	0.00316489
2.586	0.00316561
2.5872	0.00316633
2.5884	0.00316705
2.5896	0.00316777
2.5908	0.00316848
2.592	0.0031692
2.5932	0.00316992
2.5944	0.00317063
2.5956	0.00317135
2.5968	0.00317206
2.598	0.00317278
2.5992	0.00317349
2.6004	0.0031742
2.6016	0.00317492
2.6028	0.00317563
2.604	0.00317634
2.6052	0.00317705
2.6064	0.00317776
2.6076	0.00317847
2.6088	0.00317919
2.61	0.0031799
2.6112	0.0031806
2.6124	0.00318131
2.6136	0.00318202
2.6148	0.00318273
2.616	0.00318344
2.6172	0.00318415
2.6184	0.00318485
2.6196	0.00318556
2.6208	0.00318627
2.622	0.00318697
2.6232	0.00318768
2.6244	0.00318838
2.6256	0.00318909
2.6268	0.00318979
2.628	0.0031905
2.6292	0.0031912
2.6304	0.0031919
2.6316	0.0031926
2.6328	0.00319331
2.634	0.00319401
2.6352	0.00319471
2.6364	0.00319541
2.6376	0.00319611
2.6388	0.00319681
2.64	0.00319751
2.6412	0.00319821
2.6424	0.00319891
2.6436	0.00319961
2.6448	0.0032003
2.646	0.003201
2.6472	0.0032017
2.6484	0.00320239
2.6496	0.00320309
2.6508	0.00320379
2.652	0.00320448
2.6532	0.00320518
2.6544	0.00320587
2.6556	0.00320657
2.6568	0.00320726
2.658	0.00320795
2.6592	0.00320865
2.6604	0.00320934
2.6616	0.00321003
2.6628	0.00321072
2.664	0.00321141
2.6652	0.0032121
2.6664	0.00321279
2.6676	0.00321348
2.6688	0.00321417
2.67	0.00321486
2.6712	0.00321555
2.6724	0.00321624
2.6736	0.00321693
2.6748	0.00321761
2.676	0.0032183
2.6772	0.00321899
2.6784	0.00321967
2.6796	0.00322036
2.6808	0.00322105
2.682	0.00322173
2.6832	0.00322242
2.6844	0.0032231
2.6856	0.00322378
2.6868	0.00322447
2.688	0.00322515
2.6892	0.00322583
2.6904	0.00322651
2.6916	0.0032272
2.6928	0.00322788
2.694	0.00322856
2.6952	0.00322924
2.6964	0.00322992
2.6976	0.0032306
2.6988	0.00323128
2.7	0.00323196
2.7012	0.00323263
2.7024	0.00323331
2.7036	0.00323399
2.7048	0.00323467
2.706	0.00323534
2.7072	0.00323602
2.7084	0.0032367
2.7096	0.00323737
2.7108	0.00323805
2.712	0.00323872
2.7132	0.0032394
2.7144	0.00324007
2.7156	0.00324074
2.7168	0.00324142
2.718	0.00324209
2.7192	0.00324276
2.7204	0.00324343
2.7216	0.00324411
2.7228	0.00324478
2.724	0.00324545
2.7252	0.00324612
2.7264	0.00324679
2.7276	0.00324746
2.7288	0.00324813
2.73	0.0032488
2.7312	0.00324946
2.7324	0.00325013
2.7336	0.0032508
2.7348	0.00325147
2.736	0.00325213
2.7372	0.0032528
2.7384	0.00325347
2.7396	0.00325413
2.7408	0.0032548
2.742	0.00325546
2.7432	0.00325613
2.7444	0.00325679
2.7456	0.00325745
2.7468	0.00325812
2.748	0.00325878
2.7492	0.00325944
2.7504	0.0032601
2.7516	0.00326076
2.7528	0.00326143
2.754	0.00326209
2.7552	0.00326275
2.7564	0.00326341
2.7576	0.00326407
2.7588	0.00326473
2.76	0.00326538
2.7612	0.00326604
2.7624	0.0032667
2.7636	0.00326736
2.7648	0.00326802
2.766	0.00326867
2.7672	0.00326933
2.7684	0.00326998
2.7696	0.00327064
2.7708	0.0032713
2.772	0.00327195
2.7732	0.00327261
2.7744	0.00327326
2.7756	0.00327391
2.7768	0.00327457
2.778	0.00327522
2.7792	0.00327587
2.7804	0.00327652
2.7816	0.00327718
2.7828	0.00327783
2.784	0.00327848
2.7852	0.00327913
2.7864	0.00327978
2.7876	0.00328043
2.7888	0.00328108
2.79	0.00328173
2.7912	0.00328237
2.7924	0.00328302
2.7936	0.00328367
2.7948	0.00328432
2.796	0.00328497
2.7972	0.00328561
2.7984	0.00328626
2.7996	0.0032869
2.8008	0.00328755
2.802	0.00328819
2.8032	0.00328884
2.8044	0.00328948
2.8056	0.00329013
2.8068	0.00329077
2.808	0.00329141
2.8092	0.00329206
2.8104	0.0032927
2.8116	0.00329334
2.8128	0.00329398
2.814	0.00329462
2.8152	0.00329527
2.8164	0.00329591
2.8176	0.00329655
2.8188	0.00329719
2.82	0.00329782
2.8212	0.00329846
2.8224	0.0032991
2.8236	0.00329974
2.8248	0.00330038
2.826	0.00330102
2.8272	0.00330165
2.8284	0.00330229
2.8296	0.00330293
2.8308	0.00330356
2.832	0.0033042
2.8332	0.00330483
2.8344	0.00330547
2.8356	0.0033061
2.8368	0.00330673
2.838	0.00330737
2.8392	0.003308
2.8404	0.00330863
2.8416	0.00330927
2.8428	0.0033099
2.844	0.00331053
2.8452	0.00331116
2.8464	0.00331179
2.8476	0.00331242
2.8488	0.00331305
2.85	0.00331368
2.8512	0.00331431
2.8524	0.00331494
2.8536	0.00331557
2.8548	0.0033162
2.856	0.00331683
2.8572	0.00331745
2.8584	0.00331808
2.8596	0.00331871
2.8608	0.00331933
2.862	0.00331996
2.8632	0.00332059
2.8644	0.00332121
2.8656	0.00332184
2.8668	0.00332246
2.868	0.00332309
2.8692	0.00332371
2.8704	0.00332433
2.8716	0.00332496
2.8728	0.00332558
2.874	0.0033262
2.8752	0.00332682
2.8764	0.00332744
2.8776	0.00332807
2.8788	0.00332869
2.88	0.00332931
2.8812	0.00332993
2.8824	0.00333055
2.8836	0.00333117
2.8848	0.00333178
2.886	0.0033324
2.8872	0.00333302
2.8884	0.00333364
2.8896	0.00333426
2.8908	0.00333487
2.892	0.00333549
2.8932	0.00333611
2.8944	0.00333672
2.8956	0.00333734
2.8968	0.00333795
2.898	0.00333857
2.8992	0.00333918
2.9004	0.0033398
2.9016	0.00334041
2.9028	0.00334102
2.904	0.00334164
2.9052	0.00334225
2.9064	0.00334286
2.9076	0.00334347
2.9088	0.00334409
2.91	0.0033447
2.9112	0.00334531
2.9124	0.00334592
2.9136	0.00334653
2.9148	0.00334714
2.916	0.00334775
2.9172	0.00334836
2.9184	0.00334896
2.9196	0.00334957
2.9208	0.00335018
2.922	0.00335079
2.9232	0.0033514
2.9244	0.003352
2.9256	0.00335261
2.9268	0.00335321
2.928	0.00335382
2.9292	0.00335443
2.9304	0.00335503
2.9316	0.00335564
2.9328	0.00335624
2.934	0.00335684
2.9352	0.00335745
2.9364	0.00335805
2.9376	0.00335865
2.9388	0.00335926
2.94	0.00335986
2.9412	0.00336046
2.9424	0.00336106
2.9436	0.00336166
2.9448	0.00336226
2.946	0.00336286
2.9472	0.00336346
2.9484	0.00336406
2.9496	0.00336466
2.9508	0.00336526
2.952	0.00336586
2.9532	0.00336646
2.9544	0.00336705
2.9556	0.00336765
2.9568	0.00336825
2.958	0.00336885
2.9592	0.00336944
2.9604	0.00337004
2.9616	0.00337063
2.9628	0.00337123
2.964	0.00337182
2.9652	0.00337242
2.9664	0.00337301
2.9676	0.00337361
2.9688	0.0033742
2.97	0.00337479
2.9712	0.00337539
2.9724	0.00337598
2.9736	0.00337657
2.9748	0.00337716
2.976	0.00337775
2.9772	0.00337834
2.9784	0.00337893
2.9796	0.00337952
2.9808	0.00338011
2.982	0.0033807
2.9832	0.00338129
2.9844	0.00338188
2.9856	0.00338247
2.9868	0.00338306
2.988	0.00338365
2.9892	0.00338423
2.9904	0.00338482
2.9916	0.00338541
2.9928	0.00338599
2.994	0.00338658
2.9952	0.00338717
2.9964	0.00338775
2.9976	0.00338834
2.9988	0.00338892
3	0.00338951
3.0012	0.00339009
3.0024	0.00339067
3.0036	0.00339126
3.0048	0.00339184
3.006	0.00339242
3.0072	0.003393
3.0084	0.00339359
3.0096	0.00339417
3.0108	0.00339475
3.012	0.00339533
3.0132	0.00339591
3.0144	0.00339649
3.0156	0.00339707
3.0168	0.00339765
3.018	0.00339823
3.0192	0.00339881
3.0204	0.00339939
3.0216	0.00339996
3.0228	0.00340054
3.024	0.00340112
3.0252	0.0034017
3.0264	0.00340227
3.0276	0.00340285
3.0288	0.00340342
3.03	0.003404
3.0312	0.00340457
3.0324	0.00340515
3.0336	0.00340572
3.0348	0.0034063
3.036	0.00340687
3.0372	0.00340745
3.0384	0.00340802
3.0396	0.00340859
3.0408	0.00340916
3.042	0.00340974
3.0432	0.00341031
3.0444	0.00341088
3.0456	0.00341145
3.0468	0.00341202
3.048	0.00341259
3.0492	0.00341316
3.0504	0.00341373
3.0516	0.0034143
3.0528	0.00341487
3.054	0.00341544
3.0552	0.00341601
3.0564	0.00341658
3.0576	0.00341714
3.0588	0.00341771
3.06	0.00341828
3.0612	0.00341884
3.0624	0.00341941
3.0636	0.00341998
3.0648	0.00342054
3.066	0.00342111
3.0672	0.00342167
3.0684	0.00342224
3.0696	0.0034228
3.0708	0.00342337
3.072	0.00342393
3.0732	0.00342449
3.0744	0.00342506
3.0756	0.00342562
3.0768	0.00342618
3.078	0.00342674
3.0792	0.0034273
3.0804	0.00342787
3.0816	0.00342843
3.0828	0.00342899
3.084	0.00342955
3.0852	0.00343011
3.0864	0.00343067
3.0876	0.00343123
3.0888	0.00343178
3.09	0.00343234
3.0912	0.0034329
3.0924	0.00343346
3.0936	0.00343402
3.0948	0.00343457
3.096	0.00343513
3.0972	0.00343569
3.0984	0.00343624
3.0996	0.0034368
3.1008	0.00343736
3.102	0.00343791
3.1032	0.00343847
3.1044	0.00343902
3.1056	0.00343957
3.1068	0.00344013
3.108	0.00344068
3.1092	0.00344123
3.1104	0.00344179
3.1116	0.00344234
3.1128	0.00344289
3.114	0.00344344
3.1152	0.003444
3.1164	0.00344455
3.1176	0.0034451
3.1188	0.00344565
3.12	0.0034462
3.1212	0.00344675
3.1224	0.0034473
3.1236	0.00344785
3.1248	0.0034484
3.126	0.00344895
3.1272	0.00344949
3.1284	0.00345004
3.1296	0.00345059
3.1308	0.00345114
3.132	0.00345168
3.1332	0.00345223
3.1344	0.00345278
3.1356	0.00345332
3.1368	0.00345387
3.138	0.00345441
3.1392	0.00345496
3.1404	0.0034555
3.1416	0.00345605
3.1428	0.00345659
3.144	0.00345714
3.1452	0.00345768
3.1464	0.00345822
3.1476	0.00345876
3.1488	0.00345931
3.15	0.00345985
3.1512	0.00346039
3.1524	0.00346093
3.1536	0.00346147
3.1548	0.00346201
3.156	0.00346255
3.1572	0.00346309
3.1584	0.00346363
3.1596	0.00346417
3.1608	0.00346471
3.162	0.00346525
3.1632	0.00346579
3.1644	0.00346633
3.1656	0.00346687
3.1668	0.0034674
3.168	0.00346794
3.1692	0.00346848
3.1704	0.00346901
3.1716	0.00346955
3.1728	0.00347009
3.174	0.00347062
3.1752	0.00347116
3.1764	0.00347169
3.1776	0.00347223
3.1788	0.00347276
3.18	0.0034733
3.1812	0.00347383
3.1824	0.00347436
3.1836	0.0034749
3.1848	0.00347543
3.186	0.00347596
3.1872	0.00347649
3.1884	0.00347702
3.1896	0.00347756
3.1908	0.00347809
3.192	0.00347862
3.1932	0.00347915
3.1944	0.00347968
3.1956	0.00348021
3.1968	0.00348074
3.198	0.00348127
3.1992	0.0034818
3.2004	0.00348232
3.2016	0.00348285
3.2028	0.00348338
3.204	0.00348391
3.2052	0.00348444
3.2064	0.00348496
3.2076	0.00348549
3.2088	0.00348602
3.21	0.00348654
3.2112	0.00348707
3.2124	0.00348759
3.2136	0.00348812
3.2148	0.00348864
3.216	0.00348917
3.2172	0.00348969
3.2184	0.00349022
3.2196	0.00349074
3.2208	0.00349126
3.222	0.00349179
3.2232	0.00349231
3.2244	0.00349283
3.2256	0.00349335
3.2268	0.00349387
3.228	0.0034944
3.2292	0.00349492
3.2304	0.00349544
3.2316	0.00349596
3.2328	0.00349648
3.234	0.003497
3.2352	0.00349752
3.2364	0.00349804
3.2376	0.00349855
3.2388	0.00349907
3.24	0.00349959
3.2412	0.00350011
3.2424	0.00350063
3.2436	0.00350114
3.2448	0.00350166
3.246	0.00350218
3.2472	0.00350269
3.2484	0.00350321
3.2496	0.00350373
3.2508	0.00350424
3.252	0.00350476
3.2532	0.00350527
3.2544	0.00350579
3.2556	0.0035063
3.2568	0.00350681
3.258	0.00350733
3.2592	0.00350784
3.2604	0.00350835
3.2616	0.00350887
3.2628	0.00350938
3.264	0.00350989
3.2652	0.0035104
3.2664	0.00351091
3.2676	0.00351142
3.2688	0.00351194
3.27	0.00351245
3.2712	0.00351296
3.2724	0.00351347
3.2736	0.00351398
3.2748	0.00351449
3.276	0.00351499
3.2772	0.0035155
3.2784	0.00351601
3.2796	0.00351652
3.2808	0.00351703
3.282	0.00351753
3.2832	0.00351804
3.2844	0.00351855
3.2856	0.00351905
3.2868	0.00351956
3.288	0.00352007
3.2892	0.00352057
3.2904	0.00352108
3.2916	0.00352158
3.2928	0.00352209
3.294	0.00352259
3.2952	0.0035231
3.2964	0.0035236
3.2976	0.0035241
3.2988	0.00352461
3.3	0.00352511
3.3012	0.00352561
3.3024	0.00352611
3.3036	0.00352662
3.3048	0.00352712
3.306	0.00352762
3.3072	0.00352812
3.3084	0.00352862
3.3096	0.00352912
3.3108	0.00352962
3.312	0.00353012
3.3132	0.00353062
3.3144	0.00353112
3.3156	0.00353162
3.3168	0.00353212
3.318	0.00353262
3.3192	0.00353312
3.3204	0.00353361
3.3216	0.00353411
3.3228	0.00353461
3.324	0.0035351
3.3252	0.0035356
3.3264	0.0035361
3.3276	0.00353659
3.3288	0.00353709
3.33	0.00353758
3.3312	0.00353808
3.3324	0.00353857
3.3336	0.00353907
3.3348	0.00353956
3.336	0.00354006
3.3372	0.00354055
3.3384	0.00354104
3.3396	0.00354154
3.3408	0.00354203
3.342	0.00354252
3.3432	0.00354301
3.3444	0.00354351
3.3456	0.003544
3.3468	0.00354449
3.348	0.00354498
3.3492	0.00354547
3.3504	0.00354596
3.3516	0.00354645
3.3528	0.00354694
3.354	0.00354743
3.3552	0.00354792
3.3564	0.00354841
3.3576	0.0035489
3.3588	0.00354939
3.36	0.00354987
3.3612	0.00355036
3.3624	0.00355085
3.3636	0.00355134
3.3648	0.00355182
3.366	0.00355231
3.3672	0.0035528
3.3684	0.00355328
3.3696	0.00355377
3.3708	0.00355425
3.372	0.00355474
3.3732	0.00355522
3.3744	0.00355571
3.3756	0.00355619
3.3768	0.00355668
3.378	0.00355716
3.3792	0.00355764
3.3804	0.00355813
3.3816	0.00355861
3.3828	0.00355909
3.384	0.00355957
3.3852	0.00356006
3.3864	0.00356054
3.3876	0.00356102
3.3888	0.0035615
3.39	0.00356198
3.3912	0.00356246
3.3924	0.00356294
3.3936	0.00356342
3.3948	0.0035639
3.396	0.00356438
3.3972	0.00356486
3.3984	0.00356534
3.3996	0.00356582
3.4008	0.00356629
3.402	0.00356677
3.4032	0.00356725
3.4044	0.00356773
3.4056	0.0035682
3.4068	0.00356868
3.408	0.00356916
3.4092	0.00356963
3.4104	0.00357011
3.4116	0.00357059
3.4128	0.00357106
3.414	0.00357154
3.4152	0.00357201
3.4164	0.00357248
3.4176	0.00357296
3.4188	0.00357343
3.42	0.00357391
3.4212	0.00357438
3.4224	0.00357485
3.4236	0.00357533
3.4248	0.0035758
3.426	0.00357627
3.4272	0.00357674
3.4284	0.00357721
3.4296	0.00357769
3.4308	0.00357816
3.432	0.00357863
3.4332	0.0035791
3.4344	0.00357957
3.4356	0.00358004
3.4368	0.00358051
3.438	0.00358098
3.4392	0.00358145
3.4404	0.00358191
3.4416	0.00358238
3.4428	0.00358285
3.444	0.00358332
3.4452	0.00358379
3.4464	0.00358425
3.4476	0.00358472
3.4488	0.00358519
3.45	0.00358565
3.4512	0.00358612
3.4524	0.00358659
3.4536	0.00358705
3.4548	0.00358752
3.456	0.00358798
3.4572	0.00358845
3.4584	0.00358891
3.4596	0.00358938
3.4608	0.00358984
3.462	0.00359031
3.4632	0.00359077
3.4644	0.00359123
3.4656	0.00359169
3.4668	0.00359216
3.468	0.00359262
3.4692	0.00359308
3.4704	0.00359354
3.4716	0.00359401
3.4728	0.00359447
3.474	0.00359493
3.4752	0.00359539
3.4764	0.00359585
3.4776	0.00359631
3.4788	0.00359677
3.48	0.00359723
3.4812	0.00359769
3.4824	0.00359815
3.4836	0.00359861
3.4848	0.00359906
3.486	0.00359952
3.4872	0.00359998
3.4884	0.00360044
3.4896	0.0036009
3.4908	0.00360135
3.492	0.00360181
3.4932	0.00360227
3.4944	0.00360272
3.4956	0.00360318
3.4968	0.00360363
3.498	0.00360409
3.4992	0.00360454
3.5004	0.003605
3.5016	0.00360545
3.5028	0.00360591
3.504	0.00360636
3.5052	0.00360682
3.5064	0.00360727
3.5076	0.00360772
3.5088	0.00360818
3.51	0.00360863
3.5112	0.00360908
3.5124	0.00360953
3.5136	0.00360999
3.5148	0.00361044
3.516	0.00361089
3.5172	0.00361134
3.5184	0.00361179
3.5196	0.00361224
3.5208	0.00361269
3.522	0.00361314
3.5232	0.00361359
3.5244	0.00361404
3.5256	0.00361449
3.5268	0.00361494
3.528	0.00361539
3.5292	0.00361584
3.5304	0.00361629
3.5316	0.00361673
3.5328	0.00361718
3.534	0.00361763
3.5352	0.00361808
3.5364	0.00361852
3.5376	0.00361897
3.5388	0.00361942
3.54	0.00361986
3.5412	0.00362031
3.5424	0.00362075
3.5436	0.0036212
3.5448	0.00362164
3.546	0.00362209
3.5472	0.00362253
3.5484	0.00362298
3.5496	0.00362342
3.5508	0.00362386
3.552	0.00362431
3.5532	0.00362475
3.5544	0.00362519
3.5556	0.00362564
3.5568	0.00362608
3.558	0.00362652
3.5592	0.00362696
3.5604	0.0036274
3.5616	0.00362784
3.5628	0.00362829
3.564	0.00362873
3.5652	0.00362917
3.5664	0.00362961
3.5676	0.00363005
3.5688	0.00363049
3.57	0.00363093
3.5712	0.00363136
3.5724	0.0036318
3.5736	0.00363224
3.5748	0.00363268
3.576	0.00363312
3.5772	0.00363356
3.5784	0.00363399
3.5796	0.00363443
3.5808	0.00363487
3.582	0.00363531
3.5832	0.00363574
3.5844	0.00363618
3.5856	0.00363661
3.5868	0.00363705
3.588	0.00363748
3.5892	0.00363792
3.5904	0.00363836
3.5916	0.00363879
3.5928	0.00363922
3.594	0.00363966
3.5952	0.00364009
3.5964	0.00364053
3.5976	0.00364096
3.5988	0.00364139
3.6	0.00364183
3.6012	0.00364226
3.6024	0.00364269
3.6036	0.00364312
3.6048	0.00364355
3.606	0.00364399
3.6072	0.00364442
3.6084	0.00364485
3.6096	0.00364528
3.6108	0.00364571
3.612	0.00364614
3.6132	0.00364657
3.6144	0.003647
3.6156	0.00364743
3.6168	0.00364786
3.618	0.00364829
3.6192	0.00364872
3.6204	0.00364914
3.6216	0.00364957
3.6228	0.00365
3.624	0.00365043
3.6252	0.00365086
3.6264	0.00365128
3.6276	0.00365171
3.6288	0.00365214
3.63	0.00365256
3.6312	0.00365299
3.6324	0.00365341
3.6336	0.00365384
3.6348	0.00365427
3.636	0.00365469
3.6372	0.00365512
3.6384	0.00365554
3.6396	0.00365596
3.6408	0.00365639
3.642	0.00365681
3.6432	0.00365724
3.6444	0.00365766
3.6456	0.00365808
3.6468	0.00365851
3.648	0.00365893
3.6492	0.00365935
3.6504	0.00365977
3.6516	0.00366019
3.6528	0.00366062
3.654	0.00366104
3.6552	0.00366146
3.6564	0.00366188
3.6576	0.0036623
3.6588	0.00366272
3.66	0.00366314
3.6612	0.00366356
3.6624	0.00366398
3.6636	0.0036644
3.6648	0.00366482
3.666	0.00366524
3.6672	0.00366566
3.6684	0.00366607
3.6696	0.00366649
3.6708	0.00366691
3.672	0.00366733
3.6732	0.00366774
3.6744	0.00366816
3.6756	0.00366858
3.6768	0.00366899
3.678	0.00366941
3.6792	0.00366983
3.6804	0.00367024
3.6816	0.00367066
3.6828	0.00367107
3.684	0.00367149
3.6852	0.0036719
3.6864	0.00367232
3.6876	0.00367273
3.6888	0.00367315
3.69	0.00367356
3.6912	0.00367397
3.6924	0.00367439
3.6936	0.0036748
3.6948	0.00367521
3.696	0.00367563
3.6972	0.00367604
3.6984	0.00367645
3.6996	0.00367686
3.7008	0.00367727
3.702	0.00367768
3.7032	0.0036781
3.7044	0.00367851
3.7056	0.00367892
3.7068	0.00367933
3.708	0.00367974
3.7092	0.00368015
3.7104	0.00368056
3.7116	0.00368097
3.7128	0.00368138
3.714	0.00368178
3.7152	0.00368219
3.7164	0.0036826
3.7176	0.00368301
3.7188	0.00368342
3.72	0.00368382
3.7212	0.00368423
3.7224	0.00368464
3.7236	0.00368505
3.7248	0.00368545
3.726	0.00368586
3.7272	0.00368627
3.7284	0.00368667
3.7296	0.00368708
3.7308	0.00368748
3.732	0.00368789
3.7332	0.00368829
3.7344	0.0036887
3.7356	0.0036891
3.7368	0.00368951
3.738	0.00368991
3.7392	0.00369031
3.7404	0.00369072
3.7416	0.00369112
3.7428	0.00369152
3.744	0.00369193
3.7452	0.00369233
3.7464	0.00369273
3.7476	0.00369313
3.7488	0.00369354
3.75	0.00369394
3.7512	0.00369434
3.7524	0.00369474
3.7536	0.00369514
3.7548	0.00369554
3.756	0.00369594
3.7572	0.00369634
3.7584	0.00369674
3.7596	0.00369714
3.7608	0.00369754
3.762	0.00369794
3.7632	0.00369834
3.7644	0.00369874
3.7656	0.00369914
3.7668	0.00369953
3.768	0.00369993
3.7692	0.00370033
3.7704	0.00370073
3.7716	0.00370112
3.7728	0.00370152
3.774	0.00370192
3.7752	0.00370231
3.7764	0.00370271
3.7776	0.00370311
3.7788	0.0037035
3.78	0.0037039
3.7812	0.00370429
3.7824	0.00370469
3.7836	0.00370508
3.7848	0.00370548
3.786	0.00370587
3.7872	0.00370627
3.7884	0.00370666
3.7896	0.00370705
3.7908	0.00370745
3.792	0.00370784
3.7932	0.00370823
3.7944	0.00370863
3.7956	0.00370902
3.7968	0.00370941
3.798	0.0037098
3.7992	0.0037102
3.8004	0.00371059
3.8016	0.00371098
3.8028	0.00371137
3.804	0.00371176
3.8052	0.00371215
3.8064	0.00371254
3.8076	0.00371293
3.8088	0.00371332
3.81	0.00371371
3.8112	0.0037141
3.8124	0.00371449
3.8136	0.00371488
3.8148	0.00371527
3.816	0.00371566
3.8172	0.00371604
3.8184	0.00371643
3.8196	0.00371682
3.8208	0.00371721
3.822	0.0037176
3.8232	0.00371798
3.8244	0.00371837
3.8256	0.00371876
3.8268	0.00371914
3.828	0.00371953
3.8292	0.00371992
3.8304	0.0037203
3.8316	0.00372069
3.8328	0.00372107
3.834	0.00372146
3.8352	0.00372184
3.8364	0.00372223
3.8376	0.00372261
3.8388	0.00372299
3.84	0.00372338
3.8412	0.00372376
3.8424	0.00372415
3.8436	0.00372453
3.8448	0.00372491
3.846	0.00372529
3.8472	0.00372568
3.8484	0.00372606
3.8496	0.00372644
3.8508	0.00372682
3.852	0.00372721
3.8532	0.00372759
3.8544	0.00372797
3.8556	0.00372835
3.8568	0.00372873
3.858	0.00372911
3.8592	0.00372949
3.8604	0.00372987
3.8616	0.00373025
3.8628	0.00373063
3.864	0.00373101
3.8652	0.00373139
3.8664	0.00373177
3.8676	0.00373215
3.8688	0.00373252
3.87	0.0037329
3.8712	0.00373328
3.8724	0.00373366
3.8736	0.00373403
3.8748	0.00373441
3.876	0.00373479
3.8772	0.00373517
3.8784	0.00373554
3.8796	0.00373592
3.8808	0.0037363
3.882	0.00373667
3.8832	0.00373705
3.8844	0.00373742
3.8856	0.0037378
3.8868	0.00373817
3.888	0.00373855
3.8892	0.00373892
3.8904	0.0037393
3.8916	0.00373967
3.8928	0.00374004
3.894	0.00374042
3.8952	0.00374079
3.8964	0.00374116
3.8976	0.00374154
3.8988	0.00374191
3.9	0.00374228
3.9012	0.00374266
3.9024	0.00374303
3.9036	0.0037434
3.9048	0.00374377
3.906	0.00374414
3.9072	0.00374451
3.9084	0.00374488
3.9096	0.00374526
3.9108	0.00374563
3.912	0.003746
3.9132	0.00374637
3.9144	0.00374674
3.9156	0.00374711
3.9168	0.00374748
3.918	0.00374784
3.9192	0.00374821
3.9204	0.00374858
3.9216	0.00374895
3.9228	0.00374932
3.924	0.00374969
3.9252	0.00375006
3.9264	0.00375042
3.9276	0.00375079
3.9288	0.00375116
3.93	0.00375152
3.9312	0.00375189
3.9324	0.00375226
3.9336	0.00375262
3.9348	0.00375299
3.936	0.00375336
3.9372	0.00375372
3.9384	0.00375409
3.9396	0.00375445
3.9408	0.00375482
3.942	0.00375518
3.9432	0.00375555
3.9444	0.00375591
3.9456	0.00375628
3.9468	0.00375664
3.948	0.003757
3.9492	0.00375737
3.9504	0.00375773
3.9516	0.00375809
3.9528	0.00375846
3.954	0.00375882
3.9552	0.00375918
3.9564	0.00375954
3.9576	0.00375991
3.9588	0.00376027
3.96	0.00376063
3.9612	0.00376099
3.9624	0.00376135
3.9636	0.00376171
3.9648	0.00376207
3.966	0.00376243
3.9672	0.00376279
3.9684	0.00376315
3.9696	0.00376351
3.9708	0.00376387
3.972	0.00376423
3.9732	0.00376459
3.9744	0.00376495
3.9756	0.00376531
3.9768	0.00376567
3.978	0.00376603
3.9792	0.00376638
3.9804	0.00376674
3.9816	0.0037671
3.9828	0.00376746
3.984	0.00376781
3.9852	0.00376817
3.9864	0.00376853
3.9876	0.00376889
3.9888	0.00376924
3.99	0.0037696
3.9912	0.00376995
3.9924	0.00377031
3.9936	0.00377066
3.9948	0.00377102
3.996	0.00377138
3.9972	0.00377173
3.9984	0.00377208
3.9996	0.00377244
4.0008	0.00377279
4.002	0.00377315
4.0032	0.0037735
4.0044	0.00377385
4.0056	0.00377421
4.0068	0.00377456
4.008	0.00377491
4.0092	0.00377527
4.0104	0.00377562
4.0116	0.00377597
4.0128	0.00377632
4.014	0.00377668
4.0152	0.00377703
4.0164	0.00377738
4.0176	0.00377773
4.0188	0.00377808
4.02	0.00377843
4.0212	0.00377878
4.0224	0.00377913
4.0236	0.00377948
4.0248	0.00377983
4.026	0.00378018
4.0272	0.00378053
4.0284	0.00378088
4.0296	0.00378123
4.0308	0.00378158
4.032	0.00378193
4.0332	0.00378228
4.0344	0.00378263
4.0356	0.00378297
4.0368	0.00378332
4.038	0.00378367
4.0392	0.00378402
4.0404	0.00378437
4.0416	0.00378471
4.0428	0.00378506
4.044	0.00378541
4.0452	0.00378575
4.0464	0.0037861
4.0476	0.00378644
4.0488	0.00378679
4.05	0.00378714
4.0512	0.00378748
4.0524	0.00378783
4.0536	0.00378817
4.0548	0.00378852
4.056	0.00378886
4.0572	0.00378921
4.0584	0.00378955
4.0596	0.00378989
4.0608	0.00379024
4.062	0.00379058
4.0632	0.00379092
4.0644	0.00379127
4.0656	0.00379161
4.0668	0.00379195
4.068	0.0037923
4.0692	0.00379264
4.0704	0.00379298
4.0716	0.00379332
4.0728	0.00379366
4.074	0.00379401
4.0752	0.00379435
4.0764	0.00379469
4.0776	0.00379503
4.0788	0.00379537
4.08	0.00379571
4.0812	0.00379605
4.0824	0.00379639
4.0836	0.00379673
4.0848	0.00379707
4.086	0.00379741
4.0872	0.00379775
4.0884	0.00379809
4.0896	0.00379843
4.0908	0.00379877
4.092	0.0037991
4.0932	0.00379944
4.0944	0.00379978
4.0956	0.00380012
4.0968	0.00380046
4.098	0.00380079
4.0992	0.00380113
4.1004	0.00380147
4.1016	0.0038018
4.1028	0.00380214
4.104	0.00380248
4.1052	0.00380281
4.1064	0.00380315
4.1076	0.00380349
4.1088	0.00380382
4.11	0.00380416
4.1112	0.00380449
4.1124	0.00380483
4.1136	0.00380516
4.1148	0.0038055
4.116	0.00380583
4.1172	0.00380616
4.1184	0.0038065
4.1196	0.00380683
4.1208	0.00380717
4.122	0.0038075
4.1232	0.00380783
4.1244	0.00380817
4.1256	0.0038085
4.1268	0.00380883
4.128	0.00380916
4.1292	0.0038095
4.1304	0.00380983
4.1316	0.00381016
4.1328	0.00381049
4.134	0.00381082
4.1352	0.00381115
4.1364	0.00381148
4.1376	0.00381182
4.1388	0.00381215
4.14	0.00381248
4.1412	0.00381281
4.1424	0.00381314
4.1436	0.00381347
4.1448	0.0038138
4.146	0.00381413
4.1472	0.00381446
4.1484	0.00381478
4.1496	0.00381511
4.1508	0.00381544
4.152	0.00381577
4.1532	0.0038161
4.1544	0.00381643
4.1556	0.00381675
4.1568	0.00381708
4.158	0.00381741
4.1592	0.00381774
4.1604	0.00381806
4.1616	0.00381839
4.1628	0.00381872
4.164	0.00381904
4.1652	0.00381937
4.1664	0.0038197
4.1676	0.00382002
4.1688	0.00382035
4.17	0.00382067
4.1712	0.003821
4.1724	0.00382132
4.1736	0.00382165
4.1748	0.00382197
4.176	0.0038223
4.1772	0.00382262
4.1784	0.00382295
4.1796	0.00382327
4.1808	0.00382359
4.182	0.00382392
4.1832	0.00382424
4.1844	0.00382456
4.1856	0.00382489
4.1868	0.00382521
4.188	0.00382553
4.1892	0.00382586
4.1904	0.00382618
4.1916	0.0038265
4.1928	0.00382682
4.194	0.00382714
4.1952	0.00382746
4.1964	0.00382779
4.1976	0.00382811
4.1988	0.00382843
4.2	0.00382875
4.2012	0.00382907
4.2024	0.00382939
4.2036	0.00382971
4.2048	0.00383003
4.206	0.00383035
4.2072	0.00383067
4.2084	0.00383099
4.2096	0.00383131
4.2108	0.00383163
4.212	0.00383194
4.2132	0.00383226
4.2144	0.00383258
4.2156	0.0038329
4.2168	0.00383322
4.218	0.00383354
4.2192	0.00383385
4.2204	0.00383417
4.2216	0.00383449
4.2228	0.0038348
4.224	0.00383512
4.2252	0.00383544
4.2264	0.00383575
4.2276	0.00383607
4.2288	0.00383639
4.23	0.0038367
4.2312	0.00383702
4.2324	0.00383733
4.2336	0.00383765
4.2348	0.00383796
4.236	0.00383828
4.2372	0.00383859
4.2384	0.00383891
4.2396	0.00383922
4.2408	0.00383954
4.242	0.00383985
4.2432	0.00384016
4.2444	0.00384048
4.2456	0.00384079
4.2468	0.00384111
4.248	0.00384142
4.2492	0.00384173
4.2504	0.00384204
4.2516	0.00384236
4.2528	0.00384267
4.254	0.00384298
4.2552	0.00384329
4.2564	0.0038436
4.2576	0.00384392
4.2588	0.00384423
4.26	0.00384454
4.2612	0.00384485
4.2624	0.00384516
4.2636	0.00384547
4.2648	0.00384578
4.266	0.00384609
4.2672	0.0038464
4.2684	0.00384671
4.2696	0.00384702
4.2708	0.00384733
4.272	0.00384764
4.2732	0.00384795
4.2744	0.00384826
4.2756	0.00384857
4.2768	0.00384888
4.278	0.00384918
4.2792	0.00384949
4.2804	0.0038498
4.2816	0.00385011
4.2828	0.00385042
4.284	0.00385072
4.2852	0.00385103
4.2864	0.00385134
4.2876	0.00385164
4.2888	0.00385195
4.29	0.00385226
4.2912	0.00385256
4.2924	0.00385287
4.2936	0.00385318
4.2948	0.00385348
4.296	0.00385379
4.2972	0.00385409
4.2984	0.0038544
4.2996	0.0038547
4.3008	0.00385501
4.302	0.00385531
4.3032	0.00385562
4.3044	0.00385592
4.3056	0.00385623
4.3068	0.00385653
4.308	0.00385683
4.3092	0.00385714
4.3104	0.00385744
4.3116	0.00385774
4.3128	0.00385805
4.314	0.00385835
4.3152	0.00385865
4.3164	0.00385896
4.3176	0.00385926
4.3188	0.00385956
4.32	0.00385986
4.3212	0.00386016
4.3224	0.00386047
4.3236	0.00386077
4.3248	0.00386107
4.326	0.00386137
4.3272	0.00386167
4.3284	0.00386197
4.3296	0.00386227
4.3308	0.00386257
4.332	0.00386287
4.3332	0.00386317
4.3344	0.00386347
4.3356	0.00386377
4.3368	0.00386407
4.338	0.00386437
4.3392	0.00386467
4.3404	0.00386497
4.3416	0.00386527
4.3428	0.00386557
4.344	0.00386586
4.3452	0.00386616
4.3464	0.00386646
4.3476	0.00386676
4.3488	0.00386706
4.35	0.00386735
4.3512	0.00386765
4.3524	0.00386795
4.3536	0.00386824
4.3548	0.00386854
4.356	0.00386884
4.3572	0.00386913
4.3584	0.00386943
4.3596	0.00386973
4.3608	0.00387002
4.362	0.00387032
4.3632	0.00387061
4.3644	0.00387091
4.3656	0.0038712
4.3668	0.0038715
4.368	0.00387179
4.3692	0.00387209
4.3704	0.00387238
4.3716	0.00387268
4.3728	0.00387297
4.374	0.00387327
4.3752	0.00387356
4.3764	0.00387385
4.3776	0.00387415
4.3788	0.00387444
4.38	0.00387473
4.3812	0.00387503
4.3824	0.00387532
4.3836	0.00387561
4.3848	0.0038759
4.386	0.0038762
4.3872	0.00387649
4.3884	0.00387678
4.3896	0.00387707
4.3908	0.00387736
4.392	0.00387765
4.3932	0.00387795
4.3944	0.00387824
4.3956	0.00387853
4.3968	0.00387882
4.398	0.00387911
4.3992	0.0038794
4.4004	0.00387969
4.4016	0.00387998
4.4028	0.00388027
4.404	0.00388056
4.4052	0.00388085
4.4064	0.00388114
4.4076	0.00388143
4.4088	0.00388171
4.41	0.003882
4.4112	0.00388229
4.4124	0.00388258
4.4136	0.00388287
4.4148	0.00388316
4.416	0.00388344
4.4172	0.00388373
4.4184	0.00388402
4.4196	0.00388431
4.4208	0.00388459
4.422	0.00388488
4.4232	0.00388517
4.4244	0.00388545
4.4256	0.00388574
4.4268	0.00388603
4.428	0.00388631
4.4292	0.0038866
4.4304	0.00388688
4.4316	0.00388717
4.4328	0.00388746
4.434	0.00388774
4.4352	0.00388803
4.4364	0.00388831
4.4376	0.0038886
4.4388	0.00388888
4.44	0.00388916
4.4412	0.00388945
4.4424	0.00388973
4.4436	0.00389002
4.4448	0.0038903
4.446	0.00389058
4.4472	0.00389087
4.4484	0.00389115
4.4496	0.00389143
4.4508	0.00389172
4.452	0.003892
4.4532	0.00389228
4.4544	0.00389256
4.4556	0.00389285
4.4568	0.00389313
4.458	0.00389341
4.4592	0.00389369
4.4604	0.00389397
4.4616	0.00389425
4.4628	0.00389454
4.464	0.00389482
4.4652	0.0038951
4.4664	0.00389538
4.4676	0.00389566
4.4688	0.00389594
4.47	0.00389622
4.4712	0.0038965
4.4724	0.00389678
4.4736	0.00389706
4.4748	0.00389734
4.476	0.00389762
4.4772	0.0038979
4.4784	0.00389818
4.4796	0.00389845
4.4808	0.00389873
4.482	0.00389901
4.4832	0.00389929
4.4844	0.00389957
4.4856	0.00389985
4.4868	0.00390012
4.488	0.0039004
4.4892	0.00390068
4.4904	0.00390096
4.4916	0.00390123
4.4928	0.00390151
4.494	0.00390179
4.4952	0.00390206
4.4964	0.00390234
4.4976	0.00390262
4.4988	0.00390289
4.5	0.00390317
4.5012	0.00390345
4.5024	0.00390372
4.5036	0.003904
4.5048	0.00390427
4.506	0.00390455
4.5072	0.00390482
4.5084	0.0039051
4.5096	0.00390537
4.5108	0.00390565
4.512	0.00390592
4.5132	0.00390619
4.5144	0.00390647
4.5156	0.00390674
4.5168	0.00390702
4.518	0.00390729
4.5192	0.00390756
4.5204	0.00390784
4.5216	0.00390811
4.5228	0.00390838
4.524	0.00390865
4.5252	0.00390893
4.5264	0.0039092
4.5276	0.00390947
4.5288	0.00390974
4.53	0.00391002
4.5312	0.00391029
4.5324	0.00391056
4.5336	0.00391083
4.5348	0.0039111
4.536	0.00391137
4.5372	0.00391164
4.5384	0.00391191
4.5396	0.00391218
4.5408	0.00391246
4.542	0.00391273
4.5432	0.003913
4.5444	0.00391327
4.5456	0.00391354
4.5468	0.00391381
4.548	0.00391407
4.5492	0.00391434
4.5504	0.00391461
4.5516	0.00391488
4.5528	0.00391515
4.554	0.00391542
4.5552	0.00391569
4.5564	0.00391596
4.5576	0.00391622
4.5588	0.00391649
4.56	0.00391676
4.5612	0.00391703
4.5624	0.0039173
4.5636	0.00391756
4.5648	0.00391783
4.566	0.0039181
4.5672	0.00391836
4.5684	0.00391863
4.5696	0.0039189
4.5708	0.00391916
4.572	0.00391943
4.5732	0.0039197
4.5744	0.00391996
4.5756	0.00392023
4.5768	0.00392049
4.578	0.00392076
4.5792	0.00392102
4.5804	0.00392129
4.5816	0.00392155
4.5828	0.00392182
4.584	0.00392208
4.5852	0.00392235
4.5864	0.00392261
4.5876	0.00392288
4.5888	0.00392314
4.59	0.0039234
4.5912	0.00392367
4.5924	0.00392393
4.5936	0.00392419
4.5948	0.00392446
4.596	0.00392472
4.5972	0.00392498
4.5984	0.00392525
4.5996	0.00392551
4.6008	0.00392577
4.602	0.00392603
4.6032	0.0039263
4.6044	0.00392656
4.6056	0.00392682
4.6068	0.00392708
4.608	0.00392734
4.6092	0.0039276
4.6104	0.00392787
4.6116	0.00392813
4.6128	0.00392839
4.614	0.00392865
4.6152	0.00392891
4.6164	0.00392917
4.6176	0.00392943
4.6188	0.00392969
4.62	0.00392995
4.6212	0.00393021
4.6224	0.00393047
4.6236	0.00393073
4.6248	0.00393099
4.626	0.00393125
4.6272	0.00393151
4.6284	0.00393176
4.6296	0.00393202
4.6308	0.00393228
4.632	0.00393254
4.6332	0.0039328
4.6344	0.00393306
4.6356	0.00393331
4.6368	0.00393357
4.638	0.00393383
4.6392	0.00393409
4.6404	0.00393434
4.6416	0.0039346
4.6428	0.00393486
4.644	0.00393512
4.6452	0.00393537
4.6464	0.00393563
4.6476	0.00393588
4.6488	0.00393614
4.65	0.0039364
4.6512	0.00393665
4.6524	0.00393691
4.6536	0.00393716
4.6548	0.00393742
4.656	0.00393768
4.6572	0.00393793
4.6584	0.00393819
4.6596	0.00393844
4.6608	0.00393869
4.662	0.00393895
4.6632	0.0039392
4.6644	0.00393946
4.6656	0.00393971
4.6668	0.00393997
4.668	0.00394022
4.6692	0.00394047
4.6704	0.00394073
4.6716	0.00394098
4.6728	0.00394123
4.674	0.00394149
4.6752	0.00394174
4.6764	0.00394199
4.6776	0.00394224
4.6788	0.0039425
4.68	0.00394275
4.6812	0.003943
4.6824	0.00394325
4.6836	0.0039435
4.6848	0.00394376
4.686	0.00394401
4.6872	0.00394426
4.6884	0.00394451
4.6896	0.00394476
4.6908	0.00394501
4.692	0.00394526
4.6932	0.00394551
4.6944	0.00394576
4.6956	0.00394601
4.6968	0.00394626
4.698	0.00394651
4.6992	0.00394676
4.7004	0.00394701
4.7016	0.00394726
4.7028	0.00394751
4.704	0.00394776
4.7052	0.00394801
4.7064	0.00394826
4.7076	0.00394851
4.7088	0.00394876
4.71	0.00394901
4.7112	0.00394925
4.7124	0.0039495
4.7136	0.00394975
4.7148	0.00395
4.716	0.00395025
4.7172	0.00395049
4.7184	0.00395074
4.7196	0.00395099
4.7208	0.00395124
4.722	0.00395148
4.7232	0.00395173
4.7244	0.00395198
4.7256	0.00395222
4.7268	0.00395247
4.728	0.00395272
4.7292	0.00395296
4.7304	0.00395321
4.7316	0.00395345
4.7328	0.0039537
4.734	0.00395394
4.7352	0.00395419
4.7364	0.00395444
4.7376	0.00395468
4.7388	0.00395493
4.74	0.00395517
4.7412	0.00395541
4.7424	0.00395566
4.7436	0.0039559
4.7448	0.00395615
4.746	0.00395639
4.7472	0.00395664
4.7484	0.00395688
4.7496	0.00395712
4.7508	0.00395737
4.752	0.00395761
4.7532	0.00395785
4.7544	0.0039581
4.7556	0.00395834
4.7568	0.00395858
4.758	0.00395882
4.7592	0.00395907
4.7604	0.00395931
4.7616	0.00395955
4.7628	0.00395979
4.764	0.00396004
4.7652	0.00396028
4.7664	0.00396052
4.7676	0.00396076
4.7688	0.003961
4.77	0.00396124
4.7712	0.00396148
4.7724	0.00396172
4.7736	0.00396196
4.7748	0.00396221
4.776	0.00396245
4.7772	0.00396269
4.7784	0.00396293
4.7796	0.00396317
4.7808	0.00396341
4.782	0.00396365
4.7832	0.00396389
4.7844	0.00396412
4.7856	0.00396436
4.7868	0.0039646
4.788	0.00396484
4.7892	0.00396508
4.7904	0.00396532
4.7916	0.00396556
4.7928	0.0039658
4.794	0.00396603
4.7952	0.00396627
4.7964	0.00396651
4.7976	0.00396675
4.7988	0.00396699
4.8	0.00396722
4.8012	0.00396746
4.8024	0.0039677
4.8036	0.00396794
4.8048	0.00396817
4.806	0.00396841
4.8072	0.00396865
4.8084	0.00396888
4.8096	0.00396912
4.8108	0.00396936
4.812	0.00396959
4.8132	0.00396983
4.8144	0.00397006
4.8156	0.0039703
4.8168	0.00397053
4.818	0.00397077
4.8192	0.00397101
4.8204	0.00397124
4.8216	0.00397148
4.8228	0.00397171
4.824	0.00397195
4.8252	0.00397218
4.8264	0.00397241
4.8276	0.00397265
4.8288	0.00397288
4.83	0.00397312
4.8312	0.00397335
4.8324	0.00397358
4.8336	0.00397382
4.8348	0.00397405
4.836	0.00397428
4.8372	0.00397452
4.8384	0.00397475
4.8396	0.00397498
4.8408	0.00397522
4.842	0.00397545
4.8432	0.00397568
4.8444	0.00397591
4.8456	0.00397615
4.8468	0.00397638
4.848	0.00397661
4.8492	0.00397684
4.8504	0.00397707
4.8516	0.00397731
4.8528	0.00397754
4.854	0.00397777
4.8552	0.003978
4.8564	0.00397823
4.8576	0.00397846
4.8588	0.00397869
4.86	0.00397892
4.8612	0.00397915
4.8624	0.00397938
4.8636	0.00397961
4.8648	0.00397984
4.866	0.00398007
4.8672	0.0039803
4.8684	0.00398053
4.8696	0.00398076
4.8708	0.00398099
4.872	0.00398122
4.8732	0.00398145
4.8744	0.00398168
4.8756	0.00398191
4.8768	0.00398213
4.878	0.00398236
4.8792	0.00398259
4.8804	0.00398282
4.8816	0.00398305
4.8828	0.00398328
4.884	0.0039835
4.8852	0.00398373
4.8864	0.00398396
4.8876	0.00398419
4.8888	0.00398441
4.89	0.00398464
4.8912	0.00398487
4.8924	0.00398509
4.8936	0.00398532
4.8948	0.00398555
4.896	0.00398577
4.8972	0.003986
4.8984	0.00398623
4.8996	0.00398645
4.9008	0.00398668
4.902	0.0039869
4.9032	0.00398713
4.9044	0.00398736
4.9056	0.00398758
4.9068	0.00398781
4.908	0.00398803
4.9092	0.00398826
4.9104	0.00398848
4.9116	0.00398871
4.9128	0.00398893
4.914	0.00398915
4.9152	0.00398938
4.9164	0.0039896
4.9176	0.00398983
4.9188	0.00399005
4.92	0.00399027
4.9212	0.0039905
4.9224	0.00399072
4.9236	0.00399094
4.9248	0.00399117
4.926	0.00399139
4.9272	0.00399161
4.9284	0.00399184
4.9296	0.00399206
4.9308	0.00399228
4.932	0.0039925
4.9332	0.00399273
4.9344	0.00399295
4.9356	0.00399317
4.9368	0.00399339
4.938	0.00399361
4.9392	0.00399384
4.9404	0.00399406
4.9416	0.00399428
4.9428	0.0039945
4.944	0.00399472
4.9452	0.00399494
4.9464	0.00399516
4.9476	0.00399538
4.9488	0.0039956
4.95	0.00399582
4.9512	0.00399604
4.9524	0.00399626
4.9536	0.00399648
4.9548	0.0039967
4.956	0.00399692
4.9572	0.00399714
4.9584	0.00399736
4.9596	0.00399758
4.9608	0.0039978
4.962	0.00399802
4.9632	0.00399824
4.9644	0.00399846
4.9656	0.00399868
4.9668	0.0039989
4.968	0.00399911
4.9692	0.00399933
4.9704	0.00399955
4.9716	0.00399977
4.9728	0.00399999
4.974	0.0040002
4.9752	0.00400042
4.9764	0.00400064
4.9776	0.00400086
4.9788	0.00400107
4.98	0.00400129
4.9812	0.00400151
4.9824	0.00400172
4.9836	0.00400194
4.9848	0.00400216
4.986	0.00400237
4.9872	0.00400259
4.9884	0.00400281
4.9896	0.00400302
4.9908	0.00400324
4.992	0.00400345
4.9932	0.00400367
4.9944	0.00400389
4.9956	0.0040041
4.9968	0.00400432
4.998	0.00400453
4.9992	0.00400475
5.0004	0.00400496
5.0016	0.00400518
5.0028	0.00400539
5.004	0.00400561
5.0052	0.00400582
5.0064	0.00400603
5.0076	0.00400625
5.0088	0.00400646
5.01	0.00400668
5.0112	0.00400689
5.0124	0.0040071
5.0136	0.00400732
5.0148	0.00400753
5.016	0.00400774
5.0172	0.00400796
5.0184	0.00400817
5.0196	0.00400838
5.0208	0.0040086
5.022	0.00400881
5.0232	0.00400902
5.0244	0.00400923
5.0256	0.00400944
5.0268	0.00400966
5.028	0.00400987
5.0292	0.00401008
5.0304	0.00401029
5.0316	0.0040105
5.0328	0.00401072
5.034	0.00401093
5.0352	0.00401114
5.0364	0.00401135
5.0376	0.00401156
5.0388	0.00401177
5.04	0.00401198
5.0412	0.00401219
5.0424	0.0040124
5.0436	0.00401261
5.0448	0.00401282
5.046	0.00401303
5.0472	0.00401324
5.0484	0.00401345
5.0496	0.00401366
5.0508	0.00401387
5.052	0.00401408
5.0532	0.00401429
5.0544	0.0040145
5.0556	0.00401471
5.0568	0.00401492
5.058	0.00401513
5.0592	0.00401534
5.0604	0.00401554
5.0616	0.00401575
5.0628	0.00401596
5.064	0.00401617
5.0652	0.00401638
5.0664	0.00401658
5.0676	0.00401679
5.0688	0.004017
5.07	0.00401721
5.0712	0.00401742
5.0724	0.00401762
5.0736	0.00401783
5.0748	0.00401804
5.076	0.00401824
5.0772	0.00401845
5.0784	0.00401866
5.0796	0.00401886
5.0808	0.00401907
5.082	0.00401928
5.0832	0.00401948
5.0844	0.00401969
5.0856	0.00401989
5.0868	0.0040201
5.088	0.00402031
5.0892	0.00402051
5.0904	0.00402072
5.0916	0.00402092
5.0928	0.00402113
5.094	0.00402133
5.0952	0.00402154
5.0964	0.00402174
5.0976	0.00402195
5.0988	0.00402215
5.1	0.00402236
5.1012	0.00402256
5.1024	0.00402277
5.1036	0.00402297
5.1048	0.00402317
5.106	0.00402338
5.1072	0.00402358
5.1084	0.00402378
5.1096	0.00402399
5.1108	0.00402419
5.112	0.00402439
5.1132	0.0040246
5.1144	0.0040248
5.1156	0.004025
5.1168	0.00402521
5.118	0.00402541
5.1192	0.00402561
5.1204	0.00402581
5.1216	0.00402602
5.1228	0.00402622
5.124	0.00402642
5.1252	0.00402662
5.1264	0.00402682
5.1276	0.00402703
5.1288	0.00402723
5.13	0.00402743
5.1312	0.00402763
5.1324	0.00402783
5.1336	0.00402803
5.1348	0.00402823
5.136	0.00402843
5.1372	0.00402863
5.1384	0.00402884
5.1396	0.00402904
5.1408	0.00402924
5.142	0.00402944
5.1432	0.00402964
5.1444	0.00402984
5.1456	0.00403004
5.1468	0.00403024
5.148	0.00403044
5.1492	0.00403063
5.1504	0.00403083
5.1516	0.00403103
5.1528	0.00403123
5.154	0.00403143
5.1552	0.00403163
5.1564	0.00403183
5.1576	0.00403203
5.1588	0.00403223
5.16	0.00403242
5.1612	0.00403262
5.1624	0.00403282
5.1636	0.00403302
5.1648	0.00403322
5.166	0.00403342
5.1672	0.00403361
5.1684	0.00403381
5.1696	0.00403401
5.1708	0.00403421
5.172	0.0040344
5.1732	0.0040346
5.1744	0.0040348
5.1756	0.00403499
5.1768	0.00403519
5.178	0.00403539
5.1792	0.00403558
5.1804	0.00403578
5.1816	0.00403598
5.1828	0.00403617
5.184	0.00403637
5.1852	0.00403656
5.1864	0.00403676
5.1876	0.00403696
5.1888	0.00403715
5.19	0.00403735
5.1912	0.00403754
5.1924	0.00403774
5.1936	0.00403793
5.1948	0.00403813
5.196	0.00403832
5.1972	0.00403852
5.1984	0.00403871
5.1996	0.00403891
5.2008	0.0040391
5.202	0.0040393
5.2032	0.00403949
5.2044	0.00403968
5.2056	0.00403988
5.2068	0.00404007
5.208	0.00404027
5.2092	0.00404046
5.2104	0.00404065
5.2116	0.00404085
5.2128	0.00404104
5.214	0.00404123
5.2152	0.00404142
5.2164	0.00404162
5.2176	0.00404181
5.2188	0.004042
5.22	0.0040422
5.2212	0.00404239
5.2224	0.00404258
5.2236	0.00404277
5.2248	0.00404296
5.226	0.00404316
5.2272	0.00404335
5.2284	0.00404354
5.2296	0.00404373
5.2308	0.00404392
5.232	0.00404412
5.2332	0.00404431
5.2344	0.0040445
5.2356	0.00404469
5.2368	0.00404488
5.238	0.00404507
5.2392	0.00404526
5.2404	0.00404545
5.2416	0.00404564
5.2428	0.00404583
5.244	0.00404602
5.2452	0.00404621
5.2464	0.0040464
5.2476	0.00404659
5.2488	0.00404678
5.25	0.00404697
5.2512	0.00404716
5.2524	0.00404735
5.2536	0.00404754
5.2548	0.00404773
5.256	0.00404792
5.2572	0.00404811
5.2584	0.0040483
5.2596	0.00404849
5.2608	0.00404867
5.262	0.00404886
5.2632	0.00404905
5.2644	0.00404924
5.2656	0.00404943
5.2668	0.00404962
5.268	0.0040498
5.2692	0.00404999
5.2704	0.00405018
5.2716	0.00405037
5.2728	0.00405055
5.274	0.00405074
5.2752	0.00405093
5.2764	0.00405112
5.2776	0.0040513
5.2788	0.00405149
5.28	0.00405168
5.2812	0.00405186
5.2824	0.00405205
5.2836	0.00405224
5.2848	0.00405242
5.286	0.00405261
5.2872	0.0040528
5.2884	0.00405298
5.2896	0.00405317
5.2908	0.00405335
5.292	0.00405354
5.2932	0.00405373
5.2944	0.00405391
5.2956	0.0040541
5.2968	0.00405428
5.298	0.00405447
5.2992	0.00405465
5.3004	0.00405484
5.3016	0.00405502
5.3028	0.00405521
5.304	0.00405539
5.3052	0.00405558
5.3064	0.00405576
5.3076	0.00405595
5.3088	0.00405613
5.31	0.00405631
5.3112	0.0040565
5.3124	0.00405668
5.3136	0.00405686
5.3148	0.00405705
5.316	0.00405723
5.3172	0.00405742
5.3184	0.0040576
5.3196	0.00405778
5.3208	0.00405797
5.322	0.00405815
5.3232	0.00405833
5.3244	0.00405851
5.3256	0.0040587
5.3268	0.00405888
5.328	0.00405906
5.3292	0.00405924
5.3304	0.00405943
5.3316	0.00405961
5.3328	0.00405979
5.334	0.00405997
5.3352	0.00406015
5.3364	0.00406034
5.3376	0.00406052
5.3388	0.0040607
5.34	0.00406088
5.3412	0.00406106
5.3424	0.00406124
5.3436	0.00406142
5.3448	0.0040616
5.346	0.00406178
5.3472	0.00406197
5.3484	0.00406215
5.3496	0.00406233
5.3508	0.00406251
5.352	0.00406269
5.3532	0.00406287
5.3544	0.00406305
5.3556	0.00406323
5.3568	0.00406341
5.358	0.00406359
5.3592	0.00406377
5.3604	0.00406395
5.3616	0.00406413
5.3628	0.0040643
5.364	0.00406448
5.3652	0.00406466
5.3664	0.00406484
5.3676	0.00406502
5.3688	0.0040652
5.37	0.00406538
5.3712	0.00406556
5.3724	0.00406574
5.3736	0.00406591
5.3748	0.00406609
5.376	0.00406627
5.3772	0.00406645
5.3784	0.00406663
5.3796	0.0040668
5.3808	0.00406698
5.382	0.00406716
5.3832	0.00406734
5.3844	0.00406751
5.3856	0.00406769
5.3868	0.00406787
5.388	0.00406804
5.3892	0.00406822
5.3904	0.0040684
5.3916	0.00406858
5.3928	0.00406875
5.394	0.00406893
5.3952	0.0040691
5.3964	0.00406928
5.3976	0.00406946
5.3988	0.00406963
5.4	0.00406981
5.4012	0.00406999
5.4024	0.00407016
5.4036	0.00407034
5.4048	0.00407051
5.406	0.00407069
5.4072	0.00407086
5.4084	0.00407104
5.4096	0.00407121
5.4108	0.00407139
5.412	0.00407156
5.4132	0.00407174
5.4144	0.00407191
5.4156	0.00407209
5.4168	0.00407226
5.418	0.00407244
5.4192	0.00407261
5.4204	0.00407279
5.4216	0.00407296
5.4228	0.00407313
5.424	0.00407331
5.4252	0.00407348
5.4264	0.00407365
5.4276	0.00407383
5.4288	0.004074
5.43	0.00407418
5.4312	0.00407435
5.4324	0.00407452
5.4336	0.00407469
5.4348	0.00407487
5.436	0.00407504
5.4372	0.00407521
5.4384	0.00407539
5.4396	0.00407556
5.4408	0.00407573
5.442	0.0040759
5.4432	0.00407608
5.4444	0.00407625
5.4456	0.00407642
5.4468	0.00407659
5.448	0.00407676
5.4492	0.00407693
5.4504	0.00407711
5.4516	0.00407728
5.4528	0.00407745
5.454	0.00407762
5.4552	0.00407779
5.4564	0.00407796
5.4576	0.00407813
5.4588	0.0040783
5.46	0.00407848
5.4612	0.00407865
5.4624	0.00407882
5.4636	0.00407899
5.4648	0.00407916
5.466	0.00407933
5.4672	0.0040795
5.4684	0.00407967
5.4696	0.00407984
5.4708	0.00408001
5.472	0.00408018
5.4732	0.00408035
5.4744	0.00408052
5.4756	0.00408069
5.4768	0.00408086
5.478	0.00408103
5.4792	0.00408119
5.4804	0.00408136
5.4816	0.00408153
5.4828	0.0040817
5.484	0.00408187
5.4852	0.00408204
5.4864	0.00408221
5.4876	0.00408238
5.4888	0.00408254
5.49	0.00408271
5.4912	0.00408288
5.4924	0.00408305
5.4936	0.00408322
5.4948	0.00408338
5.496	0.00408355
5.4972	0.00408372
5.4984	0.00408389
5.4996	0.00408405
5.5008	0.00408422
5.502	0.00408439
5.5032	0.00408456
5.5044	0.00408472
5.5056	0.00408489
5.5068	0.00408506
5.508	0.00408522
5.5092	0.00408539
5.5104	0.00408556
5.5116	0.00408572
5.5128	0.00408589
5.514	0.00408606
5.5152	0.00408622
5.5164	0.00408639
5.5176	0.00408655
5.5188	0.00408672
5.52	0.00408689
5.5212	0.00408705
5.5224	0.00408722
5.5236	0.00408738
5.5248	0.00408755
5.526	0.00408771
5.5272	0.00408788
5.5284	0.00408804
5.5296	0.00408821
5.5308	0.00408837
5.532	0.00408854
5.5332	0.0040887
5.5344	0.00408887
5.5356	0.00408903
5.5368	0.0040892
5.538	0.00408936
5.5392	0.00408952
5.5404	0.00408969
5.5416	0.00408985
5.5428	0.00409002
5.544	0.00409018
5.5452	0.00409034
5.5464	0.00409051
5.5476	0.00409067
5.5488	0.00409083
5.55	0.004091
5.5512	0.00409116
5.5524	0.00409132
5.5536	0.00409149
5.5548	0.00409165
5.556	0.00409181
5.5572	0.00409197
5.5584	0.00409214
5.5596	0.0040923
5.5608	0.00409246
5.562	0.00409262
5.5632	0.00409279
5.5644	0.00409295
5.5656	0.00409311
5.5668	0.00409327
5.568	0.00409343
5.5692	0.0040936
5.5704	0.00409376
5.5716	0.00409392
5.5728	0.00409408
5.574	0.00409424
5.5752	0.0040944
5.5764	0.00409456
5.5776	0.00409472
5.5788	0.00409489
5.58	0.00409505
5.5812	0.00409521
5.5824	0.00409537
5.5836	0.00409553
5.5848	0.00409569
5.586	0.00409585
5.5872	0.00409601
5.5884	0.00409617
5.5896	0.00409633
5.5908	0.00409649
5.592	0.00409665
5.5932	0.00409681
5.5944	0.00409697
5.5956	0.00409713
5.5968	0.00409729
5.598	0.00409745
5.5992	0.00409761
5.6004	0.00409777
5.6016	0.00409793
5.6028	0.00409808
5.604	0.00409824
5.6052	0.0040984
5.6064	0.00409856
5.6076	0.00409872
5.6088	0.00409888
5.61	0.00409904
5.6112	0.00409919
5.6124	0.00409935
5.6136	0.00409951
5.6148	0.00409967
5.616	0.00409983
5.6172	0.00409999
5.6184	0.00410014
5.6196	0.0041003
5.6208	0.00410046
5.622	0.00410062
5.6232	0.00410077
5.6244	0.00410093
5.6256	0.00410109
5.6268	0.00410124
5.628	0.0041014
5.6292	0.00410156
5.6304	0.00410172
5.6316	0.00410187
5.6328	0.00410203
5.634	0.00410219
5.6352	0.00410234
5.6364	0.0041025
5.6376	0.00410265
5.6388	0.00410281
5.64	0.00410297
5.6412	0.00410312
5.6424	0.00410328
5.6436	0.00410343
5.6448	0.00410359
5.646	0.00410375
5.6472	0.0041039
5.6484	0.00410406
5.6496	0.00410421
5.6508	0.00410437
5.652	0.00410452
5.6532	0.00410468
5.6544	0.00410483
5.6556	0.00410499
5.6568	0.00410514
5.658	0.0041053
5.6592	0.00410545
5.6604	0.00410561
5.6616	0.00410576
5.6628	0.00410591
5.664	0.00410607
5.6652	0.00410622
5.6664	0.00410638
5.6676	0.00410653
5.6688	0.00410668
5.67	0.00410684
5.6712	0.00410699
5.6724	0.00410715
5.6736	0.0041073
5.6748	0.00410745
5.676	0.00410761
5.6772	0.00410776
5.6784	0.00410791
5.6796	0.00410807
5.6808	0.00410822
5.682	0.00410837
5.6832	0.00410852
5.6844	0.00410868
5.6856	0.00410883
5.6868	0.00410898
5.688	0.00410913
5.6892	0.00410929
5.6904	0.00410944
5.6916	0.00410959
5.6928	0.00410974
5.694	0.00410989
5.6952	0.00411005
5.6964	0.0041102
5.6976	0.00411035
5.6988	0.0041105
5.7	0.00411065
5.7012	0.0041108
5.7024	0.00411096
5.7036	0.00411111
5.7048	0.00411126
5.706	0.00411141
5.7072	0.00411156
5.7084	0.00411171
5.7096	0.00411186
5.7108	0.00411201
5.712	0.00411216
5.7132	0.00411231
5.7144	0.00411246
5.7156	0.00411261
5.7168	0.00411276
5.718	0.00411291
5.7192	0.00411306
5.7204	0.00411321
5.7216	0.00411336
5.7228	0.00411351
5.724	0.00411366
5.7252	0.00411381
5.7264	0.00411396
5.7276	0.00411411
5.7288	0.00411426
5.73	0.00411441
5.7312	0.00411456
5.7324	0.00411471
5.7336	0.00411486
5.7348	0.00411501
5.736	0.00411515
5.7372	0.0041153
5.7384	0.00411545
5.7396	0.0041156
5.7408	0.00411575
5.742	0.0041159
5.7432	0.00411605
5.7444	0.00411619
5.7456	0.00411634
5.7468	0.00411649
5.748	0.00411664
5.7492	0.00411679
5.7504	0.00411693
5.7516	0.00411708
5.7528	0.00411723
5.754	0.00411738
5.7552	0.00411752
5.7564	0.00411767
5.7576	0.00411782
5.7588	0.00411796
5.76	0.00411811
5.7612	0.00411826
5.7624	0.00411841
5.7636	0.00411855
5.7648	0.0041187
5.766	0.00411885
5.7672	0.00411899
5.7684	0.00411914
5.7696	0.00411928
5.7708	0.00411943
5.772	0.00411958
5.7732	0.00411972
5.7744	0.00411987
5.7756	0.00412001
5.7768	0.00412016
5.778	0.00412031
5.7792	0.00412045
5.7804	0.0041206
5.7816	0.00412074
5.7828	0.00412089
5.784	0.00412103
5.7852	0.00412118
5.7864	0.00412132
5.7876	0.00412147
5.7888	0.00412161
5.79	0.00412176
5.7912	0.0041219
5.7924	0.00412205
5.7936	0.00412219
5.7948	0.00412234
5.796	0.00412248
5.7972	0.00412262
5.7984	0.00412277
5.7996	0.00412291
5.8008	0.00412306
5.802	0.0041232
5.8032	0.00412335
5.8044	0.00412349
5.8056	0.00412363
5.8068	0.00412378
5.808	0.00412392
5.8092	0.00412406
5.8104	0.00412421
5.8116	0.00412435
5.8128	0.00412449
5.814	0.00412464
5.8152	0.00412478
5.8164	0.00412492
5.8176	0.00412506
5.8188	0.00412521
5.82	0.00412535
5.8212	0.00412549
5.8224	0.00412564
5.8236	0.00412578
5.8248	0.00412592
5.826	0.00412606
5.8272	0.0041262
5.8284	0.00412635
5.8296	0.00412649
5.8308	0.00412663
5.832	0.00412677
5.8332	0.00412691
5.8344	0.00412706
5.8356	0.0041272
5.8368	0.00412734
5.838	0.00412748
5.8392	0.00412762
5.8404	0.00412776
5.8416	0.0041279
5.8428	0.00412804
5.844	0.00412819
5.8452	0.00412833
5.8464	0.00412847
5.8476	0.00412861
5.8488	0.00412875
5.85	0.00412889
5.8512	0.00412903
5.8524	0.00412917
5.8536	0.00412931
5.8548	0.00412945
5.856	0.00412959
5.8572	0.00412973
5.8584	0.00412987
5.8596	0.00413001
5.8608	0.00413015
5.862	0.00413029
5.8632	0.00413043
5.8644	0.00413057
5.8656	0.00413071
5.8668	0.00413085
5.868	0.00413099
5.8692	0.00413113
5.8704	0.00413126
5.8716	0.0041314
5.8728	0.00413154
5.874	0.00413168
5.8752	0.00413182
5.8764	0.00413196
5.8776	0.0041321
5.8788	0.00413224
5.88	0.00413237
5.8812	0.00413251
5.8824	0.00413265
5.8836	0.00413279
5.8848	0.00413293
5.886	0.00413307
5.8872	0.0041332
5.8884	0.00413334
5.8896	0.00413348
5.8908	0.00413362
5.892	0.00413375
5.8932	0.00413389
5.8944	0.00413403
5.8956	0.00413417
5.8968	0.0041343
5.898	0.00413444
5.8992	0.00413458
5.9004	0.00413472
5.9016	0.00413485
5.9028	0.00413499
5.904	0.00413513
5.9052	0.00413526
5.9064	0.0041354
5.9076	0.00413554
5.9088	0.00413567
5.91	0.00413581
5.9112	0.00413594
5.9124	0.00413608
5.9136	0.00413622
5.9148	0.00413635
5.916	0.00413649
5.9172	0.00413663
5.9184	0.00413676
5.9196	0.0041369
5.9208	0.00413703
5.922	0.00413717
5.9232	0.0041373
5.9244	0.00413744
5.9256	0.00413757
5.9268	0.00413771
5.928	0.00413784
5.9292	0.00413798
5.9304	0.00413811
5.9316	0.00413825
5.9328	0.00413838
5.934	0.00413852
5.9352	0.00413865
5.9364	0.00413879
5.9376	0.00413892
5.9388	0.00413906
5.94	0.00413919
5.9412	0.00413933
5.9424	0.00413946
5.9436	0.00413959
5.9448	0.00413973
5.946	0.00413986
5.9472	0.00414
5.9484	0.00414013
5.9496	0.00414026
5.9508	0.0041404
5.952	0.00414053
5.9532	0.00414066
5.9544	0.0041408
5.9556	0.00414093
5.9568	0.00414106
5.958	0.0041412
5.9592	0.00414133
5.9604	0.00414146
5.9616	0.0041416
5.9628	0.00414173
5.964	0.00414186
5.9652	0.00414199
5.9664	0.00414213
5.9676	0.00414226
5.9688	0.00414239
5.97	0.00414252
5.9712	0.00414266
5.9724	0.00414279
5.9736	0.00414292
5.9748	0.00414305
5.976	0.00414318
5.9772	0.00414332
5.9784	0.00414345
5.9796	0.00414358
5.9808	0.00414371
5.982	0.00414384
5.9832	0.00414397
5.9844	0.00414411
5.9856	0.00414424
5.9868	0.00414437
5.988	0.0041445
5.9892	0.00414463
5.9904	0.00414476
5.9916	0.00414489
5.9928	0.00414502
5.994	0.00414515
5.9952	0.00414528
5.9964	0.00414542
5.9976	0.00414555
5.9988	0.00414568
6	0.00414581
