2.21491 -2 0.428349 -1.82238
2.20399 -2 0.42409 -1.82239
1.82001 -2 0.274374 -1.82289
1.81017 -2 0.270538 -1.8229
2.24788 -2 0.441204 -1.82234
2.29976 -2 0.46143 -1.82227
2.10784 -2 0.3866 -1.82252
2.06465 -2 0.36976 -1.82257
1.91011 -2 0.309506 -1.82277
2.29067 -2 0.457886 -1.82228
2.07875 -2 0.375259 -1.82256
2.70958 -2 0.786258 -1.78071
2.76218 -2 0.810194 -1.7849
2.38723 -2 0.639571 -1.75507
2.66208 -2 0.764642 -1.77693
2.56593 -2 0.72089 -1.76929
2.49834 -2 0.690132 -1.76391
2.51765 -2 0.698919 -1.76545
2.50903 -2 0.694996 -1.76476
2.89473 -2 0.870509 -1.79544
2.62204 -2 0.746423 -1.77375
2.65265 -2 0.760349 -1.77618
2.46868 -2 0.676636 -1.76155
2.41051 -2 0.650166 -1.75693
2.57175 -2 0.723536 -1.76975
2.82982 -2 0.840969 -1.79028
2.66994 -2 0.768219 -1.77756
2.76055 -2 0.809449 -1.78477
2.84221 -2 0.846611 -1.79126
2.56066 -2 0.718493 -1.76887
2.55948 -2 0.717952 -1.76877
2.61166 -2 0.7417 -1.77292
2.73966 -2 0.799946 -1.78311
2.80746 -2 0.830795 -1.7885
2.31507 -2 0.606735 -1.74933
2.87771 -2 0.862762 -1.79408
2.6277 -2 0.748995 -1.7742
2.46597 -2 0.675402 -1.76134
2.40415 -2 0.64727 -1.75642
2.70537 -2 0.784341 -1.78038
2.79791 -2 0.82645 -1.78774
2.88628 -2 0.866663 -1.79477
2.57892 -2 0.726798 -1.77032
2.89161 -2 0.869087 -1.79519
2.70751 -2 0.785313 -1.78055
2.39091 -2 0.641245 -1.75537
3.16862 -2 1.11331 -1.84146
2.9199 -2 1.01444 -1.75664
3.15577 -2 1.1082 -1.83708
3.27836 -2 1.15694 -1.87889
3.07393 -2 1.07567 -1.80917
3.01007 -2 1.05028 -1.78739
3.05153 -2 1.06677 -1.80153
3.32043 -2 1.17366 -1.89323
3.22471 -2 1.13561 -1.86059
2.90138 -2 1.00708 -1.75033
3.26827 -2 1.15292 -1.87544
3.19422 -2 1.12349 -1.85019
3.27175 -2 1.15431 -1.87663
3.26075 -2 1.14993 -1.87288
3.03778 -2 1.0613 -1.79684
3.28694 -2 1.16035 -1.88181
3.14757 -2 1.10494 -1.83428
3.34641 -2 1.18399 -1.90209
3.2139 -2 1.13131 -1.8569
2.96125 -2 1.03088 -1.77075
3.1985 -2 1.12519 -1.85165
3.03188 -2 1.05895 -1.79483
3.13078 -2 1.09827 -1.82856
3.26194 -2 1.15041 -1.87328
3.01949 -2 1.05403 -1.79061
3.06973 -2 1.074 -1.80774
3.28524 -2 1.15967 -1.88123
3.02973 -2 1.0581 -1.7941
3.25317 -2 1.14692 -1.87029
3.1976 -2 1.12483 -1.85134
3.17562 -2 1.11609 -1.84385
2.96537 -2 1.03251 -1.77215
3.25956 -2 1.14946 -1.87247
3.19771 -2 1.12488 -1.85138
3.34152 -2 1.18204 -1.90042
3.27916 -2 1.15725 -1.87916
3.13655 -2 1.10056 -1.83052
3.1064 -2 1.08858 -1.82024
3.24437 -2 1.14342 -1.86729
3.10622 -2 1.08851 -1.82018
3.25754 -2 1.14866 -1.87178
3.0842 -2 1.07975 -1.81267
3.08152 -2 1.07869 -1.81176
3.10647 -2 1.0886 -1.82027
3.21644 -2 1.13232 -1.85777
3.09527 -2 1.08415 -1.81645
3.24289 -2 1.14283 -1.86679
3.20163 -2 1.12643 -1.85272
3.07945 -2 1.07786 -1.81105
3.27775 -2 1.15669 -1.87868
3.295 -2 1.16355 -1.88456
3.03601 -2 1.06059 -1.79624
3.34694 -2 1.1842 -1.90227
2.95692 -2 1.02916 -1.76927
3.12704 -2 1.09678 -1.82728
3.13049 -2 1.09815 -1.82846
3.20461 -2 1.12762 -1.85373
2.91805 -2 1.0137 -1.75601
3.01311 -2 1.05149 -1.78843
3.26096 -2 1.15002 -1.87295
3.12165 -2 1.09464 -1.82544
2.95762 -2 1.02943 -1.76951
3.00369 -2 1.04775 -1.78522
3.24416 -2 1.14334 -1.86722
3.17249 -2 1.11485 -1.84278
3.14498 -2 1.10391 -1.8334
2.93671 -2 1.02112 -1.76238
3.33068 -2 1.17774 -1.89673
3.14358 -2 1.10336 -1.83292
3.18014 -2 1.11789 -1.84539
3.2687 -2 1.1531 -1.87559
3.30829 -2 1.16883 -1.88909
3.08961 -2 1.0819 -1.81452
3.53381 -2 1.28559 -1.97521
3.52352 -2 1.28316 -1.97054
3.64364 -2 1.31156 -2.02504
3.36798 -2 1.24639 -1.89998
3.60952 -2 1.30349 -2.00956
3.4532 -2 1.26654 -1.93864
3.52803 -2 1.28423 -1.97259
3.60486 -2 1.30239 -2.00744
3.59514 -2 1.30009 -2.00303
3.58836 -2 1.29849 -1.99996
3.62177 -2 1.30639 -2.01512
3.50563 -2 1.27893 -1.96243
3.62983 -2 1.3083 -2.01877
3.49063 -2 1.27538 -1.95562
3.36244 -2 1.24508 -1.89747
3.41704 -2 1.25799 -1.92223
3.36497 -2 1.24568 -1.89861
3.60307 -2 1.30197 -2.00663
3.363 -2 1.24521 -1.89772
3.53307 -2 1.28542 -1.97487
3.53685 -2 1.28631 -1.97659
3.36839 -2 1.24648 -1.90016
3.55095 -2 1.28965 -1.98299
3.37577 -2 1.24823 -1.90351
3.42103 -2 1.25893 -1.92405
3.6174 -2 1.30536 -2.01313
3.47851 -2 1.27252 -1.95012
3.63828 -2 1.31029 -2.02261
3.3964 -2 1.25311 -1.91287
3.49648 -2 1.27677 -1.95828
3.63185 -2 1.30877 -2.01969
3.38641 -2 1.25074 -1.90834
3.49885 -2 1.27733 -1.95935
3.5858 -2 1.29789 -1.9988
3.44707 -2 1.26509 -1.93586
3.60169 -2 1.30164 -2.006
3.4834 -2 1.27368 -1.95234
3.49148 -2 1.27558 -1.956
3.5996 -2 1.30115 -2.00506
3.63326 -2 1.30911 -2.02033
3.40021 -2 1.25401 -1.9146
3.55399 -2 1.29036 -1.98437
3.43058 -2 1.26119 -1.92838
3.63349 -2 1.30916 -2.02043
3.49205 -2 1.27572 -1.95627
3.64638 -2 1.31221 -2.02628
3.46826 -2 1.2701 -1.94547
3.61505 -2 1.3048 -2.01206
3.61962 -2 1.30588 -2.01414
3.3795 -2 1.24911 -1.9052
3.55689 -2 1.29105 -1.98568
3.51071 -2 1.28013 -1.96473
3.62633 -2 1.30747 -2.01719
3.41487 -2 1.25747 -1.92125
3.6319 -2 1.30879 -2.01971
3.38618 -2 1.25069 -1.90824
3.36098 -2 1.24473 -1.8968
3.5088 -2 1.27968 -1.96387
3.62049 -2 1.30609 -2.01454
3.40513 -2 1.25517 -1.91683
3.54267 -2 1.28769 -1.97923
3.61825 -2 1.30556 -2.01352
3.35062 -2 1.24228 -1.8921
3.50152 -2 1.27796 -1.96056
3.43335 -2 1.26184 -1.92963
3.58534 -2 1.29778 -1.99859
3.58479 -2 1.29765 -1.99834
3.72598 -2 1.36688 -2.05818
3.76533 -2 1.36755 -2.07659
3.76764 -2 1.36759 -2.07767
3.81119 -2 1.36833 -2.09805
3.81507 -2 1.3684 -2.09986
3.70044 -2 1.36644 -2.04623
3.76103 -2 1.36747 -2.07458
3.70243 -2 1.36647 -2.04716
3.69473 -2 1.36634 -2.04355
3.73349 -2 1.367 -2.06169
3.66722 -2 1.36587 -2.03068
3.79526 -2 1.36806 -2.0906
3.69959 -2 1.36642 -2.04583
3.65298 -2 1.36563 -2.02402
3.78523 -2 1.36789 -2.0859
3.82236 -2 1.36852 -2.10327
3.66872 -2 1.3659 -2.03139
3.72272 -2 1.36682 -2.05665
3.75566 -2 1.36738 -2.07206
3.80465 -2 1.36822 -2.09499
3.65015 -2 1.36558 -2.0227
3.72596 -2 1.36688 -2.05817
3.76187 -2 1.36749 -2.07497
3.75176 -2 1.36732 -2.07024
3.79414 -2 1.36804 -2.09007
3.78083 -2 1.36781 -2.08384
3.74867 -2 1.36726 -2.0688
3.73228 -2 1.36698 -2.06112
3.67217 -2 1.36596 -2.033
3.67207 -2 1.36595 -2.03295
3.72082 -2 1.36679 -2.05576
3.68247 -2 1.36613 -2.03782
3.78043 -2 1.36781 -2.08366
3.66985 -2 1.36592 -2.03191
3.70348 -2 1.36649 -2.04765
3.80017 -2 1.36814 -2.09289
3.80608 -2 1.36824 -2.09566
3.78158 -2 1.36782 -2.08419
3.71898 -2 1.36676 -2.0549
3.84377 -2 1.36889 -2.11329
3.81614 -2 1.36842 -2.10036
3.74586 -2 1.36721 -2.06748
3.7515 -2 1.36731 -2.07012
3.84402 -2 1.36889 -2.11341
3.83079 -2 1.36867 -2.10722
3.75235 -2 1.36733 -2.07052
3.7959 -2 1.36807 -2.09089
3.82387 -2 1.36855 -2.10398
3.84509 -2 1.36891 -2.11391
3.74161 -2 1.36714 -2.06549
3.72274 -2 1.36682 -2.05666
3.77357 -2 1.36769 -2.08044
3.83802 -2 1.36879 -2.1106
3.67054 -2 1.36593 -2.03224
3.73188 -2 1.36698 -2.06094
3.83891 -2 1.3688 -2.11102
3.72944 -2 1.36693 -2.0598
3.67782 -2 1.36605 -2.03564
3.99109 -2 1.37768 -2.17754
3.94491 -2 1.38027 -2.15697
3.92443 -2 1.38142 -2.14785
3.87765 -2 1.38404 -2.12701
3.91334 -2 1.38204 -2.14291
3.99589 -2 1.37741 -2.17968
3.87401 -2 1.38424 -2.12539
3.99321 -2 1.37756 -2.17848
3.94332 -2 1.38036 -2.15626
3.87844 -2 1.38399 -2.12737
3.91445 -2 1.38198 -2.1434
3.85627 -2 1.38524 -2.11749
3.85645 -2 1.38523 -2.11757
3.91058 -2 1.38219 -2.14168
3.8871 -2 1.38351 -2.13122
3.92295 -2 1.3815 -2.14719
3.96771 -2 1.37899 -2.16713
3.96884 -2 1.37893 -2.16763
3.99567 -2 1.37743 -2.17958
3.91263 -2 1.38208 -2.14259
3.86666 -2 1.38466 -2.12212
3.8833 -2 1.38372 -2.12953
3.93532 -2 1.38081 -2.1527
3.89676 -2 1.38297 -2.13553
3.9852 -2 1.37801 -2.17491
3.88116 -2 1.38384 -2.12858
3.97796 -2 1.37842 -2.17169
3.95951 -2 1.37945 -2.16347
3.91877 -2 1.38174 -2.14533
3.99684 -2 1.37736 -2.1801
3.93259 -2 1.38096 -2.15148
3.98409 -2 1.37808 -2.17442
3.96306 -2 1.37925 -2.16505
3.91538 -2 1.38193 -2.14382
3.94734 -2 1.38013 -2.15805
3.93845 -2 1.38063 -2.15409
3.92084 -2 1.38162 -2.14625
3.86811 -2 1.38457 -2.12276
3.9032 -2 1.38261 -2.13839
3.97026 -2 1.37885 -2.16826
3.90601 -2 1.38245 -2.13964
3.92598 -2 1.38133 -2.14854
3.94069 -2 1.38051 -2.15509
3.89164 -2 1.38326 -2.13324
3.98905 -2 1.3778 -2.17663
3.97924 -2 1.37835 -2.17226
3.95577 -2 1.37966 -2.16181
3.86077 -2 1.38498 -2.1195
3.92474 -2 1.3814 -2.14798
3.94045 -2 1.38052 -2.15498
3.91966 -2 1.38169 -2.14572
3.93671 -2 1.38073 -2.15332
4.04753 -2 1.39991 -2.19796
4.12413 -2 1.3858 -2.22578
4.1687 -2 1.37758 -2.24197
4.05483 -2 1.39857 -2.20061
4.18499 -2 1.37458 -2.24789
4.19832 -2 1.37212 -2.25274
4.07136 -2 1.39552 -2.20661
4.04092 -2 1.40113 -2.19555
4.08088 -2 1.39377 -2.21007
4.12072 -2 1.38642 -2.22455
4.14189 -2 1.38252 -2.23223
4.15772 -2 1.37961 -2.23799
4.11224 -2 1.38799 -2.22146
4.01037 -2 1.40676 -2.18446
4.19364 -2 1.37299 -2.25103
4.1735 -2 1.3767 -2.24372
4.10396 -2 1.38951 -2.21846
4.18892 -2 1.37386 -2.24932
4.05455 -2 1.39862 -2.20051
4.10892 -2 1.3886 -2.22026
4.06741 -2 1.39625 -2.20518
4.19177 -2 1.37333 -2.25035
4.12749 -2 1.38518 -2.227
4.01719 -2 1.40551 -2.18693
4.18526 -2 1.37453 -2.24799
4.06546 -2 1.39661 -2.20447
4.07407 -2 1.39502 -2.2076
4.04256 -2 1.40083 -2.19615
4.14868 -2 1.38127 -2.2347
4.07851 -2 1.3942 -2.20921
4.02081 -2 1.40484 -2.18825
4.07931 -2 1.39406 -2.2095
4.08062 -2 1.39381 -2.20998
4.0761 -2 1.39465 -2.20834
4.14764 -2 1.38146 -2.23432
4.18268 -2 1.37501 -2.24705
4.10294 -2 1.3897 -2.21809
4.10566 -2 1.3892 -2.21907
4.0015 -2 1.4084 -2.18123
4.00921 -2 1.40698 -2.18403
4.13485 -2 1.38382 -2.22968
4.14362 -2 1.3822 -2.23287
4.02473 -2 1.40412 -2.18967
4.174 -2 1.37661 -2.2439
4.14429 -2 1.38208 -2.23311
4.01938 -2 1.4051 -2.18773
4.02193 -2 1.40463 -2.18865
4.18907 -2 1.37383 -2.24937
4.10107 -2 1.39005 -2.21741
4.05622 -2 1.39831 -2.20111
4.02825 -2 1.40347 -2.19095
4.09863 -2 1.3905 -2.21652
4.19037 -2 1.37359 -2.24985
4.00527 -2 1.4077 -2.1826
4.16179 -2 1.37886 -2.23946
4.07092 -2 1.3956 -2.20645
4.0296 -2 1.40322 -2.19144
4.07882 -2 1.39415 -2.20932
4.06585 -2 1.39654 -2.20461
4.0367 -2 1.40191 -2.19402
4.07852 -2 1.3942 -2.20922
4.02008 -2 1.40497 -2.18798
4.10887 -2 1.38861 -2.22024
4.1915 -2 1.37338 -2.25026
4.11403 -2 1.38766 -2.22212
4.14141 -2 1.38261 -2.23206
4.00466 -2 1.40781 -2.18238
4.02794 -2 1.40352 -2.19084
4.37235 -2 1.3539 -2.2965
4.26695 -2 1.38281 -2.27067
4.20597 -2 1.39953 -2.25572
4.2758 -2 1.38038 -2.27284
4.37908 -2 1.35205 -2.29815
4.36491 -2 1.35594 -2.29468
4.37128 -2 1.35419 -2.29624
4.3824 -2 1.35114 -2.29896
4.35234 -2 1.35939 -2.2916
4.29893 -2 1.37404 -2.27851
4.24173 -2 1.38972 -2.26449
4.22833 -2 1.3934 -2.26121
4.31627 -2 1.36928 -2.28276
4.28368 -2 1.37822 -2.27477
4.38892 -2 1.34936 -2.30056
4.36716 -2 1.35532 -2.29523
4.32733 -2 1.36625 -2.28547
4.38712 -2 1.34985 -2.30012
4.24506 -2 1.38881 -2.2653
4.38857 -2 1.34945 -2.30047
4.32462 -2 1.36699 -2.2848
4.36133 -2 1.35692 -2.2938
4.344 -2 1.36167 -2.28955
4.35014 -2 1.35999 -2.29105
4.27158 -2 1.38154 -2.2718
4.33356 -2 1.36454 -2.28699
4.38893 -2 1.34935 -2.30056
4.23873 -2 1.39055 -2.26375
4.27994 -2 1.37924 -2.27385
4.3948 -2 1.34774 -2.302
4.24312 -2 1.38934 -2.26483
4.24296 -2 1.38939 -2.26479
4.30128 -2 1.37339 -2.27908
4.34009 -2 1.36275 -2.28859
4.37952 -2 1.35193 -2.29826
4.37458 -2 1.35329 -2.29704
4.25575 -2 1.38588 -2.26792
4.31445 -2 1.36978 -2.28231
4.23075 -2 1.39273 -2.2618
4.36796 -2 1.3551 -2.29542
4.26253 -2 1.38402 -2.26959
4.35803 -2 1.35783 -2.29299
4.2468 -2 1.38833 -2.26573
4.37122 -2 1.35421 -2.29622
4.31702 -2 1.36907 -2.28294
4.31275 -2 1.37024 -2.28189
4.36063 -2 1.35711 -2.29363
4.28833 -2 1.37694 -2.27591
4.39492 -2 1.34771 -2.30203
4.28662 -2 1.37741 -2.27549
4.29447 -2 1.37526 -2.27741
4.35373 -2 1.35901 -2.29194
4.27957 -2 1.37934 -2.27376
4.28235 -2 1.37858 -2.27444
4.3378 -2 1.36338 -2.28803
4.3091 -2 1.37125 -2.281
4.39217 -2 1.34846 -2.30136
4.28205 -2 1.37867 -2.27437
4.29674 -2 1.37464 -2.27797
4.34039 -2 1.36267 -2.28867
4.38493 -2 1.35045 -2.29958
4.34414 -2 1.36164 -2.28959
4.35812 -2 1.3578 -2.29301
4.33458 -2 1.36426 -2.28724
4.22652 -2 1.3939 -2.26076
4.27135 -2 1.3816 -2.27175
4.37673 -2 1.3527 -2.29757
4.20454 -2 1.39992 -2.25537
4.39089 -2 1.34882 -2.30104
4.37673 -2 1.3527 -2.29757
4.27081 -2 1.38175 -2.27161
4.23597 -2 1.3913 -2.26308
4.22126 -2 1.39534 -2.25947
4.36162 -2 1.35684 -2.29387
4.35558 -2 1.3585 -2.29239
4.28878 -2 1.37682 -2.27602
4.36901 -2 1.35482 -2.29568
4.36011 -2 1.35726 -2.2935
4.33213 -2 1.36493 -2.28664
4.28788 -2 1.37707 -2.2758
4.32593 -2 1.36663 -2.28512
4.34482 -2 1.36145 -2.28975
4.29377 -2 1.37545 -2.27724
4.35312 -2 1.35917 -2.29179
4.38447 -2 1.35057 -2.29947
4.30674 -2 1.37189 -2.28042
4.24593 -2 1.38857 -2.26552
4.35721 -2 1.35805 -2.29279
4.3874 -2 1.34977 -2.30019
4.39934 -2 1.3465 -2.30311
4.21325 -2 1.39753 -2.25751
4.34854 -2 1.36043 -2.29066
4.2394 -2 1.39036 -2.26392
4.30115 -2 1.37343 -2.27905
4.29396 -2 1.3754 -2.27729
4.27167 -2 1.38151 -2.27183
4.26151 -2 1.3843 -2.26934
4.22615 -2 1.394 -2.26067
4.32431 -2 1.36708 -2.28473
4.47236 -2 1.35046 -2.31358
4.52358 -2 1.33415 -2.31925
4.50135 -2 1.34123 -2.31679
4.41571 -2 1.36849 -2.30731
4.4599 -2 1.35442 -2.3122
4.46346 -2 1.35329 -2.31259
4.50736 -2 1.33931 -2.31745
4.5133 -2 1.33742 -2.31811
4.52543 -2 1.33356 -2.31945
4.4562 -2 1.3556 -2.31179
4.52271 -2 1.33443 -2.31915
4.53152 -2 1.33162 -2.32013
4.51769 -2 1.33602 -2.3186
4.40489 -2 1.37194 -2.30611
4.42966 -2 1.36405 -2.30885
4.49147 -2 1.34437 -2.31569
4.52739 -2 1.33293 -2.31967
4.44186 -2 1.36017 -2.3102
4.47658 -2 1.34911 -2.31405
4.47236 -2 1.35046 -2.31358
4.42456 -2 1.36567 -2.30829
4.40533 -2 1.3718 -2.30616
4.42479 -2 1.3656 -2.30831
4.46622 -2 1.35241 -2.3129
4.40611 -2 1.37155 -2.30625
4.48217 -2 1.34733 -2.31466
4.44962 -2 1.35769 -2.31106
4.47539 -2 1.34949 -2.31391
4.52151 -2 1.33481 -2.31902
4.44894 -2 1.35791 -2.31099
4.47128 -2 1.3508 -2.31346
4.49342 -2 1.34375 -2.31591
4.40377 -2 1.37229 -2.30599
4.50886 -2 1.33883 -2.31762
4.41063 -2 1.37011 -2.30675
4.53012 -2 1.33207 -2.31997
4.4515 -2 1.35709 -2.31127
4.47522 -2 1.34954 -2.3139
4.50707 -2 1.3394 -2.31742
4.53326 -2 1.33106 -2.32032
4.51378 -2 1.33727 -2.31816
4.539 -2 1.32924 -2.32096
4.52592 -2 1.3334 -2.31951
4.47533 -2 1.34951 -2.31391
4.50463 -2 1.34018 -2.31715
4.49259 -2 1.34401 -2.31582
4.43572 -2 1.36212 -2.30952
4.50387 -2 1.34042 -2.31707
4.50228 -2 1.34093 -2.31689
4.53691 -2 1.3299 -2.32072
4.44925 -2 1.35781 -2.31102
4.49623 -2 1.34286 -2.31622
4.42847 -2 1.36443 -2.30872
4.53254 -2 1.33129 -2.32024
4.51218 -2 1.33778 -2.31799
4.52161 -2 1.33477 -2.31903
4.48989 -2 1.34487 -2.31552
4.47579 -2 1.34936 -2.31396
4.42273 -2 1.36625 -2.30809
4.5354 -2 1.33038 -2.32056
4.48362 -2 1.34687 -2.31483
4.47431 -2 1.34983 -2.31379
4.49177 -2 1.34428 -2.31573
4.43661 -2 1.36183 -2.30962
4.51081 -2 1.33821 -2.31784
4.4836 -2 1.34688 -2.31482
4.45667 -2 1.35545 -2.31184
4.51597 -2 1.33657 -2.31841
4.46651 -2 1.35232 -2.31293
4.54141 -2 1.32847 -2.32122
4.40398 -2 1.37222 -2.30601
4.4058 -2 1.37164 -2.30621
4.4447 -2 1.35926 -2.31052
4.69107 -2 1.29308 -2.32989
4.69628 -2 1.2914 -2.33012
4.58845 -2 1.32632 -2.32544
4.61483 -2 1.31777 -2.32659
4.66967 -2 1.30001 -2.32896
4.58959 -2 1.32595 -2.32549
4.65664 -2 1.30423 -2.3284
4.59908 -2 1.32287 -2.3259
4.68426 -2 1.29529 -2.32959
4.66054 -2 1.30297 -2.32857
4.58036 -2 1.32894 -2.32509
4.57437 -2 1.33088 -2.32483
4.61647 -2 1.31724 -2.32666
4.65099 -2 1.30606 -2.32815
4.65322 -2 1.30534 -2.32825
4.61994 -2 1.31612 -2.32681
4.57813 -2 1.32966 -2.32499
4.62866 -2 1.3133 -2.32718
4.65296 -2 1.30543 -2.32824
4.66607 -2 1.30118 -2.32881
4.68439 -2 1.29525 -2.3296
4.60739 -2 1.32018 -2.32626
4.5705 -2 1.33213 -2.32466
4.68622 -2 1.29465 -2.32968
4.67192 -2 1.29929 -2.32906
4.68868 -2 1.29386 -2.32979
4.67853 -2 1.29714 -2.32935
4.65261 -2 1.30554 -2.32822
4.58875 -2 1.32622 -2.32546
4.61357 -2 1.31818 -2.32653
4.56849 -2 1.33278 -2.32458
4.61687 -2 1.31711 -2.32667
4.67587 -2 1.29801 -2.32923
4.57714 -2 1.32998 -2.32495
4.55197 -2 1.33813 -2.32386
4.59768 -2 1.32333 -2.32584
4.63011 -2 1.31283 -2.32725
4.61931 -2 1.31632 -2.32678
4.55735 -2 1.33639 -2.32409
4.57513 -2 1.33063 -2.32486
4.56927 -2 1.33253 -2.32461
4.5508 -2 1.33851 -2.32381
4.55326 -2 1.33771 -2.32392
4.59147 -2 1.32534 -2.32557
4.55244 -2 1.33798 -2.32388
4.57639 -2 1.33022 -2.32492
4.56163 -2 1.335 -2.32428
4.57026 -2 1.33221 -2.32465
4.57226 -2 1.33156 -2.32474
4.66513 -2 1.30148 -2.32877
4.65449 -2 1.30493 -2.3283
4.61482 -2 1.31778 -2.32658
4.60774 -2 1.32007 -2.32628
4.56246 -2 1.33474 -2.32432
4.69457 -2 1.29195 -2.33004
4.69966 -2 1.2903 -2.33026
4.6271 -2 1.3138 -2.32712
4.66565 -2 1.30132 -2.32879
4.58021 -2 1.32899 -2.32508
4.6215 -2 1.31561 -2.32687
4.55299 -2 1.3378 -2.32391
4.69142 -2 1.29297 -2.32991
4.93739 -2 1.24125 -2.31428
4.83112 -2 1.27388 -2.32314
4.82786 -2 1.27488 -2.32341
4.72049 -2 1.30786 -2.33235
4.72438 -2 1.30666 -2.33203
4.79238 -2 1.28578 -2.32636
4.85968 -2 1.26511 -2.32076
4.75697 -2 1.29665 -2.32931
4.91717 -2 1.24746 -2.31597
4.92373 -2 1.24544 -2.31542
4.89177 -2 1.25526 -2.31808
4.81761 -2 1.27803 -2.32426
4.71885 -2 1.30836 -2.33249
4.78213 -2 1.28893 -2.32722
4.87706 -2 1.25978 -2.31931
4.77573 -2 1.29089 -2.32775
4.86855 -2 1.26239 -2.32002
4.85287 -2 1.2672 -2.32132
4.8912 -2 1.25543 -2.31813
4.87703 -2 1.25978 -2.31931
4.7876 -2 1.28725 -2.32676
4.92136 -2 1.24617 -2.31562
4.87845 -2 1.25935 -2.31919
4.81253 -2 1.27959 -2.32468
4.92443 -2 1.24523 -2.31536
4.84094 -2 1.27087 -2.32232
4.86094 -2 1.26473 -2.32065
4.76514 -2 1.29414 -2.32863
4.71131 -2 1.31068 -2.33312
4.78243 -2 1.28884 -2.32719
4.94586 -2 1.23865 -2.31358
4.7392 -2 1.30211 -2.33079
4.84392 -2 1.26995 -2.32207
4.94736 -2 1.23818 -2.31345
4.854 -2 1.26686 -2.32123
4.94226 -2 1.23975 -2.31388
4.73065 -2 1.30474 -2.33151
4.77597 -2 1.29082 -2.32773
4.83593 -2 1.2724 -2.32274
4.88911 -2 1.25607 -2.31831
4.73635 -2 1.30299 -2.33103
4.82479 -2 1.27583 -2.32366
4.92429 -2 1.24527 -2.31537
4.92633 -2 1.24464 -2.31521
4.82598 -2 1.27546 -2.32356
4.71093 -2 1.31079 -2.33315
4.79591 -2 1.2847 -2.32607
4.83826 -2 1.27169 -2.32254
4.92169 -2 1.24607 -2.31559
4.87201 -2 1.26133 -2.31973
4.94716 -2 1.23824 -2.31347
4.91215 -2 1.249 -2.31639
4.83521 -2 1.27263 -2.3228
4.92245 -2 1.24583 -2.31553
4.72453 -2 1.30662 -2.33202
4.88447 -2 1.2575 -2.31869
4.88198 -2 1.25826 -2.3189
4.71781 -2 1.30868 -2.33258
4.80242 -2 1.2827 -2.32553
4.73683 -2 1.30284 -2.33099
4.7815 -2 1.28912 -2.32727
4.78137 -2 1.28916 -2.32728
4.93244 -2 1.24277 -2.3147
4.77248 -2 1.29189 -2.32802
4.73263 -2 1.30413 -2.33134
4.71095 -2 1.31079 -2.33315
4.8777 -2 1.25958 -2.31926
4.71024 -2 1.31101 -2.33321
4.84368 -2 1.27002 -2.32209
4.75454 -2 1.2974 -2.32952
4.81928 -2 1.27752 -2.32412
4.72725 -2 1.30578 -2.33179
4.77806 -2 1.29018 -2.32756
4.91592 -2 1.24784 -2.31607
4.80294 -2 1.28254 -2.32548
4.78535 -2 1.28794 -2.32695
4.94658 -2 1.23842 -2.31352
4.79525 -2 1.2849 -2.32612
4.79091 -2 1.28623 -2.32649
4.70929 -2 1.3113 -2.33329
4.89361 -2 1.25469 -2.31793
4.91383 -2 1.24848 -2.31625
4.76053 -2 1.29556 -2.32902
4.85361 -2 1.26698 -2.32126
4.79763 -2 1.28417 -2.32593
4.74362 -2 1.30075 -2.33043
4.88375 -2 1.25772 -2.31875
4.76205 -2 1.29509 -2.32889
4.76224 -2 1.29504 -2.32887
4.92575 -2 1.24482 -2.31525
4.73831 -2 1.30238 -2.33087
4.89732 -2 1.25355 -2.31762
4.81461 -2 1.27895 -2.32451
4.75537 -2 1.29715 -2.32945
4.7145 -2 1.3097 -2.33285
4.88373 -2 1.25773 -2.31875
4.77074 -2 1.29243 -2.32817
4.74752 -2 1.29956 -2.3301
4.76189 -2 1.29514 -2.3289
4.9324 -2 1.24278 -2.3147
4.89776 -2 1.25342 -2.31759
4.95831 -2 1.26682 -2.3175
5.07793 -2 1.23911 -2.28842
5.10443 -2 1.23297 -2.28197
5.136 -2 1.22566 -2.2743
5.19261 -2 1.21255 -2.26053
5.15287 -2 1.22175 -2.2702
4.98397 -2 1.26088 -2.31126
4.98509 -2 1.26062 -2.31099
5.04423 -2 1.24692 -2.29661
5.15565 -2 1.22111 -2.26952
5.20313 -2 1.21011 -2.25798
4.96904 -2 1.26434 -2.31489
5.04125 -2 1.24761 -2.29733
4.98716 -2 1.26014 -2.31049
5.04257 -2 1.2473 -2.29701
5.06561 -2 1.24196 -2.29141
5.02182 -2 1.25211 -2.30206
5.05905 -2 1.24349 -2.29301
5.05112 -2 1.24532 -2.29493
5.16411 -2 1.21915 -2.26746
5.07401 -2 1.24002 -2.28937
5.12011 -2 1.22934 -2.27816
5.21823 -2 1.20661 -2.2543
5.07132 -2 1.24064 -2.29002
5.18318 -2 1.21473 -2.26283
4.98291 -2 1.26112 -2.31152
5.20315 -2 1.2101 -2.25797
5.10283 -2 1.23334 -2.28236
5.08125 -2 1.23834 -2.28761
5.01019 -2 1.2548 -2.30489
5.09991 -2 1.23402 -2.28307
5.11535 -2 1.23044 -2.27932
5.18302 -2 1.21477 -2.26286
5.12413 -2 1.22841 -2.27718
5.06004 -2 1.24326 -2.29277
5.01902 -2 1.25276 -2.30274
5.2457 -2 1.20025 -2.24763
5.06017 -2 1.24323 -2.29273
5.06848 -2 1.2413 -2.29071
5.18462 -2 1.2144 -2.26248
5.24578 -2 1.20023 -2.24761
5.06331 -2 1.2425 -2.29197
5.13103 -2 1.22681 -2.27551
5.06646 -2 1.24177 -2.2912
5.00911 -2 1.25505 -2.30515
5.07264 -2 1.24034 -2.2897
5.0916 -2 1.23594 -2.28509
5.07721 -2 1.23928 -2.28859
5.16553 -2 1.21882 -2.26712
5.10521 -2 1.23279 -2.28178
5.23925 -2 1.20174 -2.24919
4.97633 -2 1.26265 -2.31312
5.07292 -2 1.24027 -2.28964
5.15651 -2 1.22091 -2.26931
5.23201 -2 1.20342 -2.25096
5.1128 -2 1.23103 -2.27994
5.0711 -2 1.24069 -2.29008
5.012 -2 1.25439 -2.30445
5.15604 -2 1.22102 -2.26943
5.15368 -2 1.22156 -2.27
5.12394 -2 1.22845 -2.27723
4.95046 -2 1.26864 -2.31941
5.14788 -2 1.22291 -2.27141
5.0377 -2 1.24843 -2.2982
4.96936 -2 1.26426 -2.31481
5.09882 -2 1.23427 -2.28334
5.06129 -2 1.24297 -2.29246
5.18985 -2 1.21319 -2.26121
5.1149 -2 1.23055 -2.27943
5.02362 -2 1.25169 -2.30162
5.04564 -2 1.24659 -2.29627
5.04859 -2 1.24591 -2.29555
5.13022 -2 1.227 -2.2757
5.09376 -2 1.23544 -2.28457
5.21762 -2 1.20675 -2.25445
4.95215 -2 1.26825 -2.319
5.15149 -2 1.22207 -2.27053
5.02427 -2 1.25154 -2.30146
5.10827 -2 1.23208 -2.28104
4.98083 -2 1.26161 -2.31203
5.24533 -2 1.20033 -2.24771
5.03851 -2 1.24824 -2.298
5.18228 -2 1.21494 -2.26305
4.98526 -2 1.26058 -2.31095
5.20113 -2 1.21057 -2.25846
5.16435 -2 1.21909 -2.2674
4.9806 -2 1.26166 -2.31208
5.17163 -2 1.21741 -2.26563
4.97752 -2 1.26237 -2.31283
5.05576 -2 1.24425 -2.29381
5.10091 -2 1.23379 -2.28283
5.09197 -2 1.23586 -2.285
5.00074 -2 1.25699 -2.30719
5.0761 -2 1.23954 -2.28886
4.95787 -2 1.26692 -2.31761
5.23536 -2 1.20264 -2.25014
5.11391 -2 1.23078 -2.27967
5.17821 -2 1.21588 -2.26403
5.18629 -2 1.21401 -2.26207
5.09783 -2 1.2345 -2.28358
5.24453 -2 1.20052 -2.24791
4.99061 -2 1.25934 -2.30965
5.07887 -2 1.23889 -2.28819
5.47746 -2 1.20036 -2.16981
5.2675 -2 1.22429 -2.24704
5.47164 -2 1.20103 -2.17195
5.36037 -2 1.2137 -2.21288
5.27112 -2 1.22387 -2.24571
5.54459 -2 1.19271 -2.14511
5.33605 -2 1.21648 -2.22183
5.30529 -2 1.21998 -2.23314
5.48107 -2 1.19995 -2.16848
5.27298 -2 1.22366 -2.24503
5.53782 -2 1.19349 -2.14761
5.39251 -2 1.21004 -2.20106
5.33121 -2 1.21703 -2.22361
5.33236 -2 1.2169 -2.22318
5.29391 -2 1.22128 -2.23733
5.50403 -2 1.19734 -2.16003
5.48822 -2 1.19914 -2.16585
5.35998 -2 1.21375 -2.21302
5.25929 -2 1.22522 -2.25007
5.36486 -2 1.21319 -2.21123
5.27867 -2 1.22301 -2.24294
5.31047 -2 1.21939 -2.23124
5.42039 -2 1.20687 -2.1908
5.33336 -2 1.21678 -2.22282
5.43255 -2 1.20548 -2.18633
5.39366 -2 1.20991 -2.20064
5.46304 -2 1.20201 -2.17511
5.29084 -2 1.22163 -2.23846
5.25684 -2 1.2255 -2.25096
5.29011 -2 1.22171 -2.23873
5.50721 -2 1.19697 -2.15886
5.36206 -2 1.21351 -2.21226
5.29369 -2 1.2213 -2.23741
5.39059 -2 1.21026 -2.20177
5.26636 -2 1.22442 -2.24746
5.37855 -2 1.21163 -2.20619
5.47909 -2 1.20018 -2.16921
5.4813 -2 1.19993 -2.1684
5.37456 -2 1.21209 -2.20766
5.4974 -2 1.19809 -2.16247
5.50926 -2 1.19674 -2.15811
5.4772 -2 1.20039 -2.16991
5.33699 -2 1.21637 -2.22148
5.27875 -2 1.223 -2.24291
5.42458 -2 1.20639 -2.18926
5.27503 -2 1.22343 -2.24427
5.36794 -2 1.21284 -2.2101
5.36143 -2 1.21358 -2.21249
5.48171 -2 1.19988 -2.16825
5.4471 -2 1.20382 -2.18098
5.40733 -2 1.20835 -2.19561
5.49544 -2 1.19831 -2.16319
5.36986 -2 1.21262 -2.20939
5.44198 -2 1.20441 -2.18286
5.31847 -2 1.21848 -2.22829
5.34922 -2 1.21498 -2.21698
5.33991 -2 1.21604 -2.22041
5.2656 -2 1.2245 -2.24774
5.4933 -2 1.19856 -2.16398
5.83224 -2 1.22839 -2.02052
5.77052 -2 1.22546 -2.04869
5.57238 -2 1.21606 -2.13916
5.70805 -2 1.2225 -2.07722
5.69596 -2 1.22192 -2.08274
5.55909 -2 1.21543 -2.14523
5.7914 -2 1.22645 -2.03916
5.67526 -2 1.22094 -2.09219
5.75528 -2 1.22474 -2.05565
5.70734 -2 1.22246 -2.07754
5.67794 -2 1.22107 -2.09096
5.78573 -2 1.22619 -2.04175
5.5734 -2 1.21611 -2.13869
5.68889 -2 1.22159 -2.08596
5.63295 -2 1.21893 -2.1115
5.79194 -2 1.22648 -2.03891
5.65706 -2 1.22008 -2.1005
5.63941 -2 1.21924 -2.10856
5.71726 -2 1.22294 -2.07301
5.66925 -2 1.22066 -2.09493
5.75433 -2 1.22469 -2.05609
5.74492 -2 1.22425 -2.06038
5.70143 -2 1.22218 -2.08024
5.67379 -2 1.22087 -2.09286
5.68807 -2 1.22155 -2.08634
5.55354 -2 1.21517 -2.14776
5.83892 -2 1.22871 -2.01746
5.65398 -2 1.21993 -2.1019
5.6741 -2 1.22089 -2.09272
5.67526 -2 1.22094 -2.09219
5.83787 -2 1.22866 -2.01794
5.55761 -2 1.21536 -2.1459
5.56815 -2 1.21586 -2.14109
5.63198 -2 1.21889 -2.11195
5.67709 -2 1.22103 -2.09135
5.77455 -2 1.22565 -2.04685
5.8367 -2 1.2286 -2.01848
5.55637 -2 1.2153 -2.14647
5.83702 -2 1.22862 -2.01833
5.72266 -2 1.22319 -2.07054
5.58151 -2 1.21649 -2.13499
5.5557 -2 1.21527 -2.14678
5.62238 -2 1.21843 -2.11633
5.74422 -2 1.22421 -2.0607
5.64522 -2 1.21952 -2.1059
5.72472 -2 1.22329 -2.06961
5.63456 -2 1.21901 -2.11077
5.68303 -2 1.22131 -2.08864
5.73589 -2 1.22382 -2.06451
5.60377 -2 1.21755 -2.12483
5.74371 -2 1.22419 -2.06094
5.81865 -2 1.22775 -2.02672
5.82025 -2 1.22782 -2.02599
5.59553 -2 1.21716 -2.12859
5.66289 -2 1.22036 -2.09784
5.60558 -2 1.21764 -2.124
5.59902 -2 1.21732 -2.127
5.76492 -2 1.2252 -2.05125
5.57241 -2 1.21606 -2.13915
5.5527 -2 1.21513 -2.14815
5.89089 -2 1.25965 -1.99694
5.95578 -2 1.27633 -1.9655
6.00346 -2 1.28858 -1.9424
5.90311 -2 1.26279 -1.99102
6.02147 -2 1.29321 -1.93367
6.01792 -2 1.2923 -1.93539
6.06692 -2 1.30489 -1.91165
5.91613 -2 1.26614 -1.98472
6.09459 -2 1.312 -1.89824
5.97326 -2 1.28082 -1.95703
5.94399 -2 1.2733 -1.97122
5.87263 -2 1.25496 -2.0058
5.94285 -2 1.273 -1.97177
5.87179 -2 1.25474 -2.0062
5.98907 -2 1.28488 -1.94937
5.89682 -2 1.26117 -1.99407
6.04163 -2 1.29839 -1.9239
6.0927 -2 1.31152 -1.89915
6.04282 -2 1.2987 -1.92332
5.92297 -2 1.26789 -1.9814
6.06774 -2 1.3051 -1.91125
6.03767 -2 1.29738 -1.92582
6.11759 -2 1.31791 -1.8871
5.88974 -2 1.25935 -1.9975
6.26871 -2 1.40329 -1.8246
6.33116 -2 1.43396 -1.79889
6.42529 -2 1.48018 -1.76013
6.18822 -2 1.36376 -1.85774
6.16832 -2 1.35399 -1.86594
6.44001 -2 1.4874 -1.75407
6.32345 -2 1.43017 -1.80206
6.26316 -2 1.40056 -1.82689
6.24016 -2 1.38927 -1.83636
6.24789 -2 1.39306 -1.83318
6.15202 -2 1.34599 -1.87265
6.30321 -2 1.42023 -1.81039
6.17366 -2 1.35661 -1.86374
6.37325 -2 1.45462 -1.78156
6.31116 -2 1.42413 -1.80712
6.2004 -2 1.36975 -1.85273
6.21712 -2 1.37796 -1.84584
6.38961 -2 1.46266 -1.77482
6.22038 -2 1.37955 -1.8445
6.16952 -2 1.35458 -1.86544
6.32498 -2 1.43092 -1.80143
6.2693 -2 1.40358 -1.82436
6.30187 -2 1.41957 -1.81095
6.37936 -2 1.45762 -1.77904
6.44592 -2 1.49031 -1.75163
6.22986 -2 1.38421 -1.8406
6.59702 -2 1.61282 -1.7188
6.52223 -2 1.56129 -1.73501
6.64387 -2 1.64509 -1.70864
6.60817 -2 1.6205 -1.71638
6.45846 -2 1.51737 -1.74883
6.72686 -2 1.70225 -1.69066
6.57114 -2 1.59499 -1.72441
6.47322 -2 1.52754 -1.74563
6.58438 -2 1.60411 -1.72154
6.5218 -2 1.561 -1.7351
6.471 -2 1.52601 -1.74611
6.58557 -2 1.60493 -1.72128
7.12725 -2 2.03684 -1.7342
6.8084 -2 1.79017 -1.67652
6.80186 -2 1.78512 -1.67533
6.87748 -2 1.84362 -1.68901
7.13115 -2 2.03987 -1.7349
7.16694 -2 2.06755 -1.74138
7.05907 -2 1.9841 -1.72186
7.15415 -2 2.05765 -1.73906
7.11457 -2 2.02704 -1.7319
7.08133 -2 2.00132 -1.72589
6.93613 -2 1.88899 -1.69962
