1.77034980863 -2 1.22982237097 -1.98123302514 0.489124952756 0.700637915521
1.8432278434 -2 1.24575803255 -1.96052591326 0.527232648972 0.774260082688
2.31646863451 -2 1.37917126474 -1.72188631935 0.742228551632 0.995980314145
2.33512630927 -2 1.38684933776 -1.711002042 0.749420601713 0.99675331106
2.45692219066 -2 1.44358764889 -1.64160950172 0.793737554925 0.989148921436
2.48579163325 -2 1.45879689757 -1.62585073915 0.80355789165 0.98427802726
2.62338254656 -2 1.54085384934 -1.55645603696 0.846633094245 0.946207313689
2.66057751736 -2 1.56572231203 -1.53965835653 0.857195829674 0.931953832055
2.67432180343 -2 1.5751916796 -1.53369097055 0.860980237082 0.926285277356
2.68771619993 -2 1.58456266765 -1.52800403727 0.864606279507 0.920556886284
2.69564571163 -2 1.59017591037 -1.5246981021 0.866723958929 0.917071811745
2.6958551585 -2 1.59032483252 -1.52461139848 0.86677960205 0.916978819025
2.77642195416 -2 1.65002305494 -1.49369509499 0.887058427072 0.877727909601
2.79288973227 -2 1.66278957143 -1.48799103156 0.890924820892 0.868879019416
2.80088896053 -2 1.6690558357 -1.48529746536 0.892768503923 0.864483224184
2.82161402402 -2 1.68548231818 -1.47855524327 0.897440201192 0.852802674018
2.83820738572 -2 1.69882631202 -1.47340458473 0.901070880305 0.843152475865
2.84523511219 -2 1.70452753937 -1.47128978575 0.902579066399 0.838986719251
2.84993723142 -2 1.70835822815 -1.4698970054 0.903578342061 0.836173637934
2.86424727594 -2 1.72009377873 -1.46576796668 0.906570906898 0.827486269207
2.87842567569 -2 1.73183281332 -1.46183990038 0.909463688495 0.818693722649
2.91838323924 -2 1.7654700347 -1.45164308315 0.917227288959 0.792949289534
2.99775736577 -2 1.8343226714 -1.43518149103 0.930931310668 0.737801677072
3.02880159727 -2 1.86181513253 -1.43008984781 0.935663393262 0.714870799861
3.03939363638 -2 1.8712488342 -1.42852181259 0.937196594997 0.70688077585
3.04759783229 -2 1.87857168856 -1.42736570345 0.938355630982 0.700635176694
3.05192664923 -2 1.8824405895 -1.42677612973 0.938957130083 0.69731999957
3.06671367828 -2 1.89568026946 -1.42486778856 0.940959390877 0.68589372374
3.08083304238 -2 1.90835119152 -1.423196588 0.942795405975 0.674838638903
3.10046009441 -2 1.9259995129 -1.42111468774 0.945224227086 0.659241611893
3.1095014817 -2 1.9341386419 -1.42024864869 0.946294694332 0.651968673979
3.11363412366 -2 1.93786012324 -1.41987210275 0.946773802978 0.648626159874
3.14177250774 -2 1.96320488699 -1.41762512952 0.949865814551 0.625570225247
3.18230002403 -2 1.99964596983 -1.41533080042 0.953795993666 0.591484292455
3.30681810541 -2 2.10955042187 -1.41461203671 0.961975458012 0.480900005387
3.3131140677 -2 2.11496871969 -1.4148056968 0.962231888011 0.47509588241
3.33652743523 -2 2.13495918697 -1.41570152345 0.963052080965 0.45334841522
3.33763982571 -2 2.13590239534 -1.41575082704 0.963085811356 0.452308901802
3.35191143561 -2 2.14794749163 -1.4164361474 0.963476362045 0.438923097996
3.35515579443 -2 2.15067082077 -1.41660541591 0.963554217295 0.435867538116
3.3694538057 -2 2.16260404024 -1.41740948049 0.963849050381 0.422347283443
3.37171981058 -2 2.16448472861 -1.41754547678 0.963888548203 0.4201965278
3.40553697876 -2 2.19218711067 -1.41984298872 0.964242692851 0.387847961544
3.40645287465 -2 2.19292748164 -1.41991200045 0.964246144094 0.38696546266
3.44119637405 -2 2.22059723959 -1.42277990779 0.964137529297 0.353253104017
3.44469822014 -2 2.22333947946 -1.4230951453 0.964100665492 0.349830471394
3.45981080518 -2 2.23507113258 -1.42450818374 0.963887078222 0.335010007638
3.47079374606 -2 2.24348967273 -1.42558737204 0.96367629973 0.324189921356
3.47430388468 -2 2.24616071989 -1.42594132904 0.963599068301 0.320723272039
3.48896379661 -2 2.25721174604 -1.42746583754 0.96322482476 0.306201291138
3.50917349196 -2 2.27216220914 -1.42968584899 0.962572062671 0.28606999715
3.51126158448 -2 2.27368765719 -1.4299228009 0.962495571779 0.283982867057
3.51791720477 -2 2.27852537415 -1.43068730447 0.962240451006 0.277321631427
3.5188040559 -2 2.2791671569 -1.43079022668 0.962205156089 0.276433043121
3.52359962437 -2 2.28262590022 -1.43135101555 0.962009003051 0.271624099705
3.52574461775 -2 2.28416656051 -1.43160415328 0.961918371198 0.269470965232
3.5278124682 -2 2.28564805341 -1.43184952528 0.961829304456 0.267394014361
3.53076166355 -2 2.28775456682 -1.43220173711 0.961699398151 0.264429728137
3.54714501159 -2 2.29931772941 -1.43420583731 0.960916115425 0.247918294208
3.57774043944 -2 2.32026411667 -1.43815523849 0.95917351335 0.216892871976
3.58974682911 -2 2.32824683383 -1.43977521042 0.958390021832 0.204654033512
3.59149578805 -2 2.32939829086 -1.4400143738 0.95827120229 0.20286836481
3.5949991145 -2 2.33169600083 -1.44049584286 0.958029608726 0.19928936974
3.61776138349 -2 2.34633704548 -1.44370055366 0.956343319306 0.17596836055
3.70990932552 -2 2.40031132109 -1.45792706131 0.947450644769 0.0805397319923
3.71842160709 -2 2.40485558624 -1.45933603572 0.94646191272 0.0716560782947
3.74541780764 -2 2.41876328419 -1.46390567605 0.943139077335 0.0434217623751
3.75623792631 -2 2.42412149361 -1.46578003375 0.941727412073 0.0320821113075
3.75742376057 -2 2.42470119595 -1.4659869394 0.941569921592 0.0308385998887
3.76998693964 -2 2.43075133855 -1.46819698372 0.939867699944 0.0176559478382
3.77538044454 -2 2.43329744663 -1.46915588141 0.939118020415 0.0119920132502
3.7958269861 -2 2.44267001033 -1.47284633131 0.936172947873 -0.00950158836073
3.79815603879 -2 2.44370958708 -1.47327228628 0.935827130125 -0.0119519174715
3.80477539689 -2 2.44663288244 -1.47448915316 0.934832737109 -0.0189179734574
3.80605799408 -2 2.44719396763 -1.47472601425 0.934638082729 -0.0202680810625
3.8075555481 -2 2.44784689342 -1.47500301498 0.934409993491 -0.021844591613
3.86327547457 -2 2.47047150816 -1.48565626693 0.925302142043 -0.0805798347035
3.86460737381 -2 2.47097288808 -1.48591941017 0.925069634539 -0.0819851065639
3.8703872649 -2 2.47312759565 -1.48706609826 0.924052649078 -0.0880837871255
3.89462669181 -2 2.48179369657 -1.49196096538 0.919646122986 -0.113664125504
3.89912847905 -2 2.48333795509 -1.49288570244 0.918802579818 -0.118415114756
3.91619468167 -2 2.4890091994 -1.4964374529 0.915533207965 -0.136424469812
3.93013256905 -2 2.49342859767 -1.49939382709 0.912779219861 -0.151128940341
3.95334292859 -2 2.50037319695 -1.50443332549 0.908025825457 -0.175602935478
3.9651561036 -2 2.5037127826 -1.50705655375 0.905526347782 -0.188050645752
3.97441749826 -2 2.50624092589 -1.50914179396 0.903528993306 -0.197804431301
3.98352280311 -2 2.50865049281 -1.51121715953 0.901532941353 -0.207388887345
3.98897609924 -2 2.51005801773 -1.51247240007 0.900322122898 -0.213126587856
3.99224726142 -2 2.51088965464 -1.51322984612 0.899590295599 -0.216567368604
4.00234540239 -2 2.51339767422 -1.51558973016 0.89730504224 -0.22718418801
4.00642707744 -2 2.51438628286 -1.51655303217 0.896370161793 -0.2314732799
4.01308960822 -2 2.51596931438 -1.51813734621 0.894830333464 -0.238471443816
4.0136194529 -2 2.51609358549 -1.51826398179 0.894707141492 -0.239027818939
4.03560800673 -2 2.52104437845 -1.52360516865 0.889499177628 -0.262094796901
4.03793743932 -2 2.52154565633 -1.52418107058 0.888936535914 -0.264535731261
4.04593874218 -2 2.52323444359 -1.52617439042 0.886988015434 -0.272915719857
4.04715688756 -2 2.5234871023 -1.52647994543 0.886689204026 -0.274190917579
4.05980842471 -2 2.52604292408 -1.52968671718 0.88355201777 -0.287425186171
4.06048175063 -2 2.52617549927 -1.52985911255 0.883383328484 -0.288129009376
4.06481103895 -2 2.52701972245 -1.53097181049 0.882294542722 -0.292653097386
4.06534562495 -2 2.52712298899 -1.53110972047 0.882159598353 -0.293211581134
4.06814035323 -2 2.52765936968 -1.53183253999 0.881452343393 -0.296130675458
4.07939760334 -2 2.52976155445 -1.53477597205 0.878573116993 -0.307878970113
4.09872665573 -2 2.53315982677 -1.53995319837 0.873515960436 -0.328011946245
4.12292046525 -2 2.53705813288 -1.54666528058 0.866984326131 -0.353135798254
4.14293868056 -2 2.54000646978 -1.55242631827 0.861410818457 -0.373853329862
4.14785201134 -2 2.54069413971 -1.5538704171 0.86001946621 -0.378927932424
4.15898725633 -2 2.54220277463 -1.55718865692 0.856832143469 -0.390412850021
4.1651354135 -2 2.543007084 -1.55904835718 0.855052078297 -0.396744412351
4.17213240669 -2 2.54389857545 -1.56118923709 0.853008753808 -0.403941531406
4.17382950899 -2 2.54411106984 -1.56171247397 0.852510345505 -0.405685770684
4.1810533603 -2 2.54499970111 -1.56395727807 0.850376585663 -0.413104027498
4.18735627123 -2 2.54575461688 -1.5659395181 0.848498659894 -0.419568171507
4.18993663854 -2 2.54605834418 -1.5667574763 0.847725500143 -0.42221225225
4.20217433625 -2 2.54745834255 -1.57068869132 0.844024312711 -0.434733565707
4.2032098471 -2 2.5475738361 -1.57102533065 0.843708526686 -0.435791646067
4.21428494153 -2 2.54878157458 -1.57466560932 0.84030571033 -0.447093841418
4.22527235766 -2 2.54993261718 -1.57835050988 0.836883986422 -0.458280157385
4.23713353144 -2 2.55112676115 -1.58241299016 0.833138972958 -0.470325577718
4.2371439948 -2 2.5511277937 -1.58241661339 0.833135645849 -0.470336189357
4.25376030421 -2 2.55272484813 -1.58826048366 0.827799982391 -0.487155445041
4.26152573381 -2 2.55344417592 -1.59105448122 0.825270787296 -0.494992960722
4.26941768024 -2 2.55415950645 -1.59393616682 0.822677161334 -0.502942909254
4.26984015933 -2 2.55419738095 -1.59409164619 0.822537657197 -0.503368053902
4.27577006229 -2 2.5547247533 -1.59628711978 0.820572511731 -0.509330603528
4.27627394858 -2 2.55476921276 -1.5964748171 0.820404917631 -0.509836851426
4.29215628116 -2 2.55614506439 -1.6024840782 0.815073628336 -0.525759924133
4.29252480971 -2 2.55617645233 -1.60262568566 0.814948801248 -0.526128612515
4.29982907088 -2 2.55679419853 -1.60545303655 0.812464236259 -0.533428559281
4.31522130383 -2 2.55807281459 -1.61154228191 0.807163250767 -0.548764259644
4.31926538597 -2 2.55840460381 -1.61317224964 0.80575582835 -0.552782606822
4.32287187686 -2 2.55869935835 -1.61463659486 0.804495554129 -0.556362264908
4.32542900103 -2 2.55890778394 -1.61568105071 0.803599041086 -0.558898130133
4.32845814788 -2 2.55915415552 -1.61692498898 0.802533888985 -0.56189968054
4.33143200954 -2 2.55939555218 -1.61815331998 0.80148485467 -0.564843888497
4.37044857715 -2 2.56255668437 -1.63494096546 0.787417526779 -0.603229215085
4.372560093 -2 2.56272942458 -1.63588620277 0.786640140112 -0.605293361628
4.37883228432 -2 2.56324484607 -1.63871693954 0.784321223527 -0.611416607616
4.38290225652 -2 2.56358141465 -1.64057229138 0.782808727744 -0.615383287601
4.38487781601 -2 2.56374546168 -1.64147817068 0.782072360946 -0.617306810356
4.39130363436 -2 2.56428246222 -1.64444880479 0.779667260221 -0.623554724278
4.39237409018 -2 2.56437246616 -1.64494727938 0.779265124031 -0.624594251144
4.39338380915 -2 2.56445751579 -1.64541841993 0.778885417959 -0.625574456061
4.39368663008 -2 2.56448305204 -1.64555989774 0.778771468588 -0.625868361122
4.41314584327 -2 2.56615656992 -1.65482749061 0.771378385504 -0.644691558513
4.41324078412 -2 2.56616491143 -1.65487356812 0.771341973893 -0.644783088261
4.4282846582 -2 2.56751243153 -1.66228264152 0.765530617338 -0.659247936355
4.43976336983 -2 2.56857928227 -1.66808229643 0.761040746378 -0.670232599895
4.43986026508 -2 2.56858844592 -1.66813180071 0.761002641107 -0.670325129509
4.44252800522 -2 2.56884183534 -1.66949839254 0.759952172512 -0.672871380806
4.44568288891 -2 2.56914427624 -1.67112360196 0.758706530773 -0.675879359798
4.45029994101 -2 2.56959251456 -1.67351985469 0.756877038071 -0.680275076054
4.45922187577 -2 2.57047867575 -1.67821088036 0.753319745008 -0.688747756292
4.46311322129 -2 2.57087388156 -1.68028211666 0.751759141699 -0.692434183727
4.47058007352 -2 2.57164790792 -1.68429984148 0.748749189038 -0.699492412552
4.47102261252 -2 2.57169445117 -1.6845397612 0.74857016218 -0.699910093504
4.47384897271 -2 2.57199352534 -1.68607683386 0.747425096378 -0.702575994455
4.47977230289 -2 2.57263074488 -1.68932508187 0.745015932079 -0.708153471966
4.4856566048 -2 2.57327827871 -1.69258830493 0.74261005428 -0.713681277834
4.50267712967 -2 2.57523846662 -1.70223431873 0.735580487592 -0.729597116341
4.51181607505 -2 2.5763483161 -1.70754254993 0.731762921745 -0.738097155514
4.53109916846 -2 2.57883411406 -1.71904471861 0.723609320803 -0.755925064393
4.5442577832 -2 2.5806514207 -1.72713316895 0.71796882345 -0.768005704641
4.54982864272 -2 2.58145233323 -1.73061699698 0.715562190981 -0.773099078558
4.55031186996 -2 2.58152271753 -1.73092087213 0.715352912532 -0.773540290979
4.55052813137 -2 2.58155426461 -1.73105695423 0.715259225969 -0.773737718314
4.55464841477 -2 2.58216097371 -1.73365994864 0.713471090502 -0.777495506819
4.57315669334 -2 2.58502366578 -1.74559651402 0.705364195663 -0.7942888077
4.58658367556 -2 2.58724842087 -1.75450920403 0.699406806797 -0.806381612922
4.59923532825 -2 2.5894654767 -1.76310526609 0.693735008401 -0.817705612722
4.61015499787 -2 2.59147761324 -1.77068102002 0.688794228238 -0.827423574414
4.61365989188 -2 2.59214343499 -1.77314362664 0.687199476712 -0.830531679959
4.62550909515 -2 2.59446846662 -1.78158164342 0.681776024223 -0.840999186088
4.63565791097 -2 2.59655321552 -1.78894796263 0.677091685785 -0.849914721822
4.63651373874 -2 2.59673304988 -1.78957505962 0.676695016571 -0.850664428796
4.64800255727 -2 2.59920926374 -1.79808293383 0.671345256012 -0.860696460597
4.65587868465 -2 2.60097488142 -1.80401236278 0.667651131927 -0.867539016383
4.66001595995 -2 2.60192501097 -1.80715881928 0.665701979463 -0.871121904549
4.66478438705 -2 2.60303973979 -1.81081253558 0.6634480949 -0.875241523543
4.66634788083 -2 2.60340986613 -1.81201690444 0.662707361035 -0.876589979093
4.66753301762 -2 2.60369195522 -1.81293192299 0.662145315198 -0.87761135565
4.677983901 -2 2.60623730457 -1.82107948336 0.657167942218 -0.886589650826
4.68246782805 -2 2.60736163812 -1.82461865411 0.655020815393 -0.89042598599
4.6852649798 -2 2.60807296788 -1.82683972671 0.653677878944 -0.892814330592
4.68882723661 -2 2.6089900307 -1.82968313202 0.651963695871 -0.895850569543
4.69224972678 -2 2.60988298083 -1.83243062815 0.650312643757 -0.898761974622
4.69572376417 -2 2.6108013698 -1.83523522766 0.648632593487 -0.901711491118
4.69796585585 -2 2.61140054173 -1.83705370021 0.647546106179 -0.903611986239
4.69921024024 -2 2.61173528564 -1.83806582794 0.646942347327 -0.904665736423
4.70439852351 -2 2.61314796157 -1.84230776083 0.644419318998 -0.909051139748
4.70995898484 -2 2.61469269644 -1.84689349406 0.641705031256 -0.91373664131
4.71508019002 -2 2.61614383386 -1.85115323786 0.639195774688 -0.918038679911
4.71737673187 -2 2.61680351104 -1.85307478809 0.638067609296 -0.919963709751
4.72463768065 -2 2.61892594899 -1.85919636229 0.634488823231 -0.926033000879
4.74061891974 -2 2.62379731728 -1.87291832815 0.626548537439 -0.939299420699
4.74506638394 -2 2.62520272303 -1.87679808401 0.624323337363 -0.942968675291
4.74758805855 -2 2.62600932804 -1.8790097156 0.623058680851 -0.945044691311
4.75138104467 -2 2.62723595841 -1.88235251244 0.621152376492 -0.948161294547
4.75487239004 -2 2.62837931712 -1.88544665349 0.619393358772 -0.951023610766
4.75757192264 -2 2.62927280383 -1.88785037028 0.618030441823 -0.953232531599
4.76894829399 -2 2.63312937903 -1.89808865133 0.612259745918 -0.962500510814
4.7693947062 -2 2.63328374229 -1.89849398729 0.612032410459 -0.962862836807
4.77161136514 -2 2.63405364609 -1.90051069503 0.6109025808 -0.964660447151
4.77550989365 -2 2.6354215372 -1.90407377709 0.608911483879 -0.967815833055
4.77799374177 -2 2.63630228926 -1.90635469529 0.607640236716 -0.969822110696
4.79922951419 -2 2.64412957559 -1.92619912684 0.596687032698 -0.986843701886
4.80797928494 -2 2.64751172662 -1.93455497959 0.592130054503 -0.993788159084
4.81067081713 -2 2.64857080587 -1.93714642453 0.590723135238 -0.995916190352
4.8181252001 -2 2.65155024196 -1.94437543235 0.586813978328 -1.00178976207
4.82204901781 -2 2.65314599252 -1.94821122106 0.584748861408 -1.00486953291
4.83072181197 -2 2.65674071408 -1.95676435787 0.580166211776 -1.01164735204
4.83370479952 -2 2.65799875481 -1.95973003448 0.578584258682 -1.01396917755
4.83574352625 -2 2.6588649671 -1.96176395147 0.577501376784 -1.01555325744
4.84278164209 -2 2.6618954236 -1.96882927305 0.573752482602 -1.02100446737
4.85445356758 -2 2.66705908314 -1.9806960286 0.56749935443 -1.02998499504
4.85708097103 -2 2.66824533449 -1.98339303163 0.566085566402 -1.03199622716
4.86353319223 -2 2.67119592327 -1.99005628171 0.56260405419 -1.03691910625
4.86399945677 -2 2.67141121323 -1.99054000377 0.562351936608 -1.03727396077
4.86604574394 -2 2.67235935625 -1.99266642347 0.561244630353 -1.03882987766
4.86980348937 -2 2.67411453613 -1.99658623646 0.559207633567 -1.04168105767
4.87054211528 -2 2.67446167668 -1.99735898876 0.558806696357 -1.04224056352
4.87110458255 -2 2.67472649822 -1.99794794353 0.558501261061 -1.04266642595
4.88489032755 -2 2.68134521527 -2.01251791049 0.550982937971 -1.05304871737
4.88529190834 -2 2.681541721 -2.01294622075 0.55076299981 -1.05334955508
4.89694446069 -2 2.68733540661 -2.02546993967 0.544358298802 -1.06203918286
4.89777243435 -2 2.68775384288 -2.0263668359 0.543901535568 -1.06265369644
4.90475650132 -2 2.6913192491 -2.03396927071 0.540039846222 -1.06782166276
4.90477406205 -2 2.69132829482 -2.03398846956 0.540030116512 -1.06783462201
4.90524153632 -2 2.69156924531 -2.03449970484 0.539771070734 -1.06817953811
4.9169373401 -2 2.69769146965 -2.04738651553 0.533267014673 -1.07676827026
4.91827398211 -2 2.69840265491 -2.04887102214 0.532520899531 -1.07774481585
4.92911099962 -2 2.70425614825 -2.06099556714 0.526450469906 -1.08562416265
4.93968670624 -2 2.71011897489 -2.07297944776 0.520490133603 -1.09324771421
4.94744983799 -2 2.71451744116 -2.08187113621 0.516092199228 -1.0988021674
4.95008773073 -2 2.71603033209 -2.08491072281 0.514593422659 -1.10068149461
4.95214355654 -2 2.71721583598 -2.08728599588 0.513423825756 -1.10214329377
4.96015642328 -2 2.72189038727 -2.09659723341 0.508852349974 -1.10781702135
4.96029415244 -2 2.72197148582 -2.09675801933 0.508773595154 -1.1079142118
4.96173281846 -2 2.72282012576 -2.09843901871 0.507950593298 -1.10892875305
4.96855477097 -2 2.72688192353 -2.10644706542 0.504039117679 -1.11372281331
4.97971755713 -2 2.73366245755 -2.11968180313 0.49760706801 -1.12150742493
4.98076777131 -2 2.73430895453 -2.12093528867 0.49699991001 -1.12223597053
4.98493316109 -2 2.73688762473 -2.12592096244 0.49458836859 -1.12511901567
4.98934034515 -2 2.73964121719 -2.13122043922 0.49203091137 -1.12815803221
4.99052439823 -2 2.74038542931 -2.13264848218 0.491342776123 -1.12897250852
4.99075935027 -2 2.7405333261 -2.13293206353 0.491206176997 -1.12913402453
5.01450120593 -2 2.75585761313 -2.16195107756 0.477313984312 -1.14528220556
5.01485128822 -2 2.75608918482 -2.16238431343 0.477107826173 -1.14551774084
5.02677933849 -2 2.76407637177 -2.17723719835 0.470060891468 -1.15349788495
5.03155104457 -2 2.76732425944 -2.18322850268 0.467229514061 -1.15666567624
5.03494625858 -2 2.7696535119 -2.18750861058 0.465210628618 -1.15891106541
5.03611341519 -2 2.77045773371 -2.18898323758 0.464515786135 -1.15968129943
5.04668766614 -2 2.77782538534 -2.20241901722 0.458201549407 -1.16662084819
5.04862711014 -2 2.77919259916 -2.20489805379 0.45703972098 -1.16788606996
5.05021291877 -2 2.78031416958 -2.20692844518 0.456088882954 -1.16891884364
5.05314378588 -2 2.78239567625 -2.21068896199 0.4543295343 -1.1708234525
5.05685556249 -2 2.78504784644 -2.21546625086 0.452097652843 -1.17322779436
5.06314030354 -2 2.78957928152 -2.22359262386 0.448309074663 -1.17727903842
5.06387632979 -2 2.79011332087 -2.22454740058 0.447864595277 -1.17775186393
5.06681068638 -2 2.7922493676 -2.22836023328 0.446090927115 -1.17963350268
5.06693710801 -2 2.79234164536 -2.22852473103 0.446014452913 -1.17971444753
5.07008545199 -2 2.79464633543 -2.23262737535 0.444108410432 -1.18172699784
5.07234399995 -2 2.79630752995 -2.23557768758 0.442739207587 -1.18316688701
5.0791647878 -2 2.80136407042 -2.24452374942 0.43859485164 -1.18749568035
5.09235591967 -2 2.81131162178 -2.26197747862 0.430539975173 -1.19578327394
5.0965241057 -2 2.81450071615 -2.26753382731 0.427983876101 -1.19837886313
5.10047422034 -2 2.81754313642 -2.27281755053 0.425556696677 -1.20082835405
5.1045882881 -2 2.82073261955 -2.27833914822 0.423023806994 -1.20336883224
5.11729713512 -2 2.83071826894 -2.29551425456 0.415167489597 -1.21114759154
5.11843278395 -2 2.83162028779 -2.29705760521 0.414463116504 -1.21183759715
5.12397572236 -2 2.83604560625 -2.30461048958 0.411019676522 -1.21519337688
5.12577761878 -2 2.83749227261 -2.30707289466 0.409898321767 -1.21627996253
5.12984090492 -2 2.84076900345 -2.31263835172 0.407366132773 -1.21872244294
5.131774238 -2 2.84233511493 -2.31529258213 0.406159589586 -1.21988080026
5.13299705908 -2 2.84332800207 -2.31697340591 0.405395888521 -1.22061219156
5.13426367858 -2 2.84435835304 -2.31871609411 0.404604368148 -1.22136874727
5.13496165677 -2 2.84492695962 -2.31967713376 0.404167993845 -1.22178520266
5.13938296258 -2 2.8485423551 -2.32577663729 0.401400467913 -1.22441579607
5.14098681734 -2 2.84985964427 -2.32799430358 0.400395108682 -1.22536688737
5.14378131188 -2 2.85216216338 -2.33186464493 0.398641602244 -1.22701999172
5.1444603585 -2 2.85272306506 -2.33280633347 0.398215163366 -1.22742091087
5.14450500768 -2 2.85275996506 -2.33286826871 0.398187119094 -1.22744726177
5.1534091117 -2 2.86016577052 -2.34526035175 0.392582742718 -1.23267598384
5.15480188973 -2 2.86133261318 -2.3472059939 0.391704007722 -1.23348912304
5.16833534265 -2 2.87278792659 -2.36621220186 0.383135981652 -1.24132332532
5.17524459928 -2 2.87871722879 -2.37598464355 0.378741199508 -1.24527594292
5.1763087064 -2 2.87963521751 -2.37749379783 0.378063121871 -1.24588186035
5.1783961222 -2 2.88143970301 -2.38045738368 0.376732012833 -1.24706826444
5.18246647552 -2 2.88497240814 -2.3862481098 0.374132797209 -1.24937330149
5.1831250394 -2 2.88554572167 -2.38718649009 0.373711806937 -1.24974520201
5.19276904243 -2 2.89399628499 -2.40097437491 0.367532521576 -1.2551579418
5.19422369733 -2 2.89527979063 -2.40306150945 0.366598147456 -1.25596894162
5.19447947222 -2 2.89550571039 -2.40342869394 0.36643379181 -1.25611139391
5.19566939646 -2 2.8965576771 -2.40513770357 0.365668924459 -1.25677353501
5.20295124722 -2 2.90302863211 -2.41562396088 0.360979414282 -1.26080474039
5.21250120912 -2 2.91160092083 -2.42944764941 0.354806289793 -1.26603714561
5.21370786216 -2 2.91269088058 -2.43119994403 0.354024457808 -1.26669386247
5.22111848428 -2 2.91941801433 -2.44198888802 0.34921379704 -1.27070533282
5.221347958 -2 2.91962722814 -2.44232371523 0.349064583985 -1.27082895254
5.22203716399 -2 2.92025590969 -2.44332960765 0.348616344865 -1.27120001846
5.22223581514 -2 2.9204372061 -2.44361961184 0.348487123094 -1.2713069113
5.23171445184 -2 2.92913434621 -2.45749515675 0.34230835075 -1.276375949
5.23335046805 -2 2.93064462438 -2.45989751963 0.341239328562 -1.27724464136
5.23374879973 -2 2.93101274554 -2.460482766 0.340978932632 -1.27745586974
5.23916205939 -2 2.936031023 -2.46844875787 0.337435774858 -1.28031562738
5.24279160844 -2 2.93941185268 -2.47380288776 0.335055509321 -1.28222179025
5.24951252306 -2 2.94570587701 -2.4837442678 0.330638185007 -1.28572750622
5.25669570544 -2 2.95248036001 -2.49440737951 0.325903100093 -1.28943985186
5.26116374672 -2 2.95671853289 -2.50105930913 0.32295056986 -1.29173095745
5.26763867453 -2 2.96289288424 -2.51072472239 0.318662043652 -1.29502655059
5.27601439852 -2 2.97093577389 -2.52327141387 0.313097379987 -1.29924631371
5.28154596933 -2 2.97628139245 -2.5315839619 0.309411723362 -1.30200631801
5.28305684807 -2 2.97774608318 -2.53385799085 0.308403571841 -1.30275645702
5.28963891259 -2 2.98414960951 -2.54378213741 0.304004316228 -1.30600573467
5.29312646413 -2 2.98755730566 -2.54905181375 0.301668540707 -1.30771506305
5.30840235321 -2 3.00260000282 -2.57222206122 0.291398569033 -1.31510120825
5.31069481227 -2 3.00487340153 -2.57571120968 0.289851891414 -1.31619543156
5.31973380583 -2 3.01387630266 -2.58949767108 0.283739643561 -1.32047358829
5.32256584987 -2 3.01670959903 -2.59382642912 0.281820067761 -1.32180206425
5.32459495385 -2 3.01874320976 -2.59693054329 0.280443405935 -1.32275038465
5.3331572863 -2 3.02735706288 -2.61005280255 0.274622086082 -1.32671977601
5.33750372734 -2 3.03174929193 -2.61672813411 0.27165955959 -1.32871471579
5.3521825649 -2 3.0466760594 -2.63933833064 0.261617415328 -1.33535207612
5.35246232443 -2 3.0469618949 -2.63977019826 0.261425471628 -1.33547707407
5.35663043366 -2 3.05122630325 -2.64620854353 0.258563278702 -1.33733273892
5.35901573627 -2 3.05367151978 -2.64989635017 0.256923261524 -1.33838906248
5.36370645105 -2 3.05849003205 -2.65715525406 0.253693797462 -1.34045436846
5.36398738435 -2 3.05877903288 -2.65759028017 0.25350019732 -1.34057755865
5.36675115891 -2 3.06162462652 -2.66187164616 0.251594489971 -1.34178644505
5.36678809818 -2 3.06166268929 -2.66192888895 0.251569005676 -1.34180256507
5.36952687377 -2 3.0644869395 -2.66617447614 0.249678538645 -1.3429949992
5.37666771598 -2 3.0718703928 -2.67725713955 0.244740298747 -1.34607852169
5.38044655667 -2 3.07578882256 -2.68312927002 0.2421216785 -1.34769532849
5.38243356616 -2 3.0778522492 -2.68621893224 0.240743255523 -1.34854132833
5.38819942533 -2 3.08385130244 -2.69519174221 0.236737592045 -1.35097998719
5.40022656061 -2 3.09641696441 -2.71394075583 0.228354496059 -1.35598890165
5.40410731546 -2 3.10048565012 -2.71999899271 0.225641626169 -1.35758257273
5.40844463083 -2 3.10504071382 -2.72677447202 0.222605037703 -1.35935069273
5.40915364263 -2 3.10578607314 -2.72788247846 0.222108196444 -1.35963841315
5.41087879897 -2 3.10760053423 -2.73057895338 0.220898755049 -1.36033695076
5.4121820182 -2 3.10897201886 -2.73261637966 0.219984615192 -1.36086319356
5.4169308905 -2 3.1139753439 -2.74004382983 0.216649877279 -1.36277025132
5.42179072656 -2 3.1191044927 -2.7476496569 0.213231296399 -1.36470471292
5.43804356916 -2 3.13631749793 -2.77311598387 0.201755188712 -1.37104774707
5.44859387387 -2 3.14753395925 -2.78966629938 0.194270205741 -1.3750607081
5.45552155671 -2 3.15491457872 -2.80053947362 0.189340255849 -1.37765083861
5.45578658567 -2 3.1551971559 -2.80095551162 0.189151416995 -1.37774921958
5.46151256188 -2 3.16130591486 -2.80994500366 0.185067297277 -1.37986198556
5.46316440684 -2 3.16306941691 -2.81253859558 0.183887596375 -1.38046694383
5.46539495907 -2 3.16545155924 -2.81604097223 0.182293533312 -1.38128061537
5.46714480198 -2 3.1673209502 -2.8187886395 0.181042152784 -1.38191633392
5.46861750846 -2 3.16889467979 -2.82110118374 0.179988380601 -1.38244959785
5.48068513666 -2 3.18180237545 -2.84005062037 0.17133358497 -1.38675819889
5.4834903899 -2 3.18480554673 -2.84445519826 0.16931659625 -1.38774416452
5.48577251104 -2 3.18724926493 -2.84803815123 0.167674331882 -1.38854191162
5.5097455077 -2 3.21293807825 -2.88565094873 0.150346915929 -1.39668538314
5.51122881666 -2 3.21452786636 -2.88797603325 0.149270271134 -1.39717502148
5.51235383903 -2 3.21573361404 -2.88973928476 0.148453335518 -1.39754528114
5.51499850523 -2 3.21856789044 -2.89388350035 0.146531723701 -1.39841190693
5.51592509346 -2 3.21956084706 -2.89533520378 0.145858072403 -1.3987142875
5.52390593602 -2 3.22811133711 -2.90783263968 0.140047389071 -1.40129182422
5.52437798413 -2 3.22861693806 -2.90857145573 0.139703228988 -1.40144276763
5.53130319924 -2 3.23603198467 -2.91940494523 0.134648169375 -1.40363775752
5.53465709884 -2 3.23962120512 -2.92464778223 0.132195940087 -1.4046877043
5.53515132274 -2 3.24014998448 -2.92542013047 0.131834361621 -1.40484169941
5.53644199522 -2 3.24153074334 -2.92743684735 0.13088982487 -1.40524298365
5.55067344148 -2 3.25673783905 -2.94964468158 0.120449247441 -1.40958357208
5.55801038816 -2 3.26456228902 -2.9610705011 0.115048316174 -1.41176095804
5.55869086653 -2 3.26528735261 -2.96212932658 0.114546768007 -1.41196081801
5.55907731481 -2 3.26569907087 -2.96273057178 0.114261887956 -1.41207416212
5.56058535192 -2 3.26730536481 -2.96507632818 0.113149872047 -1.41251537164
5.5630392638 -2 3.26991792374 -2.9688917254 0.111339258075 -1.41322959628
5.57084279918 -2 3.27821501962 -2.98101047133 0.105572268383 -1.41547019001
5.58456925859 -2 3.29276361812 -3.00226974617 0.0953944644919 -1.4192979541
5.5869028869 -2 3.29523046599 -3.00587612881 0.0936599012958 -1.41993429506
5.58745191302 -2 3.29581053658 -3.00672424169 0.0932516372428 -1.42008339566
5.59524373201 -2 3.30403015739 -3.01874587447 0.0874502231411 -1.42217439114
5.5953921865 -2 3.30418652271 -3.01897464214 0.0873395589357 -1.42221377539
5.61790465471 -2 3.32778224926 -3.05353677886 0.0705010962135 -1.42798898906
5.62299113254 -2 3.33307829317 -3.06130760871 0.0666811118996 -1.4292394559
5.62593916202 -2 3.33614125768 -3.06580453283 0.0644645261333 -1.42995500617
5.63781321369 -2 3.34842689227 -3.08386362851 0.0555174171587 -1.43276865417
5.63921356924 -2 3.34987011689 -3.08598755788 0.0544602332009 -1.43309324214
5.64041951794 -2 3.35111198718 -3.08781560993 0.0535494753858 -1.43337154369
5.64079159541 -2 3.3514949602 -3.0883794366 0.0532684113319 -1.4334571806
5.6444712501 -2 3.3552775406 -3.09395047961 0.0504872267033 -1.43429827189
5.65660163602 -2 3.367682606 -3.11225085191 0.041298184146 -1.4369961523
5.6585915176 -2 3.36970766657 -3.1152429951 0.0397878063253 -1.43742773304
5.68514721559 -2 3.39644088056 -3.15488837409 0.0195513317761 -1.44289022787
5.68977343115 -2 3.40103851169 -3.1617374973 0.016010911469 -1.44378517636
5.69025282913 -2 3.40151387384 -3.16244622426 0.0156437773008 -1.44387695327
5.69226676606 -2 3.40350862401 -3.16542144468 0.0141009389839 -1.44426052811
5.69454585956 -2 3.4057616163 -3.16878422354 0.0123539606667 -1.44469075086
5.69813546706 -2 3.40930052834 -3.17407158886 0.00960027622193 -1.4453600565
5.70349851826 -2 3.41456554518 -3.18195018301 0.0054812141135 -1.44634109787
5.7048084858 -2 3.41584743426 -3.18387071457 0.00447420751125 -1.44657727556
5.70493299322 -2 3.41596918749 -3.1840531738 0.00437847716342 -1.44659965284
5.71124916662 -2 3.42212592082 -3.19329079371 -0.000481994169385 -1.44771876969
5.71640802895 -2 3.42712529119 -3.20080859782 -0.00445788316808 -1.44860943423
5.73036931409 -2 3.44051737636 -3.22102698755 -0.0152445677636 -1.45091415293
5.73224415705 -2 3.44229996722 -3.22372760441 -0.0166960642205 -1.45121188416
5.73894777195 -2 3.44864203028 -3.23335498918 -0.0218916830214 -1.45225362055
5.74380179099 -2 3.45320270988 -3.24029750002 -0.0256593193026 -1.4529856525
5.7591751332 -2 3.46746529275 -3.262122004 -0.0376223912617 -1.45518042557
5.75975597958 -2 3.46799859855 -3.26294161062 -0.0380752898141 -1.45525966033
5.76252662795 -2 3.47053675084 -3.2668460562 -0.0402365222493 -1.45563391075
5.76616708474 -2 3.47385719601 -3.27196335374 -0.043078496098 -1.45611634673
5.76630575538 -2 3.47398334794 -3.27215798796 -0.0431868017213 -1.45613451445
5.7723708296 -2 3.47947696698 -3.28064960864 -0.0479274024461 -1.45691410647
5.77505862138 -2 3.48189638649 -3.28439940382 -0.0500304919712 -1.45725019756
5.77580621564 -2 3.48256766332 -3.28544091791 -0.0506156994194 -1.45734265361
5.77586990707 -2 3.4826248191 -3.2855296202 -0.0506655611896 -1.45735050977
5.78503761662 -2 3.49079579706 -3.29824827691 -0.057850669363 -1.4584474963
5.79581659012 -2 3.50025712865 -3.31307512642 -0.066318856084 -1.4596512629
5.80014683077 -2 3.50401240651 -3.31899194018 -0.0697268989277 -1.46010864541
5.80379918721 -2 3.50715903766 -3.32396455759 -0.0726041317907 -1.46048273748
5.80471649258 -2 3.50794631171 -3.32521085265 -0.0733271494952 -1.4605750111
5.80541762971 -2 3.50854723886 -3.32616274418 -0.0738798888076 -1.46064508467
5.80871247881 -2 3.51136159102 -3.33062772358 -0.0764785874415 -1.46096909773
5.81174867522 -2 3.51394091497 -3.3347300919 -0.0788750512932 -1.46125995919
5.81328369156 -2 3.51523975993 -3.33679968811 -0.0800872804726 -1.46140419303
5.81733189065 -2 3.51864824932 -3.34224327174 -0.0832862812909 -1.46177549229
5.82169896006 -2 3.52229749962 -3.34809198318 -0.0867406119054 -1.46216126896
5.82659473868 -2 3.52635387067 -3.35461927334 -0.0906172623218 -1.46257551484
5.82768100582 -2 3.52724886848 -3.35606327382 -0.0914779942062 -1.46266481281
5.82924281965 -2 3.52853245745 -3.3581366997 -0.0927159105267 -1.46279153931
5.83137354982 -2 3.53027745673 -3.36096019198 -0.0944054659731 -1.46296126107
5.83323620858 -2 3.53179705985 -3.36342350522 -0.0958831228666 -1.46310663502
5.83401558369 -2 3.532431265 -3.36445283129 -0.0965015897292 -1.4631666333
5.83555145904 -2 3.53367823757 -3.3664788897 -0.0977206894825 -1.46328343666
5.83600793446 -2 3.53404812445 -3.36708044107 -0.0980830977546 -1.46331778529
5.8381222262 -2 3.53575701224 -3.36986303072 -0.0997621766753 -1.4634746906
5.84026813151 -2 3.5374841097 -3.37268104643 -0.101467176237 -1.46363025811
5.8459318366 -2 3.54200658663 -3.3800885336 -0.105971121537 -1.46402301771
5.85679000014 -2 3.55052878312 -3.39416592126 -0.114621666585 -1.46470362053
5.85932618451 -2 3.55249080929 -3.39743025565 -0.116645181553 -1.46484887616
5.8634048844 -2 3.55562311917 -3.40266085315 -0.119901750166 -1.46507157611
5.86741546565 -2 3.55867516345 -3.40778094103 -0.123106739232 -1.46527744373
5.86780474176 -2 3.558969915 -3.40827667904 -0.123417970529 -1.4652967332
5.86874972703 -2 3.55968433802 -3.40947919717 -0.124173607065 -1.46534304938
5.8696174669 -2 3.56033898789 -3.41058228386 -0.124867611364 -1.46538494339
5.87470351668 -2 3.56414944328 -3.41702581984 -0.128937949816 -1.46561824512
5.88157505016 -2 3.56922455462 -3.42567135415 -0.134444215934 -1.46590019306
5.88374974565 -2 3.57081302739 -3.42839297914 -0.136188503168 -1.46598145733
5.88977452304 -2 3.57516874716 -3.43589620548 -0.141025045887 -1.46618657709
5.89334095195 -2 3.57771571054 -3.44031217689 -0.143890959889 -1.46629413513
5.89751291292 -2 3.58066510228 -3.44545352138 -0.147246164165 -1.46640686322
5.90191260696 -2 3.58374009509 -3.45084680794 -0.150787651663 -1.46651044526
5.90589602586 -2 3.58649249867 -3.45570420799 -0.153996823725 -1.466590674
5.90749169587 -2 3.58758654843 -3.4576431114 -0.155283080463 -1.4666191976
5.90770783533 -2 3.58773436588 -3.45790544019 -0.15545734091 -1.46662290221
5.90992850239 -2 3.58924786971 -3.46059647168 -0.157248176947 -1.4666587666
5.91941992738 -2 3.59560885742 -3.47201154761 -0.164911517318 -1.46676689261
5.92408278405 -2 3.5986689664 -3.47756747964 -0.16868163793 -1.46679318421
5.92878886727 -2 3.60171352152 -3.48313986355 -0.172490253127 -1.46680178702
5.93030288629 -2 3.60268354738 -3.484925056 -0.173716296377 -1.46680072324
5.93227448482 -2 3.60393980367 -3.48724426759 -0.175313432563 -1.46679654133
5.93287030721 -2 3.60431789874 -3.48794390911 -0.175796213166 -1.46679465495
5.93556018685 -2 3.60601585195 -3.49109535942 -0.177976459893 -1.46678254115
5.93603365873 -2 3.60631319911 -3.49164886673 -0.178360345049 -1.46677979915
5.93850988888 -2 3.60786083619 -3.49453775995 -0.180368619485 -1.46676248461
5.94165492694 -2 3.60980831772 -3.49819255277 -0.18292070533 -1.466733294
5.9426703004 -2 3.61043270236 -3.4993690569 -0.183744976734 -1.46672214919
5.94273328454 -2 3.61047136299 -3.49944198059 -0.183796112048 -1.46672143021
5.94301882193 -2 3.61064652713 -3.49977249738 -0.184027940799 -1.46671813016
5.9541461695 -2 3.61734012054 -3.51254834528 -0.193072181936 -1.46653777692
5.95764372272 -2 3.61939015127 -3.51652174437 -0.195918937362 -1.46646023558
5.96091907711 -2 3.62128629632 -3.52022421836 -0.198586544787 -1.46637857269
5.96297993054 -2 3.62246756248 -3.52254461152 -0.20026584597 -1.46632270413
5.96398997107 -2 3.62304317213 -3.52367925151 -0.201089121578 -1.46629405697
5.96411300972 -2 3.62311314 -3.52381735116 -0.201189419988 -1.46629051041
5.96557583647 -2 3.62394249377 -3.52545728903 -0.202382060941 -1.46624739816
5.97162232017 -2 3.62732129007 -3.53219752976 -0.207315197923 -1.46605066502
5.97462379411 -2 3.62896886251 -3.53552036724 -0.209766057619 -1.46594191976
5.97596851739 -2 3.6297005859 -3.53700409388 -0.210864533415 -1.46589081302
5.98160212528 -2 3.6327226139 -3.54318645345 -0.215469448449 -1.46566064824
5.98179396823 -2 3.63282428303 -3.54339602562 -0.21562634432 -1.46565235382
5.98223129087 -2 3.63305574 -3.54387352725 -0.215984022535 -1.46563333357
5.9824508742 -2 3.63317179563 -3.54411316086 -0.216163626453 -1.46562372441
5.98692286099 -2 3.63551189655 -3.54897542618 -0.219822956182 -1.46541945309
5.99117927577 -2 3.63769743073 -3.55357121772 -0.223308629864 -1.4652098446
6.00076567098 -2 3.6424690131 -3.5638065847 -0.23116885162 -1.46468350221
6.00224882552 -2 3.64318843857 -3.5653757927 -0.232386134096 -1.46459535461
6.00254419432 -2 3.64333110592 -3.56568783796 -0.232628592664 -1.4645775852
6.00400729051 -2 3.64403483132 -3.56723127993 -0.233829785822 -1.46448851265
6.0054184703 -2 3.64470889397 -3.56871638727 -0.234988647854 -1.46440094123
6.01204391164 -2 3.64781168972 -3.57564194094 -0.240433280048 -1.46396800738
6.01486044003 -2 3.64909961642 -3.57856250568 -0.242749731639 -1.46377307908
6.01597974157 -2 3.64960626459 -3.57971923853 -0.243670612512 -1.4636938102
6.01739413313 -2 3.6502422589 -3.58117774113 -0.244834525521 -1.46359217587
6.02384210479 -2 3.65308159824 -3.58778157664 -0.250144174455 -1.46310808308
6.02396219737 -2 3.65313354242 -3.58790386674 -0.2502431212 -1.46309874388
6.02563295094 -2 3.65385262752 -3.58960251025 -0.251619898116 -1.4629675895
6.0268696008 -2 3.65438057578 -3.59085657739 -0.252639204294 -1.46286903957
6.02878226019 -2 3.65518990273 -3.59279076279 -0.254216128533 -1.4627141502
6.033181339 -2 3.65701792425 -3.59721434917 -0.257844944875 -1.46234653213
6.04004002538 -2 3.65977450752 -3.60404146608 -0.263508008029 -1.46174173119
6.04755113669 -2 3.66266140447 -3.61141997675 -0.269717109439 -1.46103515765
6.05053580003 -2 3.66376996514 -3.61432337182 -0.272186510036 -1.46074154525
6.05592465003 -2 3.66571548691 -3.61952416815 -0.276648062671 -1.46019291941
6.05639919767 -2 3.66588334466 -3.61997960222 -0.277041136668 -1.46014346567
6.05955350605 -2 3.66698477206 -3.6229963372 -0.279654649137 -1.45981005251
6.06070967008 -2 3.66738223597 -3.62409748813 -0.280612921643 -1.45968580064
6.07518607526 -2 3.67207288491 -3.63767590612 -0.292626299635 -1.45803718322
6.07967218115 -2 3.67341803812 -3.64180478693 -0.296354630953 -1.45749138092
6.08239902106 -2 3.67421038035 -3.64429616129 -0.298622119096 -1.45715154628
6.08319102608 -2 3.67443691838 -3.64501717487 -0.299280883321 -1.45705169795
6.08397891343 -2 3.67466066966 -3.64573327727 -0.299936301457 -1.45695185771
6.08470997567 -2 3.67486684657 -3.64639669439 -0.300544518856 -1.45685876242
6.08611183638 -2 3.67525833161 -3.64766604588 -0.301711005198 -1.45667901842
6.10024107317 -2 3.67891802388 -3.66025404372 -0.313481649323 -1.4547772904
6.10574667931 -2 3.68020200881 -3.66505743458 -0.318074882249 -1.45399186825
6.10804602646 -2 3.6807144729 -3.66704658134 -0.319994282073 -1.45365647552
6.10922172357 -2 3.6809710744 -3.66805980892 -0.320975953021 -1.45348330508
6.12536653062 -2 3.6841204731 -3.68170884769 -0.334473116571 -1.45099043613
6.12557079925 -2 3.684155823 -3.6818783716 -0.334644084269 -1.45095752365
6.12793210296 -2 3.68455625085 -3.6838322766 -0.336620790577 -1.45057457312
6.1298589647 -2 3.68487179225 -3.68541883941 -0.338234296854 -1.45025868449
6.13432161171 -2 3.68556378115 -3.68906621998 -0.341972861498 -1.44951536493
6.13494312387 -2 3.68565584362 -3.68957118212 -0.342493713345 -1.4494105446
6.14139111687 -2 3.68654854681 -3.69476657422 -0.347900000531 -1.44830433642
6.14894602222 -2 3.68744898039 -3.70075295478 -0.354240379102 -1.44696475832
6.15052715906 -2 3.68761746346 -3.70199203186 -0.355568143952 -1.44667846748
6.15172175104 -2 3.68774015984 -3.70292502144 -0.356571491498 -1.44646080441
6.15808828837 -2 3.68832714608 -3.70785136309 -0.361921467174 -1.44528099589
6.1602831635 -2 3.68850331356 -3.70953176709 -0.363766915777 -1.44486653326
6.16112457687 -2 3.68856727674 -3.71017351341 -0.364474515005 -1.44470659772
6.16388300076 -2 3.68876306515 -3.7122678688 -0.366794794199 -1.44417819728
6.16473228018 -2 3.68881905021 -3.71290976072 -0.367509341558 -1.44401425133
6.1727213043 -2 3.689246386 -3.71888038347 -0.374234769223 -1.44244302705
6.17679802263 -2 3.68939502949 -3.72188007294 -0.377669313154 -1.44162103632
6.17687308601 -2 3.68939732516 -3.72193500715 -0.377732568864 -1.44160577321
6.17986250003 -2 3.68947575539 -3.72411400804 -0.380252222428 -1.4409941528
6.18083249056 -2 3.68949575037 -3.72481736533 -0.381069988986 -1.44079411926
6.18179839573 -2 3.68951300252 -3.72551597137 -0.381884409111 -1.44059415996
6.18278054208 -2 3.68952782243 -3.72622449379 -0.382712623132 -1.44039005239
6.18650053745 -2 3.68955903042 -3.72889137418 -0.385850490767 -1.43960978456
6.20374396104 -2 3.68918584852 -3.7409076775 -0.400414039449 -1.43584448806
6.20529438694 -2 3.68911032931 -3.74196027858 -0.401724971415 -1.43549396663
6.20568495275 -2 3.68909020879 -3.74222471451 -0.402055244145 -1.43540535589
6.21115624265 -2 3.68876187987 -3.74589850508 -0.40668348978 -1.43415087014
6.21868954853 -2 3.68816745821 -3.75086350489 -0.413060797048 -1.43238336617
6.22731672217 -2 3.68728322667 -3.75641679722 -0.420370789177 -1.43030197354
6.23344884708 -2 3.68652203228 -3.7602780994 -0.425570925148 -1.42878538628
6.23376232581 -2 3.68648014859 -3.76047357651 -0.425836853673 -1.42870702797
6.23892247809 -2 3.68574908564 -3.76366457128 -0.430215582949 -1.42740558637
6.24305623965 -2 3.68510672885 -3.76618452366 -0.433725102703 -1.42634724673
6.24486736972 -2 3.68480936876 -3.76727842598 -0.435263218853 -1.42587913774
6.24487001667 -2 3.68480892706 -3.76728002018 -0.435265467006 -1.42587845164
6.24569895076 -2 3.68466958184 -3.76777861822 -0.435969544038 -1.42566330379
6.24612654866 -2 3.68459690596 -3.76803530864 -0.436332759629 -1.42555210137
6.25118501644 -2 3.68369599829 -3.77104579876 -0.440630821755 -1.42422519769
6.25788851175 -2 3.6823849517 -3.77496114864 -0.446330095503 -1.42243444464
6.26554065406 -2 3.68072464055 -3.77932757271 -0.452840653764 -1.42034523181
6.26779558358 -2 3.68020200078 -3.78059337885 -0.454760133159 -1.41972042609
6.26934222929 -2 3.67983472459 -3.78145610256 -0.45607694288 -1.41928946494
6.26952015547 -2 3.67979201362 -3.7815550642 -0.456228441597 -1.4192397614
6.27911709316 -2 3.67734758271 -3.7868055432 -0.4644038362 -1.41652042575
6.28639589414 -2 3.67530896012 -3.79067386281 -0.470609483563 -1.41440762623
6.28681671126 -2 3.675186218 -3.79089451233 -0.470968387376 -1.41428414978
6.28754081438 -2 3.67497376456 -3.79127342099 -0.471585988822 -1.41407134348
6.28934624286 -2 3.67443715886 -3.79221395645 -0.473126054679 -1.41353887714
6.29601333221 -2 3.67237028212 -3.7956352155 -0.478815433614 -1.41154946019
6.29990406872 -2 3.67110199416 -3.79759410216 -0.482137199058 -1.41037167688
6.3031524771 -2 3.67000797238 -3.79920839818 -0.484911456226 -1.40937884667
6.30587663264 -2 3.66906585022 -3.80054733427 -0.48723859885 -1.40853959087
6.30596495124 -2 3.66903492938 -3.80059051721 -0.487314055419 -1.40851228014
6.30848480767 -2 3.66814274056 -3.80181661492 -0.489467185602 -1.40773037767
6.3106029973 -2 3.66737785322 -3.80283835362 -0.491277471048 -1.40706909322
6.31132601563 -2 3.6671136482 -3.80318524965 -0.491895466034 -1.40684253178
6.31916897679 -2 3.66414554515 -3.80688749689 -0.498601640518 -1.40435743421
6.32293684492 -2 3.66265305368 -3.80862671006 -0.501824958465 -1.40314567794
6.32989445581 -2 3.65978335417 -3.8117714459 -0.507779657855 -1.40087760437
6.33023787614 -2 3.659637885 -3.81192442884 -0.508073662951 -1.40076463054
6.3317075562 -2 3.65901127807 -3.81257675322 -0.509331960638 -1.40028006667
6.3498776218 -2 3.65071918228 -3.82032608678 -0.524900670312 -1.39414361005
6.3500290213 -2 3.65064584748 -3.82038822094 -0.525030485588 -1.39409134724
6.35166409627 -2 3.64984937958 -3.82105670651 -0.52643255032 -1.39352573146
6.35194187745 -2 3.64971325507 -3.82116981184 -0.526670762623 -1.39342942293
6.35260926602 -2 3.64938524074 -3.82144100614 -0.527243104334 -1.39319777781
6.36463197894 -2 3.64324252039 -3.82619429169 -0.537558371211 -1.38896260898
6.36618837031 -2 3.64241493429 -3.82679141827 -0.53889437637 -1.38840573782
6.36741271145 -2 3.64175869169 -3.82725823447 -0.539945452484 -1.38796628652
6.3677707619 -2 3.64156590932 -3.82739426717 -0.540252849734 -1.38783754118
6.36789590484 -2 3.64149843687 -3.82744176056 -0.540360290576 -1.38779251852
6.36908796812 -2 3.64085331304 -3.82789282305 -0.541383777466 -1.38736301065
6.3742712147 -2 3.63799756356 -3.82982595341 -0.545835010161 -1.38548200188
6.37530880747 -2 3.6374159959 -3.83020745022 -0.546726256011 -1.3851028306
6.37639557571 -2 3.63680332496 -3.83060507323 -0.547659808334 -1.38470474948
6.37693436934 -2 3.63649823418 -3.83080146462 -0.548122666489 -1.38450703404
6.37818721345 -2 3.63578537126 -3.83125623324 -0.549199004183 -1.38404637772
6.37843052443 -2 3.63564637004 -3.83134424529 -0.549408046843 -1.38395676698
6.38766118506 -2 3.63023885277 -3.83460978263 -0.55734111495 -1.38052157432
6.38817933095 -2 3.62992756424 -3.83478886461 -0.557786563432 -1.38032669243
6.38855446163 -2 3.62970168155 -3.83491823871 -0.558109071342 -1.38018546435
6.3952027674 -2 3.62562683034 -3.8371723708 -0.563826027339 -1.37766355558
6.42208362317 -2 3.60776962111 -3.8455513963 -0.586964321813 -1.36710096699
6.4255975544 -2 3.60527174036 -3.84656127851 -0.589991591418 -1.36567690016
6.43405028267 -2 3.59910847595 -3.84891133985 -0.597275932969 -1.36221036992
6.43945655421 -2 3.595052085 -3.85035634015 -0.601936546042 -1.35996290125
6.44300691686 -2 3.59233968849 -3.85128089916 -0.60499789373 -1.35847410457
6.44623856772 -2 3.58983736865 -3.8521057776 -0.607784876841 -1.3571100978
6.45175280301 -2 3.58549415126 -3.85347685788 -0.612541328576 -1.35476318265
6.46012105999 -2 3.57872629192 -3.85547079336 -0.619761827388 -1.35115467083
6.46041226336 -2 3.57848694896 -3.85553831347 -0.620013137378 -1.35102808243
6.46107913661 -2 3.57793786925 -3.8556924688 -0.620588664038 -1.3507379297
6.46359058014 -2 3.57585792248 -3.85626716208 -0.622756240779 -1.34964199633
6.47316036712 -2 3.56775710079 -3.85837295557 -0.631017759654 -1.34541937691
6.48312715675 -2 3.55902573851 -3.86042676161 -0.63962523708 -1.34094318008
6.48322635952 -2 3.55893732538 -3.86044649953 -0.639710925885 -1.34089822527
6.48377205401 -2 3.55845045213 -3.8605548277 -0.64018228813 -1.3406507964
6.48776101721 -2 3.55486421551 -3.86133408403 -0.643628164123 -1.33883484788
6.48792981051 -2 3.55471140698 -3.86136657087 -0.643773987083 -1.33875772378
6.48898302856 -2 3.55375599238 -3.86156838842 -0.644683896192 -1.33827597602
6.4904806887 -2 3.55239166088 -3.86185273291 -0.645977828724 -1.33758940292
6.49448109291 -2 3.54871433544 -3.86259714346 -0.649434369067 -1.33574666057
6.49572568673 -2 3.54756045457 -3.86282428405 -0.650509848726 -1.33517073067
6.49836459073 -2 3.54509851574 -3.8632989346 -0.652790320685 -1.33394547646
6.49907095241 -2 3.54443598032 -3.86342438804 -0.653400771727 -1.33361656141
6.49941227932 -2 3.54411529524 -3.86348476843 -0.653695757599 -1.33345748014
6.50373950394 -2 3.54001951248 -3.86423669621 -0.657435749801 -1.33143259826
6.50631841937 -2 3.53755189029 -3.86467294949 -0.659664916137 -1.33021867774
6.5078687967 -2 3.53605885525 -3.86493097544 -0.661005112392 -1.3294863337
6.50948590023 -2 3.53449391603 -3.86519673233 -0.662403050886 -1.32872041774
6.5119124018 -2 3.53213105406 -3.86558907488 -0.664500806514 -1.32756721176
6.5139667296 -2 3.53011688823 -3.86591523868 -0.666276917672 -1.32658719603
6.52021247361 -2 3.5239161278 -3.86687339354 -0.67167737998 -1.32358691446
6.52499116253 -2 3.51909364567 -3.86757287281 -0.675809890086 -1.32127028816
6.52514778914 -2 3.5189344382 -3.86759531086 -0.675945345275 -1.32119404918
6.53316897791 -2 3.51068408574 -3.8687034985 -0.682882922241 -1.31726347327
6.53473369442 -2 3.50905252455 -3.86891040862 -0.684236391433 -1.3164907337
6.53835171933 -2 3.50525232269 -3.86937740264 -0.687366117594 -1.31469647784
6.54440740527 -2 3.49880562249 -3.87012371554 -0.69260497937 -1.31166996569
6.54646376477 -2 3.49659202208 -3.87036720791 -0.694384090497 -1.31063558771
6.54845004708 -2 3.49444210476 -3.87059766968 -0.696102629027 -1.3096332601
6.5493739593 -2 3.49343814677 -3.87070329175 -0.696902019485 -1.30916595989
6.5507556313 -2 3.49193211568 -3.87085938603 -0.698097495496 -1.30846586337
6.557600336 -2 3.48438923239 -3.87160013038 -0.704020148554 -1.30497522175
6.56088252745 -2 3.48072389063 -3.87193637114 -0.706860384991 -1.30328815729
6.56192520259 -2 3.47955295218 -3.87204064643 -0.70776268491 -1.30275042374
6.56279936449 -2 3.47856882692 -3.87212713072 -0.708519166851 -1.3022989307
6.56387548744 -2 3.47735429429 -3.8722324245 -0.709450431961 -1.30174229343
6.56570483222 -2 3.47528196611 -3.87240846423 -0.711033551933 -1.3007939316
6.5660925968 -2 3.47484145275 -3.87244530333 -0.711369128359 -1.30059256669
6.56952583821 -2 3.47092222121 -3.87276426092 -0.714340355595 -1.29880448596
6.57480174726 -2 3.46483322321 -3.87322941471 -0.71890645941 -1.29603848076
6.58143411745 -2 3.45706521579 -3.87377199869 -0.724646782571 -1.29253000259
6.60556513291 -2 3.42774468048 -3.87536770561 -0.745533378834 -1.27947109485
6.60574611026 -2 3.42751856266 -3.8753775226 -0.745690024627 -1.27937141794
6.60868355736 -2 3.4238355821 -3.87553255691 -0.748232536327 -1.27774994772
6.61590503855 -2 3.41467858131 -3.87587974398 -0.754482990676 -1.27373478014
6.61689610231 -2 3.41341053297 -3.875923688 -0.755340776136 -1.27318054006
6.62587074718 -2 3.40180344108 -3.87628201449 -0.763108262469 -1.26812639757
6.62595358178 -2 3.40169527058 -3.87628499485 -0.763179952761 -1.26807945364
6.63150667197 -2 3.39440055889 -3.87647148063 -0.767985825765 -1.264920121
6.63269193406 -2 3.39283257354 -3.87650792638 -0.769011566871 -1.26424265155
6.63538836305 -2 3.38925110357 -3.87658650927 -0.771345042879 -1.26269732609
6.63932189522 -2 3.38399078755 -3.87669050406 -0.774748971777 -1.26043278901
6.63940881657 -2 3.38387407026 -3.87669266119 -0.774824188355 -1.26038261135
6.64299465995 -2 3.37904108474 -3.87677641408 -0.777927090172 -1.25830742832
6.65303694393 -2 3.36532047807 -3.87695791443 -0.78661602207 -1.25244223531
6.6583641203 -2 3.35793165873 -3.87702359582 -0.791224696056 -1.24929889344
6.6672444789 -2 3.34544583423 -3.87708819618 -0.798906277877 -1.24400973081
6.66900694294 -2 3.34294285487 -3.8770945666 -0.800430655229 -1.24295269095
6.66979403023 -2 3.3418224075 -3.87709673859 -0.801111397879 -1.2424798528
6.67152151505 -2 3.33935752466 -3.8771000629 -0.802605437327 -1.24144038481
6.67879166723 -2 3.32889780281 -3.87709280932 -0.808892466778 -1.23704031062
6.68724500863 -2 3.31656173005 -3.87704296387 -0.816201230757 -1.23187248679
6.71370994099 -2 3.27675012584 -3.87662878363 -0.839070903815 -1.21533553188
6.71451275423 -2 3.27551462626 -3.87661070766 -0.839764336147 -1.21482542566
6.72014923559 -2 3.26679479719 -3.87647558749 -0.844632279498 -1.2112300269
6.73227722003 -2 3.24776447459 -3.87613924732 -0.855102949883 -1.20341091867
6.74148487148 -2 3.23307510612 -3.87584648275 -0.863048775212 -1.19739916033
6.74355245008 -2 3.22974826109 -3.87577673391 -0.864832560018 -1.19604028485
6.75749776584 -2 3.20704114542 -3.87527237073 -0.876859172906 -1.18678959305
6.76158874534 -2 3.20029199237 -3.87511438418 -0.88038569989 -1.18404764913
6.77276218112 -2 3.18165834239 -3.87466369135 -0.890013583462 -1.17649378955
6.78207100077 -2 3.16591332731 -3.87427051277 -0.898030190789 -1.17012804873
6.78537798974 -2 3.16027210829 -3.8741277607 -0.900877067389 -1.16785077507
6.7884489056 -2 3.1550113632 -3.87399400355 -0.903520209049 -1.16572864916
6.7918130706 -2 3.14922381357 -3.87384632227 -0.906415179677 -1.16339568432
6.79403324329 -2 3.1453904011 -3.87374828761 -0.908325376508 -1.16185136183
6.79405025138 -2 3.14536099183 -3.87374753501 -0.90834000893 -1.16183951685
6.80072668199 -2 3.13376672619 -3.87345056552 -0.914082657846 -1.15717296117
6.8024737559 -2 3.13071643476 -3.87337244831 -0.915584971328 -1.15594627414
6.80678666615 -2 3.12315754714 -3.87317915103 -0.919292909295 -1.15290816567
6.81519637841 -2 3.10830163477 -3.87280163877 -0.926519866311 -1.14694391075
6.81799580415 -2 3.10332242364 -3.87267618978 -0.928924636639 -1.14494673599
6.8198919147 -2 3.09994033309 -3.87259137664 -0.930553166416 -1.14359066517
6.82260440643 -2 3.09508869364 -3.87247034092 -0.932882482188 -1.14164604135
6.82428607785 -2 3.09207293477 -3.8723955136 -0.934326364015 -1.14043765713
6.82844392566 -2 3.0845908861 -3.87221137004 -0.937895520412 -1.13744089376
6.82972236806 -2 3.08228299353 -3.87215503728 -0.93899273135 -1.13651685666
6.8329208137 -2 3.07649400653 -3.872014794 -0.941737302426 -1.13419971763
6.84026913206 -2 3.06311324853 -3.8716970754 -0.948040302497 -1.1288472194
6.84275304913 -2 3.05856497404 -3.87159134946 -0.950170054314 -1.12702882827
6.84919215793 -2 3.0467156263 -3.87132196103 -0.9556890756 -1.12229357443
6.85704103209 -2 3.03215856363 -3.87100426097 -0.962412468291 -1.1164798918
6.86110755829 -2 3.02456808474 -3.87084498649 -0.965894128084 -1.11344981989
6.86489917555 -2 3.01746128626 -3.8707001322 -0.969139318031 -1.11061354823
6.86644220109 -2 3.01456103834 -3.87064225417 -0.970459663518 -1.10945625992
6.86647766532 -2 3.01449432551 -3.87064093146 -0.970490007659 -1.10942964059
6.88052491402 -2 2.98787813493 -3.8701460966 -0.98250161289 -1.09881274634
6.89421771303 -2 2.96157312941 -3.86972805146 -0.994195029168 -1.08832383642
6.89424042035 -2 2.96152921725 -3.86972741783 -0.994214408014 -1.08830632786
6.89777255764 -2 2.95468713232 -3.86963143324 -0.997228272927 -1.08557825841
6.89793720091 -2 2.95436764583 -3.86962708581 -0.99736873233 -1.08545087208
6.89945613216 -2 2.95141786409 -3.86958752116 -0.99866444469 -1.08427472157
6.9000630918 -2 2.95023796783 -3.86957198754 -0.999182151936 -1.08380426352
6.90517782667 -2 2.94026873183 -3.86944752289 -1.00354351814 -1.07982909592
6.90548462668 -2 2.93966924408 -3.8694404307 -1.00380505655 -1.07959004313
6.91078028133 -2 2.92929503985 -3.86932492869 -1.00831815627 -1.0754529351
6.91402230105 -2 2.92291937705 -3.86926086324 -1.01107987019 -1.07291008474
6.92174733281 -2 2.90765343382 -3.86912963325 -1.01765662599 -1.06682017283
6.9246316365 -2 2.90192710398 -3.8690887065 -1.02011079892 -1.06453525042
6.92528256328 -2 2.90063281978 -3.86908009739 -1.02066454782 -1.06401875585
6.92695298082 -2 2.89730810122 -3.8690590772 -1.02208540581 -1.06269191304
6.9281602142 -2 2.89490232719 -3.86904485617 -1.02311211697 -1.06173172561
6.93157510598 -2 2.88808377872 -3.86900911622 -1.02601562526 -1.05900992949
6.94036610217 -2 2.87044096771 -3.86894873139 -1.03348504681 -1.05196434328
6.95201177186 -2 2.8468741345 -3.86894326092 -1.04336836283 -1.04254496855
6.96163076176 -2 2.8272455689 -3.86900750744 -1.05152139607 -1.03469127334
6.96957444459 -2 2.81092743819 -3.86911056617 -1.05824721007 -1.02815543178
6.97142563663 -2 2.8071108653 -3.86914134734 -1.05981363268 -1.02662583954
6.97245771607 -2 2.80498080218 -3.86915964285 -1.0606867882 -1.02577199638
6.97410626681 -2 2.80157511733 -3.86919056597 -1.06208125129 -1.02440656721
6.97802365513 -2 2.79346607426 -3.86927254029 -1.06539368473 -1.02115417524
6.97833762583 -2 2.79281516703 -3.86927963366 -1.06565909747 -1.02089302928
6.98263759154 -2 2.78388614055 -3.86938472106 -1.06929295608 -1.01730945973
6.98568928457 -2 2.77753284976 -3.86946840843 -1.07187067646 -1.01475821656
6.98884806252 -2 2.77094248105 -3.86956314769 -1.07453775923 -1.01211048274
6.99174352403 -2 2.76488897205 -3.86965735852 -1.07698153066 -1.00967724648
6.99493662133 -2 2.75819945415 -3.86976955798 -1.07967540784 -1.00698700022
7.00112551301 -2 2.74519324962 -3.8700123459 -1.08489338743 -1.00175219913
7.01178475288 -2 2.72266981616 -3.87051142778 -1.09386995875 -0.992672840896
7.01285600757 -2 2.72039779874 -3.8705674099 -1.09477136239 -0.991755940858
7.01431581578 -2 2.71729926455 -3.87064544454 -1.09599949219 -0.990505174667
7.01661842449 -2 2.71240615339 -3.87077265811 -1.09793614608 -0.988529253042
7.01800082379 -2 2.70946519405 -3.87085147742 -1.09909853279 -0.987341196519
7.02054276595 -2 2.7040509324 -3.8710012415 -1.10123531335 -0.985153111894
7.0206157438 -2 2.70389536883 -3.87100563412 -1.10129664761 -0.98509022623
7.0238620703 -2 2.69696843013 -3.87120632851 -1.10402436543 -0.982289064033
7.02597598529 -2 2.69245060495 -3.87134262525 -1.10579988157 -0.980461061951
7.02766528773 -2 2.68883620634 -3.8714547574 -1.10721836099 -0.978997996128
7.02949451947 -2 2.68491838942 -3.87157942143 -1.10875393738 -0.977411492201
7.03275342221 -2 2.677928235 -3.87180995375 -1.11148863806 -0.974579238124
7.04597514507 -2 2.64943618839 -3.87285883694 -1.12256981245 -0.963012606648
7.05104131143 -2 2.63846418898 -3.87331039489 -1.12680981252 -0.958548457961
7.05512642327 -2 2.62959546225 -3.87369511012 -1.13022629049 -0.954935846167
7.05592439848 -2 2.62786086326 -3.8737724325 -1.13089339876 -0.954228821233
7.0849261335 -2 2.5643516657 -3.87708382269 -1.15508019764 -0.928235339322
7.08838164437 -2 2.55672693363 -3.87754580795 -1.15795420543 -0.925099864275
7.09287836759 -2 2.54678733177 -3.87816933324 -1.1616916478 -0.921007434738
7.09697771011 -2 2.53770929174 -3.8787600284 -1.16509626331 -0.917264681528
7.10786721559 -2 2.51351891663 -3.88043424873 -1.17412833966 -0.907267107579
7.12498301129 -2 2.47528741869 -3.88338353544 -1.18828876578 -0.891391569605
7.12738085499 -2 2.46991196932 -3.88382856776 -1.19026899436 -0.889151773596
7.12948636992 -2 2.46518808445 -3.88422591608 -1.19200707032 -0.88718186603
7.1342361113 -2 2.45451894478 -3.88514501175 -1.19592537612 -0.882727157918
7.16310456812 -2 2.38931993417 -3.89142769774 -1.21966272583 -0.855329496943
7.16374315269 -2 2.3878713353 -3.89158053903 -1.22018626422 -0.854717222255
7.1650183229 -2 2.38497790462 -3.89188757761 -1.22123149828 -0.853493787292
7.16586290143 -2 2.38306095069 -3.89209228551 -1.22192363422 -0.852682886166
7.16899227057 -2 2.37595433414 -3.89286017599 -1.22448712187 -0.84967421767
7.17895278612 -2 2.35329573812 -3.895403731 -1.23263543551 -0.840055180829
7.18257678182 -2 2.34503767571 -3.89636710873 -1.23559587027 -0.836539349164
7.18425053022 -2 2.3412212478 -3.8968189445 -1.23696238524 -0.834912668007
7.18979974702 -2 2.32855745037 -3.89834836512 -1.24148949791 -0.829506467159
7.19841262055 -2 2.30887115856 -3.90081855776 -1.24850525275 -0.821076013022
7.19968421473 -2 2.3059616529 -3.90119327474 -1.24953993482 -0.819827285998
7.20430630742 -2 2.29537964231 -3.902577219 -1.25329844135 -0.815279524613
7.21192249722 -2 2.27792218309 -3.90493310691 -1.25948321788 -0.807755817829
7.22279502504 -2 2.25295964127 -3.9084609436 -1.26829392691 -0.796950881346
7.22448686491 -2 2.24907127366 -3.90902748839 -1.26966296475 -0.795262770057
7.22808302073 -2 2.240802829 -3.91024758702 -1.27257119806 -0.791668483738
7.24226428953 -2 2.20815548425 -3.91527109063 -1.28401583538 -0.777414585326
7.24402871374 -2 2.2040893355 -3.9159199868 -1.28543707882 -0.775632228286
7.24832257499 -2 2.19419056392 -3.91752138971 -1.28889326655 -0.771286531361
7.24980366819 -2 2.19077505394 -3.91808110907 -1.29008458766 -0.769784867669
7.25324548811 -2 2.18283589828 -3.91939640613 -1.29285136938 -0.766289924287
7.26314045773 -2 2.15999675892 -3.9232921526 -1.30079265824 -0.756200901498
7.26771712926 -2 2.14942657582 -3.92515181694 -1.30445911482 -0.751513804409
7.26900258708 -2 2.14645705461 -3.92568075584 -1.30548816278 -0.750194986375
7.27823632267 -2 2.12511891286 -3.92956590967 -1.31287021999 -0.740691480784
7.28444666613 -2 2.11076133577 -3.93226400874 -1.31782538439 -0.734270036288
7.28505956767 -2 2.10934415924 -3.93253401285 -1.31831398101 -0.733635011851
7.28698870759 -2 2.1048832927 -3.93338824776 -1.31985135712 -0.731634729729
7.28756829495 -2 2.10354301331 -3.93364619327 -1.32031309294 -0.731033321326
7.29417405379 -2 2.08826557917 -3.93662866039 -1.32557071239 -0.724164288313
7.30485268007 -2 2.06356394415 -3.94161638434 -1.3340505759 -0.713003598272
7.30500456761 -2 2.06321257841 -3.94168881705 -1.33417101472 -0.712844352611
7.30888828898 -2 2.05422820878 -3.94355514809 -1.33724892492 -0.708767722465
7.31329003495 -2 2.04404557555 -3.94570363669 -1.34073345976 -0.704136271025
7.31410329933 -2 2.04216427609 -3.9461044618 -1.34137680288 -0.703279281912
7.31437554823 -2 2.04153449491 -3.94623891236 -1.34159213684 -0.702992306294
7.31453490728 -2 2.04116585772 -3.94631767497 -1.34171817367 -0.702824306261
7.3191873953 -2 2.03040388042 -3.94863763955 -1.34539538802 -0.697912781027
7.33754145602 -2 1.98796189172 -3.95817823716 -1.35985558795 -0.678409857571
7.33805999491 -2 1.98676330204 -3.95845681885 -1.36026302904 -0.677855933114
7.34329615447 -2 1.97466202345 -3.96129786621 -1.36437394052 -0.672253483983
7.35272292251 -2 1.95288629696 -3.96654119392 -1.3717592208 -0.662126267161
7.35931612807 -2 1.93766555727 -3.9703069538 -1.37691247422 -0.655011964861
7.36612292044 -2 1.92196131498 -3.97428000933 -1.38222209273 -0.647640391648
7.37711236308 -2 1.89663075524 -3.9808777922 -1.39077143106 -0.635681959956
7.37870311364 -2 1.89296676347 -3.98185163166 -1.39200660027 -0.633945122
7.37931818754 -2 1.89155025038 -3.98222944827 -1.39248402467 -0.633273168817
7.38275282967 -2 1.88364230844 -3.98435229823 -1.39514835436 -0.629516875754
7.38322497519 -2 1.88255551179 -3.98464585227 -1.39551438743 -0.628999980301
7.38590184951 -2 1.87639510253 -3.98631811655 -1.39758863444 -0.62606695541
7.38725499795 -2 1.87328189156 -3.98716857108 -1.39863650086 -0.624582749371
7.39223936979 -2 1.86181936667 -3.99033099193 -1.40249253611 -0.619106519768
7.39423201584 -2 1.85723921162 -3.99160835396 -1.40403240965 -0.616913241031
7.39622707893 -2 1.85265487323 -3.99289476 -1.40557318128 -0.614715018571
7.39739083758 -2 1.84998138659 -3.99364860882 -1.40647149382 -0.613431699363
7.39784018508 -2 1.84894923585 -3.99394036595 -1.40681825923 -0.612935979841
7.40039201055 -2 1.84308907886 -3.99560445887 -1.40878658617 -0.610118618219
7.40105215426 -2 1.84157347525 -3.99603694897 -1.40929552144 -0.609389175507
7.40615804978 -2 1.82985654676 -3.99940979782 -1.4132282614 -0.603738884783
7.40663441582 -2 1.82876390023 -3.99972698144 -1.41359484635 -0.603210970505
7.40912446236 -2 1.82305390634 -4.0013919153 -1.41551013149 -0.600449371954
7.41836429901 -2 1.80188796598 -4.00767212167 -1.42260366527 -0.590171152451
7.41838729768 -2 1.80183532747 -4.00768795427 -1.42262129489 -0.590145508932
7.4200550677 -2 1.7980188125 -4.00883872544 -1.42389936721 -0.588285149653
7.42213665668 -2 1.79325704112 -4.01028238275 -1.42549357766 -0.585960985727
7.43258167383 -2 1.76939341857 -4.01764949484 -1.43347638096 -0.574262033633
7.43381935783 -2 1.76656913502 -4.01853605712 -1.43442045398 -0.572871717771
7.44374342902 -2 1.74395108978 -4.02574873168 -1.44197596105 -0.561692968892
7.44942830809 -2 1.73101778049 -4.02996359951 -1.44629248392 -0.555264764812
7.46078038198 -2 1.70524492653 -4.03856099629 -1.45488661607 -0.542375100093
7.46136555271 -2 1.70391840617 -4.03901068515 -1.45532869422 -0.541708755644
7.4670899208 -2 1.6909526033 -4.04344331893 -1.45964844121 -0.535180458707
7.47595429696 -2 1.67091418362 -4.05042742654 -1.466320293 -0.525036021025
7.47827012672 -2 1.66568728947 -4.05227599584 -1.46805980936 -0.522378766841
7.48462116993 -2 1.65137071201 -4.05739637926 -1.47282281677 -0.515076557494
7.48630607531 -2 1.64757706699 -4.05876726074 -1.47408456333 -0.513135674403
7.48736153645 -2 1.6452016181 -4.05962866834 -1.47487454988 -0.511919088164
7.4882033622 -2 1.64330752281 -4.06031718538 -1.47550441508 -0.510948322966
7.49271643516 -2 1.63316143403 -4.06403052179 -1.47887781009 -0.505737539463
7.49592648711 -2 1.62595332631 -4.06669442712 -1.48127378852 -0.502024610062
7.49787544055 -2 1.62158052605 -4.068320974 -1.48272708183 -0.499767665025
7.51156011174 -2 1.59095411225 -4.07993630259 -1.49290136282 -0.483863806294
7.51413081018 -2 1.58521639497 -4.08215606995 -1.49480670417 -0.480865226068
7.51983271863 -2 1.57250799329 -4.08712200707 -1.49902607919 -0.4742019156
7.52698412744 -2 1.55660491568 -4.09343260832 -1.50430484575 -0.465820753357
7.53527407895 -2 1.53822147051 -4.10086167739 -1.51040543662 -0.456072110364
7.5427626754 -2 1.52166398434 -4.10767682751 -1.51589899403 -0.44723542444
7.54921874546 -2 1.50742771167 -4.11363107622 -1.52062178913 -0.439594122803
7.55322727476 -2 1.49860671365 -4.11736447973 -1.52354789269 -0.434839023287
7.55526000019 -2 1.49413899008 -4.11926830721 -1.52502988191 -0.43242460045
7.55724706789 -2 1.48977516448 -4.12113625619 -1.52647738427 -0.430062389664
7.55771277578 -2 1.48875292696 -4.12157502891 -1.52681646273 -0.429508471349
7.56035924129 -2 1.4829475813 -4.12407550057 -1.52874209316 -0.426358658826
7.56496291535 -2 1.47286395963 -4.12845376594 -1.53208678813 -0.420870990957
7.57023522877 -2 1.46133965734 -4.13351223498 -1.53590935641 -0.41457324715
7.57163524946 -2 1.45828380302 -4.13486337867 -1.53692298321 -0.412898599283
7.58713840563 -2 1.42456898418 -4.15004480714 -1.54810705663 -0.394289367657
7.59057648646 -2 1.41712365235 -4.15346554141 -1.55057720454 -0.39014641523
7.59872573618 -2 1.39952287062 -4.16165087835 -1.55641736553 -0.380303341636
7.60048763999 -2 1.39572626553 -4.16343475743 -1.5576772819 -0.378170976644
7.6506433181 -2 1.28902301086 -4.21625395254 -1.59312311748 -0.316848093262
7.65393081632 -2 1.28212575046 -4.21984851323 -1.59541752498 -0.312787470799
7.66523595056 -2 1.2585022969 -4.23232805183 -1.60327978418 -0.298785901723
7.66598876661 -2 1.25693447753 -4.23316550869 -1.60380179829 -0.297851459978
7.66600825569 -2 1.25689389828 -4.23318719953 -1.60381530975 -0.297827265517
7.6769324914 -2 1.23421857631 -4.24542864548 -1.61136846492 -0.284238504741
7.67968808274 -2 1.22852127715 -4.24854236547 -1.61326723903 -0.280802323657
7.68311680574 -2 1.22144501098 -4.25243102367 -1.61562617721 -0.276522019995
7.68712451575 -2 1.21319186276 -4.25699627329 -1.61837828376 -0.271512294435
7.69330803423 -2 1.20049648477 -4.26408162602 -1.62261353809 -0.263768804099
7.69435127354 -2 1.19835924026 -4.26528193827 -1.62332676049 -0.262460714691
7.69583099763 -2 1.19533008963 -4.26698686937 -1.6243377352 -0.26060450822
7.70913329715 -2 1.16822126325 -4.28243886362 -1.63339139416 -0.243874771559
7.71134747308 -2 1.16373055818 -4.28503232576 -1.6348922793 -0.241082637813
7.71525511542 -2 1.15582040526 -4.28962397024 -1.63753680763 -0.236149843865
7.71935065164 -2 1.14755080199 -4.29445620375 -1.64030261273 -0.230972828009
7.72245603915 -2 1.14129481853 -4.29813351826 -1.64239572047 -0.2270426439
7.72793954334 -2 1.13027836234 -4.30465459158 -1.64608321603 -0.220092696632
7.74575777774 -2 1.09475238137 -4.32608012457 -1.65798964785 -0.197422008258
7.74945363755 -2 1.08743614412 -4.33056776357 -1.66044462899 -0.192703104583
7.75101429688 -2 1.08435217743 -4.3324671189 -1.66147977602 -0.190708751026
7.75950431552 -2 1.06763264173 -4.34284398344 -1.66709507594 -0.179841937159
7.76670968153 -2 1.05351947848 -4.35170791458 -1.67183948292 -0.170596404704
7.77034797168 -2 1.04642003995 -4.35620304063 -1.67422768017 -0.165919987284
7.77384565267 -2 1.03961207753 -4.36053640159 -1.67651884366 -0.161419293393
7.79106342014 -2 1.00634566412 -4.38203168456 -1.68772913799 -0.139193286988
7.79241134089 -2 1.00375878947 -4.38372551056 -1.68860193107 -0.137448370012
7.80614540294 -2 0.977546883707 -4.40106969783 -1.69745453861 -0.119629163498
7.8096304742 -2 0.970938048547 -4.4054947146 -1.6996891629 -0.115095945872
7.81773147617 -2 0.955642955271 -4.41581586091 -1.70486497437 -0.104540726121
7.82455088958 -2 0.942840656784 -4.42454075189 -1.70920174479 -0.095636209036
7.82672378244 -2 0.938775522515 -4.42732751724 -1.71057968016 -0.0927952855871
7.82947002219 -2 0.933647532551 -4.43085411402 -1.71231849259 -0.0892022392247
7.83602869053 -2 0.921445022813 -4.43929618082 -1.71645890103 -0.0806099335374
7.84216915454 -2 0.910077477128 -4.44722405162 -1.72031952673 -0.0725512208097
7.84722613235 -2 0.900757236178 -4.45376962384 -1.72348742416 -0.0659041884364
7.84960635269 -2 0.896383398674 -4.45685545546 -1.72497487457 -0.0627723682332
7.85010175427 -2 0.895474109854 -4.45749810633 -1.72528416978 -0.0621202783039
7.85294563413 -2 0.890261293908 -4.46118981807 -1.72705774722 -0.0583752195963
7.85678810439 -2 0.883237054339 -4.46618452141 -1.72944880894 -0.0533105490508
7.86160519816 -2 0.874462060589 -4.47245652592 -1.73243774199 -0.0469538502247
7.8661277653 -2 0.866254978605 -4.47835506977 -1.73523517182 -0.0409783705514
7.87287999784 -2 0.854058508935 -4.48717853983 -1.73939590237 -0.0320436260879
7.8752682741 -2 0.849760923722 -4.49030397317 -1.74086299375 -0.0288796051096
7.87660951266 -2 0.847351180371 -4.49206018723 -1.7416858519 -0.0271018511466
7.87865813628 -2 0.843675720989 -4.49474398958 -1.74294123528 -0.0243852945951
7.88383715056 -2 0.834412126995 -4.50153567626 -1.74610701214 -0.0175113083696
7.89117608587 -2 0.821354371208 -4.51117550493 -1.75057363385 -0.00775490847953
7.89263566359 -2 0.818767130811 -4.51309469877 -1.75145923125 -0.00581237795207
7.89514367604 -2 0.814328974729 -4.51639392297 -1.75297884229 -0.00247283472297
7.89814720777 -2 0.80902650195 -4.52034728236 -1.7547951502 0.0015292784312
7.90666364219 -2 0.79406603333 -4.53156914146 -1.75992417624 0.0128934006831
7.95701925429 -2 0.707881560776 -4.59810394049 -1.78960231043 0.0805600072951
7.9584346553 -2 0.70551568914 -4.59997406202 -1.79042018616 0.0824732659309
7.96758803915 -2 0.690290825497 -4.61206187612 -1.79568744577 0.0948606128795
7.99725858025 -2 0.641837843419 -4.65112048577 -1.81249692895 0.135180025442
8.02973086722 -2 0.590388762198 -4.69349493295 -1.83042123393 0.179583444689
8.07853606121 -2 0.516172298414 -4.75596786692 -1.85640286853 0.246820827696
8.08793049032 -2 0.502314599229 -4.76777071015 -1.86126861073 0.259827109688
8.09738736462 -2 0.488503967144 -4.77956601563 -1.8661217233 0.272939429764
8.09782866412 -2 0.48786290823 -4.78011423551 -1.86634708331 0.27355177961
8.11681404156 -2 0.460570586708 -4.80350172795 -1.87594816247 0.299934671309
8.15246765073 -2 0.41082558274 -4.84625793347 -1.89347334478 0.349673397024
8.15416217476 -2 0.408510060281 -4.84824822632 -1.89428961498 0.352043240765
8.15556673876 -2 0.406594096966 -4.84989488603 -1.8949650511 0.354007953644
8.15853190818 -2 0.402559238076 -4.85336194017 -1.89638751143 0.358156795074
8.17082501287 -2 0.385974719282 -4.8675990981 -1.90223463581 0.375373433294
8.18245044333 -2 0.370502656452 -4.88085212986 -1.90768930586 0.391678230204
8.18761397834 -2 0.363696325901 -4.8866700651 -1.91008852464 0.398927119683
8.20150668825 -2 0.345583334387 -4.90210534633 -1.9164713326 0.418450975898
8.24188416616 -2 0.294576166572 -4.94501958266 -1.93441390566 0.47534933536
8.25041497794 -2 0.284107319448 -4.95368763867 -1.93808709442 0.487397161084
8.25126069437 -2 0.283075261771 -4.95453896497 -1.93844897828 0.488592003003
8.25919564998 -2 0.273442624693 -4.96245503638 -1.94182438611 0.499806546639
8.2637794069 -2 0.26791977866 -4.96696818332 -1.94375773913 0.506287944506
8.26884015193 -2 0.261857465973 -4.97189929984 -1.94587817713 0.513446368114
8.27495191447 -2 0.2545852516 -4.97778111405 -1.9484191852 0.522094926956
8.31315907874 -2 0.210326753887 -5.01264555076 -1.96380706096 0.576237199355
8.31680376948 -2 0.206211824377 -5.01579240504 -1.96522966054 0.581408041437
8.34110078331 -2 0.17924747382 -5.03593006269 -1.97450849565 0.615900768011
8.36675251179 -2 0.15164762148 -5.05553883569 -1.98391323536 0.65234971994
8.37695950615 -2 0.140908630616 -5.06284903481 -1.98754203467 0.666859845367
8.3785093881 -2 0.139289921706 -5.06393392816 -1.98808735463 0.66906339651
8.37937431276 -2 0.138387951793 -5.0645364587 -1.98839102028 0.670293133397
8.43110491482 -2 0.0861842113213 -5.09666400758 -2.00568945696 0.743859965369
8.43644029193 -2 0.0809907793717 -5.09952528532 -2.00737564941 0.75144725839
8.43671604438 -2 0.0807233106239 -5.09967079628 -2.00746229405 0.751839386449
8.45290453888 -2 0.0651828538452 -5.10780034844 -2.01246163533 0.774857134308
8.45906659685 -2 0.0593502397094 -5.11067906321 -2.0143192802 0.783616896739
8.4778549138 -2 0.0418431252002 -5.11870758316 -2.01982760281 0.810317152044
8.49603483299 -2 0.0252919694503 -5.12538178323 -2.02493219001 0.836136950856
8.51401560083 -2 0.00928886820532 -5.13089958923 -2.02976017914 0.861654098538
8.51489092459 -2 0.00851896183666 -5.13114030037 -2.02998956358 0.862895721883
8.53371820394 -2 -0.00783931399453 -5.13568186258 -2.03479541098 0.889586915005
8.55200220063 -2 -0.0233640584634 -5.13891377073 -2.03922657097 0.915477550697
8.56099213703 -2 -0.0308699044513 -5.140070479 -2.04131916844 0.928195130556
8.60284115766 -2 -0.0647473018389 -5.14162632428 -2.05030196131 0.987269981411
8.6131145729 -2 -0.072805826114 -5.14102898299 -2.05231375792 1.00173597297
8.65460503478 -2 -0.104376385368 -5.13460483867 -2.05964778341 1.059987226
8.66600651164 -2 -0.112789669572 -5.1316995617 -2.06143817794 1.07594132161
8.66767006901 -2 -0.114008136835 -5.13123420272 -2.06169120992 1.07826706248
8.6691467053 -2 -0.115087775315 -5.13081226873 -2.06191405616 1.08033102578
8.67810826374 -2 -0.121601625726 -5.128072479 -2.06323100642 1.09284774151
8.6813297631 -2 -0.123927289232 -5.12701229109 -2.06368949517 1.0973432855
8.68211818946 -2 -0.124495198657 -5.1267467469 -2.06380049953 1.09844319545
8.68943660965 -2 -0.129743065739 -5.12416772269 -2.06480819893 1.10864671837
8.68990608027 -2 -0.13007826451 -5.12399523813 -2.06487144207 1.10930088052
8.73021361144 -2 -0.158231092955 -5.10600474356 -2.06966586642 1.16528149583
8.73501694918 -2 -0.161506438807 -5.10343982984 -2.0701526622 1.17192693387
8.74365335499 -2 -0.167354824065 -5.09860176295 -2.07098214829 1.18386085504
8.76012073755 -2 -0.178365071069 -5.08856960518 -2.0723997726 1.20656209006
8.79960839492 -2 -0.204056714201 -5.06019262816 -2.07491143818 1.26069139568
8.81960120897 -2 -0.216710109881 -5.04350082279 -2.07569822891 1.28791956689
8.82439102839 -2 -0.219708535755 -5.03927029355 -2.07583772185 1.29442398232
8.84134231798 -2 -0.230222167543 -5.0235811507 -2.07617802741 1.31738261057
8.86694766824 -2 -0.245829576737 -4.99776962688 -2.07623450138 1.3518754198
8.87427583753 -2 -0.250239391736 -4.98991677563 -2.07614836045 1.36170404255
8.89010998134 -2 -0.259686574683 -4.97224531723 -2.07580533523 1.38287286075
8.90568924817 -2 -0.268878987539 -4.95392441094 -2.07525694244 1.40360726654
8.93585729179 -2 -0.286414902898 -4.91583970868 -2.07359345911 1.4434811828
9.03428877761 -2 -0.341731046373 -4.76838328935 -2.06250008528 1.57077053677
9.03705752612 -2 -0.343255287162 -4.76373964617 -2.06205961494 1.57428324066
9.08119011627 -2 -0.367397575804 -4.68622959246 -2.05406517138 1.62972719242
9.08829433019 -2 -0.371261962441 -4.67315090999 -2.05260543498 1.63855299915
9.18178262748 -2 -0.421884646396 -4.4864615712 -2.02881667345 1.75191783602
9.18482554825 -2 -0.423532226855 -4.47995304906 -2.02789678412 1.75551605228
9.20904950957 -2 -0.436665550675 -4.42723378415 -2.02023961091 1.78394159809
9.21124430627 -2 -0.437857364487 -4.42237907601 -2.01951635778 1.78649757379
9.27665952329 -2 -0.473602626539 -4.27208765529 -1.99567668987 1.86112326158
9.28696951484 -2 -0.479287212218 -4.24746776298 -1.99151105671 1.87260043342
9.33144803412 -2 -0.504020320985 -4.13861949586 -1.97224025488 1.92117735069
9.3345917181 -2 -0.50578263817 -4.13077275038 -1.97079761563 1.92455167708
9.42728405269 -2 -0.558760626923 -3.89153722292 -1.92336914637 2.02032886043
9.67736282143 -2 -0.714001141513 -3.2001629277 -1.74556508463 2.23764792481
9.70157159752 -2 -0.730058321244 -3.13210786857 -1.72427121774 2.25506133238
9.7976934225 -2 -0.795444365841 -2.86392656166 -1.63221814077 2.31708604949
9.97980325532 -2 -0.924644282123 -2.37690668974 -1.42349302186 2.40043804764
10.0335052493 -2 -0.963371626124 -2.24140071363 -1.35296133503 2.41564125184
10.3314664317 -2 -1.17021383837 -1.58167285058 -0.881814978037 2.41077560431
10.5187298595 -2 -1.27933243812 -1.2560774912 -0.511553256818 2.31968634192
10.8992980915 -2 -1.39984811013 -0.79186464583 0.436842190167 1.88216854997
