1.30554467682 -2 1.3114600088 -3.23205487948 1.08833301805 0.581452565765
1.41943900768 -2 1.43516307121 -3.16883336645 1.07275052072 0.537694891299
1.79314920445 -2 1.82570158934 -2.99354887185 1.00928365648 0.408188029694
1.94582538296 -2 1.97764480313 -2.93493122839 0.978931797154 0.361765130522
2.10094965223 -2 2.1270478014 -2.88227523698 0.946042920834 0.318537225349
2.10957152657 -2 2.13519912348 -2.87954090227 0.94416154278 0.316251366819
2.19749899836 -2 2.21738702492 -2.85275498625 0.92468649808 0.293641285243
2.20217190029 -2 2.2217064974 -2.851386309 0.92363744406 0.292475396072
2.2093815363 -2 2.22836117255 -2.84928526077 0.922016241987 0.290683655549
2.24720456635 -2 2.26307977597 -2.83847187862 0.913459488085 0.281424206613
2.26022307928 -2 2.27495440062 -2.83483017746 0.910494768464 0.278291630705
2.262575841 -2 2.27709629856 -2.83417636447 0.9099579317 0.277728472313
2.26507875148 -2 2.27937349689 -2.83348227612 0.909386488611 0.277130373391
2.29402672003 -2 2.3056064231 -2.8255624093 0.902751808574 0.270287728241
2.33040382898 -2 2.33829750887 -2.81588694055 0.894349989715 0.261883968135
2.33611810289 -2 2.34340486956 -2.81439464581 0.893023905027 0.260583571948
2.41275812783 -2 2.41116690143 -2.79508322057 0.875083237606 0.243658158956
2.42302984137 -2 2.4201437156 -2.79259224718 0.872657853908 0.241462465161
2.48276349396 -2 2.47185072058 -2.77854540915 0.858463352772 0.229033044026
2.49283822303 -2 2.48048780866 -2.77624859016 0.856054848668 0.226993616272
2.50228523289 -2 2.48856466713 -2.77411345398 0.853792799099 0.225096148548
2.5043580294 -2 2.49033397148 -2.77364736839 0.853296014809 0.224681746161
2.51204300804 -2 2.49688474271 -2.77192680948 0.851452735178 0.223151378918
2.56382359529 -2 2.54065250096 -2.76063559907 0.838976376179 0.213087700244
2.58267165845 -2 2.5564230567 -2.75665328597 0.834411775794 0.209531367719
2.58516448177 -2 2.55850240262 -2.75613158829 0.833807183775 0.209065269595
2.58645563093 -2 2.55957879973 -2.75586183295 0.833493957594 0.208824246454
2.61258351055 -2 2.58127387368 -2.75046933991 0.827144001455 0.20400410363
2.61488068549 -2 2.58317336958 -2.75000122217 0.826584687178 0.203585525687
2.62710421366 -2 2.59325917283 -2.74752641503 0.823605811627 0.201372369038
2.66382958277 -2 2.62334225567 -2.74025151646 0.814629495815 0.194865955768
2.68203512549 -2 2.63813263935 -2.73673277371 0.810165826952 0.191719923934
2.6821277258 -2 2.6382076603 -2.73671502143 0.810143100458 0.191704056155
2.69984839044 -2 2.65252557181 -2.73334480934 0.805789909563 0.188692437209
2.70226259033 -2 2.65447021762 -2.73288977812 0.805196227825 0.188285984675
2.7066874983 -2 2.65803077296 -2.73205830882 0.804107710727 0.18754339923
2.71037527465 -2 2.66099450452 -2.73136785597 0.803200156636 0.186926878702
2.7301353837 -2 2.67681791494 -2.72770667579 0.798331645044 0.183659901414
2.73468708908 -2 2.68044916631 -2.72687243235 0.797208889389 0.182916068648
2.74839247817 -2 2.69135214443 -2.72438082306 0.793825374158 0.180696018513
2.75979218247 -2 2.70038553818 -2.72233141773 0.791007904478 0.178871915376
2.76165202041 -2 2.70185626807 -2.72199902864 0.790547973821 0.1785762503
2.76527472667 -2 2.70471859083 -2.72135315814 0.789651881582 0.178001891958
2.78006709068 -2 2.71637241423 -2.71873738479 0.78599008577 0.175677977148
2.80252856205 -2 2.73396449365 -2.71483052627 0.780421449644 0.172214627599
2.80282629654 -2 2.7341968424 -2.71477925991 0.780347570132 0.172169248506
2.80725774494 -2 2.73765249362 -2.71401780883 0.77924775895 0.171495464536
2.80840690344 -2 2.73854781342 -2.71382083703 0.778962497344 0.171321239358
2.8347045942 -2 2.75894692676 -2.70936747864 0.772427986527 0.167390392821
2.83998416718 -2 2.76302156569 -2.70848579206 0.77111465832 0.166614186206
2.86875983519 -2 2.78510790247 -2.70375149648 0.763948583313 0.162459540391
2.87464751703 -2 2.78960147892 -2.70279745354 0.762480783657 0.161625269706
2.88488751581 -2 2.7973962243 -2.70114980295 0.759926745926 0.160187043963
2.89115841062 -2 2.80215674866 -2.70014803416 0.758361939542 0.159314276859
2.89769947725 -2 2.80711191398 -2.69910891587 0.756729140043 0.158410369641
2.90353071062 -2 2.81152033984 -2.69818752913 0.755273047875 0.157610112425
2.91008750819 -2 2.81646715073 -2.69715705047 0.75363524836 0.15671653446
2.91295719457 -2 2.81862882201 -2.69670788413 0.752918266795 0.156327527044
2.93981840055 -2 2.83876295373 -2.6925570819 0.74620225266 0.152747636255
2.95345886502 -2 2.84891822607 -2.69048568018 0.74278865008 0.150972082548
2.9562954424 -2 2.85102419733 -2.69005795582 0.742078534646 0.150606427769
2.97873745708 -2 2.86761487314 -2.68671016494 0.736457558411 0.147756842295
2.98663853307 -2 2.87342585799 -2.68554662395 0.734477493951 0.146771892816
2.98894237893 -2 2.87511731526 -2.68520881265 0.733900032256 0.146486486487
2.99850581055 -2 2.88212445291 -2.68381353299 0.731502474359 0.145310384895
3.00689910581 -2 2.88825533467 -2.68259818976 0.729397669544 0.144289650694
3.00709955105 -2 2.88840153376 -2.68256926988 0.729347396862 0.144265404875
3.01926207194 -2 2.89725367926 -2.68082353497 0.726296426325 0.142805648429
3.0249979492 -2 2.90141549686 -2.68000637203 0.724857221861 0.142125014425
3.0385510034 -2 2.91121646961 -2.67809093342 0.721455745605 0.140536587184
3.05039170763 -2 2.91974140852 -2.67643497773 0.718483136477 0.13917160724
3.05772130401 -2 2.92500085062 -2.67541796502 0.71664266422 0.138337282383
3.06170937909 -2 2.92785687481 -2.67486716199 0.715641140522 0.137886729886
3.06368309466 -2 2.92926885683 -2.67459523139 0.715145454162 0.13766463759
3.07330160607 -2 2.93613586617 -2.67327627275 0.712729574553 0.136590724599
3.08733402449 -2 2.94611244177 -2.67137041726 0.709204380048 0.135049001144
3.08965686374 -2 2.94775912955 -2.67105701164 0.708620772206 0.134796653118
3.09851760484 -2 2.95402816318 -2.66986684751 0.706394372459 0.13384149255
3.11905078335 -2 2.96847969063 -2.66714100804 0.701234274706 0.131673397682
3.13163138931 -2 2.97728174131 -2.66549265195 0.698072280076 0.130376240172
3.1318330103 -2 2.97742248192 -2.66546636718 0.698021602983 0.130355644407
3.13508706216 -2 2.97969254612 -2.66504272025 0.697203695695 0.130024081286
3.1438014816 -2 2.98575871816 -2.66391347166 0.695013268965 0.12914394658
3.17571445663 -2 3.00781062629 -2.65984236696 0.686991515914 0.126017585029
3.18063883106 -2 3.01119057643 -2.65922296068 0.685753743428 0.125548681982
3.18601998829 -2 3.01487708006 -2.65854872829 0.684401184706 0.125040408166
3.18865182656 -2 3.01667743988 -2.65821996512 0.683739682933 0.124793387202
3.19898647716 -2 3.02373021673 -2.65693523425 0.681142213436 0.123833344206
3.20829601793 -2 3.03006043673 -2.65578636666 0.678802562422 0.122982101895
3.23120737447 -2 3.04554674304 -2.65299217945 0.673045469722 0.120941838425
3.23137813457 -2 3.04566166862 -2.65297152863 0.673002567626 0.12092692385
3.23532716897 -2 3.04831741532 -2.65249465984 0.67201043254 0.120583208822
3.24248904946 -2 3.05312382197 -2.65163326588 0.670211261909 0.119965734585
3.25021117926 -2 3.05829178175 -2.65070941114 0.668271571746 0.119308443713
3.25031378805 -2 3.05836035093 -2.65069716946 0.668245799514 0.119299769123
3.25345779988 -2 3.060460079 -2.65032250402 0.667456140473 0.119034725946
3.2568441533 -2 3.06271887695 -2.64991988793 0.666605662613 0.118750883885
3.26144734023 -2 3.06578472185 -2.64937413453 0.665449662275 0.118367758467
3.26210961773 -2 3.06622537784 -2.64929575937 0.665283352382 0.118312893757
3.26508475558 -2 3.06820357297 -2.64894412543 0.664536267253 0.11806722313
3.26552478749 -2 3.06849596563 -2.64889217992 0.664425774747 0.118030998383
3.26710835997 -2 3.06954781449 -2.64870537022 0.664028145812 0.117900869915
3.2718343727 -2 3.07268321101 -2.64814907908 0.662841537255 0.117514709851
3.2719707046 -2 3.07277357507 -2.6481330588 0.662807308704 0.117503619032
3.27594024872 -2 3.07540263527 -2.64766725864 0.661810726786 0.1171818894
3.28297276789 -2 3.08005061536 -2.64684515609 0.660045373183 0.116617597487
3.28947363214 -2 3.08433616935 -2.64608871268 0.658413729232 0.116102431923
3.31067371141 -2 3.09823817938 -2.64364478002 0.653094564388 0.114465522702
3.31387113762 -2 3.10032511533 -2.64327916805 0.652292579321 0.114224361157
3.31949545305 -2 3.10398984075 -2.64263791347 0.650882052403 0.113803788489
3.32455810421 -2 3.10728180993 -2.6420627096 0.649612582593 0.113429176107
3.32709127705 -2 3.1089265834 -2.6417756073 0.648977456325 0.113243141013
3.33001768267 -2 3.11082467799 -2.64144452247 0.648243798174 0.113029395563
3.33367618881 -2 3.11319459976 -2.64103148633 0.647326693704 0.112763938623
3.33858289807 -2 3.11636782112 -2.64047904966 0.646096859359 0.112410984908
3.34009951738 -2 3.11734741349 -2.64030864533 0.645716767977 0.112302601797
3.35088147852 -2 3.12429492915 -2.63910191014 0.64301517019 0.111541765058
3.36881585 -2 3.13578670053 -2.63711254355 0.638523667755 0.110313773503
3.3730351453 -2 3.13847858743 -2.63664768951 0.637467413191 0.110031681558
3.37613082989 -2 3.14045078274 -2.63630738168 0.636692550541 0.109826359649
3.38351274955 -2 3.1451439685 -2.63549843655 0.634845203183 0.109342378713
3.38886928798 -2 3.14854094577 -2.63491366423 0.633505054245 0.108996148785
3.38974149687 -2 3.14909339803 -2.63481862018 0.633286864506 0.108940166724
3.39100531107 -2 3.14989355371 -2.63468099002 0.632970725575 0.108859245899
3.39462682097 -2 3.15218421884 -2.63428716981 0.632064908557 0.108628649167
3.40080479831 -2 3.15608432261 -2.63361726381 0.63051998276 0.108239667272
3.41191101541 -2 3.16307158317 -2.63241894253 0.627743690177 0.107554318623
3.41828410147 -2 3.1670671656 -2.63173471432 0.62615118906 0.10716912093
3.41859705303 -2 3.16726310825 -2.63170117844 0.626073000909 0.107150357335
3.42066539279 -2 3.16855750278 -2.63147968086 0.625556273021 0.10702670293
3.42896244322 -2 3.17373916811 -2.63059370663 0.623483943631 0.106536896306
3.42910748429 -2 3.17382959619 -2.63057825497 0.62344772438 0.106528422608
3.42960621945 -2 3.17414049925 -2.6305251318 0.623323183537 0.106499308362
3.43907586796 -2 3.18003194581 -2.62951920786 0.620959054558 0.105953335161
3.44106056423 -2 3.18126386768 -2.62930903335 0.620463707476 0.105840551229
3.4441529349 -2 3.18318137414 -2.62898200216 0.619692000816 0.105665956453
3.44802592061 -2 3.18557955671 -2.62857317633 0.618725659402 0.105449237474
3.45978493528 -2 3.19283790271 -2.62733699702 0.615792865564 0.104804517049
3.46051816727 -2 3.19328935449 -2.62726016532 0.615610051159 0.104764976669
3.46413709595 -2 3.19551556663 -2.62688137661 0.61470785938 0.104570957923
3.46585952227 -2 3.19657398415 -2.62670133853 0.614278523154 0.104479278381
3.46975498803 -2 3.19896498981 -2.62629474114 0.613307676851 0.104273512406
3.47019234779 -2 3.19923320107 -2.62624914026 0.613198688806 0.10425054683
3.47259020392 -2 3.20070284416 -2.62599931074 0.612601200349 0.104125126396
3.48288862649 -2 3.20699844952 -2.62492971602 0.610035981092 0.103595884612
3.48680882496 -2 3.20938799334 -2.62452398332 0.609059895076 0.103398436931
3.48982326513 -2 3.21122283396 -2.62421251947 0.608309481742 0.103248113748
3.4943004953 -2 3.21394387649 -2.62375074587 0.60719516362 0.103027257649
3.4968445772 -2 3.21548782264 -2.62348879205 0.606562108062 0.102903045983
3.49945401062 -2 3.21706975621 -2.62322043633 0.605912889363 0.102776610475
3.50992182232 -2 3.22339870001 -2.62214719805 0.603309548982 0.102279248524
3.51980965618 -2 3.2293519624 -2.62113813184 0.600851975958 0.101823897613
3.52426521312 -2 3.23202662223 -2.62068489417 0.599745064344 0.10162329803
3.52558450591 -2 3.23281764403 -2.62055086103 0.599417367071 0.101564446861
3.53155077685 -2 3.23638950362 -2.61994568181 0.597935758281 0.101301419514
3.53902264926 -2 3.24085026563 -2.61918997272 0.596081068572 0.100979213138
3.54039262631 -2 3.24166664877 -2.61905167231 0.59574110737 0.100921004006
3.54109481066 -2 3.24208490749 -2.61898081746 0.595566871524 0.100891273017
3.54110001132 -2 3.24208800483 -2.61898029276 0.595565581095 0.100891053081
3.54769831073 -2 3.24601231739 -2.61831549165 0.593928716186 0.100615130501
3.54809886378 -2 3.24625019633 -2.61827519235 0.593829372749 0.100598581176
3.55566232709 -2 3.25073450303 -2.61751548344 0.591954020822 0.100290398089
3.55803775904 -2 3.25213994782 -2.61727736163 0.591365234983 0.100195296999
3.56030953855 -2 3.25348275711 -2.61704984051 0.590802231099 0.100105100665
3.57512311197 -2 3.26220745416 -2.61557117506 0.587133250083 0.099535048155
3.58580734502 -2 3.26846638573 -2.61450981717 0.584489421967 0.0991433566681
3.59353858548 -2 3.27297781505 -2.61374437155 0.582577606302 0.0988700832852
3.59442193781 -2 3.27349233968 -2.61365704784 0.582359236913 0.0988394024698
3.59555239549 -2 3.27415051293 -2.61354533516 0.582079802826 0.0988003014482
3.59920477321 -2 3.27627483587 -2.61318470503 0.581177145931 0.0986752159362
3.59976325466 -2 3.27659937371 -2.61312960188 0.581039143485 0.0986562568647
3.60058620926 -2 3.27707745783 -2.61304842283 0.580835799562 0.0986284006054
3.60381709927 -2 3.27895278113 -2.61272993782 0.580037601577 0.098519971303
3.60548544016 -2 3.27992013643 -2.61256561809 0.579625511554 0.0984645638408
3.60574620214 -2 3.28007127229 -2.61253994336 0.579561106564 0.0984559394821
3.61526814267 -2 3.28557861547 -2.61160392236 0.577210192352 0.0981476481609
3.6160799224 -2 3.2860471005 -2.61152425757 0.577009848945 0.0981219625095
3.61810900573 -2 3.28721739108 -2.61132522274 0.57650913652 0.0980581702663
3.62417126275 -2 3.2907077989 -2.61073133437 0.57501364409 0.0978710699988
3.63119375434 -2 3.29473973965 -2.61004477167 0.573282175458 0.097660870463
3.63893127153 -2 3.29916813561 -2.6092899829 0.571375547518 0.0974373885808
3.64161901475 -2 3.3007029541 -2.60902819603 0.570713533826 0.0973617501799
3.64849626618 -2 3.30462206512 -2.6083592629 0.569020279011 0.0971728838006
3.64939821498 -2 3.30513519095 -2.60827162791 0.568798281234 0.0971486123704
3.65834528385 -2 3.31021441172 -2.60740348363 0.566597040675 0.0969141028043
3.66442249742 -2 3.31365319623 -2.6068149781 0.565102823274 0.0967612940446
3.66871198518 -2 3.31607493267 -2.60640014389 0.564048628281 0.0966565911578
3.67137716062 -2 3.31757734608 -2.60614262024 0.56339382589 0.0965928508188
3.67320284085 -2 3.31860551157 -2.6059663103 0.562945365512 0.0965497691427
3.67843400003 -2 3.32154700319 -2.60546155676 0.561660780689 0.0964289430346
3.68448436896 -2 3.32494075913 -2.60487853185 0.560175768801 0.096294032235
3.69260104173 -2 3.3294794343 -2.6040976464 0.55818486323 0.0961211920504
3.69577062832 -2 3.33124741544 -2.60379308321 0.557407805119 0.0960562303079
3.69640524839 -2 3.33160110714 -2.60373212716 0.557252248173 0.0960433944517
3.70200416182 -2 3.33471726805 -2.60319469666 0.55588024432 0.0959326205923
3.70649343969 -2 3.33721029655 -2.60276421842 0.554780666259 0.0958470052062
3.70968279064 -2 3.33897843815 -2.60245862064 0.553999763533 0.0957879131561
3.71154427392 -2 3.34000927384 -2.60228034346 0.553544092653 0.09575408867
3.71558977488 -2 3.34224663051 -2.60189311312 0.552554072683 0.0956822687238
3.72526163376 -2 3.34757940562 -2.6009684758 0.550188701614 0.0955199419048
3.73653698861 -2 3.35376743438 -2.59989243544 0.547433951214 0.095347389645
3.75406097393 -2 3.36332317181 -2.59822365736 0.543158611199 0.0951148402014
3.75622219861 -2 3.36449648802 -2.59801811878 0.542631853905 0.095089161678
3.75998558382 -2 3.36653689156 -2.59766034056 0.541714875445 0.0950460195693
3.7622922061 -2 3.36778577367 -2.59744113365 0.541153022096 0.0950205645379
3.76293582259 -2 3.36813401728 -2.59737997827 0.540996271823 0.095013595699
3.77100984571 -2 3.37249409058 -2.59661316956 0.539030754354 0.0949311347368
3.77343754353 -2 3.37380197501 -2.59638273164 0.538440082656 0.0949081371539
3.77363072451 -2 3.37390598681 -2.59636439734 0.538393087097 0.0949063428259
3.79081289384 -2 3.38312084406 -2.59473493791 0.534216949619 0.0947677782673
3.79181057587 -2 3.38365370087 -2.59464039232 0.533974695672 0.094761009705
3.80053887637 -2 3.3883051384 -2.59381352329 0.531856423966 0.0947077693917
3.80365248215 -2 3.38995995152 -2.59351866456 0.531101266211 0.0946913718082
3.80519249507 -2 3.39077756545 -2.59337284349 0.530727854038 0.0946837656401
3.80955454546 -2 3.39309031639 -2.59295986849 0.529670513933 0.0946640323542
3.81003633858 -2 3.39334547981 -2.59291426046 0.529553760602 0.0946620169384
3.81206213692 -2 3.39441774948 -2.59272250078 0.529062914914 0.0946538999702
3.82063595723 -2 3.39894493089 -2.59191107679 0.526986718231 0.0946259367306
3.8210475131 -2 3.3991617938 -2.59187213228 0.52688710757 0.0946248544409
3.82156942205 -2 3.39943674789 -2.59182274704 0.526760794259 0.0946235161964
3.82201258828 -2 3.39967016651 -2.59178081323 0.526653544189 0.0946224099224
3.82277468715 -2 3.40007145737 -2.59170870148 0.526469122095 0.0946205720631
3.82294953125 -2 3.40016350367 -2.59169215766 0.526426813382 0.0946201619281
3.82536665803 -2 3.4014352349 -2.59146345335 0.525842002949 0.0946149323827
3.83041372697 -2 3.4040861106 -2.59098594389 0.524621405774 0.0946066604083
3.83090523046 -2 3.40434393459 -2.59093944449 0.52450257642 0.0946060461422
3.83102247683 -2 3.40440542894 -2.59092835228 0.524474231088 0.0946059046262
3.83114714767 -2 3.40447081354 -2.59091655761 0.52444409124 0.0946057562681
3.83494965759 -2 3.40646326657 -2.5905568228 0.523525019072 0.0946022804819
3.8353276394 -2 3.40666113119 -2.59052106404 0.523433682067 0.094602045991
3.84229705259 -2 3.41030328402 -2.58986174509 0.521750274052 0.0946013193104
3.84636490418 -2 3.41242368589 -2.58947691339 0.52076834005 0.0946040484623
3.84687879791 -2 3.41269127329 -2.58942829656 0.520644324737 0.0946045585753
3.85912458552 -2 3.41904887666 -2.5882696601 0.517691311873 0.0946276839721
3.86316105502 -2 3.42113655563 -2.58788767163 0.51671886868 0.0946399196289
3.86453195867 -2 3.42184469994 -2.58775792531 0.516388704333 0.0946445954094
3.86457353102 -2 3.42186616722 -2.58775399071 0.516378693013 0.0946447413217
3.86582641248 -2 3.42251293838 -2.58763540834 0.516077001382 0.0946492525293
3.86721373655 -2 3.42322867155 -2.5875040946 0.515742988799 0.0946545048154
3.87361495083 -2 3.42652511629 -2.58689810053 0.514202548984 0.0946822369189
3.87757453919 -2 3.42855925784 -2.58652315615 0.513250275973 0.0947022687891
3.87836992438 -2 3.42896741235 -2.58644782877 0.513059042486 0.0947065579606
3.88267853107 -2 3.43117574736 -2.58603972023 0.512023450747 0.0947313346199
3.891935948 -2 3.43590546139 -2.58516246842 0.509800237641 0.0947933750476
3.89215369515 -2 3.43601646324 -2.58514182725 0.50974797512 0.0947949789633
3.89322384234 -2 3.43656183006 -2.58504037751 0.509491144511 0.0948029582284
3.89533045287 -2 3.43763459481 -2.58484064587 0.508985666779 0.0948191346851
3.89974863172 -2 3.43988103988 -2.58442163679 0.507925962058 0.0948550819211
3.9015774541 -2 3.4408095431 -2.58424814764 0.507487488148 0.0948707622629
3.90194800143 -2 3.44099757475 -2.58421299292 0.507398658874 0.0948739964497
3.90417027531 -2 3.44212455943 -2.58400213323 0.506866012014 0.094893796513
3.91479887562 -2 3.44749829629 -2.58299299759 0.504320555463 0.094998065181
3.91628958934 -2 3.44824982683 -2.58285136995 0.503963817339 0.0950139549859
3.9183335244 -2 3.44927939492 -2.58265714373 0.503474800015 0.0950362477164
3.92551313866 -2 3.45288797969 -2.58197452151 0.501758073932 0.0951191919971
3.92626220891 -2 3.45326376359 -2.58190326628 0.501579054452 0.0951282617302
3.93918265162 -2 3.45972444061 -2.58067309322 0.498493958617 0.0952970681605
3.93980630846 -2 3.46003528258 -2.58061365719 0.498345176234 0.0953058076143
3.94368724159 -2 3.46196752734 -2.58024367179 0.497419598672 0.095361415736
3.94697609589 -2 3.46360217606 -2.57992996012 0.49663560057 0.0954101906527
3.94913615029 -2 3.46467437808 -2.57972383199 0.496120872734 0.0954430487826
3.95030721628 -2 3.46525520391 -2.57961205043 0.495841876831 0.0954611357011
3.9538086935 -2 3.46698991951 -2.57927769656 0.495007942221 0.0955163603341
3.95745521746 -2 3.46879339167 -2.57892928355 0.494139879084 0.0955756965081
3.95788702444 -2 3.46900674252 -2.57888801174 0.494037114712 0.0955828460839
3.96121731987 -2 3.47065071002 -2.57856959771 0.493244749753 0.0956388635196
3.96129520175 -2 3.47068912412 -2.57856214913 0.49322622388 0.0956401921072
3.96148159015 -2 3.47078105086 -2.57854432199 0.493181888197 0.0956433751548
3.96455918961 -2 3.47229773861 -2.57824988656 0.492449990522 0.0956966356216
3.96466542769 -2 3.47235005421 -2.57823971983 0.492424731038 0.0956984978247
3.96528775665 -2 3.47265645726 -2.5781801596 0.492276771586 0.0957094380891
3.9672626001 -2 3.47362816212 -2.57799111298 0.491807333345 0.0957445137532
3.96790981809 -2 3.47394641782 -2.57792914078 0.491653511286 0.0957561278604
3.96852262017 -2 3.47424765947 -2.57787045782 0.491507881284 0.0957671783988
3.97152055994 -2 3.47572010034 -2.57758326984 0.490795608891 0.0958219968453
3.9763022916 -2 3.47806423395 -2.57712485728 0.489660137619 0.0959120346045
3.98024519452 -2 3.47999306813 -2.57674653236 0.488724419042 0.0959886835962
3.9802850401 -2 3.48001254144 -2.57674270762 0.488714965613 0.0959894692823
3.98311586004 -2 3.48139505279 -2.57647089736 0.488043483018 0.0960458564755
3.98493464011 -2 3.48228230217 -2.5762961759 0.487612200366 0.0960826761981
3.98512341835 -2 3.48237434852 -2.57627803722 0.487567442142 0.096086524362
3.98528185253 -2 3.48245159288 -2.57626281357 0.48752987923 0.096089757822
3.99085301404 -2 3.48516401777 -2.57572715748 0.486209551337 0.0962056909247
3.99151479037 -2 3.48548572681 -2.57566348532 0.486052783453 0.096219750583
3.99244330691 -2 3.48593693244 -2.57557413423 0.485832852251 0.096239580472
3.99576694962 -2 3.48755035628 -2.57525414666 0.48504584064 0.0963115500777
3.99882566657 -2 3.48903286457 -2.57495945196 0.484321888631 0.0963791479156
3.99908345949 -2 3.48915771057 -2.57493460458 0.484260887318 0.0963849049298
3.99962580732 -2 3.48942031359 -2.57488232713 0.484132559335 0.0963970469436
3.99963400411 -2 3.48942428192 -2.57488153698 0.484130619921 0.0963972307679
4.00587023303 -2 3.49243882629 -2.57427993558 0.482655745712 0.0965398090873
4.01102776405 -2 3.49492499058 -2.5737817119 0.481436980722 0.0966618331493
4.01510426015 -2 3.49688560092 -2.57338746649 0.480474314469 0.0967609118112
4.01565386394 -2 3.49714963573 -2.57333428258 0.480344568806 0.0967744475697
4.01920226962 -2 3.49885260398 -2.57299072861 0.479507141697 0.0968628548299
4.02060540061 -2 3.49952518195 -2.57285479159 0.479176120911 0.0968982989337
4.0244330469 -2 3.50135756771 -2.57248370947 0.478273463981 0.0969963873779
4.02941290522 -2 3.50373637484 -2.57200035371 0.477099845314 0.0971270680793
4.03089284177 -2 3.50444219327 -2.57185658173 0.476751230201 0.097166572469
4.03119521764 -2 3.50458634054 -2.57182719966 0.476680011672 0.0971746815412
4.03577952386 -2 3.50676910904 -2.57138143338 0.475600662048 0.0972991883193
4.03607909483 -2 3.50691157462 -2.57135228413 0.475530155307 0.0973074267137
4.03696481206 -2 3.50733266648 -2.57126608558 0.475321712133 0.0973318578702
4.03733042642 -2 3.50750643518 -2.5712304978 0.475235677102 0.097341974754
4.03876856883 -2 3.50818964735 -2.57109047658 0.474897304234 0.097381950742
4.03961237058 -2 3.5085902817 -2.57100829469 0.474698804447 0.0974055404188
4.04371481976 -2 3.51053572708 -2.57060845341 0.473734082883 0.0975216481543
4.04538630737 -2 3.51132723824 -2.57044540623 0.473341190453 0.0975696290682
4.05284520164 -2 3.51485129824 -2.56971682798 0.471589143845 0.0977884990854
4.05288381313 -2 3.51486950682 -2.5697130522 0.471580079406 0.0977896523087
4.0546364567 -2 3.51569565696 -2.56954161488 0.471168684483 0.0978422185098
4.0611377231 -2 3.5187538864 -2.56890486932 0.469643614447 0.0980409571841
4.06160247873 -2 3.51897212954 -2.56885930003 0.469534649999 0.0980553906048
4.06296094491 -2 3.51960975908 -2.56872606547 0.469216194934 0.0980977520905
4.06456349859 -2 3.52036140117 -2.56856881742 0.468840605827 0.0981480565717
4.06481583579 -2 3.52047969961 -2.56854404999 0.468781474228 0.098156010189
4.07077382122 -2 3.52326852959 -2.56795866886 0.46738597568 0.0983463898235
4.07211013151 -2 3.52389289217 -2.56782721773 0.46707315769 0.0983897708884
4.07473259099 -2 3.52511696567 -2.56756908041 0.466459453028 0.0984756299469
4.07558870872 -2 3.52551622395 -2.5674847615 0.466259159763 0.0985038672187
4.07831436546 -2 3.52678621445 -2.56721614803 0.465621656451 0.0985944494351
4.07881077031 -2 3.52701732248 -2.56716720114 0.465505581702 0.0986110582871
4.07950744627 -2 3.52734157198 -2.56709849279 0.465342692633 0.0986344259367
4.08064246721 -2 3.52786959428 -2.56698651834 0.465077352729 0.0986726416427
4.08125787612 -2 3.52815576171 -2.56692578706 0.464933505085 0.0986934374769
4.08464443212 -2 3.52972894264 -2.56659135943 0.464142169968 0.0988088224902
4.08695246528 -2 3.53079957401 -2.56636321205 0.463603095123 0.0988883788675
4.09104581999 -2 3.53269530671 -2.56595813248 0.462647517028 0.0990313047586
4.09368975042 -2 3.53391769683 -2.56569617538 0.462030632022 0.0991248662144
4.09657342582 -2 3.53524907026 -2.56541018038 0.461358106151 0.0992280252129
4.09719963792 -2 3.53553793255 -2.56534803552 0.461212103032 0.0992505805333
4.09934710419 -2 3.53652783032 -2.56513481312 0.460711526529 0.0993283455309
4.1080082988 -2 3.54050939824 -2.56427312663 0.458694350006 0.0996485290398
4.11453191155 -2 3.5434967866 -2.56362224788 0.457176881963 0.0998966122546
4.11559136106 -2 3.54398101103 -2.56351639003 0.456930594163 0.0999374628414
4.11618737943 -2 3.54425330773 -2.56345681775 0.456792057914 0.0999605132435
4.11683962283 -2 3.54455119786 -2.5633916109 0.456640468436 0.0999857949767
4.11840519651 -2 3.54526581615 -2.56323502718 0.456276675826 0.10004672108
4.12211254832 -2 3.54695579486 -2.56286384687 0.455415571243 0.100192362808
4.12412476404 -2 3.54787171707 -2.56266215625 0.45494841534 0.100272215988
4.12859680517 -2 3.5499039413 -2.56221333182 0.453910743558 0.100451711538
4.12952286305 -2 3.55032418843 -2.56212028951 0.453695961632 0.100489230274
4.13035589577 -2 3.55070205048 -2.56203656373 0.453502783443 0.10052308254
4.13258310746 -2 3.55171152102 -2.56181257546 0.45298643037 0.10061406684
4.13289840785 -2 3.55185433602 -2.56178084954 0.452913347158 0.10062700326
4.13292305774 -2 3.55186549945 -2.56177836846 0.452907633743 0.100628015203
4.13390869015 -2 3.55231178727 -2.56167916624 0.452679200611 0.100668547586
4.1351999507 -2 3.55289611981 -2.56154914166 0.452379991171 0.100721853827
4.13662844404 -2 3.55354210401 -2.56140521793 0.452049057712 0.100781096843
4.13923725011 -2 3.55472062205 -2.56114215598 0.451444890606 0.100890026238
4.1403535147 -2 3.55522440883 -2.56102950905 0.451186458566 0.100936925881
4.14062140457 -2 3.55534526854 -2.56100246733 0.451124445262 0.100948207135
4.14107103058 -2 3.55554808165 -2.56095707351 0.451020368512 0.100967164121
4.14738511861 -2 3.55839124625 -2.56031870667 0.449559656295 0.101236361121
4.15032034207 -2 3.55970980628 -2.56002136743 0.448881149231 0.101363399745
4.15951531203 -2 3.563827483 -2.55908747151 0.446757839153 0.101769160075
4.15992149557 -2 3.56400892963 -2.55904613084 0.44666412021 0.101787356922
4.16214476568 -2 3.56500141234 -2.55881971729 0.446151260247 0.101887367075
4.16228998628 -2 3.56506620027 -2.55880492066 0.446117767867 0.101893923626
4.16311987886 -2 3.56543634961 -2.55872034322 0.445926385012 0.101931448935
4.16377775158 -2 3.56572966249 -2.55865327548 0.445774691455 0.101961264425
4.16828647949 -2 3.56773719206 -2.55819309316 0.444735525848 0.102167233083
4.17068582516 -2 3.56880360112 -2.5579478242 0.444182859917 0.102277999135
4.17203813721 -2 3.56940406333 -2.55780946914 0.443871469905 0.10234078343
4.17318710706 -2 3.56991390601 -2.55769185167 0.443606960289 0.102394327988
4.1765113929 -2 3.57138730776 -2.5573512025 0.442841960955 0.102550286709
4.17719914529 -2 3.57169181791 -2.55728066128 0.442683748051 0.102582745488
4.17841209728 -2 3.57222860177 -2.55715619767 0.442404763068 0.102640152478
4.18030279187 -2 3.57306464197 -2.55696205072 0.441970012746 0.102730046157
4.18188982492 -2 3.57376577239 -2.55679895372 0.441605198932 0.10280588804
4.18194840951 -2 3.57379164326 -2.55679293079 0.441591733957 0.102808694449
4.18342371625 -2 3.5744428752 -2.55664120328 0.441252698131 0.102879525074
4.18384121561 -2 3.574627077 -2.55659824617 0.441156769923 0.102899624797
4.18488669079 -2 3.57508816961 -2.55649064057 0.440916583779 0.102950064182
4.18536510058 -2 3.57529908136 -2.5564413821 0.440806689368 0.102973196238
4.18582839619 -2 3.57550328048 -2.55639366986 0.440700275694 0.102995627999
4.18747653512 -2 3.57622930251 -2.55622385175 0.44032178811 0.103075670617
4.18805737347 -2 3.57648501878 -2.55616397261 0.440188427666 0.103103969826
4.19319095333 -2 3.57874173264 -2.555634031 0.439010358392 0.103356135962
4.19769176252 -2 3.5807153086 -2.55516833885 0.437978389464 0.103580252268
4.19925263963 -2 3.58139865777 -2.55500659996 0.437620698387 0.103658637342
4.20568991714 -2 3.58421099356 -2.55433826786 0.436146594906 0.103985509561
4.20784077994 -2 3.58514855387 -2.55411448906 0.435654441701 0.104096018188
4.20909439296 -2 3.58569451515 -2.55398395155 0.435367683022 0.1041607258
4.2097626042 -2 3.58598538061 -2.55391433778 0.435214859293 0.104195306623
4.21352355459 -2 3.58762058188 -2.55352209423 0.434355056269 0.104391106168
4.21442584003 -2 3.58801240108 -2.55342788231 0.434148869882 0.104438374582
4.21560497585 -2 3.58852416166 -2.55330469792 0.433879470266 0.104500318184
4.21564087567 -2 3.58853973771 -2.55330094634 0.433871269073 0.104502207163
4.21642310222 -2 3.5888790524 -2.55321918498 0.433692585503 0.104543411181
4.21928126174 -2 3.59011768006 -2.55292016559 0.433039916286 0.104694693589
4.22039072052 -2 3.59059797844 -2.55280397754 0.43278666068 0.104753725252
4.22471325407 -2 3.59246657834 -2.55235067376 0.431800453326 0.104985359977
4.22691927909 -2 3.59341858398 -2.55211894034 0.431297442329 0.105104583675
4.22966434492 -2 3.59460166294 -2.55183021492 0.430671809096 0.105253890762
4.23240525116 -2 3.59578123611 -2.55154151663 0.430047443481 0.105404023986
4.2336021764 -2 3.59629580657 -2.55141531562 0.4297748899 0.105469915496
4.23373465103 -2 3.59635273884 -2.55140134304 0.429744727665 0.105477220637
4.23755551828 -2 3.59799307165 -2.5509979221 0.428875103421 0.10568897472
4.23878913799 -2 3.59852196626 -2.55086749882 0.428594466637 0.105757778925
4.2403536594 -2 3.59919223203 -2.55070196917 0.42823864671 0.105845345385
4.24394238953 -2 3.60072759781 -2.55032175402 0.427422857192 0.106047501783
4.24676192071 -2 3.60193182465 -2.55002252262 0.426782310937 0.106207593546
4.24708794335 -2 3.60207095325 -2.54998789349 0.426708266648 0.106226176776
4.24736509568 -2 3.60218920669 -2.54995844963 0.426645325096 0.106241986113
4.24811484384 -2 3.60250901938 -2.54987877883 0.426475073238 0.106284807195
4.25119060733 -2 3.60381967961 -2.54955159885 0.425776887379 0.106461300142
4.25517853344 -2 3.60551583839 -2.54912657637 0.424872255321 0.106692107345
4.25909081393 -2 3.60717631971 -2.54870871787 0.423985455607 0.106920701133
4.25958538561 -2 3.60738598319 -2.54865583073 0.423873398213 0.106949751518
4.26173010289 -2 3.60829454867 -2.54842631662 0.42338758345 0.107076125442
4.26226177906 -2 3.60851962174 -2.54836937845 0.423267180944 0.107107553261
4.26329752884 -2 3.60895789811 -2.5482584092 0.423032662331 0.107168891016
4.26332981537 -2 3.60897155626 -2.54825494907 0.423025352641 0.107170805461
4.26369020351 -2 3.60912399487 -2.54821632212 0.422943763655 0.107192184752
4.26481636443 -2 3.609600153 -2.54809556794 0.422688846586 0.107259109229
4.26723027235 -2 3.61061982352 -2.54783647891 0.422142623648 0.107403159453
4.26775419011 -2 3.61084096046 -2.54778020025 0.422024104557 0.107434532141
4.26815747558 -2 3.61101113722 -2.54773686775 0.421932882767 0.107458707453
4.27114903559 -2 3.6122723607 -2.54741512786 0.421256426046 0.107638750808
4.2716423131 -2 3.6124801295 -2.54736202471 0.421144923221 0.107668558557
4.27493675625 -2 3.61386633798 -2.54700698525 0.420400507389 0.107868509426
4.27872181057 -2 3.61545595585 -2.54659825681 0.419545826535 0.108100115041
4.28221052678 -2 3.61691825656 -2.54622074939 0.418758624371 0.108315366454
4.2847709671 -2 3.61798972179 -2.54594320927 0.418181226045 0.108474429569
4.28874642394 -2 3.6196503988 -2.5455114774 0.417285312299 0.108723219782
4.28909462701 -2 3.61979568429 -2.54547361506 0.417206874589 0.108745116418
4.29381055677 -2 3.62176069532 -2.54496007613 0.416145081018 0.10904335068
4.29640105615 -2 3.62283796181 -2.54467738396 0.415562255488 0.109208500499
4.30072764796 -2 3.6246338212 -2.54420427963 0.414589510591 0.109486428816
4.30365247334 -2 3.62584545994 -2.54388377258 0.413932404977 0.10967579919
4.30391630372 -2 3.62595466006 -2.54385483451 0.413873150674 0.109692940133
4.30507090452 -2 3.62643236759 -2.54372813874 0.413613873359 0.109768068925
4.31176836993 -2 3.62919749332 -2.54299149837 0.412111089529 0.110207556378
4.31456308904 -2 3.63034835043 -2.54268323886 0.411484614949 0.11039280722
4.31651927943 -2 3.63115286186 -2.54246716042 0.411046321532 0.110523127557
4.31660932183 -2 3.63118987255 -2.54245720839 0.411026151359 0.110529139064
4.32101809671 -2 3.63299981474 -2.54196925678 0.410039009778 0.110824874596
4.32196165022 -2 3.63338660783 -2.54186465672 0.409827861112 0.110888521583
4.32293702092 -2 3.63378623443 -2.5417564663 0.409609635674 0.11095444618
4.32343266266 -2 3.63398922658 -2.54170146434 0.409498759699 0.11098799743
4.32367540458 -2 3.63408862249 -2.54167452088 0.409444462031 0.111004441833
4.33299525623 -2 3.63789486848 -2.54063700804 0.407361823251 0.111642067248
4.3398628976 -2 3.64068721509 -2.53986864886 0.405829756573 0.112119730395
4.34107507738 -2 3.6411789889 -2.53973268724 0.405559567419 0.112204728841
4.34159424507 -2 3.64138951228 -2.5396744247 0.405443868532 0.112241196204
4.34169070964 -2 3.64142862221 -2.53966359708 0.405422372361 0.112247976238
4.34259423523 -2 3.64179483969 -2.53956214858 0.405221051927 0.112311544223
4.34689124174 -2 3.64353401775 -2.53907889059 0.404264134816 0.112615432479
4.35229492588 -2 3.6457152806 -2.53846930828 0.403062007348 0.113001269996
4.35263734386 -2 3.64585328222 -2.53843060956 0.402985878211 0.113025857857
4.35674703926 -2 3.64750755135 -2.53796549691 0.402072612836 0.113322247273
4.3593429188 -2 3.64855053303 -2.53767107991 0.40149616594 0.113510684806
4.36170902026 -2 3.64949989026 -2.53740229637 0.400971024775 0.113683268093
4.3632300766 -2 3.65010953206 -2.5372292922 0.400633577628 0.11379462965
4.36467902373 -2 3.65068979506 -2.5370643319 0.40031223119 0.113901014518
4.36508740388 -2 3.65085325614 -2.53701781085 0.400221679152 0.113931052032
4.37408871281 -2 3.65444679108 -2.53598927821 0.398227817483 0.114599082154
4.37417229552 -2 3.65448007527 -2.53597969945 0.398209321592 0.114605338652
4.37457528207 -2 3.65464053013 -2.53593350887 0.398120150057 0.114635517597
4.37628242842 -2 3.65531985516 -2.53573769835 0.397742485673 0.11476361625
4.37915971564 -2 3.65646335704 -2.53540717708 0.397106276474 0.114980446769
4.38114657977 -2 3.65725191568 -2.53517857612 0.396667187583 0.115130855817
4.38773025721 -2 3.65985865228 -2.53441893642 0.395213598757 0.11563322394
4.3887772459 -2 3.66027231551 -2.53429782762 0.394982633045 0.115713677044
4.38926896897 -2 3.66046650988 -2.53424091839 0.394874177493 0.115751515498
4.38940600953 -2 3.6605206216 -2.53422505501 0.394843953631 0.115762066939
4.38968588389 -2 3.66063111965 -2.53419265316 0.394782231095 0.115783624088
4.39324328153 -2 3.66203411881 -2.53378027363 0.393998030272 0.116058591851
4.39519638428 -2 3.66280321614 -2.53355345032 0.393567748843 0.116210314304
4.39599858934 -2 3.66311886628 -2.53346019993 0.393391072292 0.116272787529
4.39971505233 -2 3.66457936604 -2.53302753441 0.392572978553 0.116563397211
4.40034118887 -2 3.66482512718 -2.53295453441 0.39243521631 0.116612549685
4.40118617092 -2 3.66515664832 -2.53285597 0.392249334599 0.116678969391
4.40312896218 -2 3.66591829061 -2.53262913754 0.391822087872 0.116832063922
4.40480785719 -2 3.66657580699 -2.53243287577 0.391453026651 0.116964791602
4.40866425858 -2 3.66808377001 -2.53198121993 0.39060582899 0.117271170083
4.41926380569 -2 3.67221168085 -2.53073368555 0.388281089026 0.118124072983
4.42045878069 -2 3.6726755096 -2.53059247135 0.388019355932 0.118221221843
4.42097845342 -2 3.67287712311 -2.53053102402 0.387905555477 0.118263532961
4.42382725087 -2 3.67398129697 -2.53019378235 0.387281954299 0.118496155573
4.42389729939 -2 3.67400842496 -2.53018548167 0.387266625861 0.118501889911
4.42936783157 -2 3.67612370128 -2.52953598012 0.386070299046 0.118951859483
4.43170730959 -2 3.67702630505 -2.52925746746 0.3855591528 0.119145578926
4.4370901076 -2 3.67909852466 -2.52861492161 0.384384139381 0.119594233638
4.43788393274 -2 3.67940358895 -2.52851995769 0.384210980225 0.119660744946
4.43877280515 -2 3.67974501627 -2.52841356055 0.38401712646 0.119735325492
4.44155253376 -2 3.68081163524 -2.52808040222 0.383411158209 0.119969277914
4.44590787799 -2 3.68247945343 -2.52755709006 0.382462511464 0.120338035145
4.44708634975 -2 3.68293002248 -2.52741521518 0.382205994023 0.120438274435
4.4490262804 -2 3.68367106405 -2.52718141119 0.381783886316 0.120603709889
4.45329970169 -2 3.68530059858 -2.52666523637 0.380854723436 0.12097001967
4.45620177587 -2 3.68640495018 -2.52631380785 0.38022427038 0.121220252008
4.45978861295 -2 3.68776735297 -2.52587845093 0.379445663442 0.121531173769
4.46294562592 -2 3.68896418455 -2.52549433964 0.378760915326 0.121806342143
4.46739365691 -2 3.69064677671 -2.52495167138 0.377797034011 0.122196429579
4.46873588768 -2 3.69115367139 -2.52478757538 0.377506378643 0.122314691563
4.47127536676 -2 3.69211164083 -2.52447667325 0.376956722619 0.122539138835
4.47153110784 -2 3.69220803707 -2.52444533207 0.376901387719 0.122561792634
4.47347361503 -2 3.69293976124 -2.52420708647 0.37648119849 0.122734164055
4.47482523148 -2 3.69344842008 -2.52404111424 0.376188944031 0.122854416987
4.47622780064 -2 3.69397583741 -2.5238687139 0.375885774375 0.122979476602
4.48039769772 -2 3.69554136095 -2.52335512178 0.374985053605 0.123352929137
4.48183530426 -2 3.69608021779 -2.52317769502 0.374674736574 0.123482250787
4.48837592029 -2 3.69852620226 -2.5223681078 0.37326429012 0.124074315749
4.49529178054 -2 3.7011024907 -2.52150783918 0.371775412907 0.124706941806
4.4974379628 -2 3.70189989111 -2.52123998162 0.371313895596 0.124904641567
4.49896408631 -2 3.7024663106 -2.52104925332 0.370985867354 0.125045620719
4.50232894255 -2 3.7037134053 -2.52062796573 0.370263062217 0.125357623922
4.50513744398 -2 3.70475244091 -2.52027552979 0.369660236742 0.125619269195
4.50769635082 -2 3.70569766256 -2.519953774 0.369111357499 0.125858635995
4.50825171956 -2 3.70590262238 -2.51988386158 0.368992279248 0.125910709331
4.50977283986 -2 3.70646365482 -2.51969222671 0.36866621727 0.126053559048
4.51087638261 -2 3.70687036236 -2.51955306315 0.368429744594 0.126157399216
4.51150725788 -2 3.7071027519 -2.51947345398 0.368294587296 0.12621684039
4.51275877377 -2 3.70756350962 -2.51931541687 0.368026529593 0.126334925617
4.51984739632 -2 3.7101669283 -2.51841749073 0.366509859397 0.127007960216
4.52008573952 -2 3.71025427736 -2.51838721653 0.366458911735 0.127030713874
4.52045334837 -2 3.71038897543 -2.51834051162 0.366380338681 0.127065823816
4.52195016875 -2 3.71093714053 -2.51815020894 0.366060483622 0.127208981764
4.5230754384 -2 3.71134892098 -2.51800700303 0.365820106277 0.127316813638
4.52447482785 -2 3.7118606356 -2.51782874239 0.365521269426 0.127451164681
4.52756305503 -2 3.71298842835 -2.51743468354 0.364862166868 0.127748640267
4.53067770148 -2 3.71412380808 -2.51703632072 0.364197959817 0.128050033357
4.5368736888 -2 3.71637627945 -2.51624105294 0.362878248386 0.128653696668
4.53741495108 -2 3.71657265954 -2.51617140236 0.362763063909 0.12870669006
4.5386168372 -2 3.71700850471 -2.51601663994 0.362507352368 0.12882451215
4.54202358994 -2 3.71824224142 -2.51557719464 0.361782974932 0.129159596003
4.54376378739 -2 3.71887149138 -2.51535228032 0.361413207448 0.129331396642
4.54680963166 -2 3.71997131247 -2.51495789612 0.360766417012 0.12963313403
4.54849999121 -2 3.72058083313 -2.51473862669 0.360407690991 0.129801159583
4.54942662015 -2 3.72091470522 -2.51461830559 0.360211111147 0.129893441155
4.55192949082 -2 3.72181560068 -2.51429288488 0.359680381033 0.130143309156
4.55238294934 -2 3.721978679 -2.51423385998 0.35958426361 0.130188674503
4.55482113692 -2 3.72285478093 -2.51391613607 0.359067651822 0.130433099988
4.55566071131 -2 3.72315616923 -2.51380659151 0.358889837636 0.130517462274
4.55641942475 -2 3.72342840281 -2.51370753719 0.358729183384 0.130593785816
4.56072430329 -2 3.72497072309 -2.51314440887 0.357818262155 0.131028391739
4.56721119565 -2 3.72728739944 -2.51229230046 0.356447613348 0.131688273236
4.56748882444 -2 3.72738635142 -2.51225573606 0.356389005315 0.131716648949
4.56891074011 -2 3.7278928921 -2.51206834183 0.356088904972 0.131862151469
4.57029475772 -2 3.72838552229 -2.51188574326 0.355796914296 0.132004052745
4.57157934665 -2 3.72884239999 -2.51171608673 0.355525998634 0.132136004119
4.57288358164 -2 3.72930590907 -2.51154366198 0.355251036534 0.132270214233
4.57652293866 -2 3.7305973958 -2.51106159763 0.354484295121 0.132645999068
4.57668196983 -2 3.73065376719 -2.51104050148 0.354450807744 0.132662463043
4.58173602923 -2 3.73244249033 -2.51036868864 0.353387328648 0.133187572671
4.58537561041 -2 3.7337272768 -2.5098832474 0.352622400178 0.133567977643
4.58913992627 -2 3.7350531687 -2.50937970975 0.351832065088 0.133963409029
4.59005703107 -2 3.73537574654 -2.50925680633 0.351639639682 0.134060054965
4.59128340756 -2 3.73580683035 -2.50909231805 0.351382399988 0.134189480137
4.59329455841 -2 3.7365130872 -2.50882222724 0.350960739174 0.134402191145
4.59921742408 -2 3.73858810183 -2.50802431505 0.349720316742 0.135031984553
4.59934601004 -2 3.73863306922 -2.50800695095 0.349693409863 0.135045713021
4.60031046038 -2 3.7389702328 -2.50787665555 0.349491627586 0.135148757807
4.60108518868 -2 3.73924093003 -2.50777191903 0.349329578539 0.13523162841
4.60255411523 -2 3.73975384285 -2.50757315729 0.349022421745 0.135388991087
4.60264000227 -2 3.73978381859 -2.50756152875 0.349004466447 0.13539820151
4.60360243351 -2 3.74011961353 -2.50743116673 0.348803293033 0.135501483605
4.60925849139 -2 3.74208911967 -2.50666303712 0.347622132781 0.136111132727
4.61140768686 -2 3.74283574366 -2.50637025586 0.347173810253 0.136343987557
4.61252683665 -2 3.74322415229 -2.50621759829 0.34694046387 0.136465503619
4.6128729212 -2 3.74334420976 -2.50617036257 0.346868319161 0.136503117379
4.61719473547 -2 3.74484136113 -2.50557940172 0.345967994417 0.136974271749
4.61828559702 -2 3.7452186394 -2.50542991581 0.345740920828 0.137093617545
4.6194718742 -2 3.74562863647 -2.50526720684 0.345494066112 0.13722359565
4.62253260644 -2 3.74668512491 -2.50484668613 0.344857540727 0.137559884772
4.63374105261 -2 3.7505373892 -2.50329789689 0.342531373796 0.13880283535
4.63466998536 -2 3.75085548814 -2.50316890994 0.342338925604 0.138906656406
4.64884341458 -2 3.75568681586 -2.50118881636 0.339409094419 0.140506082804
4.64981331915 -2 3.75601591237 -2.5010524845 0.339209050349 0.140616587238
4.65194107611 -2 3.75673719798 -2.50075302658 0.338770399624 0.140859482764
4.65834658136 -2 3.75890296295 -2.49984839477 0.337451542411 0.141594632443
4.65874018431 -2 3.75903576894 -2.49979265378 0.337370584189 0.141639997847
4.65931538038 -2 3.75922978887 -2.4997111637 0.33725229218 0.141706333121
4.66003316003 -2 3.75947180796 -2.49960941943 0.337104705773 0.141789178721
4.6641692124 -2 3.76086432969 -2.49902198 0.336254891118 0.142268001463
4.66669121412 -2 3.76171171016 -2.49866280866 0.33573722776 0.142561175608
4.66886130533 -2 3.76243980543 -2.49835316179 0.335292113347 0.142814173409
4.67046051914 -2 3.76297574599 -2.49812462116 0.33496428094 0.143001049536
4.67419795684 -2 3.76422622012 -2.49758934288 0.33419874292 0.143439222431
4.67654723539 -2 3.76501077916 -2.49725203789 0.3337179877 0.143715677911
4.67681936241 -2 3.76510158527 -2.49721292461 0.33366232208 0.143747752269
4.67771933557 -2 3.76540178852 -2.49708350687 0.333478258874 0.143853903873
4.67845556567 -2 3.76564724981 -2.49697756529 0.333327722274 0.143940828725
4.68401629897 -2 3.76749763277 -2.4961753147 0.332191821446 0.144599891377
4.69406868576 -2 3.77082664392 -2.49471570111 0.330143353291 0.145802613035
4.69592239678 -2 3.7714382827 -2.49444521654 0.329766304933 0.146025991572
4.6966212249 -2 3.77166868299 -2.49434313999 0.329624218695 0.146110331366
4.70064816491 -2 3.77299440911 -2.49375377935 0.328806064739 0.146597704891
4.70278955446 -2 3.77369804347 -2.49343957646 0.328371420017 0.146857826282
4.71386291093 -2 3.77732178315 -2.49180587085 0.326128519158 0.148213503022
4.71490339954 -2 3.77766100582 -2.49165158887 0.3259181748 0.148341796926
4.71519190265 -2 3.77775502566 -2.49160878659 0.32585986363 0.148377397516
4.71698123479 -2 3.77833777176 -2.4913430908 0.325498330741 0.148598465396
4.71828023884 -2 3.77876042396 -2.49114995553 0.325235998055 0.148759244222
4.72487761367 -2 3.78090173155 -2.49016582821 0.323905355161 0.149579572094
4.72537825874 -2 3.7810638679 -2.49009092627 0.323804494276 0.149642079994
4.72658464488 -2 3.78145435352 -2.48991030836 0.323561520637 0.149792851922
4.72744625467 -2 3.78173306153 -2.48978119809 0.323388045234 0.1499006632
4.73307055862 -2 3.78354870787 -2.48893612341 0.322256848028 0.150607058548
4.73453877945 -2 3.78402163449 -2.48871486224 0.321961891022 0.150792216122
4.74112202212 -2 3.78613683321 -2.4877194142 0.320641099632 0.151626267305
4.74365700387 -2 3.78694900683 -2.48733463374 0.320133270627 0.151949105933
4.74624465472 -2 3.78777672763 -2.48694101338 0.319615329255 0.152279612554
4.74653618934 -2 3.78786989703 -2.48689661232 0.319557003828 0.152316909518
4.74756742754 -2 3.78819933003 -2.48673946923 0.319350736006 0.152448938011
4.74759925453 -2 3.7882094939 -2.48673461717 0.319344371109 0.152453015244
4.75225156619 -2 3.78969301614 -2.48602396599 0.318414706489 0.153050584757
4.75805414005 -2 3.79153727728 -2.48513370238 0.31725720959 0.153800300035
4.75983838859 -2 3.7921030239 -2.48485907631 0.316901740776 0.154031814066
4.76320412619 -2 3.79316850206 -2.48433990725 0.316231779826 0.154469791279
4.76941994271 -2 3.79513029518 -2.48337722278 0.31499650644 0.155282968457
4.77531620677 -2 3.79698414394 -2.4824593422 0.313827152418 0.156059528967
4.78222056908 -2 3.79914619652 -2.48137868902 0.312460874886 0.156975285158
4.7840312678 -2 3.79971164386 -2.48109423474 0.312103101206 0.157216594006
4.78949379788 -2 3.80141356617 -2.48023343593 0.311025127798 0.157947467873
4.79509613148 -2 3.80315293657 -2.47934644789 0.309921696719 0.158701560625
4.79934376544 -2 3.80446759312 -2.47867111934 0.309086530631 0.159276354366
4.80313959945 -2 3.80563941635 -2.47806555174 0.308341255098 0.159792235546
4.80487417778 -2 3.80617396207 -2.47778817365 0.308001020638 0.16002867671
4.80606225634 -2 3.8065397522 -2.47759794989 0.307768102017 0.160190877491
4.80915602161 -2 3.80749097365 -2.47710169986 0.307162042134 0.160614215888
4.80931218327 -2 3.8075389382 -2.47707661642 0.307131468224 0.160635621451
4.81062868669 -2 3.80794310714 -2.47686501936 0.306873786064 0.160816220138
4.81275775533 -2 3.80859601775 -2.47652231812 0.306457315381 0.16110882239
4.81548123184 -2 3.80942991922 -2.47608302894 0.305925034797 0.161484080101
4.81831631239 -2 3.81029645442 -2.47562465175 0.305371495663 0.161875866084
4.81949679459 -2 3.81065680304 -2.47543346285 0.305141177631 0.162039345738
4.81965455176 -2 3.81070493881 -2.47540789825 0.30511040585 0.162061208239
4.82326134082 -2 3.81180413637 -2.47482247247 0.304407352156 0.162562040887
4.83134870503 -2 3.81425961897 -2.47350320633 0.302834269268 0.163691952016
4.8327041049 -2 3.81466990108 -2.47328120849 0.30257108344 0.163882255246
4.83405841746 -2 3.81507949784 -2.47305913093 0.302308239481 0.164072674319
4.83408792757 -2 3.8150884189 -2.47305428906 0.302302513638 0.164076826488
4.83812517301 -2 3.81630730469 -2.47239071976 0.301519753537 0.164646081784
4.83975169742 -2 3.81679747662 -2.47212273101 0.301204724803 0.164876097595
4.84044102458 -2 3.81700505818 -2.47200904295 0.301071271633 0.164973696051
4.84455020555 -2 3.8182405779 -2.47132993614 0.300276445233 0.165556939021
4.84587315047 -2 3.81863765694 -2.47111078804 0.30002081036 0.165745239723
4.84747627841 -2 3.8191183794 -2.47084489322 0.299711204212 0.165973763872
4.85016793283 -2 3.81992439713 -2.4703976302 0.299191792011 0.166358303578
4.85122633706 -2 3.82024095393 -2.47022147487 0.298987693708 0.166509802091
4.85811803356 -2 3.82229690636 -2.46907052641 0.297660712659 0.167500288236
4.86001490016 -2 3.82286118122 -2.46875253945 0.297296080846 0.167774132174
4.86018621341 -2 3.82291210916 -2.46872379539 0.297263162462 0.167798890067
4.86400432608 -2 3.82404569035 -2.46808206291 0.296530055702 0.168351795276
4.86496323028 -2 3.82432994501 -2.46792056208 0.296346106118 0.168490991615
4.86967837578 -2 3.82572512602 -2.46712448294 0.295442564962 0.169177416154
4.86993568702 -2 3.82580114012 -2.46708094663 0.295393304558 0.169214969181
4.87272359499 -2 3.82662392289 -2.46660862076 0.294859891574 0.169622471495
4.87822035512 -2 3.82824180588 -2.46567402795 0.293809869613 0.170429268593
4.88020662187 -2 3.8288250131 -2.46533521849 0.293430991086 0.170721899705
4.88074240048 -2 3.82898219889 -2.4652437274 0.293328841865 0.170800933878
4.88276718028 -2 3.82957573346 -2.46489758958 0.292942998413 0.171099996203
4.8862493969 -2 3.83059466691 -2.46430088234 0.292280137121 0.171615735061
4.88629836551 -2 3.83060897923 -2.46429247837 0.292270822078 0.17162300036
4.88920329493 -2 3.8314572009 -2.46379329732 0.291718552371 0.172054626268
4.8998241197 -2 3.83454478221 -2.46195750643 0.289704751708 0.173643294483
4.90111166058 -2 3.83491763105 -2.46173380804 0.28946119869 0.17383701581
4.90755199857 -2 3.83677793518 -2.46061110588 0.288244814364 0.174809690514
4.90858229968 -2 3.83707481312 -2.46043091804 0.288050513046 0.174965863417
4.91108580218 -2 3.83779535555 -2.45999241322 0.287578720927 0.17534599717
4.91256081533 -2 3.838219332 -2.45973360924 0.287300973532 0.175570397664
4.91493731212 -2 3.83890156834 -2.45931593481 0.286853823719 0.175932621091
4.91560267203 -2 3.83909238669 -2.45919884165 0.286728710051 0.176034184154
4.91671394567 -2 3.83941090438 -2.45900312494 0.286519822507 0.176203959071
4.91854550624 -2 3.83993536583 -2.45868013871 0.286175747573 0.176484174216
4.92022832066 -2 3.84041667958 -2.45838293078 0.285859842107 0.176742069454
4.9214275416 -2 3.84075935274 -2.45817086682 0.285634851332 0.176926108383
4.92785304872 -2 3.84259082753 -2.45703084611 0.284431216477 0.177915824925
4.92815441627 -2 3.84267653735 -2.45697722103 0.284374841895 0.17796239435
4.92910842141 -2 3.84294774627 -2.45680737279 0.284196429441 0.178109902543
4.92999271849 -2 3.84319898619 -2.45664980937 0.284031116098 0.178246752797
4.93447341781 -2 3.84446976594 -2.45584958032 0.283194408821 0.178941947446
4.9371401976 -2 3.84522431777 -2.45537182647 0.282697163692 0.179357118342
4.93747725131 -2 3.84531959117 -2.45531136456 0.282634356286 0.179409666705
4.93764082433 -2 3.84536581915 -2.45528201512 0.282603878876 0.179435174624
4.94119021407 -2 3.84636771527 -2.45464414454 0.281943058577 0.179989650488
4.95375766121 -2 3.84989634335 -2.45236971918 0.279611182261 0.181967921831
4.95634371752 -2 3.85061881292 -2.45189860826 0.279132881179 0.182377907174
4.9569735781 -2 3.85079459088 -2.45178370403 0.279016465929 0.182477913735
4.95857946963 -2 3.85124242087 -2.45149045776 0.278719795588 0.182733156976
4.96134881512 -2 3.85201358227 -2.45098379433 0.278208669443 0.183174221789
4.96265568129 -2 3.85237700522 -2.45074427304 0.277967677799 0.183382758035
4.96750382888 -2 3.85372246426 -2.44985332366 0.277074843808 0.184158593716
4.97114554955 -2 3.85473027204 -2.44918160302 0.276405416194 0.184743667472
4.97566790029 -2 3.85597839303 -2.448344476 0.275575584908 0.185472969208
4.98533107644 -2 3.8586327744 -2.44654464461 0.273807939542 0.187041518939
4.987051169 -2 3.85910347734 -2.44622267285 0.273494079774 0.187322187459
4.99266788015 -2 3.86063673564 -2.44516795456 0.272470886447 0.188241742387
4.99356866815 -2 3.86088209928 -2.44499832118 0.27230702882 0.188389655246
4.99633731786 -2 3.86163532315 -2.44447610436 0.271803811953 0.188845036317
4.99790849979 -2 3.86206215118 -2.44417919022 0.271518519308 0.189103969622
5.00034853148 -2 3.8627241227 -2.44371727751 0.271075862226 0.189506821515
5.00156738524 -2 3.86305438882 -2.44348617274 0.270854926972 0.189708388643
5.00499500369 -2 3.86398171007 -2.44283495005 0.270234273391 0.190276418482
5.00670561494 -2 3.86444370912 -2.4425092164 0.269924886638 0.190560560199
5.01016424498 -2 3.86537619654 -2.44184914091 0.269300083462 0.191136393643
5.01347992745 -2 3.86626811524 -2.44121447325 0.26870203065 0.191690107095
5.01683085477 -2 3.86716750243 -2.44057119175 0.268098545056 0.192251377577
5.01752458572 -2 3.86735344662 -2.44043778004 0.267973723851 0.19236778545
5.01865659445 -2 3.86765667891 -2.44021990959 0.267770130282 0.192557890916
5.02148913069 -2 3.8684144244 -2.43967380606 0.267261161023 0.193034417561
5.02285897834 -2 3.86878036197 -2.43940921935 0.267015257229 0.193265302489
5.02344040106 -2 3.86893557933 -2.43929682114 0.266910932299 0.193363385036
5.03007183698 -2 3.87070163606 -2.43801082247 0.265723049875 0.194485652557
5.03295041562 -2 3.87146579797 -2.4374502747 0.26520856026 0.194974859303
5.03492947804 -2 3.87199031135 -2.4370640729 0.264855245751 0.195311916655
5.03531372985 -2 3.87209206841 -2.43698901058 0.264786684967 0.195377427328
5.04280977181 -2 3.87407190834 -2.43551964736 0.263451684827 0.196659852403
5.04458131661 -2 3.87453834409 -2.43517098466 0.263136878325 0.196964161426
5.04780857742 -2 3.87538662874 -2.43453443213 0.262564073924 0.197519739483
5.04868475587 -2 3.87561661263 -2.43436130256 0.262408714562 0.197670845135
5.04886231004 -2 3.87566320159 -2.43432620255 0.262377239558 0.197701480172
5.04970922699 -2 3.8758853487 -2.43415870306 0.262227143689 0.197847671666
5.05849213402 -2 3.87818163413 -2.43241434275 0.260674197144 0.199370102188
5.05995033618 -2 3.87856156044 -2.43212343429 0.260417005847 0.199623990595
5.06208351942 -2 3.87911667552 -2.43169720222 0.260041093908 0.19999597697
5.0665870136 -2 3.88028598008 -2.4307947458 0.259248771711 0.200783550682
5.06809435959 -2 3.88067655701 -2.43049189552 0.258983968323 0.201047838679
5.07005620549 -2 3.88118430456 -2.43009713186 0.258639615297 0.201392328482
5.07467133468 -2 3.88237608876 -2.4291658028 0.257830862171 0.202205008742
5.08138346369 -2 3.88410273884 -2.42780459026 0.256657944009 0.203392684793
5.08232899619 -2 3.88434533824 -2.42761219566 0.256493032435 0.203560538185
5.08792122518 -2 3.88577697773 -2.42647105368 0.255519288484 0.204556045728
5.09112017217 -2 3.88659347803 -2.42581577333 0.254963510737 0.205127634504
5.0913592724 -2 3.88665443489 -2.42576672214 0.254922006265 0.20517041912
5.09572344835 -2 3.88776530441 -2.4248696134 0.254165334024 0.205952863799
5.09739746074 -2 3.8881905365 -2.42452459302 0.253875536939 0.206253758555
5.10306967733 -2 3.88962778735 -2.42335177459 0.252895440759 0.207276461527
5.10751884123 -2 3.890751251 -2.42242777402 0.252128681527 0.208082056188
5.10825907747 -2 3.89093783759 -2.42227369357 0.252001282546 0.208216379102
5.11279582927 -2 3.8920793322 -2.42132719457 0.25122155418 0.20904142969
5.11723854577 -2 3.89319374125 -2.42039667895 0.250459780644 0.209852402805
5.12184028545 -2 3.8943444768 -2.41942905142 0.24967261785 0.210695560528
5.13029007833 -2 3.89644806109 -2.41764214268 0.248232216007 0.212252151633
5.1315844186 -2 3.89676921453 -2.4173672604 0.248012149176 0.212491548329
5.1330488948 -2 3.89713223913 -2.41705587219 0.247763339909 0.212762719783
5.13435796125 -2 3.89745643125 -2.41677719197 0.247541100173 0.21300539055
5.13687173044 -2 3.89807815431 -2.41624115741 0.247114778432 0.213472115974
5.14329227397 -2 3.8996612709 -2.41486670845 0.246028522394 0.2146685654
5.14361279131 -2 3.89974011863 -2.41479789386 0.245974395303 0.214728457256
5.15662032161 -2 3.90292537597 -2.41198893228 0.243785783936 0.217172246027
5.15885076515 -2 3.90346870738 -2.41150407001 0.243412075576 0.217593880479
5.16463926576 -2 3.9048748917 -2.41024134939 0.242444389167 0.218691656957
5.17061564831 -2 3.90632084941 -2.40893095984 0.24144859445 0.219830431395
5.17142050845 -2 3.90651512769 -2.40875396511 0.241314744442 0.21998421091
5.18084568638 -2 3.90878218182 -2.40667205728 0.239751879503 0.22179238861
5.18093592586 -2 3.90880381622 -2.40665204206 0.239736956918 0.221809766298
5.18120127797 -2 3.9088674251 -2.40659317759 0.239693081061 0.221860873172
5.1833859209 -2 3.90939067234 -2.40610802912 0.2393321062 0.22228204534
5.19043221902 -2 3.91107297842 -2.40453696005 0.238170931852 0.223645462683
5.19052689443 -2 3.91109552661 -2.40451578546 0.238155362459 0.223663833583
5.19935343518 -2 3.91319121216 -2.4025340248 0.236707622434 0.225382576882
5.20167016049 -2 3.91373915769 -2.40201134881 0.236328875693 0.225835678999
5.2111589384 -2 3.91597428124 -2.39985960344 0.234783050783 0.227700077241
5.22256214965 -2 3.91864101431 -2.3972502232 0.232936978743 0.229958931259
5.23357323708 -2 3.9211961366 -2.39470602209 0.231166549573 0.232159094387
5.2385090745 -2 3.92233518275 -2.39355767157 0.230376844309 0.233151403004
5.23943306477 -2 3.92254797943 -2.39334215504 0.230229281377 0.233337580791
5.24110660889 -2 3.92293305365 -2.392951371 0.229962230673 0.233675123765
5.24831671208 -2 3.9245869591 -2.39126128826 0.228814911692 0.235134295308
5.25399025627 -2 3.92588259391 -2.38992396894 0.227915779795 0.236288141831
5.2544796636 -2 3.92599411857 -2.38980830334 0.227838371913 0.23638790708
5.25602444505 -2 3.92634588903 -2.38944289117 0.227594198251 0.236703052175
5.26164591176 -2 3.9276228037 -2.3881090387 0.226707693609 0.237852979949
5.26437167702 -2 3.92824016895 -2.38745994343 0.226278998644 0.238412321924
5.26552013862 -2 3.92849993697 -2.38718599961 0.226098601285 0.238648336703
5.26589559333 -2 3.92858481566 -2.38709638346 0.226039655067 0.238725538846
5.26818670117 -2 3.92910228283 -2.38654889563 0.225680264634 0.239197116164
5.26880829098 -2 3.92924253305 -2.38640017329 0.225582852766 0.239325197727
5.27480482172 -2 3.93059242861 -2.3849613367 0.224645148669 0.24056388412
5.27743373316 -2 3.93118245954 -2.38432819783 0.224235220843 0.241108687182
5.28192637348 -2 3.93218829339 -2.38324288454 0.223536332884 0.242042200008
5.28962586659 -2 3.93390480687 -2.38137309565 0.22234344592 0.243649335254
5.29175905414 -2 3.93437875348 -2.38085286758 0.222014042066 0.244096228648
5.29246181488 -2 3.93453473779 -2.38068127426 0.221905626812 0.244243608648
5.29445362101 -2 3.934976423 -2.38019437045 0.221598630541 0.244661738537
5.29691280719 -2 3.93552090752 -2.37959206421 0.221220170414 0.245178833317
5.29982581578 -2 3.93616466945 -2.37887696068 0.220772689875 0.24579256949
5.30755350559 -2 3.93786615137 -2.37697123678 0.219589935459 0.247427093844
5.30821675659 -2 3.93801175994 -2.37680708296 0.219488716274 0.247567814406
5.31030871786 -2 3.93847058688 -2.37628871507 0.219169766117 0.248012109905
5.31352994143 -2 3.93917578845 -2.37548870627 0.21867955197 0.24869757282
5.31480295544 -2 3.93945404629 -2.37517193716 0.218486125695 0.248968910313
5.31632006376 -2 3.93978533751 -2.37479397791 0.21825583638 0.24929260511
5.31841336754 -2 3.94024187951 -2.37427166354 0.217938486738 0.249739827399
5.32547546469 -2 3.94177720424 -2.37250263047 0.216871316536 0.251253642405
5.32836739039 -2 3.94240374772 -2.37177512239 0.216435856463 0.251875793486
5.33831648304 -2 3.94454965172 -2.36925849496 0.214944641566 0.254026149958
5.34695152064 -2 3.94640014321 -2.36705686001 0.213659101144 0.255905026901
5.34699394489 -2 3.94640920739 -2.36704600323 0.213652805344 0.255914286669
5.34703842889 -2 3.94641871126 -2.36703461876 0.213646204085 0.255923996314
5.34881450647 -2 3.94679792754 -2.36657973186 0.213382817954 0.256311918527
5.36093594934 -2 3.94937356956 -2.36345675037 0.211594514184 0.258972608299
5.36218076392 -2 3.94963685057 -2.36313420569 0.211411782822 0.259247151452
5.37016339745 -2 3.95131980065 -2.36105768144 0.210244072635 0.261013490306
5.37191374686 -2 3.95168757565 -2.36060047471 0.209988978758 0.261402130793
5.37978740655 -2 3.95333644474 -2.35853537786 0.208845725496 0.263156313017
5.38002343182 -2 3.95338573354 -2.35847326008 0.208811562211 0.263209047651
5.38009835262 -2 3.95340137746 -2.35845353961 0.208800719172 0.263225788879
5.39357481431 -2 3.95620216417 -2.35488582159 0.206860638353 0.266251487186
5.39831761659 -2 3.95718164991 -2.35362049962 0.206182770926 0.267323123954
5.40118252064 -2 3.95777175625 -2.35285371308 0.205774548859 0.267972165014
5.40363543246 -2 3.95827607272 -2.35219571639 0.205425779558 0.26852889687
5.40417754137 -2 3.95838741474 -2.35205011094 0.205348792578 0.268652065996
5.40424285319 -2 3.95840082602 -2.35203256414 0.205339519674 0.268666908205
5.4129038334 -2 3.96017394662 -2.34969709796 0.204114197531 0.270641085242
5.41637113404 -2 3.96088082161 -2.34875732562 0.203626088622 0.271434734827
5.41816969913 -2 3.96124682776 -2.34826876067 0.203373445574 0.271847165533
5.42023344904 -2 3.96166623854 -2.3477072453 0.203084015879 0.27232103508
5.42670112313 -2 3.96297678793 -2.34594114345 0.202180178919 0.27381047161
5.42821140005 -2 3.9632819758 -2.34552734946 0.201969827453 0.274159224009
5.43098189428 -2 3.96384099568 -2.34476690359 0.201584648852 0.274799922335
5.43348395108 -2 3.96434493502 -2.34407861156 0.201237566492 0.27537958517
5.44103051496 -2 3.96585964209 -2.34199382178 0.200195191292 0.277133928981
5.44516815918 -2 3.96668679751 -2.3408451401 0.199626540456 0.278099629462
5.44706487509 -2 3.96706518412 -2.34031724229 0.199366548997 0.278543217366
5.44914449602 -2 3.96747949265 -2.33973746977 0.199081978929 0.279030236481
5.45023773087 -2 3.96769705308 -2.3394322831 0.198932590538 0.279286532084
5.45073588192 -2 3.9677961345 -2.33929312703 0.198864566559 0.279403380341
5.45089318997 -2 3.96782741577 -2.3392491717 0.198843091853 0.279440287301
5.45249794172 -2 3.9681463315 -2.33880043526 0.198624190417 0.279817011554
5.4534656211 -2 3.96833847201 -2.33852955195 0.198492339997 0.28004437686
5.45901882412 -2 3.96943863735 -2.336970775 0.19773786604 0.281352024473
5.46626545772 -2 3.97086801352 -2.33492571003 0.196758907054 0.283065792177
5.47334546628 -2 3.97225769279 -2.33291564446 0.195808604546 0.28474820647
5.4763392867 -2 3.97284330678 -2.33206208909 0.195408600618 0.285462020345
5.47988998559 -2 3.97353629976 -2.33104699056 0.194935612911 0.286310457176
5.48150964796 -2 3.97385185386 -2.33058294925 0.194720371261 0.286698140083
5.49615219646 -2 3.97668886998 -2.32635918874 0.192789154935 0.290221931832
5.4993982199 -2 3.97731397481 -2.32541584348 0.192364632993 0.291007724949
5.50046985834 -2 3.97752004463 -2.32510384878 0.192224770099 0.291267514489
5.50319589767 -2 3.97804356908 -2.32430893761 0.191869632492 0.291929193634
5.50509097748 -2 3.97840694231 -2.32375527084 0.191623296629 0.292389875936
5.50578715425 -2 3.97854031331 -2.32355165585 0.191532915636 0.292559256096
5.5206555969 -2 3.98137381737 -2.31917475599 0.189617189479 0.296195221948
5.52284795371 -2 3.98178921602 -2.31852479737 0.189337081228 0.29673433291
5.52734819427 -2 3.98263998353 -2.31718692367 0.188764021441 0.297843370294
5.53563453702 -2 3.98419978731 -2.31471039537 0.187715613294 0.299893924906
5.53639960148 -2 3.98434336475 -2.31448088438 0.187619259884 0.30008380323
5.53910164093 -2 3.98484985729 -2.31366913699 0.187279564042 0.300755161486
5.54154691894 -2 3.98530743003 -2.31293296087 0.186972959634 0.301363731439
5.54195492795 -2 3.98538370595 -2.31280998084 0.186921876094 0.30146536812
5.55798740088 -2 3.98836450871 -2.30794460138 0.184931698517 0.305480239798
5.56834816961 -2 3.99027394917 -2.30476604218 0.183663471225 0.308096726632
5.57751720492 -2 3.99195285565 -2.30193041273 0.182552960306 0.310426634575
5.57866813276 -2 3.99216287968 -2.30157296407 0.182414355293 0.310720046811
5.5852139951 -2 3.99335435901 -2.299533556 0.181629411376 0.312392869629
5.58652602239 -2 3.99359255742 -2.29912346632 0.181472771095 0.312728992944
5.59351950343 -2 3.99485876607 -2.29693011906 0.18064174228 0.314525300373
5.59742152217 -2 3.99556272912 -2.29570087042 0.180180940025 0.315530974105
5.60284180076 -2 3.99653762629 -2.29398680463 0.179544269684 0.316932021347
5.60634539404 -2 3.9971659541 -2.29287480978 0.179134863825 0.317840158304
5.61646678406 -2 3.9989730857 -2.28964449648 0.177961589789 0.320474757795
5.61738404044 -2 3.99913627307 -2.2893504287 0.177855957364 0.320714336561
5.62216961986 -2 3.99998609526 -2.28781262517 0.177306728833 0.321966487661
5.62872049964 -2 4.00114515307 -2.28569782477 0.176560048646 0.323686527182
5.63093932937 -2 4.00153662744 -2.28497896908 0.176308496676 0.324270688579
5.63270813794 -2 4.00184830452 -2.28440498252 0.176108456528 0.324736940773
5.63543765979 -2 4.00232857265 -2.28351762024 0.175800624854 0.325457426163
5.6403163497 -2 4.00318490567 -2.28192666211 0.175253015517 0.326748207227
5.64477795665 -2 4.00396569842 -2.28046619595 0.174755153729 0.327932008502
5.64710453208 -2 4.00437197559 -2.27970251561 0.174496650739 0.328550598027
5.65384319764 -2 4.00554532946 -2.27748246665 0.173752254921 0.330347217318
5.6545448328 -2 4.00566721195 -2.27725061678 0.173675118841 0.330534705347
5.65722669193 -2 4.00613258593 -2.27636320482 0.173380928456 0.33125207539
5.66211759582 -2 4.00697926164 -2.27473987233 0.172847059844 0.332563342431
5.66523005581 -2 4.00751671108 -2.27370347791 0.172509103149 0.333399821252
5.67221153266 -2 4.00871843667 -2.27136928182 0.171756113344 0.335281817023
5.67525534052 -2 4.00924072884 -2.27034749327 0.171430026852 0.336104810296
5.67874462053 -2 4.00983824126 -2.26917307681 0.171057869709 0.337050100737
5.68052270138 -2 4.01014222583 -2.268573344 0.17086890531 0.33753256542
5.68450662297 -2 4.01082210785 -2.26722648027 0.170447189873 0.338615426215
5.68521269356 -2 4.01094242783 -2.26698732487 0.170372691058 0.338807610476
5.70503827335 -2 4.01429960223 -2.26021653111 0.168310793915 0.344236967063
5.70959305297 -2 4.01506515341 -2.25864574284 0.167845314403 0.345493347043
5.7126779307 -2 4.01558244659 -2.257578619 0.167531812362 0.346346189493
5.72430083573 -2 4.01752282607 -2.25353432339 0.166363463963 0.349573357531
5.74476079546 -2 4.02090594583 -2.24632349747 0.164356587907 0.355307644479
5.74547413852 -2 4.0210231625 -2.24606996833 0.164287773878 0.355508803215
5.74777787437 -2 4.02140137875 -2.24525021817 0.16406607524 0.356159010557
5.74802013497 -2 4.0214411225 -2.24516392646 0.164042809022 0.356227436586
5.76891794089 -2 4.02484849307 -2.23765760123 0.162070140376 0.362166025118
5.77081080087 -2 4.02515510024 -2.23697155709 0.161894835062 0.362707445832
5.77613512895 -2 4.02601576534 -2.23503631576 0.161404756712 0.364233518562
5.78169595967 -2 4.02691188876 -2.23300642494 0.16089769823 0.365832323095
5.78482597391 -2 4.02741505229 -2.23185994942 0.160614451956 0.366734461936
5.785410717 -2 4.02750895351 -2.23164545344 0.160561709449 0.366903175257
5.7897951596 -2 4.02821205579 -2.23003400618 0.160167981906 0.368169979785
5.79554261434 -2 4.02913113195 -2.22791317519 0.159656517562 0.369835362382
5.80617144775 -2 4.03082310701 -2.22396581546 0.158724682597 0.37292940805
5.81283822928 -2 4.03187935692 -2.22147307118 0.158149553152 0.374879536455
5.8196153817 -2 4.0329491884 -2.21892570777 0.157572342071 0.376869406412
5.82346672547 -2 4.03355542063 -2.21747206554 0.157247681732 0.378003567455
5.82482743519 -2 4.03376930896 -2.21695743758 0.157133560718 0.378404856025
5.82503457655 -2 4.03380185578 -2.21687904779 0.157116214818 0.378465970928
5.8278365632 -2 4.03424176027 -2.21581742856 0.15688227431 0.379293358338
5.83368550089 -2 4.03515792493 -2.21359389646 0.156398130032 0.381024611357
5.83847335311 -2 4.03590578737 -2.2117661994 0.156006049414 0.38244596022
5.85010873483 -2 4.03771548272 -2.2072961132 0.155069203419 0.385915760827
5.86830628985 -2 4.04052432751 -2.20022366412 0.153649855163 0.3913869675
5.87114679213 -2 4.04096045623 -2.19911070427 0.153433401672 0.392245880993
5.88084550385 -2 4.04244499685 -2.19529215259 0.152704798324 0.395188558043
5.88136600811 -2 4.04252446934 -2.19508641334 0.15266615546 0.395346919964
5.88287355728 -2 4.04275453315 -2.19449005976 0.152554498119 0.395805838192
5.88764247301 -2 4.04348120583 -2.19259902232 0.152203884805 0.397260015145
5.90995153214 -2 4.04685881502 -2.18366020832 0.150616590148 0.404112228111
5.92461343152 -2 4.04905976452 -2.17770183403 0.149621416131 0.408660090975
5.929968002 -2 4.04985996121 -2.17550915781 0.149267586958 0.410329777784
5.93065613629 -2 4.04996266063 -2.17522672108 0.149222490262 0.410544696138
5.93157206535 -2 4.05009930815 -2.17485055851 0.1491625979 0.410830879977
5.9633537002 -2 4.05480785488 -2.16163491063 0.147179243407 0.420846365112
5.99682673014 -2 4.05970215415 -2.14736881597 0.14529350665 0.431573997554
6.00617160744 -2 4.06105758345 -2.14332165639 0.144805074614 0.434601692943
6.00905699943 -2 4.0614751813 -2.14206630159 0.144657660128 0.435539436887
6.01511352707 -2 4.06235036331 -2.13942246251 0.144353473645 0.437512225913
6.01718046832 -2 4.06264862165 -2.13851744902 0.144251292486 0.438186864302
6.02158214973 -2 4.06328308359 -2.13658551577 0.144036465388 0.439625880204
6.03149910648 -2 4.06470911104 -2.13220962458 0.143566361307 0.442879594684
6.04879925198 -2 4.06718600139 -2.12449834644 0.142792774488 0.448594220615
6.05884283507 -2 4.06861798664 -2.11997607236 0.142371086946 0.451934289277
6.05914830318 -2 4.06866147382 -2.11983800483 0.14235857974 0.452036133227
6.06577761098 -2 4.06960430266 -2.1168339694 0.142091795259 0.454250117667
6.06755341772 -2 4.06985656172 -2.11602677702 0.142021844103 0.454844400927
6.06916061471 -2 4.07008476341 -2.11529531666 0.141959087404 0.455382701807
6.08004150913 -2 4.07162711227 -2.11032045225 0.141548087334 0.459038142544
6.08401593068 -2 4.07218938341 -2.10849337023 0.141404017663 0.460378166048
6.09441230367 -2 4.07365753909 -2.10368881458 0.141042589386 0.463895602606
6.11318578847 -2 4.07629962789 -2.09491988308 0.140447033343 0.470291875929
6.11610626022 -2 4.07670966324 -2.09354494206 0.140361053344 0.471292056123
6.11769688151 -2 4.07693288226 -2.09279485762 0.140314984805 0.47183738268
6.12821247377 -2 4.07840678792 -2.08781418895 0.140023968405 0.475452874007
6.15926811096 -2 4.08274347257 -2.07288159784 0.139303547069 0.486235158539
6.16583747502 -2 4.08365816434 -2.06967977126 0.139178137507 0.488535992361
6.16637181547 -2 4.08373252743 -2.06941867475 0.139168355816 0.488723444719
6.1809002646 -2 4.08575255439 -2.06228113151 0.138926695889 0.493837838538
6.18646425206 -2 4.08652529098 -2.05952793725 0.138846632941 0.495805518852
6.19915167543 -2 4.0882858093 -2.05320885313 0.138690170855 0.500311005049
6.20262501148 -2 4.08876744661 -2.05146894544 0.138653703971 0.501548947928
6.20452558916 -2 4.08903094253 -2.05051506329 0.138634913971 0.502227158973
6.21180140949 -2 4.09003934979 -2.04685146789 0.138570620336 0.504828853396
6.21734955261 -2 4.09080801687 -2.04404507219 0.138529767413 0.506818466702
6.21854287251 -2 4.09097331669 -2.04344001636 0.138521908446 0.507247046107
6.23904770197 -2 4.09381256164 -2.03296318879 0.138438579383 0.514646903261
6.23963651507 -2 4.09389407329 -2.03266009367 0.138437639174 0.514860387852
6.25690524197 -2 4.09628460006 -2.02371485204 0.138446523033 0.521146025016
6.28634757957 -2 4.10036275866 -2.00821196488 0.138626440876 0.531971859293
6.29313969008 -2 4.10130452098 -2.00459018657 0.138697877351 0.534488739653
6.29545424104 -2 4.1016255611 -2.00335208255 0.138724811939 0.535348078525
6.31443264145 -2 4.10426064712 -1.99312488886 0.138995733806 0.542426069276
6.32621437079 -2 4.10589940391 -1.98670809745 0.139209239849 0.54684845347
6.32738914347 -2 4.1060629488 -1.9860654106 0.139232449174 0.54729060438
6.33463076625 -2 4.10707170737 -1.98209223025 0.139383250658 0.550020895383
6.35443835825 -2 4.10983701152 -1.97112328859 0.139864241662 0.557530546488
6.36464847108 -2 4.1112664103 -1.96541092756 0.140151774039 0.561425234404
6.3663054664 -2 4.11149866855 -1.96448011613 0.140201000519 0.562058818958
6.37331139371 -2 4.11248160262 -1.9605329475 0.140417086472 0.564742344863
6.38562915772 -2 4.11421362163 -1.95354738368 0.140828374665 0.569478778846
6.38761592617 -2 4.114493468 -1.95241519105 0.140898479879 0.570244909406
6.39068510652 -2 4.11492605475 -1.95066317536 0.141008846024 0.571429622046
6.40145921403 -2 4.1164473746 -1.94448403175 0.141416230303 0.575599838632
6.40742176541 -2 4.11729123249 -1.94104506018 0.141655105956 0.577915293189
6.43193602921 -2 4.12077652679 -1.92676057901 0.142738852861 0.587491537063
6.46402300901 -2 4.12538228014 -1.90770670409 0.144408734112 0.600162248075
6.46819692582 -2 4.12598548124 -1.90519819061 0.144647250943 0.601821724116
6.46847357969 -2 4.12602549788 -1.90503167765 0.144663235199 0.601931807861
6.47052746534 -2 4.12632271899 -1.90379452669 0.144782584194 0.602749425991
6.47361227197 -2 4.12676959076 -1.90193324794 0.144964098928 0.603978606439
6.47438164207 -2 4.12688113035 -1.90146844196 0.145009793294 0.604285390323
6.47856315182 -2 4.12748796703 -1.89893810362 0.145261103974 0.60595427804
6.51292508375 -2 4.13251679189 -1.87787932967 0.147517851826 0.61976535667
6.55658279752 -2 4.13902796948 -1.85043406214 0.150888889161 0.637558027262
6.57765793334 -2 4.14222672525 -1.836905848 0.152723418299 0.64624352398
6.6206203748 -2 4.14887478853 -1.80875772266 0.156893193793 0.664138885553
6.63285535705 -2 4.15080199494 -1.80060042653 0.158188381743 0.669280872313
6.64441502468 -2 4.15263763866 -1.79283546255 0.159456723948 0.674157327454
6.67995761777 -2 4.15837725499 -1.76860579417 0.163632472954 0.689260400553
6.70586478317 -2 4.16265819592 -1.75060489338 0.166943652196 0.700370831714
6.70930945611 -2 4.16323394879 -1.74818973645 0.167401186571 0.701854423731
6.72450598826 -2 4.16579301021 -1.73747390573 0.169468598348 0.708416891832
6.73624393208 -2 4.16779149136 -1.7291284962 0.171120545103 0.713505061829
6.74251429663 -2 4.16886708987 -1.72464590382 0.172022840746 0.716229935537
6.74468395058 -2 4.16924058702 -1.72309086794 0.17233828324 0.717173881689
6.77217280116 -2 4.17403326783 -1.70321119563 0.176480086459 0.729181354074
6.81995184268 -2 4.18264748411 -1.66786798496 0.184332382212 0.750256462981
6.83238977846 -2 4.18495309763 -1.65850163586 0.186515586108 0.755783678372
6.91520917156 -2 4.20104144151 -1.59436918946 0.202570253031 0.7929859119
6.92659179011 -2 4.20336006735 -1.58531303583 0.20498845605 0.798149616697
6.95034587166 -2 4.2082889117 -1.56622421314 0.21020439779 0.808961826795
7.09017596864 -2 4.24005134329 -1.44860239508 0.245746885896 0.873453298463
7.09580676954 -2 4.24143869453 -1.44367615394 0.247358185217 0.876074991514
7.13148052468 -2 4.25044278892 -1.41212222896 0.257903584997 0.892717392871
7.14648893301 -2 4.25434495822 -1.398669242 0.262516295188 0.899733940421
7.35542005573 -2 4.31664398945 -1.20040092604 0.338162184248 0.997683964197
7.64639072508 -2 4.4345989863 -0.890382241377 0.482594832401 1.130065747
7.71227134304 -2 4.46755826627 -0.814883909573 0.522181530061 1.15833414062
