1.30554467682 -2 1.3130654288 -3.23342908579 1.08878076401 0.58150098515
1.41943900768 -2 1.43623444161 -3.16973730056 1.07300952467 0.537723783182
1.79314920445 -2 1.82593039997 -2.99373476838 1.00931956772 0.408192394871
1.94582538296 -2 1.97775307713 -2.93501797002 0.978946471652 0.361766986092
2.10094965223 -2 2.12709319688 -2.88231100785 0.946048571923 0.318537981634
2.10957152657 -2 2.13524218153 -2.87957479387 0.944166897427 0.316252086249
2.19749899836 -2 2.21741113519 -2.85277370502 0.924689587399 0.293641719767
2.20217190029 -2 2.22172981581 -2.85140439639 0.923640444703 0.292475819279
2.2093815363 -2 2.22838330753 -2.84930240515 0.922019110933 0.29068406192
2.24720456635 -2 2.26309637954 -2.83848462366 0.9134617582 0.281424535848
2.26022307928 -2 2.27496934243 -2.83484160386 0.910496864262 0.27829193727
2.262575841 -2 2.27711095245 -2.83418756256 0.90995999755 0.277728774971
2.26507875148 -2 2.27938784832 -2.83349323443 0.9093885231 0.277130671954
2.29402672003 -2 2.30561755853 -2.82557082145 0.902753515518 0.270287983755
2.33040382898 -2 2.3383052693 -2.81589268844 0.894351364709 0.261884179366
2.33611810289 -2 2.34341215989 -2.8144000232 0.893025234787 0.260583777077
2.41275812783 -2 2.4111691925 -2.79508467352 0.875084101336 0.243658299799
2.42302984137 -2 2.42014549502 -2.79259330027 0.872658671367 0.241462599423
2.48276349396 -2 2.47185009926 -2.77854459242 0.858463955205 0.229033146903
2.49283822303 -2 2.4804868667 -2.77624752472 0.856055422377 0.226993714826
2.50228523289 -2 2.48856344299 -2.77411216985 0.853793347505 0.225096243261
2.5043580294 -2 2.49033268831 -2.77364603858 0.853296557863 0.224681840057
2.51204300804 -2 2.4968832463 -2.77192531465 0.851453258993 0.223151469866
2.56382359529 -2 2.54064983093 -2.7606331992 0.838976791736 0.21308777415
2.58267165845 -2 2.55642005721 -2.75665063327 0.834412159598 0.20953143645
2.58516448177 -2 2.55849936312 -2.75612890495 0.833807563633 0.209065337676
2.58645563093 -2 2.55957573976 -2.75585913394 0.833494335431 0.208824314201
2.61258351055 -2 2.58127044066 -2.75046635585 0.827144341402 0.204004165048
2.61488068549 -2 2.58316990759 -2.74999821603 0.826585024049 0.203585586583
2.62710421366 -2 2.59325556368 -2.74752329686 0.823606132757 0.201372427251
2.66382958277 -2 2.62333828664 -2.74024812578 0.814629775277 0.194866006726
2.68203512549 -2 2.63812853127 -2.73672927844 0.810166088417 0.191719971686
2.6821277258 -2 2.63820355253 -2.7367115264 0.810143361835 0.191704103891
2.69984839044 -2 2.65252134947 -2.73334122854 0.805790154848 0.18869248204
2.70226259033 -2 2.65446598143 -2.73288618701 0.805196471017 0.188286029126
2.7066874983 -2 2.65802651186 -2.73205469903 0.804107950139 0.187543442992
2.71037527465 -2 2.66099022344 -2.73136423143 0.803200392954 0.186926921898
2.7301353837 -2 2.67681353993 -2.72770298185 0.798331865596 0.18365994171
2.73468708908 -2 2.68044477297 -2.72686872492 0.797209106491 0.182916108304
2.74839247817 -2 2.69134769968 -2.72437707804 0.793825581251 0.180696056307
2.75979218247 -2 2.70038105746 -2.72232764659 0.791008103651 0.178871951686
2.76165202041 -2 2.70185178258 -2.72199525414 0.790548171734 0.178576286374
2.76527472667 -2 2.70471409441 -2.72134937575 0.789652077067 0.178001927576
2.78006709068 -2 2.7163678821 -2.71873357695 0.785990271679 0.17567801096
2.80252856205 -2 2.73395992011 -2.71482668959 0.780421621959 0.172214658832
2.80282629654 -2 2.73419226851 -2.71477542288 0.780347742274 0.172169279706
2.80725774494 -2 2.73764791376 -2.71401396795 0.779247928537 0.171495495249
2.80840690344 -2 2.73854323216 -2.71381699523 0.778962666275 0.171321269947
2.8347045942 -2 2.75894231948 -2.70936362022 0.772428141111 0.16739042067
2.83998416718 -2 2.76301695516 -2.70848193181 0.77111481017 0.166614213532
2.86875983519 -2 2.78510328442 -2.70374763393 0.763948721033 0.162459565011
2.87464751703 -2 2.78959686174 -2.70279359238 0.762480918638 0.161625293802
2.88488751581 -2 2.79739160817 -2.70114594379 0.759926876256 0.160187067168
2.89115841062 -2 2.80215213462 -2.70014417726 0.758362067094 0.159314299533
2.89769947725 -2 2.80710730256 -2.69910506171 0.75672926475 0.158410391771
2.90353071062 -2 2.81151573182 -2.69818367829 0.755273170093 0.157610134079
2.91008750819 -2 2.81646254637 -2.69715320315 0.753635367829 0.156716555589
2.91295719457 -2 2.8186242192 -2.69670403829 0.752918385077 0.156327547946
2.93981840055 -2 2.83875837229 -2.69255325532 0.746202360295 0.15274765513
2.95345886502 -2 2.84891365734 -2.69048186469 0.742788752613 0.150972100456
2.9562954424 -2 2.85101963169 -2.69005414286 0.742078636142 0.15060644548
2.97873745708 -2 2.86761033327 -2.6867063741 0.736457651996 0.147756858513
2.98663853307 -2 2.87342132769 -2.68554284119 0.734477584868 0.146771908533
2.98894237893 -2 2.87511278809 -2.68520503252 0.733900122406 0.14648650206
2.99850581055 -2 2.88211993761 -2.68380976282 0.731502561381 0.145310399881
3.00689910581 -2 2.88825082997 -2.68259442845 0.729397753888 0.14428966518
3.00709955105 -2 2.88839702923 -2.68256550877 0.729347481143 0.14426541935
3.01926207194 -2 2.897249192 -2.68081978818 0.726296506842 0.142805662201
3.0249979492 -2 2.90141101719 -2.68000263152 0.724857300647 0.142125027877
3.0385510034 -2 2.91121200997 -2.67808720947 0.721455820415 0.140536599899
3.05039170763 -2 2.91973696612 -2.67643126799 0.71848320794 0.139171619337
3.05772130401 -2 2.92499641849 -2.67541426379 0.716642733668 0.13833729411
3.06170937909 -2 2.92785244962 -2.6748634664 0.715641208893 0.137886741415
3.06368309466 -2 2.92926443403 -2.67459153776 0.715145522003 0.137664649023
3.07330160607 -2 2.93613145757 -2.67327259082 0.712729639861 0.136590735568
3.08733402449 -2 2.94610805482 -2.67136675298 0.709204441791 0.135049011464
3.08965686374 -2 2.9477547464 -2.67105335049 0.708620833373 0.134796663333
3.09851760484 -2 2.95402379393 -2.66986319771 0.706394431467 0.133841502374
3.11905078335 -2 2.96847535353 -2.66713738445 0.701234328933 0.131673406644
3.13163138931 -2 2.97727742308 -2.66548904371 0.698072331521 0.130376248635
3.1318330103 -2 2.9774181639 -2.66546275919 0.698021654385 0.130355652863
3.13508706216 -2 2.97968823366 -2.66503911672 0.697203746397 0.130024089617
3.1438014816 -2 2.98575441961 -2.66390987945 0.695013317825 0.129143954582
3.17571445663 -2 3.0078063767 -2.65983881452 0.686991558464 0.126017591916
3.18063883106 -2 3.01118633467 -2.65921941461 0.685753785063 0.125548688709
3.18601998829 -2 3.01487284644 -2.65854518882 0.684401225359 0.12504041472
3.18865182656 -2 3.01667321027 -2.6582164289 0.683739723112 0.124793393673
3.19898647716 -2 3.02372600301 -2.65693171094 0.681142251794 0.12383335036
3.20829601793 -2 3.03005623702 -2.65578285469 0.678802599195 0.122982107773
3.23120737447 -2 3.04554257828 -2.65298869587 0.673045502811 0.120941843668
3.23137813457 -2 3.04565750397 -2.65296804514 0.673002600689 0.120926929088
3.23532716897 -2 3.04831325653 -2.6524911811 0.672010464998 0.120583213957
3.24248904946 -2 3.05311967437 -2.65162979622 0.670211293293 0.119965739535
3.25021117926 -2 3.05828764563 -2.6507059508 0.668271602003 0.119308448471
3.25031378805 -2 3.05835621487 -2.65069370917 0.668245829756 0.119299773878
3.25345779988 -2 3.06045594711 -2.65031904711 0.667456170266 0.119034730625
3.2568441533 -2 3.06271475046 -2.64991643541 0.666605691928 0.118750888482
3.26144734023 -2 3.0657806015 -2.64937068698 0.665449690949 0.118367762955
3.26210961773 -2 3.066221259 -2.64929231306 0.665283380966 0.118312898229
3.26508475558 -2 3.06819945814 -2.64894068238 0.664536295429 0.118067227534
3.26552478749 -2 3.06849185107 -2.64888873706 0.664425802863 0.118031002776
3.26710835997 -2 3.0695437031 -2.64870192996 0.664028173714 0.117900874272
3.2718343727 -2 3.07267910576 -2.6481456438 0.662841564525 0.117514714102
3.2719707046 -2 3.07276946991 -2.64812962358 0.662807335956 0.117503623279
3.27594024872 -2 3.07539853578 -2.64766382802 0.661810753516 0.117181893559
3.28297276789 -2 3.08004652663 -2.64684173423 0.660045399007 0.116617601493
3.28947363214 -2 3.0843320899 -2.64608529835 0.658413754242 0.116102435793
3.31067371141 -2 3.09823412949 -2.64364138971 0.653094586879 0.114465526151
3.31387113762 -2 3.10032106945 -2.64327578107 0.652292601451 0.114224364546
3.31949545305 -2 3.10398580336 -2.64263453334 0.650882073908 0.113803791774
3.32455810421 -2 3.10727777965 -2.64205933524 0.649612603548 0.113429179302
3.32709127705 -2 3.10892255666 -2.64177223583 0.648977477008 0.113243144162
3.33001768267 -2 3.11082065499 -2.64144115404 0.648243818548 0.113029398662
3.33367618881 -2 3.11319058197 -2.64102812213 0.647326713696 0.112763941658
3.33858289807 -2 3.11636380922 -2.64047569032 0.646096878848 0.11241098786
3.34009951738 -2 3.1173434045 -2.6403052883 0.645716787313 0.112302604724
3.35088147852 -2 3.12429093439 -2.6390985647 0.643015188462 0.111541767811
3.36881585 -2 3.13578272985 -2.63710921774 0.638523684362 0.110313775985
3.3730351453 -2 3.13847462203 -2.636644368 0.637467429425 0.110031683979
3.37613082989 -2 3.14044682133 -2.63630406328 0.636692566506 0.109826362027
3.38351274955 -2 3.14514001672 -2.63549512616 0.63484521852 0.109342380989
3.38886928798 -2 3.1485370008 -2.63491035938 0.633505069139 0.10899615099
3.38974149687 -2 3.14908945455 -2.63481531656 0.633286879329 0.108940168917
3.39100531107 -2 3.14988961189 -2.63467768776 0.632970740295 0.108859248076
3.39462682097 -2 3.15218028191 -2.63428387155 0.632064922986 0.108628651297
3.40080479831 -2 3.15608039311 -2.63361397147 0.630519996703 0.108239669325
3.41191101541 -2 3.16306766794 -2.63241566199 0.627743703281 0.107554320541
3.41828410147 -2 3.16706325849 -2.63173144042 0.626151201701 0.107169122775
3.41859705303 -2 3.16725920127 -2.63169790464 0.626073013527 0.107150359177
3.42066539279 -2 3.16855359884 -2.63147640956 0.625556285492 0.107026704748
3.42896244322 -2 3.1737352741 -2.63059044344 0.623483955527 0.106536898033
3.42910748429 -2 3.17382570224 -2.63057499182 0.623447736266 0.106528424334
3.42960621945 -2 3.1741366066 -2.63052186973 0.623323195389 0.106499310082
3.43907586796 -2 3.18002806454 -2.6295159551 0.62095906578 0.105953336782
3.44106056423 -2 3.18125998827 -2.6293057821 0.62046371857 0.105840552829
3.4441529349 -2 3.1831774992 -2.62897875459 0.619692011712 0.105665958023
3.44802592061 -2 3.18557568652 -2.62856993266 0.618725670055 0.105449239005
3.45978493528 -2 3.19283404673 -2.62733376498 0.615792875504 0.104804518469
3.46051816727 -2 3.19328549876 -2.62725693348 0.615610061056 0.104764978082
3.46413709595 -2 3.19551171549 -2.62687814855 0.614707869067 0.104570959304
3.46585952227 -2 3.19657013507 -2.62669811202 0.614278532742 0.104479279746
3.46975498803 -2 3.19896114539 -2.62629151845 0.613307686219 0.104273513738
3.47019234779 -2 3.19922935755 -2.62624591845 0.61319869815 0.104250548158
3.47259020392 -2 3.20069900367 -2.62599609143 0.612601209559 0.104125127703
3.48288862649 -2 3.20699462029 -2.624926506 0.610035989747 0.103595885833
3.48680882496 -2 3.20938416973 -2.62452077787 0.609059903526 0.10339843812
3.48982326513 -2 3.21121901354 -2.62420931664 0.608309490038 0.103248114915
3.4943004953 -2 3.21394006081 -2.62374754692 0.607195171692 0.103027258781
3.4968445772 -2 3.21548400997 -2.62348559558 0.606562116008 0.102903047096
3.49945401062 -2 3.21706594657 -2.62321724235 0.605912897181 0.102776611568
3.50992182232 -2 3.22339490241 -2.62214401396 0.603309556308 0.102279249542
3.51980965618 -2 3.22934817656 -2.62113495744 0.600851982841 0.101823898564
3.52426521312 -2 3.23202284098 -2.62068172354 0.599745071036 0.101623298952
3.52558450591 -2 3.23281386426 -2.62054769162 0.599417373707 0.101564447775
3.53155077685 -2 3.23638573106 -2.61994251835 0.597935764668 0.10130142039
3.53902264926 -2 3.24084650175 -2.61918681641 0.596081074659 0.100979213969
3.54039262631 -2 3.24166288636 -2.61904851722 0.595741113402 0.100921004829
3.54109481066 -2 3.24208114528 -2.61897766252 0.595566877529 0.100891273836
3.54110001132 -2 3.24208424261 -2.61897713782 0.5955655871 0.1008910539
3.54769831073 -2 3.24600856245 -2.6183123427 0.593928721938 0.100615131283
3.54809886378 -2 3.24624644259 -2.61827204442 0.593829378486 0.100598581955
3.55566232709 -2 3.25073075685 -2.61751234179 0.59195402628 0.100290398827
3.55803775904 -2 3.25213620438 -2.61727422218 0.591365240357 0.100195297725
3.56030953855 -2 3.25347901646 -2.61704670337 0.590802236392 0.100105101379
3.57512311197 -2 3.26220372935 -2.61556805106 0.587133254876 0.0995350487946
3.58580734502 -2 3.26846267329 -2.61450670333 0.584489426423 0.0991433572585
3.59353858548 -2 3.27297411097 -2.61374126463 0.582577610527 0.098870083842
3.59442193781 -2 3.2734886358 -2.61365394107 0.582359241112 0.0988394030228
3.59555239549 -2 3.27414681041 -2.61354222952 0.582079806992 0.0988003019964
3.59920477321 -2 3.27627113746 -2.6131816028 0.581177149993 0.0986752164693
3.59976325466 -2 3.27659567577 -2.6131264999 0.581039147531 0.0986562573954
3.60058620926 -2 3.27707376082 -2.61304532176 0.580835803584 0.0986284011328
3.60381709927 -2 3.27894908813 -2.61272684007 0.58003760551 0.0985199718174
3.60548544016 -2 3.2799164449 -2.61256252155 0.57962551544 0.0984645643487
3.60574620214 -2 3.28006758081 -2.61253684687 0.579561110443 0.0984559399889
3.61526814267 -2 3.28557493372 -2.61160083391 0.577210195979 0.0981476486313
3.6160799224 -2 3.28604342003 -2.61152117018 0.57700985255 0.0981219629769
3.61810900573 -2 3.28721371322 -2.61132213752 0.576509140074 0.0980581707263
3.62417126275 -2 3.29070412668 -2.61072825381 0.575013647492 0.0978710704371
3.63119375434 -2 3.29473607543 -2.61004169774 0.573282178691 0.0976608708773
3.63893127153 -2 3.29916447949 -2.60928691569 0.571375550573 0.0974373889699
3.64161901475 -2 3.30069930069 -2.60902513106 0.57071353682 0.0973617505604
3.64849626618 -2 3.30461841849 -2.60835620357 0.569020281857 0.0971728841601
3.64939821498 -2 3.30513154559 -2.60826856962 0.56879828406 0.0971486127273
3.65834528385 -2 3.31021077464 -2.60740043227 0.566597043317 0.0969141031354
3.66442249742 -2 3.31364956565 -2.60681193207 0.565102825796 0.096761294359
3.66871198518 -2 3.31607130619 -2.60639710133 0.564048630722 0.0966565914609
3.67137716062 -2 3.31757372226 -2.60613957989 0.563393828281 0.096592851115
3.67320284085 -2 3.31860189019 -2.60596327191 0.56294536787 0.0965497694342
3.67843400003 -2 3.32154338707 -2.60545852275 0.561660782952 0.0964289433131
3.68448436896 -2 3.32493714949 -2.60487550321 0.560175770959 0.0962940324991
3.69260104173 -2 3.32947583254 -2.60409462432 0.558184865253 0.096121192296
3.69577062832 -2 3.33124381637 -2.60379006335 0.557407807091 0.0960562305466
3.69640524839 -2 3.33159750926 -2.6037291083 0.557252250135 0.0960433946891
3.70200416182 -2 3.33471367541 -2.60319168216 0.555880246196 0.0959326208178
3.70649343969 -2 3.33720670795 -2.60276120734 0.554780668067 0.0958470054226
3.70968279064 -2 3.33897485324 -2.60245561257 0.553999765294 0.0957879133661
3.71154427392 -2 3.34000569065 -2.60227733668 0.553544094387 0.0957540888764
3.71558977488 -2 3.34224305091 -2.60189010953 0.55255407436 0.0956822689226
3.72526163376 -2 3.3475758361 -2.60096548053 0.55018870316 0.095519942086
3.73653698861 -2 3.35376387625 -2.59988944965 0.547433952617 0.0953473898073
3.75406097393 -2 3.36331963017 -2.5982206853 0.543158612402 0.0951148403372
3.75622219861 -2 3.36449294884 -2.59801514877 0.542631855084 0.0950891618108
3.75998558382 -2 3.36653335612 -2.59765737367 0.541714876584 0.095046019697
3.7622922061 -2 3.36778223995 -2.59743816806 0.541153023212 0.0950205646625
3.76293582259 -2 3.3681304844 -2.59737701351 0.540996272932 0.0950135958227
3.77100984571 -2 3.3724905652 -2.59661021106 0.539030755384 0.0949311348503
3.77343754353 -2 3.37379845211 -2.5963797752 0.538440083663 0.0949081372644
3.77363072451 -2 3.37390246393 -2.59636144091 0.538393088102 0.0949063429361
3.79081289384 -2 3.38311733767 -2.5947319951 0.534216950471 0.094767778358
3.79181057587 -2 3.38365019533 -2.59463745036 0.533974696515 0.0947610097946
3.80053887637 -2 3.38830164144 -2.59381058849 0.53185642474 0.0947077694725
3.80365248215 -2 3.38995645707 -2.59351573184 0.531101266961 0.094691371886
3.80519249507 -2 3.39077407259 -2.59336991197 0.530727854776 0.0946837657165
3.80955454546 -2 3.39308682801 -2.59295694085 0.529670514639 0.0946640324265
3.81003633858 -2 3.39334199147 -2.59291133284 0.529553761304 0.0946620170102
3.81206213692 -2 3.39441426353 -2.59271957517 0.529062915602 0.0946539000402
3.82063595723 -2 3.39894145233 -2.59190815734 0.526986718859 0.0946259367933
3.8210475131 -2 3.39915831638 -2.59186921379 0.526887108196 0.0946248545033
3.82156942205 -2 3.39943327052 -2.59181982859 0.526760794882 0.0946235162583
3.82201258828 -2 3.39966668953 -2.59177789495 0.526653544809 0.094622409984
3.82277468715 -2 3.4000679812 -2.59170578404 0.526469122709 0.094620572124
3.82294953125 -2 3.40016002752 -2.59168924022 0.526426813995 0.0946201619889
3.82536665803 -2 3.40143176117 -2.59146053793 0.525842003547 0.0946149324415
3.83041372697 -2 3.40408264171 -2.59098303252 0.524621406339 0.0946066604633
3.83090523046 -2 3.40434046574 -2.59093653315 0.524502576983 0.0946060461967
3.83102247683 -2 3.4044019601 -2.59092544094 0.524474231651 0.0946059046807
3.83114714767 -2 3.40446734507 -2.59091364644 0.524444091801 0.0946057563225
3.83494965759 -2 3.40645980137 -2.5905539145 0.52352501961 0.0946022805335
3.8353276394 -2 3.40665766712 -2.59051815669 0.523433682603 0.0946020460423
3.84229705259 -2 3.41029982603 -2.58985884283 0.521750274548 0.0946013193567
3.84636490418 -2 3.41242023153 -2.58947401415 0.520768340523 0.0946040485059
3.84687879791 -2 3.41268781904 -2.58942539748 0.520644325207 0.0946045586186
3.85912458552 -2 3.41904543431 -2.5882667709 0.51769131228 0.0946276840077
3.86316105502 -2 3.42113311688 -2.58788478543 0.516718869067 0.0946399196622
3.86453195867 -2 3.4218412624 -2.58775504012 0.516388704713 0.0946445954419
3.86457353102 -2 3.42186272968 -2.58775110552 0.516378693393 0.0946447413542
3.86582641248 -2 3.42250950203 -2.58763252415 0.516077001756 0.094649252561
3.86721373655 -2 3.42322523641 -2.58750121141 0.515742989167 0.0946545048464
3.87361495083 -2 3.42652168711 -2.58689522234 0.514202549323 0.0946822369465
3.87757453919 -2 3.42855583224 -2.58652028094 0.513250276295 0.0947022688147
3.87836992438 -2 3.42896398791 -2.58644495452 0.513059042805 0.0947065579858
3.88267853107 -2 3.43117232652 -2.586036849 0.512023451048 0.094731334643
3.891935948 -2 3.43590204888 -2.58515960414 0.509800237905 0.0947933750666
3.89215369515 -2 3.43601305074 -2.58513896298 0.509747975384 0.0947949789821
3.89322384234 -2 3.43655841873 -2.58503751422 0.509491144771 0.0948029582467
3.89533045287 -2 3.43763118582 -2.58483778454 0.508985667032 0.0948191347026
3.89974863172 -2 3.43987763447 -2.58441877845 0.507925962295 0.0948550819367
3.9015774541 -2 3.44080614 -2.58424529124 0.507487488379 0.0948707622778
3.90194800143 -2 3.44099417168 -2.58421013655 0.507398659103 0.0948739964645
3.90417027531 -2 3.4421211587 -2.58399927881 0.506866012235 0.0948937965269
3.91479887562 -2 3.44749490502 -2.58299015107 0.504320555651 0.094998065191
3.91628958934 -2 3.44824643674 -2.58284852443 0.503963817522 0.0950139549954
3.9183335244 -2 3.44927600611 -2.58265429935 0.503474800192 0.0950362477253
3.92551313866 -2 3.45288459783 -2.58197168287 0.501758074088 0.0951191920036
3.92626220891 -2 3.45326038288 -2.58190042859 0.501579054606 0.0951282617365
3.93918265162 -2 3.45972107057 -2.58067026453 0.498493958739 0.0952970681631
3.93980630846 -2 3.46003191361 -2.58061082933 0.498345176354 0.0953058076168
3.94368724159 -2 3.46196416187 -2.58024084687 0.497419598783 0.0953614157375
3.94697609589 -2 3.46359881303 -2.5799271373 0.496635600674 0.0954101906534
3.94913615029 -2 3.46467101729 -2.57972101097 0.496120872833 0.0954430487827
3.95030721628 -2 3.46525184428 -2.57960923038 0.495841876927 0.095461135701
3.9538086935 -2 3.46698656336 -2.57927487942 0.49500794231 0.0955163603332
3.95745521746 -2 3.46879003901 -2.57892646933 0.494139879165 0.0955756965064
3.95788702444 -2 3.46900338987 -2.57888519754 0.494037114792 0.0955828460821
3.96121731987 -2 3.4706473598 -2.57856678561 0.493244749827 0.0956388635171
3.96129520175 -2 3.47068577391 -2.57855933702 0.493226223954 0.0956401921047
3.96148159015 -2 3.47077770169 -2.57854151068 0.49318188827 0.0956433751522
3.96455918961 -2 3.47229439178 -2.57824707722 0.492449990589 0.0956966356184
3.96466542769 -2 3.47234670738 -2.5782369105 0.492424731105 0.0956984978215
3.96528775665 -2 3.47265311157 -2.57817735121 0.492276771652 0.0957094380858
3.9672626001 -2 3.47362481762 -2.5779883056 0.491807333407 0.0957445137495
3.96790981809 -2 3.47394307445 -2.57792633433 0.491653511348 0.0957561278565
3.96852262017 -2 3.47424431613 -2.5778676514 0.491507881344 0.0957671783948
3.97152055994 -2 3.47571675969 -2.57758046553 0.490795608946 0.0958219968408
3.9763022916 -2 3.47806089757 -2.57712205669 0.489660137666 0.0959120345992
3.98024519452 -2 3.47998973522 -2.57674373467 0.488724419083 0.0959886835902
3.9802850401 -2 3.48000920854 -2.57673990993 0.488714965654 0.0959894692763
3.98311586004 -2 3.48139172221 -2.57646810161 0.488043483054 0.096045856469
3.98493464011 -2 3.48227897388 -2.57629338207 0.487612200399 0.0960826761914
3.98512341835 -2 3.48237102023 -2.5762752434 0.487567442175 0.0960865243553
3.98528185253 -2 3.4824482646 -2.57626001975 0.487529879263 0.0960897578152
3.99085301404 -2 3.48516069413 -2.57572436754 0.486209551362 0.0962056909171
3.99151479037 -2 3.4854824043 -2.57566069633 0.486052783477 0.0962197505754
3.99244330691 -2 3.48593361003 -2.57557134539 0.485832852274 0.0962395804642
3.99576694962 -2 3.48754703724 -2.57525136058 0.485045840659 0.0963115500695
3.99882566657 -2 3.4890295482 -2.57495666797 0.484321888646 0.096379147907
3.99908345949 -2 3.48915439497 -2.57493182137 0.484260887333 0.0963849049211
3.99962580732 -2 3.48941699801 -2.57487954394 0.484132559349 0.0963970469348
3.99963400411 -2 3.48942096634 -2.57487875379 0.484130619934 0.0963972307591
4.00587023303 -2 3.49243551646 -2.57427715721 0.482655745718 0.0965398090778
4.01102776405 -2 3.49492168536 -2.57377893737 0.481436980723 0.0966618331392
4.01510426015 -2 3.49688229916 -2.57338469486 0.480474314466 0.0967609118008
4.01565386394 -2 3.49714633398 -2.57333151096 0.480344568802 0.0967744475592
4.01920226962 -2 3.49884930566 -2.57298795987 0.47950714169 0.096862854819
4.02060540061 -2 3.49952188479 -2.57285202382 0.479176120902 0.0968982989227
4.0244330469 -2 3.50135427398 -2.57248094457 0.478273463968 0.0969963873666
4.02941290522 -2 3.50373308571 -2.57199759266 0.477099845297 0.0971270680676
4.03089284177 -2 3.50443890528 -2.57185382164 0.476751230183 0.0971665724572
4.03119521764 -2 3.50458305256 -2.57182443957 0.476680011654 0.0971746815294
4.03577952386 -2 3.50676582562 -2.57137867711 0.475600662026 0.0972991883071
4.03607909483 -2 3.50690829121 -2.57134952787 0.475530155285 0.0973074267015
4.03696481206 -2 3.50732938421 -2.57126333026 0.475321712111 0.0973318578579
4.03733042642 -2 3.50750315292 -2.5712277425 0.475235677079 0.0973419747418
4.03876856883 -2 3.50818636623 -2.57108772224 0.47489730421 0.0973819507297
4.03961237058 -2 3.50858700171 -2.5710055413 0.474698804423 0.0974055404064
4.04371481976 -2 3.51053245054 -2.5706057029 0.473734082856 0.0975216481416
4.04538630737 -2 3.51132396284 -2.57044265667 0.473341190425 0.0975696290554
4.05284520164 -2 3.51484802969 -2.56971408417 0.471589143812 0.0977884990723
4.05288381313 -2 3.51486623828 -2.56971030838 0.471580079373 0.0977896522955
4.0546364567 -2 3.51569238957 -2.56953887203 0.47116868445 0.0978422184965
4.0611377231 -2 3.51875062471 -2.56890213124 0.46964361441 0.0980409571706
4.06160247873 -2 3.51896886898 -2.56885656289 0.469534649961 0.0980553905913
4.06296094491 -2 3.51960649966 -2.56872332929 0.469216194896 0.0980977520769
4.06456349859 -2 3.5203581429 -2.5685660822 0.468840605788 0.098148056558
4.06481583579 -2 3.52047644134 -2.56854131477 0.468781474189 0.0981560101753
4.07077382122 -2 3.523265277 -2.5679559384 0.467385975639 0.0983463898096
4.07211013151 -2 3.52388964072 -2.56782448822 0.467073157648 0.0983897708745
4.07473259099 -2 3.5251137165 -2.56756635281 0.466459452985 0.098475629933
4.07558870872 -2 3.52551297515 -2.56748203408 0.46625915972 0.0985038672047
4.07831436546 -2 3.52678296869 -2.56721342328 0.465621656406 0.098594449421
4.07881077031 -2 3.52701407673 -2.56716447641 0.465505581657 0.098611058273
4.07950744627 -2 3.52733832632 -2.56709576821 0.465342692588 0.0986344259226
4.08064246721 -2 3.52786634968 -2.56698379456 0.465077352684 0.0986726416286
4.08125787612 -2 3.52815251823 -2.56692306423 0.46493350504 0.0986934374628
4.08464443212 -2 3.52972570181 -2.56658863868 0.464142169922 0.098808822476
4.08695246528 -2 3.53079633509 -2.56636049304 0.463603095076 0.0988883788533
4.09104581999 -2 3.5326920712 -2.56595541632 0.46264751698 0.0990313047443
4.09368975042 -2 3.5339144636 -2.56569346112 0.462030631973 0.0991248662001
4.09657342582 -2 3.5352458404 -2.56540746896 0.461358106102 0.0992280251986
4.09719963792 -2 3.53553470271 -2.56534532412 0.461212102982 0.099250580519
4.09934710419 -2 3.53652460274 -2.5651321036 0.460711526479 0.0993283455166
4.1080082988 -2 3.54050617783 -2.56427042299 0.458694349955 0.0996485290254
4.11453191155 -2 3.54349357185 -2.56361954899 0.45717688191 0.0998966122402
4.11559136106 -2 3.54397779706 -2.56351369193 0.456930594111 0.099937462827
4.11618737943 -2 3.54425009488 -2.56345412059 0.456792057862 0.0999605132291
4.11683962283 -2 3.54454798502 -2.56338891375 0.456640468384 0.0999857949623
4.11840519651 -2 3.5452626048 -2.56323233114 0.456276675774 0.100046721065
4.12211254832 -2 3.54695258655 -2.56286115351 0.45541557119 0.100192362794
4.12412476404 -2 3.54786851102 -2.56265946478 0.454948415287 0.100272215973
4.12859680517 -2 3.54990073865 -2.56221064321 0.453910743505 0.100451711523
4.12952286305 -2 3.5503209869 -2.56211760185 0.453695961578 0.10048923026
4.13035589577 -2 3.55069885006 -2.562033877 0.45350278339 0.100523082525
4.13258310746 -2 3.55170832175 -2.5618098897 0.452986430317 0.100614066826
4.13289840785 -2 3.55185113684 -2.56177816391 0.452913347105 0.100627003246
4.13292305774 -2 3.55186230129 -2.56177568363 0.45290763369 0.100628015189
4.13390869015 -2 3.55230858914 -2.56167648142 0.452679200557 0.100668547572
4.1351999507 -2 3.55289292281 -2.56154645779 0.452379991118 0.100721853813
4.13662844404 -2 3.55353890849 -2.56140253517 0.452049057658 0.100781096829
4.13923725011 -2 3.55471742879 -2.56113947511 0.451444890553 0.100890026224
4.1403535147 -2 3.55522121635 -2.56102682897 0.451186458513 0.100936925867
4.14062140457 -2 3.55534207613 -2.56099978739 0.451124445209 0.100948207121
4.14107103058 -2 3.55554489028 -2.56095439437 0.451020368458 0.100967164107
4.14738511861 -2 3.55838806052 -2.56031603225 0.449559656242 0.101236361107
4.15032034207 -2 3.55970662282 -2.56001869493 0.448881149178 0.101363399731
4.15951531203 -2 3.56382430743 -2.55908480563 0.446757839101 0.101769160061
4.15992149557 -2 3.56400575406 -2.55904346495 0.446664120158 0.101787356908
4.16214476568 -2 3.56499823903 -2.55881705329 0.446151260194 0.101887367061
4.16228998628 -2 3.56506302695 -2.55880225667 0.446117767815 0.101893923613
4.16311987886 -2 3.56543317742 -2.55871768016 0.44592638496 0.101931448922
4.16377775158 -2 3.56572649031 -2.55865061243 0.445774691403 0.101961264411
4.16828647949 -2 3.56773402438 -2.55819043389 0.444735525796 0.10216723307
4.17068582516 -2 3.56880043568 -2.55794516681 0.444182859866 0.102277999122
4.17203813721 -2 3.56940089902 -2.55780681269 0.443871469853 0.102340783416
4.17318710706 -2 3.56991074178 -2.55768919537 0.443606960238 0.102394327974
4.1765113929 -2 3.57138414683 -2.55734854891 0.442841960904 0.102550286695
4.17719914529 -2 3.5716886581 -2.55727800861 0.442683748 0.102582745475
4.17841209728 -2 3.57222544308 -2.55715354595 0.442404763018 0.102640152465
4.18030279187 -2 3.57306148442 -2.55695939995 0.441970012696 0.102730046144
4.18188982492 -2 3.57376261598 -2.55679630389 0.441605198882 0.102805888027
4.18194840951 -2 3.57378848685 -2.55679028097 0.441591733907 0.102808694436
4.18342371625 -2 3.57443972026 -2.55663855457 0.441252698082 0.10287952506
4.18384121561 -2 3.57462392283 -2.55659559823 0.441156769873 0.102899624784
4.18488669079 -2 3.57508501551 -2.55648799277 0.440916583729 0.102950064169
4.18536510058 -2 3.57529592831 -2.55643873512 0.440806689318 0.102973196224
4.18582839619 -2 3.57550012744 -2.55639102287 0.440700275644 0.102995627986
4.18747653512 -2 3.57622615067 -2.55622120584 0.440321788061 0.103075670604
4.18805737347 -2 3.57648186799 -2.55616132752 0.440188427616 0.103103969813
4.19319095333 -2 3.57873858634 -2.55563138968 0.439010358344 0.103356135949
4.19769176252 -2 3.58071216568 -2.55516570035 0.437978389416 0.103580252255
4.19925263963 -2 3.58139551709 -2.55500396334 0.43762069834 0.10365863733
4.20568991714 -2 3.58420785746 -2.55433563516 0.43614659486 0.103985509548
4.20784077994 -2 3.58514541994 -2.55411185811 0.435654441655 0.104096018176
4.20909439296 -2 3.58569138234 -2.55398132155 0.435367682976 0.104160725787
4.2097626042 -2 3.58598224892 -2.5539117087 0.435214859247 0.104195306611
4.21352355459 -2 3.58761745356 -2.55351946798 0.434355056224 0.104391106155
4.21442584003 -2 3.58800927277 -2.55342525608 0.434148869837 0.104438374569
4.21560497585 -2 3.58852103447 -2.55330207262 0.433879470221 0.104500318172
4.21564087567 -2 3.58853661052 -2.55329832105 0.433871269029 0.104502207151
4.21642310222 -2 3.58887592633 -2.55321656063 0.433692585459 0.104543411169
4.21928126174 -2 3.59011455624 -2.55291754313 0.433039916242 0.104694693577
4.22039072052 -2 3.59059485574 -2.55280135601 0.432786660636 0.10475372524
4.22471325407 -2 3.59246345901 -2.55234805506 0.431800453284 0.104985359966
4.22691927909 -2 3.59341546688 -2.55211632353 0.431297442287 0.105104583663
4.22966434492 -2 3.5945985481 -2.55182759999 0.430671809054 0.105253890751
4.23240525116 -2 3.59577812351 -2.55153890359 0.430047443439 0.105404023974
4.2336021764 -2 3.59629269509 -2.55141270352 0.429774889859 0.105469915484
4.23373465103 -2 3.59634962736 -2.55139873094 0.429744727624 0.105477220625
4.23755551828 -2 3.59798996353 -2.55099531283 0.428875103381 0.105688974708
4.23878913799 -2 3.59851885927 -2.55086489049 0.428594466596 0.105757778913
4.2403536594 -2 3.59918912616 -2.55069936178 0.42823864667 0.105845345373
4.24394238953 -2 3.6007244953 -2.55031914945 0.427422857152 0.106047501772
4.24676192071 -2 3.60192872438 -2.55001991994 0.426782310899 0.106207593535
4.24708794335 -2 3.60206785299 -2.54998529081 0.426708266609 0.106226176765
4.24736509568 -2 3.60218610754 -2.54995584787 0.426645325058 0.106241986102
4.24811484384 -2 3.60250592024 -2.54987617708 0.426475073199 0.106284807184
4.25119060733 -2 3.60381658279 -2.54954899913 0.425776887341 0.106461300131
4.25517853344 -2 3.60551274596 -2.54912398026 0.424872255284 0.106692107334
4.25909081393 -2 3.60717323065 -2.54870612458 0.423985455571 0.106920701122
4.25958538561 -2 3.60738289414 -2.54865323747 0.423873398177 0.106949751507
4.26173010289 -2 3.60829146185 -2.54842372522 0.423387583414 0.107076125432
4.26226177906 -2 3.60851653493 -2.54836678706 0.423267180909 0.107107553251
4.26329752884 -2 3.60895481242 -2.54825581875 0.423032662296 0.107168891006
4.26332981537 -2 3.60896847056 -2.54825235862 0.423025352606 0.10717080545
4.26369020351 -2 3.60912090918 -2.54821373168 0.42294376362 0.107192184741
4.26481636443 -2 3.60959706843 -2.54809297844 0.422688846551 0.107259109219
4.26723027235 -2 3.61061674118 -2.54783389129 0.422142623614 0.107403159443
4.26775419011 -2 3.61083787813 -2.54777761263 0.422024104522 0.10743453213
4.26815747558 -2 3.611008056 -2.54773428105 0.421932882733 0.107458707442
4.27114903559 -2 3.61226928173 -2.54741254306 0.421256426012 0.107638750798
4.2716423131 -2 3.61247705053 -2.54735943991 0.421144923187 0.107668558547
4.27493675625 -2 3.61386326237 -2.54700440326 0.420400507356 0.107868509415
4.27872181057 -2 3.6154528836 -2.54659567764 0.419545826502 0.10810011503
4.28221052678 -2 3.6169151869 -2.54621817227 0.418758624339 0.108315366444
4.2847709671 -2 3.61798665402 -2.54594063387 0.418181226013 0.108474429559
4.28874642394 -2 3.61964733474 -2.54550890499 0.417285312269 0.108723219772
4.28909462701 -2 3.61979262099 -2.54547104342 0.417206874558 0.108745116409
4.29381055677 -2 3.62175763539 -2.54495750731 0.416145080988 0.109043350671
4.29640105615 -2 3.62283490411 -2.54467481703 0.415562255458 0.109208500489
4.30072764796 -2 3.62463076797 -2.54420171645 0.414589510562 0.109486428807
4.30365247334 -2 3.62584240896 -2.54388121129 0.413932404949 0.109675799181
4.30391630372 -2 3.62595160908 -2.54385227322 0.413873150646 0.109692940123
4.30507090452 -2 3.62642931773 -2.54372557839 0.413613873331 0.109768068916
4.31176836993 -2 3.62919444906 -2.54298894272 0.412111089502 0.110207556369
4.31456308904 -2 3.6303453084 -2.54268068509 0.411484614923 0.110392807211
4.31651927943 -2 3.63114982206 -2.54246460853 0.411046321506 0.110523127548
4.31660932183 -2 3.63118683275 -2.5424546565 0.411026151333 0.110529139055
4.32101809671 -2 3.63299677831 -2.54196670771 0.410039009753 0.110824874587
4.32196165022 -2 3.63338357251 -2.5418621086 0.409827861087 0.110888521574
4.32293702092 -2 3.63378320023 -2.5417539191 0.409609635648 0.110954446171
4.32343266266 -2 3.63398619238 -2.54169891715 0.409498759674 0.110987997422
4.32367540458 -2 3.63408558829 -2.5416719737 0.409444462006 0.111004441824
4.33299525623 -2 3.63789184246 -2.54063446759 0.407361823227 0.111642067239
4.3398628976 -2 3.64068419543 -2.53986611388 0.40582975655 0.112119730387
4.34107507738 -2 3.64117597035 -2.53973015319 0.405559567397 0.112204728833
4.34159424507 -2 3.64138649374 -2.53967189067 0.40544386851 0.112241196196
4.34169070964 -2 3.64142560367 -2.53966106304 0.405422372339 0.11224797623
4.34259423523 -2 3.64179182226 -2.53955961549 0.405221051904 0.112311544215
4.34689124174 -2 3.64353100368 -2.53907636032 0.404264134794 0.112615432471
4.35229492588 -2 3.64571227101 -2.53846678177 0.403062007326 0.113001269988
4.35263734386 -2 3.64585027373 -2.53842808398 0.40298587819 0.113025857849
4.35674703926 -2 3.64750454622 -2.53796297414 0.402072612815 0.113322247265
4.3593429188 -2 3.64854753014 -2.53766855902 0.401496165919 0.113510684799
4.36170902026 -2 3.6494968896 -2.53739977736 0.400971024754 0.113683268086
4.3632300766 -2 3.65010653252 -2.53722677413 0.400633577608 0.113794629643
4.36467902373 -2 3.65068679663 -2.53706181477 0.400312231169 0.113901014511
4.36508740388 -2 3.65085025771 -2.53701529374 0.400221679132 0.113931052024
4.37408871281 -2 3.65444380048 -2.53598676767 0.398227817463 0.114599082147
4.37417229552 -2 3.65447708467 -2.53597718891 0.398209321572 0.114605338645
4.37457528207 -2 3.65463753989 -2.53593099849 0.398120150038 0.11463551759
4.37628242842 -2 3.6553168668 -2.53573518968 0.397742485653 0.114763616243
4.37915971564 -2 3.65646037091 -2.5354046703 0.397106276455 0.114980446762
4.38114657977 -2 3.65724893074 -2.53517607041 0.396667187564 0.11513085581
4.38773025721 -2 3.65985567397 -2.5344164362 0.395213598738 0.115633223933
4.3887772459 -2 3.6602693372 -2.53429532741 0.394982633026 0.115713677037
4.38926896897 -2 3.66046353269 -2.53423841911 0.394874177474 0.115751515491
4.38940600953 -2 3.6605176444 -2.53422255575 0.394843953613 0.115762066932
4.38968588389 -2 3.66062814246 -2.5341901539 0.394782231076 0.115783624081
4.39324328153 -2 3.66203114497 -2.53377777718 0.393998030253 0.116058591845
4.39519638428 -2 3.66280024343 -2.53355095482 0.393567748824 0.116210314297
4.39599858934 -2 3.66311589468 -2.53345770536 0.393391072274 0.116272787523
4.39971505233 -2 3.66457639779 -2.53302504266 0.392572978534 0.116563397204
4.40034118887 -2 3.66482215893 -2.53295204267 0.392435216291 0.116612549679
4.40118617092 -2 3.66515368118 -2.5328534792 0.392249334581 0.116678969384
4.40312896218 -2 3.66591532495 -2.53262664783 0.391822087854 0.116832063915
4.40480785719 -2 3.6665728432 -2.53243038778 0.391453026633 0.116964791596
4.40866425858 -2 3.66808080957 -2.53197873475 0.390605828972 0.117271170076
4.41926380569 -2 3.67220872935 -2.53073120789 0.388281089008 0.118124072977
4.42045878069 -2 3.67267255922 -2.53058999463 0.388019355914 0.118221221837
4.42097845342 -2 3.67287417272 -2.53052854731 0.387905555459 0.118263532955
4.42382725087 -2 3.67397834883 -2.53019130752 0.387281954281 0.118496155567
4.42389729939 -2 3.67400547682 -2.53018300684 0.387266625843 0.118501889905
4.42936783157 -2 3.6761207587 -2.52953350998 0.386070299028 0.118951859477
4.43170730959 -2 3.67702336396 -2.52925499843 0.385559152782 0.11914557892
4.4370901076 -2 3.67909558775 -2.52861245631 0.384384139363 0.119594233633
4.43788393274 -2 3.67940065308 -2.52851749319 0.384210980207 0.11966074494
4.43877280515 -2 3.67974208152 -2.52841109699 0.384017126442 0.119735325486
4.44155253376 -2 3.68080870273 -2.52807794055 0.383411158191 0.119969277909
4.44590787799 -2 3.68247652426 -2.5275546312 0.382462511445 0.12033803514
4.44708634975 -2 3.68292709443 -2.52741275726 0.382205994004 0.12043827443
4.4490262804 -2 3.68366813823 -2.52717895514 0.381783886297 0.120603709884
4.45329970169 -2 3.68529767612 -2.52666278316 0.380854723417 0.120970019664
4.45620177587 -2 3.68640202996 -2.52631135652 0.380224270361 0.121220252003
4.45978861295 -2 3.6877644361 -2.52587600241 0.379445663423 0.121531173764
4.46294562592 -2 3.68896127026 -2.52549189316 0.378760915307 0.121806342138
4.46739365691 -2 3.69064386653 -2.52494922849 0.377797033991 0.122196429574
4.46873588768 -2 3.69115076232 -2.52478513344 0.377506378624 0.122314691558
4.47127536676 -2 3.69210873399 -2.52447423319 0.376956722599 0.12253913883
4.47153110784 -2 3.69220513024 -2.52444289201 0.376901387699 0.122561792629
4.47347361503 -2 3.6929368556 -2.52420464748 0.37648119847 0.12273416405
4.47482523148 -2 3.69344551659 -2.52403867699 0.376188944011 0.122854416982
4.47622780064 -2 3.69397293504 -2.52386627758 0.375885774355 0.122979476597
4.48039769772 -2 3.69553846193 -2.52335268829 0.374985053584 0.123352929132
4.48183530426 -2 3.69607731989 -2.52317526249 0.374674736553 0.123482250782
4.48837592029 -2 3.69852330994 -2.52236567996 0.373264290099 0.124074315744
4.49529178054 -2 3.70109960397 -2.52150541604 0.371775412885 0.124706941802
4.4974379628 -2 3.70189700661 -2.52123756037 0.371313895574 0.124904641562
4.49896408631 -2 3.70246342721 -2.521046833 0.370985867332 0.125045620715
4.50232894255 -2 3.70371052525 -2.52062554821 0.370263062194 0.125357623918
4.50513744398 -2 3.70474956308 -2.52027311415 0.369660236719 0.12561926919
4.50769635082 -2 3.70569478695 -2.51995136022 0.369111357476 0.125858635991
4.50825171956 -2 3.70589974678 -2.5198814478 0.368992279225 0.125910709327
4.50977283986 -2 3.70646078067 -2.51968981402 0.368666217246 0.126053559044
4.51087638261 -2 3.70686748897 -2.51955065124 0.368429744571 0.126157399211
4.51150725788 -2 3.70709987962 -2.51947104299 0.368294587273 0.126216840386
4.51275877377 -2 3.70756063846 -2.51931300682 0.36802652957 0.126334925613
4.51984739632 -2 3.71016406268 -2.51841508535 0.366509859372 0.127007960212
4.52008573952 -2 3.71025141175 -2.51838481115 0.36645891171 0.12703071387
4.52045334837 -2 3.71038611092 -2.51833810717 0.366380338657 0.127065823812
4.52195016875 -2 3.71093427713 -2.51814780543 0.366060483597 0.12720898176
4.5230754384 -2 3.71134605869 -2.51800460045 0.365820106252 0.127316813633
4.52447482785 -2 3.71185777443 -2.51782634075 0.365521269401 0.127451164677
4.52756305503 -2 3.71298556939 -2.51743228376 0.364862166843 0.127748640263
4.53067770148 -2 3.71412095142 -2.51703392295 0.364197959792 0.128050033353
4.5368736888 -2 3.71637342827 -2.51623865971 0.362878248359 0.128653696664
4.53741495108 -2 3.71656980947 -2.51616901006 0.362763063883 0.128706690056
4.5386168372 -2 3.71700565574 -2.51601424857 0.362507352341 0.128824512146
4.54202358994 -2 3.71823939468 -2.51557480514 0.361782974905 0.129159595999
4.54376378739 -2 3.71886864685 -2.51534989268 0.361413207421 0.129331396638
4.54680963166 -2 3.71996847017 -2.51495551036 0.360766416984 0.129633134026
4.54849999121 -2 3.72057799194 -2.51473624185 0.360407690963 0.129801159579
4.54942662015 -2 3.72091186514 -2.5146159217 0.360211111118 0.129893441151
4.55192949082 -2 3.72181276283 -2.51429050286 0.359680381004 0.130143309152
4.55238294934 -2 3.72197584114 -2.51423147795 0.359584263581 0.130188674499
4.55482113692 -2 3.72285194529 -2.51391375591 0.359067651793 0.130433099984
4.55566071131 -2 3.7231533347 -2.51380421228 0.358889837608 0.13051746227
4.55641942475 -2 3.72342556828 -2.51370515797 0.358729183355 0.130593785812
4.56072430329 -2 3.724967893 -2.51314203338 0.357818262125 0.131028391735
4.56721119565 -2 3.7272845749 -2.51228992963 0.356447613317 0.131688273233
4.56748882444 -2 3.72738352688 -2.51225336524 0.356389005284 0.131716648945
4.56891074011 -2 3.72789006868 -2.51206597194 0.356088904941 0.131862151466
4.57029475772 -2 3.72838269997 -2.51188337432 0.355796914265 0.132004052741
4.57157934665 -2 3.72883957879 -2.51171371872 0.355525998603 0.132136004116
4.57288358164 -2 3.72930308897 -2.5115412949 0.355251036503 0.132270214229
4.57652293866 -2 3.73059457903 -2.51105923335 0.354484295089 0.132645999065
4.57668196983 -2 3.73065095043 -2.5110381372 0.354450807712 0.13266246304
4.58173602923 -2 3.73243967801 -2.51036632809 0.353387328615 0.133187572667
4.58537561041 -2 3.7337244678 -2.50988088965 0.352622400145 0.133567977639
4.58913992627 -2 3.735050362 -2.50937735401 0.351832065054 0.133963409026
4.59005703107 -2 3.73537294087 -2.50925445139 0.351639639648 0.134060054961
4.59128340756 -2 3.73580402579 -2.50908996404 0.351382399954 0.134189480133
4.59329455841 -2 3.73651028486 -2.5088198751 0.350960739139 0.134402191142
4.59921742408 -2 3.73858530394 -2.50802196665 0.349720316707 0.135031984549
4.59934601004 -2 3.73863027133 -2.50800460255 0.349693409828 0.135045713018
4.60031046038 -2 3.73896743602 -2.50787430808 0.349491627551 0.135148757804
4.60108518868 -2 3.73923813435 -2.50776957248 0.349329578503 0.135231628407
4.60255411523 -2 3.73975104829 -2.50757081169 0.349022421709 0.135388991084
4.60264000227 -2 3.73978102403 -2.50755918315 0.349004466411 0.135398201507
4.60360243351 -2 3.74011682007 -2.50742882206 0.348803292997 0.135501483601
4.60925849139 -2 3.74208633065 -2.50666069619 0.347622132744 0.136111132724
4.61140768686 -2 3.74283295686 -2.5063679168 0.347173810216 0.136343987554
4.61252683665 -2 3.74322136556 -2.50621525936 0.346940463832 0.136465503616
4.6128729212 -2 3.74334142408 -2.50616802444 0.346868319124 0.136503117376
4.61719473547 -2 3.74483857877 -2.50557706639 0.345967994379 0.136974271745
4.61828559702 -2 3.74521585816 -2.50542758143 0.34574092079 0.137093617542
4.6194718742 -2 3.74562585634 -2.50526487338 0.345494066074 0.137223595647
4.62253260644 -2 3.746682347 -2.50484435454 0.344857540689 0.137559884768
4.63374105261 -2 3.75053462128 -2.50329557371 0.342531373756 0.138802835347
4.63466998536 -2 3.75085272028 -2.50316658689 0.342338925564 0.138906656403
4.64884341458 -2 3.7556840605 -2.5011865036 0.339409094376 0.1405060828
4.64981331915 -2 3.75601315776 -2.50105017252 0.339209050307 0.140616587235
4.65194107611 -2 3.75673444559 -2.50075071647 0.338770399581 0.140859482761
4.65834658136 -2 3.75890021612 -2.49984608933 0.337451542367 0.14159463244
4.65874018431 -2 3.7590330221 -2.49979034834 0.337370584145 0.141639997844
4.65931538038 -2 3.75922704211 -2.49970885839 0.337252292136 0.141706333118
4.66003316003 -2 3.75946906223 -2.49960711492 0.337104705729 0.141789178718
4.6641692124 -2 3.76086158729 -2.4990196783 0.336254891074 0.14226800146
4.66669121412 -2 3.76170896998 -2.49866050882 0.335737227716 0.142561175605
4.66886130533 -2 3.76243706747 -2.49835086382 0.335292113302 0.142814173406
4.67046051914 -2 3.76297300914 -2.49812232413 0.334964280895 0.143001049533
4.67419795684 -2 3.7642234866 -2.49758704865 0.334198742875 0.143439222428
4.67654723539 -2 3.76500804786 -2.49724974552 0.333717987655 0.143715677908
4.67681936241 -2 3.76509885397 -2.49721063225 0.333662322035 0.143747752266
4.67771933557 -2 3.76539905833 -2.49708121544 0.333478258828 0.143853903871
4.67845556567 -2 3.76564451962 -2.49697527386 0.333327722228 0.143940828723
4.68401629897 -2 3.7674949071 -2.49617302713 0.3321918214 0.144599891374
4.69406868576 -2 3.77082392705 -2.49471342088 0.330143353243 0.145802613032
4.69592239678 -2 3.77143556805 -2.49444293817 0.329766304886 0.146025991569
4.6966212249 -2 3.77166596834 -2.49434086163 0.329624218648 0.146110331363
4.70064816491 -2 3.77299169779 -2.49375150379 0.328806064691 0.146597704888
4.70278955446 -2 3.77369533437 -2.49343730278 0.328371419969 0.146857826279
4.71386291093 -2 3.77731908328 -2.49180360478 0.32612851911 0.14821350302
4.71490339954 -2 3.77765830671 -2.49164932358 0.325918174752 0.148341796924
4.71519190265 -2 3.7777523269 -2.49160652146 0.325859863581 0.148377397513
4.71698123479 -2 3.77833507487 -2.49134082738 0.325498330693 0.148598465393
4.71828023884 -2 3.77875772818 -2.49114769305 0.325235998006 0.14875924422
4.72487761367 -2 3.78089904132 -2.4901635704 0.323905355112 0.149579572092
4.72537825874 -2 3.78106117766 -2.49008866846 0.323804494227 0.149642079991
4.72658464488 -2 3.7814516644 -2.48990805147 0.323561520588 0.14979285192
4.72744625467 -2 3.78173037352 -2.48977894215 0.323388045185 0.149900663197
4.73307055862 -2 3.7835460243 -2.48893387119 0.322256847978 0.150607058546
4.73453877945 -2 3.78401895203 -2.48871261096 0.321961890972 0.15079221612
4.74112202212 -2 3.78613415665 -2.48771716774 0.320641099582 0.151626267303
4.74365700387 -2 3.78694633213 -2.48733238899 0.320133270578 0.15194910593
4.74624465472 -2 3.78777405515 -2.48693877049 0.319615329205 0.152279612552
4.74653618934 -2 3.78786722566 -2.48689437037 0.319557003778 0.152316909516
4.74756742754 -2 3.78819665867 -2.48673722728 0.319350735956 0.152448938009
4.74759925453 -2 3.78820682254 -2.48673237522 0.319344371059 0.152453015242
4.75225156619 -2 3.78969034922 -2.48602172778 0.318414706439 0.153050584754
4.75805414005 -2 3.79153461515 -2.48513146806 0.31725720954 0.153800300033
4.75983838859 -2 3.79210036364 -2.4848568437 0.316901740726 0.154031814063
4.76320412619 -2 3.79316584436 -2.48433767666 0.316231779776 0.154469791276
4.76941994271 -2 3.79512764269 -2.4833749967 0.314996506391 0.155282968455
4.77531620677 -2 3.796981497 -2.48245712079 0.313827152368 0.156059528965
4.78222056908 -2 3.79914355513 -2.48137647228 0.312460874837 0.156975285155
4.7840312678 -2 3.79970900393 -2.48109201908 0.312103101157 0.157216594004
4.78949379788 -2 3.80141093143 -2.48023122478 0.311025127749 0.157947467871
4.79509613148 -2 3.80315030628 -2.47934424048 0.309921696671 0.158701560623
4.79934376544 -2 3.80446496616 -2.47866891472 0.309086530583 0.159276354364
4.80313959945 -2 3.80563679272 -2.47806334993 0.30834125505 0.159792235544
4.80487417778 -2 3.80617133991 -2.47778597293 0.30800102059 0.160028676708
4.80606225634 -2 3.8065371308 -2.47759574994 0.307768101969 0.160190877489
4.80915602161 -2 3.80748835557 -2.47709950272 0.307162042087 0.160614215886
4.80931218327 -2 3.80753632012 -2.47707441928 0.307131468176 0.160635621449
4.81062868669 -2 3.80794049018 -2.47686282315 0.306873786017 0.160816220136
4.81275775533 -2 3.80859340197 -2.47652012297 0.306457315334 0.161108822388
4.81548123184 -2 3.80942730669 -2.47608083646 0.30592503475 0.1614840801
4.81831631239 -2 3.81029384413 -2.47562246114 0.305371495617 0.161875866082
4.81949679459 -2 3.81065419384 -2.47543127316 0.305141177584 0.162039345737
4.81965455176 -2 3.81070232962 -2.47540570857 0.305110405803 0.162061208238
4.82326134082 -2 3.8118015305 -2.47482028558 0.304407352109 0.162562040886
4.83134870503 -2 3.81425701978 -2.47350102505 0.302834269223 0.163691952015
4.8327041049 -2 3.814667303 -2.47327902815 0.302571083395 0.163882255245
4.83405841746 -2 3.81507690087 -2.47305695152 0.302308239436 0.164072674318
4.83408792757 -2 3.81508582194 -2.47305210965 0.302302513593 0.164076826487
4.83812517301 -2 3.81630471105 -2.47238854315 0.301519753493 0.164646081783
4.83975169742 -2 3.8167948841 -2.47212055533 0.301204724759 0.164876097593
4.84044102458 -2 3.81700246677 -2.47200686821 0.30107127159 0.164973696049
4.84455020555 -2 3.81823798982 -2.47132776419 0.30027644519 0.16555693902
4.84587315047 -2 3.81863506997 -2.47110861703 0.300020810317 0.165745239722
4.84747627841 -2 3.81911579354 -2.47084272313 0.299711204169 0.165973763871
4.85016793283 -2 3.81992181349 -2.47039546199 0.299191791968 0.166358303577
4.85122633706 -2 3.8202383714 -2.47021930759 0.298987693666 0.16650980209
4.85811803356 -2 3.82229432975 -2.46906836396 0.297660712619 0.167500288235
4.86001490016 -2 3.82285860648 -2.4687503787 0.297296080805 0.167774132173
4.86018621341 -2 3.82290953441 -2.46872163465 0.297263162421 0.167798890066
4.86400432608 -2 3.82404311894 -2.46807990496 0.296530055662 0.168351795275
4.86496323028 -2 3.82432737471 -2.46791840506 0.296346106078 0.168490991614
4.86967837578 -2 3.82572255906 -2.46712232872 0.295442564924 0.169177416153
4.86993568702 -2 3.82579857323 -2.46707879254 0.295393304519 0.16921496918
4.87272359499 -2 3.82662135927 -2.46660646934 0.294859891536 0.169622471495
4.87822035512 -2 3.82823924671 -2.46567188027 0.293809869577 0.170429268592
4.88020662187 -2 3.82882245539 -2.4653330719 0.29343099105 0.170721899704
4.88074240048 -2 3.82897964195 -2.46524158159 0.293328841829 0.170800933877
4.88276718028 -2 3.82957317762 -2.4648954447 0.292942998377 0.171099996203
4.8862493969 -2 3.8305921144 -2.46429874026 0.292280137086 0.171615735061
4.88629836551 -2 3.83060642673 -2.4642903363 0.292270822043 0.17162300036
4.88920329493 -2 3.83145465063 -2.46379115711 0.291718552337 0.172054626268
4.8998241197 -2 3.83454224091 -2.46195537382 0.289704751677 0.173643294483
4.90111166058 -2 3.83491509087 -2.46173167637 0.289461198658 0.17383701581
4.90755199857 -2 3.83677540085 -2.46060897891 0.288244814334 0.174809690514
4.90858229968 -2 3.83707227955 -2.46042879184 0.288050513017 0.174965863417
4.91108580218 -2 3.83779282419 -2.45999028889 0.287578720898 0.175345997171
4.91256081533 -2 3.83821680177 -2.45973148584 0.287300973504 0.175570397665
4.91493731212 -2 3.83889904033 -2.45931381328 0.286853823691 0.175932621091
4.91560267203 -2 3.83908985979 -2.45919672105 0.286728710023 0.176034184154
4.91671394567 -2 3.83940837756 -2.45900100448 0.28651982248 0.176203959072
4.91854550624 -2 3.83993284117 -2.45867801999 0.286175747547 0.176484174217
4.92022832066 -2 3.84041415603 -2.45838081299 0.285859842081 0.176742069455
4.9214275416 -2 3.8407568303 -2.45816874996 0.285634851306 0.176926108384
4.92785304872 -2 3.84258831066 -2.45702873393 0.284431216453 0.177915824926
4.92815441627 -2 3.84267402049 -2.45697510885 0.284374841871 0.177962394351
4.92910842141 -2 3.84294523052 -2.45680526155 0.284196429417 0.178109902544
4.92999271849 -2 3.84319647155 -2.45664769905 0.284031116074 0.178246752798
4.93447341781 -2 3.84446725464 -2.45584747281 0.283194408799 0.178941947447
4.9371401976 -2 3.84522180872 -2.45536972083 0.282697163671 0.179357118344
4.93747725131 -2 3.84531708247 -2.45530925908 0.282634356265 0.179409666706
4.93764082433 -2 3.8453633112 -2.45527991041 0.282603878855 0.179435174625
4.94119021407 -2 3.84636520956 -2.45464204171 0.281943058557 0.17998965049
4.95375766121 -2 3.8498938488 -2.45236762571 0.279611182245 0.181967921833
4.95634371752 -2 3.8506163206 -2.45189651666 0.279132881164 0.182377907177
4.9569735781 -2 3.85079209891 -2.45178161258 0.279016465914 0.182477913737
4.95857946963 -2 3.85123993079 -2.45148836803 0.278719795573 0.182733156978
4.96134881512 -2 3.85201109442 -2.45098170647 0.278208669429 0.183174221791
4.96265568129 -2 3.85237451849 -2.45074218612 0.277967677786 0.183382758038
4.96750382888 -2 3.85371998199 -2.44985124047 0.277074843796 0.184158593718
4.97114554955 -2 3.85472779201 -2.44917952172 0.276405416183 0.184743667474
4.97566790029 -2 3.85597591749 -2.44834239844 0.275575584899 0.185472969211
4.98533107644 -2 3.85863030669 -2.44654257362 0.273807939536 0.187041518942
4.987051169 -2 3.85910101185 -2.44622060373 0.273494079769 0.187322187462
4.99266788015 -2 3.86063427464 -2.4451658892 0.272470886444 0.188241742391
4.99356866815 -2 3.86087963939 -2.44499625675 0.272307028817 0.188389655249
4.99633731786 -2 3.86163286552 -2.44447404181 0.271803811951 0.188845036321
4.99790849979 -2 3.86205969467 -2.44417712862 0.271518519306 0.189103969626
5.00034853148 -2 3.86272166843 -2.44371521778 0.271075862226 0.18950682152
5.00156738524 -2 3.86305193566 -2.44348411394 0.270854926971 0.189708388647
5.00499500369 -2 3.86397925915 -2.44283289312 0.270234273392 0.190276418487
5.00670561494 -2 3.86444126042 -2.44250716134 0.26992488664 0.190560560204
5.01016424498 -2 3.86537375007 -2.44184708773 0.269300083464 0.191136393647
5.01347992745 -2 3.86626567211 -2.44121242289 0.268702030653 0.1916901071
5.01683085477 -2 3.86716506161 -2.44056914339 0.268098545061 0.192251377582
5.01752458572 -2 3.86735100684 -2.44043573248 0.267973723856 0.192367785455
5.01865659445 -2 3.86765424025 -2.44021786297 0.267770130288 0.192557890921
5.02148913069 -2 3.86841198797 -2.43967176131 0.26726116103 0.193034417566
5.02285897834 -2 3.86877792665 -2.43940717554 0.267015257236 0.193265302495
5.02344040106 -2 3.86893314512 -2.43929477826 0.266910932306 0.193363385041
5.03007183698 -2 3.87069920745 -2.43800878429 0.265723049884 0.194485652563
5.03295041562 -2 3.8714633716 -2.4374482384 0.26520856027 0.194974859309
5.03492947804 -2 3.87198788646 -2.4370620377 0.264855245762 0.195311916661
5.03531372985 -2 3.87208964427 -2.43698697616 0.264786684978 0.195377427334
5.04280977181 -2 3.87406948989 -2.43551761777 0.263451684841 0.196659852409
5.04458131661 -2 3.87453592779 -2.43516895682 0.263136878339 0.196964161433
5.04780857742 -2 3.87538421469 -2.43453240617 0.262564073939 0.19751973949
5.04868475587 -2 3.87561419969 -2.43435927755 0.262408714577 0.197670845143
5.04886231004 -2 3.87566078866 -2.43432417754 0.262377239574 0.197701480179
5.04970922699 -2 3.87588293689 -2.43415667898 0.262227143704 0.197847671674
5.05849213402 -2 3.87817922913 -2.43241232446 0.260674197162 0.199370102195
5.05995033618 -2 3.8785591576 -2.43212141774 0.260417005865 0.199623990603
5.06208351942 -2 3.87911427382 -2.43169518663 0.260041093927 0.199995976978
5.0665870136 -2 3.88028358287 -2.43079273397 0.259248771731 0.20078355069
5.06809435959 -2 3.88067416093 -2.43048988464 0.258983968344 0.201047838687
5.07005620549 -2 3.88118190997 -2.43009512208 0.258639615318 0.20139232849
5.07467133468 -2 3.88237369831 -2.42916379665 0.257830862193 0.202205008751
5.08138346369 -2 3.88410035403 -2.42780258883 0.256657944033 0.203392684802
5.08232899619 -2 3.88434295455 -2.42761019518 0.256493032459 0.203560538195
5.08792122518 -2 3.88577459856 -2.42646905699 0.255519288509 0.204556045738
5.09112017217 -2 3.88659110223 -2.42581377947 0.254963510762 0.205127634514
5.0913592724 -2 3.8866520591 -2.42576472829 0.254922006291 0.205170419131
5.09572344835 -2 3.88776293202 -2.4248676224 0.25416533405 0.20595286381
5.09739746074 -2 3.88818816561 -2.42452260313 0.253875536965 0.206253758566
5.10306967733 -2 3.88962542176 -2.42334978928 0.252895440786 0.207276461538
5.10751884123 -2 3.89074888882 -2.42242579157 0.252128681555 0.2080820562
5.10825907747 -2 3.89093547653 -2.42227171207 0.252001282574 0.208216379113
5.11279582927 -2 3.89207697456 -2.42132521593 0.251221554208 0.209041429702
5.11723854577 -2 3.89319138814 -2.42039470411 0.250459780673 0.209852402817
5.12184028545 -2 3.89434212713 -2.41942707946 0.249672617879 0.21069556054
5.13029007833 -2 3.89644571939 -2.4176401774 0.248232216035 0.212252151646
5.1315844186 -2 3.89676687397 -2.41736529607 0.248012149204 0.212491548343
5.1330488948 -2 3.89712989971 -2.41705390883 0.247763339937 0.212762719796
5.13435796125 -2 3.89745409298 -2.41677522957 0.247541100201 0.213005390564
5.13687173044 -2 3.89807581833 -2.41623919692 0.24711477846 0.213472115988
5.14329227397 -2 3.89965894064 -2.41486475275 0.246028522421 0.214668565414
5.14361279131 -2 3.89973778837 -2.41479593817 0.24597439533 0.21472845727
5.15662032161 -2 3.90292305721 -2.41198698622 0.24378578396 0.217172246042
5.15885076515 -2 3.90346639092 -2.41150212587 0.243412075599 0.217593880494
5.16463926576 -2 3.90487257987 -2.41023940913 0.242444389188 0.218691656972
5.17061564831 -2 3.90631854335 -2.40892902441 0.24144859447 0.219830431411
5.17142050845 -2 3.90651282202 -2.40875202986 0.241314744461 0.219984210927
5.18084568638 -2 3.90877988503 -2.40667012961 0.239751879518 0.221792388627
5.18093592586 -2 3.90880151944 -2.4066501144 0.239736956932 0.221809766315
5.18120127797 -2 3.90886512833 -2.40659124994 0.239693081076 0.221860873189
5.1833859209 -2 3.90938837787 -2.4061061034 0.239332106213 0.222282045357
5.19043221902 -2 3.91107068982 -2.40453503923 0.238170931861 0.2236454627
5.19052689443 -2 3.91109323801 -2.40451386464 0.238155362468 0.2236638336
5.19935343518 -2 3.91318893174 -2.40253211084 0.236707622437 0.2253825769
5.20167016049 -2 3.91373687959 -2.40200943678 0.236328875693 0.225835679017
5.2111589384 -2 3.91597201141 -2.39985769833 0.234783050775 0.227700077259
5.22256214965 -2 3.9186387551 -2.39724832697 0.232936978722 0.229958931277
5.23357323708 -2 3.92119388695 -2.39470413386 0.231166549537 0.232159094405
5.2385090745 -2 3.92233293786 -2.39355578732 0.230376844265 0.233151403022
5.23943306477 -2 3.92254573572 -2.39334027177 0.230229281332 0.233337580809
5.24110660889 -2 3.92293081116 -2.39294948876 0.229962230625 0.233675123783
5.24831671208 -2 3.92458472376 -2.391259412 0.228814911632 0.235134295326
5.25399025627 -2 3.92588036345 -2.38992209675 0.227915779724 0.236288141848
5.2544796636 -2 3.92599188814 -2.38980643118 0.227838371841 0.236387907097
5.25602444505 -2 3.9263436599 -2.38944102016 0.227594198175 0.236703052192
5.26164591176 -2 3.92762058049 -2.38810717257 0.226707693522 0.237852979966
5.26437167702 -2 3.92823794819 -2.38745807935 0.22627899855 0.238412321941
5.26552013862 -2 3.9284977174 -2.38718413653 0.226098601189 0.23864833672
5.26589559333 -2 3.92858259612 -2.38709452041 0.22603965497 0.238725538863
5.26818670117 -2 3.92910006571 -2.38654703458 0.225680264531 0.23919711618
5.26880829098 -2 3.92924031598 -2.38639831229 0.225582852662 0.239325197743
5.27480482172 -2 3.93059021761 -2.38495948078 0.22464514855 0.240563884136
5.27743373316 -2 3.931180251 -2.38432634396 0.224235220717 0.241108687197
5.28192637348 -2 3.93218608894 -2.38324103395 0.223536332745 0.242042200023
5.28962586659 -2 3.93390260947 -2.38137125108 0.222343445758 0.243649335268
5.29175905414 -2 3.93437655851 -2.38085102505 0.222014041897 0.244096228661
5.29246181488 -2 3.93453254297 -2.38067943193 0.221905626641 0.244243608661
5.29445362101 -2 3.93497423053 -2.38019253001 0.221598630364 0.24466173855
5.29691280719 -2 3.93551871753 -2.37959022584 0.221220170228 0.245178833329
5.29982581578 -2 3.93616248198 -2.3788751244 0.220772689679 0.245792569502
5.30755350559 -2 3.93786397141 -2.37696940679 0.219589935234 0.247427093854
5.30821675659 -2 3.93800958116 -2.37680525395 0.219488716046 0.247567814416
5.31030871786 -2 3.93846840946 -2.37628688719 0.21916976588 0.248012109914
5.31352994143 -2 3.93917361473 -2.37548688149 0.21867955172 0.248697572828
5.31480295544 -2 3.93945187383 -2.37517011342 0.21848612544 0.24896891032
5.31632006376 -2 3.93978316634 -2.37479215526 0.218255836118 0.249292605117
5.31841336754 -2 3.94023970979 -2.37426984216 0.217938486466 0.249739827406
5.32547546469 -2 3.94177504199 -2.37250081526 0.216871316232 0.251253642409
5.32836739039 -2 3.94240158806 -2.37177330934 0.216435856145 0.251875793489
5.33831648304 -2 3.9445475023 -2.36925669045 0.214944641196 0.254026149957
5.34695152064 -2 3.94639800205 -2.36705506225 0.213659100723 0.255905026896
5.34699394489 -2 3.94640706624 -2.36704420548 0.213652804922 0.255914286664
5.34703842889 -2 3.94641656983 -2.36703282099 0.213646203663 0.255923996309
5.34881450647 -2 3.94679578853 -2.36657793604 0.213382817522 0.256311918521
5.36093594934 -2 3.94937144245 -2.36345496446 0.21159451367 0.258972608286
5.36218076392 -2 3.94963472477 -2.36313242088 0.2114117823 0.259247151438
5.37016339745 -2 3.95131768287 -2.36105590331 0.210244072053 0.261013490287
5.37191374686 -2 3.95168546039 -2.36059869868 0.209988978162 0.261402130773
5.37978740655 -2 3.95333433756 -2.35853360857 0.208845724834 0.26315631299
5.38002343182 -2 3.95338362642 -2.35847149084 0.208811561547 0.263209047624
5.38009835262 -2 3.95339927035 -2.35845177038 0.208800718508 0.263225788852
5.39357481431 -2 3.95620007078 -2.35488406379 0.206860637564 0.266251487147
5.39831761659 -2 3.95717956194 -2.35361874634 0.206182770088 0.26732312391
5.40118252064 -2 3.95776967111 -2.35285196215 0.205774547992 0.267972164967
5.40363543246 -2 3.95827399032 -2.35219396774 0.205425778664 0.26852889682
5.40417754137 -2 3.95838533282 -2.35204836256 0.205348791678 0.268652065946
5.40424285319 -2 3.95839874383 -2.35203081574 0.205339518774 0.268666908155
5.4129038334 -2 3.96017187406 -2.34969535751 0.204114196531 0.270641085182
5.41637113404 -2 3.96087875319 -2.34875558861 0.20362608758 0.271434734762
5.41816969913 -2 3.96124476088 -2.34826702494 0.203373444509 0.271847165465
5.42023344904 -2 3.96166417437 -2.34770551183 0.203084014788 0.272321035009
5.42670112313 -2 3.9629747309 -2.34593941593 0.202180177743 0.273810471531
5.42821140005 -2 3.96327992027 -2.34552562318 0.201969826256 0.274159223927
5.43098189428 -2 3.96383894307 -2.34476517973 0.201584647616 0.274799922249
5.43348395108 -2 3.96434288528 -2.3440768901 0.20123756522 0.27537958508
5.44103051496 -2 3.96585760103 -2.34199210753 0.200195189907 0.277133928878
5.44516815918 -2 3.96668476093 -2.34084342958 0.199626539005 0.278099629351
5.44706487509 -2 3.96706314955 -2.3403155333 0.199366547514 0.278543217252
5.44914449602 -2 3.96747746053 -2.33973576296 0.199081977412 0.279030236363
5.45023773087 -2 3.96769502239 -2.33943057748 0.198932589003 0.279286531964
5.45073588192 -2 3.96779410395 -2.33929142152 0.198864565015 0.27940338022
5.45089318997 -2 3.96782538527 -2.33924746623 0.198843090306 0.27944028718
5.45249794172 -2 3.96814430368 -2.33879873202 0.198624188842 0.27981701143
5.4534656211 -2 3.96833644449 -2.33852784895 0.198492338406 0.280044376734
5.45901882412 -2 3.96943661703 -2.336969078 0.197737864349 0.281352024335
5.46626545772 -2 3.97086600102 -2.33492401952 0.196758905225 0.283065792024
5.47334546628 -2 3.97225568926 -2.33291396141 0.195808602574 0.284748206299
5.4763392867 -2 3.97284130648 -2.33206040872 0.195408598583 0.285462020167
5.47988998559 -2 3.973534304 -2.33104531395 0.194935610798 0.286310456988
5.48150964796 -2 3.97384985978 -2.33058127403 0.194720369112 0.28669813989
5.49615219646 -2 3.97668689345 -2.32635752808 0.192789152434 0.290221931597
5.4993982199 -2 3.97731200285 -2.32541418662 0.192364630407 0.291007724703
5.50046985834 -2 3.97751807317 -2.3251021924 0.192224767486 0.29126751424
5.50319589767 -2 3.97804160197 -2.32430728478 0.191869629805 0.291929193375
5.50509097748 -2 3.97840497709 -2.32375361956 0.19162329389 0.292389875671
5.50578715425 -2 3.97853834948 -2.32355000574 0.191532912878 0.292559255829
5.5206555969 -2 3.98137187216 -2.31917312129 0.189617186279 0.296195221625
5.52284795371 -2 3.98178727403 -2.31852316534 0.189337077959 0.296734332578
5.52734819427 -2 3.98263804695 -2.3171852961 0.188764018024 0.297843369943
5.53563453702 -2 3.98419786243 -2.31470877749 0.18771560959 0.299893924517
5.53639960148 -2 3.98434144025 -2.3144792668 0.187619256153 0.300083802838
5.53910164093 -2 3.98484793636 -2.31366752236 0.187279560212 0.30075516108
5.54154691894 -2 3.98530551252 -2.31293134908 0.186972955714 0.301363731021
5.54195492795 -2 3.98538178902 -2.31280836938 0.186921872158 0.301465367701
5.55798740088 -2 3.98836261429 -2.30794300866 0.184931693934 0.305480239293
5.56834816961 -2 3.99027206947 -2.30476446162 0.183663466176 0.308096726063
5.57751720492 -2 3.99195098917 -2.30192884308 0.182552954811 0.310426633946
5.57866813276 -2 3.99216101501 -2.30157139591 0.182414349739 0.310720046174
5.5852139951 -2 3.99335250397 -2.29953199578 0.181629405479 0.312392868945
5.58652602239 -2 3.99359070432 -2.2991219077 0.181472765128 0.31272899225
5.59351950343 -2 3.99485692306 -2.29692856875 0.180641735923 0.314525299625
5.59742152217 -2 3.99556089204 -2.295699325 0.180180933439 0.315530973325
5.60284180076 -2 3.99653579737 -2.29398526592 0.179544262771 0.316932020522
5.60634539404 -2 3.99716413096 -2.29287327583 0.179134856692 0.317840157448
5.61646678406 -2 3.99897127877 -2.28964297587 0.177961581988 0.320474756845
5.61738404044 -2 3.99913446719 -2.28934890881 0.1778559495 0.320714335602
5.62216961986 -2 3.99998429706 -2.28781111174 0.177306720631 0.321966486655
5.62872049964 -2 4.00114336553 -2.28569632009 0.176560039962 0.323686526107
5.63093932937 -2 4.00153484388 -2.28497746768 0.176308487823 0.32427068748
5.63270813794 -2 4.0018465235 -2.2844034832 0.176108447538 0.324736939654
5.63543765979 -2 4.00232679606 -2.28351612456 0.175800615649 0.325457425013
5.6403163497 -2 4.00318313754 -2.28192517338 0.175253005917 0.32674820602
5.64477795665 -2 4.00396393748 -2.28046471318 0.174755143754 0.327932007241
5.64710453208 -2 4.0043702188 -2.27970103618 0.174496640563 0.328550596738
5.65384319764 -2 4.00554358422 -2.27748099676 0.173752244144 0.330347215942
5.6545448328 -2 4.00566546837 -2.27724914818 0.173675108001 0.330534703961
5.65722669193 -2 4.00613084699 -2.27636174003 0.173380917366 0.331252073968
5.66211759582 -2 4.00697753164 -2.27473841488 0.172847048287 0.332563340941
5.66523005581 -2 4.00751498623 -2.27370202466 0.172509091285 0.333399819717
5.67221153266 -2 4.00871672518 -2.27136783953 0.171756100766 0.335281815383
5.67525534052 -2 4.00923902257 -2.27034605525 0.171430013951 0.336104808609
5.67874462053 -2 4.0098365418 -2.26917164436 0.171057856429 0.337050098994
5.68052270138 -2 4.01014052928 -2.26857191394 0.170868891833 0.337532563648
5.68450662297 -2 4.01082041873 -2.26722505627 0.170447175945 0.338615424376
5.68521269356 -2 4.01094074055 -2.26698590238 0.170372677048 0.338807608625
5.70503827335 -2 4.01429795322 -2.26021513989 0.16831077744 0.344236964845
5.70959305297 -2 4.01506351299 -2.25864435861 0.167845297309 0.345493344733
5.7126779307 -2 4.01558081312 -2.25757724045 0.167531794838 0.346346187118
5.72430083573 -2 4.01752121672 -2.2535329645 0.166363444728 0.349573354898
5.74476079546 -2 4.02090438024 -2.24632217406 0.164356565295 0.355307641333
5.74547413852 -2 4.02102159864 -2.24606864647 0.164287751138 0.35550880005
5.74777787437 -2 4.02139982029 -2.24524890071 0.164066052086 0.356159007328
5.74802013497 -2 4.02143956437 -2.24516260926 0.164042785825 0.35622743335
5.76891794089 -2 4.02484698314 -2.23765632316 0.162070113095 0.362166021256
5.77081080087 -2 4.0251535944 -2.23697028239 0.161894807381 0.362707441908
5.77613512895 -2 4.02601427326 -2.23503505217 0.161404727877 0.364233514459
5.78169595967 -2 4.02691040998 -2.23300517211 0.160897668144 0.365832318798
5.78482597391 -2 4.02741358082 -2.2318587025 0.160614421145 0.366734457527
5.785410717 -2 4.0275074841 -2.23164420821 0.160561678501 0.366903170827
5.7897951596 -2 4.02821059695 -2.2300327695 0.160167949911 0.368169975192
5.79554261434 -2 4.02912968736 -2.22791195009 0.159656484146 0.369835357567
5.80617144775 -2 4.03082169095 -2.22396461337 0.158724646404 0.372929402802
5.81283822928 -2 4.03187795853 -2.22147188335 0.158149515112 0.374879530917
5.8196153817 -2 4.03294780822 -2.21892453463 0.157572302067 0.376869400565
5.82346672547 -2 4.03355405115 -2.21747090104 0.157247640571 0.378003561427
5.82482743519 -2 4.03376794321 -2.21695627609 0.157133519142 0.378404849931
5.82503457655 -2 4.03380049045 -2.21687788662 0.157116173178 0.378465964824
5.8278365632 -2 4.03424040263 -2.21581627358 0.1568822318 0.379293352097
5.83368550089 -2 4.03515658445 -2.21359275533 0.156398085655 0.381024604821
5.83847335311 -2 4.03590446002 -2.21176506889 0.156006003452 0.382445953433
5.85010873483 -2 4.03771418981 -2.20729501039 0.155069153393 0.385915753396
5.86830628985 -2 4.04052309078 -2.20022260641 0.153649798126 0.391386958951
5.87114679213 -2 4.04095922936 -2.19910965443 0.153433343463 0.392245872257
5.88084550385 -2 4.04244380091 -2.19529112752 0.152704735949 0.39518854864
5.88136600811 -2 4.04252327476 -2.19508538941 0.152666092855 0.395346910523
5.88287355728 -2 4.0427533444 -2.19448904046 0.15255443484 0.395805828643
5.88764247301 -2 4.04348003223 -2.19259801512 0.152203819352 0.397260005247
5.90995153214 -2 4.04685771854 -2.18365926284 0.150616513598 0.404112216423
5.92461343152 -2 4.04905872224 -2.17770093177 0.149621331386 0.408660077959
5.929968002 -2 4.04985893889 -2.17550827147 0.149267499026 0.410329764249
5.93065613629 -2 4.0499616407 -2.17522583649 0.149222401913 0.410544682536
5.93157206535 -2 4.05009829166 -2.1748496768 0.149162508993 0.410830866283
5.9633537002 -2 4.05480696567 -2.16163413013 0.147179133028 0.420846347909
5.99682673014 -2 4.05970141078 -2.14736815085 0.145293368644 0.4315739758
6.00617160744 -2 4.06105688347 -2.14332102557 0.144804927844 0.434601669738
6.00905699943 -2 4.06147449579 -2.14206568214 0.144657510551 0.435539413216
6.01511352707 -2 4.0623497065 -2.13942186551 0.144353318016 0.437512201238
6.01718046832 -2 4.06264797495 -2.13851686014 0.144251134741 0.438186839276
6.02158214973 -2 4.06328245805 -2.13658494351 0.14403630305 0.439625854415
6.03149910648 -2 4.0647085355 -2.13220909163 0.14356618817 0.442879567096
6.04879925198 -2 4.06718551541 -2.12449788372 0.14279258093 0.448594189617
6.05884283507 -2 4.06861755514 -2.11997565231 0.142370880547 0.451934256128
6.05914830318 -2 4.06866104376 -2.11983758587 0.142358372939 0.452036100011
6.06577761098 -2 4.06960390912 -2.11683357898 0.142091579545 0.454250082955
6.06755341772 -2 4.06985617881 -2.11602639494 0.142021625942 0.454844365804
6.06916061471 -2 4.07008438925 -2.11529494141 0.141958867008 0.455382666309
6.08004150913 -2 4.07162679987 -2.11032012514 0.141547851242 0.459038104405
6.08401593068 -2 4.07218909447 -2.10849306127 0.141403775587 0.460378126901
6.09441230367 -2 4.07365731193 -2.1036885537 0.141042330997 0.463895560707
6.11318578847 -2 4.07629951696 -2.09491971256 0.140446742927 0.470291828609
6.11610626022 -2 4.07670957058 -2.09354478568 0.140360757631 0.471292007906
6.11769688151 -2 4.07693279954 -2.09279470891 0.14031468617 0.471837333967
6.12821247377 -2 4.07840677374 -2.08781409313 0.14002364978 0.475452821897
6.15926811096 -2 4.08274367085 -2.07288166581 0.139303162037 0.486235095102
6.16583747502 -2 4.08365840969 -2.06967987537 0.139177736896 0.488535926258
6.16637181547 -2 4.0837327773 -2.06941878236 0.139167953913 0.488723378394
6.1809002646 -2 4.08575291115 -2.06228132097 0.138926257354 0.49383776593
6.18646425206 -2 4.08652568946 -2.05952815856 0.138846179584 0.495805443697
6.19915167543 -2 4.08828630593 -2.05320914931 0.138689681967 0.500310923776
6.20262501148 -2 4.08876797091 -2.05146926272 0.138653204921 0.501548864903
6.20452558916 -2 4.08903148134 -2.05051539157 0.138634409278 0.502227074974
6.21180140949 -2 4.09003994723 -2.04685184075 0.138570093496 0.504828765574
6.21734955261 -2 4.09080865899 -2.04404547894 0.138529223091 0.506818375858
6.21854287251 -2 4.09097396865 -2.04344043059 0.138521360294 0.5072469546
6.23904770197 -2 4.09381338549 -2.03296373301 0.138437961449 0.51464679966
6.23963651507 -2 4.09389490166 -2.03266064127 0.13843701912 0.514860283882
6.25690524197 -2 4.09628557915 -2.02371551291 0.138445837778 0.521145909706
6.28634757957 -2 4.10036400707 -2.00821282725 0.138625629766 0.531971721998
6.29313969008 -2 4.10130583348 -2.00459109656 0.138697034344 0.534488596767
6.29545424104 -2 4.10162689592 -2.00335300915 0.1387239578 0.535347933687
6.31443264145 -2 4.10426216709 -1.99312595251 0.138994783177 0.542425907482
6.32621437079 -2 4.10590104153 -1.98670924771 0.13920822438 0.54684828025
6.32738914347 -2 4.10606459838 -1.98606656965 0.139231427022 0.54729042998
6.33463076625 -2 4.10707342993 -1.98209344276 0.139382186407 0.55002071355
6.35443835825 -2 4.10983893969 -1.97112465097 0.139863053979 0.557530342808
6.36464847108 -2 4.11126844647 -1.96541236838 0.140150517713 0.561425018541
6.3663054664 -2 4.11150072322 -1.96448157043 0.140199732713 0.562058601056
6.37331139371 -2 4.1124837321 -1.96053445575 0.140415769061 0.564742118142
6.38562915772 -2 4.11421588479 -1.95354898784 0.140826965687 0.569478535814
6.38761592617 -2 4.11449575308 -1.95241681107 0.140897055596 0.570244663644
6.39068510652 -2 4.11492837316 -1.95066481917 0.141007397795 0.571429372011
6.40145921403 -2 4.11644981306 -1.94448576123 0.141414695052 0.575599573051
6.40742176541 -2 4.11729373699 -1.94104683644 0.141653520503 0.577915018624
6.43193602921 -2 4.12077930909 -1.92676255073 0.142737044728 0.587491222541
6.46402300901 -2 4.12538543166 -1.90770893071 0.144406591005 0.600161873126
6.46819692582 -2 4.12598868068 -1.90520044981 0.144645060297 0.601821340563
6.46847357969 -2 4.12602870025 -1.9050339388 0.144661041368 0.601931423732
6.47052746534 -2 4.12632594558 -1.90379680435 0.144780366584 0.602749037555
6.47361227197 -2 4.1267728525 -1.90193554934 0.144961845158 0.603978211451
6.47438164207 -2 4.12688440146 -1.90147074975 0.145007530421 0.604284993685
6.47856315182 -2 4.12749128611 -1.89894044373 0.145258791034 0.605953872323
6.51292508375 -2 4.13252050393 -1.87788192941 0.147515087176 0.61976486873
6.55658279752 -2 4.13903216163 -1.8504369625 0.150885433781 0.637557412629
6.57765793334 -2 4.14223113321 -1.83690887439 0.152719575637 0.646242837863
6.6206203748 -2 4.14887958505 -1.80876095041 0.156888435409 0.66413802928
6.63285535705 -2 4.15080688572 -1.80060369467 0.158183328166 0.669279960877
6.64441502468 -2 4.15264260822 -1.79283875895 0.159451376138 0.674156360895
6.67995761777 -2 4.15838240568 -1.76860911743 0.163626119315 0.689259244562
6.70586478317 -2 4.16266340184 -1.75060816357 0.166936459371 0.700369516587
6.70930945611 -2 4.16323915584 -1.74819299371 0.16739387484 0.701853085981
6.72450598826 -2 4.16579820568 -1.73747709122 0.169460740295 0.708415449906
6.73624393208 -2 4.16779665573 -1.72913160588 0.171112239817 0.713503534348
6.74251429663 -2 4.16887222924 -1.72464896535 0.172014287144 0.71622836045
6.74468395058 -2 4.16924571659 -1.72309391175 0.17232964215 0.717172289814
6.77217280116 -2 4.17403819672 -1.70321394637 0.176470263958 0.729179534625
6.81995184268 -2 4.18265168286 -1.66786988785 0.184320151172 0.750254175011
6.83238977846 -2 4.18495701005 -1.65850323355 0.186502645711 0.755781251325
6.91520917156 -2 4.20104204954 -1.59436755024 0.202551557533 0.79298234018
6.92659179011 -2 4.20335998411 -1.58531074957 0.204968810776 0.798145853477
6.95034587166 -2 4.20828715691 -1.56622038306 0.210182629354 0.808957633023
7.09017596864 -2 4.24003074682 -1.44858198887 0.245707916751 0.873445504131
7.09580676954 -2 4.24141690344 -1.4436547216 0.247318322959 0.876067005196
7.13148052468 -2 4.25041235879 -1.41209342344 0.257857635363 0.892708085694
7.14648893301 -2 4.25431028873 -1.39863684335 0.26246755102 0.899724019821
7.35542005573 -2 4.31649141755 -1.20027137861 0.338056519871 0.997660645656
7.64639072508 -2 4.43384498521 -0.889776180847 0.482333950653 1.12999647399
7.71227134304 -2 4.46651560878 -0.814053033833 0.521872716479 1.15824690165
