1.30554467682 -2 1.32605069968 -3.24894049467 1.08441633489 0.579595677875
1.41943900768 -2 1.44312437502 -3.17818951717 1.07071911401 0.536664584348
1.79314920445 -2 1.82668166845 -2.99475757548 1.00909705084 0.408054717372
1.94582538296 -2 1.97804164681 -2.93542839404 0.978872928355 0.361710703463
2.10094965223 -2 2.12720132944 -2.88246983614 0.946029042692 0.318516318517
2.10957152657 -2 2.13534461016 -2.87972540346 0.944148943038 0.316231574382
2.19749899836 -2 2.21747047158 -2.8528612948 0.924682849133 0.293630087691
2.20217190029 -2 2.22178748209 -2.85148950342 0.923634106454 0.292464538866
2.2093815363 -2 2.22843849446 -2.84938382022 0.922013359415 0.290673304568
2.24720456635 -2 2.26314031589 -2.83854917638 0.913458546089 0.281416169972
2.26022307928 -2 2.27501000783 -2.83490121792 0.910494344147 0.278284272132
2.262575841 -2 2.27715105585 -2.83424632636 0.90995759378 0.277721230457
2.26507875148 -2 2.27942736332 -2.83355110743 0.909386240312 0.277123253817
2.29402672003 -2 2.30565092555 -2.82561935097 0.902752439066 0.270281890456
2.33040382898 -2 2.33833239122 -2.81593165725 0.894351379094 0.261879438319
2.33611810289 -2 2.34343842829 -2.81443768008 0.893025384846 0.26057922105
2.41275812783 -2 2.41118661071 -2.79510865158 0.875085386632 0.243655657832
2.42302984137 -2 2.42016202535 -2.79261590078 0.872660034202 0.241460147597
2.48276349396 -2 2.47186246943 -2.77856074238 0.858465545316 0.229031572485
2.49283822303 -2 2.48049867601 -2.77626280784 0.856057021795 0.226992255987
2.50228523289 -2 2.48857475754 -2.77412668915 0.853794949917 0.225094885661
2.5043580294 -2 2.49034389784 -2.77366039612 0.853298160244 0.224680503789
2.51204300804 -2 2.49689407866 -2.77193909117 0.851454859257 0.22315021003
2.56382359529 -2 2.54065853258 -2.76064371628 0.838978312258 0.213086933622
2.58267165845 -2 2.5564281328 -2.75666020368 0.834413630703 0.209530713703
2.58516448177 -2 2.55850736089 -2.75613835825 0.833809027636 0.209064629328
2.58645563093 -2 2.55958369768 -2.7558685273 0.83349579571 0.20882361321
2.61258351055 -2 2.58127765292 -2.75047463438 0.827145720595 0.204003598804
2.61488068549 -2 2.58317705938 -2.75000640485 0.82658639568 0.203585030986
2.62710421366 -2 2.59326240723 -2.74753102963 0.823607463264 0.201371925329
2.66382958277 -2 2.62334431992 -2.74025467666 0.814630976412 0.194865639244
2.68203512549 -2 2.63813421943 -2.73673533475 0.810167224104 0.191719658076
2.6821277258 -2 2.63820923909 -2.73671758051 0.810144497189 0.191703790536
2.69984839044 -2 2.65252673127 -2.73334685127 0.805791226722 0.188692214246
2.70226259033 -2 2.6544713237 -2.73289175432 0.805197534294 0.188285767063
2.7066874983 -2 2.65803178281 -2.73206016673 0.804108997704 0.187543191153
2.71037527465 -2 2.66099543703 -2.7313696187 0.803201427473 0.186926678312
2.7301353837 -2 2.67681846093 -2.72770796454 0.798332831135 0.183659738437
2.73468708908 -2 2.680449631 -2.72687362136 0.7972100564 0.182915913446
2.74839247817 -2 2.69135237565 -2.72438172709 0.793826484783 0.180695884992
2.75979218247 -2 2.70038559181 -2.72233210515 0.791008969469 0.178871798045
2.76165202041 -2 2.70185629422 -2.72199968251 0.790549031479 0.178576135461
2.76527472667 -2 2.70471856279 -2.72135374643 0.789652925048 0.178001781861
2.78006709068 -2 2.7163721824 -2.71873772544 0.785991072569 0.175677884919
2.80252856205 -2 2.73396398692 -2.71483053456 0.780422354411 0.172214558362
2.80282629654 -2 2.73419633188 -2.71477926372 0.780348473845 0.172169179543
2.80725774494 -2 2.73765193427 -2.71401775363 0.779248647072 0.171495399569
2.80840690344 -2 2.73854724157 -2.71382076673 0.778963381456 0.171321175401
2.8347045942 -2 2.75894609158 -2.7093670921 0.772428782387 0.167390349235
2.83998416718 -2 2.76302068299 -2.70848534867 0.771115437281 0.16661414613
2.86875983519 -2 2.7851067886 -2.70375077741 0.763949274919 0.162459516543
2.87464751703 -2 2.78960032336 -2.70279668486 0.762481458368 0.161625248636
2.88488751581 -2 2.79739499861 -2.70114895138 0.75992739203 0.160187027337
2.89115841062 -2 2.80215548353 -2.70014713572 0.758362568609 0.159314262726
2.89769947725 -2 2.80711060888 -2.69910797018 0.756729751724 0.158410357936
2.90353071062 -2 2.81151900087 -2.69818654339 0.755273644386 0.157610102743
2.91008750819 -2 2.81646577495 -2.69715602132 0.753635828179 0.156716526902
2.91295719457 -2 2.81862743051 -2.6967068365 0.752918839429 0.156327520367
2.93981840055 -2 2.83876143071 -2.69255587971 0.746202761516 0.152747636549
2.95345886502 -2 2.84891664476 -2.69048440986 0.742789128879 0.150972085603
2.9562954424 -2 2.85102260427 -2.69005667184 0.742079007385 0.15060643134
2.97873745708 -2 2.86761319848 -2.68670878565 0.736457985447 0.147756849325
2.98663853307 -2 2.87342415733 -2.68554521443 0.734477905816 0.146771900826
2.98894237893 -2 2.87511560742 -2.68520739477 0.733900439785 0.146486494762
2.99850581055 -2 2.88212271586 -2.68381208124 0.731502864305 0.145310394174
3.00689910581 -2 2.88825357357 -2.68259671017 0.729398044597 0.144289660735
3.00709955105 -2 2.88839977155 -2.68256778915 0.729347771566 0.144265414934
3.01926207194 -2 2.89725188596 -2.680822018 0.726296780338 0.14280565941
3.0249979492 -2 2.9014136893 -2.68000483858 0.724857566463 0.142125025775
3.0385510034 -2 2.91121463152 -2.67808936454 0.72145606883 0.140536599251
3.05039170763 -2 2.91973954592 -2.67643338051 0.718483441982 0.139171619775
3.05772130401 -2 2.92499897313 -2.67541635083 0.716642959186 0.138337295142
3.06170937909 -2 2.92785499106 -2.67486554027 0.71564142989 0.137886742748
3.06368309466 -2 2.92926696921 -2.67459360528 0.715145740793 0.137664650498
3.07330160607 -2 2.9361339615 -2.67327462709 0.712729848172 0.136590737688
3.08733402449 -2 2.94611051602 -2.67136874702 0.709204635617 0.13504901438
3.08965686374 -2 2.94775720053 -2.6710553376 0.708621024891 0.134796666366
3.09851760484 -2 2.95402622211 -2.66986515944 0.706394614405 0.133841505816
3.11905078335 -2 2.9684777249 -2.66713929124 0.701234493306 0.131673410838
3.13163138931 -2 2.97727976215 -2.66549091954 0.698072485381 0.130376253172
3.1318330103 -2 2.977420502 -2.66546463404 0.698021808082 0.130355657405
3.13508706216 -2 2.97969056381 -2.6650409841 0.697203897478 0.130024094234
3.1438014816 -2 2.98575672819 -2.66391172643 0.695013462102 0.129143959378
3.17571445663 -2 3.00780861256 -2.65984059352 0.686991680146 0.126017597113
3.18063883106 -2 3.01118855986 -2.65922118378 0.685753903562 0.125548693938
3.18601998829 -2 3.01487506046 -2.65854694769 0.684401340469 0.125040419977
3.18865182656 -2 3.01667541886 -2.65821818279 0.683739836598 0.124793398941
3.19898647716 -2 3.02372819064 -2.65693344567 0.681142359103 0.123833355654
3.20829601793 -2 3.03005840663 -2.65578457304 0.678802701208 0.12298211307
3.23120737447 -2 3.04554470551 -2.65299037604 0.673045592802 0.120941848902
3.23137813457 -2 3.04565963096 -2.65296972509 0.673002690595 0.120926934321
3.23532716897 -2 3.04831537661 -2.65249285487 0.672010552972 0.120583219171
3.24248904946 -2 3.05312178192 -2.65163145886 0.670211377861 0.11996574471
3.25021117926 -2 3.05828974022 -2.65070760193 0.668271683035 0.119308453595
3.25031378805 -2 3.05835830933 -2.65069536018 0.668245910743 0.119299779001
3.25345779988 -2 3.0604580366 -2.65032069367 0.667456249854 0.119034735726
3.2568441533 -2 3.06271683427 -2.64991807698 0.666605770034 0.118750893557
3.26144734023 -2 3.06578267824 -2.64937232227 0.665449767083 0.118367767994
3.26210961773 -2 3.06622333444 -2.64929394723 0.665283456819 0.118312903263
3.26508475558 -2 3.06820152899 -2.64894231249 0.664536370037 0.118067232543
3.26552478749 -2 3.06849392144 -2.64889036674 0.664425877289 0.118031007782
3.26710835997 -2 3.06954577058 -2.64870355715 0.664028247485 0.117900879264
3.2718343727 -2 3.0726811663 -2.64814726483 0.662841636377 0.117514719052
3.2719707046 -2 3.07277153028 -2.64813124446 0.662807407754 0.117503628228
3.27594024872 -2 3.07540059013 -2.64766544363 0.661810823739 0.117181898471
3.28297276789 -2 3.08004857019 -2.64684334044 0.660045466519 0.116617606339
3.28947363214 -2 3.08433412399 -2.6460868963 0.658413819335 0.116102440574
3.31067371141 -2 3.0982361342 -2.6436429622 0.653094644635 0.114465530706
3.31387113762 -2 3.10032306962 -2.64327734954 0.65229265817 0.114224369064
3.31949545305 -2 3.10398779633 -2.64263609573 0.650882128845 0.113803796229
3.32455810421 -2 3.10727976603 -2.64206089199 0.649612656926 0.113429183699
3.32709127705 -2 3.10892453976 -2.64177378978 0.648977529622 0.11324314853
3.33001768267 -2 3.1108226345 -2.6414427049 0.648243870292 0.113029402995
3.33367618881 -2 3.11319255685 -2.64102966904 0.647326764371 0.112763945949
3.33858289807 -2 3.1163657779 -2.64047723182 0.646096928122 0.112410992094
3.34009951738 -2 3.11734537144 -2.64030682845 0.64571683616 0.112302608939
3.35088147852 -2 3.12429288857 -2.63910009397 0.643015234381 0.111541771898
3.36881585 -2 3.13578466351 -2.63711072967 0.638523725771 0.110313779857
3.3730351453 -2 3.13847655113 -2.63664587607 0.637467469835 0.110031687801
3.37613082989 -2 3.14044874668 -2.63630556827 0.636692606197 0.109826365811
3.38351274955 -2 3.14514193459 -2.63549662479 0.634845256546 0.109342384685
3.38886928798 -2 3.14853891316 -2.63491185339 0.633505105998 0.108996154622
3.38974149687 -2 3.14909136579 -2.63481680965 0.633286916001 0.108940172539
3.39100531107 -2 3.14989152182 -2.63467917975 0.632970776698 0.108859251683
3.39462682097 -2 3.15218218803 -2.63428536037 0.632064958628 0.108628654861
3.40080479831 -2 3.15608229277 -2.63361545494 0.630520031081 0.108239672816
3.41191101541 -2 3.16306955701 -2.63241713659 0.627743735491 0.107554323902
3.41828410147 -2 3.16706514145 -2.63173290994 0.626151232726 0.107169126063
3.41859705303 -2 3.16726108401 -2.63169937397 0.626073044495 0.107150362461
3.42066539279 -2 3.16855547944 -2.63147787714 0.625556316085 0.107026708008
3.42896244322 -2 3.17373714716 -2.63059190475 0.623483984656 0.106536901199
3.42910748429 -2 3.17382757527 -2.63057645311 0.623447765371 0.106528427497
3.42960621945 -2 3.17413847883 -2.63052333039 0.623323224408 0.10649931324
3.43907586796 -2 3.18002992837 -2.62951740881 0.620959093216 0.105953339834
3.44106056423 -2 3.1812618506 -2.62930723456 0.620463745684 0.105840555859
3.4441529349 -2 3.1831793585 -2.62898020457 0.619692038332 0.105665961019
3.44802592061 -2 3.18557754243 -2.62857137984 0.618725696067 0.105449241959
3.45978493528 -2 3.19283589262 -2.62733520394 0.615792899753 0.104804521296
3.46051816727 -2 3.19328734433 -2.62725837216 0.615610085199 0.104764980901
3.46413709595 -2 3.19551355789 -2.62687958465 0.614707892692 0.104570962084
3.46585952227 -2 3.19657197564 -2.62669954668 0.614278556124 0.104479282508
3.46975498803 -2 3.19896298277 -2.6262929505 0.61330770906 0.104273516459
3.47019234779 -2 3.19923119485 -2.62624735038 0.613198720931 0.104250550874
3.47259020392 -2 3.20070083893 -2.6259975217 0.612601232013 0.104125130395
3.48288862649 -2 3.20699644728 -2.6249279294 0.610036010849 0.10359588842
3.48680882496 -2 3.2093859937 -2.62452219894 0.609059924134 0.103398440668
3.48982326513 -2 3.21122083531 -2.6242107359 0.608309510273 0.103248117432
3.4943004953 -2 3.21394187942 -2.62374896361 0.607195191384 0.103027261253
3.4968445772 -2 3.21548582663 -2.62348701068 0.606562135398 0.102903049543
3.49945401062 -2 3.21706776127 -2.62321865586 0.605912916266 0.102776613991
3.50992182232 -2 3.22339670939 -2.62214542121 0.603309574212 0.102279251865
3.51980965618 -2 3.22934997619 -2.62113635875 0.600851999692 0.101823900794
3.52426521312 -2 3.23202463772 -2.62068312251 0.599745087432 0.101623301142
3.52558450591 -2 3.23281566007 -2.62054908985 0.59941738997 0.101564449953
3.53155077685 -2 3.23638752248 -2.61994391304 0.597935780343 0.101301422515
3.53902264926 -2 3.24084828799 -2.61918820694 0.596081089626 0.100979216029
3.54039262631 -2 3.2416646717 -2.61904990702 0.595741128243 0.100921006877
3.54109481066 -2 3.24208293041 -2.61897905215 0.595566892306 0.100891275878
3.54110001132 -2 3.24208602775 -2.61897852745 0.595565601876 0.100891055942
3.54769831073 -2 3.24601034322 -2.61831372882 0.59392873612 0.100615133268
3.54809886378 -2 3.24624822273 -2.61827343005 0.593829392633 0.100598583937
3.55566232709 -2 3.25073253192 -2.61751372323 0.591954039775 0.100290400746
3.55803775904 -2 3.25213797838 -2.61727560287 0.591365253653 0.100195299624
3.56030953855 -2 3.25348078883 -2.61704808275 0.590802249501 0.10010510326
3.57512311197 -2 3.26220549207 -2.61556942262 0.587133266818 0.0995350505587
3.58580734502 -2 3.26846442963 -2.61450806991 0.584489437585 0.0991433589416
3.59353858548 -2 3.27297586263 -2.6137426275 0.582577621153 0.0988700854682
3.59442193781 -2 3.2734903873 -2.61365530379 0.582359251679 0.0988394046427
3.59555239549 -2 3.27414856118 -2.61354359166 0.582079817484 0.0988003036081
3.59920477321 -2 3.27627288594 -2.61318296312 0.581177160242 0.0986752180548
3.59976325466 -2 3.27659742356 -2.61312785972 0.581039157743 0.098656258977
3.60058620926 -2 3.27707550852 -2.61304668146 0.580835813743 0.0986284027086
3.60381709927 -2 3.2789508337 -2.6127281981 0.580037615461 0.0985199733704
3.60548544016 -2 3.27991818966 -2.61256387891 0.579625525286 0.09846456589
3.60574620214 -2 3.28006932548 -2.61253820416 0.579561120272 0.0984559415284
3.61526814267 -2 3.28557667312 -2.61160218702 0.577210205224 0.0981476501057
3.6160799224 -2 3.28604515873 -2.61152252274 0.577009861747 0.0981219644459
3.61810900573 -2 3.28721545058 -2.61132348903 0.576509149151 0.0980581721817
3.62417126275 -2 3.29070586099 -2.6107296029 0.57501365622 0.0978710718526
3.63119375434 -2 3.29473780551 -2.61004304351 0.573282187029 0.0976608722476
3.63893127153 -2 3.29916620532 -2.6092882581 0.571375558501 0.0974373902917
3.64161901475 -2 3.3007010251 -2.60902647235 0.57071354461 0.0973617518657
3.64849626618 -2 3.30462013935 -2.60835754203 0.569020289303 0.097172885424
3.64939821498 -2 3.30513326583 -2.60826990762 0.568798291463 0.0971486139857
3.65834528385 -2 3.31021249008 -2.60740176636 0.566597050295 0.0969141043416
3.66442249742 -2 3.31365127833 -2.60681326409 0.565102832499 0.0967612955308
3.66871198518 -2 3.31607301626 -2.60639843119 0.564048637235 0.0966565926088
3.67137716062 -2 3.31757543098 -2.60614090869 0.56339383468 0.0965928522483
3.67320284085 -2 3.31860359819 -2.60596460026 0.562945374192 0.0965497705576
3.67843400003 -2 3.32154509243 -2.60545984903 0.561660789057 0.0964289444084
3.68448436896 -2 3.32493885166 -2.60487682701 0.560175776821 0.0962940335626
3.69260104173 -2 3.3294775308 -2.60409594503 0.558184870802 0.0961211933181
3.69577062832 -2 3.33124551332 -2.60379138304 0.557407812522 0.0960562315529
3.69640524839 -2 3.33159920565 -2.60373042755 0.557252255543 0.0960433956922
3.70200416182 -2 3.33471536919 -2.60319299936 0.555880251402 0.0959326217936
3.70649343969 -2 3.33720839928 -2.60276252251 0.554780673116 0.0958470063768
3.70968279064 -2 3.33897654327 -2.60245692684 0.553999770234 0.0957879143054
3.71154427392 -2 3.34000737944 -2.60227865002 0.553544099265 0.095754089807
3.71558977488 -2 3.3422447379 -2.6018914213 0.552554079104 0.0956822698344
3.72526163376 -2 3.34757751875 -2.60096678904 0.550188707598 0.0955199429545
3.73653698861 -2 3.35376555353 -2.59989075398 0.547433956721 0.0953473906274
3.75406097393 -2 3.36332129969 -2.59822198357 0.54315861603 0.0951148410865
3.75622219861 -2 3.36449461726 -2.5980164462 0.542631858658 0.0950891625518
3.75998558382 -2 3.36653502279 -2.59765866973 0.541714880064 0.0950460204235
3.7622922061 -2 3.36778390539 -2.5974394632 0.541153026635 0.0950205653804
3.76293582259 -2 3.36813214987 -2.59737830863 0.540996276339 0.0950135965382
3.77100984571 -2 3.37249222727 -2.59661150353 0.5390307586 0.094931135536
3.77343754353 -2 3.37380011299 -2.59638106675 0.538440086824 0.0949081379414
3.77363072451 -2 3.37390412485 -2.59636273249 0.538393091258 0.0949063436124
3.79081289384 -2 3.38311899061 -2.59473328052 0.534216953259 0.0947677789752
3.79181057587 -2 3.38365184835 -2.59463873581 0.533974699284 0.0947610104085
3.80053887637 -2 3.38830329054 -2.59381187089 0.531856427338 0.0947077700582
3.80365248215 -2 3.38995810508 -2.5935170134 0.5311012695 0.0946913724619
3.80519249507 -2 3.39077571943 -2.59337119266 0.530727857287 0.0946837662876
3.80955454546 -2 3.39308847329 -2.59295822029 0.52967051707 0.0946640329843
3.81003633858 -2 3.39334363675 -2.59291261228 0.529553763727 0.0946620175665
3.81206213692 -2 3.39441590772 -2.59272085376 0.529062917988 0.0946539005904
3.82063595723 -2 3.39894309323 -2.59190943339 0.526986721099 0.0946259373183
3.8210475131 -2 3.39915995674 -2.59187048943 0.526887110429 0.094624855027
3.82156942205 -2 3.39943491085 -2.59182110419 0.526760797106 0.0946235167806
3.82201258828 -2 3.39966832927 -2.59177917015 0.526653547025 0.094622410505
3.82277468715 -2 3.40006962099 -2.59170705922 0.526469124913 0.0946205726428
3.82294953125 -2 3.4001616673 -2.5916905154 0.526426816196 0.0946201625072
3.82536665803 -2 3.40143339988 -2.59146181228 0.525842005708 0.094614932953
3.83041372697 -2 3.40408427828 -2.59098430521 0.524621408421 0.0946066609606
3.83090523046 -2 3.40434210233 -2.59093780586 0.524502579057 0.0946060466927
3.83102247683 -2 3.40440359669 -2.59092671365 0.524474233723 0.0946059051764
3.83114714767 -2 3.40446898104 -2.59091491871 0.524444093871 0.0946057568179
3.83494965759 -2 3.40646143635 -2.59055518597 0.523525021622 0.0946022810184
3.8353276394 -2 3.40665930156 -2.59051942775 0.523433684609 0.0946020465262
3.84229705259 -2 3.41030145778 -2.58986011178 0.521750276451 0.0946013198222
3.84636490418 -2 3.41242186168 -2.58947528188 0.520768342368 0.0946040489609
3.84687879791 -2 3.41268944868 -2.58942666469 0.520644327045 0.0946045590722
3.85912458552 -2 3.4190470592 -2.58826803456 0.517691313953 0.094627684431
3.86316105502 -2 3.4211347402 -2.58788604788 0.51671887069 0.0946399200759
3.86453195867 -2 3.42184288519 -2.58775630216 0.516388706319 0.0946445958524
3.86457353102 -2 3.42186435247 -2.58775236755 0.516378694999 0.0946447417646
3.86582641248 -2 3.4225111243 -2.58763378578 0.516077003346 0.0946492529685
3.86721373655 -2 3.42322685821 -2.58750247268 0.51574299074 0.0946545052507
3.87361495083 -2 3.42652330626 -2.58689648156 0.51420255082 0.0946822373362
3.87757453919 -2 3.42855744984 -2.58652153896 0.513250277747 0.0947022691956
3.87836992438 -2 3.42896560503 -2.58644621218 0.513059044248 0.094706558365
3.88267853107 -2 3.43117394205 -2.58603810543 0.512023452442 0.0947313350128
3.891935948 -2 3.43590366087 -2.58516085784 0.509800239202 0.094793375417
3.89215369515 -2 3.43601466271 -2.58514021667 0.509747976678 0.0947949793321
3.89322384234 -2 3.4365600302 -2.58503876752 0.509491146054 0.0948029585946
3.89533045287 -2 3.43763279626 -2.58483903704 0.508985668294 0.0948191350462
3.89974863172 -2 3.43987924339 -2.58442002978 0.507925963514 0.0948550822715
3.9015774541 -2 3.44080774788 -2.58424654178 0.50748748958 0.094870762609
3.90194800143 -2 3.44099577954 -2.58421138705 0.507398660301 0.094873996795
3.90417027531 -2 3.44212276556 -2.58400052856 0.506866013412 0.0948937968531
3.91479887562 -2 3.44749650784 -2.58299139769 0.504320556732 0.0949980654973
3.91628958934 -2 3.44824803902 -2.58284977063 0.50396381859 0.095013955299
3.9183335244 -2 3.44927760738 -2.58265554465 0.503474801242 0.0950362480252
3.92551313866 -2 3.45288619659 -2.58197292636 0.50175807508 0.095119192291
3.92626220891 -2 3.45326198116 -2.58190167172 0.501579055592 0.0951282620226
3.93918265162 -2 3.45972266382 -2.58067150365 0.498493959626 0.0952970684277
3.93980630846 -2 3.46003350687 -2.58061206858 0.498345177237 0.0953058078804
3.94368724159 -2 3.46196575363 -2.58024208496 0.497419599638 0.0953614159949
3.94697609589 -2 3.46360040329 -2.57992837412 0.496635601506 0.0954101909058
3.94913615029 -2 3.46467260712 -2.57972224758 0.49612087365 0.0954430490318
3.95030721628 -2 3.46525343355 -2.57961046656 0.495841877737 0.0954611359483
3.9538086935 -2 3.46698815119 -2.57927611449 0.495007943096 0.0955163605752
3.95745521746 -2 3.46879162533 -2.57892770325 0.494139879928 0.0955756967431
3.95788702444 -2 3.46900497617 -2.57888643143 0.494037115553 0.0955828463181
3.96121731987 -2 3.47064894462 -2.57856801823 0.493244750566 0.0956388637483
3.96129520175 -2 3.47068735872 -2.57856056965 0.493226224693 0.0956401923358
3.96148159015 -2 3.47077928653 -2.57854274346 0.493181889009 0.0956433753831
3.96455918961 -2 3.47229597562 -2.57824830921 0.492449991309 0.0956966358449
3.96466542769 -2 3.47234829122 -2.57823814249 0.492424731824 0.0956984980479
3.96528775665 -2 3.47265469493 -2.57817858285 0.492276772367 0.0957094383113
3.9672626001 -2 3.47362640047 -2.57798953683 0.491807334111 0.0957445139722
3.96790981809 -2 3.47394465683 -2.57792756521 0.491653512047 0.0957561280784
3.96852262017 -2 3.47424589848 -2.57786888226 0.49150788204 0.0957671786158
3.97152055994 -2 3.47571834049 -2.57758169523 0.490795609625 0.0958219970577
3.9763022916 -2 3.47806247698 -2.57712328527 0.489660138318 0.0959120348097
3.98024519452 -2 3.47999131316 -2.57674496212 0.488724419714 0.0959886837956
3.9802850401 -2 3.48001078648 -2.57674113738 0.488714966284 0.0959894694817
3.98311586004 -2 3.48139329921 -2.57646932834 0.48804348367 0.0960458566708
3.98493464011 -2 3.48228054989 -2.57629460804 0.487612201006 0.0960826763908
3.98512341835 -2 3.48237259621 -2.57627646934 0.487567442781 0.0960865245545
3.98528185253 -2 3.48244984058 -2.57626124569 0.487529879868 0.0960897580143
3.99085301404 -2 3.4851622682 -2.57572559201 0.486209551939 0.0962056911092
3.99151479037 -2 3.48548397787 -2.57566192042 0.486052784051 0.0962197507667
3.99244330691 -2 3.48593518307 -2.57557256895 0.485832852843 0.0962395806544
3.99576694962 -2 3.48754860932 -2.57525258351 0.485045841212 0.0963115502557
3.99882566657 -2 3.48903111874 -2.57495788976 0.484321889185 0.0963791480897
3.99908345949 -2 3.4891559656 -2.5749330432 0.484260887871 0.0963849051035
3.99962580732 -2 3.48941856862 -2.57488076575 0.484132559884 0.0963970471165
3.99963400411 -2 3.48942253695 -2.5748799756 0.48413062047 0.0963972309409
4.00587023303 -2 3.49243708468 -2.57427837717 0.482655746226 0.0965398092525
4.01102776405 -2 3.49492325163 -2.57378015584 0.481436981209 0.0966618333082
4.01510426015 -2 3.49688386394 -2.57338591219 0.480474314935 0.0967609119653
4.01565386394 -2 3.49714789881 -2.57333272832 0.480344569268 0.0967744477232
4.01920226962 -2 3.49885086899 -2.57298917607 0.479507142142 0.0968628549793
4.02060540061 -2 3.49952344769 -2.57285323969 0.479176121349 0.0968982990816
4.0244330469 -2 3.50135583538 -2.57248215929 0.478273464401 0.0969963875216
4.02941290522 -2 3.50373464517 -2.57199880589 0.477099845712 0.0971270682176
4.03089284177 -2 3.50444046426 -2.5718550345 0.476751230593 0.0971665726057
4.03119521764 -2 3.50458461159 -2.57182565247 0.476680012062 0.0971746816776
4.03577952386 -2 3.5067673827 -2.57137988851 0.475600662419 0.097299188451
4.03607909483 -2 3.50690984826 -2.57135073925 0.475530155676 0.0973074268451
4.03696481206 -2 3.50733094081 -2.57126454129 0.475321712499 0.0973318580007
4.03733042642 -2 3.50750470949 -2.5712289535 0.475235677466 0.0973419748842
4.03876856883 -2 3.50818792232 -2.57108893287 0.474897304593 0.0973819508707
4.03961237058 -2 3.50858855736 -2.57100675159 0.474698804802 0.0974055405466
4.04371481976 -2 3.5105340047 -2.57060691205 0.473734083222 0.0975216482781
4.04538630737 -2 3.51132551658 -2.5704438655 0.473341190786 0.0975696291905
4.05284520164 -2 3.51484958049 -2.56971529073 0.471589144151 0.0977884992007
4.05288381313 -2 3.51486778907 -2.56971151495 0.471580079711 0.097789652424
4.0546364567 -2 3.51569393994 -2.56954007827 0.471168684783 0.0978422186235
4.0611377231 -2 3.51875217268 -2.56890333564 0.469643614725 0.0980409572921
4.06160247873 -2 3.51897041645 -2.5688577669 0.469534650275 0.0980553907124
4.06296094491 -2 3.51960804665 -2.56872453293 0.469216195206 0.098097752197
4.06456349859 -2 3.52035968938 -2.56856728545 0.468840606094 0.0981480566768
4.06481583579 -2 3.52047798788 -2.56854251806 0.468781474494 0.0981560102939
4.07077382122 -2 3.52326682113 -2.56795713983 0.467385975929 0.0983463899236
4.07211013151 -2 3.52389118437 -2.56782568929 0.467073157934 0.0983897709874
4.07473259099 -2 3.52511525919 -2.56756755315 0.466459453265 0.0984756300439
4.07558870872 -2 3.52551451725 -2.56748323399 0.466259159998 0.0985038673149
4.07831436546 -2 3.52678450992 -2.56721462251 0.465621656677 0.0985944495292
4.07881077031 -2 3.52701561795 -2.56716567561 0.465505581927 0.0986110583808
4.07950744627 -2 3.52733986705 -2.56709696691 0.465342692857 0.09863442603
4.08064246721 -2 3.52786789048 -2.56698499344 0.465077352949 0.0986726417351
4.08125787612 -2 3.52815405853 -2.56692426273 0.464933505304 0.0986934375689
4.08464443212 -2 3.52972724056 -2.56658983602 0.464142170178 0.0988088225796
4.08695246528 -2 3.53079787351 -2.56636169008 0.463603095327 0.0988883789553
4.09104581999 -2 3.53269360818 -2.56595661226 0.462647517223 0.0990313048434
4.09368975042 -2 3.53391599962 -2.56569465633 0.462030632211 0.0991248662975
4.09657342582 -2 3.53524737496 -2.56540866305 0.461358106333 0.099228025294
4.09719963792 -2 3.53553623726 -2.56534651819 0.461212103212 0.099250580614
4.09934710419 -2 3.53652613637 -2.56513329696 0.460711526704 0.0993283456102
4.1080082988 -2 3.54050770802 -2.56427161374 0.458694350164 0.0996485291135
4.11453191155 -2 3.54349509968 -2.56362073792 0.457176882108 0.0998966123244
4.11559136106 -2 3.54397932503 -2.56351488093 0.456930594307 0.0999374629105
4.11618737943 -2 3.54425162232 -2.5634553092 0.456792058057 0.0999605133123
4.11683962283 -2 3.54454951252 -2.56339010239 0.456640468578 0.099985795045
4.11840519651 -2 3.5452641312 -2.56323351898 0.456276675965 0.100046721147
4.12211254832 -2 3.54695411215 -2.56286234069 0.455415571375 0.100192362873
4.12412476404 -2 3.54787003565 -2.56266065121 0.454948415469 0.100272216052
4.12859680517 -2 3.54990226188 -2.56221182857 0.45391074368 0.100451711599
4.12952286305 -2 3.5503225096 -2.56211878679 0.453695961752 0.100489230336
4.13035589577 -2 3.55070037231 -2.5620350616 0.453502783563 0.1005230826
4.13258310746 -2 3.55170984357 -2.56181107395 0.452986430486 0.1006140669
4.13289840785 -2 3.55185265811 -2.56177934762 0.452913347273 0.10062700332
4.13292305774 -2 3.5518638226 -2.5617768675 0.452907633859 0.100628015263
4.13390869015 -2 3.55231011048 -2.56167766532 0.452679200725 0.100668547645
4.1351999507 -2 3.55289444368 -2.56154764132 0.452379991283 0.100721853885
4.13662844404 -2 3.55354042828 -2.56140371791 0.452049057822 0.100781096901
4.13923725011 -2 3.55471894763 -2.56114065711 0.451444890713 0.100890026294
4.1403535147 -2 3.55522273533 -2.56102801105 0.451186458671 0.100936925937
4.14062140457 -2 3.55534359458 -2.56100096892 0.451124445367 0.100948207191
4.14107103058 -2 3.55554640877 -2.56095557606 0.451020368616 0.100967164176
4.14738511861 -2 3.55838957663 -2.56031721212 0.449559656391 0.101236361173
4.15032034207 -2 3.55970813797 -2.56001987405 0.448881149324 0.101363399795
4.15951531203 -2 3.5638258193 -2.55908598221 0.446757839235 0.101769160122
4.15992149557 -2 3.56400726598 -2.55904464158 0.446664120292 0.101787356969
4.16214476568 -2 3.56499974995 -2.55881822915 0.446151260326 0.10188736712
4.16228998628 -2 3.56506453788 -2.55880343253 0.446117767946 0.101893923672
4.16311987886 -2 3.5654346879 -2.55871885568 0.44592638509 0.101931448981
4.16377775158 -2 3.56572800081 -2.55865178797 0.445774691533 0.10196126447
4.16828647949 -2 3.56773553298 -2.55819160796 0.444735525921 0.102167233126
4.17068582516 -2 3.56880194332 -2.55794634015 0.444182859988 0.102277999177
4.17203813721 -2 3.56940240618 -2.55780798567 0.443871469974 0.102340783471
4.17318710706 -2 3.56991224845 -2.55769036783 0.443606960357 0.102394328029
4.1765113929 -2 3.57138565258 -2.55734972077 0.442841961021 0.102550286749
4.17719914529 -2 3.57169016338 -2.55727918013 0.442683748116 0.102582745528
4.17841209728 -2 3.5722269479 -2.55715471711 0.442404763132 0.102640152517
4.18030279187 -2 3.57306298876 -2.55696057073 0.441970012809 0.102730046196
4.18188982492 -2 3.5737641199 -2.55679747436 0.441605198994 0.102805888078
4.18194840951 -2 3.57378999076 -2.55679145143 0.441591734018 0.102808694487
4.18342371625 -2 3.5744412231 -2.55663972423 0.441252698192 0.102879525111
4.18384121561 -2 3.57462542578 -2.55659676795 0.441156769983 0.102899624834
4.18488669079 -2 3.57508651795 -2.55648916197 0.440916583838 0.102950064219
4.18536510058 -2 3.57529743076 -2.55643990444 0.440806689426 0.102973196274
4.18582839619 -2 3.57550162994 -2.55639219224 0.440700275752 0.102995628035
4.18747653512 -2 3.57622765216 -2.55622237431 0.440321788167 0.103075670653
4.18805737347 -2 3.5764833695 -2.55616249612 0.440188427722 0.103103969862
4.19319095333 -2 3.57874008597 -2.55563255683 0.439010358445 0.103356135996
4.19769176252 -2 3.58071366396 -2.55516686647 0.437978389514 0.103580252301
4.19925263963 -2 3.58139701438 -2.55500512871 0.437620698436 0.103658637375
4.20568991714 -2 3.58420935238 -2.55433679856 0.436146594951 0.103985509591
4.20784077994 -2 3.58514691447 -2.55411302133 0.435654441745 0.104096018218
4.20909439296 -2 3.58569287635 -2.55398248436 0.435367683065 0.104160725829
4.2097626042 -2 3.58598374246 -2.55391287117 0.435214859336 0.104195306652
4.21352355459 -2 3.58761894569 -2.55352062936 0.43435505631 0.104391106195
4.21442584003 -2 3.58801076494 -2.55342641748 0.434148869922 0.104438374609
4.21560497585 -2 3.58852252618 -2.55330323367 0.433879470306 0.104500318211
4.21564087567 -2 3.58853810223 -2.5532994821 0.433871269113 0.10450220719
4.21642310222 -2 3.58887741754 -2.55321772129 0.433692585543 0.104543411208
4.21928126174 -2 3.59011604648 -2.55291870304 0.433039916324 0.104694693615
4.22039072052 -2 3.59059634555 -2.55280251559 0.432786660717 0.104753725278
4.22471325407 -2 3.59246494744 -2.55234921358 0.431800453362 0.104985360002
4.22691927909 -2 3.59341695432 -2.55211748127 0.431297442364 0.105104583699
4.22966434492 -2 3.59460003459 -2.55182875701 0.43067180913 0.105253890786
4.23240525116 -2 3.59577960907 -2.55154005989 0.430047443513 0.105404024008
4.2336021764 -2 3.59629418018 -2.55141385945 0.429774889932 0.105469915518
4.23373465103 -2 3.59635111246 -2.55139988688 0.429744727697 0.105477220659
4.23755551828 -2 3.59799144722 -2.55099646768 0.428875103452 0.105688974741
4.23878913799 -2 3.59852034248 -2.55086604498 0.428594466667 0.105757778946
4.2403536594 -2 3.59919060897 -2.55070051596 0.428238646739 0.105845345406
4.24394238953 -2 3.60072597664 -2.5503203025 0.42742285722 0.106047501803
4.24676192071 -2 3.60193020479 -2.55002107226 0.426782310964 0.106207593565
4.24708794335 -2 3.60206933345 -2.54998644318 0.426708266675 0.106226176795
4.24736509568 -2 3.60218758748 -2.54995699985 0.426645325123 0.106241986132
4.24811484384 -2 3.60250740023 -2.54987732909 0.426475073265 0.106284807214
4.25119060733 -2 3.6038180613 -2.54955014987 0.425776887405 0.106461300161
4.25517853344 -2 3.6055142231 -2.54912513008 0.424872255345 0.106692107362
4.25909081393 -2 3.60717470638 -2.54870727331 0.423985455631 0.106920701149
4.25958538561 -2 3.60738436986 -2.54865438617 0.423873398236 0.106949751534
4.26173010289 -2 3.60829293664 -2.54842487323 0.423387583473 0.107076125458
4.26226177906 -2 3.60851800971 -2.54836793504 0.423267180967 0.107107553277
4.26329752884 -2 3.60895628677 -2.5482569664 0.423032662354 0.107168891032
4.26332981537 -2 3.60896994488 -2.54825350624 0.423025352663 0.107170805476
4.26369020351 -2 3.6091223835 -2.5482148793 0.422943763678 0.107192184767
4.26481636443 -2 3.60959854228 -2.5480941257 0.422688846608 0.107259109245
4.26723027235 -2 3.6106182141 -2.54783503783 0.42214262367 0.107403159468
4.26775419011 -2 3.6108393511 -2.54777875921 0.422024104578 0.107434532156
4.26815747558 -2 3.61100952846 -2.54773542725 0.421932882789 0.107458707467
4.27114903559 -2 3.61227075324 -2.54741368851 0.421256426067 0.107638750822
4.2716423131 -2 3.61247852209 -2.54736058541 0.421144923241 0.107668558571
4.27493675625 -2 3.61386473251 -2.54700554766 0.420400507409 0.107868509439
4.27872181057 -2 3.61545435233 -2.54659682096 0.419545826554 0.108100115053
4.28221052678 -2 3.61691665411 -2.54621931446 0.418758624389 0.108315366466
4.2847709671 -2 3.61798812091 -2.54594177576 0.418181226062 0.10847442958
4.28874642394 -2 3.61964879961 -2.54551004536 0.417285312316 0.108723219793
4.28909462701 -2 3.61979408596 -2.54547218384 0.417206874606 0.108745116429
4.29381055677 -2 3.62175909901 -2.54495864668 0.416145081034 0.109043350691
4.29640105615 -2 3.62283636679 -2.54467595567 0.415562255503 0.109208500509
4.30072764796 -2 3.62463222873 -2.54420285362 0.414589510606 0.109486428825
4.30365247334 -2 3.62584386878 -2.54388234772 0.413932404991 0.109675799199
4.30391630372 -2 3.6259530689 -2.54385340965 0.413873150688 0.109692940142
4.30507090452 -2 3.62643077708 -2.54372671446 0.413613873373 0.109768068934
4.31176836993 -2 3.62919590607 -2.54299007699 0.412111089542 0.110207556386
4.31456308904 -2 3.63034676453 -2.54268181868 0.411484614962 0.110392807228
4.31651927943 -2 3.63115127724 -2.54246574138 0.411046321544 0.110523127564
4.31660932183 -2 3.6311882879 -2.54245578932 0.411026151371 0.110529139071
4.32101809671 -2 3.6329982321 -2.5419678395 0.410039009789 0.110824874603
4.32196165022 -2 3.63338502579 -2.54186323997 0.409827861123 0.110888521589
4.32293702092 -2 3.63378465306 -2.54175505015 0.409609635685 0.110954446186
4.32343266266 -2 3.63398764519 -2.54170004817 0.40949875971 0.110987997437
4.32367540458 -2 3.63408704115 -2.54167310476 0.409444462042 0.111004441839
4.33299525623 -2 3.63789329144 -2.54063559569 0.407361823261 0.111642067253
4.3398628976 -2 3.64068564219 -2.53986724024 0.405829756581 0.112119730399
4.34107507738 -2 3.64117741662 -2.53973127918 0.405559567428 0.112204728845
4.34159424507 -2 3.64138794001 -2.53967301664 0.405443868541 0.112241196208
4.34169070964 -2 3.64142704994 -2.53966218901 0.40542237237 0.112247976242
4.34259423523 -2 3.64179326809 -2.53956074112 0.405221051935 0.112311544227
4.34689124174 -2 3.64353244809 -2.53907748484 0.404264134824 0.112615432483
4.35229492588 -2 3.6457137136 -2.53846790489 0.403062007355 0.113001269999
4.35263734386 -2 3.6458517158 -2.53842920672 0.402985878218 0.11302585786
4.35674703926 -2 3.64750598691 -2.53796409581 0.402072612842 0.113322247276
4.3593429188 -2 3.6485489699 -2.53766967997 0.401496165945 0.113510684809
4.36170902026 -2 3.64949832841 -2.53740089758 0.40097102478 0.113683268096
4.3632300766 -2 3.65010797088 -2.537227894 0.400633577633 0.113794629653
4.36467902373 -2 3.65068823453 -2.53706293428 0.400312231195 0.11390101452
4.36508740388 -2 3.65085169558 -2.53701641321 0.400221679157 0.113931052034
4.37408871281 -2 3.65444523508 -2.53598788463 0.398227817487 0.114599082156
4.37417229552 -2 3.65447851927 -2.53597830586 0.398209321595 0.114605338654
4.37457528207 -2 3.65463897393 -2.53593211505 0.398120150061 0.114635517599
4.37628242842 -2 3.65531830049 -2.53573630593 0.397742485676 0.114763616251
4.37915971564 -2 3.65646180365 -2.53540578581 0.397106276477 0.11498044677
4.38114657977 -2 3.65725036252 -2.53517718506 0.396667187585 0.115130855818
4.38773025721 -2 3.65985710345 -2.53441754921 0.395213598759 0.115633223941
4.3887772459 -2 3.66027076673 -2.53429644044 0.394982633047 0.115713677044
4.38926896897 -2 3.66046496172 -2.53423953176 0.394874177495 0.115751515498
4.38940600953 -2 3.6605190734 -2.53422366837 0.394843953633 0.115762066939
4.38968588389 -2 3.66062957146 -2.53419126652 0.394782231096 0.115783624088
4.39324328153 -2 3.6620325726 -2.53377888875 0.393998030272 0.116058591851
4.39519638428 -2 3.66280167062 -2.53355206604 0.393567748843 0.116210314304
4.39599858934 -2 3.66311732134 -2.53345881618 0.393391072293 0.116272787529
4.39971505233 -2 3.66457782309 -2.53302615243 0.392572978553 0.116563397211
4.40034118887 -2 3.66482358425 -2.53295315245 0.392435216309 0.116612549685
4.40118617092 -2 3.66515510599 -2.53285458857 0.392249334599 0.116678969391
4.40312896218 -2 3.66591674873 -2.53262775646 0.391822087871 0.116832063922
4.40480785719 -2 3.66657426664 -2.5324314961 0.39145302665 0.116964791602
4.40866425858 -2 3.66808223158 -2.53197984198 0.390605828989 0.117271170082
4.41926380569 -2 3.67221014766 -2.53073231225 0.388281089023 0.118124072982
4.42045878069 -2 3.67267397706 -2.53059109863 0.388019355928 0.118221221842
4.42097845342 -2 3.67287559054 -2.53052965128 0.387905555473 0.11826353296
4.42382725087 -2 3.67397976576 -2.53019241082 0.387281954295 0.118496155572
4.42389729939 -2 3.67400689375 -2.53018411013 0.387266625856 0.11850188991
4.42936783157 -2 3.67612217326 -2.52953461145 0.386070299041 0.118951859481
4.43170730959 -2 3.67702477749 -2.52925609913 0.385559152795 0.119145578924
4.4370901076 -2 3.67909699948 -2.52861355546 0.384384139375 0.119594233637
4.43788393274 -2 3.67940206484 -2.52851859248 0.384210980219 0.119660744944
4.43877280515 -2 3.67974349284 -2.52841219595 0.384017126453 0.11973532549
4.44155253376 -2 3.68081011308 -2.52807903875 0.383411158202 0.119969277912
4.44590787799 -2 3.68247793328 -2.52755572837 0.382462511456 0.120338035143
4.44708634975 -2 3.68292850298 -2.52741385407 0.382205994015 0.120438274433
4.4490262804 -2 3.68366954582 -2.52718005121 0.381783886308 0.120603709887
4.45329970169 -2 3.68529908227 -2.52666387812 0.380854723427 0.120970019668
4.45620177587 -2 3.68640343524 -2.5263124508 0.38022427037 0.121220252006
4.45978861295 -2 3.68776583992 -2.52587709557 0.379445663432 0.121531173766
4.46294562592 -2 3.6889626726 -2.52549298521 0.378760915315 0.121806342141
4.46739365691 -2 3.69064526759 -2.52495031952 0.377797033999 0.122196429577
4.46873588768 -2 3.69115216289 -2.52478622407 0.377506378631 0.122314691561
4.47127536676 -2 3.69211013366 -2.52447532313 0.376956722607 0.122539138832
4.47153110784 -2 3.69220652988 -2.52444398193 0.376901387707 0.122561792631
4.47347361503 -2 3.69293825429 -2.52420573654 0.376481198478 0.122734164053
4.47482523148 -2 3.69344691484 -2.52403976585 0.376188944019 0.122854416984
4.47622780064 -2 3.69397433282 -2.52386736608 0.375885774362 0.122979476599
4.48039769772 -2 3.69553985834 -2.52335377571 0.374985053591 0.123352929134
4.48183530426 -2 3.6960787158 -2.52317634952 0.37467473656 0.123482250784
4.48837592029 -2 3.69852470352 -2.52236676519 0.373264290105 0.124074315746
4.49529178054 -2 3.70110099528 -2.52150649952 0.371775412891 0.124706941803
4.4974379628 -2 3.70189839693 -2.52123864307 0.371313895579 0.124904641564
4.49896408631 -2 3.70246481707 -2.52104791535 0.370985867337 0.125045620716
4.50232894255 -2 3.70371191375 -2.52062662951 0.370263062199 0.125357623919
4.50513744398 -2 3.70475095063 -2.52027419471 0.369660236724 0.125619269192
4.50769635082 -2 3.7056961736 -2.51995244009 0.369111357481 0.125858635992
4.50825171956 -2 3.70590113345 -2.51988252769 0.36899227923 0.125910709328
4.50977283986 -2 3.70646216627 -2.51969089312 0.368666217251 0.126053559045
4.51087638261 -2 3.70686887472 -2.51955173041 0.368429744576 0.126157399212
4.51150725788 -2 3.70710126489 -2.51947212179 0.368294587277 0.126216840387
4.51275877377 -2 3.70756202326 -2.51931408526 0.368026529574 0.126334925614
4.51984739632 -2 3.71016544521 -2.51841616202 0.366509859376 0.127007960213
4.52008573952 -2 3.71025279427 -2.51838588783 0.366458911715 0.127030713871
4.52045334837 -2 3.71038749293 -2.51833918346 0.366380338661 0.127065823813
4.52195016875 -2 3.7109356587 -2.51814888137 0.366060483602 0.127208981761
4.5230754384 -2 3.71134743977 -2.51800567602 0.365820106256 0.127316813634
4.52447482785 -2 3.71185915507 -2.51782741597 0.365521269405 0.127451164678
4.52756305503 -2 3.71298694909 -2.51743335825 0.364862166847 0.127748640264
4.53067770148 -2 3.7141223297 -2.51703499622 0.364197959796 0.128050033354
4.5368736888 -2 3.71637480478 -2.51623973173 0.362878248363 0.128653696665
4.53741495108 -2 3.7165711855 -2.51617008171 0.362763063887 0.128706690057
4.5386168372 -2 3.71700703128 -2.51601531985 0.362507352345 0.128824512146
4.54202358994 -2 3.71824076934 -2.51557587574 0.361782974909 0.129159596
4.54376378739 -2 3.71887002055 -2.51535096254 0.361413207425 0.129331396639
4.54680963166 -2 3.71996984293 -2.51495657948 0.360766416988 0.129633134026
4.54849999121 -2 3.7205793643 -2.51473731067 0.360407690967 0.129801159579
4.54942662015 -2 3.72091323697 -2.5146169901 0.360211111122 0.129893441152
4.55192949082 -2 3.72181413374 -2.51429157055 0.359680381008 0.130143309153
4.55238294934 -2 3.72197721211 -2.51423254569 0.359584263585 0.1301886745
4.55482113692 -2 3.72285331528 -2.51391482289 0.359067651797 0.130433099985
4.55566071131 -2 3.72315470426 -2.51380527892 0.358889837612 0.13051746227
4.55641942475 -2 3.72342693786 -2.51370622463 0.358729183359 0.130593785813
4.56072430329 -2 3.72496926069 -2.51314309859 0.35781826213 0.131028391735
4.56721119565 -2 3.72728594027 -2.51229099305 0.356447613322 0.131688273233
4.56748882444 -2 3.72738489228 -2.51225442867 0.356389005289 0.131716648946
4.56891074011 -2 3.72789143359 -2.51206703499 0.356088904946 0.131862151466
4.57029475772 -2 3.72838406442 -2.511884437 0.35579691427 0.132004052741
4.57157934665 -2 3.72884094277 -2.51171478105 0.355525998607 0.132136004116
4.57288358164 -2 3.72930445249 -2.51154235687 0.355251036508 0.13227021423
4.57652293866 -2 3.7305959412 -2.51106029428 0.354484295094 0.132645999065
4.57668196983 -2 3.73065231256 -2.5110391981 0.354450807717 0.13266246304
4.58173602923 -2 3.73244103833 -2.51036738759 0.35338732862 0.133187572668
4.58537561041 -2 3.73372582671 -2.50988194807 0.352622400151 0.133567977639
4.58913992627 -2 3.7350517195 -2.5093784112 0.351832065061 0.133963409026
4.59005703107 -2 3.73537429845 -2.50925550876 0.351639639654 0.134060054962
4.59128340756 -2 3.73580538285 -2.50909102101 0.35138239996 0.134189480134
4.59329455841 -2 3.736511641 -2.50882093137 0.350960739146 0.134402191142
4.59921742408 -2 3.73858665828 -2.50802302152 0.349720316714 0.13503198455
4.59934601004 -2 3.73863162567 -2.50800565742 0.349693409835 0.135045713018
4.60031046038 -2 3.73896878984 -2.50787536255 0.349491627558 0.135148757804
4.60108518868 -2 3.73923948772 -2.50777062661 0.349329578511 0.135231628407
4.60255411523 -2 3.73975240122 -2.50757186547 0.349022421717 0.135388991084
4.60264000227 -2 3.73978237692 -2.5075602369 0.349004466419 0.135398201507
4.60360243351 -2 3.74011817251 -2.50742987548 0.348803293005 0.135501483602
4.60925849139 -2 3.74208768124 -2.50666174816 0.347622132753 0.136111132724
4.61140768686 -2 3.74283430653 -2.50636896807 0.347173810225 0.136343987554
4.61252683665 -2 3.74322271474 -2.50621631012 0.346940463841 0.136465503616
4.6128729212 -2 3.74334277331 -2.50616907535 0.346868319133 0.136503117376
4.61719473547 -2 3.74483992659 -2.50557811621 0.345967994389 0.136974271745
4.61828559702 -2 3.74521720551 -2.50542863089 0.3457409208 0.137093617542
4.6194718742 -2 3.74562720327 -2.50526592252 0.345494066084 0.137223595647
4.62253260644 -2 3.74668369303 -2.50484540298 0.344857540699 0.137559884768
4.63374105261 -2 3.75053596312 -2.50329661891 0.342531373769 0.138802835347
4.63466998536 -2 3.75085406161 -2.50316763157 0.342338925577 0.138906656403
4.64884341458 -2 3.75568539667 -2.50118754446 0.339409094392 0.1405060828
4.64981331915 -2 3.75601449409 -2.50105121345 0.339209050323 0.140616587234
4.65194107611 -2 3.75673578096 -2.50075175666 0.338770399598 0.14085948276
4.65834658136 -2 3.75890154918 -2.49984712774 0.337451542385 0.141594632439
4.65874018431 -2 3.75903435514 -2.49979138673 0.337370584164 0.141639997843
4.65931538038 -2 3.75922837465 -2.49970989628 0.337252292155 0.141706333117
4.66003316003 -2 3.75947039481 -2.49960815295 0.337104705748 0.141789178717
4.6641692124 -2 3.76086291853 -2.4990207153 0.336254891094 0.142268001459
4.66669121412 -2 3.76171030024 -2.49866154506 0.335737227736 0.142561175604
4.66886130533 -2 3.76243839684 -2.49835189937 0.335292113323 0.142814173405
4.67046051914 -2 3.76297433802 -2.49812335929 0.334964280917 0.143001049532
4.67419795684 -2 3.76422481408 -2.49758808274 0.334198742897 0.143439222426
4.67654723539 -2 3.76500937445 -2.49725077892 0.333717987678 0.143715677907
4.67681936241 -2 3.76510018053 -2.49721166563 0.333662322058 0.143747752265
4.67771933557 -2 3.76540038443 -2.49708224848 0.333478258851 0.143853903869
4.67845556567 -2 3.76564584578 -2.49697630693 0.333327722252 0.143940828721
4.68401629897 -2 3.76749623086 -2.49617405823 0.332191821425 0.144599891372
4.69406868576 -2 3.77082524765 -2.49471444966 0.330143353272 0.145802613029
4.69592239678 -2 3.77143688767 -2.49444396621 0.329766304915 0.146025991567
4.6966212249 -2 3.77166728802 -2.49434188969 0.329624218677 0.146110331361
4.70064816491 -2 3.77299301608 -2.49375253078 0.328806064721 0.146597704885
4.70278955446 -2 3.77369665167 -2.493438329 0.32837142 0.146857826276
4.71386291093 -2 3.77732039633 -2.49180462776 0.326128519144 0.148213503016
4.71490339954 -2 3.7776596199 -2.49165034663 0.325918174786 0.14834179692
4.71519190265 -2 3.77775363948 -2.49160754408 0.325859863616 0.148377397509
4.71698123479 -2 3.77833638712 -2.4913418497 0.325498330728 0.148598465389
4.71828023884 -2 3.77875903996 -2.49114871501 0.325235998042 0.148759244216
4.72487761367 -2 3.78090035075 -2.49016459054 0.32390535515 0.149579572088
4.72537825874 -2 3.78106248716 -2.49008968864 0.323804494265 0.149642079987
4.72658464488 -2 3.78145297343 -2.48990907131 0.323561520627 0.149792851916
4.72744625467 -2 3.78173168202 -2.48977996158 0.323388045224 0.149900663193
4.73307055862 -2 3.78354733102 -2.48893488924 0.322256848019 0.150607058541
4.73453877945 -2 3.78402025828 -2.48871362864 0.321961891014 0.150792216115
4.74112202212 -2 3.78613545997 -2.4877181832 0.320641099626 0.151626267297
4.74365700387 -2 3.78694763514 -2.48733340416 0.320133270623 0.151949105925
4.74624465472 -2 3.78777535724 -2.48693978496 0.319615329251 0.152279612546
4.74653618934 -2 3.78786852723 -2.48689538444 0.319557003824 0.15231690951
4.74756742754 -2 3.78819796029 -2.48673824138 0.319350736003 0.152448938002
4.74759925453 -2 3.78820812416 -2.48673338933 0.319344371105 0.152453015235
4.75225156619 -2 3.78969164892 -2.48602274041 0.318414706487 0.153050584747
4.75805414005 -2 3.79153591245 -2.48513247886 0.317257209591 0.153800300025
4.75983838859 -2 3.79210166059 -2.4848578542 0.316901740777 0.154031814055
4.76320412619 -2 3.79316713981 -2.48433868604 0.316231779828 0.154469791268
4.76941994271 -2 3.79512893642 -2.48337600472 0.314996506445 0.155282968446
4.77531620677 -2 3.79698278838 -2.48245812699 0.313827152424 0.156059528955
4.78222056908 -2 3.79914484417 -2.48137747666 0.312460874896 0.156975285144
4.7840312678 -2 3.79971029194 -2.48109302272 0.312103101217 0.157216593993
4.78949379788 -2 3.80141221769 -2.48023222703 0.31102512781 0.157947467859
4.79509613148 -2 3.80315159067 -2.47934524128 0.309921696734 0.15870156061
4.79934376544 -2 3.80446624922 -2.47866991449 0.309086530648 0.15927635435
4.80313959945 -2 3.80563807433 -2.47806434858 0.308341255116 0.159792235529
4.80487417778 -2 3.80617262049 -2.47778697083 0.308001020656 0.160028676693
4.80606225634 -2 3.80653841153 -2.47759674792 0.307768102035 0.160190877473
4.80915602161 -2 3.80748963488 -2.47710049959 0.307162042154 0.16061421587
4.80931218327 -2 3.8075375994 -2.47707541612 0.307131468244 0.160635621433
4.81062868669 -2 3.80794176898 -2.47686381964 0.306873786085 0.160816220119
4.81275775533 -2 3.80859467983 -2.47652111861 0.306457315403 0.161108822371
4.81548123184 -2 3.80942858366 -2.47608183153 0.30592503482 0.161484080082
4.81831631239 -2 3.81029512018 -2.47562345551 0.305371495687 0.161875866064
4.81949679459 -2 3.81065546941 -2.47543226716 0.305141177655 0.162039345718
4.81965455176 -2 3.81070360521 -2.47540670258 0.305110405873 0.162061208219
4.82326134082 -2 3.81180280467 -2.4748212785 0.304407352181 0.162562040866
4.83134870503 -2 3.81425829118 -2.47350201582 0.302834269296 0.163691951993
4.8327041049 -2 3.81466857389 -2.47328001854 0.302571083468 0.163882255223
4.83405841746 -2 3.8150781713 -2.47305794154 0.30230823951 0.164072674296
4.83408792757 -2 3.81508709237 -2.47305309968 0.302302513667 0.164076826464
4.83812517301 -2 3.81630598009 -2.4723895321 0.301519753567 0.164646081759
4.83975169742 -2 3.81679615273 -2.47212154396 0.301204724834 0.164876097569
4.84044102458 -2 3.81700373491 -2.47200785646 0.301071271665 0.164973696025
4.84455020555 -2 3.81823925653 -2.47132875134 0.300276445265 0.165556938995
4.84587315047 -2 3.81863633621 -2.47110960382 0.300020810392 0.165745239696
4.84747627841 -2 3.81911705938 -2.47084370961 0.299711204245 0.165973763844
4.85016793283 -2 3.81992307839 -2.47039644774 0.299191792045 0.16635830355
4.85122633706 -2 3.82023963578 -2.47022029294 0.298987693743 0.166509802063
4.85811803356 -2 3.82229559124 -2.46906934712 0.297660712695 0.167500288205
4.86001490016 -2 3.82285986759 -2.46875136153 0.297296080882 0.167774132142
4.86018621341 -2 3.82291079552 -2.46872261748 0.297263162498 0.167798890035
4.86400432608 -2 3.82404437865 -2.46808088672 0.296530055739 0.168351795243
4.86496323028 -2 3.82432863397 -2.46791938647 0.296346106155 0.168490991582
4.86967837578 -2 3.82572381696 -2.46712330908 0.295442565001 0.169177416119
4.86993568702 -2 3.82579983059 -2.46707977236 0.295393304596 0.169214969146
4.87272359499 -2 3.82662261572 -2.4666074486 0.294859891613 0.169622471459
4.87822035512 -2 3.82824050128 -2.46567285806 0.293809869653 0.170429268554
4.88020662187 -2 3.82882370894 -2.46533404894 0.293430991126 0.170721899666
4.88074240048 -2 3.82898089561 -2.46524255868 0.293328841905 0.170800933838
4.88276718028 -2 3.82957443085 -2.46489642146 0.292942998453 0.171099996163
4.8862493969 -2 3.83059336618 -2.46429971589 0.292280137162 0.171615735019
4.88629836551 -2 3.8306076785 -2.46429131193 0.292270822119 0.171623000318
4.88920329493 -2 3.83145590151 -2.46379213206 0.291718552412 0.172054626225
4.8998241197 -2 3.83454348751 -2.46195634534 0.289704751749 0.173643294435
4.90111166058 -2 3.834916337 -2.46173264753 0.289461198731 0.173837015761
4.90755199857 -2 3.83677664457 -2.46060994837 0.288244814404 0.174809690462
4.90858229968 -2 3.83707352342 -2.46042976138 0.288050513086 0.174965863365
4.91108580218 -2 3.83779406707 -2.45999125766 0.287578720966 0.175345997117
4.91256081533 -2 3.83821804422 -2.45973245429 0.287300973572 0.17557039761
4.91493731212 -2 3.83890028179 -2.45931478096 0.286853823758 0.175932621035
4.91560267203 -2 3.8390911008 -2.45919768839 0.28672871009 0.176034184098
4.91671394567 -2 3.83940961807 -2.45900197131 0.286519822545 0.176203959015
4.91854550624 -2 3.83993408122 -2.45867898658 0.286175747611 0.176484174159
4.92022832066 -2 3.84041539568 -2.45838177927 0.285859842145 0.176742069396
4.9214275416 -2 3.84075806942 -2.45816971584 0.285634851369 0.176926108324
4.92785304872 -2 3.84258954744 -2.457029698 0.284431216512 0.177915824862
4.92815441627 -2 3.84267525732 -2.45697607295 0.28437484193 0.177962394288
4.92910842141 -2 3.84294646682 -2.45680622525 0.284196429475 0.178109902479
4.92999271849 -2 3.84319770739 -2.45664866241 0.284031116132 0.178246752733
4.93447341781 -2 3.84446848907 -2.45584843507 0.283194408854 0.178941947379
4.9371401976 -2 3.84522304226 -2.4553706824 0.282697163723 0.179357118274
4.93747725131 -2 3.84531831539 -2.45531022022 0.282634356317 0.179409666636
4.93764082433 -2 3.84536454423 -2.4552808716 0.282603878907 0.179435174555
4.94119021407 -2 3.84636644169 -2.4546430022 0.281943058606 0.179989650417
4.95375766121 -2 3.84989507616 -2.45236858252 0.279611182281 0.181967921751
4.95634371752 -2 3.85061754703 -2.45189747275 0.279132881198 0.182377907093
4.9569735781 -2 3.85079332478 -2.45178256828 0.279016465946 0.182477913653
4.95857946963 -2 3.85124115628 -2.45148932341 0.278719795604 0.182733156893
4.96134881512 -2 3.852012319 -2.45098266113 0.278208669456 0.183174221704
4.96265568129 -2 3.85237574259 -2.45074314041 0.277967677811 0.183382757949
4.96750382888 -2 3.85372120419 -2.44985219331 0.277074843815 0.184158593626
4.97114554955 -2 3.85472901331 -2.44918047385 0.276405416197 0.184743667379
4.97566790029 -2 3.85597713687 -2.4483433491 0.275575584906 0.185472969111
4.98533107644 -2 3.85863152279 -2.44654352174 0.273807939527 0.187041518834
4.987051169 -2 3.85910222697 -2.4462215511 0.273494079756 0.187322187352
4.99266788015 -2 3.86063548785 -2.44516683508 0.27247088642 0.188241742275
4.99356866815 -2 3.86088085214 -2.44499720229 0.272307028792 0.188389655133
4.99633731786 -2 3.86163407734 -2.44447498663 0.27180381192 0.188845036202
4.99790849979 -2 3.86206090599 -2.44417807304 0.271518519272 0.189103969505
5.00034853148 -2 3.86272287883 -2.44371616151 0.271075862186 0.189506821396
5.00156738524 -2 3.8630531456 -2.4434850573 0.270854926929 0.189708388522
5.00499500369 -2 3.86398046817 -2.44283383578 0.270234273341 0.190276418358
5.00670561494 -2 3.86444246848 -2.44250810327 0.269924886585 0.190560560073
5.01016424498 -2 3.86537495722 -2.44184802896 0.269300083401 0.191136393513
5.01347992745 -2 3.8662668778 -2.44121336299 0.268702030582 0.191690106962
5.01683085477 -2 3.86716626588 -2.44057008228 0.268098544981 0.19225137744
5.01752458572 -2 3.86735221113 -2.4404366715 0.267973723774 0.192367785312
5.01865659445 -2 3.86765544407 -2.44021880163 0.267770130202 0.192557890777
5.02148913069 -2 3.86841319085 -2.43967269925 0.267261160936 0.193034417418
5.02285897834 -2 3.86877912907 -2.43940811312 0.267015257138 0.193265302345
5.02344040106 -2 3.86893434708 -2.43929571551 0.266910932207 0.193363384891
5.03007183698 -2 3.87070040706 -2.43800971972 0.265723049765 0.194485652405
5.03295041562 -2 3.87146457026 -2.43744917309 0.265208560141 0.194974859147
5.03492947804 -2 3.87198908409 -2.43706297164 0.264855245626 0.195311916496
5.03531372985 -2 3.87209084203 -2.43698791015 0.264786684841 0.195377427169
5.04280977181 -2 3.87407068477 -2.43551854943 0.263451684677 0.196659852234
5.04458131661 -2 3.87453712226 -2.43516988828 0.263136878169 0.196964161255
5.04780857742 -2 3.87538540824 -2.43453333693 0.262564073756 0.197519739307
5.04868475587 -2 3.87561539271 -2.43436020789 0.262408714392 0.197670844959
5.04886231004 -2 3.87566198168 -2.43432510789 0.262377239387 0.197701479995
5.04970922699 -2 3.87588412947 -2.43415760899 0.262227143515 0.197847671488
5.05849213402 -2 3.87818041836 -2.43241325177 0.260674196936 0.199370101997
5.05995033618 -2 3.87856034639 -2.43212234484 0.260417005632 0.199623990402
5.06208351942 -2 3.87911546218 -2.43169611338 0.260041093685 0.199995976774
5.0665870136 -2 3.88028476932 -2.43079365926 0.259248771468 0.200783550479
5.06809435959 -2 3.88067534687 -2.43049080953 0.258983968074 0.201047838474
5.07005620549 -2 3.88118309488 -2.43009604622 0.258639615038 0.201392328274
5.07467133468 -2 3.88237488189 -2.42916471972 0.25783086189 0.202205008527
5.08138346369 -2 3.88410153525 -2.42780351008 0.256657943695 0.203392684566
5.08232899619 -2 3.8843441353 -2.42761111606 0.256493032116 0.203560537957
5.08792122518 -2 3.88577577747 -2.42646997645 0.255519288134 0.20455604549
5.09112017217 -2 3.88659227968 -2.42581469781 0.254963510369 0.205127634261
5.0913592724 -2 3.88665323657 -2.42576564664 0.254922005896 0.205170418877
5.09572344835 -2 3.88776410808 -2.42486853966 0.254165333629 0.205952863548
5.09739746074 -2 3.88818934058 -2.42452351959 0.253875536533 0.206253758301
5.10306967733 -2 3.88962659495 -2.42335070432 0.252895440317 0.207276461262
5.10751884123 -2 3.8907500606 -2.42242670552 0.252128681055 0.208082055914
5.10825907747 -2 3.89093664782 -2.42227262564 0.252001282069 0.208216378826
5.11279582927 -2 3.89207814444 -2.42132612841 0.251221553671 0.209041429406
5.11723854577 -2 3.8931925561 -2.4203956151 0.250459780102 0.209852402511
5.12184028545 -2 3.89434329367 -2.41942798935 0.249672617273 0.210695560225
5.13029007833 -2 3.89644688257 -2.41764108469 0.24823221536 0.212252151311
5.1315844186 -2 3.89676803667 -2.41736620299 0.248012148517 0.212491548005
5.1330488948 -2 3.89713106191 -2.41705481535 0.247763339238 0.212762719455
5.13435796125 -2 3.89745525469 -2.41677613571 0.24754109949 0.213005390219
5.13687173044 -2 3.89807697912 -2.41624010235 0.247114777727 0.213472115638
5.14329227397 -2 3.89966009904 -2.41486565632 0.246028521629 0.214668565048
5.14361279131 -2 3.89973894674 -2.41479684171 0.245974394535 0.214728456904
5.15662032161 -2 3.90292421078 -2.41198788603 0.243785783033 0.217172245642
5.15885076515 -2 3.90346754355 -2.41150302496 0.243412074649 0.217593880088
5.16463926576 -2 3.90487373061 -2.41024030672 0.242444388174 0.21869165655
5.17061564831 -2 3.90631969165 -2.40892992011 0.241448593386 0.219830430972
5.17142050845 -2 3.90651396972 -2.40875292514 0.241314743367 0.219984210485
5.18084568638 -2 3.90878102945 -2.40667102229 0.239751878307 0.221792388158
5.18093592586 -2 3.90880266388 -2.40665100709 0.239736955721 0.221809765846
5.18120127797 -2 3.90886627273 -2.4065921426 0.239693079861 0.221860872719
5.1833859209 -2 3.90938952133 -2.40610699532 0.23933210497 0.22228204488
5.19043221902 -2 3.91107183083 -2.40453592923 0.238170930522 0.223645462201
5.19052689443 -2 3.91109437903 -2.40451475464 0.238155361127 0.223663833101
5.19935343518 -2 3.91319006936 -2.40253299816 0.236707620969 0.225382576372
5.20167016049 -2 3.91373801625 -2.40201032337 0.236328874191 0.225835678482
5.2111589384 -2 3.91597314464 -2.39985858221 0.234783049124 0.227700076692
5.22256214965 -2 3.91863988398 -2.39724920741 0.232936976877 0.229958930668
5.23357323708 -2 3.92119501192 -2.3947050112 0.231166547489 0.232159093755
5.2385090745 -2 3.92233406082 -2.39355666306 0.23037684212 0.233151402352
5.23943306477 -2 3.92254685822 -2.39334114716 0.230229279169 0.233337580135
5.24110660889 -2 3.92293193313 -2.39295036372 0.229962228428 0.233675123102
5.24831671208 -2 3.9245858428 -2.39126028465 0.228814909284 0.235134294615
5.25399025627 -2 3.92588148049 -2.38992296779 0.227915777252 0.236288141113
5.2544796636 -2 3.92599300523 -2.38980730225 0.227838369359 0.23638790636
5.25602444505 -2 3.92634477594 -2.38944189029 0.227594195658 0.236703051449
5.26164591176 -2 3.9276216946 -2.38810804127 0.226707690875 0.237852979198
5.26437167702 -2 3.92823906126 -2.38745894721 0.226278995839 0.238412321161
5.26552013862 -2 3.92849883002 -2.38718500403 0.22609859845 0.238648335934
5.26589559333 -2 3.92858370871 -2.38709538787 0.226039652222 0.238725538076
5.26818670117 -2 3.92910117734 -2.38654790129 0.225680261727 0.239197115383
5.26880829098 -2 3.92924142762 -2.38639917899 0.225582849842 0.239325196943
5.27480482172 -2 3.93059132671 -2.38496034546 0.224645145578 0.240563883308
5.27743373316 -2 3.9311813591 -2.38432720783 0.224235217677 0.241108686356
5.28192637348 -2 3.93218719498 -2.38324189621 0.223536329586 0.24204219916
5.28962586659 -2 3.93390371313 -2.38137211135 0.222343442383 0.243649334367
5.29175905414 -2 3.93437766112 -2.38085188448 0.222014038461 0.244096227749
5.29246181488 -2 3.93453364507 -2.38068029083 0.221905623185 0.244243607746
5.29445362101 -2 3.93497533214 -2.38019338862 0.221598626849 0.244661737624
5.29691280719 -2 3.93551981813 -2.37959108364 0.22122016664 0.245178832391
5.29982581578 -2 3.93616358163 -2.37887598143 0.220772686002 0.245792568549
5.30755350559 -2 3.93786506798 -2.3769702613 0.219589931313 0.247427092859
5.30821675659 -2 3.93801067726 -2.3768061081 0.219488712104 0.247567813417
5.31030871786 -2 3.93846950508 -2.37628774091 0.219169761869 0.248012108904
5.31352994143 -2 3.93917470883 -2.37548773398 0.218679547602 0.2486975718
5.31480295544 -2 3.93945296742 -2.37517096551 0.218486121278 0.248968909286
5.31632006376 -2 3.93978425939 -2.37479300689 0.218255831905 0.249292604074
5.31841336754 -2 3.94024080182 -2.37427069284 0.217938482181 0.249739826351
5.32547546469 -2 3.94177613148 -2.37250166397 0.216871311695 0.251253641313
5.32836739039 -2 3.94240267653 -2.3717741572 0.216435851501 0.251875792376
5.33831648304 -2 3.94454858673 -2.36925753498 0.214944636168 0.254026148783
5.34695152064 -2 3.94639908279 -2.36705590376 0.213659095341 0.255905025668
5.34699394489 -2 3.94640814698 -2.36704504698 0.213652799538 0.255914285436
5.34703842889 -2 3.94641765064 -2.36703366238 0.213646198277 0.25592399508
5.34881450647 -2 3.94679686882 -2.36657877712 0.213382812061 0.256311917281
5.36093594934 -2 3.94937251815 -2.36345580167 0.21159450767 0.258972606966
5.36218076392 -2 3.9496357999 -2.36313325761 0.211411776242 0.259247150109
5.37016339745 -2 3.95131875493 -2.36105673744 0.210244065612 0.261013488903
5.37191374686 -2 3.9516865314 -2.36059953196 0.209988971635 0.261402129376
5.37978740655 -2 3.95333540544 -2.35853443919 0.208845717906 0.263156311537
5.38002343182 -2 3.95338469428 -2.35847232141 0.208811554606 0.263209046169
5.38009835262 -2 3.9534003382 -2.35845260095 0.208800711563 0.263225787397
5.39357481431 -2 3.95620113343 -2.35488488986 0.20686062988 0.26625148559
5.39831761659 -2 3.95718062244 -2.35361957059 0.206182762128 0.267323122317
5.40118252064 -2 3.95777073054 -2.35285278546 0.205774539861 0.267972163351
5.40363543246 -2 3.9582750487 -2.35219479014 0.205425770385 0.268528895185
5.40417754137 -2 3.95838639061 -2.35204918452 0.205348783365 0.268652064306
5.40424285319 -2 3.95839980169 -2.35203163759 0.205339510457 0.268666906515
5.4129038334 -2 3.96017292877 -2.34969617669 0.204114187668 0.270641083471
5.41637113404 -2 3.9608798063 -2.34875640641 0.203626078489 0.271434733022
5.41816969913 -2 3.96124581345 -2.34826784224 0.203373435298 0.271847163711
5.42023344904 -2 3.96166522587 -2.34770632821 0.203084005437 0.272321033238
5.42670112313 -2 3.96297577972 -2.34594022994 0.202180167943 0.273810469703
5.42821140005 -2 3.9632809685 -2.34552643666 0.201969816349 0.274159222087
5.43098189428 -2 3.96383999022 -2.34476599224 0.201584637509 0.274799920384
5.43348395108 -2 3.96434393136 -2.34407770165 0.201237554929 0.275379583193
5.44103051496 -2 3.9658586439 -2.34199291622 0.200195179043 0.277133926923
5.44516815918 -2 3.96668580212 -2.34084423674 0.199626527815 0.278099627358
5.44706487509 -2 3.96706418959 -2.34031633952 0.199366536172 0.278543215242
5.44914449602 -2 3.96747850008 -2.33973656864 0.199081965901 0.279030234333
5.45023773087 -2 3.9676960614 -2.33943138268 0.198932577402 0.279286529923
5.45073588192 -2 3.96779514299 -2.33929222671 0.198864553373 0.279403378175
5.45089318997 -2 3.9678264243 -2.3392482714 0.198843078651 0.279440285133
5.45249794172 -2 3.96814534163 -2.33879953628 0.198624177054 0.279817009368
5.4534656211 -2 3.96833748242 -2.33852865312 0.198492326537 0.280044374663
5.45901882412 -2 3.96943765223 -2.33696987975 0.197737852004 0.281352022211
5.46626545772 -2 3.97086703346 -2.33492481867 0.196758892234 0.283065789828
5.47334546628 -2 3.97225671836 -2.33291475752 0.195808588922 0.284748204032
5.4763392867 -2 3.97284233442 -2.33206120372 0.195408584642 0.285462017869
5.47988998559 -2 3.9735353303 -2.33104610744 0.194935596508 0.286310454654
5.48150964796 -2 3.97385088548 -2.33058206694 0.19472035466 0.286698137539
5.49615219646 -2 3.97668791298 -2.32635831509 0.19278913644 0.290221929088
5.4993982199 -2 3.97731302067 -2.32541497206 0.192364614052 0.291007722159
5.50046985834 -2 3.9775190904 -2.32510297717 0.192224751009 0.291267511683
5.50319589767 -2 3.97804261808 -2.32430806858 0.191869613017 0.291929190788
5.50509097748 -2 3.97840599257 -2.3237544027 0.191623276882 0.292389873063
5.50578715425 -2 3.97853936445 -2.32355078843 0.191532895788 0.292559253213
5.5206555969 -2 3.98137288071 -2.31917389763 0.189617167364 0.296195218837
5.52284795371 -2 3.98178828147 -2.31852394061 0.18933705876 0.296734329764
5.52734819427 -2 3.98263905261 -2.31718606954 0.188763998229 0.297843367075
5.53563453702 -2 3.98419886399 -2.31470954691 0.187715588654 0.299893921548
5.53639960148 -2 3.98434244172 -2.31448003606 0.187619235108 0.300083799859
5.53910164093 -2 3.98484893668 -2.31366829044 0.18727953878 0.300755158068
5.54154691894 -2 3.98530651162 -2.31293211593 0.186972933925 0.301363727978
5.54195492795 -2 3.98538278752 -2.31280913576 0.18692185031 0.301465364652
5.55798740088 -2 3.98836360564 -2.30794376759 0.184931669604 0.305480236037
5.56834816961 -2 3.99027305594 -2.30476521543 0.183663440103 0.308096722669
5.57751720492 -2 3.99195197131 -2.30192959227 0.182552927099 0.310426630425
5.57866813276 -2 3.99216199653 -2.30157214447 0.182414321815 0.310720042637
5.5852139951 -2 3.99335348238 -2.29953274096 0.181629376317 0.312392865316
5.58652602239 -2 3.9935916821 -2.2991226522 0.181472735711 0.312728988602
5.59351950343 -2 3.99485789758 -2.29692930966 0.180641705114 0.314525295876
5.59742152217 -2 3.99556186465 -2.29570006381 0.180180901828 0.31553096952
5.60284180076 -2 3.99653676745 -2.29398600188 0.17954423001 0.316932016636
5.60634539404 -2 3.9971650991 -2.29287400971 0.179134823167 0.31784015351
5.61646678406 -2 3.99897224178 -2.289643704 0.177961546159 0.320474752753
5.61738404044 -2 3.99913542947 -2.28934963625 0.177855913455 0.320714331496
5.62216961986 -2 3.99998525733 -2.2878118367 0.177306683439 0.321966482474
5.62872049964 -2 4.00114432253 -2.28569704126 0.176560001141 0.323686521823
5.63093932937 -2 4.00153579954 -2.28497818737 0.176308448435 0.324270683161
5.63270813794 -2 4.00184747848 -2.284404202 0.176108407693 0.324736935307
5.63543765979 -2 4.00232774967 -2.28351684176 0.175800575087 0.325457420622
5.6403163497 -2 4.00318408844 -2.28192588748 0.175252964044 0.32674820155
5.64477795665 -2 4.00396488575 -2.28046542417 0.174755100647 0.327932002698
5.64710453208 -2 4.0043711663 -2.27970174618 0.174496596798 0.328550592157
5.65384319764 -2 4.00554452768 -2.27748170201 0.173752198419 0.330347211248
5.6545448328 -2 4.00566641173 -2.27724985332 0.173675062067 0.330534699255
5.65722669193 -2 4.00613178894 -2.27636244346 0.173380870625 0.331252069217
5.66211759582 -2 4.00697847084 -2.27473911503 0.172847000039 0.332563336107
5.66523005581 -2 4.00751592399 -2.27370272293 0.172509042053 0.333399814831
5.67221153266 -2 4.00871765877 -2.27136853286 0.171756049257 0.335281810375
5.67525534052 -2 4.00923995463 -2.27034674659 0.171429961417 0.336104803548
5.67874462053 -2 4.00983747179 -2.26917233321 0.171057802695 0.337050093871
5.68052270138 -2 4.01014145845 -2.26857260165 0.170868837478 0.337532558494
5.68450662297 -2 4.01082134568 -2.2672257412 0.170447120173 0.338615419151
5.68521269356 -2 4.01094166691 -2.26698658667 0.170372621021 0.338807603388
5.70503827335 -2 4.0142988683 -2.26021580968 0.168310713773 0.344236959246
5.70959305297 -2 4.01506442569 -2.25864502514 0.167845231748 0.345493339049
5.7126779307 -2 4.01558172368 -2.25757790435 0.167531727963 0.346346181376
5.72430083573 -2 4.01752212029 -2.25353361912 0.166363372666 0.349573348935
5.74476079546 -2 4.02090527089 -2.24632281129 0.164356483126 0.355307634972
5.74547413852 -2 4.02102248919 -2.2460692833 0.164287668593 0.355508793675
5.74777787437 -2 4.02140070931 -2.24524953546 0.164065968314 0.356159000908
5.74802013497 -2 4.02144045329 -2.24516324385 0.164042701922 0.356227426925
5.76891794089 -2 4.02484785849 -2.23765693861 0.162070017187 0.36216601441
5.77081080087 -2 4.02515446821 -2.23697089569 0.161894710306 0.362707435023
5.77613512895 -2 4.02601514356 -2.23503566052 0.161404627442 0.364233507465
5.78169595967 -2 4.02691127664 -2.23300577507 0.160897564077 0.36583231169
5.78482597391 -2 4.02741444555 -2.23185930248 0.160614314977 0.366734450353
5.785410717 -2 4.02750834814 -2.23164480738 0.160561571935 0.366903163641
5.7897951596 -2 4.0282114581 -2.23003336432 0.16016784032 0.368169967915
5.79554261434 -2 4.02913054418 -2.2279125386 0.159656370461 0.369835350171
5.80617144775 -2 4.03082254028 -2.22396519074 0.158724524743 0.372929395181
5.81283822928 -2 4.03187880308 -2.22147245342 0.158149388169 0.374879523156
5.8196153817 -2 4.03294864782 -2.21892509709 0.15757216952 0.37686939266
5.82346672547 -2 4.03355488784 -2.21747145903 0.157247504732 0.378003553439
5.82482743519 -2 4.0337687789 -2.21695683252 0.15713338212 0.378404841914
5.82503457655 -2 4.03380132611 -2.21687844291 0.157116035975 0.378465956803
5.8278365632 -2 4.03424123624 -2.21581682664 0.156882092126 0.379293344016
5.83368550089 -2 4.03515741331 -2.21359330122 0.156397940679 0.381024596614
5.83847335311 -2 4.03590528497 -2.21176560868 0.15600585399 0.382445945123
5.85010873483 -2 4.03771500553 -2.20729553559 0.155068992441 0.385915744835
5.86830628985 -2 4.04052389157 -2.20022310758 0.15364961742 0.391386949997
5.87114679213 -2 4.04096002789 -2.19911015193 0.153433159463 0.392245863241
5.88084550385 -2 4.04244459137 -2.19529161156 0.152704540247 0.395188539415
5.88136600811 -2 4.04252406447 -2.19508587236 0.152665896503 0.395346901287
5.88287355728 -2 4.0427541329 -2.19448952146 0.152554236598 0.395805819375
5.88764247301 -2 4.04348081694 -2.19259848948 0.152203615009 0.397259995876
5.90995153214 -2 4.04685848299 -2.18365970306 0.150616278137 0.404112206574
5.92461343152 -2 4.04905947353 -2.17770134888 0.149621072946 0.408660067801
5.929968002 -2 4.04985968526 -2.1755086798 0.149267231649 0.410329753979
5.93065613629 -2 4.04996238609 -2.17522624346 0.149222133365 0.410544672251
5.93157206535 -2 4.05009903662 -2.17485008253 0.149162238879 0.410830855979
5.9633537002 -2 4.05480767945 -2.16163447967 0.147178802546 0.420846336956
5.99682673014 -2 4.05970209023 -2.14736843547 0.145292959996 0.431573964199
6.00617160744 -2 4.06105755241 -2.14332129037 0.144804494254 0.434601657964
6.00905699943 -2 4.06147516174 -2.14206594111 0.144657068958 0.43553940139
6.01511352707 -2 4.06235036557 -2.13942211142 0.144352859142 0.437512189303
6.01718046832 -2 4.06264863214 -2.13851710186 0.144250669816 0.438186827303
6.02158214973 -2 4.06328311061 -2.13658517585 0.144035824974 0.439625842364
6.03149910648 -2 4.06470917683 -2.13220930192 0.143565679088 0.442879554873
6.04879925198 -2 4.06718613748 -2.12449805478 0.142792012889 0.448594177103
6.05884283507 -2 4.06861816568 -2.11997579971 0.142370275206 0.451934243451
6.05914830318 -2 4.0686616541 -2.11983773267 0.142357766426 0.452036087329
6.06577761098 -2 4.06960451199 -2.11683371003 0.142090947035 0.454250070168
6.06755341772 -2 4.06985677933 -2.11602652148 0.142020986282 0.454844352989
6.06916061471 -2 4.07008498806 -2.11529506417 0.141958220807 0.455382653468
6.08004150913 -2 4.07162738659 -2.11032022163 0.141547158972 0.459038091396
6.08401593068 -2 4.07218967613 -2.10849314759 0.141403065687 0.460378113832
6.09441230367 -2 4.07365788197 -2.10368861425 0.141041572836 0.463895547481
6.11318578847 -2 4.07630006648 -2.09491972588 0.140445889198 0.470291815104
6.11610626022 -2 4.07671011703 -2.09354479165 0.140359887994 0.471291994357
6.11769688151 -2 4.07693334442 -2.09279471093 0.140313807745 0.471837320395
6.12821247377 -2 4.07840730687 -2.08781406787 0.140022710993 0.475452808168
6.15926811096 -2 4.08274417462 -2.07288156206 0.139302019828 0.48623508088
6.16583747502 -2 4.08365890795 -2.06967975528 0.139176546335 0.488535911922
6.16637181547 -2 4.0837332748 -2.0694186607 0.139166759332 0.488723364048
6.1809002646 -2 4.0857533979 -2.06228116403 0.138924948112 0.49383775131
6.18646425206 -2 4.0865261728 -2.0595279886 0.138844823591 0.495805428962
6.19915167543 -2 4.08828678226 -2.05320895021 0.138688213074 0.500310908756
6.20262501148 -2 4.08876844558 -2.05146905585 0.138651703524 0.501548849798
6.20452558916 -2 4.08903195547 -2.05051518072 0.138632889794 0.502227059821
6.21180140949 -2 4.09004041879 -2.04685161434 0.13856850275 0.504828750227
6.21734955261 -2 4.09080912943 -2.04404524135 0.138527575782 0.506818360351
6.21854287251 -2 4.09097443886 -2.0434401906 0.138519700562 0.507246939057
6.23904770197 -2 4.0938138564 -2.03296345607 0.138436073107 0.514646783408
6.23963651507 -2 4.09389537294 -2.03266036354 0.138435123772 0.514860267607
6.25690524197 -2 4.09628605825 -2.02371521089 0.138443725057 0.521145892655
6.28634757957 -2 4.10036452086 -2.00821250444 0.13862308799 0.531971703107
6.29313969008 -2 4.10130635973 -2.00459077348 0.138694381924 0.534488577333
6.29545424104 -2 4.10162742665 -2.00335268626 0.138721266597 0.535347914055
6.31443264145 -2 4.10426274472 -1.99312564156 0.138991752029 0.542425885969
6.32621437079 -2 4.10590165758 -1.98670895394 0.139204961144 0.546848257297
6.32738914347 -2 4.10606521867 -1.98606627803 0.1392281397 0.547290406871
6.33463076625 -2 4.10707407862 -1.98209316671 0.139378746687 0.55002068942
6.35443835825 -2 4.10983968241 -1.97112443561 0.13985916076 0.557530315326
6.36464847108 -2 4.1112692499 -1.96541219727 0.140146368114 0.561424988961
6.3663054664 -2 4.11150153684 -1.96448140703 0.14019553996 0.562058571109
6.37331139371 -2 4.11248459323 -1.96053432921 0.140411388889 0.564742086552
6.38562915772 -2 4.1142168399 -1.95354893783 0.140822235697 0.569478500963
6.38761592617 -2 4.11449672515 -1.95241677523 0.140892266652 0.570244628218
6.39068510652 -2 4.11492937194 -1.95066480592 0.14100251635 0.571429335669
6.40145921403 -2 4.11645091259 -1.94448583543 0.141409474686 0.575599533205
6.40742176541 -2 4.1172948985 -1.94104696577 0.141648102684 0.577914976632
6.43193602921 -2 4.12078077302 -1.92676296029 0.142730734598 0.587491169932
6.46402300901 -2 4.12538743495 -1.90770986754 0.144398890598 0.600161801188
6.46819692582 -2 4.12599076842 -1.90520147121 0.144637158138 0.601821265558
6.46847357969 -2 4.12603079382 -1.90503496604 0.144653125654 0.601931348518
6.47052746534 -2 4.12632808188 -1.90379787462 0.144772349515 0.602748960773
6.47361227197 -2 4.12677505519 -1.90193668655 0.144953673451 0.603978132249
6.47438164207 -2 4.12688662078 -1.90147190383 0.144999319691 0.604284913866
6.47856315182 -2 4.12749359931 -1.89894169297 0.145250364974 0.605953789059
6.51292508375 -2 4.1325237517 -1.87788414445 0.147504667414 0.619764750432
6.55658279752 -2 4.13903712212 -1.85044099712 0.150871799738 0.637557227304
6.57765793334 -2 4.14223719213 -1.8369140937 0.152704058354 0.646242608051
6.6206203748 -2 4.14888859964 -1.80876939243 0.156868252356 0.66413767527
6.63285535705 -2 4.15081695337 -1.80061329262 0.158161580887 0.6692795613
6.64441502468 -2 4.15265377198 -1.79284956262 0.159428041913 0.674155913274
6.67995761777 -2 4.15839764809 -1.76862442479 0.163597159775 0.689258613426
6.70586478317 -2 4.16268241576 -1.75062764953 0.166902581684 0.700368710194
6.70930945611 -2 4.16325872971 -1.74821310089 0.16735928447 0.701852253166
6.72450598826 -2 4.16582043303 -1.73750014332 0.169422826573 0.708414490721
6.73624393208 -2 4.16782114962 -1.72915717538 0.17107154699 0.713502465708
6.74251429663 -2 4.16889801734 -1.72467597288 0.171972029015 0.716227228735
6.74468395058 -2 4.16927196655 -1.72312143259 0.1722868288 0.71717113549
6.77217280116 -2 4.17407098323 -1.70324873393 0.176419767171 0.729178055425
6.81995184268 -2 4.18269940737 -1.66792128732 0.184252973202 0.750251924518
6.83238977846 -2 4.18500952084 -1.65855995431 0.1864303086 0.755778746745
6.91520917156 -2 4.20113924539 -1.59447387497 0.202433572215 0.792977346676
6.92659179011 -2 4.20346548625 -1.58542627875 0.204842680805 0.79814037888
6.95034587166 -2 4.20841211443 -1.56635745301 0.210037702797 0.808951013721
7.09017596864 -2 4.24035361764 -1.4489370844 0.245383249516 0.873426287827
7.09580676954 -2 4.24175184111 -1.4440230619 0.246983076205 0.876046980339
7.13148052468 -2 4.25083389358 -1.41255669495 0.25744718562 0.892682157672
7.14648893301 -2 4.2547740572 -1.39914634643 0.262020800545 0.899695155271
7.35542005573 -2 4.31812605062 -1.20205365681 0.336639324508 0.997541570836
7.64639072508 -2 4.44174402073 -0.89830427452 0.475809479903 1.12929024684
7.71227134304 -2 4.47753011876 -0.825928591058 0.512773395316 1.15721656832
