1.30554467682 -2 1.30308200625 -3.22415969289 1.090620889 0.581659117502
1.41943900768 -2 1.43006847091 -3.1640940033 1.07400855587 0.537790441726
1.79314920445 -2 1.82475745347 -2.99270988435 1.00942998488 0.408187995661
1.94582538296 -2 1.97718041211 -2.9345265303 0.978986321262 0.36176207075
2.10094965223 -2 2.12682431855 -2.88208424742 0.946061116529 0.318534553453
2.10957152657 -2 2.13498459904 -2.87935776346 0.944178600429 0.316248747956
2.19749899836 -2 2.21724583692 -2.85263573038 0.924695081763 0.293639243225
2.20217190029 -2 2.22156841869 -2.85126974399 0.92364570666 0.292473384792
2.2093815363 -2 2.22822775966 -2.84917273047 0.922024029711 0.290681691449
2.24720456635 -2 2.2629683816 -2.83837833393 0.91346515188 0.281422483458
2.26022307928 -2 2.27484971181 -2.83474239516 0.910499827049 0.27828998725
2.262575841 -2 2.27699277797 -2.83408958506 0.90996288702 0.277726843067
2.26507875148 -2 2.27927120453 -2.83339655079 0.909391336043 0.277128759191
2.29402672003 -2 2.3055173135 -2.82548797515 0.90275554525 0.27028628238
2.33040382898 -2 2.33822256261 -2.81582458715 0.894352638535 0.261882718052
2.33611810289 -2 2.34333193012 -2.81433399945 0.893026409414 0.26058235095
2.41275812783 -2 2.41111612057 -2.79504133215 0.875084334089 0.243657283031
2.42302984137 -2 2.42009532177 -2.79255236811 0.872658821744 0.241461629216
2.48276349396 -2 2.47181404226 -2.77851535247 0.858463767739 0.229032413004
2.49283822303 -2 2.48045278569 -2.77621991541 0.856055197182 0.226993015413
2.50228523289 -2 2.48853112174 -2.77408601136 0.853793090978 0.225095574884
2.5043580294 -2 2.49030074164 -2.77362018872 0.853296294955 0.224681178328
2.51204300804 -2 2.49685265271 -2.77190057914 0.851452973898 0.22315083227
2.56382359529 -2 2.54062703901 -2.76061487111 0.838976408114 0.213087279784
2.58267165845 -2 2.55639960552 -2.75663422053 0.83441175767 0.209530986574
2.58516448177 -2 2.55847920336 -2.75611273089 0.833807159842 0.209064893406
2.58645563093 -2 2.55955572964 -2.75584308221 0.833493930722 0.208823872809
2.61258351055 -2 2.58125324146 -2.75045259909 0.827143924487 0.204003778377
2.61488068549 -2 2.58315293677 -2.74998464549 0.826584606586 0.203585204415
2.62710421366 -2 2.59323975996 -2.74751067729 0.823605713631 0.201372068243
2.66382958277 -2 2.62332554686 -2.74023799731 0.814629361768 0.194865709776
2.68203512549 -2 2.63811709047 -2.73672020346 0.810165682309 0.191719701675
2.6821277258 -2 2.63819211771 -2.73670245631 0.810142955771 0.191703834013
2.69984839044 -2 2.65251105519 -2.73333308199 0.805789758191 0.188692236175
2.70226259033 -2 2.65445583377 -2.73287815908 0.805196075783 0.188285786374
2.7066874983 -2 2.65801662742 -2.73204688408 0.804107557593 0.18754320585
2.71037527465 -2 2.66098055374 -2.73135659 0.803200002722 0.18692668934
2.7301353837 -2 2.6768049451 -2.7276962085 0.798331488769 0.183659732329
2.73468708908 -2 2.68043640826 -2.72686213727 0.797208732959 0.182915903944
2.74839247817 -2 2.69133999331 -2.72437102108 0.793825218022 0.180695866394
2.75979218247 -2 2.70037385896 -2.72232199866 0.791007749355 0.17887177305
2.76165202041 -2 2.70184466393 -2.72198967047 0.790547818921 0.178576109516
2.76527472667 -2 2.7047071288 -2.72134391518 0.789651727163 0.178001754135
2.78006709068 -2 2.71636150691 -2.71872859113 0.785989933864 0.175677850832
2.80252856205 -2 2.73395434746 -2.71482234801 0.780421302956 0.172214517079
2.80282629654 -2 2.73418670555 -2.71477108915 0.780347423523 0.172169138183
2.80725774494 -2 2.73764249675 -2.71400975115 0.779247613534 0.1714953571
2.80840690344 -2 2.7385378523 -2.7138128082 0.778962352246 0.171321132661
2.8347045942 -2 2.75893772171 -2.70936005938 0.772427849374 0.16739030177
2.83998416718 -2 2.76301249974 -2.70847848478 0.771114522891 0.166614098028
2.86875983519 -2 2.78509952788 -2.7037447449 0.763948457764 0.162459466436
2.87464751703 -2 2.7895932334 -2.70279080554 0.762480660197 0.161625198382
2.88488751581 -2 2.79738819191 -2.70114332585 0.759926626129 0.160186977006
2.89115841062 -2 2.80214884102 -2.70014165701 0.758361821999 0.159314212451
2.89769947725 -2 2.80710413217 -2.69910263948 0.756729024855 0.158410307793
2.90353071062 -2 2.81151266711 -2.69818134007 0.755272934787 0.157610052779
2.91008750819 -2 2.81645959573 -2.69715095559 0.753635137629 0.156716477199
2.91295719457 -2 2.81862131695 -2.69670182917 0.752918157094 0.156327470798
2.93981840055 -2 2.83875588226 -2.6925513732 0.74620215248 0.152747588714
2.95345886502 -2 2.84891135026 -2.69048012743 0.742788554617 0.150972038917
2.9562954424 -2 2.85101736042 -2.69005243403 0.74207844015 0.150606384911
2.97873745708 -2 2.86760832461 -2.68670487268 0.736457471394 0.147756805102
2.98663853307 -2 2.87341940231 -2.68554140547 0.734477409484 0.146771857438
2.98894237893 -2 2.87511088617 -2.6852036153 0.733899948525 0.146486451622
2.99850581055 -2 2.88211812916 -2.68380841927 0.731502393637 0.145310352082
3.00689910581 -2 2.88824909864 -2.68259314563 0.729397591403 0.144289619583
3.00709955105 -2 2.8883953001 -2.68256422763 0.729347318782 0.144265373805
3.01926207194 -2 2.89724756662 -2.68081858867 0.726296351885 0.142805619668
3.0249979492 -2 2.90140943784 -2.68000146819 0.724857149094 0.142124986695
3.0385510034 -2 2.91121053263 -2.6780861262 0.721455676685 0.140536561744
3.05039170763 -2 2.91973557013 -2.67643024847 0.718483070791 0.139171583645
3.05772130401 -2 2.92499506983 -2.67541328129 0.716642600476 0.138337259861
3.06170937909 -2 2.92785112526 -2.67486250294 0.715641077816 0.137886707929
3.06368309466 -2 2.92926312149 -2.67459058355 0.715145391964 0.137664615906
3.07330160607 -2 2.93613020106 -2.67327168036 0.712729514787 0.1365907042
3.08733402449 -2 2.94610687244 -2.6713659004 0.70920432369 0.135048982483
3.08965686374 -2 2.94775357568 -2.67105250698 0.708620716396 0.134796634729
3.09851760484 -2 2.95402266578 -2.66986238736 0.7063943187 0.133841475165
3.11905078335 -2 2.96847431386 -2.66713664286 0.701234225453 0.13167338241
3.13163138931 -2 2.97727643114 -2.66548833913 0.698072233419 0.130376226061
3.1318330103 -2 2.97741717311 -2.66546205545 0.698021556367 0.130355630314
3.13508706216 -2 2.97968725414 -2.66503842174 0.697203649731 0.130024067478
3.1438014816 -2 2.98575346994 -2.66390920756 0.695013224705 0.129143933505
3.17571445663 -2 3.00780552026 -2.65983821449 0.68699147742 0.126017574307
3.18063883106 -2 3.0111854907 -2.65921882415 0.685753705759 0.125548671581
3.18601998829 -2 3.01487201551 -2.65854460836 0.684401147922 0.125040398103
3.18865182656 -2 3.01667238551 -2.65821585318 0.683739646574 0.1247933773
3.19898647716 -2 3.02372520129 -2.65693115284 0.681142178703 0.123833334913
3.20829601793 -2 3.03005545448 -2.65578231125 0.678802529096 0.122982093113
3.23120737447 -2 3.04554183729 -2.65298818401 0.673045439634 0.120941830779
3.23137813457 -2 3.04565676324 -2.65296753348 0.673002537561 0.120926916211
3.23532716897 -2 3.04831252217 -2.65249067427 0.672010403001 0.120583201362
3.24248904946 -2 3.05311895115 -2.65162929782 0.670211233304 0.119965727437
3.25021117926 -2 3.05828693363 -2.65070546086 0.668271544115 0.119308436885
3.25031378805 -2 3.058355503 -2.65069321933 0.668245771896 0.119299762299
3.25345779988 -2 3.06045523953 -2.6503185605 0.667456113242 0.119034719248
3.2568441533 -2 3.0627140475 -2.64991595228 0.666605635794 0.118750877319
3.26144734023 -2 3.06577990447 -2.64937020831 0.665449636005 0.118367752077
3.26210961773 -2 3.06622056292 -2.6492918351 0.665283326191 0.118312887392
3.26508475558 -2 3.06819876571 -2.64894020715 0.66453624141 0.118067216875
3.26552478749 -2 3.06849115912 -2.64888826221 0.664425748955 0.118030992144
3.26710835997 -2 3.06954301322 -2.64870145664 0.664028120203 0.117900863734
3.2718343727 -2 3.07267842143 -2.64814517464 0.662841512187 0.117514703838
3.2719707046 -2 3.07276878571 -2.64812915452 0.662807283651 0.117503613024
3.27594024872 -2 3.07539785613 -2.64766336236 0.661810702178 0.117181883529
3.28297276789 -2 3.08004585481 -2.64684127442 0.660045349344 0.116617591851
3.28947363214 -2 3.0843314248 -2.64608484355 0.658413706084 0.116102426495
3.31067371141 -2 3.09823348375 -2.64364094922 0.653094543359 0.114465517893
3.31387113762 -2 3.10032042671 -2.64327534275 0.652292558596 0.114224356434
3.31949545305 -2 3.10398516477 -2.64263409811 0.6508820322 0.113803783914
3.32455810421 -2 3.10727714491 -2.64205890283 0.64961256285 0.11342917166
3.32709127705 -2 3.10892192373 -2.64177180474 0.648977436808 0.113243136628
3.33001768267 -2 3.11082002412 -2.64144072445 0.648243778915 0.11302939125
3.33367618881 -2 3.1131899537 -2.64102769444 0.647326674763 0.112763934397
3.33858289807 -2 3.11636318449 -2.64047526517 0.646096840837 0.112410980795
3.34009951738 -2 3.11734278045 -2.64030486367 0.645716749582 0.112302597718
3.35088147852 -2 3.12429031692 -2.63909814481 0.643015152678 0.111541761215
3.36881585 -2 3.13578212213 -2.63710880485 0.63852365162 0.110313770017
3.3730351453 -2 3.13847401629 -2.63664395651 0.637467397364 0.110031678151
3.37613082989 -2 3.14044621679 -2.63630365271 0.636692534937 0.109826356299
3.38351274955 -2 3.14513941576 -2.63549471804 0.634845188098 0.109342375492
3.38886928798 -2 3.14853640211 -2.63490995286 0.633505039526 0.108996145655
3.38974149687 -2 3.14908885627 -2.63481491032 0.633286849846 0.108940163608
3.39100531107 -2 3.14988901414 -2.63467728189 0.632970711 0.108859242805
3.39462682097 -2 3.15217968564 -2.63428346672 0.632064894222 0.108628646131
3.40080479831 -2 3.1560797989 -2.63361356814 0.630519968826 0.108239664334
3.41191101541 -2 3.16306707796 -2.63241526151 0.627743676937 0.107554315851
3.41828410147 -2 3.16706267066 -2.63173104142 0.626151176203 0.107169118249
3.41859705303 -2 3.16725861347 -2.63169750565 0.62607298807 0.107150354659
3.42066539279 -2 3.16855301175 -2.63147601106 0.625556260304 0.107026700282
3.42896244322 -2 3.17373468947 -2.6305900466 0.623483931392 0.10653689377
3.42910748429 -2 3.17382511765 -2.63057459501 0.623447712149 0.106528420074
3.42960621945 -2 3.17413602224 -2.63052147308 0.623323171334 0.106499305834
3.43907586796 -2 3.18002748281 -2.62951556022 0.620959042877 0.105953332753
3.44106056423 -2 3.18125940695 -2.62930538748 0.620463695902 0.105840548845
3.4441529349 -2 3.18317691882 -2.62897836061 0.619691989406 0.105665954108
3.44802592061 -2 3.18557510713 -2.62856953933 0.618725648195 0.105449235174
3.45978493528 -2 3.19283347011 -2.62733337347 0.615792854951 0.104804514883
3.46051816727 -2 3.19328492218 -2.62725654199 0.615610040582 0.104764974511
3.46413709595 -2 3.19551113974 -2.6268777576 0.61470784898 0.104570955804
3.46585952227 -2 3.19656955945 -2.62669772121 0.614278512837 0.10447927628
3.46975498803 -2 3.1989605706 -2.62629112817 0.61330766672 0.104273510347
3.47019234779 -2 3.19922878319 -2.62624552841 0.613198678695 0.104250544775
3.47259020392 -2 3.20069842979 -2.62599570169 0.61260119035 0.104125124366
3.48288862649 -2 3.20699404872 -2.62492611774 0.610035971562 0.103595882684
3.48680882496 -2 3.20938359863 -2.62452038989 0.609059885718 0.10339843504
3.48982326513 -2 3.21121844293 -2.62420892897 0.608309472515 0.103248111887
3.4943004953 -2 3.21393949092 -2.6237471597 0.607195154585 0.103027255828
3.4968445772 -2 3.21548344053 -2.62348520864 0.606562099133 0.102903044185
3.49945401062 -2 3.21706537757 -2.62321685568 0.605912880543 0.102776608701
3.50992182232 -2 3.2233943351 -2.62214362833 0.603309540585 0.10227924684
3.51980965618 -2 3.22934761082 -2.62113457278 0.600851967942 0.101823896009
3.52426521312 -2 3.23202227582 -2.62068133923 0.599745056496 0.101623296461
3.52558450591 -2 3.23281329928 -2.62054730741 0.599417359271 0.101564445303
3.53155077685 -2 3.23638516699 -2.61994213469 0.597935750697 0.101301418001
3.53902264926 -2 3.24084593877 -2.61918643342 0.596081061253 0.10097921168
3.54039262631 -2 3.24166232355 -2.61904813433 0.595741100097 0.100921002558
3.54109481066 -2 3.24208058244 -2.6189772796 0.595566864276 0.100891271574
3.54110001132 -2 3.24208367977 -2.6189767549 0.595565573847 0.100891051638
3.54769831073 -2 3.24600800045 -2.61831196028 0.593928709162 0.100615129104
3.54809886378 -2 3.24624588076 -2.61827166209 0.593829365738 0.100598579781
3.55566232709 -2 3.25073019627 -2.61751196023 0.591954014058 0.100290396746
3.55803775904 -2 3.25213564369 -2.61727384053 0.591365228296 0.100195295672
3.56030953855 -2 3.25347845608 -2.6170463219 0.590802224484 0.100105099352
3.57512311197 -2 3.26220317109 -2.61556767086 0.587133243921 0.0995350469348
3.58580734502 -2 3.26846211597 -2.61450632367 0.584489416113 0.0991433555106
3.59353858548 -2 3.27297355448 -2.61374088543 0.582577600663 0.0988700821711
3.59442193781 -2 3.27348807931 -2.61365356186 0.582359231298 0.0988394013606
3.59555239549 -2 3.27414625406 -2.6135418504 0.582079797242 0.0988003003451
3.59920477321 -2 3.27627058154 -2.61318122393 0.581177140445 0.0986752148529
3.59976325466 -2 3.27659511964 -2.61312612094 0.581039138013 0.0986562557844
3.60058620926 -2 3.27707320503 -2.61304494296 0.580835794112 0.0986283995295
3.60381709927 -2 3.27894853277 -2.61272646154 0.580037596212 0.0985199702442
3.60548544016 -2 3.27991588971 -2.61256214311 0.579625506232 0.0984645627908
3.60574620214 -2 3.28006702558 -2.6125364684 0.579561101249 0.0984559384333
3.61526814267 -2 3.28557437945 -2.61160045599 0.577210187278 0.0981476471606
3.6160799224 -2 3.2860428659 -2.61152079235 0.57700984389 0.0981219615133
3.61810900573 -2 3.28721315938 -2.61132175987 0.576509131516 0.0980581692801
3.62417126275 -2 3.29070357337 -2.61072787647 0.575013639232 0.0978710690419
3.63119375434 -2 3.29473552294 -2.61004132089 0.573282170764 0.0976608695392
3.63893127153 -2 3.29916392781 -2.60928653932 0.571375543 0.0974373876921
3.64161901475 -2 3.30069874928 -2.60902475485 0.570713529367 0.0973617493031
3.64849626618 -2 3.30461786775 -2.60835582775 0.569020274702 0.0971728829536
3.64939821498 -2 3.30513099499 -2.6082681939 0.568798276944 0.0971486115272
3.65834528385 -2 3.31021022526 -2.60740005729 0.566597036571 0.0969141019984
3.66442249742 -2 3.31364901654 -2.60681155722 0.565102819292 0.0967612932632
3.66871198518 -2 3.3160707579 -2.60639672701 0.564048624384 0.0966565903933
3.67137716062 -2 3.31757317424 -2.60613920572 0.563393822044 0.0965928500646
3.67320284085 -2 3.31860134202 -2.60596289764 0.562945361702 0.0965497683955
3.67843400003 -2 3.32154283945 -2.60545814881 0.561660776978 0.0964289423071
3.68448436896 -2 3.32493660256 -2.6048751297 0.560175765201 0.0962940315298
3.69260104173 -2 3.32947528644 -2.60409425132 0.558184859774 0.096121191374
3.69577062832 -2 3.33124327053 -2.60378969051 0.557407801718 0.0960562296425
3.69640524839 -2 3.33159696361 -2.60372873559 0.557252244783 0.0960433937885
3.70200416182 -2 3.33471313028 -2.60319130975 0.555880241026 0.0959326199481
3.70649343969 -2 3.33720616367 -2.60276083547 0.554780663039 0.0958470045768
3.70968279064 -2 3.33897430896 -2.60245524069 0.553999760365 0.0957879125371
3.71154427392 -2 3.34000514631 -2.60227696481 0.553544089515 0.095754088057
3.71558977488 -2 3.34224250763 -2.60188973829 0.55255406961 0.0956822681237
3.72526163376 -2 3.34757529354 -2.60096510974 0.550188698689 0.0955199413345
3.73653698861 -2 3.35376333501 -2.5998890797 0.547433948455 0.0953473891078
3.75406097393 -2 3.36331909086 -2.59822031659 0.543158608681 0.0951148397123
3.75622219861 -2 3.36449240987 -2.59801478029 0.542631851415 0.0950891611946
3.75998558382 -2 3.36653281758 -2.59765700545 0.541714873004 0.0950460190956
3.7622922061 -2 3.36778170136 -2.59743779986 0.541153019684 0.0950205640701
3.76293582259 -2 3.36812994616 -2.59737664549 0.540996269419 0.0950135952328
3.77100984571 -2 3.37249002791 -2.59660984365 0.539030752051 0.0949311342907
3.77343754353 -2 3.37379791511 -2.59637940799 0.538440080382 0.0949081367137
3.77363072451 -2 3.37390192694 -2.59636107371 0.538393084825 0.0949063423861
3.79081289384 -2 3.38311680253 -2.59473162916 0.534216947545 0.0947677778672
3.79181057587 -2 3.38364966056 -2.59463708461 0.533974693609 0.094761009307
3.80053887637 -2 3.38830110779 -2.59381022348 0.531856421998 0.0947077690126
3.80365248215 -2 3.38995592374 -2.59351536705 0.531101264275 0.0946913714356
3.80519249507 -2 3.39077353923 -2.59336954721 0.530727852118 0.0946837652708
3.80955454546 -2 3.39308629553 -2.59295657663 0.529670512058 0.0946640319937
3.81003633858 -2 3.39334145898 -2.59291096861 0.529553758731 0.0946620165789
3.81206213692 -2 3.39441373139 -2.59271921117 0.529062913064 0.0946538996147
3.82063595723 -2 3.39894092115 -2.59190779398 0.526986716464 0.0946259363919
3.8210475131 -2 3.39915778536 -2.59186885054 0.526887105808 0.094624854103
3.82156942205 -2 3.3994327395 -2.59181946534 0.526760792502 0.0946235158595
3.82201258828 -2 3.39966615832 -2.59177753164 0.526653542436 0.0946224095863
3.82277468715 -2 3.40006745036 -2.5917054209 0.526469120349 0.0946205717285
3.82294953125 -2 3.40015949667 -2.59168887708 0.526426811638 0.0946201615938
3.82536665803 -2 3.40143123066 -2.59146017502 0.525842001227 0.0946149320529
3.83041372697 -2 3.40408211188 -2.59098267007 0.524621404099 0.0946066600879
3.83090523046 -2 3.40433993591 -2.5909361707 0.524502574749 0.0946060458226
3.83102247683 -2 3.40440143027 -2.59092507849 0.524474229419 0.0946059043069
3.83114714767 -2 3.40446681504 -2.59091328392 0.524444089572 0.094605755949
3.83494965759 -2 3.40645927205 -2.5905535524 0.523525017438 0.0946022801696
3.8353276394 -2 3.40665713796 -2.5905177947 0.523433680437 0.0946020456794
3.84229705259 -2 3.41029929774 -2.58985848141 0.521750272483 0.0946013190109
3.84636490418 -2 3.41241970375 -2.58947365308 0.520768338515 0.0946040481697
3.84687879791 -2 3.4126872917 -2.58942503671 0.520644323206 0.0946045582836
3.85912458552 -2 3.41904490828 -2.58826641102 0.517691310442 0.0946276837001
3.86316105502 -2 3.42113259138 -2.58788442592 0.51671886728 0.0946399193632
3.86453195867 -2 3.42184073707 -2.58775468072 0.516388702944 0.0946445951458
3.86457353102 -2 3.42186220436 -2.58775074612 0.516378691624 0.0946447410582
3.86582641248 -2 3.42250897689 -2.58763216487 0.516077000003 0.0946492522676
3.86721373655 -2 3.42322471146 -2.58750085227 0.51574298743 0.0946545045558
3.87361495083 -2 3.42652116303 -2.58689486379 0.514202547663 0.0946822366688
3.87757453919 -2 3.4285553087 -2.58651992276 0.513250274681 0.0947022685446
3.87836992438 -2 3.42896346458 -2.5864445965 0.5130590412 0.0947065577173
3.88267853107 -2 3.4311718037 -2.58603649132 0.51202344949 0.0947313343825
3.891935948 -2 3.43590152735 -2.58515924735 0.509800236447 0.0947933748227
3.89215369515 -2 3.4360125292 -2.58513860618 0.509747973928 0.0947949787386
3.89322384234 -2 3.43655789738 -2.58503715755 0.509491143326 0.0948029580051
3.89533045287 -2 3.43763066485 -2.58483742814 0.508985665608 0.0948191344646
3.89974863172 -2 3.43987711404 -2.58441842242 0.507925960916 0.0948550817061
3.9015774541 -2 3.44080561992 -2.58424493545 0.507487487018 0.0948707620502
3.90194800143 -2 3.44099365161 -2.58420978076 0.507398657746 0.0948739962375
3.90417027531 -2 3.44212063899 -2.58399892327 0.506866010899 0.0948937963035
3.91479887562 -2 3.44749438683 -2.58298979659 0.504320554413 0.094998064984
3.91628958934 -2 3.44824591872 -2.58284817005 0.503963816297 0.0950139547906
3.9183335244 -2 3.44927548872 -2.58265394541 0.503474798985 0.0950362475235
3.92551313866 -2 3.45288408112 -2.58197132941 0.501758072943 0.095119191812
3.92626220891 -2 3.45325986635 -2.58190007525 0.501579053467 0.0951282615459
3.93918265162 -2 3.45972055622 -2.58066991269 0.498493957701 0.0952970679894
3.93980630846 -2 3.460031399 -2.58061047732 0.498345175321 0.0953058074439
3.94368724159 -2 3.46196364783 -2.58024049526 0.497419597779 0.0953614155694
3.94697609589 -2 3.46359829983 -2.57992678626 0.496635599693 0.0954101904892
3.94913615029 -2 3.46467050404 -2.57972065992 0.496120871868 0.0954430486211
3.95030721628 -2 3.4652513312 -2.57960887945 0.495841875971 0.0954611355407
3.9538086935 -2 3.46698605089 -2.57927452892 0.495007941377 0.0955163601769
3.95745521746 -2 3.46878952708 -2.5789261192 0.494139878257 0.0955756963541
3.95788702444 -2 3.46900287796 -2.57888484742 0.494037113887 0.0955828459303
3.96121731987 -2 3.47064684873 -2.57856643606 0.493244748943 0.0956388633689
3.96129520175 -2 3.47068526284 -2.57855898748 0.493226223071 0.0956401919565
3.96148159015 -2 3.47077719034 -2.57854116096 0.493181887389 0.0956433750043
3.96455918961 -2 3.47229388085 -2.57824672778 0.492449989727 0.0956966354737
3.96466542769 -2 3.47234619645 -2.57823656106 0.492424730244 0.0956984976769
3.96528775665 -2 3.47265260081 -2.5781770019 0.492276770794 0.0957094379418
3.9672626001 -2 3.47362430708 -2.57798795643 0.491807332562 0.0957445136076
3.96790981809 -2 3.47394256408 -2.5779259853 0.491653510506 0.0957561277153
3.96852262017 -2 3.47424380578 -2.57786730237 0.491507880507 0.0957671782542
3.97152055994 -2 3.47571624954 -2.57758011672 0.490795608127 0.0958219967031
3.9763022916 -2 3.47806038839 -2.57712170848 0.489660136875 0.0959120344661
3.98024519452 -2 3.47998922664 -2.57674338688 0.488724418314 0.0959886834608
3.9802850401 -2 3.48000869996 -2.57673956214 0.488714964885 0.095989469147
3.98311586004 -2 3.48139121404 -2.57646775411 0.488043482302 0.0960458563423
3.98493464011 -2 3.48227846611 -2.57629303486 0.487612199657 0.0960826760662
3.98512341835 -2 3.48237051244 -2.57627489616 0.487567441434 0.0960865242303
3.98528185253 -2 3.48244775681 -2.57625967252 0.487529878522 0.0960897576904
3.99085301404 -2 3.48516018715 -2.57572402088 0.486209550651 0.0962056907971
3.99151479037 -2 3.48548189753 -2.57566034982 0.486052782769 0.0962197504559
3.99244330691 -2 3.48593310369 -2.57557099916 0.485832851571 0.0962395803454
3.99576694962 -2 3.48754653105 -2.57525101446 0.485045839973 0.0963115499535
3.99882566657 -2 3.48902904222 -2.57495632208 0.484321887975 0.0963791477935
3.99908345949 -2 3.48915388935 -2.57493147566 0.484260886663 0.0963849048078
3.99962580732 -2 3.48941649241 -2.57487919825 0.484132558682 0.0963970468219
3.99963400411 -2 3.48942046074 -2.5748784081 0.484130619267 0.0963972306462
4.00587023303 -2 3.49243501189 -2.57427681224 0.482655745081 0.0965398089697
4.01102776405 -2 3.49492118159 -2.57377859297 0.481436980109 0.0966618330349
4.01510426015 -2 3.49688179596 -2.57338435086 0.48047431387 0.0967609116993
4.01565386394 -2 3.4971458308 -2.57333116697 0.480344568208 0.0967744474581
4.01920226962 -2 3.49884880308 -2.5729876163 0.479507141111 0.0968628547203
4.02060540061 -2 3.49952138242 -2.5728516804 0.479176120329 0.096898298825
4.0244330469 -2 3.50135377221 -2.57248060157 0.478273463411 0.0969963872713
4.02941290522 -2 3.50373258474 -2.57199725023 0.477099844759 0.0971270679754
4.03089284177 -2 3.50443840452 -2.57185347935 0.476751229651 0.0971665723659
4.03119521764 -2 3.50458255181 -2.5718240973 0.476680011123 0.0971746814383
4.03577952386 -2 3.5067653257 -2.57137833543 0.475600661513 0.0972991882188
4.03607909483 -2 3.50690779126 -2.57134918616 0.475530154772 0.0973074266133
4.03696481206 -2 3.50732888449 -2.57126298872 0.475321711601 0.0973318577702
4.03733042642 -2 3.50750265318 -2.57122740093 0.475235676571 0.0973419746543
4.03876856883 -2 3.50818586669 -2.57108738082 0.474897303708 0.097381950643
4.03961237058 -2 3.5085865024 -2.57100520005 0.474698803923 0.0974055403202
4.04371481976 -2 3.51053195181 -2.57060536205 0.47373408237 0.0975216480577
4.04538630737 -2 3.51132346435 -2.57044231599 0.473341189945 0.0975696289724
4.05284520164 -2 3.51484753241 -2.56971374434 0.471589143357 0.097788498993
4.05288381313 -2 3.51486574099 -2.56970996855 0.471580078917 0.0977896522163
4.0546364567 -2 3.5156918925 -2.56953853236 0.471168684 0.0978422184182
4.0611377231 -2 3.51875012868 -2.56890179231 0.46964361398 0.0980409570953
4.06160247873 -2 3.51896837316 -2.56885622411 0.469534649533 0.0980553905162
4.06296094491 -2 3.51960600404 -2.56872299065 0.469216194472 0.0980977520025
4.06456349859 -2 3.52035764746 -2.56856574368 0.468840605369 0.0981480564843
4.06481583579 -2 3.52047594592 -2.56854097627 0.46878147377 0.0981560101017
4.07077382122 -2 3.52326478263 -2.56795560064 0.467385975237 0.0983463897386
4.07211013151 -2 3.52388914656 -2.56782415061 0.467073157249 0.098389770804
4.07473259099 -2 3.52511322275 -2.5675660155 0.466459452594 0.0984756298636
4.07558870872 -2 3.5255124812 -2.56748169668 0.466259159331 0.0985038671357
4.07831436546 -2 3.52678247551 -2.56721308637 0.465621656024 0.0985944493531
4.07881077031 -2 3.52701358357 -2.56716413951 0.465505581277 0.0986110582052
4.07950744627 -2 3.52733783362 -2.56709543161 0.465342692209 0.0986344258552
4.08064246721 -2 3.52786585675 -2.56698345782 0.465077352307 0.0986726415616
4.08125787612 -2 3.52815202552 -2.56692272765 0.464933504665 0.098693437396
4.08464443212 -2 3.5297252093 -2.56658830231 0.464142169556 0.0988088224104
4.08695246528 -2 3.5307958432 -2.56636015703 0.463603094715 0.0988883787886
4.09104581999 -2 3.53269157993 -2.56595508076 0.462647516629 0.099031304681
4.09368975042 -2 3.53391397275 -2.56569312586 0.462030631628 0.0991248661378
4.09657342582 -2 3.53524535014 -2.56540713411 0.461358105763 0.0992280251372
4.09719963792 -2 3.53553421247 -2.56534498929 0.461212102645 0.0992505804578
4.09934710419 -2 3.53652411294 -2.56513176909 0.460711526146 0.0993283454561
4.1080082988 -2 3.54050568909 -2.56427008929 0.45869434964 0.0996485289676
4.11453191155 -2 3.54349308418 -2.56361921604 0.457176881608 0.0998966121842
4.11559136106 -2 3.54397730979 -2.56351335921 0.45693059381 0.0999374627713
4.11618737943 -2 3.54424960778 -2.56345378798 0.456792057563 0.0999605131736
4.11683962283 -2 3.54454749797 -2.56338858118 0.456640468086 0.0999857949069
4.11840519651 -2 3.54526211776 -2.56323199865 0.456276675479 0.10004672101
4.12211254832 -2 3.54695210034 -2.56286082153 0.455415570902 0.10019236274
4.12412476404 -2 3.54786802523 -2.56265913311 0.454948415002 0.10027221592
4.12859680517 -2 3.5499002535 -2.56221031199 0.453910743228 0.100451711471
4.12952286305 -2 3.55032050194 -2.56211727075 0.453695961303 0.100489230208
4.13035589577 -2 3.5506983653 -2.56203354605 0.453502783116 0.100523082473
4.13258310746 -2 3.55170783724 -2.56180955892 0.452986430046 0.100614066775
4.13289840785 -2 3.55185065277 -2.56177783342 0.452913346834 0.100627003195
4.13292305774 -2 3.55186181695 -2.56177535297 0.45290763342 0.100628015138
4.13390869015 -2 3.55230810484 -2.5616761508 0.452679200289 0.100668547521
4.1351999507 -2 3.55289243872 -2.56154612731 0.452379990851 0.100721853762
4.13662844404 -2 3.55353842442 -2.56140220478 0.452049057394 0.100781096778
4.13923725011 -2 3.55471694515 -2.56113914502 0.451444890293 0.100890026174
4.1403535147 -2 3.55522073311 -2.5610264991 0.451186458254 0.100936925817
4.14062140457 -2 3.55534159334 -2.56099945781 0.45112444495 0.100948207071
4.14107103058 -2 3.55554440727 -2.56095406465 0.451020368201 0.100967164057
4.14738511861 -2 3.55838757852 -2.56031570326 0.449559655993 0.101236361059
4.15032034207 -2 3.55970614127 -2.56001836625 0.448881148934 0.101363399683
4.15951531203 -2 3.56382382739 -2.55908447801 0.446757838868 0.101769160015
4.15992149557 -2 3.56400527403 -2.55904313735 0.446664119926 0.101787356862
4.16214476568 -2 3.56499775941 -2.55881672598 0.446151259965 0.101887367015
4.16228998628 -2 3.56506254734 -2.55880192936 0.446117767586 0.101893923567
4.16311987886 -2 3.56543269804 -2.55871735302 0.445926384731 0.101931448876
4.16377775158 -2 3.56572601092 -2.55865028528 0.445774691176 0.101961264366
4.16828647949 -2 3.56773354585 -2.55819010736 0.444735525574 0.102167233025
4.17068582516 -2 3.56879995754 -2.55794484055 0.444182859646 0.102277999077
4.17203813721 -2 3.56940042109 -2.55780648658 0.443871469635 0.102340783372
4.17318710706 -2 3.56991026434 -2.55768886959 0.443606960021 0.102394327931
4.1765113929 -2 3.57138366957 -2.55734822326 0.442841960691 0.102550286652
4.17719914529 -2 3.57168818103 -2.55727768311 0.442683747787 0.102582745432
4.17841209728 -2 3.57222496623 -2.55715322059 0.442404762806 0.102640152422
4.18030279187 -2 3.5730610078 -2.55695907476 0.441970012487 0.102730046101
4.18188982492 -2 3.57376213959 -2.55679597888 0.441605198674 0.102805887985
4.18194840951 -2 3.57378801046 -2.55678995596 0.441591733699 0.102808694393
4.18342371625 -2 3.5744392439 -2.55663822964 0.441252697875 0.102879525018
4.18384121561 -2 3.57462344688 -2.55659527353 0.441156769668 0.102899624742
4.18488669079 -2 3.57508454 -2.55648766836 0.440916583524 0.102950064127
4.18536510058 -2 3.57529545255 -2.55643841054 0.440806689114 0.102973196182
4.18582839619 -2 3.5754996517 -2.55639069831 0.44070027544 0.102995627944
4.18747653512 -2 3.57622567559 -2.55622088173 0.440321787858 0.103075670562
4.18805737347 -2 3.57648139266 -2.55616100324 0.440188427415 0.103103969771
4.19319095333 -2 3.57873811187 -2.55563106601 0.439010358147 0.103356135908
4.19769176252 -2 3.58071169188 -2.55516537717 0.437978389223 0.103580252215
4.19925263963 -2 3.58139504367 -2.55500364043 0.437620698148 0.10365863729
4.20568991714 -2 3.58420738539 -2.55433531318 0.436146594674 0.103985509509
4.20784077994 -2 3.58514494786 -2.55411153615 0.435654441471 0.104096018137
4.20909439296 -2 3.58569091046 -2.55398099972 0.435367682793 0.104160725748
4.2097626042 -2 3.58598177722 -2.55391138701 0.435214859064 0.104195306572
4.21352355459 -2 3.58761698251 -2.55351914675 0.434355056044 0.104391106117
4.21442584003 -2 3.58800880176 -2.55342493488 0.434148869658 0.104438374531
4.21560497585 -2 3.58852056368 -2.55330175158 0.433879470043 0.104500318134
4.21564087567 -2 3.58853613973 -2.553298 0.433871268851 0.104502207113
4.21642310222 -2 3.58887545576 -2.55321623974 0.433692585281 0.104543411131
4.21928126174 -2 3.59011408608 -2.55291722252 0.433039916067 0.104694693539
4.22039072052 -2 3.59059438582 -2.55280103558 0.432786660461 0.104753725203
4.22471325407 -2 3.59246298973 -2.55234773509 0.431800453112 0.104985359928
4.22691927909 -2 3.59341499802 -2.55211600384 0.431297442117 0.105104583626
4.22966434492 -2 3.59459807966 -2.55182728061 0.430671808886 0.105253890714
4.23240525116 -2 3.59577765552 -2.55153858452 0.430047443273 0.105404023937
4.2336021764 -2 3.59629222731 -2.5514123846 0.429774889693 0.105469915448
4.23373465103 -2 3.59634915958 -2.55139841203 0.429744727458 0.105477220589
4.23755551828 -2 3.5979894964 -2.55099499437 0.428875103217 0.105688974672
4.23878913799 -2 3.59851839235 -2.55086457218 0.428594466434 0.105757778877
4.2403536594 -2 3.59918865948 -2.55069904365 0.428238646509 0.105845345338
4.24394238953 -2 3.60072402925 -2.55031883176 0.427422856993 0.106047501736
4.24676192071 -2 3.60192825877 -2.55001960255 0.426782310741 0.1062075935
4.24708794335 -2 3.60206738739 -2.54998497344 0.426708266451 0.10622617673
4.24736509568 -2 3.60218564211 -2.54995553063 0.4266453249 0.106241986067
4.24811484384 -2 3.60250545486 -2.54987585987 0.426475073042 0.106284807149
4.25119060733 -2 3.60381611829 -2.54954868252 0.425776887186 0.106461300097
4.25517853344 -2 3.60551228183 -2.54912366394 0.424872255131 0.1066921073
4.25909081393 -2 3.60717276717 -2.54870580872 0.42398545542 0.106920701088
4.25958538561 -2 3.60738243068 -2.54865292162 0.423873398026 0.106949751473
4.26173010289 -2 3.6082909988 -2.54842340967 0.423387583265 0.107076125398
4.26226177906 -2 3.60851607191 -2.54836647152 0.423267180759 0.107107553217
4.26329752884 -2 3.60895434964 -2.54825550339 0.423032662147 0.107168890972
4.26332981537 -2 3.60896800776 -2.54825204323 0.423025352457 0.107170805417
4.26369020351 -2 3.60912044638 -2.54821341629 0.422943763472 0.107192184708
4.26481636443 -2 3.60959660584 -2.54809266321 0.422688846403 0.107259109185
4.26723027235 -2 3.61061627903 -2.54783357636 0.422142623467 0.10740315941
4.26775419011 -2 3.610837416 -2.54777729772 0.422024104376 0.107434532097
4.26815747558 -2 3.61100759404 -2.54773396627 0.421932882587 0.107458707409
4.27114903559 -2 3.61226882023 -2.54741222859 0.421256425868 0.107638750765
4.2716423131 -2 3.61247658905 -2.54735912547 0.421144923042 0.107668558514
4.27493675625 -2 3.61386280154 -2.54700408928 0.420400507213 0.107868509383
4.27872181057 -2 3.61545242342 -2.54659536413 0.419545826361 0.108100114998
4.28221052678 -2 3.61691472696 -2.54621785899 0.4187586242 0.108315366412
4.2847709671 -2 3.61798619471 -2.54594032097 0.418181225875 0.108474429527
4.28874642394 -2 3.61964687589 -2.54550859248 0.417285312132 0.108723219741
4.28909462701 -2 3.6197921625 -2.54547073109 0.417206874422 0.108745116377
4.29381055677 -2 3.6217571776 -2.54495719548 0.416145080854 0.10904335064
4.29640105615 -2 3.62283444676 -2.54467450551 0.415562255325 0.109208500459
4.30072764796 -2 3.62463031144 -2.54420140552 0.414589510431 0.109486428777
4.30365247334 -2 3.62584195288 -2.54388090067 0.413932404819 0.109675799151
4.30391630372 -2 3.62595115301 -2.54385196261 0.413873150516 0.109692940094
4.30507090452 -2 3.62642886187 -2.54372526793 0.413613873202 0.109768068886
4.31176836993 -2 3.62919399429 -2.54298863303 0.412111089376 0.11020755634
4.31456308904 -2 3.63034485408 -2.54268037573 0.411484614798 0.110392807182
4.31651927943 -2 3.63114936818 -2.54246429948 0.411046321382 0.110523127519
4.31660932183 -2 3.63118637885 -2.54245434743 0.411026151208 0.110529139026
4.32101809671 -2 3.63299632508 -2.54196639912 0.41003900963 0.110824874559
4.32196165022 -2 3.63338311948 -2.54186180014 0.409827860964 0.110888521546
4.32293702092 -2 3.63378274743 -2.54175361083 0.409609635527 0.110954446143
4.32343266266 -2 3.63398573957 -2.54169860885 0.409498759552 0.110987997394
4.32367540458 -2 3.6340851355 -2.54167166541 0.409444461884 0.111004441796
4.33299525623 -2 3.637891391 -2.54063416032 0.40736182311 0.111642067212
4.3398628976 -2 3.64068374546 -2.53986580761 0.405829756435 0.11211973036
4.34107507738 -2 3.64117552055 -2.53972984704 0.405559567282 0.112204728807
4.34159424507 -2 3.64138604397 -2.53967158453 0.405443868395 0.11224119617
4.34169070964 -2 3.6414251539 -2.53966075691 0.405422372224 0.112247976204
4.34259423523 -2 3.64179137273 -2.53955930952 0.40522105179 0.112311544189
4.34689124174 -2 3.64353055479 -2.5390760548 0.404264134682 0.112615432445
4.35229492588 -2 3.64571182301 -2.53846647688 0.403062007216 0.113001269963
4.35263734386 -2 3.6458498259 -2.53842777921 0.40298587808 0.113025857824
4.35674703926 -2 3.64750409908 -2.53796266988 0.402072612706 0.11332224724
4.3593429188 -2 3.64854708344 -2.53766825507 0.401496165811 0.113510684774
4.36170902026 -2 3.64949644329 -2.53739947368 0.400971024647 0.113683268062
4.3632300766 -2 3.65010608648 -2.53722647064 0.400633577502 0.113794629619
4.36467902373 -2 3.65068635081 -2.53706151144 0.400312231064 0.113901014487
4.36508740388 -2 3.65084981187 -2.53701499038 0.400221679026 0.113931052001
4.37408871281 -2 3.65444335616 -2.53598646539 0.398227817362 0.114599082124
4.37417229552 -2 3.65447664035 -2.53597688663 0.39820932147 0.114605338623
4.37457528207 -2 3.65463709539 -2.53593069616 0.398120149936 0.114635517568
4.37628242842 -2 3.65531642293 -2.53573488773 0.397742485553 0.11476361622
4.37915971564 -2 3.65645992746 -2.53540436864 0.397106276355 0.11498044674
4.38114657977 -2 3.65724848797 -2.53517576922 0.396667187465 0.115130855789
4.38773025721 -2 3.65985523202 -2.53441613561 0.395213598642 0.115633223912
4.3887772459 -2 3.6602688953 -2.53429502685 0.39498263293 0.115713677016
4.38926896897 -2 3.66046309101 -2.53423811871 0.394874177379 0.11575151547
4.38940600953 -2 3.6605172027 -2.53422225532 0.394843953517 0.115762066911
4.38968588389 -2 3.66062770076 -2.53418985347 0.394782230981 0.11578362406
4.39324328153 -2 3.66203070394 -2.53377747724 0.393998030159 0.116058591824
4.39519638428 -2 3.66279980261 -2.53355065503 0.393567748731 0.116210314277
4.39599858934 -2 3.66311545406 -2.53345740571 0.393391072181 0.116272787503
4.39971505233 -2 3.66457595785 -2.53302474349 0.392572978443 0.116563397185
4.40034118887 -2 3.66482171899 -2.53295174349 0.3924352162 0.116612549659
4.40118617092 -2 3.66515324144 -2.53285318016 0.39224933449 0.116678969365
4.40312896218 -2 3.66591488525 -2.5326263489 0.391822087764 0.116832063896
4.40480785719 -2 3.66657240413 -2.53243008923 0.391453026544 0.116964791577
4.40866425858 -2 3.66808037111 -2.53197843662 0.390605828884 0.117271170058
4.41926380569 -2 3.67220829268 -2.53073091104 0.388281088924 0.11812407296
4.42045878069 -2 3.67267212277 -2.53058969794 0.388019355831 0.11822122182
4.42097845342 -2 3.67287373626 -2.53052825059 0.387905555376 0.118263532938
4.42382725087 -2 3.67397791282 -2.53019101113 0.3872819542 0.118496155551
4.42389729939 -2 3.67400504081 -2.53018271045 0.387266625761 0.118501889888
4.42936783157 -2 3.67612032374 -2.52953321433 0.386070298948 0.118951859461
4.43170730959 -2 3.67702292907 -2.5292547029 0.385559152704 0.119145578905
4.4370901076 -2 3.67909515437 -2.52861216175 0.384384139287 0.119594233618
4.43788393274 -2 3.67940021946 -2.52851719848 0.384210980132 0.119660744926
4.43877280515 -2 3.67974164813 -2.52841080246 0.384017126366 0.119735325472
4.44155253376 -2 3.68080826975 -2.52807764629 0.383411158117 0.119969277895
4.44590787799 -2 3.68247609197 -2.52755433743 0.382462511373 0.120338035127
4.44708634975 -2 3.68292666235 -2.52741246364 0.382205993933 0.120438274417
4.4490262804 -2 3.68366770659 -2.52717866185 0.381783886227 0.120603709871
4.45329970169 -2 3.6852972451 -2.52666249029 0.380854723349 0.120970019652
4.45620177587 -2 3.6864015994 -2.52631106398 0.380224270294 0.121220251991
4.45978861295 -2 3.68776400618 -2.52587571032 0.379445663357 0.121531173752
4.46294562592 -2 3.6889608406 -2.52549160134 0.378760915242 0.121806342127
4.46739365691 -2 3.69064343794 -2.52494893736 0.377797033929 0.122196429564
4.46873588768 -2 3.69115033393 -2.52478484243 0.377506378562 0.122314691549
4.47127536676 -2 3.69210830606 -2.52447394252 0.376956722538 0.12253913882
4.47153110784 -2 3.69220470229 -2.52444260131 0.376901387639 0.122561792619
4.47347361503 -2 3.69293642833 -2.52420435725 0.376481198411 0.122734164041
4.47482523148 -2 3.69344508927 -2.52403838674 0.376188943952 0.122854416973
4.47622780064 -2 3.69397250794 -2.52386598749 0.375885774297 0.122979476588
4.48039769772 -2 3.69553803553 -2.5233523987 0.374985053528 0.123352929124
4.48183530426 -2 3.69607689369 -2.52317497302 0.374674736497 0.123482250774
4.48837592029 -2 3.69852288483 -2.52236539127 0.373264290046 0.124074315737
4.49529178054 -2 3.70109917997 -2.52150512814 0.371775412836 0.124706941796
4.4974379628 -2 3.70189658303 -2.52123727275 0.371313895525 0.124904641557
4.49896408631 -2 3.70246300385 -2.52104654554 0.370985867284 0.12504562071
4.50232894255 -2 3.70371010257 -2.52062526125 0.370263062148 0.125357623913
4.50513744398 -2 3.70474914083 -2.52027282748 0.369660236674 0.125619269186
4.50769635082 -2 3.70569436516 -2.5199510739 0.369111357432 0.125858635987
4.50825171956 -2 3.70589932499 -2.51988116147 0.368992279181 0.125910709323
4.50977283986 -2 3.70646035891 -2.51968952779 0.368666217203 0.126053559041
4.51087638261 -2 3.70686706763 -2.51955036523 0.368429744529 0.126157399208
4.51150725788 -2 3.7070994585 -2.51947075715 0.368294587231 0.126216840383
4.51275877377 -2 3.70756021756 -2.51931272113 0.368026529528 0.126334925609
4.51984739632 -2 3.7101636429 -2.51841480045 0.366509859334 0.12700796021
4.52008573952 -2 3.71025099197 -2.51838452625 0.366458911672 0.127030713868
4.52045334837 -2 3.71038569131 -2.5183378224 0.366380338619 0.12706582381
4.52195016875 -2 3.71093385779 -2.51814752085 0.36606048356 0.127208981758
4.5230754384 -2 3.71134563953 -2.51800431599 0.365820106215 0.127316813632
4.52447482785 -2 3.71185735554 -2.51782605648 0.365521269365 0.127451164676
4.52756305503 -2 3.71298515093 -2.5174319998 0.364862166808 0.127748640262
4.53067770148 -2 3.71412053386 -2.51703363961 0.364197959758 0.128050033353
4.5368736888 -2 3.71637301138 -2.51623837687 0.362878248329 0.128653696665
4.53741495108 -2 3.7165693928 -2.51616872738 0.362763063853 0.128706690057
4.5386168372 -2 3.71700523925 -2.51601396601 0.362507352312 0.128824512147
4.54202358994 -2 3.71823897868 -2.51557452293 0.361782974877 0.129159596001
4.54376378739 -2 3.71886823125 -2.51534961076 0.361413207394 0.12933139664
4.54680963166 -2 3.71996805504 -2.51495522877 0.360766416958 0.129633134028
4.54849999121 -2 3.72057757706 -2.51473596044 0.360407690938 0.129801159581
4.54942662015 -2 3.72091145045 -2.51461564042 0.360211111094 0.129893441154
4.55192949082 -2 3.72181234858 -2.51429022189 0.359680380981 0.130143309155
4.55238294934 -2 3.72197542692 -2.51423119702 0.359584263558 0.130188674502
4.55482113692 -2 3.7228515315 -2.51391347527 0.359067651771 0.130433099987
4.55566071131 -2 3.72315292115 -2.51380393182 0.358889837586 0.130517462273
4.55641942475 -2 3.72342515473 -2.51370487751 0.358729183334 0.130593785816
4.56072430329 -2 3.72496748029 -2.51314175351 0.357818262106 0.131028391739
4.56721119565 -2 3.72728416331 -2.51228965056 0.356447613301 0.131688273238
4.56748882444 -2 3.72738311534 -2.51225308621 0.356389005268 0.131716648951
4.56891074011 -2 3.72788965734 -2.51206569305 0.356088904926 0.131862151471
4.57029475772 -2 3.72838228886 -2.51188309558 0.35579691425 0.132004052747
4.57157934665 -2 3.72883916789 -2.51171344014 0.355525998588 0.132136004122
4.57288358164 -2 3.7293026783 -2.51154101648 0.355251036489 0.132270214235
4.57652293866 -2 3.73059416905 -2.51105895543 0.354484295077 0.132645999071
4.57668196983 -2 3.73065054042 -2.51103785925 0.3544508077 0.132662463046
4.58173602923 -2 3.73243926892 -2.5103660508 0.353387328605 0.133187572675
4.58537561041 -2 3.73372405933 -2.5098806128 0.352622400137 0.133567977647
4.58913992627 -2 3.73504995447 -2.50937707781 0.351832065048 0.133963409034
4.59005703107 -2 3.73537253313 -2.50925417505 0.351639639642 0.13406005497
4.59128340756 -2 3.73580361825 -2.50908968784 0.351382399948 0.134189480142
4.59329455841 -2 3.73650987773 -2.5088195992 0.350960739134 0.134402191151
4.59921742408 -2 3.73858489775 -2.50802169142 0.349720316704 0.135031984559
4.59934601004 -2 3.73862986514 -2.50800432732 0.349693409826 0.135045713028
4.60031046038 -2 3.73896703003 -2.50787403299 0.349491627549 0.135148757814
4.60108518868 -2 3.73923772856 -2.50776929754 0.349329578502 0.135231628417
4.60255411523 -2 3.73975064277 -2.50757053694 0.349022421709 0.135388991094
4.60264000227 -2 3.73978061848 -2.50755890837 0.34900446641 0.135398201517
4.60360243351 -2 3.74011641472 -2.50742854743 0.348803292997 0.135501483612
4.60925849139 -2 3.74208592623 -2.50666042221 0.347622132746 0.136111132735
4.61140768686 -2 3.74283255285 -2.50636764312 0.347173810219 0.136343987565
4.61252683665 -2 3.74322096205 -2.50621498602 0.346940463836 0.136465503627
4.6128729212 -2 3.74334102034 -2.50616775095 0.346868319127 0.136503117387
4.61719473547 -2 3.74483817569 -2.50557679336 0.345967994384 0.136974271758
4.61828559702 -2 3.74521545529 -2.50542730855 0.345740920795 0.137093617554
4.6194718742 -2 3.74562545372 -2.50526460069 0.34549406608 0.137223595659
4.62253260644 -2 3.74668194483 -2.50484408216 0.344857540696 0.137559884781
4.63374105261 -2 3.75053422111 -2.50329530276 0.342531373767 0.138802835361
4.63466998536 -2 3.75085232056 -2.50316631624 0.342338925576 0.138906656417
4.64884341458 -2 3.7556836626 -2.50118623433 0.339409094393 0.140506082816
4.64981331915 -2 3.75601276028 -2.50104990347 0.339209050324 0.140616587251
4.65194107611 -2 3.75673404855 -2.50075044774 0.338770399599 0.140859482777
4.65834658136 -2 3.75889982019 -2.4998458214 0.337451542387 0.141594632457
4.65874018431 -2 3.75903262617 -2.49979008039 0.337370584165 0.141639997861
4.65931538038 -2 3.75922664663 -2.49970859075 0.337252292156 0.141706333134
4.66003316003 -2 3.75946866652 -2.49960684713 0.33710470575 0.141789178735
4.6641692124 -2 3.76086119227 -2.499019411 0.336254891096 0.142268001478
4.66669121412 -2 3.76170857538 -2.49866024182 0.335737227738 0.142561175622
4.66886130533 -2 3.76243667334 -2.49835059716 0.335292113325 0.142814173424
4.67046051914 -2 3.76297261522 -2.4981220576 0.334964280919 0.143001049551
4.67419795684 -2 3.76422309334 -2.4975867826 0.3341987429 0.143439222446
4.67654723539 -2 3.76500765507 -2.49724947981 0.33371798768 0.143715677927
4.67681936241 -2 3.76509846116 -2.49721036651 0.33366232206 0.143747752285
4.67771933557 -2 3.76539866571 -2.49708094985 0.333478258854 0.143853903889
4.67845556567 -2 3.76564412705 -2.4969750083 0.333327722254 0.143940828741
4.68401629897 -2 3.76749451587 -2.49617276251 0.332191821427 0.144599891393
4.69406868576 -2 3.77082353716 -2.49471315723 0.330143353273 0.145802613051
4.69592239678 -2 3.77143517856 -2.49444267481 0.329766304916 0.146025991589
4.6966212249 -2 3.77166557891 -2.4943405983 0.329624218678 0.146110331383
4.70064816491 -2 3.77299130902 -2.49375124094 0.328806064722 0.146597704908
4.70278955446 -2 3.77369494602 -2.49343704022 0.328371420001 0.146857826299
4.71386291093 -2 3.77731869655 -2.49180334345 0.326128519144 0.148213503041
4.71490339954 -2 3.7776579204 -2.49164906247 0.325918174786 0.148341796945
4.71519190265 -2 3.7777519404 -2.49160626029 0.325859863615 0.148377397534
4.71698123479 -2 3.77833468901 -2.49134056659 0.325498330727 0.148598465414
4.71828023884 -2 3.77875734255 -2.49114743242 0.325235998041 0.148759244241
4.72487761367 -2 3.78089865678 -2.49016331054 0.323905355147 0.149579572113
4.72537825874 -2 3.78106079315 -2.49008840862 0.323804494263 0.149642080013
4.72658464488 -2 3.78145128011 -2.4899077918 0.323561520624 0.149792851941
4.72744625467 -2 3.78172998942 -2.48977868261 0.323388045221 0.149900663219
4.73307055862 -2 3.78354564113 -2.48893361231 0.322256848015 0.150607058567
4.73453877945 -2 3.78401856908 -2.48871235224 0.321961891009 0.150792216142
4.74112202212 -2 3.78613377463 -2.48771690974 0.32064109962 0.151626267325
4.74365700387 -2 3.78694595076 -2.48733213137 0.320133270616 0.151949105953
4.74624465472 -2 3.78777367422 -2.4869385132 0.319615329244 0.152279612574
4.74653618934 -2 3.7878668449 -2.48689411319 0.319557003817 0.152316909538
4.74756742754 -2 3.78819627796 -2.48673697014 0.319350735995 0.152448938031
4.74759925453 -2 3.78820644183 -2.48673211809 0.319344371098 0.152453015264
4.75225156619 -2 3.78968996938 -2.48602147126 0.318414706478 0.153050584776
4.75805414005 -2 3.79153423604 -2.48513121213 0.31725720958 0.153800300055
4.75983838859 -2 3.79209998517 -2.48485658816 0.316901740766 0.154031814086
4.76320412619 -2 3.79316546615 -2.48433742137 0.316231779816 0.154469791299
4.76941994271 -2 3.79512726579 -2.48337474227 0.314996506431 0.155282968477
4.77531620677 -2 3.79698112122 -2.48245686715 0.313827152409 0.156059528988
4.78222056908 -2 3.79914318046 -2.48137621942 0.312460874878 0.156975285178
4.7840312678 -2 3.7997086293 -2.48109176633 0.312103101198 0.157216594026
4.78949379788 -2 3.80141055808 -2.48023097286 0.31102512779 0.157947467893
4.79509613148 -2 3.80314993385 -2.47934398921 0.309921696712 0.158701560645
4.79934376544 -2 3.80446459443 -2.47866866395 0.309086530624 0.159276354386
4.80313959945 -2 3.80563642164 -2.47806309962 0.308341255091 0.159792235566
4.80487417778 -2 3.80617096888 -2.47778572273 0.308001020631 0.16002867673
4.80606225634 -2 3.80653676019 -2.47759549997 0.307768102009 0.160190877511
4.80915602161 -2 3.80748798563 -2.47709925322 0.307162042127 0.160614215908
4.80931218327 -2 3.80753595016 -2.47707416976 0.307131468217 0.160635621471
4.81062868669 -2 3.80794012043 -2.47686257379 0.306873786058 0.160816220158
4.81275775533 -2 3.80859303292 -2.47651987409 0.306457315375 0.16110882241
4.81548123184 -2 3.80942693783 -2.47608058772 0.305925034791 0.161484080121
4.81831631239 -2 3.81029347576 -2.47562221276 0.305371495657 0.161875866104
4.81949679459 -2 3.81065382565 -2.47543102491 0.305141177625 0.162039345758
4.81965455176 -2 3.81070196148 -2.47540546036 0.305110405843 0.162061208259
4.82326134082 -2 3.81180116299 -2.4748200378 0.304407352149 0.162562040907
4.83134870503 -2 3.81425665366 -2.47350077827 0.302834269263 0.163691952036
4.8327041049 -2 3.81466693708 -2.4732787815 0.302571083434 0.163882255266
4.83405841746 -2 3.81507653518 -2.47305670503 0.302308239475 0.164072674339
4.83408792757 -2 3.81508545624 -2.47305186316 0.302302513632 0.164076826508
4.83812517301 -2 3.81630434604 -2.47238829714 0.301519753532 0.164646081803
4.83975169742 -2 3.81679451933 -2.4721203095 0.301204724798 0.164876097614
4.84044102458 -2 3.81700210222 -2.47200662254 0.301071271629 0.16497369607
4.84455020555 -2 3.81823762593 -2.47132751898 0.300276445228 0.16555693904
4.84587315047 -2 3.8186347063 -2.47110837198 0.300020810355 0.165745239742
4.84747627841 -2 3.81911543013 -2.47084247827 0.299711204207 0.165973763891
4.85016793283 -2 3.81992145052 -2.47039521744 0.299191792006 0.166358303597
4.85122633706 -2 3.82023800864 -2.47021906318 0.298987693704 0.16650980211
4.85811803356 -2 3.82229396794 -2.4690681203 0.297660712656 0.167500288255
4.86001490016 -2 3.82285824528 -2.46875013541 0.297296080842 0.167774132192
4.86018621341 -2 3.82290917322 -2.46872139136 0.297263162458 0.167798890086
4.86400432608 -2 3.82404275843 -2.46807966215 0.296530055699 0.168351795295
4.86496323028 -2 3.8243270144 -2.46791816239 0.296346106115 0.168490991634
4.86967837578 -2 3.82572219947 -2.46712208657 0.29544256496 0.169177416172
4.86993568702 -2 3.82579821408 -2.46707855069 0.295393304556 0.169214969199
4.87272359499 -2 3.8266210003 -2.46660622764 0.294859891572 0.169622471514
4.87822035512 -2 3.82823888867 -2.46567163922 0.293809869612 0.170429268611
4.88020662187 -2 3.82882209741 -2.46533283096 0.293430991085 0.170721899723
4.88074240048 -2 3.82897928438 -2.46524134088 0.293328841864 0.170800933896
4.88276718028 -2 3.82957282028 -2.46489520415 0.292942998413 0.171099996221
4.8862493969 -2 3.83059175772 -2.46429850017 0.292280137121 0.171615735079
4.88629836551 -2 3.83060607005 -2.46429009621 0.292270822078 0.171623000378
4.88920329493 -2 3.83145429442 -2.46379091736 0.291718552372 0.172054626286
4.8998241197 -2 3.83454188695 -2.46195513565 0.289704751711 0.1736432945
4.90111166058 -2 3.83491473713 -2.46173143836 0.289461198693 0.173837015827
4.90755199857 -2 3.8367750476 -2.46060874133 0.288244814368 0.174809690531
4.90858229968 -2 3.83707192672 -2.46042855449 0.288050513051 0.174965863434
4.91108580218 -2 3.8377924718 -2.45999005185 0.287578720932 0.175345997187
4.91256081533 -2 3.83821644962 -2.45973124898 0.287300973538 0.175570397682
4.91493731212 -2 3.83889868861 -2.45931357671 0.286853823725 0.175932621108
4.91560267203 -2 3.83908950827 -2.45919648463 0.286728710058 0.176034184171
4.91671394567 -2 3.83940802654 -2.45900076839 0.286519822514 0.176203959088
4.91854550624 -2 3.83993249012 -2.4586777839 0.286175747581 0.176484174233
4.92022832066 -2 3.84041380524 -2.45838057709 0.285859842115 0.176742069471
4.9214275416 -2 3.84075647971 -2.4581685142 0.28563485134 0.1769261084
4.92785304872 -2 3.84258796121 -2.45702849897 0.284431216487 0.177915824942
4.92815441627 -2 3.84267367105 -2.4569748739 0.284374841905 0.177962394367
4.92910842141 -2 3.84294488128 -2.45680502675 0.284196429451 0.178109902559
4.92999271849 -2 3.84319612251 -2.45664746439 0.284031116108 0.178246752814
4.93447341781 -2 3.84446690632 -2.45584723866 0.283194408834 0.178941947463
4.9371401976 -2 3.84522146086 -2.45536948701 0.282697163706 0.179357118359
4.93747725131 -2 3.84531673442 -2.45530902519 0.2826343563 0.179409666721
4.93764082433 -2 3.84536296352 -2.45527967671 0.28260387889 0.179435174641
4.94119021407 -2 3.84636486238 -2.45464180838 0.281943058592 0.179989650505
4.95375766121 -2 3.84989350386 -2.45236739396 0.279611182281 0.181967921848
4.95634371752 -2 3.85061597612 -2.45189628523 0.279132881201 0.182377907191
4.9569735781 -2 3.85079175426 -2.45178138111 0.27901646595 0.182477913752
4.95857946963 -2 3.85123958673 -2.4514881369 0.278719795611 0.182733156993
4.96134881512 -2 3.85201075086 -2.45098147571 0.278208669467 0.183174221806
4.96265568129 -2 3.85237417516 -2.45074195551 0.277967677823 0.183382758052
4.96750382888 -2 3.85371963952 -2.44985101048 0.277074843835 0.184158593733
4.97114554955 -2 3.85472745005 -2.44917929208 0.276405416223 0.184743667489
4.97566790029 -2 3.85597557642 -2.44834216945 0.27557558494 0.185472969225
4.98533107644 -2 3.85862996721 -2.44654234575 0.273807939581 0.187041518957
4.987051169 -2 3.85910067278 -2.44622037615 0.273494079814 0.187322187477
4.99266788015 -2 3.8606339365 -2.44516566227 0.272470886491 0.188241742406
4.99356866815 -2 3.86087930145 -2.44499602997 0.272307028865 0.188389655264
4.99633731786 -2 3.86163252808 -2.44447381539 0.271803811999 0.188845036336
4.99790849979 -2 3.86205935744 -2.44417690234 0.271518519356 0.189103969641
5.00034853148 -2 3.86272133167 -2.44371499185 0.271075862276 0.189506821535
5.00156738524 -2 3.86305159913 -2.44348388817 0.270854927023 0.189708388663
5.00499500369 -2 3.86397892308 -2.44283266767 0.270234273444 0.190276418502
5.00670561494 -2 3.8644409248 -2.44250693622 0.269924886694 0.190560560219
5.01016424498 -2 3.86537341491 -2.44184686293 0.26930008352 0.191136393663
5.01347992745 -2 3.86626533761 -2.44121219854 0.268702030711 0.191690107116
5.01683085477 -2 3.86716472803 -2.44056891969 0.268098545121 0.192251377598
5.01752458572 -2 3.86735067302 -2.44043550863 0.267973723917 0.192367785471
5.01865659445 -2 3.86765390666 -2.44021763927 0.267770130349 0.192557890937
5.02148913069 -2 3.86841165484 -2.43967153795 0.267261161093 0.193034417582
5.02285897834 -2 3.86877759376 -2.43940695234 0.2670152573 0.193265302511
5.02344040106 -2 3.86893281242 -2.4392945552 0.266910932371 0.193363385058
5.03007183698 -2 3.87069887588 -2.43800856203 0.265723049954 0.19448565258
5.03295041562 -2 3.87146304052 -2.43744801648 0.265208560343 0.194974859327
5.03492947804 -2 3.87198755544 -2.4370618159 0.264855245836 0.195311916679
5.03531372985 -2 3.87208931367 -2.43698675459 0.264786685052 0.195377427352
5.04280977181 -2 3.87406916087 -2.43551739731 0.263451684922 0.196659852428
5.04458131661 -2 3.87453559879 -2.43516873638 0.263136878423 0.196964161452
5.04780857742 -2 3.87538388615 -2.43453218606 0.262564074025 0.197519739509
5.04868475587 -2 3.87561387135 -2.43435905757 0.262408714665 0.197670845162
5.04886231004 -2 3.87566046032 -2.43432395757 0.262377239662 0.197701480199
5.04970922699 -2 3.87588260879 -2.43415645919 0.262227143793 0.197847671694
5.05849213402 -2 3.87817890286 -2.43241210594 0.260674197261 0.199370102217
5.05995033618 -2 3.87855883129 -2.43212119921 0.260417005966 0.199623990625
5.06208351942 -2 3.87911394779 -2.43169496829 0.260041094031 0.199995977001
5.0665870136 -2 3.88028325774 -2.43079251628 0.25924877184 0.200783550713
5.06809435959 -2 3.88067383601 -2.43048966709 0.258983968456 0.201047838711
5.07005620549 -2 3.88118158511 -2.43009490466 0.258639615433 0.201392328514
5.07467133468 -2 3.88237337453 -2.42916357991 0.257830862315 0.202205008776
5.08138346369 -2 3.8841000314 -2.42780237291 0.256657944165 0.203392684829
5.08232899619 -2 3.88434263215 -2.42760997941 0.256493032593 0.203560538222
5.08792122518 -2 3.8857742771 -2.42646884189 0.255519288652 0.204556045766
5.09112017217 -2 3.8865907814 -2.42581356482 0.254963510912 0.205127634544
5.0913592724 -2 3.88665173832 -2.42576451368 0.254922006441 0.20517041916
5.09572344835 -2 3.88776261193 -2.42486740827 0.254165334209 0.205952863841
5.09739746074 -2 3.88818784555 -2.42452238911 0.253875537127 0.206253758598
5.10306967733 -2 3.88962510303 -2.42334957613 0.25289544096 0.207276461572
5.10751884123 -2 3.89074857078 -2.4224255789 0.252128681738 0.208082056235
5.10825907747 -2 3.89093515872 -2.42227149957 0.252001282758 0.208216379149
5.11279582927 -2 3.89207665744 -2.42132500391 0.251221554403 0.20904142974
5.11723854577 -2 3.89319107193 -2.42039449274 0.250459780879 0.209852402856
5.12184028545 -2 3.89434181161 -2.41942686857 0.249672618096 0.210695560582
5.13029007833 -2 3.89644540546 -2.41763996765 0.248232216276 0.212252151691
5.1315844186 -2 3.89676656027 -2.41736508649 0.248012149448 0.212491548389
5.1330488948 -2 3.89712958622 -2.41705369939 0.247763340185 0.212762719843
5.13435796125 -2 3.89745377972 -2.41677502028 0.247541100453 0.213005390611
5.13687173044 -2 3.89807550555 -2.41623898798 0.24711477872 0.213472116037
5.14329227397 -2 3.89965862901 -2.41486454463 0.246028522701 0.214668565467
5.14361279131 -2 3.89973747672 -2.41479573002 0.245974395611 0.214728457323
5.15662032161 -2 3.90292274784 -2.41198677969 0.243785784285 0.217172246103
5.15885076515 -2 3.90346608202 -2.41150191969 0.243412075933 0.217593880557
5.16463926576 -2 3.9048722719 -2.41023920359 0.242444389544 0.218691657039
5.17061564831 -2 3.90631823651 -2.40892881968 0.241448594849 0.219830431482
5.17142050845 -2 3.90651251499 -2.40875182507 0.241314744844 0.219984210998
5.18084568638 -2 3.90877957996 -2.40666992614 0.239751879941 0.221792388706
5.18093592586 -2 3.90880121442 -2.40664991097 0.239736957356 0.221809766394
5.18120127797 -2 3.90886482329 -2.40659104649 0.239693081501 0.221860873268
5.1833859209 -2 3.90938807326 -2.40610590025 0.239332106648 0.222282045438
5.19043221902 -2 3.91107038638 -2.40453483691 0.238170932329 0.223645462787
5.19052689443 -2 3.91109293458 -2.40451366232 0.238155362936 0.223663833687
5.19935343518 -2 3.91318862989 -2.40253190963 0.23670762295 0.225382576995
5.20167016049 -2 3.91373657817 -2.40200923589 0.236328876218 0.225835679115
5.2111589384 -2 3.9159717116 -2.39985749858 0.234783051353 0.227700077367
5.22256214965 -2 3.91863845736 -2.39724812868 0.232936979369 0.229958931398
5.23357323708 -2 3.92119359102 -2.39470393685 0.231166550256 0.23215909454
5.2385090745 -2 3.92233264281 -2.39355559093 0.230376845019 0.233151403163
5.23943306477 -2 3.92254544091 -2.39334007556 0.230229282092 0.233337580951
5.24110660889 -2 3.92293051656 -2.39294929268 0.229962231397 0.233675123928
5.24831671208 -2 3.92458443048 -2.39125921686 0.228814912458 0.23513429548
5.25399025627 -2 3.92588007109 -2.38992190226 0.227915780594 0.236288142011
5.2544796636 -2 3.92599159581 -2.38980623671 0.227838372716 0.236387907261
5.25602444505 -2 3.92634336823 -2.38944082615 0.227594199062 0.236703052358
5.26164591176 -2 3.92762028949 -2.38810697906 0.226707694455 0.237852980141
5.26437167702 -2 3.92823765761 -2.38745788612 0.226278999507 0.23841232212
5.26552013862 -2 3.92849742708 -2.38718394348 0.226098602155 0.238648336901
5.26589559333 -2 3.92858230578 -2.38709432734 0.22603965594 0.238725539045
5.26818670117 -2 3.92909977583 -2.38654684185 0.225680265521 0.239197116366
5.26880829098 -2 3.92924002611 -2.38639811955 0.225582853658 0.23932519793
5.27480482172 -2 3.93058992882 -2.38495928881 0.2246451496 0.240563884333
5.27743373316 -2 3.93117996265 -2.3843261523 0.224235221792 0.241108687399
5.28192637348 -2 3.93218580109 -2.38324084271 0.223536333863 0.242042200233
5.28962586659 -2 3.93390232314 -2.38137106084 0.222343446953 0.243649335492
5.29175905414 -2 3.9343762726 -2.3808508351 0.222014043114 0.24409622889
5.29246181488 -2 3.93453225752 -2.38067924229 0.221905627866 0.244243608892
5.29445362101 -2 3.93497394506 -2.38019234037 0.221598631609 0.244661738784
5.29691280719 -2 3.93551843249 -2.37959003651 0.2212201715 0.245178833568
5.29982581578 -2 3.93616219741 -2.3788749354 0.220772690982 0.245792569747
5.30755350559 -2 3.93786368813 -2.37696921869 0.219589936625 0.247427094116
5.30821675659 -2 3.93800929807 -2.37680506598 0.219488717445 0.247567814679
5.31030871786 -2 3.93846812664 -2.37628669941 0.219169767304 0.248012110182
5.31352994143 -2 3.93917333256 -2.37548669417 0.218679553182 0.248697573104
5.31480295544 -2 3.93945159187 -2.37516992626 0.218486126917 0.248968910599
5.31632006376 -2 3.93978288458 -2.37479196822 0.218255837614 0.2492926054
5.31841336754 -2 3.94023942871 -2.37426965559 0.217938487989 0.249739827693
5.32547546469 -2 3.94177476173 -2.37250062928 0.216871317845 0.251253642714
5.32836739039 -2 3.94240130824 -2.37177312366 0.216435857796 0.251875793801
5.33831648304 -2 3.9445472242 -2.36925650598 0.214944642984 0.254026150295
5.34695152064 -2 3.94639772502 -2.36705487859 0.213659102638 0.255905027259
5.34699394489 -2 3.94640678921 -2.36704402182 0.213652806838 0.255914287027
5.34703842889 -2 3.94641629345 -2.36703263769 0.213646205579 0.255923996672
5.34881450647 -2 3.9467955121 -2.36657775273 0.213382819465 0.25631191889
5.36093594934 -2 3.94937116791 -2.36345478247 0.211594515806 0.258972608692
5.36218076392 -2 3.94963445043 -2.36313223902 0.211411784456 0.259247151848
5.37016339745 -2 3.95131740977 -2.36105572231 0.210244074345 0.261013490723
5.37191374686 -2 3.95168518766 -2.36059851795 0.209988980485 0.261402131215
5.37978740655 -2 3.95333406605 -2.35853342868 0.208845727301 0.263156313459
5.38002343182 -2 3.95338335493 -2.35847131095 0.208811564018 0.263209048094
5.38009835262 -2 3.95339899885 -2.35845159049 0.20880072098 0.263225789322
5.39357481431 -2 3.9561998013 -2.35488388529 0.206860640299 0.266251487668
5.39831761659 -2 3.95717929322 -2.35361856837 0.20618277292 0.267323124451
5.40118252064 -2 3.95776940278 -2.35285178444 0.205774550884 0.267972165519
5.40363543246 -2 3.95827372238 -2.3521937903 0.205425781609 0.268528897382
5.40417754137 -2 3.95838506469 -2.35204818505 0.205348794635 0.26865206651
5.40424285319 -2 3.95839847634 -2.35203063859 0.205339521732 0.26866690872
5.4129038334 -2 3.96017160748 -2.349695181 0.204114199682 0.270641085784
5.41637113404 -2 3.96087848718 -2.34875541249 0.203626090811 0.271434735379
5.41816969913 -2 3.96124449505 -2.34826684894 0.203373447782 0.271847166091
5.42023344904 -2 3.96166390892 -2.34770533609 0.20308401811 0.272321035645
5.42670112313 -2 3.96297446637 -2.34593924081 0.202180181223 0.273810472197
5.42821140005 -2 3.96327965589 -2.34552544815 0.201969829774 0.274159224601
5.43098189428 -2 3.96383867906 -2.34476500496 0.201584651204 0.274799922936
5.43348395108 -2 3.96434262163 -2.34407671556 0.201237568872 0.27537958578
5.44103051496 -2 3.96585733848 -2.34199193375 0.200195193759 0.277133929617
5.44516815918 -2 3.96668449886 -2.34084325611 0.199626542971 0.278099630113
5.44706487509 -2 3.96706288746 -2.34031535988 0.199366551533 0.278543218024
5.44914449602 -2 3.96747719899 -2.33973558984 0.19908198149 0.279030237146
5.45023773087 -2 3.96769476102 -2.33943040447 0.198932593112 0.279286532753
5.45073588192 -2 3.96779384258 -2.33929124852 0.198864569139 0.279403381012
5.45089318997 -2 3.9678251239 -2.33924729322 0.198843094434 0.279440287973
5.45249794172 -2 3.96814404264 -2.33879855924 0.198624193017 0.279817012232
5.4534656211 -2 3.96833618346 -2.33852767617 0.198492342609 0.280044377541
5.45901882412 -2 3.96943635683 -2.33696890577 0.197737868717 0.281352025176
5.46626545772 -2 3.97086574165 -2.33492384784 0.196758909817 0.283065792908
5.47334546628 -2 3.97225543082 -2.33291379033 0.195808607395 0.284748207228
5.4763392867 -2 3.97284104835 -2.33206023785 0.195408603503 0.285462021115
5.47988998559 -2 3.97353404632 -2.33104514338 0.194935615839 0.286310457961
5.48150964796 -2 3.97384960226 -2.33058110355 0.194720374208 0.286698140874
5.49615219646 -2 3.97668663753 -2.32635735862 0.19278915806 0.290221932685
5.4993982199 -2 3.97731174733 -2.32541401741 0.192364636157 0.291007725816
5.50046985834 -2 3.97751781806 -2.32510202346 0.192224773277 0.291267515361
5.50319589767 -2 3.97804134683 -2.32430711581 0.191869635703 0.291929194517
5.50509097748 -2 3.97840472207 -2.32375345065 0.191623299864 0.292389876828
5.50578715425 -2 3.97853809459 -2.32354983691 0.191532918879 0.292559256991
5.5206555969 -2 3.98137161852 -2.31917295319 0.189617192903 0.296195222911
5.52284795371 -2 3.98178702065 -2.3185229974 0.189337084679 0.296734333883
5.52734819427 -2 3.98263779382 -2.31718512829 0.188764024946 0.297843371289
5.53563453702 -2 3.98419761 -2.31470861007 0.187715616899 0.29989392594
5.53639960148 -2 3.98434118778 -2.31447909934 0.187619263498 0.300083804268
5.53910164093 -2 3.98484768406 -2.31366735499 0.187279567688 0.300755162537
5.54154691894 -2 3.9853052604 -2.3129311818 0.18697296331 0.301363732502
5.54195492795 -2 3.98538153668 -2.312808202 0.186921879774 0.301465369185
5.55798740088 -2 3.98836236321 -2.3079428419 0.184931702385 0.305480240945
5.56834816961 -2 3.99027181886 -2.30476429502 0.183663475209 0.308096727833
5.57751720492 -2 3.99195073887 -2.30192867655 0.182552964391 0.310426635826
5.57866813276 -2 3.99216076472 -2.30157122937 0.18241435939 0.310720048068
5.5852139951 -2 3.99335225388 -2.29953182926 0.181629415542 0.312392870923
5.58652602239 -2 3.99359045425 -2.29912174118 0.181472775275 0.312728994245
5.59351950343 -2 3.994856673 -2.2969284021 0.180641746531 0.314525301714
5.59742152217 -2 3.99556064201 -2.29569915829 0.180180944314 0.315530975468
5.60284180076 -2 3.99653554732 -2.2939850991 0.179544274025 0.316932022742
5.60634539404 -2 3.99716388095 -2.29287310897 0.179134868198 0.31784015972
5.61646678406 -2 3.99897102869 -2.28964280875 0.177961594252 0.320474759271
5.61738404044 -2 3.99913421673 -2.28934874147 0.177855961834 0.320714338043
5.62216961986 -2 3.99998404674 -2.28781094431 0.177306733342 0.321966489173
5.62872049964 -2 4.00114311499 -2.28569615236 0.176560053206 0.323686528734
5.63093932937 -2 4.00153459329 -2.28497729985 0.176308501252 0.324270690145
5.63270813794 -2 4.00184627277 -2.28440331524 0.176108461117 0.32473694235
5.63543765979 -2 4.00232654518 -2.28351595642 0.175800629461 0.325457427757
5.6403163497 -2 4.00318288644 -2.28192500497 0.175253020156 0.326748208852
5.64477795665 -2 4.00396368646 -2.28046454469 0.174755158396 0.327932010156
5.64710453208 -2 4.00436996724 -2.27970086726 0.174496655418 0.328550599697
5.65384319764 -2 4.00554333254 -2.27748082756 0.173752259635 0.330347219032
5.6545448328 -2 4.00566521628 -2.27724897869 0.173675123559 0.330534707065
5.65722669193 -2 4.00613059466 -2.27636157029 0.173380933186 0.331252077126
5.66211759582 -2 4.0069772789 -2.27473824471 0.172847064594 0.3325633442
5.66523005581 -2 4.00751473311 -2.27370185413 0.17250910791 0.333399823043
5.67221153266 -2 4.00871647138 -2.27136766831 0.171756118125 0.33528181886
5.67525534052 -2 4.00923876835 -2.27034588364 0.171430031639 0.336104812155
5.67874462053 -2 4.00983628719 -2.26917147236 0.171057874502 0.33705010262
5.68052270138 -2 4.01014027438 -2.26857174167 0.170868910106 0.337532567316
5.68450662297 -2 4.01082016326 -2.26722488347 0.170447194672 0.338615428138
5.68521269356 -2 4.01094048505 -2.26698572954 0.170372695857 0.338807612405
5.70503827335 -2 4.01429769435 -2.26021496396 0.168310798689 0.344236969134
5.70959305297 -2 4.01506325314 -2.25864418181 0.167845319159 0.345493349148
5.7126779307 -2 4.01558055276 -2.25757706319 0.167531817105 0.346346191621
5.72430083573 -2 4.01752095374 -2.25353278491 0.166363468637 0.349573359746
5.74476079546 -2 4.02090411134 -2.24632198943 0.164356592384 0.355307646852
5.74547413852 -2 4.02102132979 -2.24606846177 0.164287778346 0.355508805594
5.74777787437 -2 4.02139955081 -2.24524871545 0.164066079678 0.356159012954
5.74802013497 -2 4.02143929475 -2.2451624239 0.164042813457 0.356227438984
5.76891794089 -2 4.02484670625 -2.23765613159 0.162070144472 0.362166027684
5.77081080087 -2 4.02515331713 -2.23697009044 0.161894839121 0.362707448413
5.77613512895 -2 4.02601399356 -2.23503485823 0.161404760659 0.364233521186
5.78169595967 -2 4.02691012793 -2.2330049762 0.16089770205 0.365832325765
5.78482597391 -2 4.02741329731 -2.23185850537 0.1606144557 0.366734464632
5.785410717 -2 4.02750720046 -2.23164401095 0.160561713179 0.366903177958
5.7897951596 -2 4.02821031123 -2.2300325705 0.160167985522 0.368169982522
5.79554261434 -2 4.02912939928 -2.22791174906 0.159656521017 0.369835365167
5.80617144775 -2 4.03082139716 -2.22396440765 0.158724685722 0.372929410925
5.81283822928 -2 4.03187766113 -2.22147167464 0.158149556046 0.374879539387
5.8196153817 -2 4.03294750686 -2.21892432265 0.15757234471 0.376869409401
5.82346672547 -2 4.03355374748 -2.21747068715 0.157247684216 0.378003570478
5.82482743519 -2 4.03376763871 -2.21695606152 0.157133563146 0.378404859059
5.82503457655 -2 4.0338001858 -2.21687767193 0.157116217237 0.378465973964
5.8278365632 -2 4.0342400962 -2.21581605743 0.15688227661 0.379293361398
5.83368550089 -2 4.03515627436 -2.21359253617 0.156398132071 0.381024614467
5.83847335311 -2 4.03590414701 -2.21176484728 0.156006051227 0.382445963371
5.85010873483 -2 4.03771386852 -2.20729478201 0.155069204631 0.38591576408
5.86830628985 -2 4.04052275502 -2.20022236627 0.15364985528 0.391386970912
5.87114679213 -2 4.04095889087 -2.19910941212 0.153433401599 0.39224588443
5.88084550385 -2 4.04244345368 -2.19529087814 0.152704797565 0.395188561565
5.88136600811 -2 4.04252292742 -2.19508513989 0.152666154663 0.39534692349
5.88287355728 -2 4.04275299534 -2.19448878961 0.152554497209 0.395805841731
5.88764247301 -2 4.04347967854 -2.19259776053 0.152203883527 0.397260018727
5.90995153214 -2 4.04685734206 -2.18365898989 0.150616586928 0.404112231886
5.92461343152 -2 4.04905832838 -2.17770064495 0.149621411417 0.408660094877
5.929968002 -2 4.04985853833 -2.1755079793 0.149267581651 0.41032978173
5.93065613629 -2 4.04996123897 -2.17522554349 0.149222484878 0.410544700091
5.93157206535 -2 4.05009788901 -2.17484938297 0.149162592411 0.410830883937
5.9633537002 -2 4.0548065183 -2.16163380078 0.147179233783 0.420846369332
5.99682673014 -2 4.05970090606 -2.14736777631 0.14529349146 0.431574002025
6.00617160744 -2 4.06105636113 -2.14332063716 0.144805057616 0.434601697477
6.00905699943 -2 4.06147396742 -2.14206528905 0.144657642548 0.43553944144
6.01511352707 -2 4.0623491654 -2.13942146256 0.144353454804 0.437512230505
6.01718046832 -2 4.06264742981 -2.13851645393 0.144251273203 0.438186868906
6.02158214973 -2 4.06328190347 -2.13658452993 0.144036445142 0.439625884835
6.03149910648 -2 4.06470795905 -2.13220866099 0.143566338783 0.442879599371
6.04879925198 -2 4.06718489773 -2.12449742104 0.142792747613 0.448594225389
6.05884283507 -2 4.06861691186 -2.11997516977 0.14237105731 0.451934294092
6.05914830318 -2 4.06866039963 -2.11983710269 0.142358550018 0.452036138043
6.06577761098 -2 4.06960324726 -2.11683308208 0.14209176361 0.454250122507
6.06755341772 -2 4.06985551224 -2.1160258944 0.142021811925 0.454844405772
6.06916061471 -2 4.07008371819 -2.1152944374 0.141959054741 0.455382706657
6.08004150913 -2 4.07162609783 -2.11031959723 0.141548051258 0.459038147422
6.08401593068 -2 4.0721883805 -2.10849252427 0.141403980281 0.460378170934
6.09441230367 -2 4.0736565662 -2.10368799227 0.141042548434 0.463895607505
6.11318578847 -2 4.07629870993 -2.09491910407 0.140446985343 0.470291880824
6.11610626022 -2 4.07670875339 -2.09354416943 0.140361004174 0.471292061015
6.11769688151 -2 4.07693197676 -2.09279408839 0.14031493499 0.471837387569
6.12821247377 -2 4.07840591293 -2.08781344369 0.140023914166 0.475452878869
6.15926811096 -2 4.08274268726 -2.07288092313 0.139303478078 0.486235163231
6.16583747502 -2 4.08365739779 -2.0696791113 0.139178065046 0.488535996997
6.16637181547 -2 4.08373176318 -2.06941801663 0.139168283068 0.48872344935
6.1809002646 -2 4.08575183126 -2.06228050571 0.138926614979 0.493837843014
6.18646425206 -2 4.08652458323 -2.05952732353 0.138846548728 0.495805523257
6.19915167543 -2 4.0882851374 -2.05320826763 0.138690078727 0.500311009265
6.20262501148 -2 4.08876678477 -2.05146836788 0.13865360958 0.501548952085
6.20452558916 -2 4.08903028536 -2.05051448939 0.138634818324 0.502227163097
6.21180140949 -2 4.09003871323 -2.04685091023 0.138570519759 0.504828857384
6.21734955261 -2 4.09080739507 -2.04404452616 0.138529662948 0.506818470578
6.21854287251 -2 4.09097269824 -2.04343947298 0.138521803129 0.507247049957
6.23904770197 -2 4.09381199824 -2.03296268885 0.138438458578 0.514646906607
6.23963651507 -2 4.09389351085 -2.03265959449 0.138437517899 0.514860391181
6.25690524197 -2 4.09628408185 -2.02371438783 0.138446387341 0.52114602781
6.28634757957 -2 4.10036231211 -2.00821155781 0.138626277537 0.531971860902
6.29313969008 -2 4.10130408971 -2.00458979175 0.138697707047 0.534488740933
6.29545424104 -2 4.10162513532 -2.00335169215 0.138724639207 0.535348079688
6.31443264145 -2 4.10426026281 -1.993124532 0.138995540134 0.542426069373
6.32621437079 -2 4.10589904328 -1.98670775995 0.1392090322 0.546848452802
6.32738914347 -2 4.10606259054 -1.98606507504 0.13923224009 0.547290603631
6.33463076625 -2 4.10707136216 -1.98209190547 0.139383032548 0.550020894116
6.35443835825 -2 4.10983670075 -1.97112299266 0.139863997285 0.557530543621
6.36464847108 -2 4.11126611551 -1.96541064539 0.140151515183 0.561425230598
6.3663054664 -2 4.11149837713 -1.96447983685 0.14020073925 0.562058814993
6.37331139371 -2 4.1124813207 -1.96053267658 0.14041681481 0.564742340196
6.38562915772 -2 4.11421335516 -1.95354712668 0.140828083943 0.569478772841
6.38761592617 -2 4.11449320433 -1.95241493663 0.140898185988 0.570244903172
6.39068510652 -2 4.11492579415 -1.95066292385 0.141008547183 0.571429615451
6.40145921403 -2 4.11644712613 -1.94448379177 0.14141591357 0.575599830698
6.40742176541 -2 4.11729098873 -1.94104482507 0.141654778969 0.577915284463
6.43193602921 -2 4.12077629926 -1.92676036258 0.142738480988 0.587491524665
6.46402300901 -2 4.12538205735 -1.90770650202 0.144408296531 0.600162229715
6.46819692582 -2 4.1259852572 -1.90519798922 0.144646804212 0.601821704872
6.46847357969 -2 4.12602527348 -1.90503147609 0.144662787857 0.601931788558
6.47052746534 -2 4.12632249457 -1.90379432598 0.144782132292 0.602749406242
6.47361227197 -2 4.12676936473 -1.90193304727 0.144963640113 0.603978586006
6.47438164207 -2 4.12688090454 -1.9014682418 0.145009332742 0.604285369719
6.47856315182 -2 4.12748773909 -1.89893790365 0.1452606339 0.605954256481
6.51292508375 -2 4.13251653354 -1.87787912438 0.147517297947 0.619765326098
6.55658279752 -2 4.13902763372 -1.85043383027 0.150888214267 0.637557981713
6.57765793334 -2 4.14222633476 -1.83690559507 0.152722679194 0.646243469501
6.6206203748 -2 4.14887425275 -1.80875741443 0.156892312823 0.6641388087
6.63285535705 -2 4.15080141035 -1.80060010088 0.158187457933 0.669280787918
6.64441502468 -2 4.15263700351 -1.79283511887 0.159455758803 0.674157235398
6.67995761777 -2 4.15837644924 -1.76860539678 0.163631376537 0.689260281353
6.70586478317 -2 4.16265725211 -1.7506044612 0.166942457756 0.700370688875
6.70930945611 -2 4.16323298527 -1.74818929962 0.167399979065 0.701854277478
6.72450598826 -2 4.16579196182 -1.73747345373 0.169467333386 0.708416729701
6.73624393208 -2 4.16779037632 -1.72912803562 0.171119236215 0.713504886479
6.74251429663 -2 4.16886593937 -1.72464544031 0.17202150866 0.71622975277
6.74468395058 -2 4.1692394246 -1.72309040396 0.17233694318 0.717173696295
6.77217280116 -2 4.1740319513 -1.70321073554 0.176478648827 0.729181132583
6.81995184268 -2 4.18264593391 -1.66786762273 0.184330801847 0.750256164845
6.83238977846 -2 4.18495150101 -1.65850132628 0.186513977554 0.755783357005
6.91520917156 -2 4.20103986722 -1.59436971022 0.202568635 0.792985394089
6.92659179011 -2 4.20335856512 -1.58531376115 0.204986872414 0.798149065401
6.95034587166 -2 4.20828764231 -1.56622546484 0.210202926324 0.808961199843
7.09017596864 -2 4.24005538161 -1.44861114645 0.245748002811 0.873452035244
7.09580676954 -2 4.2414431686 -1.44368544382 0.247359514025 0.876073694716
7.13148052468 -2 4.25045062481 -1.41213555083 0.257906552731 0.892715866906
7.14648893301 -2 4.25435456717 -1.39868462577 0.262520127546 0.8997323093
7.35542005573 -2 4.31671894353 -1.2004848525 0.338198366993 0.997680294092
7.64639072508 -2 4.43514128447 -0.890912437309 0.482875958936 1.13005877308
7.71227134304 -2 4.46835438698 -0.815649687722 0.522601025218 1.15832719051
