1.68556 -2 0 0
1.81017 -2 0 0
1.82001 -2 0 0
1.91011 -2 0 0
2.06465 -2 0 0
2.07875 -2 0 0
2.10784 -2 0 0
2.20399 -2 0 0
2.21491 -2 0 0
2.24788 -2 0 0
2.29067 -2 0 0
2.29976 -2 0 0
2.31507 -2 0 0
2.38723 -2 0 0
2.39091 -2 0 0
2.40415 -2 0 0
2.41051 -2 0 0
2.46597 -2 0 0
2.46868 -2 0 0
2.49834 -2 0 0
2.50903 -2 0 0
2.51765 -2 0 0
2.55948 -2 0 0
2.56066 -2 0 0
2.56593 -2 0 0
2.57175 -2 0 0
2.57892 -2 0 0
2.61166 -2 0 0
2.62204 -2 0 0
2.6277 -2 0 0
2.65265 -2 0 0
2.66208 -2 0 0
2.66994 -2 0 0
2.70537 -2 0 0
2.70751 -2 0 0
2.70958 -2 0 0
2.73966 -2 0 0
2.76055 -2 0 0
2.76218 -2 0 0
2.79791 -2 0 0
2.80746 -2 0 0
2.82982 -2 0 0
2.84221 -2 0 0
2.87771 -2 0 0
2.88628 -2 0 0
2.89161 -2 0 0
2.89473 -2 0 0
2.90138 -2 0 0
2.91805 -2 0 0
2.9199 -2 0 0
2.93671 -2 0 0
2.95692 -2 0 0
2.95762 -2 0 0
2.96125 -2 0 0
2.96537 -2 0 0
3.00369 -2 0 0
3.01007 -2 0 0
3.01311 -2 0 0
3.01949 -2 0 0
3.02973 -2 0 0
3.03188 -2 0 0
3.03601 -2 0 0
3.03778 -2 0 0
3.05153 -2 0 0
3.06973 -2 0 0
3.07393 -2 0 0
3.07945 -2 0 0
3.08152 -2 0 0
3.0842 -2 0 0
3.08961 -2 0 0
3.09527 -2 0 0
3.10622 -2 0 0
3.1064 -2 0 0
3.10647 -2 0 0
3.12165 -2 0 0
3.12704 -2 0 0
3.13049 -2 0 0
3.13078 -2 0 0
3.13655 -2 0 0
3.14358 -2 0 0
3.14498 -2 0 0
3.14757 -2 0 0
3.15577 -2 0 0
3.16862 -2 0 0
3.17249 -2 0 0
3.17562 -2 0 0
3.18014 -2 0 0
3.19422 -2 0 0
3.1976 -2 0 0
3.19771 -2 0 0
3.1985 -2 0 0
3.20163 -2 0 0
3.20461 -2 0 0
3.2139 -2 0 0
3.21644 -2 0 0
3.22471 -2 0 0
3.24289 -2 0 0
3.24416 -2 0 0
3.24437 -2 0 0
3.25317 -2 0 0
3.25754 -2 0 0
3.25956 -2 0 0
3.26075 -2 0 0
3.26096 -2 0 0
3.26194 -2 0 0
3.26827 -2 0 0
3.2687 -2 0 0
3.27175 -2 0 0
3.27775 -2 0 0
3.27836 -2 0 0
3.27916 -2 0 0
3.28524 -2 0 0
3.28694 -2 0 0
3.295 -2 0 0
3.30829 -2 0 0
3.32043 -2 0 0
3.33068 -2 0 0
3.34152 -2 0 0
3.34641 -2 0 0
3.34694 -2 0 0
3.35062 -2 0 0
3.36098 -2 0 0
3.36244 -2 0 0
3.363 -2 0 0
3.36497 -2 0 0
3.36798 -2 0 0
3.36839 -2 0 0
3.37577 -2 0 0
3.3795 -2 0 0
3.38618 -2 0 0
3.38641 -2 0 0
3.3964 -2 0 0
3.40021 -2 0 0
3.40513 -2 0 0
3.41487 -2 0 0
3.41704 -2 0 0
3.42103 -2 0 0
3.43058 -2 0 0
3.43335 -2 0 0
3.44707 -2 0 0
3.4532 -2 0 0
3.46826 -2 0 0
3.47851 -2 0 0
3.4834 -2 0 0
3.49063 -2 0 0
3.49148 -2 0 0
3.49205 -2 0 0
3.49648 -2 0 0
3.49885 -2 0 0
3.50152 -2 0 0
3.50563 -2 0 0
3.5088 -2 0 0
3.51071 -2 0 0
3.52352 -2 0 0
3.52803 -2 0 0
3.53307 -2 0 0
3.53381 -2 0 0
3.53685 -2 0 0
3.54267 -2 0 0
3.55095 -2 0 0
3.55399 -2 0 0
3.55689 -2 0 0
3.58479 -2 0 0
3.58534 -2 0 0
3.5858 -2 0 0
3.58836 -2 0 0
3.59514 -2 0 0
3.5996 -2 0 0
3.60169 -2 0 0
3.60307 -2 0 0
3.60486 -2 0 0
3.60952 -2 0 0
3.61505 -2 0 0
3.6174 -2 0 0
3.61825 -2 0 0
3.61962 -2 0 0
3.62049 -2 0 0
3.62177 -2 0 0
3.62633 -2 0 0
3.62983 -2 0 0
3.63185 -2 0 0
3.6319 -2 0 0
3.63326 -2 0 0
3.63349 -2 0 0
3.63828 -2 0 0
3.64364 -2 0 0
3.64638 -2 0 0
3.65015 -2 0 0
3.65298 -2 0 0
3.66722 -2 0 0
3.66872 -2 0 0
3.66985 -2 0 0
3.67054 -2 0 0
3.67207 -2 0 0
3.67217 -2 0 0
3.67782 -2 0 0
3.68247 -2 0 0
3.69473 -2 0 0
3.69959 -2 0 0
3.70044 -2 0 0
3.70243 -2 0 0
3.70348 -2 0 0
3.71898 -2 0 0
3.72082 -2 0 0
3.72272 -2 0 0
3.72274 -2 0 0
3.72596 -2 0 0
3.72598 -2 0 0
3.72944 -2 0 0
3.73188 -2 0 0
3.73228 -2 0 0
3.73349 -2 0 0
3.74161 -2 0 0
3.74586 -2 0 0
3.74867 -2 0 0
3.7515 -2 0 0
3.75176 -2 0 0
3.75235 -2 0 0
3.75566 -2 0 0
3.76103 -2 0 0
3.76187 -2 0 0
3.76533 -2 0 0
3.76764 -2 0 0
3.77357 -2 0 0
3.78043 -2 0 0
3.78083 -2 0 0
3.78158 -2 0 0
3.78523 -2 0 0
3.79414 -2 0 0
3.79526 -2 0 0
3.7959 -2 0 0
3.80017 -2 0 0
3.80465 -2 0 0
3.80608 -2 0 0
3.81119 -2 0 0
3.81507 -2 0 0
3.81614 -2 0 0
3.82236 -2 0 0
3.82387 -2 0 0
3.83079 -2 0 0
3.83802 -2 0 0
3.83891 -2 0 0
3.84377 -2 0 0
3.84402 -2 0 0
3.84509 -2 0 0
3.85627 -2 0 0
3.85645 -2 0 0
3.86077 -2 0 0
3.86666 -2 0 0
3.86811 -2 0 0
3.87401 -2 0 0
3.87765 -2 0 0
3.87844 -2 0 0
3.88116 -2 0 0
3.8833 -2 0 0
3.8871 -2 0 0
3.89164 -2 0 0
3.89676 -2 0 0
3.9032 -2 0 0
3.90601 -2 0 0
3.91058 -2 0 0
3.91263 -2 0 0
3.91334 -2 0 0
3.91445 -2 0 0
3.91538 -2 0 0
3.91877 -2 0 0
3.91966 -2 0 0
3.92084 -2 0 0
3.92295 -2 0 0
3.92443 -2 0 0
3.92474 -2 0 0
3.92598 -2 0 0
3.93259 -2 0 0
3.93532 -2 0 0
3.93671 -2 0 0
3.93845 -2 0 0
3.94045 -2 0 0
3.94069 -2 0 0
3.94332 -2 0 0
3.94491 -2 0 0
3.94734 -2 0 0
3.95577 -2 0 0
3.95951 -2 0 0
3.96306 -2 0 0
3.96771 -2 0 0
3.96884 -2 0 0
3.97026 -2 0 0
3.97796 -2 0 0
3.97924 -2 0 0
3.98409 -2 0 0
3.9852 -2 0 0
3.98905 -2 0 0
3.99109 -2 0 0
3.99321 -2 0 0
3.99567 -2 0 0
3.99589 -2 0 0
3.99684 -2 0 0
4.0015 -2 0 0
4.00466 -2 0 0
4.00527 -2 0 0
4.00921 -2 0 0
4.01037 -2 0 0
4.01719 -2 0 0
4.01938 -2 0 0
4.02008 -2 0 0
4.02081 -2 0 0
4.02193 -2 0 0
4.02473 -2 0 0
4.02794 -2 0 0
4.02825 -2 0 0
4.0296 -2 0 0
4.0367 -2 0 0
4.04092 -2 0 0
4.04256 -2 0 0
4.04753 -2 0 0
4.05455 -2 0 0
4.05483 -2 0 0
4.05622 -2 0 0
4.06546 -2 0 0
4.06585 -2 0 0
4.06741 -2 0 0
4.07092 -2 0 0
4.07136 -2 0 0
4.07407 -2 0 0
4.0761 -2 0 0
4.07851 -2 0 0
4.07852 -2 0 0
4.07882 -2 0 0
4.07931 -2 0 0
4.08062 -2 0 0
4.08088 -2 0 0
4.09863 -2 0 0
4.10107 -2 0 0
4.10294 -2 0 0
4.10396 -2 0 0
4.10566 -2 0 0
4.10887 -2 0 0
4.10892 -2 0 0
4.11224 -2 0 0
4.11403 -2 0 0
4.12072 -2 0 0
4.12413 -2 0 0
4.12749 -2 0 0
4.13485 -2 0 0
4.14141 -2 0 0
4.14189 -2 0 0
4.14362 -2 0 0
4.14429 -2 0 0
4.14764 -2 0 0
4.14868 -2 0 0
4.15772 -2 0 0
4.16179 -2 0 0
4.1687 -2 0 0
4.1735 -2 0 0
4.174 -2 0 0
4.18268 -2 0 0
4.18499 -2 0 0
4.18526 -2 0 0
4.18892 -2 0 0
4.18907 -2 0 0
4.19037 -2 0 0
4.1915 -2 0 0
4.19177 -2 0 0
4.19364 -2 0 0
4.19832 -2 0 0
4.20454 -2 0 0
4.20597 -2 0 0
4.21325 -2 0 0
4.22126 -2 0 0
4.22615 -2 0 0
4.22652 -2 0 0
4.22833 -2 0 0
4.23075 -2 0 0
4.23597 -2 0 0
4.23873 -2 0 0
4.2394 -2 0 0
4.24173 -2 0 0
4.24296 -2 0 0
4.24312 -2 0 0
4.24506 -2 0 0
4.24593 -2 0 0
4.2468 -2 0 0
4.25575 -2 0 0
4.26151 -2 0 0
4.26253 -2 0 0
4.26695 -2 0 0
4.27081 -2 0 0
4.27135 -2 0 0
4.27158 -2 0 0
4.27167 -2 0 0
4.2758 -2 0 0
4.27957 -2 0 0
4.27994 -2 0 0
4.28205 -2 0 0
4.28235 -2 0 0
4.28368 -2 0 0
4.28662 -2 0 0
4.28788 -2 0 0
4.28833 -2 0 0
4.28878 -2 0 0
4.29377 -2 0 0
4.29396 -2 0 0
4.29447 -2 0 0
4.29674 -2 0 0
4.29893 -2 0 0
4.30115 -2 0 0
4.30128 -2 0 0
4.30674 -2 0 0
4.3091 -2 0 0
4.31275 -2 0 0
4.31445 -2 0 0
4.31627 -2 0 0
4.31702 -2 0 0
4.32431 -2 0 0
4.32462 -2 0 0
4.32593 -2 0 0
4.32733 -2 0 0
4.33213 -2 0 0
4.33356 -2 0 0
4.33458 -2 0 0
4.3378 -2 0 0
4.34009 -2 0 0
4.34039 -2 0 0
4.344 -2 0 0
4.34414 -2 0 0
4.34482 -2 0 0
4.34854 -2 0 0
4.35014 -2 0 0
4.35234 -2 0 0
4.35312 -2 0 0
4.35373 -2 0 0
4.35558 -2 0 0
4.35721 -2 0 0
4.35803 -2 0 0
4.35812 -2 0 0
4.36011 -2 0 0
4.36063 -2 0 0
4.36133 -2 0 0
4.36162 -2 0 0
4.36491 -2 0 0
4.36716 -2 0 0
4.36796 -2 0 0
4.36901 -2 0 0
4.37122 -2 0 0
4.37128 -2 0 0
4.37235 -2 0 0
4.37458 -2 0 0
4.37673 -2 0 0
4.37673 -2 0 0
4.37908 -2 0 0
4.37952 -2 0 0
4.3824 -2 0 0
4.38447 -2 0 0
4.38493 -2 0 0
4.38712 -2 0 0
4.3874 -2 0 0
4.38857 -2 0 0
4.38892 -2 0 0
4.38893 -2 0 0
4.39089 -2 0 0
4.39217 -2 0 0
4.3948 -2 0 0
4.39492 -2 0 0
4.39934 -2 0 0
4.40377 -2 0 0
4.40398 -2 0 0
4.40489 -2 0 0
4.40533 -2 0 0
4.4058 -2 0 0
4.40611 -2 0 0
4.41063 -2 0 0
4.41571 -2 0 0
4.42273 -2 0 0
4.42456 -2 0 0
4.42479 -2 0 0
4.42847 -2 0 0
4.42966 -2 0 0
4.43572 -2 0 0
4.43661 -2 0 0
4.44186 -2 0 0
4.4447 -2 0 0
4.44894 -2 0 0
4.44925 -2 0 0
4.44962 -2 0 0
4.4515 -2 0 0
4.4562 -2 0 0
4.45667 -2 0 0
4.4599 -2 0 0
4.46346 -2 0 0
4.46622 -2 0 0
4.46651 -2 0 0
4.47128 -2 0 0
4.47236 -2 0 0
4.47236 -2 0 0
4.47431 -2 0 0
4.47522 -2 0 0
4.47533 -2 0 0
4.47539 -2 0 0
4.47579 -2 0 0
4.47658 -2 0 0
4.48217 -2 0 0
4.4836 -2 0 0
4.48362 -2 0 0
4.48989 -2 0 0
4.49147 -2 0 0
4.49177 -2 0 0
4.49259 -2 0 0
4.49342 -2 0 0
4.49623 -2 0 0
4.50135 -2 0 0
4.50228 -2 0 0
4.50387 -2 0 0
4.50463 -2 0 0
4.50707 -2 0 0
4.50736 -2 0 0
4.50886 -2 0 0
4.51081 -2 0 0
4.51218 -2 0 0
4.5133 -2 0 0
4.51378 -2 0 0
4.51597 -2 0 0
4.51769 -2 0 0
4.52151 -2 0 0
4.52161 -2 0 0
4.52271 -2 0 0
4.52358 -2 0 0
4.52543 -2 0 0
4.52592 -2 0 0
4.52739 -2 0 0
4.53012 -2 0 0
4.53152 -2 0 0
4.53254 -2 0 0
4.53326 -2 0 0
4.5354 -2 0 0
4.53691 -2 0 0
4.539 -2 0 0
4.54141 -2 0 0
4.5508 -2 0 0
4.55197 -2 0 0
4.55244 -2 0 0
4.55299 -2 0 0
4.55326 -2 0 0
4.55735 -2 0 0
4.56163 -2 0 0
4.56246 -2 0 0
4.56849 -2 0 0
4.56927 -2 0 0
4.57026 -2 0 0
4.5705 -2 0 0
4.57226 -2 0 0
4.57437 -2 0 0
4.57513 -2 0 0
4.57639 -2 0 0
4.57714 -2 0 0
4.57813 -2 0 0
4.58021 -2 0 0
4.58036 -2 0 0
4.58845 -2 0 0
4.58875 -2 0 0
4.58959 -2 0 0
4.59147 -2 0 0
4.59768 -2 0 0
4.59908 -2 0 0
4.60739 -2 0 0
4.60774 -2 0 0
4.61357 -2 0 0
4.61482 -2 0 0
4.61483 -2 0 0
4.61647 -2 0 0
4.61687 -2 0 0
4.61931 -2 0 0
4.61994 -2 0 0
4.6215 -2 0 0
4.6271 -2 0 0
4.62866 -2 0 0
4.63011 -2 0 0
4.65099 -2 0 0
4.65261 -2 0 0
4.65296 -2 0 0
4.65322 -2 0 0
4.65449 -2 0 0
4.65664 -2 0 0
4.66054 -2 0 0
4.66513 -2 0 0
4.66565 -2 0 0
4.66607 -2 0 0
4.66967 -2 0 0
4.67192 -2 0 0
4.67587 -2 0 0
4.67853 -2 0 0
4.68426 -2 0 0
4.68439 -2 0 0
4.68622 -2 0 0
4.68868 -2 0 0
4.69107 -2 0 0
4.69142 -2 0 0
4.69457 -2 0 0
4.69628 -2 0 0
4.69966 -2 0 0
4.70929 -2 0 0
4.71024 -2 0 0
4.71093 -2 0 0
4.71095 -2 0 0
4.71131 -2 0 0
4.7145 -2 0 0
4.71781 -2 0 0
4.71885 -2 0 0
4.72049 -2 0 0
4.72438 -2 0 0
4.72453 -2 0 0
4.72725 -2 0 0
4.73065 -2 0 0
4.73263 -2 0 0
4.73635 -2 0 0
4.73683 -2 0 0
4.73831 -2 0 0
4.7392 -2 0 0
4.74362 -2 0 0
4.74752 -2 0 0
4.75454 -2 0 0
4.75537 -2 0 0
4.75697 -2 0 0
4.76053 -2 0 0
4.76189 -2 0 0
4.76205 -2 0 0
4.76224 -2 0 0
4.76514 -2 0 0
4.77074 -2 0 0
4.77248 -2 0 0
4.77573 -2 0 0
4.77597 -2 0 0
4.77806 -2 0 0
4.78137 -2 0 0
4.7815 -2 0 0
4.78213 -2 0 0
4.78243 -2 0 0
4.78535 -2 0 0
4.7876 -2 0 0
4.79091 -2 0 0
4.79238 -2 0 0
4.79525 -2 0 0
4.79591 -2 0 0
4.79763 -2 0 0
4.80242 -2 0 0
4.80294 -2 0 0
4.81253 -2 0 0
4.81461 -2 0 0
4.81761 -2 0 0
4.81928 -2 0 0
4.82479 -2 0 0
4.82598 -2 0 0
4.82786 -2 0 0
4.83112 -2 0 0
4.83521 -2 0 0
4.83593 -2 0 0
4.83826 -2 0 0
4.84094 -2 0 0
4.84368 -2 0 0
4.84392 -2 0 0
4.85287 -2 0 0
4.85361 -2 0 0
4.854 -2 0 0
4.85968 -2 0 0
4.86094 -2 0 0
4.86855 -2 0 0
4.87201 -2 0 0
4.87703 -2 0 0
4.87706 -2 0 0
4.8777 -2 0 0
4.87845 -2 0 0
4.88198 -2 0 0
4.88373 -2 0 0
4.88375 -2 0 0
4.88447 -2 0 0
4.88911 -2 0 0
4.8912 -2 0 0
4.89177 -2 0 0
4.89361 -2 0 0
4.89732 -2 0 0
4.89776 -2 0 0
4.91215 -2 0 0
4.91383 -2 0 0
4.91592 -2 0 0
4.91717 -2 0 0
4.92136 -2 0 0
4.92169 -2 0 0
4.92245 -2 0 0
4.92373 -2 0 0
4.92429 -2 0 0
4.92443 -2 0 0
4.92575 -2 0 0
4.92633 -2 0 0
4.9324 -2 0 0
4.93244 -2 0 0
4.93739 -2 0 0
4.94226 -2 0 0
4.94586 -2 0 0
4.94658 -2 0 0
4.94716 -2 0 0
4.94736 -2 0 0
4.95046 -2 0 0
4.95215 -2 0 0
4.95787 -2 0 0
4.95831 -2 0 0
4.96904 -2 0 0
4.96936 -2 0 0
4.97633 -2 0 0
4.97752 -2 0 0
4.9806 -2 0 0
4.98083 -2 0 0
4.98291 -2 0 0
4.98397 -2 0 0
4.98509 -2 0 0
4.98526 -2 0 0
4.98716 -2 0 0
4.99061 -2 0 0
5.00074 -2 0 0
5.00911 -2 0 0
5.01019 -2 0 0
5.012 -2 0 0
5.01902 -2 0 0
5.02182 -2 0 0
5.02362 -2 0 0
5.02427 -2 0 0
5.0377 -2 0 0
5.03851 -2 0 0
5.04125 -2 0 0
5.04257 -2 0 0
5.04423 -2 0 0
5.04564 -2 0 0
5.04859 -2 0 0
5.05112 -2 0 0
5.05576 -2 0 0
5.05905 -2 0 0
5.06004 -2 0 0
5.06017 -2 0 0
5.06129 -2 0 0
5.06331 -2 0 0
5.06561 -2 0 0
5.06646 -2 0 0
5.06848 -2 0 0
5.0711 -2 0 0
5.07132 -2 0 0
5.07264 -2 0 0
5.07292 -2 0 0
5.07401 -2 0 0
5.0761 -2 0 0
5.07721 -2 0 0
5.07793 -2 0 0
5.07887 -2 0 0
5.08125 -2 0 0
5.0916 -2 0 0
5.09197 -2 0 0
5.09376 -2 0 0
5.09783 -2 0 0
5.09882 -2 0 0
5.09991 -2 0 0
5.10091 -2 0 0
5.10283 -2 0 0
5.10443 -2 0 0
5.10521 -2 0 0
5.10827 -2 0 0
5.1128 -2 0 0
5.11391 -2 0 0
5.1149 -2 0 0
5.11535 -2 0 0
5.12011 -2 0 0
5.12394 -2 0 0
5.12413 -2 0 0
5.13022 -2 0 0
5.13103 -2 0 0
5.136 -2 0 0
5.14788 -2 0 0
5.15149 -2 0 0
5.15287 -2 0 0
5.15368 -2 0 0
5.15565 -2 0 0
5.15604 -2 0 0
5.15651 -2 0 0
5.16411 -2 0 0
5.16435 -2 0 0
5.16553 -2 0 0
5.17163 -2 0 0
5.17821 -2 0 0
5.18228 -2 0 0
5.18302 -2 0 0
5.18318 -2 0 0
5.18462 -2 0 0
5.18629 -2 0 0
5.18985 -2 0 0
5.19261 -2 0 0
5.20113 -2 0 0
5.20313 -2 0 0
5.20315 -2 0 0
5.21762 -2 0 0
5.21823 -2 0 0
5.23201 -2 0 0
5.23536 -2 0 0
5.23925 -2 0 0
5.24453 -2 0 0
5.24533 -2 0 0
5.2457 -2 0 0
5.24578 -2 0 0
5.25684 -2 0 0
5.25929 -2 0 0
5.2656 -2 0 0
5.26636 -2 0 0
5.2675 -2 0 0
5.27112 -2 0 0
5.27298 -2 0 0
5.27503 -2 0 0
5.27867 -2 0 0
5.27875 -2 0 0
5.29011 -2 0 0
5.29084 -2 0 0
5.29369 -2 0 0
5.29391 -2 0 0
5.30529 -2 0 0
5.31047 -2 0 0
5.31847 -2 0 0
5.33121 -2 0 0
5.33236 -2 0 0
5.33336 -2 0 0
5.33605 -2 0 0
5.33699 -2 0 0
5.33991 -2 0 0
5.34922 -2 0 0
5.35998 -2 0 0
5.36037 -2 0 0
5.36143 -2 0 0
5.36206 -2 0 0
5.36486 -2 0 0
5.36794 -2 0 0
5.36986 -2 0 0
5.37456 -2 0 0
5.37855 -2 0 0
5.39059 -2 0 0
5.39251 -2 0 0
5.39366 -2 0 0
5.40733 -2 0 0
5.42039 -2 0 0
5.42458 -2 0 0
5.43255 -2 0 0
5.44198 -2 0 0
5.4471 -2 0 0
5.46304 -2 0 0
5.47164 -2 0 0
5.4772 -2 0 0
5.47746 -2 0 0
5.47909 -2 0 0
5.48107 -2 0 0
5.4813 -2 0 0
5.48171 -2 0 0
5.48822 -2 0 0
5.4933 -2 0 0
5.49544 -2 0 0
5.4974 -2 0 0
5.50403 -2 0 0
5.50721 -2 0 0
5.50926 -2 0 0
5.53782 -2 0 0
5.54459 -2 0 0
5.5527 -2 0 0
5.55354 -2 0 0
5.5557 -2 0 0
5.55637 -2 0 0
5.55761 -2 0 0
5.55909 -2 0 0
5.56815 -2 0 0
5.57238 -2 0 0
5.57241 -2 0 0
5.5734 -2 0 0
5.58151 -2 0 0
5.59553 -2 0 0
5.59902 -2 0 0
5.60377 -2 0 0
5.60558 -2 0 0
5.62238 -2 0 0
5.63198 -2 0 0
5.63295 -2 0 0
5.63456 -2 0 0
5.63941 -2 0 0
5.64522 -2 0 0
5.65398 -2 0 0
5.65706 -2 0 0
5.66289 -2 0 0
5.66925 -2 0 0
5.67379 -2 0 0
5.6741 -2 0 0
5.67526 -2 0 0
5.67526 -2 0 0
5.67709 -2 0 0
5.67794 -2 0 0
5.68303 -2 0 0
5.68807 -2 0 0
5.68889 -2 0 0
5.69596 -2 0 0
5.70143 -2 0 0
5.70734 -2 0 0
5.70805 -2 0 0
5.71726 -2 0 0
5.72266 -2 0 0
5.72472 -2 0 0
5.73589 -2 0 0
5.74371 -2 0 0
5.74422 -2 0 0
5.74492 -2 0 0
5.75433 -2 0 0
5.75528 -2 0 0
5.76492 -2 0 0
5.77052 -2 0 0
5.77455 -2 0 0
5.78573 -2 0 0
5.7914 -2 0 0
5.79194 -2 0 0
5.81865 -2 0 0
5.82025 -2 0 0
5.83224 -2 0 0
5.8367 -2 0 0
5.83702 -2 0 0
5.83787 -2 0 0
5.83892 -2 0 0
5.87179 -2 0 0
5.87263 -2 0 0
5.88974 -2 0 0
5.89089 -2 0 0
5.89682 -2 0 0
5.90311 -2 0 0
5.91613 -2 0 0
5.92297 -2 0 0
5.94285 -2 0 0
5.94399 -2 0 0
5.95578 -2 0 0
5.97326 -2 0 0
5.98907 -2 0 0
6.00346 -2 0 0
6.01792 -2 0 0
6.02147 -2 0 0
6.03767 -2 0 0
6.04163 -2 0 0
6.04282 -2 0 0
6.06692 -2 0 0
6.06774 -2 0 0
6.0927 -2 0 0
6.09459 -2 0 0
6.11759 -2 0 0
6.15202 -2 0 0
6.16832 -2 0 0
6.16952 -2 0 0
6.17366 -2 0 0
6.18822 -2 0 0
6.2004 -2 0 0
6.21712 -2 0 0
6.22038 -2 0 0
6.22986 -2 0 0
6.24016 -2 0 0
6.24789 -2 0 0
6.26316 -2 0 0
6.26871 -2 0 0
6.2693 -2 0 0
6.30187 -2 0 0
6.30321 -2 0 0
6.31116 -2 0 0
6.32345 -2 0 0
6.32498 -2 0 0
6.33116 -2 0 0
6.37325 -2 0 0
6.37936 -2 0 0
6.38961 -2 0 0
6.42529 -2 0 0
6.44001 -2 0 0
6.44592 -2 0 0
6.45846 -2 0 0
6.471 -2 0 0
6.47322 -2 0 0
6.5218 -2 0 0
6.52223 -2 0 0
6.57114 -2 0 0
6.58438 -2 0 0
6.58557 -2 0 0
6.59702 -2 0 0
6.60817 -2 0 0
6.64387 -2 0 0
6.72686 -2 0 0
6.80186 -2 0 0
6.8084 -2 0 0
6.87748 -2 0 0
6.93613 -2 0 0
7.05907 -2 0 0
7.08133 -2 0 0
7.11457 -2 0 0
7.12725 -2 0 0
7.13115 -2 0 0
7.15415 -2 0 0
7.16694 -2 0 0
7.23661 -2 0 0
7.25017 -2 0 0
7.52202 -2 0 0
7.53983 -2 0 0
7.6761 -2 0 0
