7.400555914533381 19.51813666283383
9.12990304320537 19.91016314557455
6.778058793706159 20.14802683510079
10.35644131150296 19.57807994172711
6.467911272020181 20.3681520888039
4.833681535619011 19.69641445790566
13.09369505570534 19.37539499168789
6.881702052660038 19.75539017152388
8.014914703095759 20.01106934692334
7.183350756194759 20.59655401927153
9.471499620268629 19.79106976105574
7.091848303062589 20.60039403269615
5.654360071522819 19.42237653922778
9.941615194604633 20.26715865703883
5.43449687057041 19.73958295058322
7.392733978551827 20.7350944691987
6.349640645934976 19.80218650950782
4.712292162931613 19.94924560698034
7.891032813973442 20.9245717411583
7.066365489780026 19.8779624391428
10.48553356282654 18.94344422440341
6.317454059912047 20.50382659476668
11.92482467369675 19.08388694056413
7.495430788467129 19.86889908949927
11.87000926593406 18.39569580391124
10.15426372305659 19.22968291071986
10.11724962225522 18.75327136558597
13.68743753525386 18.23959876777918
10.22288837866108 18.99985102288036
11.75618841050427 19.5544341404463
9.629557255983595 19.25295233164731
11.65675538826622 19.58800162018835
11.57353841701747 17.81173815525932
8.739854837086959 18.92138261691326
9.464812941537959 19.30978427263025
9.691221172269493 18.93166886722146
12.56082500432597 19.4473801181522
10.24849765104878 19.22832054438516
9.415830212470023 18.40233916325451
14.92232189244285 17.42170928268147
10.87385076493951 17.87245620611434
9.969743874691172 19.77861841167476
10.25396392742839 19.4504503241808
10.81215016315865 19.71671523445601
10.77531372530583 18.34207234208369
10.81130208719945 19.08423212748475
10.41862170756931 18.28097462965605
10.95024883946129 18.35978371902926
9.999871780611695 19.49255319152228
10.99975181189234 18.3250682954039
8.437830076918189 20.06835276777957
7.581653775198145 19.14812039269013
8.822262456387016 19.32116017241471
10.13382430658074 19.42759584382815
12.66626457501189 17.80551460624751
7.288462457984114 18.80162243623121
10.31059961030511 18.32196822335441
9.396460359754059 18.50045973104927
10.60396724623673 18.89265875971357
8.905944785211256 19.33970252048913
9.722432309159148 19.10486067845765
8.520208224017066 19.10385236941326
6.37833399203846 19.34957102646924
8.340442109328668 20.25263083418566
9.332011004501281 19.9263624374793
8.15569732699362 18.87267638907895
8.896098786796959 19.38147278495129
11.38254814446623 18.34848667481966
12.16751937764371 18.67190678184403
14.65719301410273 17.49923586491257
11.78766095852338 18.97185042815599
7.751716241012613 19.49161287823727
9.587605593700349 19.10375357945611
9.923944674183453 18.16460487212727
10.53235117965549 18.81544450958917
11.60430152337972 19.28071925317232
6.472988273051334 20.02789750281766
11.39419654036311 18.2923682297005
7.505588956845604 19.45980407057678
9.459721317616451 19.43333923941047
10.86194436225331 18.40571497346021
11.70879578790272 19.17246505277958
8.811119747733963 19.33023758125358
9.553684141485611 18.96938693224742
11.43020696673817 18.46617661115457
9.379845113814861 18.64413899741987
9.920825192651051 19.15536154935727
10.15150496856046 19.09096839570389
10.44569922545722 19.87498721220122
10.86967685753036 18.42153550306742
8.691065471545242 19.30616424746789
12.5419672200003 19.12325837703642
10.80074594828179 18.64800322491126
8.441617252878816 19.11188973037366
11.18680925421771 19.3950564628485
9.471054910132956 18.89391674907979
6.727450289806425 18.98996977874292
12.07204783866511 18.38552380374135
10.96294804441037 18.36745144708557
10.74405951169305 18.88465369427447
8.272223402795039 19.11446343382187
8.436611232364537 20.07106762326588
8.916136721314734 18.95278940779594
8.948441436529002 19.26796597082558
10.95279172428115 18.62726678781416
9.315334527663358 20.16738153691535
9.260347423195627 19.27941886395771
7.265901477408661 20.48502187794252
11.76547012220873 18.82756110459375
11.05586809853512 18.98683078562521
6.463670209077709 20.07266791477405
11.23634921591927 19.47865514384317
9.710435001435867 19.28043385398928
10.47906123476552 18.78802367781308
9.524913665222124 19.28837719304011
12.79011059678353 17.54854689219368
8.46053223333606 19.93705812136692
11.20320138743335 18.09872924561415
11.96431132647511 18.02926044539698
10.50903438658712 18.98609042524517
10.63682757299902 19.37978930927886
5.412122275278858 18.83860172193513
9.346068817046216 18.30236050655855
11.23389736519296 19.13979007007666
10.39589713189648 18.93495120243905
8.817653484872615 19.24829819174884
9.601258243968241 18.65225985915215
6.482344609735421 19.99085581939618
11.90443750635842 19.0479866490659
13.1843799879672 18.50286147730311
9.659294825217486 19.20315645548883
11.27125334873334 18.4217647342262
7.797181829229614 19.79324860131531
8.481766792991307 19.5618329787514
8.724943482942702 19.67363073995378
9.141047084596543 19.76593868224152
11.75622099176998 18.48512406023537
7.280511609105282 19.77602503775436
12.34451931144901 18.53239331088685
7.06806407332556 19.56998621588075
9.260956121603291 20.25013163922083
12.45194026202669 18.57543579129243
7.710004968668417 19.82579961538569
9.615505854519808 18.95045255152071
12.67903548323845 18.49245592907905
7.207790834696038 19.71417051409613
9.292999070429707 18.7574287559107
8.261459155005079 18.84156403694843
5.775391899399775 19.40932385981905
11.43861626033722 19.23269749229338
13.18716796461529 19.16863610227406
12.4113492382289 18.70573653065776
10.71486985217791 19.50101696106598
11.33946159342018 18.53361732603612
8.888978714723052 19.32000214931965
9.437440233304757 19.29256188906257
8.671289233157891 19.26615927540171
9.915344748738303 18.26220436992448
10.49290755357353 18.88906650280085
6.919769475144665 18.6371602194658
8.476801361212418 19.29203322594895
10.12207883169119 18.97494449183638
8.588882662290066 19.89439920975536
9.622297144495526 19.45038593891744
9.66410303704879 19.61270923691117
8.934676865929896 19.59973361492057
11.04552215469176 18.69953609605707
9.757295329858422 19.78813380395676
10.17658761068868 18.89279550506836
10.62449108799524 18.88374029169371
12.07006836242636 18.27432654380238
9.286349961781463 19.36876804028002
7.156042561779297 19.25328647780275
11.22824416627426 19.54653700737773
11.64341822396324 19.34509578954374
8.479885680627262 18.76375211051689
5.525631364312106 20.04066022738422
8.152997668042669 19.37682648881172
9.609522935497127 19.49262405493387
9.733063323411189 18.91663958747157
9.706915623603178 18.32949144089353
11.91147354895508 18.66581566192209
7.500644731702011 19.62770388694273
9.647785357151227 19.27263286750618
8.228441531691347 19.18923708073777
7.638571875199213 19.2696037480692
9.49168529035223 18.23747038579322
7.575272177694327 19.30545649835598
9.822985650231448 18.85576393427484
10.90942720679931 18.42403507735785
10.99198281622443 19.41968731754497
7.146483853018754 20.22344729098747
14.49271670200684 17.55278600359479
9.700746406881334 19.93938054141675
12.3071563844464 18.56876638738526
13.61845693084121 17.62505004107337
10.63445028225224 19.0283998874995
9.317463256630095 19.33923250997242
7.699760666826768 19.1651664691586
10.61611829086154 18.53057538080649
9.202602797879038 19.29352033754861
10.78642890611982 17.6080775575029
9.719416411464886 19.51053997673604
12.11346348974925 17.86759141719217
10.11396617635272 18.59498324565695
9.200598110366338 18.78270784783469
9.698855342034134 19.34980383228777
9.275453066193167 19.77377063669053
12.71987488785071 18.44316792769768
8.948008752813781 18.83337722042631
10.16744575599939 19.53706564945642
11.08356540365617 19.78362517067457
8.319996118969748 19.19111837304384
11.58578779886658 19.50189211710713
11.49659842382616 18.21887017899067
8.578182003527388 19.05224725481439
7.62834704098642 19.61737058477371
9.271639926377258 19.28113857596994
8.42304498195352 19.87553027518473
11.63121950152729 18.24794923086565
7.776830206193438 19.70776989639509
8.909818338799214 19.4568736052273
11.64649245214793 19.08082608769165
10.66833777173266 18.47999123976287
9.770338411931075 18.60861450558962
10.7483902987314 19.58650611030765
10.56988200183493 18.69224394152586
9.97640610234572 19.34530507297204
9.88828514905128 18.43152905059238
10.68097900909401 18.81014318517818
8.295402760232886 19.94883034151782
6.561781884627558 20.30235896621014
11.83218387928845 18.98166749426824
7.273400726629204 19.6774180119406
11.1910523000966 19.50535305030428
10.64371447473234 18.57570190249997
11.36645881686423 18.10919306916893
11.4266573858354 18.83800724545181
7.46416753759847 20.4106661410953
11.28552848860996 19.24651110767471
7.049706770261677 20.10408687242892
8.599491801305074 19.65767543361257
10.89947842046689 18.69727099518218
8.917401842239792 19.15358689186161
10.38558613151183 19.61802744435762
11.71613963222189 18.37829217222414
7.200995049645788 19.53857699338734
13.07321973820742 18.82783175039827
12.25798651967063 18.6824413210291
7.247894766953006 19.36901557455311
7.984004023739103 20.19157537796438
7.743167298167147 19.45153704556308
7.860064645038208 19.27400062153017
10.00873107890275 19.23125798279075
12.00499426987935 17.87892348175076
11.83126874728122 18.68431892351934
11.62265376425663 18.94264262877692
8.56675019294452 19.2753828904251
10.63294955217047 19.25318232701345
10.3697670693725 18.88334945181643
6.431595672709893 19.24144630219022
12.38335234658082 18.72653828480057
11.59012044070988 19.75926474939452
11.62286681785764 18.00755354316774
9.877317027207487 18.13255963719746
10.68225859519938 19.06599965372672
7.367355814705283 20.45244495028656
11.83784749813998 19.21938909089538
12.54172012413123 18.25147285431834
7.050007736248499 19.69011386230222
10.79314017514767 19.37649783170902
12.21942243064543 18.58210175367171
10.10394559555587 19.0219128429617
8.671723323614781 18.93329600907607
10.51704420078015 19.34325319716446
10.35564973260224 19.36977256061568
9.010135229213647 19.50087474591635
10.89808568094931 18.91117740218045
11.11406218970271 18.98220592663936
8.82394613352805 19.46385436016821
12.64720209498571 18.73098057744255
13.21676146580352 18.78508420451686
9.504216853807188 19.81525361936871
7.262418701058721 19.06302177166475
11.12744546443283 17.80623843159767
10.25293792827693 19.48469279923605
10.39718540352502 18.70933736485071
12.2814449233496 17.9091237078177
10.96521582782509 18.58923831616562
11.99712280228533 18.63274069576904
6.244181443048461 19.44798548243516
12.46950644062437 18.53159569170787
10.56220071563157 18.17444736620729
11.52496518817963 18.09962271529372
11.09700128968648 18.81206433451919
11.36484637086308 18.57543558434843
12.11227714707031 18.80608180140032
9.446995677318702 18.45891824302542
9.803680830890915 19.31401669368416
7.007967080126127 19.56253202641816
9.432299918725031 18.86319134285373
9.898709149272841 19.42785401264419
11.34808019702691 18.71438968583464
8.813432840301786 19.10393847806218
8.702191211326195 18.44271120105377
8.50240417353586 19.54738644132898
10.56755339674835 19.07544104351598
11.99367110515512 18.42753251507136
10.25605981470511 19.61166993622743
11.19044097776579 19.09536198067158
9.365145420401257 19.13001425410526
8.858725833318147 19.11269846982566
12.70261461546105 17.71833948777617
7.891295715121982 19.88356893779619
9.229953534909207 18.87481489983482
11.72946507475323 19.15610842709358
11.17370357775942 18.39739379566241
9.725326398548745 19.72872304428661
9.059758130024903 18.44820960324373
8.550072314893407 19.53978616836085
10.87094891074209 19.72273066203299
7.328097559932501 19.85267883287738
6.9231530020023 19.79540381880948
10.24075157213393 20.20961831159265
10.25988433052452 19.20883179102532
10.50363175084049 19.39885835030884
11.04588675741643 18.67931517526479
13.05896962010411 18.33907442473764
8.892013167434529 19.16273219907089
8.847945342109476 19.2427307903073
9.873236926167321 19.29767832475853
12.14487675806076 18.60906502038119
10.37143112224039 19.54076760177385
9.039609507824933 19.75828396710503
7.980163302866096 19.27601907370491
8.975866685699803 20.04854850533305
9.670429002819256 19.00901453487366
10.96332351665153 18.33097498617222
8.204813714568797 20.14006146087229
5.267638963176075 20.74077552260606
10.73786368590704 18.26392819247091
6.939103878643104 20.19902171352178
10.59235730351207 18.30874953022264
13.47142994316221 18.53589229353105
11.1342674744918 18.05514010746031
11.30402041593866 18.78836442457417
9.406714160162132 18.98640436013376
11.79887505627981 18.12653716737676
8.415959902398193 19.72207115254716
8.756916135497093 19.76782580463692
8.495199160847765 19.80138193425754
10.71761214995126 18.22242593748978
8.538034693384967 19.7468416485032
10.14186323487592 19.19700103958587
13.56089317328417 19.0538935826267
11.52714350641549 19.80457932182421
10.14782877018584 18.43062792496707
10.06705636954803 17.95155979446305
8.968561519552141 18.32613705340471
10.79343239263116 18.43989769052529
9.033553183857183 19.03986239702202
7.952263438004739 18.87675138915662
8.745435072097044 19.32884643496357
13.60954367779773 17.96605534745672
10.41389382844826 18.91352362914417
9.551688058301805 19.82125672921618
8.579646541974244 19.63085705208125
11.31569659913145 18.68912708870285
12.9685203044385 18.46553200287598
12.79289096895514 19.33562758340207
9.51392657544698 19.48953197127198
10.05451903655801 18.82173605861228
10.63906285124978 19.39628476865447
10.78254412014566 18.33735089291383
13.3325183682222 18.81560957985729
9.501774498966887 19.75277327042555
11.06700678848561 18.84666610845041
10.714319732932 18.8423210793125
10.14285553259147 18.52417053968353
5.739949299922667 20.41901369256267
11.8545698729055 18.22094110497526
7.942364274246864 18.73890078492052
9.742382193001989 18.34482193489196
9.292991587032924 19.01404668124701
9.243027143519871 19.26594273931027
11.68010197825613 18.48640221057716
10.36512317919683 18.77918269868355
8.006881439285626 18.80917234874747
10.50031030698119 18.75590295683767
9.264356433580751 19.84631120897525
8.594785512248944 18.46733725150021
9.103732204148006 19.80420967673506
13.05867549531542 19.36538608092069
12.7393804056364 18.61818527340388
9.537785686768412 19.9480169238384
11.13499671565975 19.7775466050809
6.185102904761786 20.02326805357043
10.67270423540741 18.68138655616983
9.632767759076838 19.92686918097629
8.159672652109222 18.93751268616114
15.47194697349067 17.97853937032531
11.60046287201394 18.30068332138692
10.86608608321733 18.69590245116591
7.958050516696979 19.5772257600977
7.31788883532734 19.51597905675376
11.9602518362133 19.12444090708414
11.49910586316122 19.01823977868676
7.824506186268229 20.0300626473074
9.496446547530793 19.36384575744145
6.530609890186178 19.7006571490314
9.363921579308983 19.2514308672865
9.890724231669829 19.55738839615628
6.792920059829123 19.39513218064705
10.18835636773326 18.50490672828592
10.97318680265076 18.9929570470118
7.730840133562992 19.87580109698658
8.814497689404352 19.6349398434713
9.070418508508565 19.57266117941347
7.150222590848885 19.34790378695245
12.04025910823217 17.53037114681452
11.11486457040727 19.24575273584573
10.50760282021344 19.41766331971883
8.789529890504603 19.71955184942398
11.06203993184179 19.19847176495517
8.858433181233579 19.08747612683435
11.04249480901525 18.17414734926966
11.84300310707382 18.2413905085395
8.537874696967398 19.7484705285674
10.25669607895417 18.86736929191414
10.38654166442056 19.03999288433427
11.42412115366928 18.94613716002588
11.95375552304012 18.42517693522416
9.962271234032958 20.28163256140799
10.72827667875555 19.0034639653901
10.68762951157212 18.23151348059727
9.797026195108616 19.40611574719433
12.38422706907107 18.84807585509164
14.51661794708148 18.20913774319837
7.193569554773386 19.34104950311683
8.421998375255365 19.70931341587629
6.786925814602469 19.19023385463681
10.24954535776127 19.30302491269834
7.567608505950197 19.43688742601013
10.29726619713561 18.73399925660208
12.31200008711877 19.01288456295712
5.20304186493817 20.16892158478717
9.585587959289565 19.13309655280144
9.661777897845388 19.13626729848991
9.627985252185912 19.67358353281062
11.18421693434568 18.58726357062223
10.73932503324433 18.61715081285833
7.492865718917129 19.23227449336267
10.20571130300463 18.40255533688672
10.72315511422356 18.26345588661316
8.037316415222634 19.69178642301085
9.603841908176232 18.41977234073351
10.5966560581622 18.48474369349834
8.039808168598439 19.44937303096869
10.08196182860967 18.7019083618654
12.99053428824986 19.03678095442373
12.62333315095065 18.36601101561537
13.16100710414289 19.28247993623456
9.456365882901416 19.61458858166551
9.931292747727463 19.37763938999008
10.11968068312702 18.83939940400905
7.806650097489024 18.73185801503119
9.137978921181062 19.19725362678907
9.546081121612726 18.22716521425277
11.84364265484735 19.27562797719445
6.021421165978361 19.60123396511735
10.44369593946556 18.79769577636445
10.98910099360829 18.72467029170262
9.038999628185607 18.79427129892322
9.859062489252494 18.58160560374208
8.087873485954914 18.79792377760449
8.81791839284107 19.56061495490628
8.620972369298499 19.91373338472543
10.58322506958689 18.84241587783488
12.63797052514811 19.52505643177453
8.348043462553388 19.5765409287729
8.067496891427297 19.79969516042908
10.38745967836726 18.53791447413269
10.24732139729294 18.83610128234379
9.874205822955188 18.27899806025716
10.66346839917247 18.69757299283641
9.300285651097528 19.6570788865659
9.673842957222837 19.14767891986424
10.84759050241114 19.4788069988709
12.82996113949754 18.14175488251353
8.865002328174526 19.99931935198686
9.891485852504621 18.33445801465489
9.559624320166687 18.85675601753737
8.622665089019302 18.51775624903536
10.61822380943111 19.42247161779098
12.32660625813704 18.57489496833799
11.75185322029197 18.8834492590141
9.150409768012295 19.09925637502627
9.029280172979682 18.79341483351761
13.79271953377405 18.1480028789446
11.03476432246383 18.3919093692475
9.315391511434992 18.90745532189532
10.37261853185992 18.73280489556842
10.67002025082037 20.24197080193881
11.02582408516655 18.91705730030317
8.611754841034253 19.48957611827221
13.29086668187153 18.12762663274877
12.07591870221903 18.78074490200447
7.378425398544123 20.10231211284874
10.48462875488009 19.43199163072442
10.13317758783863 19.27284613254702
11.84571548856757 18.43062751803027
10.87008349737409 18.90749997570897
5.91183664877992 19.57894438092881
9.848614943632565 19.1690857592544
8.310000230215232 19.10837074110699
5.368578537643476 20.27378707856549
9.988717549889602 18.16633567998216
12.10664023778323 18.5695641918317
10.06454477216832 18.48853788455125
10.71070735730989 19.26463037178684
10.51254011012519 18.77289630489103
10.21916547435156 18.94566510320216
10.91364833568895 18.99362066526698
11.0364989630692 17.58081067091059
10.14803672573979 19.29403577744712
10.18642903074687 19.21343419003197
10.38182029969038 18.54033502884027
13.54190080432173 18.24540734650074
9.631039980674666 19.63922765732956
10.39012937566664 19.38149852788187
8.584281521152747 19.16227547494977
9.65227849815798 18.63662719326133
8.810608127606271 19.03282377073034
10.16504419385686 18.53265029243839
11.41414040239417 18.86765857536745
13.41206413786351 18.22408077118666
11.51855991308932 19.40497883720855
10.08099657234543 19.05594120051658
7.665164422022426 18.37880181832822
9.510054606173698 19.45973347034138
10.97628769380174 18.45288636279457
11.13268545124251 18.67715975254886
8.954509635017653 19.37238282350042
11.52378153901865 19.3747430031908
9.183395794005378 19.05717809974736
11.32519602560317 19.41180240885693
9.821636712371342 18.60535559114964
12.203087120489 18.96911459627873
9.330277882027801 18.92070718395395
10.25120204476011 19.65257252953076
10.66688131799743 19.0152620353941
12.47031963178078 18.32304449325104
9.930350180841439 18.76694687388084
11.16806681828437 18.93245206212953
11.79044619642033 18.4690079317694
12.01151134112962 17.81783768328189
9.708191498415061 18.6270728089977
7.40873663931408 19.67282687928062
10.79499283629189 18.74441411581059
9.384546379923325 19.14109831203883
9.480205419799065 19.20456347959512
9.270591145578132 18.75498853188363
11.93965508541727 18.23761645775558
13.68138925507314 16.38829581866901
12.96331125705713 17.35858648919283
10.24327780774375 19.468270189361
8.04111502488951 18.08347288232691
14.28168128327426 16.53659707522476
12.65087528214455 17.20544169802718
10.82137380586113 18.24772274637122
10.84534008535478 18.14132530966228
11.4757218409138 18.90910942105306
9.830866587185765 18.25547379931479
15.1545199443525 17.0476648970407
8.729249589588809 18.97402350644429
9.441667653071205 18.5124516217968
9.94428373782398 19.76010753140675
14.06801077051616 16.9092512184782
12.68427476786576 16.46019510732777
10.52494589869374 18.29092251277195
10.788756378323 18.17879234756166
10.7367653041887 19.09961859489614
12.15689795282811 18.38218630984307
11.95257864816676 17.65556129957178
12.04667280625809 17.37959927198636
10.35620033861711 19.0321582787329
10.73426872752732 17.94175137379782
12.76452741852684 17.64509602618095
12.24680848715351 17.29375677395394
12.9167960392977 17.32173489810226
11.34932147888433 18.42042636610582
10.45711482537972 18.42979799777185
10.95201647427803 18.31138181569013
14.08162423388587 17.62501055182972
12.3820719198207 17.45828375963496
9.149229991688051 18.70022927921851
10.67378089201458 18.81884199595114
9.432500790135883 17.92216716136074
12.25591671160718 17.71836101348368
11.90465107141094 16.89525628075254
12.62124079641112 17.35358886547776
15.21352628851022 17.80907082798219
10.06006306339126 18.62209946872033
14.53342534549695 17.16357664960396
12.25233542568128 18.36007202525303
11.0182849601314 18.8202216251122
11.03681476336649 18.07195201851427
14.99100964550988 17.33611297475699
11.13071864109949 18.97888364296266
14.25371772075776 16.64524658148884
13.19063525425874 18.29246906431014
13.87510164894374 17.79354344198187
12.68815237420804 18.23131115339097
12.07905079632329 18.40979731017113
11.49512059814712 18.38657083921464
11.82445524634384 18.01662343054775
12.52624849819362 18.89281526888345
11.59634444070301 17.97369027212454
11.26478588765077 18.02917932850585
13.80434330190479 16.89819198863796
11.70229676569791 19.02831226695876
11.38234115700567 19.14234747367143
12.81453549269353 17.97900349563049
14.51650461028411 17.83523244658038
10.31589201973304 17.56684669965808
13.26446204911153 17.39666601332491
11.69085315302435 17.69564661824353
11.49222370697282 18.46820962545457
13.65228168319247 17.81106197399673
11.25322519356029 18.46889880230256
9.606908914307507 18.6124324659867
10.99711286587434 18.05724652772118
13.71106901430814 16.71607348343979
10.56514764349725 17.90531093614545
9.257107877119489 19.25147534539662
9.459771778725736 17.97431011678215
10.0576411697648 19.09288177253304
11.30269432604294 18.18662180779098
11.24335303956768 18.47368729150802
12.61489161868081 17.93686901875358
15.1522847709737 17.1507958554706
13.63515028475022 17.53097906725601
11.81299917227476 17.9320011179109
9.34284462904418 18.2994774378049
14.64827415131997 17.31966475910023
11.344963000292 18.03581233491953
9.811207751396779 18.19524949573595
11.19995767662556 18.24756268630831
13.61290074404345 17.76298479686619
11.40102973263046 18.42933976015162
11.4947163289166 17.26940173492342
11.13131993014149 18.10532280450692
9.105990627168133 18.55697000865478
11.62051885005746 18.49956773282227
8.273153737803893 18.9755096828617
13.67422674015523 17.90954846033464
13.02207625583396 17.55329791875883
14.27861904087305 17.49457255347613
12.78511799904729 17.65263507976844
12.11265043472511 18.30099454917941
10.80951806506118 18.16639114434224
11.05767814378402 17.10199736838407
12.98786694018082 18.42336881314479
11.68972233141511 18.26619826415766
10.45996335768781 17.87056152170087
12.33787202234215 17.65994415376129
11.4621375132929 18.70084912822576
13.41674526614617 16.32545286389239
13.61916050197727 17.92895847841353
13.19114284149583 17.06449295148561
11.48049112319797 18.52804622672786
13.66928037145992 16.56456396436075
12.01374231436621 18.6021848379299
11.85370561350625 17.43663748676486
12.10722512558531 18.29399234083766
10.83858869032282 17.86934204349493
13.56147044775335 16.84436644369869
10.76647719455465 17.69873842857402
11.75381680345491 18.05443741612808
8.755767574805686 19.45347279580536
10.68814512945581 17.77193581171058
10.11147123545669 18.36794582688627
13.28061240427034 17.28150920745577
10.42787026020611 19.70998894829233
10.65477775614525 18.46496651651409
9.330456750838133 19.5301254551493
11.67477761375237 17.33526155079075
10.73308425802259 18.32810041837651
9.593529033651315 18.68526694978008
14.43847515051191 17.43888893168316
12.72336363447226 16.60113026823226
13.26884336450577 17.37365543539693
10.93376287324709 17.89947331072741
10.63104895080698 18.62697232135464
12.60343854604722 18.22905238825619
12.87936896161646 17.20660847251005
12.29367221619752 17.13083991889323
10.63003985292793 19.72703741492251
10.66476203289218 18.42637010634624
12.0536999927255 18.08590306909162
14.01488347374823 17.30146571103652
11.90054933631461 16.71871368579934
11.56762522339733 18.9134903143427
12.15834721603144 17.73115133630636
11.8042646026032 18.77388563477389
10.74478344851152 18.37822731787423
13.0923113790436 18.79128953271416
13.66113687562288 17.4754592174868
13.93433743305206 17.02542778073585
10.82187090618606 18.07939893507705
11.75507597097558 17.93029637449147
11.45016788425269 18.01480211193743
13.27783245551953 17.49404700279522
9.628826768399399 18.26108606419826
13.32784361208981 17.83313145741641
13.12529312062948 17.92830146852211
12.49375821429045 18.45739955265555
11.5532354369951 18.9306519933375
11.27420095884245 17.45356197304356
11.48301331713153 18.36045914832862
11.8417660260515 17.91186504177776
13.11308185201457 17.2658324930648
12.98193522458095 16.94316276892038
10.18620615493093 18.62460341867501
11.30435361991346 17.47804069090014
9.395140270741992 19.0594806918227
9.806653348443048 18.28332084828519
7.960408330054467 20.19181314549671
12.50573585651735 17.89471730086564
12.23379435382242 17.63088398214625
15.36664848326787 16.55694275159777
9.377304451424635 19.27477508975334
13.16367699525338 16.72223912895625
12.73979126914758 17.11979410297184
9.511687389832657 18.78350502245749
13.88256180495499 17.04322616694151
9.566180920852414 19.00258388147218
10.44167068747088 19.54111676253602
10.21869222530334 18.8186996407816
13.42347926535671 17.9142712118024
10.88124616236878 18.12355908432433
11.05039425489898 19.1017186914736
11.35497544984895 18.38893806946393
10.49962681481713 18.72006609250311
6.100214992549889 18.8766645728916
13.85425673468521 17.40715098847598
9.827427487253717 18.87601765179879
12.12689873390511 17.79852257021739
13.17034389966663 17.3956732136412
12.90906431512366 17.64049661062841
11.25597514747942 17.29257102046925
9.585226874308596 18.99109445669018
10.32987224357574 18.32395664804385
11.84577707600739 17.31963722880581
11.99595642437339 17.81329952819641
10.54763071090639 18.19489410024053
9.923110253527051 19.33311282960447
11.59734923115233 19.1542773976234
11.08213512815347 18.09584524296898
14.80404702709778 16.73676863880817
13.02860765258101 18.14456319320338
9.565932375595715 18.44716493702462
14.05420029640171 17.54368285433318
13.45533531380049 17.56334587741514
13.98225839929435 16.98009106802167
8.631203915800949 19.77317816143576
13.84470535692751 18.1858620871719
12.14613882350386 18.02591307366581
11.25026095783139 18.37564770739533
11.80227088138415 17.21721165019609
10.94136490625371 18.79576075450781
11.42974431801215 16.98853456755301
9.605175691079497 19.18311676727788
10.1082656463945 19.02200436339613
9.527001669544429 18.49659336588718
11.59132183372656 17.9484548502452
9.371437342862865 18.87758551592873
11.98233941388463 17.23021879095865
12.21270747239722 17.73655744704266
11.4421683283646 19.18426416765096
9.382438744938327 17.53234072287343
11.47607593683071 18.40932069974227
14.25486645493712 18.12675515382254
10.99096325567886 19.23081193677066
13.61760342525504 17.47994416283041
9.996313890912118 18.73948112015617
9.924423380253081 18.34343555608327
11.00716490460607 19.06103534002399
11.49184070074587 18.5594172960526
9.476076968484179 19.60295143706841
11.49616378112201 18.99960150458394
14.21059130318212 16.82917557232571
10.20464525642291 18.76786906941704
13.64063905650883 16.68927150302197
15.09283814824324 16.66828177431177
12.80746334361439 18.31395842893471
11.17972340509022 18.18977536852075
13.09218400563665 17.95638335026325
9.181020753339611 18.68720038132497
12.41028465745174 18.03377064026595
10.79192589257304 18.22429070169242
11.66026141684595 18.03697237259721
11.11703588858774 17.36359656721889
12.84056637704297 18.19660431073433
14.67321908989094 16.67619191784138
10.02571390137311 18.30039205977257
14.38317039490916 17.66743249830859
8.693900798872114 19.94272554761532
10.46700232117728 18.46150874995504
9.536262714975781 19.11995283687154
12.67435870403371 17.75969893551065
13.91611808505516 18.2975247852338
12.66208285941097 17.87043833092673
11.73795247062107 18.15937350559162
11.59881406703705 17.84512341756313
8.886398644323677 19.33251460187559
13.45536057935757 17.47309740223979
9.075930913651739 19.25074701392766
12.14004064426641 17.3195958972485
12.86257167959995 17.46181470075501
11.0981399583864 17.7306579641669
11.01403184488036 17.74380708102028
11.68295690533182 17.55742010286644
10.62330549269436 18.06991115774911
10.88366267766295 18.5847631243592
11.10201599676452 18.92281296824946
9.842658422638021 18.2683251661008
12.51717634046848 17.71915215507903
14.2732276022088 17.16380687841332
8.929334024139852 19.38384269316777
13.08219154675107 16.39643447088635
10.02030345163586 18.57664467001902
11.88045444669567 17.78773967646361
12.97422954504372 17.26114887459017
12.83907836157475 18.18924206639617
11.71508330980476 18.38666177066959
9.850956983273207 18.78834661992363
12.19984864835797 18.0334276881815
8.409997677933879 19.29444696363863
13.23492262209217 17.84848815862213
10.81148270906222 18.3449171178159
12.39408072636763 16.85519303573549
12.40731595035869 16.74598987751274
10.87569356908009 18.88046032560228
13.3401151748393 17.60789644479531
11.84146803104588 19.33902367344973
12.23225417880111 17.32562656431617
12.49568036752028 17.35836124120791
12.03738346506552 17.78661319685588
10.89051431725902 18.02551455526084
11.6736414877816 18.45412685049838
9.938760296524011 19.05775388453016
11.21981559191734 18.62807747662344
10.7149933895806 18.30309736151797
10.4410874594429 19.39376862057683
11.26253507787203 18.46419851721292
11.19526202401817 17.88196178680017
11.92109431774401 18.06656198661017
13.89255139796951 18.48095473030642
11.3057227244944 17.74938414985784
11.89964860752384 17.86582759481106
12.18726781922324 17.71074108833531
11.6609334055707 18.13584124136685
8.985982497769255 18.98268828779893
10.45761022008419 18.72354381465141
11.47290303524781 17.66840657277573
12.19676004562794 18.22577884413693
11.53335862763952 18.35407502216752
8.99519936642457 18.58966345496803
13.4603509033415 17.75121720023443
10.60377969766398 18.04304616964562
13.68878501420956 17.61175222239072
9.519809736375137 18.2862473288155
8.703391254464343 19.43285650692062
11.67564287045697 18.26622125277322
10.98784571551784 18.64567536338673
12.54269041447247 17.71525391928946
10.40667899392297 17.48322633706401
13.4720517381164 17.49868571821031
10.76375229246061 18.1952706170634
10.43137107677872 17.91406933669144
12.52238748828662 16.90138076725691
13.31616064956797 17.63256389712175
12.23091832357863 16.70753901640976
11.84582259531906 18.58529195711829
11.03536499507021 18.05901453217241
11.55935603928209 19.71649978736913
12.83053590148671 17.06354304711376
12.08707575732853 16.72824538472827
11.90540544406416 17.40040525221077
12.01342415850755 18.12832308640686
12.65024946277876 17.86108671941144
10.5635540882827 18.75374451861025
12.64845376854145 17.90767556054557
12.92118386527508 17.98518904330554
10.78106184367813 18.57708683792721
13.1684272961772 17.60888672669336
13.63418707739721 17.6320149114956
10.70055614831605 17.51751024203024
8.621505433076393 18.25187126836843
14.02436845654264 17.61067833810739
11.26918788427749 18.5805303372285
9.132023945045939 18.84097721441394
10.24242938457074 17.67903838861443
9.613892784556329 18.35452456040648
12.06802391207884 18.00200468423268
12.11667575256752 17.36915692474666
10.09764917993926 18.14245688930302
11.2869682454149 18.23747400293295
12.85066664915003 18.06060856374433
12.31348886744249 17.41739638047576
9.983497102729384 19.07962309292281
13.65314603024137 17.09437473364585
12.77733946447468 17.91688574337384
11.79280831206456 18.30069478160106
12.1728159553952 18.0627064556253
13.87452341839112 16.88973256321655
10.26206340794256 18.62749440276804
13.68905029369001 16.69219811823942
11.0380272828804 19.26423913704276
12.0786127351696 17.8538809444617
14.29401969598708 16.53103119896074
10.35082828171907 18.43733542862638
11.00439218534912 18.43603154091529
12.8310149798903 16.96026290484238
12.21015544248912 18.6215258012241
12.46927900672415 17.7095793311251
10.44008360782476 17.90358685639374
12.8589593901294 17.07425474615627
11.83337183811407 17.98170966488013
10.90759883438388 18.50794008393933
11.66101630621065 18.10014125525573
11.00787360393778 18.46777848794278
10.80487305783343 18.07717236748552
13.61349778802051 16.89078637427188
7.469101381211355 19.0069467467762
12.98546562429749 17.74321129316175
12.76319387153903 17.56670340694099
10.85961668429284 18.31227720852213
11.29709187705625 18.18718478296051
11.81315586856409 17.28311284761979
10.52582662972717 18.24270848658707
12.2484338818721 17.50968696056544
11.06235820591839 17.99213312403354
13.99103809815803 16.17905184070284
9.966385560652842 18.82666576650134
10.86254538428483 18.35570752706107
13.48117281727044 18.0808830569421
12.58956088136755 17.59290689911476
11.10536527525594 18.25280178126438
12.8583332643985 17.11853413237696
11.00546223523708 19.34440401518403
12.63085146503325 17.79386596426206
12.76806635954061 17.91850394175529
14.39900328063025 17.31316376434437
11.20038066664105 17.90038187463673
12.21633338008209 18.28108426119913
7.933094203957185 19.43911747281602
6.918069938117705 20.24260926737044
8.807073242897737 19.51331989627515
10.49707617096649 18.3110999131191
12.30699457265221 18.03992116848871
12.91482570828451 17.22772437908142
11.63560996255619 17.39016073816865
12.23052167499456 17.40627496872214
11.64973801695006 18.0509285609714
11.35250680095499 17.98682558811226
9.837373998992717 18.19222593325132
8.66374323580739 19.0518321994495
14.57790057486453 17.15491427468181
12.39153049111538 16.5308682506088
10.54906993562897 17.90351273378947
11.73530296411695 18.02188405438168
11.94152365563373 18.55188585668796
9.571789124094177 18.80621040437453
12.0791407372036 18.17606085259995
12.46596973422077 18.12265207952656
13.11648503191563 16.87985146929933
14.19389702377448 17.43999265933319
12.32068266789781 18.35535268895531
12.94779550417844 18.29459438117956
10.91006602946128 17.54831338413857
16.23903835978825 15.77665528012006
7.951116285676742 19.1148791197946
14.16195965434736 16.89269519468001
11.4472364364246 18.26338778182797
11.44082259758879 17.97489782041872
14.078930870304 17.39223619994376
10.97143510794092 18.8760081270854
9.629672057369175 17.81622334270908
13.52197064900757 17.65024439873149
10.42158558467528 18.39728476245115
11.32754942995095 19.14735710730432
12.89631599309818 17.63773389325936
10.53465940295027 18.05421442601488
11.79991389295066 18.47886421487126
10.46269240478602 17.93255423377756
12.08197614004797 18.26585513424796
9.704810265325987 19.22918914352606
10.46373820818956 18.78780816916039
12.54394926929982 17.71168787937335
12.65036144629494 16.67447778458997
12.80660155505921 17.21567905047703
12.48470836835389 18.11745653458085
10.82427726799832 18.06584876721191
11.88182410771747 17.87223573606915
9.506203690612191 19.11687075069655
9.490293361325246 18.48853293513775
11.09064017489882 17.65527114453331
10.93437024690992 18.26121813494493
11.31968003850394 18.07887049150527
11.41425465717524 18.18489442118862
8.526752553381691 19.15525847453795
11.05318823724972 18.47335468008295
10.97065315156392 17.96837755421362
9.923965419480833 18.72421823083659
12.39340312264132 18.41675445492564
12.52328624970555 17.14381577531202
9.750183264923329 18.8418508134963
13.24916761329159 17.43024606063024
14.63246076092258 17.75929985662864
11.80877535011269 18.54690651585295
11.93652605797829 18.54235476990097
9.904026321833673 18.05852181833123
12.34670595428236 18.20190472503875
14.00734910743428 18.26456947127059
10.08147953229122 17.41539282244477
12.147197380988 17.70602220104404
12.38956610412239 17.82317801669216
10.46676283368527 18.40487784846321
10.13502679264585 18.73210383597577
12.35305727523476 17.85069490448304
13.4727928082919 17.91017845924567
10.37789486177399 18.57271376617954
12.02670126080922 17.64405206858186
14.8997542367349 17.4398467030518
12.01204052680208 17.13545766024264
10.92657200297725 17.59375099511795
12.91939982511946 17.64053102603454
12.47480180407238 17.40005119560645
8.377974264761653 18.72922074479125
9.348320763491611 18.55312962111023
12.78221522778932 17.79141311876502
10.61954080147603 19.26219647055235
12.53545569449976 17.26772092085885
11.11078219326922 18.28387743463587
13.09154534810365 17.21900634677633
13.54728095553729 17.75497905039501
8.798084880667952 18.29146620775072
10.24396661748263 18.92504547410379
13.60256876732002 17.432034260256
11.26639063454497 17.46326415677292
11.31277389865499 17.78100611248966
13.3921489299314 17.6491068192871
9.857037462930055 19.68362441565704
11.6254278306322 17.64536175948145
10.61563905030639 18.43066376222083
10.94120665565192 17.49507665812408
13.46945691743002 18.31024620714289
14.19947147398497 17.4784362012526
10.98370305796675 17.75396164105544
10.95256420105733 18.44167342000299
10.61899644628209 18.93344200914056
11.36377442720175 18.05621509439616
11.52557264344893 17.56615208987473
13.71095059319299 16.76897079668565
12.2487068642282 17.15735324116257
11.36515666186068 17.75120785982341
14.16537710365308 16.43841376869306
11.28472328582341 17.62049420902272
10.07964259880341 18.58538117796327
12.5286992564026 17.8568707199151
12.62837147824028 17.36988750554809
11.57690464314356 17.82267507245787
12.60701704519145 17.53699518078884
8.235933605049111 19.10305162924111
10.48443646473267 17.97292851309837
13.88994030638792 16.99849871994504
10.34982727100226 18.64105606781526
10.61411098942586 18.53605178976458
12.63746456545467 17.64819359922173
15.11905707949774 17.01570977428564
13.52299749321321 17.11171339664704
11.88251597616421 18.11958772305127
11.85242474517815 17.98730485753722
11.40809441716183 17.91206442241951
9.421554834170278 18.75651347967898
12.03709880376278 18.34267078039169
11.27431650669574 17.51573164399626
12.2356198841615 18.7009368667662
12.66966109284962 18.03218916703833
12.35882020005688 17.83083721234755
12.29933163588655 17.21360725152076
15.3669751122194 16.51461674775352
12.35245087949075 17.16156134160905
12.06429416565192 17.80710898948062
11.5214994873057 18.06779368811548
12.34971099093019 17.40887840582222
10.76491890661205 18.07520870818141
10.36431011802959 18.85952543373035
11.60434731167598 17.15429349839744
10.66165157591404 19.19451128902912
6.675410755439961 19.14208333502976
13.18376953820406 17.98185699663193
12.3092763035833 17.95039509065412
9.596083477954243 18.03158138287905
13.34090508111538 17.39579844738756
12.70222602987637 17.09501340336724
10.20816719344337 19.1880122655823
11.3380157329241 17.87704490050293
12.39178913749024 18.26286885468379
13.35905012387464 17.44979683886493
11.72661912308486 18.58203657247564
7.456987456984409 19.78253706074702
11.97455923546813 17.40204490314711
10.08513192731532 18.5405083780025
11.14904830778704 17.29862628937527
12.04689725835325 18.2196835404111
11.27446504858533 18.31227831657901
14.39305266153485 17.30704561660094
11.54049370309128 17.54921474131642
10.41497810113989 18.67527163694415
11.10599165833344 17.89970090575159
11.36462432962993 18.02766168837936
12.22765088708723 17.1406921394563
9.003097031340285 19.63070693719983
11.12716644062017 18.24896703669753
10.83168542020533 18.09415933791746
11.67013166888135 18.21541369630573
11.35463358906232 17.7755519699084
10.94471223879724 18.76918593599708
13.0082263938889 17.86626966369658
14.5105171311808 16.39564200237223
11.38657950357815 18.37079152268242
10.2177527767317 18.50046157514245
10.27733893343008 18.64110315958649
13.24059810912064 17.39220108484082
11.54446921027625 18.15386188910193
12.20852447558317 17.21307551008794
11.52468930616158 17.21677800416149
12.98954135366082 17.75677170279569
12.59999566130784 16.8711581404998
11.39769186344657 18.44276170832878
12.0950759387528 18.08457278951249
12.35243425636217 18.07185647305286
9.853639121294357 18.74108629271647
12.5963663848601 17.44548111180731
11.92048793517029 17.9519598535911
12.95583097267773 17.05931052177854
9.833168068337645 18.97180419603468
11.29407862132773 17.79482197138064
12.88376782111878 18.12920405642585
12.25768829719247 17.99039187847179
10.46402317585912 18.32485235145965
12.12780333141738 18.23795589278532
9.525043260126418 19.69919251329483
13.63916810712218 17.82571948002882
11.6303844654258 18.15867977878363
12.65662682265492 17.41901750202855
11.85463611629063 16.69890996957253
14.79197220537962 17.13121470827733
10.78395465137413 18.15693333810905
14.09908033678016 17.30237564795361
9.725456747174761 18.38820196455107
11.38656760922929 17.39540581416388
12.97868698680588 17.5597162556561
12.22659678703383 17.94829739106087
9.968086576212579 18.874315016944
10.94606607416111 18.38252114970301
9.526022745447717 18.89208472682535
11.97691665647046 17.99628493073205
13.26916559691516 18.23596890532259
13.98453888029832 17.72703277202489
12.71901420030937 17.99446820333914
12.23332907767785 18.74288920937836
12.57662579754414 18.35676957268071
9.209166392136284 18.74906530617722
13.39809843885751 17.99914915453852
12.23964838032853 17.51952721331431
9.467914047337636 19.35898727855376
8.462622541301101 19.10415761394017
15.26269136489612 17.50408239236047
12.35183042548561 18.12370448858658
12.49952171844384 18.68355580739528
11.59838706422962 18.69220530973316
12.60753330527545 18.46181087290515
10.58498072607017 18.41469017326184
11.06344453984609 18.52621184020088
12.43000124581097 17.13889808910146
12.94015512854854 17.64058668286229
12.41335986374561 16.39078502336602
11.49288487462273 18.07995789427986
10.47046688842577 18.92227433540109
10.31512738029043 18.70466650496371
8.298207866959014 19.26042171076404
9.678133143494389 19.02002835884204
13.82317618809224 18.40844342913004
13.59056203052794 17.32073950598303
10.4090783884333 18.4925944474968
13.32427813112111 17.27915488272572
10.65633077621147 17.48458817138336
11.62723720198571 18.12922131012129
12.78504471471727 17.63864306386132
12.21301496821871 17.80925380288587
13.51009159353513 16.14263579639742
10.17430229238095 18.70731174964141
11.4895959213279 18.51217141008095
13.05958862803977 16.18939333672098
9.975808226338858 19.76959133559451
11.09138978826689 18.13306291867055
8.151362624858864 18.98657541799335
9.842487961226885 18.36312011676475
12.14504459505209 17.83417291363593
13.2284034894879 17.92111422968705
12.16567127434824 18.32472743186023
13.60921783974488 17.37735636833303
11.90832477375103 17.43664717902999
11.73917353393734 17.07281049943661
13.93771329112091 17.00748965332273
16.09558857336872 16.22275122250551
11.87139575606706 17.92328768018913
11.05685504168019 18.36866737248691
12.88835586049703 16.83979685717588
11.56718248467919 16.54544263709544
11.84452140006314 17.63479838155846
11.06247856884691 18.65486737149079
12.68233881450329 18.30970693415096
9.632445680053044 18.45704885265967
10.23728838514997 17.63554447236144
11.65020675890857 17.33283329261154
12.29844558973347 18.0087797768582
13.47927656507673 17.24407057987405
8.860581119232144 18.15077441544261
12.2474789987985 17.222272408814
9.767891674355784 19.31778251399107
11.34411927457631 18.97386971082363
13.67127494357018 17.5047014608146
11.70434939150619 18.57859741764443
9.956784438854122 18.9301143170492
12.2374867782255 18.09456855258966
10.88879154895553 18.18043480317334
10.95865284798939 19.36834811161773
10.64478207827564 18.32020927024805
9.780967872542035 18.42457482834187
10.57536036141562 19.0962637554405
14.0158370786103 17.07543946723667
11.51205845201151 19.11358668664509
12.02300789494847 17.99971671615211
10.53464886271473 18.85446620449924
13.64974616628633 17.82478222251874
13.40682808314776 17.80625696216303
12.48444480460646 17.00819558195687
12.56714963731414 17.35042604834933
10.20640356000169 18.00043260617753
11.371169525981 18.57337010750695
9.018733565293299 19.55172416093279
10.97094692429247 18.0281988211098
12.00328563381674 17.83668134176355
12.00246550515959 18.44016774923252
8.736247989148589 18.06981399660758
13.93058522256996 17.20623225485918
10.32729542326998 18.95299521798387
12.6492627168943 18.03833471464356
11.682374561401 18.41463753314684
9.267958772459824 19.58198169797684
13.62066046734673 17.67883570439212
9.146165130616037 19.96944469360952
9.545314929774499 18.1995281795535
11.32497818075465 18.34207848859388
11.02205598293883 18.89426471539222
14.4320392033337 16.91653560592221
9.994054352015986 19.46280236616045
10.9262958063382 17.25413081470318
14.43598194155204 17.56718919452954
12.05260225547133 16.81759015840201
11.26404219556898 18.59566633809881
13.30238167089925 17.44650986871301
12.79676199267462 18.33663837614554
11.85168105151954 17.80243391798187
10.89294209693323 18.75749724799261
11.85335756245341 17.35334764829285
11.81961724127989 18.38016040028901
10.32269365503085 18.51397552426402
14.80680847188045 17.10454680287079
12.95168865587755 17.51128747887193
13.58575515461698 17.0750161397653
10.97321101404344 18.75948607665225
13.64066501410796 17.47552842077405
11.94670831546659 18.33745702538316
13.9517932890521 17.28821965933771
10.91709777501343 18.18660603214031
12.68004450172454 18.12673407539854
9.694132755038003 18.76939745035326
11.40077707743487 18.89387739244677
8.439054408714394 19.54319779085688
10.77821585194574 18.32067517962478
13.40711411310817 16.73786379150652
13.75814812305321 17.6250844998218
14.83271092796871 16.59900700623766
12.92678787813267 17.5325976602193
13.22736747092539 17.62868102424457
10.16613780660452 18.46911887479611
11.04514425393644 18.48855171147337
12.19348713636996 17.31827163737023
12.59989758902793 17.58221018134109
12.96685104805763 17.67044496464994
13.36767022548979 18.00102533928321
13.89300019481563 16.57026561773457
12.77122772957438 18.01685515938486
13.04228412840189 18.05482923700957
13.95423101679309 16.56003735752251
11.74930360250545 17.69186001894237
10.65894565534104 18.30532933797468
12.14079571070639 17.881098348501
11.81251489607171 17.8738606200648
10.61503135631588 19.14132245929098
11.13856307002297 17.46281409729072
9.944865259846159 18.2312589692539
11.36691966822379 18.32858046187273
10.23034710213056 17.56239172109263
9.696740853555529 18.33143659435988
11.67076225649166 18.29231883970958
10.24145461944704 18.72685074327842
14.124509060796 17.02539920723932
12.99704393934199 16.95222743326656
12.77734883204702 17.30384599338837
11.48272483653249 17.66603067342001
9.51615442258589 18.77137314714086
9.802087749352189 18.2310612551209
13.65536334522075 17.20834976756535
13.76848474382433 16.83504628821948
12.96102234686161 17.0329859804332
12.26877785829168 17.12060530790503
9.733346685006259 18.72184694075781
14.34145490775319 17.02023504335247
12.37388271438845 18.02869569934929
11.71429541360602 18.37482069441323
11.86224949023118 18.07238890748179
12.24025637372236 17.64627866718175
9.705508497912145 18.83285302781623
13.2182185259417 18.22685309065113
13.75575164529791 16.93960572760968
11.22844116428535 18.84225227127215
8.686364871606976 19.75488616135793
11.91365895768293 18.08549695676015
11.43109012326808 16.7357781330346
9.208160432011811 18.22308874740949
10.15807445573181 17.73497353753882
10.351606429046 18.66598407077974
13.74731910094494 16.86551188967921
11.1675747505527 18.90886406682443
13.06556317882725 18.25753548113157
11.79394719394356 18.27848422636489
14.05036869138168 17.21942045121796
12.62145202963009 17.39023876520528
10.75506175813763 17.87583798252967
12.85826266864161 17.51463841650201
13.20432946170841 17.67952156336408
14.49527908534004 17.5571541624541
13.26449085397921 17.06248997437206
12.15199251617987 18.06111082736843
12.05259965750662 17.68941529532031
12.75727518865476 16.74418484696977
7.949466889089523 18.50381441514973
13.64377233653989 17.08949417315633
9.576246326961837 17.88386484398847
10.38940352077185 18.43115753545152
12.1724249185327 18.63338453281875
11.35512935916844 17.16790433024476
11.220059330045 17.76630592834717
11.37477937531848 18.60465526564569
13.23449670616461 17.7717203929724
12.31492392943956 17.53798219633482
12.07066293698158 17.860100804216
12.45671694279368 18.68866949800822
12.16409130908211 17.78336007120964
12.13996381383244 17.94438043031159
12.45442090713062 17.44684148625661
10.01171315067842 18.92460417846012
11.16704527709889 18.73554994913768
15.39709468273362 16.2760016775779
8.62342139135192 18.88391245803163
10.96397113616028 17.59871747116245
10.90645953921233 18.0592842160586
8.988281104539251 18.53169617286265
12.2693078415935 18.51577501078119
9.248994125892917 18.66099925504806
13.39247156842359 17.49287012517432
11.57800846260163 17.18098280560439
8.732855946274301 18.49285477995169
14.6981819085284 16.17114510329945
10.19994306025479 19.44976982583557
12.72797129279936 18.82013914718333
10.05348078686116 18.40392125740525
11.09882512047982 18.47633057742124
10.29217160966854 18.50078113382296
13.50938091554446 16.25348674248181
11.53328916269148 17.85948075284278
11.28121502611308 17.83074689915264
14.71621026493213 16.76381365636303
11.53979367923644 18.7855034782614
8.97680398830563 19.25941067345937
13.03880325692861 18.17133697631544
11.91184237375917 17.11071135682641
13.41068158665056 16.98012932336578
10.21667716794013 18.27660882715675
13.0414454616844 17.00685263187469
11.85609168479254 18.23131002669336
13.1194024938426 18.04492191407875
10.15408858385551 17.74084794460444
11.44543232747237 18.20177814068476
9.02534993718209 18.6655223630867
9.707099715078066 19.03197876496843
9.654047425968637 18.71166377290221
11.31752575121671 18.0904433388968
12.28573980654072 18.19586728233118
10.1466739523849 18.9233333431111
12.13610018822181 18.02809687740772
10.17152333660819 18.53903951859038
12.27503931239628 18.76590744456497
12.5311027617127 18.28222225425956
12.77650986050024 17.39197805380583
12.4394854639385 17.66746882983274
10.40647200647536 18.36023551454863
12.4294872769945 16.66928174193811
12.47348406204694 17.28659095458181
11.54181058206345 18.3924976627982
12.71515170841484 16.94272834696357
8.998522063049744 18.77559969999447
13.48348261834005 18.0228473124061
12.13321242819244 17.79625440484275
11.3728750688413 17.57328198277825
11.18589382621805 18.67498525008556
11.3261475747233 17.85303772298307
9.932830511735398 18.19518330869252
13.44843292088157 17.32700174052332
9.720096337621182 19.32865222316917
11.29734923349724 17.65246507575941
13.06446446682001 17.32469357680748
8.049143708231714 19.65068267119979
9.913536525843165 18.2882497108854
9.257946642698851 18.75729325557778
11.12395259358576 17.84472609895457
8.886882909373711 19.09419288679335
10.00412416835535 17.33453101101259
9.92674778231919 18.7272617044956
11.77355666354133 18.5779502363157
11.95411924980029 18.08180270010832
11.55909026912809 17.97327211821022
12.48353562850386 17.56771326488668
12.48871718459271 18.76913841764245
8.538989895311477 19.2997387866346
10.867784531895 18.07316964706553
11.2396115876121 18.21887608803727
11.09417416778929 18.13515369320545
9.952343989658672 18.95858263422236
11.26204248365512 18.66623513446385
10.20822445493119 18.45338843485087
12.38434087505413 17.62740008003496
13.65133142805684 17.24304129988684
13.8110871249119 17.50885968125047
13.10219807368435 17.66495455650918
9.545968905805196 18.79321254553565
12.50971767584619 18.3988225087772
10.93588263686154 18.45602718035737
11.19524522226763 17.68486760904136
10.10419630621146 18.67551231562745
12.6708728348986 18.04911053067979
12.67383537122078 17.97355127874507
9.984824947573625 18.5118519544946
8.169368226941085 18.57071689689256
10.6995970893441 17.91388967408722
13.54997138310838 17.56732707018166
11.62593601111288 17.57340156934631
12.41457974687953 17.40224487589308
9.634836630440072 18.53389067767231
13.8159432826625 16.4814894295694
9.966403771479051 17.80207922727823
14.74072676609955 17.95965931267932
15.45224399034933 16.91617629701456
8.93154687343868 19.19361009675324
11.69614484644973 18.19408269418224
11.67624131532922 17.65004881159836
13.36101814092352 17.3106880201389
9.641791649797451 18.48392304408576
12.75358984635249 17.87389579127283
11.6008869826037 18.29532168573623
9.315388253598854 19.41484720044408
11.96279810125268 18.78676204468918
11.60402049657494 18.12894431857261
11.30694075795424 18.43124265676718
12.74661891313886 18.20416858063821
9.193472430428645 19.19709498645881
12.67431530744215 18.10141067076131
13.99103007181899 17.54133465757464
12.32017902909251 18.22734618923852
7.953017381430895 18.41407104432388
10.55193370359074 18.51510910177267
13.29418232759819 17.15803011188099
12.20273597234409 17.61075083811484
13.57119111317277 17.0953248086549
11.58870269193155 17.98847874035718
11.26689629125432 17.65459098392748
12.41657370748474 17.838932861389
12.29571577847346 17.62449815950926
10.32573239565717 19.32012594526503
9.302787806539957 18.49463658650967
11.85493866399271 18.47334909053705
11.97180298378532 17.1242961746541
10.57085543378668 18.86932538901214
13.74560980880064 17.48922621364822
11.4489209648799 18.44652180885423
12.95235955676024 17.05107722305721
7.807687168860759 18.91450943092828
11.58722167339135 18.67630485294475
12.36276458986719 18.23058852110417
9.25800998244422 19.27626235061251
13.83815727807613 17.14687618287739
8.210008446272504 19.53793640816824
13.82899057413712 17.70163617098375
12.10306718647666 17.794250947829
10.18585357030686 18.50184286061216
12.95167807156047 16.59810537183262
12.41067706725823 18.4637249611831
13.509858631823 16.95260228231204
12.00013799154385 17.43507221659166
10.4636190257006 18.52671031059641
8.605704988747759 19.30251060205924
15.88163653929138 16.9880518316966
9.529214121671103 18.7773061361923
9.746442980117987 18.5229735278491
12.77337804003249 16.98145165687395
11.66629162481168 18.2583924509066
12.28115720416601 17.6559483254287
11.80177806102526 17.1045379255638
10.57880125559188 20.06945521792217
10.13345470780709 18.30743151022005
10.80853648606877 17.97633128657679
11.38904027173693 17.36758466964591
13.24132285160723 17.94372359306002
9.656236973840006 19.40202723212568
9.654750249014935 18.96110482072984
12.54063285436748 17.41137780641789
10.06658104372654 18.82361418681523
12.93864823258571 17.47481222580731
11.18472414358681 18.91971565008747
12.15464850718883 16.95681087430673
11.2107793473091 17.62690178364733
11.37078901177829 18.14607664511109
12.35064739715872 18.1905705211124
12.17777576150717 17.64851581230056
11.71835060328048 18.44677376678327
11.69140271707141 17.14736432763018
12.66716373092675 17.69815847887123
9.864811957514648 17.39879969187133
9.92548788330847 18.62745119606542
9.331858957134699 19.33020591560665
12.62173878283409 17.63539080434414
13.43239928536688 17.08883948430489
14.59420665346814 17.28446756271934
11.47899978073672 18.80817906521023
10.61340621432349 17.83679471373741
10.81886305934637 17.84930263194142
9.244351545751238 18.0712427456624
11.23775614304602 17.87024290814209
10.83415228329065 18.99828244547273
13.8035919120555 18.34309808539174
11.80791000099684 17.67642681592161
10.80610675114582 18.89450963462135
12.89958005155371 17.52299043106831
10.29762629331151 17.9437934809008
9.6108536170472 19.09833626107147
9.439352219894491 18.92788551892951
10.38257060726924 17.8848043383257
11.34561974833464 18.85844159187815
10.77409729094686 19.49489973170776
11.51119594507135 17.98166020922146
12.35691347945731 17.88726532254625
11.97097616114556 17.76710331379184
12.90200724502545 17.60383437052204
11.70604235258161 18.28316412549468
14.15743469510352 17.84876900864896
9.142363794106206 19.68458605925549
10.09596379632826 18.16287602185368
13.15302786390285 16.92823002472356
11.91675345147089 17.65499229674183
11.78575807972903 16.8738077747812
11.94253319111443 17.93583403468818
13.16952967954055 17.79287052176677
12.31331107703898 17.0647594830746
11.38143659901508 16.89067895734775
11.45745488341707 17.44846250043956
8.599230880672117 18.71666179117667
12.52374173624236 18.25787437999687
10.9091242733483 18.20544984427885
13.61712574210348 17.41487237670601
12.40759135808505 16.87499277579546
11.98054964976336 17.69680259443022
11.07602876341837 18.67736145177076
11.07084606504925 17.76542973511287
10.52571318623093 17.73702642279705
11.30001954470916 18.41458252678567
13.83650303529556 16.65965944069766
11.0131994228021 18.59310579646576
10.84732515104341 18.13656848769277
10.09586531915945 18.37541755844963
10.5282257791449 18.44525843196174
13.61584974621097 16.71099249748298
11.90527663450434 17.76955663430449
10.1099543744149 19.21574732960643
15.87341071228416 16.76647591491768
10.04284413281125 18.00637209711427
11.81662171909275 17.45653282430323
9.971388827560535 19.31169127416447
12.68235627645269 17.23509402581309
9.546513798324192 18.394425071628
12.64569378902403 17.81272656257403
16.05790242924556 16.08723462357004
10.94980631084298 19.08513090902432
13.97228245460501 17.19531150588879
10.87698807063216 17.59055673852397
11.48161791427394 17.66224926921209
10.24260759819207 18.88887967935966
14.07418752729883 17.06450240671482
9.46160689895661 19.67192962194966
13.6867104794026 18.37749598777645
11.73178494546628 17.46536457550723
13.84122353097827 17.37615475737623
10.19521080078401 18.56680447231527
10.77451638802523 18.41094557718957
11.63109429363964 17.7797675881718
12.67832939274352 17.41166635862701
10.75173656146446 17.70714069128486
11.89775214012604 17.06094105351251
13.16878371190841 17.66835729954423
13.28248704958841 17.84087633271792
10.60147565174563 18.13472573535008
11.22872876277177 18.75091969399459
11.49738635091471 18.04474180507894
9.784711531458882 18.48365608953841
11.27538386018239 18.15771089135495
11.65143673741802 18.03058312142985
12.80750465363515 17.5150783765507
14.01338228304859 16.52692096830833
10.84417401252436 18.50536177374755
15.19874743744075 16.68919993429816
11.3652208835552 17.35496068443601
11.00297088568553 17.45078576850433
11.65443058107183 18.35932662848121
12.26301378318587 19.06567257022873
13.43036042149162 17.14067204975163
13.41091235866823 16.90674883593487
12.41037455996794 17.40936297398851
11.07841813856925 18.62436191402965
10.01673655803631 17.94701901371332
12.6197743332453 17.97925331018147
11.20433516679607 17.80618542492695
8.315163423677822 18.64045282882866
11.20022455029496 18.45785915761603
11.29677534502462 17.95622662859528
9.459126147091791 19.48267201540709
10.04875542983199 18.50594938884681
13.19472972782621 18.33023111451359
13.07357324430628 17.03886342865708
9.124346644359461 17.9132680207966
11.57021148145214 16.80499879280119
10.81199605215388 18.63621768770843
8.728980668973781 19.5897308500496
10.9582789734739 18.57269864140673
10.58742123584752 18.52376587987818
13.48884679830515 17.41531169589053
11.47560207496311 17.26282805731105
13.38029682452653 17.56921480794313
10.62705650053951 18.74873833369375
10.32064448627016 18.90896610487555
11.56069439623546 18.3665901959167
11.43730272969415 18.20978675652712
11.39805779540168 18.37143016509783
10.40489145156764 18.22339540569709
11.88501861719064 17.51035892396596
10.24059553993938 18.22222751681872
14.5316932838901 17.1580211512167
11.64494586936183 19.00112537703201
10.27328121912871 19.50458020496707
11.28784258284247 17.82339668098949
12.48290594234737 18.11082834830689
10.49255558916334 18.45441582614708
9.058026651338952 19.17248594674658
15.90359045456672 17.26565630790677
14.02467555775382 16.86533640873329
12.76815451756824 17.7008684634961
11.36710602826862 19.17919102999441
8.074315267111764 19.1885624101859
16.20796091548324 16.82948623412727
7.762670687281352 20.34305284524389
14.02523666533128 17.36199249419013
11.24423882071535 19.38331242565321
14.09677289116212 17.74449122767123
10.23243710166495 19.83454062227009
12.12373033729555 18.94330654121384
11.25082875569906 18.78859460734126
12.35503371071234 18.75813394263628
12.05989363970206 18.73819950527026
8.909087843477314 18.72725598016554
13.24702506115889 18.26768656989505
13.82192470820586 17.82050938049288
13.74395877290945 17.06207308731712
13.37416462542718 17.79597359392114
11.51750998946037 16.89795436538271
11.67510865076266 19.02466388809969
11.93180750829632 18.18985596667843
10.29782603849223 18.12818744536755
10.62882479043084 18.57954008553133
12.75867388724258 17.16868105387803
13.12066512348294 17.41121363082183
9.282265768356122 18.51964482422752
10.6745775707706 18.24563578488049
10.33082902197112 17.72175266941581
11.27646470780277 17.72470916386348
11.91858868032557 18.38035999029481
12.92247540437629 17.40308497984669
12.30299538818204 17.73055008130078
13.09476916256443 17.44222939135099
12.33958679770693 17.79198013981123
9.793842281291088 18.43135572133601
10.645796258811 17.70353075808883
14.11313048353275 17.18618052816833
13.2714543256679 17.88766542996872
8.824941192441115 20.01841027089768
12.50521967232531 17.32830735459295
12.09225224726804 17.65200767741117
13.35018837046435 17.67491773641189
13.37549619017111 17.96914644610068
11.237705902675 18.663432661714
15.35957791313753 16.26013956948598
12.30682215731243 18.42367881987921
13.39110595712523 18.12814653904664
10.7605597580112 18.86860421605381
10.75253770907456 18.74177249826609
9.83390066070335 18.66859532611823
12.50746822786066 16.88397671720778
12.04808208783321 17.42001218115739
11.51409728439946 19.17657108977082
12.84653872626647 17.94806274201214
11.14136552743117 17.91385397087848
13.25088218311777 17.39342161144124
9.817213566551775 18.83615423464503
12.86760550625145 17.72699172403583
10.55570082020649 18.78421520924384
13.67408323596901 17.78701510011995
10.28562575768218 18.01365923534743
13.09801386054879 17.53183258568428
10.05038653478686 18.60155642617201
15.51699443609409 16.79375052399835
10.34807581822271 19.56254084525623
11.20146655543853 17.77312408627732
11.91550809907116 17.75325110248306
11.24604421515505 17.5295576534369
9.595502514956372 19.57085569053866
13.59326848929933 16.54461351206672
16.00680802815515 17.00935216222441
10.06618643307037 18.01697355443543
11.46107864914181 18.60454971490321
14.23825140582539 17.39777760725384
11.84394020354052 18.31300520220486
10.79818231660132 18.33096303163735
13.46729198118032 17.07094388146105
10.87974700195008 18.17054849195539
12.98890039330155 17.88153048808789
9.390433443580459 18.3913773155014
9.587557115015827 17.87907771603577
11.40655334735117 18.96597043988513
12.34557572038519 16.50440995376809
12.02912675580138 17.98844314952082
13.20260232245599 17.30720207380244
13.04569976914719 17.99799254319251
11.26488065511112 18.54461322672772
11.38756274101101 18.27899041746018
10.49010861570839 18.35764063108462
12.0937163608044 18.23626977903862
11.14520275968916 18.55546288364851
12.66603411499446 17.3094179472091
10.68769519059295 18.67718530775907
11.39997255089107 18.30225961503532
11.77569039129941 18.50133538244991
12.25422413090466 17.85587587723424
11.51160560914684 17.50810835915533
11.79965165483691 17.34693189179087
11.99784124763935 17.9674877584534
7.205694716115908 19.35887375917348
10.75130972007776 18.24615665112158
13.43124272044509 16.36536725286131
12.54257843125197 17.68028503403506
9.540550529713347 18.95328987024471
11.89204226371539 16.87996383213959
11.01892844933246 17.7393694899988
11.33834957900532 17.75522682896812
11.76439621197509 18.10672188505001
10.46519851169985 19.24661303688416
12.28626529453393 17.0751259084853
12.98162122059152 18.15320355357324
11.2586470398782 18.83783493601084
11.67553582822553 18.47584819415788
11.26934998185341 18.44498223216409
8.990876374740113 19.32524066041843
9.763360325040436 19.52096045829218
10.5907404510798 19.01032297391087
9.937533038540929 18.21496632835683
9.921480031848942 18.61807759583418
10.38294547548146 18.17336571061458
11.66283786727976 18.02641348209198
12.05386767920284 18.03300492774501
9.825214839286549 19.28198713832931
10.08529150933744 18.83916521078449
10.20714438072403 19.02203805166802
12.8511086243111 17.33110776244976
7.269763969415604 18.75705475010058
10.69232502958408 18.24823754183352
10.1218386772399 19.18240978530235
13.17006585020379 17.29706913049796
11.67845678743588 17.66172810993821
12.63451001066863 17.48867576631434
12.52253717912491 17.65648866189966
12.0006428333515 17.83146345058972
11.74138861774602 18.77012177261336
13.77047832018322 17.27587477859228
11.95999584140661 18.06800670904423
12.41617627936748 18.23521800629478
14.05649183151588 17.09201593880623
12.19592429060147 17.69941354709589
12.31563286747674 17.97625757804984
13.79892837442286 16.74323191900353
13.57038838618612 17.47391137490633
11.54190343991305 17.36202234197093
12.82551618061224 17.28476304257104
11.0450266244998 18.54331797622461
11.76387894073022 17.86635900571583
12.86485174508285 17.51031469457201
12.07822938341445 17.73455717509539
12.13548559321194 17.68565849862054
12.49598268841838 17.41152057853075
11.60510535954633 18.39339531789511
11.99756794381999 18.06864795733636
10.59220896747416 18.98466715900739
14.62983611318149 16.50154490228879
9.769359060607341 19.23046156771868
12.54731522022034 17.06915113205573
10.20964913600233 17.75695756051765
11.94414434123407 18.94713225524621
10.68950162221887 18.23526548745583
9.505637641003103 18.22037515381581
12.56058342376567 17.15008201063366
11.041607767696 17.99681325513452
7.747066102434747 20.16166565433409
9.737892857261405 19.25115418775473
10.51174584691303 18.5359592237747
10.12215920608902 19.02434690291127
11.98200312497349 17.66757213770594
13.29704390232992 17.38408218488555
13.5332011271563 17.54653276526075
10.88776525574484 18.83286969338823
7.797662163482767 19.76763973417921
12.35765112372334 17.06480455686363
11.02680388903755 18.31523906591114
8.335177277578895 19.27002383106574
11.54795193088686 17.79245312740214
12.01525211231262 18.44657271191011
10.74509518427436 17.97296588406092
15.62725988519128 16.10935488964544
9.277463277494046 18.25691814810517
11.92595474519852 17.93973305028024
10.76732155276351 18.67971107754653
12.54184336015775 17.37296141659917
13.64995752763629 17.61496433263872
10.05153767585024 19.11626773048502
12.04915433679181 16.55213352344975
11.18134735660364 18.83642235709943
11.87540856824382 18.56335739633257
11.25257843551067 18.0504971953611
12.45550886734364 17.8436323211158
14.13183419833691 16.58294978542313
13.65309568407756 17.82328030446743
13.16562428120919 16.48060458775815
13.52458482654421 16.86657185835232
14.36494303128987 17.02755772307871
14.31287882385203 17.34115339526196
11.01984285245956 17.66028348564805
13.3082091570566 17.52652162193919
9.199260761582581 19.0296008698795
10.03710697387246 18.64685975623859
12.02494833827122 17.72191278813221
10.75798023593769 18.43496979317283
12.63317631069044 17.63230013019546
11.77944956060087 18.37901168599978
11.23011513712347 18.38067047416516
12.08140325631337 18.48000524190338
10.73111747789531 18.69629309013175
11.1232778186874 18.95467572563417
10.01837656621489 18.04967941749217
9.9190456158838 19.12096803778885
13.53468041993943 17.15850365658643
10.29377717604513 18.6914482284222
12.25022769525865 18.69002547844767
11.06021115896715 18.01925143884313
10.67005984965947 17.98743536096486
10.95216274922861 18.70237349865823
14.39335142763112 17.0057046037136
13.28734988541651 17.70514281017433
7.821107618536014 19.29120688012124
12.65782404776602 17.34411515467592
8.396742093124679 18.28690640778682
10.47730368103896 19.02092324383634
13.66580171834978 16.94599264227686
11.15256871510531 17.2946066350654
13.39322386997738 17.61541302350606
13.26085313522739 17.86942189622509
10.78301963303596 17.79355214951968
13.42089388567738 17.10642099367879
9.699369196748226 17.75511115261692
11.45373711064409 18.08653611480027
13.63665056151535 17.53125246141289
10.84302394350365 17.30324010360952
9.537119342124512 19.68762816357267
11.06732779617017 18.09906486751307
14.13856969980143 17.00624913609942
14.21484212514298 16.83444076579775
13.32412333724448 18.13784717250848
9.356491415849533 18.20735413229059
13.63031143866223 16.82460758459983
8.551491835252317 19.21621828020789
11.06064470378624 17.74960964583762
11.48979839791794 17.90345122158037
14.88969256245473 16.35794625110173
9.242798855978226 18.67146253676601
12.05166141693591 17.46077725703385
14.30406352311102 17.08508717408555
8.363348017575884 19.97210419349011
12.87920434196808 17.30695540493419
11.18990385854374 17.84830915467339
10.67738015190212 18.71123275559042
9.934937026415685 19.15677787334414
10.50021151515061 19.08118850945067
10.84159117385642 18.21864902053321
11.97227247453477 17.52642212590973
11.06175958257279 18.79892022668604
12.15773450020091 17.65699114971657
9.217952487207738 18.83284827249618
11.62891919443255 18.10641731569022
12.77309759554639 18.16970646878131
12.55225308763926 16.78065015869504
11.41766352965386 18.36512035615189
15.08920668968782 17.48600703291609
10.75318365657604 18.55306472049896
11.07830845677991 18.75001549621855
9.410073243966645 18.85409421593209
12.69703550897719 18.3118307308205
10.35472885760423 18.46634895815619
12.45978899203638 17.65663147632454
9.817509294476178 19.46965820333273
10.69673579982034 18.34831879975134
14.81339668943642 17.60094993244616
11.94429846500145 17.19905201201974
13.48345814826298 17.30981841799148
10.47207363741127 18.93271089194781
12.43589497810787 17.2282438976952
10.97100954891208 18.4981385325725
12.02162568616606 17.52554144915869
10.40318826759521 18.65694743680629
9.552230842342187 18.48016341449289
8.747827333545979 18.51585951404867
10.79003881679595 18.96487660327201
12.8884729355658 17.28857040626854
12.25808539198284 17.76759671763444
13.28552279033863 17.26332092910633
8.855016261121152 19.50136986009151
10.91843035625616 18.54797351951631
14.2497635649806 17.02616753586135
11.23381572821796 18.84380529660223
14.85457102800458 16.19357266473957
12.723611769679 16.97675989552997
8.768445086583725 18.40124703306386
12.46123445302218 17.89114391068145
13.73181707805358 16.70219309762895
12.65413518983096 18.64768036809357
10.39009452090239 18.58786018586632
12.80934579648997 17.16655989288007
12.04270396751139 17.61245524250022
11.41122415351415 19.04283806743305
12.73737081122997 17.65891076554918
13.20123467347548 17.5505952836636
11.19792662475679 17.94389297134344
10.87513075332683 18.26163359088015
10.12386558621824 18.79152744249113
11.61528706779915 18.02435000822708
13.8529203805689 16.79042972506005
12.30659449293595 16.46143074349621
10.73648497727045 17.72321217481102
10.4580935315267 18.88074637882892
11.89760907590718 16.81640262833284
9.732754944750059 18.70274834762679
13.32809286715759 17.25503723432049
10.80545333922672 17.78114157053025
11.63644743239362 17.90552224266455
7.428688662792721 19.93261635302304
14.05759142297861 17.29616172515504
9.872136255245071 18.51111914843166
10.9058448027382 17.44007107412279
11.09837565804327 18.14429596444856
9.507551801911601 18.23059666968908
12.90235885737078 16.70793569573757
8.94536984528272 18.34016827292446
11.82275409496762 18.86999877677804
13.73513620403795 16.9464580515909
13.84107769956581 17.47275907034496
13.01125196086424 18.14925814050483
10.58840442770285 17.93729714928023
11.3228683471219 18.61319290707615
12.06088803008848 17.36899079845915
11.68975782893353 17.64532651233088
9.415307449801837 18.79084324800164
11.79905842860514 18.02348875032909
9.406902035271107 19.6691777810022
13.51343144889631 17.8653157786723
10.57635553471892 18.09944010248597
10.66484012524561 18.66940907344385
10.76121696311286 17.61648330650729
13.13938468969556 16.95410695918724
12.95299753689476 17.36598445410097
12.63726102797818 17.42247933340293
12.93999218484155 17.82744105589395
11.5611199304521 18.53398726556142
14.14450122856361 17.83358146398109
14.8214654424481 15.83880754973936
9.886288343705502 18.61069135672978
12.72315260010526 17.24986648479858
12.22454225710944 18.4254190146356
11.92281380687164 18.85562394776844
11.58810894796075 17.24554865437058
11.58048835687353 17.37898417841999
11.22189352799141 18.11509601306842
10.96032623284718 18.51308358329187
10.94526070723076 18.19932559414212
13.72728551899568 17.53277503084396
11.6718191156572 18.31299089899037
9.524254224466036 19.00498134097977
10.20650191159235 19.30911919256351
7.672833831452314 19.04776036999931
10.78399038693528 18.46685111722791
11.77582747193411 17.01129675851906
12.07090408022071 18.00793834007666
11.19838297111649 18.21294487379453
12.12049757933945 18.1960753511167
14.27675054730638 16.80785076962193
11.36274891178523 18.39848782072423
10.68345019509502 18.51053334417063
14.54989569590155 16.75982194696075
8.323565665763651 19.31304887835575
13.38583751666573 18.43008296776378
9.669037300178568 18.94978148879922
12.3683859908099 18.30359060725437
9.254016506633809 18.83742302202716
9.164736375488001 19.04544356981631
13.87785064700313 16.99086682052836
9.865320966581418 18.74569348402776
10.03845970716095 18.48860462907353
12.97406441110054 18.49589654380545
10.89514082128559 18.04933840120735
11.61871312252804 18.31575949137842
10.9217903606677 18.27314610927948
11.97792097677891 17.98239368271105
11.06529142315608 17.47828503676127
9.442543283361541 18.38198911294236
12.61610794670576 17.67909669850945
9.525988628163809 18.82922594242698
12.88125156928123 17.79309541697487
12.40215675306528 17.55167761708367
10.7339892633077 17.70521012833497
12.62408863397876 17.49949948188269
13.01279199574245 18.16673162858062
12.58536068434714 17.12559688340911
13.04269681553651 17.04374189292232
10.13463250996556 17.82443810490234
11.05193767571771 18.65046203506083
14.16720318249128 16.79950333300264
12.43526677149404 17.77516645400564
12.91758268287759 17.89006276833749
11.36367761502706 17.75858341204618
10.58115012445001 18.33149183691879
12.09819381540832 17.0417946994208
8.874111485521979 18.571758820297
9.986583295008018 17.49874231664012
9.84715543056592 18.72540423563721
10.59280819091994 18.99387802274646
14.40230520018566 16.64586065664362
11.45051254919554 17.29887908860444
12.70653479620555 17.72312253566145
12.17726807256501 17.26445414801719
15.10456091290277 15.81136652769172
16.05560985326716 16.31832329989364
12.06235310541552 16.86608151766492
13.5997020579642 17.11505612628869
14.61172224218379 16.49416730737821
16.14362070944486 14.76797560910724
12.89490246637447 16.91697050333744
14.02423628129675 16.85808704553518
12.5696143319961 18.10568850700037
13.67207995517051 15.93506760093477
14.31423826244153 17.6705120275271
14.23870412451419 16.22520524464856
13.89011277099294 16.51336029631745
13.82085674938093 16.58050821475652
15.05736789900243 15.60952723736108
14.2949639531219 15.95036756907774
16.52621343371301 15.62902396855958
13.52460323930421 16.50535176068596
13.85899716352561 16.36974437447152
14.80149066906292 16.22610618213507
12.89049550367582 16.57708460560805
12.90504579331723 17.04107217734141
15.58207877526841 14.70003803953142
13.59085808174318 16.27504957470742
11.8288264023463 16.83357616978395
10.89530548984651 18.39313403722813
13.45798437689909 16.23693551486259
12.75981808736083 16.92530731987684
16.27676818837984 15.9334275585491
13.96305337866768 16.62534258370731
12.54885113578118 16.65452477731625
11.01559281578841 17.85202451574871
13.24989109864454 15.94137656229126
14.97553268631103 16.62490739264198
9.861447306018379 18.26248607493397
14.12222478520388 17.25835306887788
12.85451119937206 17.55620520172829
10.54054886843229 16.82136266404195
14.74129955271373 16.73331808338937
12.61708381145409 16.70879244067819
10.38149037632154 17.61973318540888
11.57141471209245 17.37251304161718
11.84056922688669 17.57390892938006
12.69376889052058 18.17564767614988
14.86429618189313 16.61267238858378
9.382252423199645 19.22150091310174
15.42861033263668 16.01535945584408
14.55349674148687 16.84522488255102
11.59265651658103 17.3665619039253
14.30346485453832 16.21765316883896
14.16242937545191 16.73387772374436
13.48346957740328 16.22785054179641
14.45679862648339 16.28576282592648
14.34132795314812 16.4330128844454
13.82033201148861 16.03957772327293
12.82788387066793 17.59736915756891
14.1036037724972 16.55077490128656
12.22913306831256 17.08047490228387
12.30491988286296 17.38618186951947
14.26913067824919 16.52850397207192
14.1438773379594 16.08855980703732
12.63319202429913 16.58332842454805
14.59511694700693 15.92181525066696
14.28479605563914 17.16768280869461
11.14506252359102 17.32100983193286
13.71944413657744 16.45795617986886
10.89908331341229 17.28568248983933
12.36783281283639 16.9054978478524
16.37346012228486 15.47718283117661
12.72460988725423 16.11807082723951
12.73467796115953 17.65088612846575
12.55380964729255 17.3355642757082
14.0648897465141 16.3844301614814
14.19640946950954 17.17063935175596
14.16011159899113 17.01767327238576
11.91248601908325 17.70954628734324
12.59390551096105 16.79634991044238
14.0310025248255 15.91480601255313
13.62957427596122 16.38431904820782
13.67302736527447 17.61476383706671
14.17318740658242 16.68040705023874
12.15081097117491 17.03822019322955
14.66816135277739 16.59364604080061
13.86220481752757 16.73374334269953
12.19715836532599 17.40677754764589
13.35060344106186 16.45427265219542
14.62231450980018 16.6668871286977
12.65634332969536 17.40872774297616
14.20803951366084 16.85483739333124
14.98490354500673 15.66301285784165
14.52561328277749 16.61282898173793
12.92622248234804 17.57969446126095
15.1965986467894 15.7790931543423
11.65986551199446 16.85510878336515
14.84250531137777 16.51296541161302
14.39651092006159 17.13160928423443
14.53683610756788 16.52051711765779
10.68972842615852 18.33161225831044
12.76981067558032 17.46943283178883
13.21094459687103 16.271149651082
15.02128628376572 16.08484592615883
13.33290272071667 17.39247792959211
13.6345969769631 16.82766038763739
13.16226412524534 17.21045642763249
14.13501060144751 16.46969430476938
11.99668628339613 17.57284715180172
12.69373207027011 15.96340169954884
13.63462371619039 17.60372495335994
15.5809125404326 15.31831487649669
13.05424658751709 16.63791643602652
13.55174769458158 17.49334734595844
14.71082186122334 16.60494428888155
13.12234251443679 16.45185306286024
12.79733718675831 16.37084070984456
12.02520207816165 16.92423518626953
12.08657819114074 16.95728196838742
14.9355272682755 15.7018945386778
11.74035186341675 18.03086160192866
14.01905721844371 15.99854007865629
13.40692347651493 16.32841038424484
11.23161588180171 18.80227911543226
12.94115538375951 17.02923708516919
10.8201531986355 17.62653060836943
11.76153693189976 16.56243850529462
13.04166020413159 17.09594543828924
11.81390148133765 17.55122627232005
13.64224664117411 16.61453986738469
11.9472716892072 16.2403046101286
14.88996340506829 16.01570520918232
13.03021082898827 16.3679346428839
16.58228461144302 14.73113339541285
16.07515742994271 15.80310443428191
14.71179611890988 16.92065030861914
13.38358628906573 17.59203039888364
10.60755370604505 17.71997481365542
10.44351719275577 17.4367897857076
14.85327012076827 16.5435929906406
15.76808889325933 15.78859695738796
12.33810364293385 17.36189859530304
11.35915625392516 18.10184155819563
11.74420222725452 16.29199757913826
13.78731148001521 16.88184537766116
11.96460274159023 16.75463300763842
13.21453275872413 16.81644724041593
8.879278116075433 18.23239532307035
13.83849934563873 15.8608355960647
12.84340892184246 17.14071267516429
12.06716995130374 17.30979971953847
11.20085718174363 18.55660739607509
14.83429851883832 16.03825808268877
13.22207503610748 16.2104940337363
11.5503308673821 17.6909478212356
13.35658305282557 16.85931032574854
13.98626202455905 16.60342914697659
11.53756088934647 17.81282357345296
12.80856333654343 17.79246327295727
14.5352252526368 16.29545775267163
12.60020744487706 17.01803146498498
10.97187851175962 17.99330657272911
10.80134653988536 18.07208966170506
12.93723910818743 16.61130804056566
13.81294100064339 16.49583328441861
11.28397268550592 16.97509872054991
14.21994579146777 16.43513306101255
9.949366748497654 18.31376414812173
12.05100845774003 17.35330056029387
13.37753497173354 17.56386365123746
12.38670564600303 18.12712857253549
14.36741484281619 15.86738831221974
14.09249148553142 15.60887365896846
14.20728640215888 16.92501735667751
12.29385943201555 16.74222170112334
15.85321711574286 14.95988905977417
13.17361390833391 16.52013838394463
10.70975669538432 17.94895064042313
12.88749089968842 17.25061867946239
11.87606232185905 17.25321805366786
14.24448136108601 16.56802120136919
14.4897250778792 17.32134291689848
12.2721535372114 17.52456929073151
12.73579076106473 16.93188256650045
15.54241735521458 15.51541519691652
13.20981996109275 16.09422341693609
14.87811074000255 16.56506097561138
12.61610400779946 16.33081678592662
12.73639758100986 17.78938773557741
12.4982450951309 16.75631770884097
12.49600852710564 16.43813423337498
15.11622189869563 15.938900258616
12.18115266645121 17.10404627298422
11.93662793586033 18.11817495435027
11.92239312266022 16.32055657041657
12.84820470213973 16.44639275421848
12.34653136012139 16.08831684685512
12.43034361135303 17.85342332590971
13.94178226606659 15.69082253493143
12.55080052435068 16.63375310121532
14.6484378646967 17.1092577145537
13.67310014986437 15.52335104322535
14.4803531145124 16.76046079585322
12.14047767658631 18.61723396301545
12.6862827345921 16.06805762433559
12.87448165981681 16.41985168085487
15.29223697533905 15.91311469998804
12.45938229608213 16.80077811535845
14.72608714992007 15.92812810930692
13.30160151983622 16.69689765216192
13.72474865160714 16.89277616012758
9.93165898090912 17.19312670797252
12.81085582685853 16.29821908300106
13.11500935157862 16.41603577085223
14.43747217204026 17.35134796113184
15.2267474821586 15.23022463609795
13.02469613339711 17.23423577981828
9.078023420947385 18.55868287504945
12.14993807530779 17.14691814578964
9.744340552475089 19.8495296644865
13.11522520761595 16.89026730270587
11.67844165975087 17.46032953246896
11.6876041866362 17.12587557855008
11.82521110836378 17.53266891807477
14.62128880204749 16.6533646211781
15.81645369740238 15.9162262759634
13.4156291953515 15.7747793547342
7.957156006963581 19.55508484656281
12.20892201733589 17.78204731127051
15.9202674987213 16.12944371912618
13.6516101580416 17.06273596021185
14.32852152513859 17.27345240612981
11.79510559461158 17.52330306759124
13.50742509364656 17.11249089308455
13.68756159285831 16.53632906709477
14.95481651197869 17.33965316055247
13.4532477629075 16.1752297025241
13.00232449097252 16.4709300530141
13.60030809745178 16.81925005021751
12.25502251981181 16.94167044172016
11.50469329743574 16.75285240770127
14.59474489781341 16.69275789852308
12.45871230033205 15.9175593723337
14.12446192410089 16.67852578322443
13.95878669068319 15.92719900425573
12.45926316550465 17.22104579729396
13.76719712789274 16.27660961626186
12.69827860358153 17.57582063683498
12.47540701453613 17.00873124396264
10.84240949198001 18.09289137496408
13.96849584517883 16.70336130895443
13.99685648842367 16.46722268518975
11.78199726528628 18.40423476493336
14.12718632036217 16.44750293351777
11.61675086142986 17.70425919944397
13.78875411611878 17.19709692486193
14.04786166202284 16.70659654356577
12.54852123837622 16.88387467412704
14.35859309511482 16.03868142741008
13.74053412006893 16.34252930653556
15.25650762010299 15.04628890682947
13.93404234044107 16.42395998588875
13.06635431252755 17.1805158281962
14.6304362886131 15.91024562026332
12.62798143923855 17.16529849000348
17.00512638195027 15.15530772671944
14.21228344290985 15.71395195562106
9.793393010266428 18.02552378811079
13.61548081588924 17.86882767021892
16.63088061471773 16.40812349946389
10.58230055778032 17.57092453866836
13.73355394966121 16.58958558461521
12.06888966878048 16.6179142617709
13.01495903617612 17.26779601648699
14.55919269319502 16.75096315490774
14.11228642023051 15.80149420465205
13.63287597352064 16.85350289217065
13.65574073896932 16.49904801691742
11.05560393779655 17.60163176224055
14.67843757179467 16.17219965772502
11.20189603194312 17.10080410677293
12.24613819943463 17.35114562727111
14.44711881143986 16.32984725476756
12.15413217475862 16.91811484936458
12.08770255544921 17.89486152759227
14.5714319735152 16.35103689705668
12.13735880691389 17.17863702848587
14.24045681780126 17.26922717863225
12.43599394024785 16.2371263985087
9.879723210821059 18.21699626447954
12.64609468717757 17.90277033847413
11.33132231168178 18.05036653292699
13.81496397750824 16.20772544254732
10.47840774960461 18.05591017877572
13.52432404252091 15.60099812866467
11.16544530656617 17.33810608832089
15.13484865188321 15.39449476125437
13.61913108288023 17.04632594346391
13.82479802488519 15.75789722822566
13.91425281600137 15.59388543954783
12.72003403840744 17.29951887458448
13.78061514008466 17.07716688812366
13.21564443119003 16.75214302647612
12.95215284898794 17.61561943288272
14.14841320359285 16.26306832925641
13.1679054382625 16.67095485598696
11.83136026709407 17.9450418914765
13.24325088295305 16.26869264769023
14.2910126072329 16.2150287969639
13.02636531920409 17.02421732961402
11.67622129891197 18.22818578933997
14.32577645101327 16.64562855985859
12.59248053795628 16.82598629465579
14.21463815228274 15.92335454690947
12.49742262354367 17.26466278281682
14.34826995481957 15.75493498274315
13.058566054094 16.67653454678022
13.70582967301885 16.96728608417542
12.31503482316018 16.93063932200467
13.21561555465344 16.94982301134987
12.70336756832865 17.29702020521028
12.76868230118262 16.73865842983479
13.20626900569936 17.25938520032893
12.27294262089756 17.35249601019431
13.44269473677996 18.05545723087469
13.44307303882821 17.29471258843913
13.64899774804296 17.54017028189091
10.79305583596533 17.15375159579221
13.88097125881763 16.60914274523793
11.92925637749646 17.87362562878472
13.71637670413278 16.70029024562689
14.05754794923823 16.79136901288683
10.51325174614249 18.05945993144369
12.04910359229155 17.06231745932004
15.32649479051721 15.21012172404191
16.15563324181375 15.2203666678614
13.91978840104906 16.48404891113653
14.41074340974832 17.47691050904254
11.01511769480431 18.05825316124975
11.83035277173076 17.65408815658577
14.51201875946445 16.49034496836357
10.87638776135902 17.51227805790042
11.66916695479259 16.03985054596269
11.68288001059425 17.72354817723627
13.41843324142963 17.71430413850336
12.06571816969054 17.03396183698937
12.39002179225224 17.13080490985066
11.19433962616361 18.20740766689168
12.83687492062593 18.27940494981469
14.14555218937228 16.71015335050273
12.50164886355054 17.57912178727797
13.46406585879135 16.54161550481587
11.98261521102414 17.85843899287206
13.76217074854237 16.79382035327844
14.06375146082235 16.04345876256471
14.1838087665337 16.91055983637536
12.87384613300319 16.73015526954355
12.44826029879873 17.56234546852585
12.90670845086474 16.079522775615
16.00533540206329 14.87831444975599
13.28213033747689 16.33126397380196
14.75557562598636 16.44713052595276
12.22242381434018 16.78314710594394
12.93586793421798 17.2291414977022
12.39562981859408 16.98939765952469
11.21723624540715 17.76568031997293
14.84850097214994 16.67719886623449
13.35584807847889 16.79892866004831
10.84093808907496 17.55536154461429
12.92344627321313 17.11097710872019
11.79788209340503 16.74591022864834
11.53595697027615 16.85539213957216
15.67407425958183 15.41625168324971
14.81157217172099 15.64656809800672
13.83131462168876 16.82847074471434
12.14305882872482 17.11591828531033
12.4821686709894 17.08546392675032
12.01668805652881 16.64600621365664
17.84469119056567 14.30800181305089
13.13194532032909 16.48109597862949
13.16500121024609 16.99710747787837
13.59225042980185 16.22108681949144
12.72817792859892 17.77142196877557
13.12044519775275 16.49739730857298
13.41131844204553 17.20027941939819
14.1964241268137 15.62807177749359
11.90788840639479 16.38634137561046
14.69706400755449 16.25934448536325
15.46075201397219 15.18533091814346
13.09558091374734 16.59794565203547
14.7956787894561 16.60479661511538
15.47738806116319 15.97681135391547
13.93781362504121 17.07475639919994
11.76794741198525 17.73958326839809
12.79947913993681 16.95378098578608
13.80526244584042 16.7158164933477
14.75742269391848 17.3215003884348
14.5780777236741 16.31280952810664
13.49692246376883 17.41718561575935
10.26743973813619 17.73984496335662
12.98478625161444 16.75054093771624
13.24067332063082 16.40790168255362
11.09816100608807 17.17376869023922
14.80860790045793 16.12999348258496
15.065390525175 16.05534929487731
11.83022826822015 17.37444553508215
14.86564868460574 14.89976844366084
15.49913160448567 15.56852405922312
13.75188876704007 15.60370763940684
14.61310100969848 15.77433303752924
13.20940191568297 16.82985475698231
12.47726617646851 17.50846124439438
13.97697280935692 16.08475074806342
14.62687236946987 15.81812918974829
14.14654558296216 17.54592332402872
12.79132240558176 16.97423452918064
13.14621407808485 16.75929143082807
11.02936065663886 16.92369827136639
11.79809247139546 18.77065767191199
11.58101260651154 18.06695267912436
13.4075003156197 16.75640396074492
12.65890287373768 16.7953232298971
12.83188881815856 17.05543625510562
12.2313529556111 17.10869049115775
14.57973981992715 15.70897712698671
12.53059689776282 17.96845306697014
12.60902175410518 16.30363077329237
15.65647368915843 15.89426499887392
13.47453025127609 16.69787899170871
13.19682577328927 16.46046409323621
13.87070361014241 17.24291031622143
12.87021404409326 16.07565360056734
13.64187837994081 16.27083482199693
14.27601260608472 15.23814290755092
12.38417483203009 17.76003063656441
10.63956411500078 18.2895314414228
12.01905725669176 16.51732896935565
12.45251295925305 17.38075205587891
14.7983611508519 16.30693842559476
10.38802729074266 19.07827980032516
15.01906474099795 16.02889880280608
11.98546054828334 17.54068550893765
13.7683877444779 16.7144080323516
12.32512769088155 16.93296741317887
11.49424022435993 18.0311045316532
12.63627600721607 17.03577387764485
13.42445270231996 17.10928786040995
13.36672373137181 17.05710472716375
13.52830048073639 16.64170741152004
12.35428660541862 16.74250096753054
12.47288909884813 16.46249974075367
13.87985736954005 16.34970858120476
12.65565745862265 16.67497187315559
13.85421100294304 16.62381963177948
14.43627991529494 15.83750181278131
11.95970366458369 17.64765365989208
14.76528304273883 16.28615865339476
13.09146821255759 16.30856363001372
13.77597661805667 16.54901162721625
15.34739847535582 15.49617545699695
13.58192403508208 16.35440009353024
13.63893375501159 16.11564470052304
15.39399716436307 16.17245771454926
14.71369040311284 16.0305482524903
14.57615881535967 16.69557172661227
12.69687517595085 17.59216954214695
9.118561306600249 18.8674204671149
13.51411575227254 16.92920224735608
13.18855399392107 15.81452741579431
12.90530238826634 17.65917695114669
14.05994911655117 17.00829006033882
14.00959765737499 15.82483090037385
10.59769481928062 18.05756910685711
14.4423261191994 16.31336668330253
14.09425094708967 16.72857027047425
11.96055250910798 17.42774809395065
13.97405927286181 16.42575733407796
16.45426794877223 15.92008303846587
15.58445123658412 15.62863313275321
13.48686750582362 17.4585215353408
11.63592600605734 18.05629036585555
14.11577332375785 17.20387332438453
12.36017075888103 16.2339503109018
17.39555746343947 14.95155053618855
13.32390828494119 16.69891204687166
14.34480589330332 15.64163152007903
12.45795217935826 17.60997896839799
12.72742043488218 17.13284959908829
14.2576624790954 17.0084967090891
13.21550792547058 16.33690730057329
13.09773003941102 17.52546368360511
10.60651638806911 17.90316439828818
13.53223263883326 16.47918725546624
12.08016675005697 17.10301473364087
12.63896740057064 17.0225699625451
15.43123358567907 15.97467233652676
13.27101405166822 17.14461897965457
15.54599873020032 16.24972422579306
13.10993282855783 16.29340574929192
12.59937777741707 17.06286493991194
11.68116337671493 17.5977264970364
15.22995156246574 17.30693500973661
13.93608291496265 17.11585876881067
11.92784567005724 17.82826222306513
10.92300261249034 17.49912424212654
10.6124657395897 18.81336141443285
10.50271497888793 18.43598109254341
12.90106023257239 16.06036221233534
12.71849023064393 17.03329555093897
12.14988258767786 17.5209534985707
15.50252180983202 15.76809388063304
12.0077419437344 16.95760937229393
16.61833208516663 15.5884554608025
11.95315919736188 18.2079290514779
14.28354535355836 16.86422224317828
10.28269189989544 18.46119591418313
12.93995253976877 16.85212342519185
10.89740657818781 17.75087253703035
13.36163201916373 17.19965655933051
13.42269462742676 16.61296327155426
14.07959934411388 17.15632535490244
13.86115991307253 15.80239073195522
10.1963700065024 18.3919017447148
15.31613989840977 15.87102957651268
14.49145927420241 16.4970796233107
10.22242063134879 17.23947368006996
15.86952000258382 16.01924680378512
11.82112735512015 18.88115057071923
10.79129412677266 17.50977590077808
12.38577647359233 17.02636674734738
12.37605296361585 17.2025190452023
13.00857039294753 16.5548400968729
14.58177600658993 17.08608828784276
13.72572120772825 16.50183248545052
14.35286443776152 16.28647301075513
12.73187196800354 18.34660561488406
12.69845756426139 17.2587497871008
14.27098386449133 15.50990366221122
14.33058640493872 15.92142934272859
9.905107285249143 18.69119605783751
13.32896254597856 15.95827251365639
13.00538638507993 16.21024489888764
13.31641382302446 16.7948832228679
12.95663531794847 16.29262531873347
15.08747685093381 14.79652548388872
15.39711478444417 14.63916964200066
11.9713461421488 16.42596293307711
14.19762317292508 15.85628191956346
14.23222122759833 15.79416638605434
14.77267888269543 15.18699276546463
12.79318531692225 15.71809688450967
12.63655761457066 17.48088893936376
17.46254368505362 15.02671464362187
13.23816428156301 15.84337847598849
15.52937252875507 14.32873952158435
