5.83224 -2 1.47098 -2.06879
3.72598 -2 1.30814 -2.02291
3.99109 -2 1.2936 -2.06293
3.53381 -2 1.2699 -1.99445
3.94491 -2 1.29651 -2.05493
3.92443 -2 1.29651 -2.05493
4.95831 -2 1.23544 -2.223
5.77052 -2 1.45109 -2.08401
2.70958 -2 0.784473 -1.90433
5.07793 -2 1.22963 -2.239
4.93739 -2 1.23835 -2.21499
6.26871 -2 1.65 -1.93183
4.37235 -2 1.27034 -2.12696
3.52352 -2 1.2699 -1.99445
4.83112 -2 1.24417 -2.19899
3.76533 -2 1.30523 -2.03092
4.04753 -2 1.29069 -2.07093
3.64364 -2 1.31396 -2.00691
5.10443 -2 1.22672 -2.24701
3.16862 -2 1.05753 -1.95503
3.36798 -2 1.17888 -1.97756
4.12413 -2 1.28488 -2.08694
4.26695 -2 1.27615 -2.11095
4.1687 -2 1.28197 -2.09494
4.47236 -2 1.26452 -2.14296
4.82786 -2 1.24417 -2.19899
5.136 -2 1.22672 -2.24701
4.69107 -2 1.25289 -2.17498
5.89089 -2 1.49087 -2.05357
4.72049 -2 1.24998 -2.18298
3.87765 -2 1.29942 -2.04692
4.52358 -2 1.26161 -2.15097
5.47746 -2 1.33175 -2.17531
4.69628 -2 1.25289 -2.17498
2.76218 -2 0.814812 -1.90996
4.20597 -2 1.27906 -2.10295
5.2675 -2 1.25219 -2.23619
5.95578 -2 1.53065 -2.02314
2.9199 -2 0.90583 -1.92686
4.2758 -2 1.27615 -2.11095
4.50135 -2 1.26161 -2.15097
4.72438 -2 1.24998 -2.18298
5.47164 -2 1.33175 -2.17531
3.91334 -2 1.29651 -2.05493
5.19261 -2 1.22381 -2.25501
5.15287 -2 1.22381 -2.25501
3.15577 -2 1.05753 -1.95503
4.37908 -2 1.27034 -2.12696
3.27836 -2 1.1182 -1.96629
2.38723 -2 0.572098 -1.8649
4.79238 -2 1.24708 -2.19098
4.58845 -2 1.25871 -2.15897
4.61483 -2 1.2558 -2.16697
4.41571 -2 1.26743 -2.13496
5.57238 -2 1.37153 -2.14488
2.66208 -2 0.754134 -1.8987
6.00346 -2 1.55054 -2.00792
4.36491 -2 1.27034 -2.12696
4.85968 -2 1.24126 -2.20699
3.60952 -2 1.31396 -2.00691
3.07393 -2 0.996847 -1.94376
5.90311 -2 1.51076 -2.03836
3.4532 -2 1.23956 -1.98882
2.56593 -2 0.693455 -1.88743
4.75697 -2 1.24708 -2.19098
4.91717 -2 1.23835 -2.21499
5.36037 -2 1.29197 -2.20575
4.66967 -2 1.25289 -2.17498
3.52803 -2 1.2699 -1.99445
2.49834 -2 0.632777 -1.87617
4.37128 -2 1.27034 -2.12696
4.4599 -2 1.26452 -2.14296
4.05483 -2 1.28778 -2.07894
4.3824 -2 1.27034 -2.12696
4.35234 -2 1.27034 -2.12696
5.70805 -2 1.4312 -2.09923
2.51765 -2 0.663116 -1.8818
2.21491 -2 0.481081 -1.84801
5.27112 -2 1.25219 -2.23619
4.92373 -2 1.23835 -2.21499
4.58959 -2 1.25871 -2.15897
4.18499 -2 1.28197 -2.09494
4.29893 -2 1.27615 -2.11095
6.33116 -2 1.66989 -1.91662
5.54459 -2 1.35164 -2.1601
3.60486 -2 1.31396 -2.00691
2.50903 -2 0.663116 -1.8818
6.42529 -2 1.70967 -1.88618
4.89177 -2 1.24126 -2.20699
3.99589 -2 1.2936 -2.06293
5.69596 -2 1.41131 -2.11444
2.89473 -2 0.875491 -1.92123
4.24173 -2 1.27906 -2.10295
4.65664 -2 1.25289 -2.17498
5.33605 -2 1.27208 -2.22097
4.22833 -2 1.27906 -2.10295
4.81761 -2 1.24417 -2.19899
4.98397 -2 1.23544 -2.223
3.76764 -2 1.30523 -2.03092
3.59514 -2 1.30024 -2.00009
4.71885 -2 1.24998 -2.18298
4.31627 -2 1.27325 -2.11895
3.01007 -2 0.966508 -1.93813
3.87401 -2 1.29942 -2.04692
4.19832 -2 1.28197 -2.09494
4.59908 -2 1.25871 -2.15897
4.28368 -2 1.27615 -2.11095
4.98509 -2 1.23544 -2.223
5.55909 -2 1.37153 -2.14488
4.78213 -2 1.24708 -2.19098
5.04423 -2 1.23254 -2.231
3.81119 -2 1.30232 -2.03892
5.30529 -2 1.27208 -2.22097
4.07136 -2 1.28778 -2.07894
5.15565 -2 1.22381 -2.25501
3.05153 -2 0.996847 -1.94376
4.87706 -2 1.24126 -2.20699
5.48107 -2 1.33175 -2.17531
6.02147 -2 1.55054 -2.00792
5.7914 -2 1.45109 -2.08401
4.68426 -2 1.25289 -2.17498
4.46346 -2 1.26452 -2.14296
4.38892 -2 1.27034 -2.12696
4.66054 -2 1.25289 -2.17498
5.27298 -2 1.25219 -2.23619
4.50736 -2 1.26161 -2.15097
3.32043 -2 1.14854 -1.97192
4.77573 -2 1.24708 -2.19098
6.01792 -2 1.55054 -2.00792
5.53782 -2 1.35164 -2.1601
3.58836 -2 1.30024 -2.00009
4.36716 -2 1.27034 -2.12696
3.62177 -2 1.31396 -2.00691
3.99321 -2 1.2936 -2.06293
6.18822 -2 1.61021 -1.96227
4.32733 -2 1.27325 -2.11895
3.81507 -2 1.30232 -2.03892
4.58036 -2 1.25871 -2.15897
4.57437 -2 1.25871 -2.15897
5.39251 -2 1.29197 -2.20575
3.22471 -2 1.08787 -1.96066
3.70044 -2 1.30814 -2.02291
4.86855 -2 1.24126 -2.20699
4.85287 -2 1.24126 -2.20699
4.38712 -2 1.27034 -2.12696
2.20399 -2 0.481081 -1.84801
4.61647 -2 1.2558 -2.16697
4.8912 -2 1.24126 -2.20699
3.76103 -2 1.30523 -2.03092
5.33121 -2 1.27208 -2.22097
4.24506 -2 1.27906 -2.10295
2.62204 -2 0.723794 -1.89307
5.67526 -2 1.41131 -2.11444
4.04092 -2 1.29069 -2.07093
4.5133 -2 1.26161 -2.15097
4.08088 -2 1.28778 -2.07894
5.20313 -2 1.2323 -2.2514
4.65099 -2 1.25289 -2.17498
4.12072 -2 1.28488 -2.08694
2.65265 -2 0.754134 -1.8987
2.90138 -2 0.90583 -1.92686
4.96904 -2 1.23544 -2.223
3.26827 -2 1.1182 -1.96629
4.87703 -2 1.24126 -2.20699
3.94332 -2 1.29651 -2.05493
4.14189 -2 1.28488 -2.08694
4.7876 -2 1.24708 -2.19098
4.65322 -2 1.25289 -2.17498
3.50563 -2 1.2699 -1.99445
5.75528 -2 1.45109 -2.08401
3.70243 -2 1.30814 -2.02291
3.87844 -2 1.29942 -2.04692
3.69473 -2 1.31105 -2.01491
4.52543 -2 1.26161 -2.15097
3.19422 -2 1.05753 -1.95503
3.27175 -2 1.1182 -1.96629
4.38857 -2 1.27034 -2.12696
3.73349 -2 1.30814 -2.02291
3.91445 -2 1.29651 -2.05493
5.04125 -2 1.23254 -2.231
3.62983 -2 1.31396 -2.00691
3.26075 -2 1.1182 -1.96629
4.61994 -2 1.2558 -2.16697
4.32462 -2 1.27325 -2.11895
4.36133 -2 1.27034 -2.12696
3.49063 -2 1.23956 -1.98882
3.85627 -2 1.29942 -2.04692
4.92136 -2 1.23835 -2.21499
3.66722 -2 1.31105 -2.01491
5.70734 -2 1.4312 -2.09923
4.57813 -2 1.25871 -2.15897
4.87845 -2 1.24126 -2.20699
3.03778 -2 0.966508 -1.93813
5.33236 -2 1.27208 -2.22097
4.98716 -2 1.23544 -2.223
4.62866 -2 1.2558 -2.16697
4.15772 -2 1.28197 -2.09494
6.59702 -2 1.76934 -1.84053
5.04257 -2 1.23254 -2.231
3.36244 -2 1.17888 -1.97756
4.344 -2 1.27325 -2.11895
5.06561 -2 1.22963 -2.239
3.79526 -2 1.30523 -2.03092
4.81253 -2 1.24417 -2.19899
3.69959 -2 1.31105 -2.01491
6.06692 -2 1.57043 -1.9927
3.85645 -2 1.29942 -2.04692
5.02182 -2 1.23254 -2.231
5.67794 -2 1.41131 -2.11444
6.16832 -2 1.61021 -1.96227
4.11224 -2 1.28488 -2.08694
5.05905 -2 1.22963 -2.239
4.01037 -2 1.29069 -2.07093
4.4562 -2 1.26452 -2.14296
4.52271 -2 1.26161 -2.15097
4.19364 -2 1.28197 -2.09494
5.05112 -2 1.22963 -2.239
4.53152 -2 1.26161 -2.15097
4.1735 -2 1.28197 -2.09494
4.10396 -2 1.28488 -2.08694
5.78573 -2 1.45109 -2.08401
4.92443 -2 1.23835 -2.21499
5.5734 -2 1.37153 -2.14488
4.51769 -2 1.26161 -2.15097
4.35014 -2 1.27034 -2.12696
4.65296 -2 1.25289 -2.17498
5.68889 -2 1.41131 -2.11444
4.66607 -2 1.25289 -2.17498
3.41704 -2 1.20922 -1.98319
5.16411 -2 1.22381 -2.25501
3.65298 -2 1.31105 -2.01491
3.78523 -2 1.30523 -2.03092
4.27158 -2 1.27615 -2.11095
2.46868 -2 0.632777 -1.87617
3.82236 -2 1.30232 -2.03892
5.63295 -2 1.39142 -2.12966
4.18892 -2 1.28197 -2.09494
4.84094 -2 1.24417 -2.19899
4.68439 -2 1.25289 -2.17498
3.91058 -2 1.29651 -2.05493
4.33356 -2 1.27325 -2.11895
4.38893 -2 1.27034 -2.12696
5.07401 -2 1.22963 -2.239
3.28694 -2 1.1182 -1.96629
2.41051 -2 0.602437 -1.87054
5.79194 -2 1.45109 -2.08401
4.23873 -2 1.27906 -2.10295
3.14757 -2 1.02719 -1.94939
3.34641 -2 1.14854 -1.97192
4.27994 -2 1.27615 -2.11095
5.29391 -2 1.25219 -2.23619
2.57175 -2 0.693455 -1.88743
4.60739 -2 1.2558 -2.16697
4.86094 -2 1.24126 -2.20699
5.12011 -2 1.22672 -2.24701
4.3948 -2 1.27034 -2.12696
3.2139 -2 1.08787 -1.96066
3.66872 -2 1.31105 -2.01491
6.44001 -2 1.70967 -1.88618
2.82982 -2 0.845151 -1.9156
5.91613 -2 1.51076 -2.03836
5.21823 -2 1.2323 -2.2514
3.8871 -2 1.29942 -2.04692
5.07132 -2 1.22963 -2.239
5.65706 -2 1.41131 -2.11444
3.72272 -2 1.30814 -2.02291
4.24312 -2 1.27906 -2.10295
5.63941 -2 1.39142 -2.12966
3.75566 -2 1.30523 -2.03092
4.24296 -2 1.27906 -2.10295
5.50403 -2 1.35164 -2.1601
2.96125 -2 0.936169 -1.9325
3.80465 -2 1.30232 -2.03892
5.18318 -2 1.22381 -2.25501
6.8084 -2 1.86879 -1.76444
3.36497 -2 1.17888 -1.97756
4.30128 -2 1.27325 -2.11895
6.52223 -2 1.74945 -1.85575
4.98291 -2 1.23544 -2.223
6.80186 -2 1.86879 -1.76444
4.76514 -2 1.24708 -2.19098
3.1985 -2 1.05753 -1.95503
2.66994 -2 0.754134 -1.8987
4.05455 -2 1.28778 -2.07894
3.65015 -2 1.31105 -2.01491
4.5705 -2 1.25871 -2.15897
6.32345 -2 1.66989 -1.91662
4.34009 -2 1.27325 -2.11895
4.37952 -2 1.27034 -2.12696
4.10892 -2 1.28488 -2.08694
4.68622 -2 1.25289 -2.17498
5.71726 -2 1.4312 -2.09923
4.37458 -2 1.27034 -2.12696
3.72596 -2 1.30814 -2.02291
6.09459 -2 1.57043 -1.9927
3.60307 -2 1.31396 -2.00691
3.03188 -2 0.966508 -1.93813
3.76187 -2 1.30523 -2.03092
4.25575 -2 1.27615 -2.11095
3.363 -2 1.17888 -1.97756
5.48822 -2 1.33175 -2.17531
6.64387 -2 1.78923 -1.82531
4.31445 -2 1.27325 -2.11895
4.71131 -2 1.24998 -2.18298
3.92295 -2 1.29651 -2.05493
3.96771 -2 1.2936 -2.06293
4.67192 -2 1.25289 -2.17498
5.35998 -2 1.29197 -2.20575
5.20315 -2 1.2323 -2.2514
3.13078 -2 1.02719 -1.94939
4.68868 -2 1.25289 -2.17498
5.25929 -2 1.25219 -2.23619
4.40489 -2 1.26743 -2.13496
3.53307 -2 1.2699 -1.99445
4.06741 -2 1.28778 -2.07894
4.19177 -2 1.28197 -2.09494
3.26194 -2 1.1182 -1.96629
4.42966 -2 1.26743 -2.13496
5.36486 -2 1.29197 -2.20575
5.66925 -2 1.41131 -2.11444
4.67853 -2 1.25289 -2.17498
4.23075 -2 1.27906 -2.10295
3.01949 -2 0.966508 -1.93813
5.10283 -2 1.22672 -2.24701
3.06973 -2 0.996847 -1.94376
5.75433 -2 1.45109 -2.08401
3.28524 -2 1.1182 -1.96629
5.08125 -2 1.22963 -2.239
5.01019 -2 1.23254 -2.231
4.49147 -2 1.26452 -2.14296
5.09991 -2 1.22963 -2.239
6.87748 -2 1.88868 -1.74922
5.11535 -2 1.22672 -2.24701
5.27867 -2 1.25219 -2.23619
5.18302 -2 1.22381 -2.25501
4.52739 -2 1.26161 -2.15097
3.02973 -2 0.966508 -1.93813
5.97326 -2 1.53065 -2.02314
4.65261 -2 1.25289 -2.17498
5.31047 -2 1.27208 -2.22097
5.12413 -2 1.22672 -2.24701
6.26316 -2 1.65 -1.93183
4.12749 -2 1.28488 -2.08694
4.58875 -2 1.25871 -2.15897
4.36796 -2 1.27034 -2.12696
2.76055 -2 0.814812 -1.90996
5.06004 -2 1.22963 -2.239
4.78243 -2 1.24708 -2.19098
4.94586 -2 1.23835 -2.21499
5.42039 -2 1.31186 -2.19053
3.75176 -2 1.30523 -2.03092
6.24016 -2 1.6301 -1.94705
5.74492 -2 1.4312 -2.09923
3.53685 -2 1.2699 -1.99445
3.96884 -2 1.2936 -2.06293
4.26253 -2 1.27615 -2.11095
4.35803 -2 1.27034 -2.12696
4.44186 -2 1.26743 -2.13496
3.25317 -2 1.1182 -1.96629
4.01719 -2 1.29069 -2.07093
4.47658 -2 1.26452 -2.14296
5.33336 -2 1.27208 -2.22097
4.7392 -2 1.24998 -2.18298
6.60817 -2 1.78923 -1.82531
3.79414 -2 1.30523 -2.03092
5.01902 -2 1.23254 -2.231
5.43255 -2 1.31186 -2.19053
4.61357 -2 1.2558 -2.16697
3.36839 -2 1.17888 -1.97756
5.2457 -2 1.2323 -2.2514
3.55095 -2 1.30024 -2.00009
5.06017 -2 1.22963 -2.239
4.56849 -2 1.25871 -2.15897
4.18526 -2 1.28197 -2.09494
5.06848 -2 1.22963 -2.239
4.84392 -2 1.24417 -2.19899
4.94736 -2 1.23835 -2.21499
5.18462 -2 1.22381 -2.25501
4.47236 -2 1.26452 -2.14296
4.61687 -2 1.2558 -2.16697
3.37577 -2 1.17888 -1.97756
3.42103 -2 1.20922 -1.98319
4.67587 -2 1.25289 -2.17498
4.42456 -2 1.26743 -2.13496
5.24578 -2 1.2323 -2.2514
5.70143 -2 1.4312 -2.09923
4.2468 -2 1.27906 -2.10295
4.57714 -2 1.25871 -2.15897
4.854 -2 1.24126 -2.20699
4.37122 -2 1.27034 -2.12696
4.06546 -2 1.28778 -2.07894
3.1976 -2 1.05753 -1.95503
4.07407 -2 1.28778 -2.07894
3.17562 -2 1.05753 -1.95503
4.04256 -2 1.29069 -2.07093
4.31702 -2 1.27325 -2.11895
4.14868 -2 1.28488 -2.08694
3.78083 -2 1.30523 -2.03092
4.40533 -2 1.26743 -2.13496
4.94226 -2 1.23835 -2.21499
6.24789 -2 1.6301 -1.94705
4.55197 -2 1.25871 -2.15897
4.07851 -2 1.28778 -2.07894
3.99567 -2 1.2936 -2.06293
4.42479 -2 1.26743 -2.13496
4.02081 -2 1.29069 -2.07093
4.46622 -2 1.26452 -2.14296
5.39366 -2 1.29197 -2.20575
4.59768 -2 1.25871 -2.15897
4.31275 -2 1.27325 -2.11895
3.91263 -2 1.29651 -2.05493
5.94399 -2 1.51076 -2.03836
4.40611 -2 1.26743 -2.13496
5.46304 -2 1.33175 -2.17531
5.29084 -2 1.25219 -2.23619
5.67379 -2 1.41131 -2.11444
4.73065 -2 1.24998 -2.18298
5.68807 -2 1.41131 -2.11444
6.15202 -2 1.61021 -1.96227
3.86666 -2 1.29942 -2.04692
3.6174 -2 1.31396 -2.00691
2.96537 -2 0.936169 -1.9325
4.36063 -2 1.27034 -2.12696
4.28833 -2 1.27615 -2.11095
3.74867 -2 1.30814 -2.02291
3.8833 -2 1.29942 -2.04692
5.87263 -2 1.49087 -2.05357
5.94285 -2 1.51076 -2.03836
4.48217 -2 1.26452 -2.14296
3.25956 -2 1.1182 -1.96629
4.63011 -2 1.2558 -2.16697
3.73228 -2 1.30814 -2.02291
4.77597 -2 1.24708 -2.19098
4.83593 -2 1.24417 -2.19899
3.47851 -2 1.23956 -1.98882
3.19771 -2 1.05753 -1.95503
4.88911 -2 1.24126 -2.20699
4.39492 -2 1.27034 -2.12696
4.28662 -2 1.27615 -2.11095
5.06331 -2 1.22963 -2.239
4.61931 -2 1.2558 -2.16697
4.29447 -2 1.27615 -2.11095
4.07931 -2 1.28778 -2.07894
3.67217 -2 1.31105 -2.01491
4.44962 -2 1.26743 -2.13496
4.35373 -2 1.27034 -2.12696
4.27957 -2 1.27615 -2.11095
5.13103 -2 1.22672 -2.24701
4.47539 -2 1.26452 -2.14296
4.28235 -2 1.27615 -2.11095
5.55354 -2 1.37153 -2.14488
4.73635 -2 1.24998 -2.18298
4.55735 -2 1.25871 -2.15897
3.93532 -2 1.29651 -2.05493
2.84221 -2 0.845151 -1.9156
4.08062 -2 1.28778 -2.07894
3.67207 -2 1.31105 -2.01491
4.52151 -2 1.26161 -2.15097
2.56066 -2 0.693455 -1.88743
4.0761 -2 1.28778 -2.07894
3.34152 -2 1.14854 -1.97192
3.63828 -2 1.31396 -2.00691
3.89676 -2 1.29942 -2.04692
6.30321 -2 1.66989 -1.91662
4.3378 -2 1.27325 -2.11895
4.14764 -2 1.28488 -2.08694
4.82479 -2 1.24417 -2.19899
4.3091 -2 1.27325 -2.11895
5.25684 -2 1.25219 -2.23619
5.83892 -2 1.47098 -2.06879
4.39217 -2 1.27034 -2.12696
3.9852 -2 1.2936 -2.06293
5.06646 -2 1.22963 -2.239
4.44894 -2 1.26743 -2.13496
3.3964 -2 1.17888 -1.97756
4.47128 -2 1.26452 -2.14296
3.27916 -2 1.1182 -1.96629
3.49648 -2 1.23956 -1.98882
4.49342 -2 1.26452 -2.14296
3.72082 -2 1.30814 -2.02291
5.00911 -2 1.23254 -2.231
3.63185 -2 1.31396 -2.00691
4.18268 -2 1.28197 -2.09494
4.40377 -2 1.26743 -2.13496
3.13655 -2 1.02719 -1.94939
5.29011 -2 1.25219 -2.23619
4.10294 -2 1.28488 -2.08694
4.10566 -2 1.28488 -2.08694
4.28205 -2 1.27615 -2.11095
5.07264 -2 1.22963 -2.239
5.0916 -2 1.22963 -2.239
5.87179 -2 1.49087 -2.05357
5.50721 -2 1.35164 -2.1601
4.92429 -2 1.23835 -2.21499
4.0015 -2 1.29069 -2.07093
6.45846 -2 1.72956 -1.87096
3.38641 -2 1.17888 -1.97756
6.17366 -2 1.61021 -1.96227
4.57513 -2 1.25871 -2.15897
4.92633 -2 1.23835 -2.21499
3.49885 -2 1.23956 -1.98882
4.82598 -2 1.24417 -2.19899
3.88116 -2 1.29942 -2.04692
4.56927 -2 1.25871 -2.15897
4.29674 -2 1.27615 -2.11095
4.71093 -2 1.24998 -2.18298
5.36206 -2 1.29197 -2.20575
6.37325 -2 1.68978 -1.9014
3.97796 -2 1.2936 -2.06293
5.07721 -2 1.22963 -2.239
3.5858 -2 1.30024 -2.00009
4.50886 -2 1.26161 -2.15097
3.68247 -2 1.31105 -2.01491
4.79591 -2 1.24708 -2.19098
4.34039 -2 1.27325 -2.11895
3.95951 -2 1.2936 -2.06293
5.16553 -2 1.22381 -2.25501
4.5508 -2 1.25871 -2.15897
4.00921 -2 1.29069 -2.07093
4.38493 -2 1.27034 -2.12696
2.24788 -2 0.481081 -1.84801
4.55326 -2 1.25871 -2.15897
5.65398 -2 1.41131 -2.11444
2.55948 -2 0.693455 -1.88743
3.44707 -2 1.20922 -1.98319
4.41063 -2 1.26743 -2.13496
4.53012 -2 1.26161 -2.15097
4.13485 -2 1.28488 -2.08694
5.10521 -2 1.22672 -2.24701
4.83826 -2 1.24417 -2.19899
3.1064 -2 1.02719 -1.94939
4.92169 -2 1.23835 -2.21499
5.6741 -2 1.41131 -2.11444
4.14362 -2 1.28488 -2.08694
5.98907 -2 1.53065 -2.02314
3.60169 -2 1.31396 -2.00691
5.67526 -2 1.41131 -2.11444
3.78043 -2 1.30523 -2.03092
4.34414 -2 1.27325 -2.11895
5.29369 -2 1.25219 -2.23619
2.61166 -2 0.723794 -1.89307
5.83787 -2 1.47098 -2.06879
2.73966 -2 0.784473 -1.90433
4.4515 -2 1.26452 -2.14296
4.87201 -2 1.24126 -2.20699
5.39059 -2 1.29197 -2.20575
4.59147 -2 1.25871 -2.15897
4.02473 -2 1.29069 -2.07093
3.91877 -2 1.29651 -2.05493
3.24437 -2 1.08787 -1.96066
3.4834 -2 1.23956 -1.98882
5.23925 -2 1.2323 -2.2514
3.49148 -2 1.23956 -1.98882
4.97633 -2 1.23544 -2.223
5.55761 -2 1.37153 -2.14488
5.26636 -2 1.25219 -2.23619
4.174 -2 1.28197 -2.09494
4.94716 -2 1.23835 -2.21499
6.72686 -2 1.82901 -1.79487
4.91215 -2 1.23835 -2.21499
4.83521 -2 1.24417 -2.19899
5.56815 -2 1.37153 -2.14488
4.35812 -2 1.27034 -2.12696
4.55244 -2 1.25871 -2.15897
3.99684 -2 1.2936 -2.06293
4.14429 -2 1.28488 -2.08694
4.92245 -2 1.23835 -2.21499
3.93259 -2 1.29651 -2.05493
3.66985 -2 1.31105 -2.01491
3.98409 -2 1.2936 -2.06293
3.5996 -2 1.30024 -2.00009
5.07292 -2 1.22963 -2.239
6.57114 -2 1.76934 -1.84053
4.01938 -2 1.29069 -2.07093
5.63198 -2 1.39142 -2.12966
4.72453 -2 1.24998 -2.18298
3.96306 -2 1.2936 -2.06293
4.47522 -2 1.26452 -2.14296
4.88447 -2 1.24126 -2.20699
3.91538 -2 1.29651 -2.05493
3.94734 -2 1.29651 -2.05493
4.33458 -2 1.27325 -2.11895
3.93845 -2 1.29651 -2.05493
3.70348 -2 1.30814 -2.02291
3.63326 -2 1.31396 -2.00691
4.22652 -2 1.27906 -2.10295
4.27135 -2 1.27615 -2.11095
4.50707 -2 1.26161 -2.15097
4.57639 -2 1.25871 -2.15897
5.67709 -2 1.41131 -2.11444
4.37673 -2 1.27034 -2.12696
4.56163 -2 1.25871 -2.15897
4.53326 -2 1.26161 -2.15097
4.88198 -2 1.24126 -2.20699
5.15651 -2 1.22381 -2.25501
5.37855 -2 1.29197 -2.20575
4.20454 -2 1.27906 -2.10295
3.92084 -2 1.29651 -2.05493
4.57026 -2 1.25871 -2.15897
3.86811 -2 1.29942 -2.04692
4.71781 -2 1.24998 -2.18298
5.47909 -2 1.33175 -2.17531
4.02193 -2 1.29069 -2.07093
5.4813 -2 1.33175 -2.17531
5.37456 -2 1.29197 -2.20575
5.23201 -2 1.2323 -2.2514
4.39089 -2 1.27034 -2.12696
5.1128 -2 1.22672 -2.24701
6.31116 -2 1.66989 -1.91662
3.40021 -2 1.20922 -1.98319
5.0711 -2 1.22963 -2.239
4.18907 -2 1.28197 -2.09494
3.55399 -2 1.30024 -2.00009
4.51378 -2 1.26161 -2.15097
5.89682 -2 1.49087 -2.05357
5.012 -2 1.23254 -2.231
3.10622 -2 1.02719 -1.94939
3.25754 -2 1.1182 -1.96629
5.15604 -2 1.22381 -2.25501
4.10107 -2 1.28488 -2.08694
4.05622 -2 1.28778 -2.07894
5.15368 -2 1.22381 -2.25501
3.0842 -2 0.996847 -1.94376
4.80242 -2 1.24417 -2.19899
3.43058 -2 1.20922 -1.98319
4.539 -2 1.26161 -2.15097
4.52592 -2 1.26161 -2.15097
3.08152 -2 0.996847 -1.94376
4.57226 -2 1.25871 -2.15897
4.47533 -2 1.26452 -2.14296
4.66513 -2 1.25289 -2.17498
4.50463 -2 1.26161 -2.15097
4.49259 -2 1.26452 -2.14296
5.4974 -2 1.33175 -2.17531
3.63349 -2 1.31396 -2.00691
4.43572 -2 1.26743 -2.13496
5.50926 -2 1.35164 -2.1601
5.4772 -2 1.33175 -2.17531
4.02825 -2 1.29069 -2.07093
3.10647 -2 1.02719 -1.94939
4.09863 -2 1.28778 -2.07894
5.33699 -2 1.27208 -2.22097
5.27875 -2 1.25219 -2.23619
4.73683 -2 1.24998 -2.18298
5.12394 -2 1.22672 -2.24701
4.37673 -2 1.27034 -2.12696
4.7815 -2 1.24708 -2.19098
4.95046 -2 1.23544 -2.223
3.21644 -2 1.08787 -1.96066
4.27081 -2 1.27615 -2.11095
3.80017 -2 1.30232 -2.03892
4.78137 -2 1.24708 -2.19098
3.09527 -2 0.996847 -1.94376
4.19037 -2 1.28197 -2.09494
5.77455 -2 1.45109 -2.08401
6.04163 -2 1.55054 -2.00792
3.49205 -2 1.23956 -1.98882
4.23597 -2 1.27906 -2.10295
2.80746 -2 0.845151 -1.9156
4.00527 -2 1.29069 -2.07093
5.42458 -2 1.31186 -2.19053
3.80608 -2 1.30232 -2.03892
5.14788 -2 1.22672 -2.24701
4.50387 -2 1.26161 -2.15097
5.0377 -2 1.23254 -2.231
4.93244 -2 1.23835 -2.21499
5.8367 -2 1.47098 -2.06879
4.22126 -2 1.27906 -2.10295
3.24289 -2 1.08787 -1.96066
3.9032 -2 1.29651 -2.05493
4.77248 -2 1.24708 -2.19098
4.96936 -2 1.23544 -2.223
4.73263 -2 1.24998 -2.18298
5.55637 -2 1.37153 -2.14488
3.97026 -2 1.2936 -2.06293
5.09882 -2 1.22963 -2.239
4.71095 -2 1.24998 -2.18298
2.31507 -2 0.541759 -1.85927
4.36162 -2 1.27034 -2.12696
3.64638 -2 1.31396 -2.00691
5.83702 -2 1.47098 -2.06879
4.8777 -2 1.24126 -2.20699
5.27503 -2 1.25219 -2.23619
3.78158 -2 1.30523 -2.03092
3.71898 -2 1.30814 -2.02291
4.16179 -2 1.28197 -2.09494
4.50228 -2 1.26161 -2.15097
3.20163 -2 1.08787 -1.96066
4.35558 -2 1.27034 -2.12696
4.28878 -2 1.27615 -2.11095
3.07945 -2 0.996847 -1.94376
3.46826 -2 1.23956 -1.98882
4.71024 -2 1.24998 -2.18298
3.61505 -2 1.31396 -2.00691
4.36901 -2 1.27034 -2.12696
6.2004 -2 1.6301 -1.94705
3.27775 -2 1.1182 -1.96629
5.72266 -2 1.4312 -2.09923
3.295 -2 1.1182 -1.96629
6.21712 -2 1.6301 -1.94705
4.07092 -2 1.28778 -2.07894
5.06129 -2 1.22963 -2.239
5.18985 -2 1.22381 -2.25501
3.61962 -2 1.31396 -2.00691
3.3795 -2 1.17888 -1.97756
4.84368 -2 1.24417 -2.19899
4.75454 -2 1.24708 -2.19098
4.81928 -2 1.24417 -2.19899
5.1149 -2 1.22672 -2.24701
5.02362 -2 1.23254 -2.231
2.87771 -2 0.875491 -1.92123
5.04564 -2 1.23254 -2.231
5.36794 -2 1.29197 -2.20575
4.53691 -2 1.26161 -2.15097
4.0296 -2 1.29069 -2.07093
4.72725 -2 1.24998 -2.18298
5.04859 -2 1.23254 -2.231
2.29976 -2 0.51142 -1.85364
4.77806 -2 1.24708 -2.19098
4.36011 -2 1.27034 -2.12696
4.91592 -2 1.23835 -2.21499
2.6277 -2 0.723794 -1.89307
4.33213 -2 1.27325 -2.11895
3.84377 -2 1.30232 -2.03892
3.90601 -2 1.29651 -2.05493
3.03601 -2 0.966508 -1.93813
4.28788 -2 1.27615 -2.11095
4.65449 -2 1.25289 -2.17498
3.55689 -2 1.30024 -2.00009
4.32593 -2 1.27325 -2.11895
3.92598 -2 1.29651 -2.05493
5.13022 -2 1.22672 -2.24701
5.09376 -2 1.22963 -2.239
3.94069 -2 1.29651 -2.05493
4.80294 -2 1.24417 -2.19899
5.21762 -2 1.2323 -2.2514
3.81614 -2 1.30232 -2.03892
6.0927 -2 1.57043 -1.9927
2.46597 -2 0.632777 -1.87617
4.07882 -2 1.28778 -2.07894
3.74586 -2 1.30814 -2.02291
4.95215 -2 1.23544 -2.223
3.89164 -2 1.29942 -2.04692
5.15149 -2 1.22381 -2.25501
6.47322 -2 1.72956 -1.87096
5.58151 -2 1.37153 -2.14488
3.34694 -2 1.14854 -1.97192
6.38961 -2 1.68978 -1.9014
4.44925 -2 1.26743 -2.13496
4.78535 -2 1.24708 -2.19098
5.02427 -2 1.23254 -2.231
5.10827 -2 1.22672 -2.24701
5.5557 -2 1.37153 -2.14488
6.22038 -2 1.6301 -1.94705
4.34482 -2 1.27325 -2.11895
3.7515 -2 1.30523 -2.03092
3.98905 -2 1.2936 -2.06293
3.51071 -2 1.2699 -1.99445
4.94658 -2 1.23835 -2.21499
5.62238 -2 1.39142 -2.12966
4.61482 -2 1.2558 -2.16697
4.98083 -2 1.23544 -2.223
5.24533 -2 1.2323 -2.2514
4.49623 -2 1.26452 -2.14296
5.03851 -2 1.23254 -2.231
6.16952 -2 1.61021 -1.96227
6.58438 -2 1.76934 -1.84053
2.10784 -2 0.420402 -1.83674
3.97924 -2 1.2936 -2.06293
2.95692 -2 0.936169 -1.9325
5.36143 -2 1.29197 -2.20575
4.42847 -2 1.26743 -2.13496
3.62633 -2 1.31396 -2.00691
6.32498 -2 1.66989 -1.91662
5.48171 -2 1.33175 -2.17531
4.06585 -2 1.28778 -2.07894
4.53254 -2 1.26161 -2.15097
3.12704 -2 1.02719 -1.94939
3.41487 -2 1.20922 -1.98319
5.18228 -2 1.22381 -2.25501
4.98526 -2 1.23544 -2.223
4.51218 -2 1.26161 -2.15097
4.79525 -2 1.24708 -2.19098
3.84402 -2 1.30232 -2.03892
4.52161 -2 1.26161 -2.15097
3.13049 -2 1.02719 -1.94939
4.0367 -2 1.29069 -2.07093
3.83079 -2 1.30232 -2.03892
4.29377 -2 1.27615 -2.11095
4.48989 -2 1.26452 -2.14296
4.47579 -2 1.26452 -2.14296
5.74422 -2 1.4312 -2.09923
2.40415 -2 0.602437 -1.87054
5.64522 -2 1.39142 -2.12966
2.70537 -2 0.784473 -1.90433
5.20113 -2 1.2323 -2.2514
2.06465 -2 0.390063 -1.83111
5.72472 -2 1.4312 -2.09923
4.79091 -2 1.24708 -2.19098
4.07852 -2 1.28778 -2.07894
4.42273 -2 1.26743 -2.13496
6.04282 -2 1.55054 -2.00792
4.60774 -2 1.2558 -2.16697
3.6319 -2 1.31396 -2.00691
6.5218 -2 1.74945 -1.85575
4.5354 -2 1.26161 -2.15097
3.20461 -2 1.08787 -1.96066
4.35312 -2 1.27034 -2.12696
3.38618 -2 1.17888 -1.97756
4.70929 -2 1.24998 -2.18298
5.4471 -2 1.31186 -2.19053
5.16435 -2 1.22381 -2.25501
6.2693 -2 1.65 -1.93183
4.38447 -2 1.27034 -2.12696
4.89361 -2 1.24126 -2.20699
4.9806 -2 1.23544 -2.223
3.36098 -2 1.17888 -1.97756
5.63456 -2 1.39142 -2.12966
5.68303 -2 1.41131 -2.11444
5.73589 -2 1.4312 -2.09923
3.5088 -2 1.2699 -1.99445
4.30674 -2 1.27325 -2.11895
4.91383 -2 1.23835 -2.21499
4.76053 -2 1.24708 -2.19098
2.79791 -2 0.814812 -1.90996
5.60377 -2 1.39142 -2.12966
6.471 -2 1.72956 -1.87096
3.75235 -2 1.30523 -2.03092
4.48362 -2 1.26452 -2.14296
4.85361 -2 1.24126 -2.20699
5.17163 -2 1.22381 -2.25501
5.92297 -2 1.51076 -2.03836
4.47431 -2 1.26452 -2.14296
4.24593 -2 1.27906 -2.10295
4.79763 -2 1.24708 -2.19098
4.56246 -2 1.25871 -2.15897
5.40733 -2 1.31186 -2.19053
6.93613 -2 1.90857 -1.734
5.49544 -2 1.33175 -2.17531
4.69457 -2 1.25289 -2.17498
3.62049 -2 1.31396 -2.00691
4.69966 -2 1.25289 -2.17498
3.40513 -2 1.20922 -1.98319
4.02008 -2 1.29069 -2.07093
4.35721 -2 1.27034 -2.12696
3.7959 -2 1.30523 -2.03092
5.36986 -2 1.29197 -2.20575
4.74362 -2 1.24998 -2.18298
3.82387 -2 1.30232 -2.03892
3.84509 -2 1.30232 -2.03892
4.6271 -2 1.2558 -2.16697
3.74161 -2 1.30814 -2.02291
4.88375 -2 1.24126 -2.20699
5.74371 -2 1.4312 -2.09923
4.10887 -2 1.28488 -2.08694
4.97752 -2 1.23544 -2.223
4.3874 -2 1.27034 -2.12696
5.81865 -2 1.47098 -2.06879
4.39934 -2 1.27034 -2.12696
4.76205 -2 1.24708 -2.19098
5.05576 -2 1.22963 -2.239
5.82025 -2 1.47098 -2.06879
5.59553 -2 1.37153 -2.14488
4.1915 -2 1.28197 -2.09494
4.76224 -2 1.24708 -2.19098
5.10091 -2 1.22672 -2.24701
2.91805 -2 0.90583 -1.92686
4.21325 -2 1.27906 -2.10295
4.34854 -2 1.27325 -2.11895
4.92575 -2 1.23835 -2.21499
4.2394 -2 1.27906 -2.10295
4.66565 -2 1.25289 -2.17498
3.01311 -2 0.966508 -1.93813
4.58021 -2 1.25871 -2.15897
3.26096 -2 1.1182 -1.96629
3.72274 -2 1.30814 -2.02291
5.44198 -2 1.31186 -2.19053
5.09197 -2 1.22963 -2.239
6.30187 -2 1.66989 -1.91662
5.31847 -2 1.27208 -2.22097
4.11403 -2 1.28488 -2.08694
3.12165 -2 1.02719 -1.94939
4.6215 -2 1.2558 -2.16697
5.66289 -2 1.41131 -2.11444
2.95762 -2 0.936169 -1.9325
4.55299 -2 1.25871 -2.15897
4.69142 -2 1.25289 -2.17498
5.00074 -2 1.23254 -2.231
3.77357 -2 1.30523 -2.03092
5.0761 -2 1.22963 -2.239
2.88628 -2 0.875491 -1.92123
3.95577 -2 1.2936 -2.06293
4.49177 -2 1.26452 -2.14296
4.73831 -2 1.24998 -2.18298
2.57892 -2 0.693455 -1.88743
3.00369 -2 0.966508 -1.93813
3.54267 -2 1.2699 -1.99445
4.43661 -2 1.26743 -2.13496
4.89732 -2 1.24126 -2.20699
5.60558 -2 1.39142 -2.12966
3.83802 -2 1.30232 -2.03892
4.95787 -2 1.23544 -2.223
6.06774 -2 1.57043 -1.9927
4.14141 -2 1.28488 -2.08694
4.51081 -2 1.26161 -2.15097
3.86077 -2 1.29942 -2.04692
5.59902 -2 1.37153 -2.14488
4.00466 -2 1.29069 -2.07093
3.92474 -2 1.29651 -2.05493
2.89161 -2 0.875491 -1.92123
4.81461 -2 1.24417 -2.19899
3.61825 -2 1.31396 -2.00691
4.4836 -2 1.26452 -2.14296
5.23536 -2 1.2323 -2.2514
4.75537 -2 1.24708 -2.19098
5.76492 -2 1.45109 -2.08401
3.24416 -2 1.08787 -1.96066
3.17249 -2 1.05753 -1.95503
6.58557 -2 1.76934 -1.84053
4.7145 -2 1.24998 -2.18298
5.34922 -2 1.27208 -2.22097
5.11391 -2 1.22672 -2.24701
4.30115 -2 1.27325 -2.11895
3.94045 -2 1.29651 -2.05493
4.29396 -2 1.27615 -2.11095
5.17821 -2 1.22381 -2.25501
5.18629 -2 1.22381 -2.25501
5.57241 -2 1.37153 -2.14488
4.27167 -2 1.27615 -2.11095
3.35062 -2 1.17888 -1.97756
3.14498 -2 1.02719 -1.94939
3.91966 -2 1.29651 -2.05493
5.09783 -2 1.22963 -2.239
2.93671 -2 0.90583 -1.92686
4.88373 -2 1.24126 -2.20699
4.45667 -2 1.26452 -2.14296
4.51597 -2 1.26161 -2.15097
3.33068 -2 1.14854 -1.97192
4.26151 -2 1.27615 -2.11095
4.77074 -2 1.24708 -2.19098
5.33991 -2 1.27208 -2.22097
2.70751 -2 0.784473 -1.90433
5.24453 -2 1.2323 -2.2514
2.39091 -2 0.572098 -1.8649
6.37936 -2 1.68978 -1.9014
3.67054 -2 1.31105 -2.01491
3.50152 -2 1.2699 -1.99445
5.2656 -2 1.25219 -2.23619
3.43335 -2 1.20922 -1.98319
4.22615 -2 1.27906 -2.10295
3.58534 -2 1.30024 -2.00009
3.93671 -2 1.29651 -2.05493
3.14358 -2 1.02719 -1.94939
4.46651 -2 1.26452 -2.14296
3.18014 -2 1.05753 -1.95503
6.03767 -2 1.55054 -2.00792
3.73188 -2 1.30814 -2.02291
4.32431 -2 1.27325 -2.11895
6.44592 -2 1.70967 -1.88618
2.29067 -2 0.51142 -1.85364
4.74752 -2 1.24998 -2.18298
4.54141 -2 1.26161 -2.15097
3.83891 -2 1.30232 -2.03892
3.72944 -2 1.30814 -2.02291
5.4933 -2 1.33175 -2.17531
4.99061 -2 1.23544 -2.223
5.07887 -2 1.22963 -2.239
3.67782 -2 1.31105 -2.01491
3.2687 -2 1.1182 -1.96629
4.76189 -2 1.24708 -2.19098
6.22986 -2 1.6301 -1.94705
2.07875 -2 0.390063 -1.83111
4.40398 -2 1.26743 -2.13496
4.9324 -2 1.23835 -2.21499
4.4058 -2 1.26743 -2.13496
5.5527 -2 1.37153 -2.14488
4.02794 -2 1.29069 -2.07093
3.30829 -2 1.14854 -1.97192
6.11759 -2 1.59032 -1.97749
4.4447 -2 1.26743 -2.13496
3.58479 -2 1.30024 -2.00009
4.89776 -2 1.24126 -2.20699
3.08961 -2 0.996847 -1.94376
5.88974 -2 1.49087 -2.05357
