0	0.0206812
0.0012	0.0206813
0.0024	0.0206816
0.0036	0.020682
0.0048	0.0206827
0.006	0.0206835
0.0072	0.0206845
0.0084	0.0206857
0.0096	0.0206871
0.0108	0.0206887
0.012	0.0206904
0.0132	0.0206924
0.0144	0.0206945
0.0156	0.0206968
0.0168	0.0206993
0.018	0.020702
0.0192	0.0207049
0.0204	0.0207079
0.0216	0.0207111
0.0228	0.0207146
0.024	0.0207182
0.0252	0.020722
0.0264	0.0207259
0.0276	0.0207301
0.0288	0.0207344
0.03	0.020739
0.0312	0.0207437
0.0324	0.0207486
0.0336	0.0207537
0.0348	0.0207589
0.036	0.0207644
0.0372	0.02077
0.0384	0.0207758
0.0396	0.0207818
0.0408	0.020788
0.042	0.0207944
0.0432	0.020801
0.0444	0.0208077
0.0456	0.0208146
0.0468	0.0208218
0.048	0.0208291
0.0492	0.0208366
0.0504	0.0208442
0.0516	0.0208521
0.0528	0.0208601
0.054	0.0208683
0.0552	0.0208768
0.0564	0.0208853
0.0576	0.0208941
0.0588	0.0209031
0.06	0.0209122
0.0612	0.0209216
0.0624	0.0209311
0.0636	0.0209408
0.0648	0.0209507
0.066	0.0209608
0.0672	0.020971
0.0684	0.0209815
0.0696	0.0209921
0.0708	0.0210029
0.072	0.0210139
0.0732	0.0210251
0.0744	0.0210364
0.0756	0.021048
0.0768	0.0210597
0.078	0.0210716
0.0792	0.0210838
0.0804	0.021096
0.0816	0.0211085
0.0828	0.0211212
0.084	0.021134
0.0852	0.0211471
0.0864	0.0211603
0.0876	0.0211737
0.0888	0.0211872
0.09	0.021201
0.0912	0.021215
0.0924	0.0212291
0.0936	0.0212434
0.0948	0.0212579
0.096	0.0212726
0.0972	0.0212875
0.0984	0.0213026
0.0996	0.0213178
0.1008	0.0213332
0.102	0.0213488
0.1032	0.0213646
0.1044	0.0213806
0.1056	0.0213968
0.1068	0.0214132
0.108	0.0214297
0.1092	0.0214464
0.1104	0.0214633
0.1116	0.0214804
0.1128	0.0214977
0.114	0.0215152
0.1152	0.0215328
0.1164	0.0215506
0.1176	0.0215686
0.1188	0.0215868
0.12	0.0216052
0.1212	0.0216238
0.1224	0.0216426
0.1236	0.0216615
0.1248	0.0216806
0.126	0.0216999
0.1272	0.0217194
0.1284	0.0217391
0.1296	0.0217589
0.1308	0.021779
0.132	0.0217992
0.1332	0.0218196
0.1344	0.0218402
0.1356	0.021861
0.1368	0.021882
0.138	0.0219031
0.1392	0.0219245
0.1404	0.021946
0.1416	0.0219677
0.1428	0.0219896
0.144	0.0220117
0.1452	0.0220339
0.1464	0.0220564
0.1476	0.022079
0.1488	0.0221018
0.15	0.0221248
0.1512	0.022148
0.1524	0.0221714
0.1536	0.0221949
0.1548	0.0222187
0.156	0.0222426
0.1572	0.0222667
0.1584	0.022291
0.1596	0.0223154
0.1608	0.0223401
0.162	0.0223649
0.1632	0.02239
0.1644	0.0224152
0.1656	0.0224406
0.1668	0.0224662
0.168	0.0224919
0.1692	0.0225179
0.1704	0.022544
0.1716	0.0225703
0.1728	0.0225968
0.174	0.0226235
0.1752	0.0226504
0.1764	0.0226774
0.1776	0.0227047
0.1788	0.0227321
0.18	0.0227597
0.1812	0.0227875
0.1824	0.0228155
0.1836	0.0228436
0.1848	0.022872
0.186	0.0229005
0.1872	0.0229292
0.1884	0.0229581
0.1896	0.0229872
0.1908	0.0230165
0.192	0.0230459
0.1932	0.0230755
0.1944	0.0231054
0.1956	0.0231354
0.1968	0.0231655
0.198	0.0231959
0.1992	0.0232265
0.2004	0.0232572
0.2016	0.0232881
0.2028	0.0233192
0.204	0.0233505
0.2052	0.023382
0.2064	0.0234137
0.2076	0.0234455
0.2088	0.0234775
0.21	0.0235098
0.2112	0.0235421
0.2124	0.0235747
0.2136	0.0236075
0.2148	0.0236404
0.216	0.0236736
0.2172	0.0237069
0.2184	0.0237404
0.2196	0.0237741
0.2208	0.0238079
0.222	0.023842
0.2232	0.0238762
0.2244	0.0239107
0.2256	0.0239453
0.2268	0.0239801
0.228	0.024015
0.2292	0.0240502
0.2304	0.0240855
0.2316	0.024121
0.2328	0.0241568
0.234	0.0241926
0.2352	0.0242287
0.2364	0.024265
0.2376	0.0243014
0.2388	0.0243381
0.24	0.0243749
0.2412	0.0244119
0.2424	0.024449
0.2436	0.0244864
0.2448	0.024524
0.246	0.0245617
0.2472	0.0245996
0.2484	0.0246377
0.2496	0.024676
0.2508	0.0247144
0.252	0.0247531
0.2532	0.0247919
0.2544	0.0248309
0.2556	0.0248702
0.2568	0.0249095
0.258	0.0249491
0.2592	0.0249889
0.2604	0.0250288
0.2616	0.0250689
0.2628	0.0251092
0.264	0.0251497
0.2652	0.0251904
0.2664	0.0252312
0.2676	0.0252723
0.2688	0.0253135
0.27	0.0253549
0.2712	0.0253965
0.2724	0.0254383
0.2736	0.0254802
0.2748	0.0255224
0.276	0.0255647
0.2772	0.0256072
0.2784	0.0256499
0.2796	0.0256927
0.2808	0.0257358
0.282	0.025779
0.2832	0.0258225
0.2844	0.0258661
0.2856	0.0259099
0.2868	0.0259538
0.288	0.025998
0.2892	0.0260423
0.2904	0.0260869
0.2916	0.0261316
0.2928	0.0261765
0.294	0.0262215
0.2952	0.0262668
0.2964	0.0263122
0.2976	0.0263579
0.2988	0.0264037
0.3	0.0264497
0.3012	0.0264958
0.3024	0.0265422
0.3036	0.0265887
0.3048	0.0266355
0.306	0.0266824
0.3072	0.0267295
0.3084	0.0267767
0.3096	0.0268242
0.3108	0.0268718
0.312	0.0269197
0.3132	0.0269677
0.3144	0.0270159
0.3156	0.0270642
0.3168	0.0271128
0.318	0.0271615
0.3192	0.0272105
0.3204	0.0272596
0.3216	0.0273089
0.3228	0.0273583
0.324	0.027408
0.3252	0.0274578
0.3264	0.0275079
0.3276	0.0275581
0.3288	0.0276084
0.33	0.027659
0.3312	0.0277098
0.3324	0.0277607
0.3336	0.0278118
0.3348	0.0278631
0.336	0.0279146
0.3372	0.0279663
0.3384	0.0280181
0.3396	0.0280702
0.3408	0.0281224
0.342	0.0281748
0.3432	0.0282274
0.3444	0.0282801
0.3456	0.0283331
0.3468	0.0283862
0.348	0.0284395
0.3492	0.028493
0.3504	0.0285467
0.3516	0.0286006
0.3528	0.0286546
0.354	0.0287088
0.3552	0.0287633
0.3564	0.0288178
0.3576	0.0288726
0.3588	0.0289276
0.36	0.0289827
0.3612	0.029038
0.3624	0.0290936
0.3636	0.0291492
0.3648	0.0292051
0.366	0.0292612
0.3672	0.0293174
0.3684	0.0293738
0.3696	0.0294304
0.3708	0.0294872
0.372	0.0295442
0.3732	0.0296013
0.3744	0.0296587
0.3756	0.0297162
0.3768	0.0297739
0.378	0.0298318
0.3792	0.0298898
0.3804	0.0299481
0.3816	0.0300065
0.3828	0.0300651
0.384	0.0301239
0.3852	0.0301829
0.3864	0.030242
0.3876	0.0303014
0.3888	0.0303609
0.39	0.0304206
0.3912	0.0304805
0.3924	0.0305405
0.3936	0.0306008
0.3948	0.0306612
0.396	0.0307218
0.3972	0.0307826
0.3984	0.0308436
0.3996	0.0309048
0.4008	0.0309661
0.402	0.0310276
0.4032	0.0310893
0.4044	0.0311512
0.4056	0.0312133
0.4068	0.0312755
0.408	0.031338
0.4092	0.0314006
0.4104	0.0314634
0.4116	0.0315264
0.4128	0.0315895
0.414	0.0316529
0.4152	0.0317164
0.4164	0.0317801
0.4176	0.031844
0.4188	0.0319081
0.42	0.0319723
0.4212	0.0320368
0.4224	0.0321014
0.4236	0.0321662
0.4248	0.0322312
0.426	0.0322963
0.4272	0.0323617
0.4284	0.0324272
0.4296	0.0324929
0.4308	0.0325588
0.432	0.0326249
0.4332	0.0326911
0.4344	0.0327576
0.4356	0.0328242
0.4368	0.032891
0.438	0.032958
0.4392	0.0330251
0.4404	0.0330925
0.4416	0.03316
0.4428	0.0332277
0.444	0.0332956
0.4452	0.0333637
0.4464	0.0334319
0.4476	0.0335003
0.4488	0.0335689
0.45	0.0336377
0.4512	0.0337067
0.4524	0.0337759
0.4536	0.0338452
0.4548	0.0339147
0.456	0.0339844
0.4572	0.0340543
0.4584	0.0341244
0.4596	0.0341946
0.4608	0.0342651
0.462	0.0343357
0.4632	0.0344065
0.4644	0.0344774
0.4656	0.0345486
0.4668	0.0346199
0.468	0.0346914
0.4692	0.0347631
0.4704	0.034835
0.4716	0.0349071
0.4728	0.0349793
0.474	0.0350517
0.4752	0.0351243
0.4764	0.0351971
0.4776	0.0352701
0.4788	0.0353432
0.48	0.0354165
0.4812	0.03549
0.4824	0.0355637
0.4836	0.0356376
0.4848	0.0357116
0.486	0.0357859
0.4872	0.0358603
0.4884	0.0359349
0.4896	0.0360096
0.4908	0.0360846
0.492	0.0361597
0.4932	0.036235
0.4944	0.0363105
0.4956	0.0363862
0.4968	0.036462
0.498	0.0365381
0.4992	0.0366143
0.5004	0.0366907
0.5016	0.0367673
0.5028	0.036844
0.504	0.036921
0.5052	0.0369981
0.5064	0.0370754
0.5076	0.0371529
0.5088	0.0372305
0.51	0.0373084
0.5112	0.0373864
0.5124	0.0374646
0.5136	0.037543
0.5148	0.0376215
0.516	0.0377003
0.5172	0.0377792
0.5184	0.0378583
0.5196	0.0379376
0.5208	0.0380171
0.522	0.0380967
0.5232	0.0381765
0.5244	0.0382565
0.5256	0.0383367
0.5268	0.0384171
0.528	0.0384976
0.5292	0.0385784
0.5304	0.0386593
0.5316	0.0387404
0.5328	0.0388216
0.534	0.0389031
0.5352	0.0389847
0.5364	0.0390665
0.5376	0.0391485
0.5388	0.0392306
0.54	0.039313
0.5412	0.0393955
0.5424	0.0394782
0.5436	0.0395611
0.5448	0.0396442
0.546	0.0397274
0.5472	0.0398108
0.5484	0.0398944
0.5496	0.0399782
0.5508	0.0400622
0.552	0.0401463
0.5532	0.0402307
0.5544	0.0403152
0.5556	0.0403998
0.5568	0.0404847
0.558	0.0405697
0.5592	0.040655
0.5604	0.0407404
0.5616	0.0408259
0.5628	0.0409117
0.564	0.0409976
0.5652	0.0410838
0.5664	0.0411701
0.5676	0.0412565
0.5688	0.0413432
0.57	0.04143
0.5712	0.041517
0.5724	0.0416042
0.5736	0.0416916
0.5748	0.0417792
0.576	0.0418669
0.5772	0.0419548
0.5784	0.0420429
0.5796	0.0421312
0.5808	0.0422196
0.582	0.0423083
0.5832	0.0423971
0.5844	0.042486
0.5856	0.0425752
0.5868	0.0426646
0.588	0.0427541
0.5892	0.0428438
0.5904	0.0429337
0.5916	0.0430237
0.5928	0.043114
0.594	0.0432044
0.5952	0.043295
0.5964	0.0433858
0.5976	0.0434767
0.5988	0.0435678
0.6	0.0436592
0.6012	0.0437506
0.6024	0.0438423
0.6036	0.0439342
0.6048	0.0440262
0.606	0.0441184
0.6072	0.0442108
0.6084	0.0443033
0.6096	0.0443961
0.6108	0.044489
0.612	0.0445821
0.6132	0.0446754
0.6144	0.0447688
0.6156	0.0448625
0.6168	0.0449563
0.618	0.0450503
0.6192	0.0451444
0.6204	0.0452388
0.6216	0.0453333
0.6228	0.045428
0.624	0.0455229
0.6252	0.045618
0.6264	0.0457132
0.6276	0.0458086
0.6288	0.0459042
0.63	0.046
0.6312	0.0460959
0.6324	0.0461921
0.6336	0.0462884
0.6348	0.0463849
0.636	0.0464815
0.6372	0.0465784
0.6384	0.0466754
0.6396	0.0467726
0.6408	0.04687
0.642	0.0469675
0.6432	0.0470652
0.6444	0.0471631
0.6456	0.0472612
0.6468	0.0473595
0.648	0.0474579
0.6492	0.0475566
0.6504	0.0476554
0.6516	0.0477543
0.6528	0.0478535
0.654	0.0479528
0.6552	0.0480523
0.6564	0.048152
0.6576	0.0482519
0.6588	0.0483519
0.66	0.0484521
0.6612	0.0485525
0.6624	0.0486531
0.6636	0.0487539
0.6648	0.0488548
0.666	0.0489559
0.6672	0.0490572
0.6684	0.0491586
0.6696	0.0492603
0.6708	0.0493621
0.672	0.0494641
0.6732	0.0495662
0.6744	0.0496686
0.6756	0.0497711
0.6768	0.0498738
0.678	0.0499767
0.6792	0.0500797
0.6804	0.050183
0.6816	0.0502864
0.6828	0.05039
0.684	0.0504937
0.6852	0.0505977
0.6864	0.0507018
0.6876	0.0508061
0.6888	0.0509106
0.69	0.0510152
0.6912	0.05112
0.6924	0.051225
0.6936	0.0513302
0.6948	0.0514356
0.696	0.0515411
0.6972	0.0516468
0.6984	0.0517527
0.6996	0.0518587
0.7008	0.051965
0.702	0.0520714
0.7032	0.052178
0.7044	0.0522847
0.7056	0.0523917
0.7068	0.0524988
0.708	0.0526061
0.7092	0.0527136
0.7104	0.0528212
0.7116	0.052929
0.7128	0.053037
0.714	0.0531452
0.7152	0.0532536
0.7164	0.0533621
0.7176	0.0534708
0.7188	0.0535797
0.72	0.0536888
0.7212	0.053798
0.7224	0.0539074
0.7236	0.054017
0.7248	0.0541267
0.726	0.0542367
0.7272	0.0543468
0.7284	0.0544571
0.7296	0.0545676
0.7308	0.0546782
0.732	0.054789
0.7332	0.0549
0.7344	0.0550112
0.7356	0.0551225
0.7368	0.055234
0.738	0.0553457
0.7392	0.0554576
0.7404	0.0555697
0.7416	0.0556819
0.7428	0.0557943
0.744	0.0559069
0.7452	0.0560196
0.7464	0.0561325
0.7476	0.0562456
0.7488	0.0563589
0.75	0.0564724
0.7512	0.056586
0.7524	0.0566998
0.7536	0.0568138
0.7548	0.0569279
0.756	0.0570422
0.7572	0.0571567
0.7584	0.0572714
0.7596	0.0573863
0.7608	0.0575013
0.762	0.0576165
0.7632	0.0577319
0.7644	0.0578474
0.7656	0.0579632
0.7668	0.0580791
0.768	0.0581952
0.7692	0.0583114
0.7704	0.0584278
0.7716	0.0585444
0.7728	0.0586612
0.774	0.0587782
0.7752	0.0588953
0.7764	0.0590126
0.7776	0.0591301
0.7788	0.0592477
0.78	0.0593656
0.7812	0.0594836
0.7824	0.0596017
0.7836	0.0597201
0.7848	0.0598386
0.786	0.0599573
0.7872	0.0600762
0.7884	0.0601952
0.7896	0.0603144
0.7908	0.0604338
0.792	0.0605534
0.7932	0.0606732
0.7944	0.0607931
0.7956	0.0609132
0.7968	0.0610334
0.798	0.0611539
0.7992	0.0612745
0.8004	0.0613953
0.8016	0.0615162
0.8028	0.0616374
0.804	0.0617587
0.8052	0.0618802
0.8064	0.0620018
0.8076	0.0621237
0.8088	0.0622457
0.81	0.0623679
0.8112	0.0624902
0.8124	0.0626127
0.8136	0.0627355
0.8148	0.0628583
0.816	0.0629814
0.8172	0.0631046
0.8184	0.063228
0.8196	0.0633516
0.8208	0.0634753
0.822	0.0635992
0.8232	0.0637233
0.8244	0.0638476
0.8256	0.063972
0.8268	0.0640966
0.828	0.0642214
0.8292	0.0643464
0.8304	0.0644715
0.8316	0.0645968
0.8328	0.0647223
0.834	0.0648479
0.8352	0.0649738
0.8364	0.0650998
0.8376	0.0652259
0.8388	0.0653523
0.84	0.0654788
0.8412	0.0656055
0.8424	0.0657323
0.8436	0.0658594
0.8448	0.0659866
0.846	0.066114
0.8472	0.0662415
0.8484	0.0663692
0.8496	0.0664971
0.8508	0.0666252
0.852	0.0667535
0.8532	0.0668819
0.8544	0.0670105
0.8556	0.0671392
0.8568	0.0672682
0.858	0.0673973
0.8592	0.0675266
0.8604	0.067656
0.8616	0.0677856
0.8628	0.0679154
0.864	0.0680454
0.8652	0.0681755
0.8664	0.0683059
0.8676	0.0684363
0.8688	0.068567
0.87	0.0686978
0.8712	0.0688288
0.8724	0.06896
0.8736	0.0690914
0.8748	0.0692229
0.876	0.0693546
0.8772	0.0694864
0.8784	0.0696185
0.8796	0.0697507
0.8808	0.069883
0.882	0.0700156
0.8832	0.0701483
0.8844	0.0702812
0.8856	0.0704143
0.8868	0.0705475
0.888	0.0706809
0.8892	0.0708145
0.8904	0.0709483
0.8916	0.0710822
0.8928	0.0712163
0.894	0.0713505
0.8952	0.071485
0.8964	0.0716196
0.8976	0.0717544
0.8988	0.0718893
0.9	0.0720244
0.9012	0.0721597
0.9024	0.0722952
0.9036	0.0724308
0.9048	0.0725666
0.906	0.0727026
0.9072	0.0728388
0.9084	0.0729751
0.9096	0.0731116
0.9108	0.0732483
0.912	0.0733851
0.9132	0.0735221
0.9144	0.0736593
0.9156	0.0737966
0.9168	0.0739341
0.918	0.0740718
0.9192	0.0742097
0.9204	0.0743477
0.9216	0.0744859
0.9228	0.0746243
0.924	0.0747628
0.9252	0.0749015
0.9264	0.0750404
0.9276	0.0751795
0.9288	0.0753187
0.93	0.0754581
0.9312	0.0755976
0.9324	0.0757374
0.9336	0.0758773
0.9348	0.0760174
0.936	0.0761576
0.9372	0.076298
0.9384	0.0764386
0.9396	0.0765794
0.9408	0.0767203
0.942	0.0768614
0.9432	0.0770027
0.9444	0.0771441
0.9456	0.0772857
0.9468	0.0774275
0.948	0.0775694
0.9492	0.0777115
0.9504	0.0778538
0.9516	0.0779963
0.9528	0.0781389
0.954	0.0782817
0.9552	0.0784247
0.9564	0.0785678
0.9576	0.0787111
0.9588	0.0788546
0.96	0.0789982
0.9612	0.079142
0.9624	0.079286
0.9636	0.0794301
0.9648	0.0795745
0.966	0.0797189
0.9672	0.0798636
0.9684	0.0800084
0.9696	0.0801534
0.9708	0.0802986
0.972	0.0804439
0.9732	0.0805894
0.9744	0.0807351
0.9756	0.0808809
0.9768	0.081027
0.978	0.0811731
0.9792	0.0813195
0.9804	0.081466
0.9816	0.0816127
0.9828	0.0817595
0.984	0.0819066
0.9852	0.0820538
0.9864	0.0822011
0.9876	0.0823486
0.9888	0.0824963
0.99	0.0826442
0.9912	0.0827922
0.9924	0.0829404
0.9936	0.0830888
0.9948	0.0832373
0.996	0.0833861
0.9972	0.0835349
0.9984	0.083684
0.9996	0.0838332
1.0008	0.0839826
1.002	0.0841321
1.0032	0.0842818
1.0044	0.0844317
1.0056	0.0845818
1.0068	0.084732
1.008	0.0848824
1.0092	0.0850329
1.0104	0.0851837
1.0116	0.0853346
1.0128	0.0854856
1.014	0.0856368
1.0152	0.0857882
1.0164	0.0859398
1.0176	0.0860915
1.0188	0.0862434
1.02	0.0863955
1.0212	0.0865477
1.0224	0.0867001
1.0236	0.0868527
1.0248	0.0870054
1.026	0.0871583
1.0272	0.0873114
1.0284	0.0874646
1.0296	0.087618
1.0308	0.0877716
1.032	0.0879254
1.0332	0.0880793
1.0344	0.0882333
1.0356	0.0883876
1.0368	0.088542
1.038	0.0886966
1.0392	0.0888513
1.0404	0.0890062
1.0416	0.0891613
1.0428	0.0893165
1.044	0.0894719
1.0452	0.0896275
1.0464	0.0897832
1.0476	0.0899392
1.0488	0.0900952
1.05	0.0902515
1.0512	0.0904079
1.0524	0.0905645
1.0536	0.0907212
1.0548	0.0908781
1.056	0.0910352
1.0572	0.0911924
1.0584	0.0913498
1.0596	0.0915074
1.0608	0.0916651
1.062	0.091823
1.0632	0.0919811
1.0644	0.0921393
1.0656	0.0922977
1.0668	0.0924563
1.068	0.092615
1.0692	0.0927739
1.0704	0.092933
1.0716	0.0930922
1.0728	0.0932516
1.074	0.0934112
1.0752	0.0935709
1.0764	0.0937308
1.0776	0.0938909
1.0788	0.0940511
1.08	0.0942115
1.0812	0.0943721
1.0824	0.0945328
1.0836	0.0946937
1.0848	0.0948547
1.086	0.0950159
1.0872	0.0951773
1.0884	0.0953389
1.0896	0.0955006
1.0908	0.0956625
1.092	0.0958245
1.0932	0.0959867
1.0944	0.0961491
1.0956	0.0963116
1.0968	0.0964743
1.098	0.0966372
1.0992	0.0968002
1.1004	0.0969634
1.1016	0.0971268
1.1028	0.0972903
1.104	0.097454
1.1052	0.0976179
1.1064	0.0977819
1.1076	0.0979461
1.1088	0.0981104
1.11	0.0982749
1.1112	0.0984396
1.1124	0.0986044
1.1136	0.0987695
1.1148	0.0989346
1.116	0.0991
1.1172	0.0992655
1.1184	0.0994311
1.1196	0.099597
1.1208	0.0997629
1.122	0.0999291
1.1232	0.100095
1.1244	0.100262
1.1256	0.100429
1.1268	0.100595
1.128	0.100762
1.1292	0.100929
1.1304	0.101097
1.1316	0.101264
1.1328	0.101432
1.134	0.1016
1.1352	0.101768
1.1364	0.101936
1.1376	0.102104
1.1388	0.102272
1.14	0.102441
1.1412	0.10261
1.1424	0.102779
1.1436	0.102948
1.1448	0.103117
1.146	0.103287
1.1472	0.103456
1.1484	0.103626
1.1496	0.103796
1.1508	0.103966
1.152	0.104136
1.1532	0.104307
1.1544	0.104477
1.1556	0.104648
1.1568	0.104819
1.158	0.10499
1.1592	0.105161
1.1604	0.105332
1.1616	0.105504
1.1628	0.105676
1.164	0.105848
1.1652	0.10602
1.1664	0.106192
1.1676	0.106364
1.1688	0.106537
1.17	0.106709
1.1712	0.106882
1.1724	0.107055
1.1736	0.107228
1.1748	0.107402
1.176	0.107575
1.1772	0.107749
1.1784	0.107923
1.1796	0.108097
1.1808	0.108271
1.182	0.108445
1.1832	0.10862
1.1844	0.108794
1.1856	0.108969
1.1868	0.109144
1.188	0.109319
1.1892	0.109494
1.1904	0.10967
1.1916	0.109845
1.1928	0.110021
1.194	0.110197
1.1952	0.110373
1.1964	0.110549
1.1976	0.110726
1.1988	0.110902
1.2	0.111079
1.2012	0.111256
1.2024	0.111433
1.2036	0.11161
1.2048	0.111787
1.206	0.111965
1.2072	0.112143
1.2084	0.112321
1.2096	0.112499
1.2108	0.112677
1.212	0.112855
1.2132	0.113034
1.2144	0.113212
1.2156	0.113391
1.2168	0.11357
1.218	0.113749
1.2192	0.113928
1.2204	0.114108
1.2216	0.114287
1.2228	0.114467
1.224	0.114647
1.2252	0.114827
1.2264	0.115007
1.2276	0.115188
1.2288	0.115368
1.23	0.115549
1.2312	0.11573
1.2324	0.115911
1.2336	0.116092
1.2348	0.116274
1.236	0.116455
1.2372	0.116637
1.2384	0.116819
1.2396	0.117001
1.2408	0.117183
1.242	0.117365
1.2432	0.117548
1.2444	0.117731
1.2456	0.117913
1.2468	0.118096
1.248	0.118279
1.2492	0.118463
1.2504	0.118646
1.2516	0.11883
1.2528	0.119014
1.254	0.119197
1.2552	0.119382
1.2564	0.119566
1.2576	0.11975
1.2588	0.119935
1.26	0.120119
1.2612	0.120304
1.2624	0.120489
1.2636	0.120675
1.2648	0.12086
1.266	0.121045
1.2672	0.121231
1.2684	0.121417
1.2696	0.121603
1.2708	0.121789
1.272	0.121975
1.2732	0.122162
1.2744	0.122348
1.2756	0.122535
1.2768	0.122722
1.278	0.122909
1.2792	0.123096
1.2804	0.123284
1.2816	0.123471
1.2828	0.123659
1.284	0.123847
1.2852	0.124035
1.2864	0.124223
1.2876	0.124412
1.2888	0.1246
1.29	0.124789
1.2912	0.124978
1.2924	0.125167
1.2936	0.125356
1.2948	0.125545
1.296	0.125735
1.2972	0.125924
1.2984	0.126114
1.2996	0.126304
1.3008	0.126494
1.302	0.126684
1.3032	0.126875
1.3044	0.127065
1.3056	0.127256
1.3068	0.127447
1.308	0.127638
1.3092	0.127829
1.3104	0.12802
1.3116	0.128212
1.3128	0.128404
1.314	0.128595
1.3152	0.128787
1.3164	0.128979
1.3176	0.129172
1.3188	0.129364
1.32	0.129557
1.3212	0.129749
1.3224	0.129942
1.3236	0.130135
1.3248	0.130329
1.326	0.130522
1.3272	0.130716
1.3284	0.130909
1.3296	0.131103
1.3308	0.131297
1.332	0.131491
1.3332	0.131686
1.3344	0.13188
1.3356	0.132075
1.3368	0.132269
1.338	0.132464
1.3392	0.132659
1.3404	0.132855
1.3416	0.13305
1.3428	0.133246
1.344	0.133441
1.3452	0.133637
1.3464	0.133833
1.3476	0.134029
1.3488	0.134226
1.35	0.134422
1.3512	0.134619
1.3524	0.134816
1.3536	0.135013
1.3548	0.13521
1.356	0.135407
1.3572	0.135604
1.3584	0.135802
1.3596	0.136
1.3608	0.136198
1.362	0.136396
1.3632	0.136594
1.3644	0.136792
1.3656	0.136991
1.3668	0.137189
1.368	0.137388
1.3692	0.137587
1.3704	0.137786
1.3716	0.137986
1.3728	0.138185
1.374	0.138385
1.3752	0.138584
1.3764	0.138784
1.3776	0.138984
1.3788	0.139184
1.38	0.139385
1.3812	0.139585
1.3824	0.139786
1.3836	0.139987
1.3848	0.140188
1.386	0.140389
1.3872	0.14059
1.3884	0.140792
1.3896	0.140993
1.3908	0.141195
1.392	0.141397
1.3932	0.141599
1.3944	0.141801
1.3956	0.142003
1.3968	0.142206
1.398	0.142408
1.3992	0.142611
1.4004	0.142814
1.4016	0.143017
1.4028	0.143221
1.404	0.143424
1.4052	0.143628
1.4064	0.143831
1.4076	0.144035
1.4088	0.144239
1.41	0.144443
1.4112	0.144648
1.4124	0.144852
1.4136	0.145057
1.4148	0.145262
1.416	0.145466
1.4172	0.145672
1.4184	0.145877
1.4196	0.146082
1.4208	0.146288
1.422	0.146493
1.4232	0.146699
1.4244	0.146905
1.4256	0.147111
1.4268	0.147318
1.428	0.147524
1.4292	0.147731
1.4304	0.147938
1.4316	0.148145
1.4328	0.148352
1.434	0.148559
1.4352	0.148766
1.4364	0.148974
1.4376	0.149181
1.4388	0.149389
1.44	0.149597
1.4412	0.149805
1.4424	0.150014
1.4436	0.150222
1.4448	0.150431
1.446	0.150639
1.4472	0.150848
1.4484	0.151057
1.4496	0.151266
1.4508	0.151476
1.452	0.151685
1.4532	0.151895
1.4544	0.152105
1.4556	0.152315
1.4568	0.152525
1.458	0.152735
1.4592	0.152945
1.4604	0.153156
1.4616	0.153367
1.4628	0.153577
1.464	0.153788
1.4652	0.153999
1.4664	0.154211
1.4676	0.154422
1.4688	0.154634
1.47	0.154846
1.4712	0.155057
1.4724	0.155269
1.4736	0.155482
1.4748	0.155694
1.476	0.155906
1.4772	0.156119
1.4784	0.156332
1.4796	0.156545
1.4808	0.156758
1.482	0.156971
1.4832	0.157184
1.4844	0.157398
1.4856	0.157612
1.4868	0.157826
1.488	0.15804
1.4892	0.158254
1.4904	0.158468
1.4916	0.158682
1.4928	0.158897
1.494	0.159112
1.4952	0.159326
1.4964	0.159542
1.4976	0.159757
1.4988	0.159972
1.5	0.160187
1.5012	0.160403
1.5024	0.160619
1.5036	0.160835
1.5048	0.161051
1.506	0.161267
1.5072	0.161483
1.5084	0.1617
1.5096	0.161917
1.5108	0.162133
1.512	0.16235
1.5132	0.162567
1.5144	0.162785
1.5156	0.163002
1.5168	0.16322
1.518	0.163437
1.5192	0.163655
1.5204	0.163873
1.5216	0.164091
1.5228	0.164309
1.524	0.164528
1.5252	0.164746
1.5264	0.164965
1.5276	0.165184
1.5288	0.165403
1.53	0.165622
1.5312	0.165842
1.5324	0.166061
1.5336	0.166281
1.5348	0.1665
1.536	0.16672
1.5372	0.16694
1.5384	0.16716
1.5396	0.167381
1.5408	0.167601
1.542	0.167822
1.5432	0.168043
1.5444	0.168264
1.5456	0.168485
1.5468	0.168706
1.548	0.168927
1.5492	0.169149
1.5504	0.16937
1.5516	0.169592
1.5528	0.169814
1.554	0.170036
1.5552	0.170258
1.5564	0.170481
1.5576	0.170703
1.5588	0.170926
1.56	0.171149
1.5612	0.171372
1.5624	0.171595
1.5636	0.171818
1.5648	0.172042
1.566	0.172265
1.5672	0.172489
1.5684	0.172713
1.5696	0.172937
1.5708	0.173161
1.572	0.173385
1.5732	0.173609
1.5744	0.173834
1.5756	0.174059
1.5768	0.174284
1.578	0.174509
1.5792	0.174734
1.5804	0.174959
1.5816	0.175184
1.5828	0.17541
1.584	0.175636
1.5852	0.175862
1.5864	0.176088
1.5876	0.176314
1.5888	0.17654
1.59	0.176767
1.5912	0.176993
1.5924	0.17722
1.5936	0.177447
1.5948	0.177674
1.596	0.177901
1.5972	0.178128
1.5984	0.178356
1.5996	0.178583
1.6008	0.178811
1.602	0.179039
1.6032	0.179267
1.6044	0.179495
1.6056	0.179723
1.6068	0.179952
1.608	0.180181
1.6092	0.180409
1.6104	0.180638
1.6116	0.180867
1.6128	0.181096
1.614	0.181326
1.6152	0.181555
1.6164	0.181785
1.6176	0.182014
1.6188	0.182244
1.62	0.182474
1.6212	0.182705
1.6224	0.182935
1.6236	0.183165
1.6248	0.183396
1.626	0.183627
1.6272	0.183858
1.6284	0.184089
1.6296	0.18432
1.6308	0.184551
1.632	0.184783
1.6332	0.185014
1.6344	0.185246
1.6356	0.185478
1.6368	0.18571
1.638	0.185942
1.6392	0.186174
1.6404	0.186407
1.6416	0.186639
1.6428	0.186872
1.644	0.187105
1.6452	0.187338
1.6464	0.187571
1.6476	0.187804
1.6488	0.188038
1.65	0.188272
1.6512	0.188505
1.6524	0.188739
1.6536	0.188973
1.6548	0.189207
1.656	0.189442
1.6572	0.189676
1.6584	0.189911
1.6596	0.190145
1.6608	0.19038
1.662	0.190615
1.6632	0.19085
1.6644	0.191086
1.6656	0.191321
1.6668	0.191557
1.668	0.191792
1.6692	0.192028
1.6704	0.192264
1.6716	0.1925
1.6728	0.192736
1.674	0.192973
1.6752	0.193209
1.6764	0.193446
1.6776	0.193683
1.6788	0.19392
1.68	0.194157
1.6812	0.194394
1.6824	0.194632
1.6836	0.194869
1.6848	0.195107
1.686	0.195345
1.6872	0.195583
1.6884	0.195821
1.6896	0.196059
1.6908	0.196297
1.692	0.196536
1.6932	0.196774
1.6944	0.197013
1.6956	0.197252
1.6968	0.197491
1.698	0.19773
1.6992	0.19797
1.7004	0.198209
1.7016	0.198449
1.7028	0.198688
1.704	0.198928
1.7052	0.199168
1.7064	0.199408
1.7076	0.199649
1.7088	0.199889
1.71	0.20013
1.7112	0.200371
1.7124	0.200611
1.7136	0.200852
1.7148	0.201094
1.716	0.201335
1.7172	0.201576
1.7184	0.201818
1.7196	0.202059
1.7208	0.202301
1.722	0.202543
1.7232	0.202785
1.7244	0.203028
1.7256	0.20327
1.7268	0.203512
1.728	0.203755
1.7292	0.203998
1.7304	0.204241
1.7316	0.204484
1.7328	0.204727
1.734	0.20497
1.7352	0.205214
1.7364	0.205457
1.7376	0.205701
1.7388	0.205945
1.74	0.206189
1.7412	0.206433
1.7424	0.206678
1.7436	0.206922
1.7448	0.207167
1.746	0.207411
1.7472	0.207656
1.7484	0.207901
1.7496	0.208146
1.7508	0.208391
1.752	0.208637
1.7532	0.208882
1.7544	0.209128
1.7556	0.209374
1.7568	0.20962
1.758	0.209866
1.7592	0.210112
1.7604	0.210358
1.7616	0.210605
1.7628	0.210851
1.764	0.211098
1.7652	0.211345
1.7664	0.211592
1.7676	0.211839
1.7688	0.212087
1.77	0.212334
1.7712	0.212582
1.7724	0.212829
1.7736	0.213077
1.7748	0.213325
1.776	0.213573
1.7772	0.213821
1.7784	0.21407
1.7796	0.214318
1.7808	0.214567
1.782	0.214816
1.7832	0.215065
1.7844	0.215314
1.7856	0.215563
1.7868	0.215812
1.788	0.216062
1.7892	0.216311
1.7904	0.216561
1.7916	0.216811
1.7928	0.217061
1.794	0.217311
1.7952	0.217561
1.7964	0.217811
1.7976	0.218062
1.7988	0.218313
1.8	0.218563
1.8012	0.218814
1.8024	0.219065
1.8036	0.219317
1.8048	0.219568
1.806	0.219819
1.8072	0.220071
1.8084	0.220323
1.8096	0.220574
1.8108	0.220826
1.812	0.221079
1.8132	0.221331
1.8144	0.221583
1.8156	0.221836
1.8168	0.222088
1.818	0.222341
1.8192	0.222594
1.8204	0.222847
1.8216	0.2231
1.8228	0.223354
1.824	0.223607
1.8252	0.223861
1.8264	0.224114
1.8276	0.224368
1.8288	0.224622
1.83	0.224876
1.8312	0.225131
1.8324	0.225385
1.8336	0.225639
1.8348	0.225894
1.836	0.226149
1.8372	0.226404
1.8384	0.226659
1.8396	0.226914
1.8408	0.227169
1.842	0.227425
1.8432	0.22768
1.8444	0.227936
1.8456	0.228192
1.8468	0.228448
1.848	0.228704
1.8492	0.22896
1.8504	0.229216
1.8516	0.229473
1.8528	0.22973
1.854	0.229986
1.8552	0.230243
1.8564	0.2305
1.8576	0.230757
1.8588	0.231015
1.86	0.231272
1.8612	0.231529
1.8624	0.231787
1.8636	0.232045
1.8648	0.232303
1.866	0.232561
1.8672	0.232819
1.8684	0.233077
1.8696	0.233336
1.8708	0.233594
1.872	0.233853
1.8732	0.234112
1.8744	0.234371
1.8756	0.23463
1.8768	0.234889
1.878	0.235149
1.8792	0.235408
1.8804	0.235668
1.8816	0.235927
1.8828	0.236187
1.884	0.236447
1.8852	0.236707
1.8864	0.236968
1.8876	0.237228
1.8888	0.237489
1.89	0.237749
1.8912	0.23801
1.8924	0.238271
1.8936	0.238532
1.8948	0.238793
1.896	0.239054
1.8972	0.239316
1.8984	0.239577
1.8996	0.239839
1.9008	0.240101
1.902	0.240363
1.9032	0.240625
1.9044	0.240887
1.9056	0.241149
1.9068	0.241412
1.908	0.241674
1.9092	0.241937
1.9104	0.2422
1.9116	0.242463
1.9128	0.242726
1.914	0.242989
1.9152	0.243252
1.9164	0.243516
1.9176	0.243779
1.9188	0.244043
1.92	0.244307
1.9212	0.244571
1.9224	0.244835
1.9236	0.245099
1.9248	0.245364
1.926	0.245628
1.9272	0.245893
1.9284	0.246158
1.9296	0.246422
1.9308	0.246687
1.932	0.246952
1.9332	0.247218
1.9344	0.247483
1.9356	0.247749
1.9368	0.248014
1.938	0.24828
1.9392	0.248546
1.9404	0.248812
1.9416	0.249078
1.9428	0.249344
1.944	0.249611
1.9452	0.249877
1.9464	0.250144
1.9476	0.250411
1.9488	0.250677
1.95	0.250944
1.9512	0.251212
1.9524	0.251479
1.9536	0.251746
1.9548	0.252014
1.956	0.252281
1.9572	0.252549
1.9584	0.252817
1.9596	0.253085
1.9608	0.253353
1.962	0.253621
1.9632	0.25389
1.9644	0.254158
1.9656	0.254427
1.9668	0.254696
1.968	0.254965
1.9692	0.255234
1.9704	0.255503
1.9716	0.255772
1.9728	0.256041
1.974	0.256311
1.9752	0.256581
1.9764	0.25685
1.9776	0.25712
1.9788	0.25739
1.98	0.25766
1.9812	0.257931
1.9824	0.258201
1.9836	0.258472
1.9848	0.258742
1.986	0.259013
1.9872	0.259284
1.9884	0.259555
1.9896	0.259826
1.9908	0.260097
1.992	0.260369
1.9932	0.26064
1.9944	0.260912
1.9956	0.261183
1.9968	0.261455
1.998	0.261727
1.9992	0.261999
2.0004	0.262272
2.0016	0.262544
2.0028	0.262817
2.004	0.263089
2.0052	0.263362
2.0064	0.263635
2.0076	0.263908
2.0088	0.264181
2.01	0.264454
2.0112	0.264727
2.0124	0.265001
2.0136	0.265274
2.0148	0.265548
2.016	0.265822
2.0172	0.266096
2.0184	0.26637
2.0196	0.266644
2.0208	0.266918
2.022	0.267193
2.0232	0.267467
2.0244	0.267742
2.0256	0.268017
2.0268	0.268292
2.028	0.268567
2.0292	0.268842
2.0304	0.269117
2.0316	0.269393
2.0328	0.269668
2.034	0.269944
2.0352	0.27022
2.0364	0.270496
2.0376	0.270772
2.0388	0.271048
2.04	0.271324
2.0412	0.2716
2.0424	0.271877
2.0436	0.272154
2.0448	0.27243
2.046	0.272707
2.0472	0.272984
2.0484	0.273261
2.0496	0.273538
2.0508	0.273816
2.052	0.274093
2.0532	0.274371
2.0544	0.274649
2.0556	0.274926
2.0568	0.275204
2.058	0.275482
2.0592	0.275761
2.0604	0.276039
2.0616	0.276317
2.0628	0.276596
2.064	0.276875
2.0652	0.277153
2.0664	0.277432
2.0676	0.277711
2.0688	0.27799
2.07	0.27827
2.0712	0.278549
2.0724	0.278828
2.0736	0.279108
2.0748	0.279388
2.076	0.279668
2.0772	0.279948
2.0784	0.280228
2.0796	0.280508
2.0808	0.280788
2.082	0.281069
2.0832	0.281349
2.0844	0.28163
2.0856	0.281911
2.0868	0.282192
2.088	0.282473
2.0892	0.282754
2.0904	0.283035
2.0916	0.283317
2.0928	0.283598
2.094	0.28388
2.0952	0.284161
2.0964	0.284443
2.0976	0.284725
2.0988	0.285007
2.1	0.28529
2.1012	0.285572
2.1024	0.285854
2.1036	0.286137
2.1048	0.28642
2.106	0.286702
2.1072	0.286985
2.1084	0.287268
2.1096	0.287551
2.1108	0.287835
2.112	0.288118
2.1132	0.288402
2.1144	0.288685
2.1156	0.288969
2.1168	0.289253
2.118	0.289537
2.1192	0.289821
2.1204	0.290105
2.1216	0.290389
2.1228	0.290674
2.124	0.290958
2.1252	0.291243
2.1264	0.291528
2.1276	0.291813
2.1288	0.292098
2.13	0.292383
2.1312	0.292668
2.1324	0.292953
2.1336	0.293239
2.1348	0.293524
2.136	0.29381
2.1372	0.294096
2.1384	0.294382
2.1396	0.294668
2.1408	0.294954
2.142	0.29524
2.1432	0.295527
2.1444	0.295813
2.1456	0.2961
2.1468	0.296387
2.148	0.296673
2.1492	0.29696
2.1504	0.297248
2.1516	0.297535
2.1528	0.297822
2.154	0.298109
2.1552	0.298397
2.1564	0.298685
2.1576	0.298972
2.1588	0.29926
2.16	0.299548
2.1612	0.299836
2.1624	0.300125
2.1636	0.300413
2.1648	0.300701
2.166	0.30099
2.1672	0.301279
2.1684	0.301567
2.1696	0.301856
2.1708	0.302145
2.172	0.302434
2.1732	0.302724
2.1744	0.303013
2.1756	0.303303
2.1768	0.303592
2.178	0.303882
2.1792	0.304172
2.1804	0.304462
2.1816	0.304752
2.1828	0.305042
2.184	0.305332
2.1852	0.305622
2.1864	0.305913
2.1876	0.306203
2.1888	0.306494
2.19	0.306785
2.1912	0.307076
2.1924	0.307367
2.1936	0.307658
2.1948	0.307949
2.196	0.308241
2.1972	0.308532
2.1984	0.308824
2.1996	0.309116
2.2008	0.309407
2.202	0.309699
2.2032	0.309991
2.2044	0.310284
2.2056	0.310576
2.2068	0.310868
2.208	0.311161
2.2092	0.311453
2.2104	0.311746
2.2116	0.312039
2.2128	0.312332
2.214	0.312625
2.2152	0.312918
2.2164	0.313211
2.2176	0.313505
2.2188	0.313798
2.22	0.314092
2.2212	0.314385
2.2224	0.314679
2.2236	0.314973
2.2248	0.315267
2.226	0.315561
2.2272	0.315856
2.2284	0.31615
2.2296	0.316445
2.2308	0.316739
2.232	0.317034
2.2332	0.317329
2.2344	0.317624
2.2356	0.317919
2.2368	0.318214
2.238	0.318509
2.2392	0.318804
2.2404	0.3191
2.2416	0.319395
2.2428	0.319691
2.244	0.319987
2.2452	0.320283
2.2464	0.320579
2.2476	0.320875
2.2488	0.321171
2.25	0.321468
2.2512	0.321764
2.2524	0.322061
2.2536	0.322357
2.2548	0.322654
2.256	0.322951
2.2572	0.323248
2.2584	0.323545
2.2596	0.323842
2.2608	0.324139
2.262	0.324437
2.2632	0.324734
2.2644	0.325032
2.2656	0.32533
2.2668	0.325628
2.268	0.325926
2.2692	0.326224
2.2704	0.326522
2.2716	0.32682
2.2728	0.327119
2.274	0.327417
2.2752	0.327716
2.2764	0.328014
2.2776	0.328313
2.2788	0.328612
2.28	0.328911
2.2812	0.32921
2.2824	0.32951
2.2836	0.329809
2.2848	0.330108
2.286	0.330408
2.2872	0.330708
2.2884	0.331007
2.2896	0.331307
2.2908	0.331607
2.292	0.331907
2.2932	0.332208
2.2944	0.332508
2.2956	0.332808
2.2968	0.333109
2.298	0.333409
2.2992	0.33371
2.3004	0.334011
2.3016	0.334312
2.3028	0.334613
2.304	0.334914
2.3052	0.335215
2.3064	0.335517
2.3076	0.335818
2.3088	0.33612
2.31	0.336422
2.3112	0.336723
2.3124	0.337025
2.3136	0.337327
2.3148	0.337629
2.316	0.337932
2.3172	0.338234
2.3184	0.338536
2.3196	0.338839
2.3208	0.339141
2.322	0.339444
2.3232	0.339747
2.3244	0.34005
2.3256	0.340353
2.3268	0.340656
2.328	0.340959
2.3292	0.341263
2.3304	0.341566
2.3316	0.34187
2.3328	0.342173
2.334	0.342477
2.3352	0.342781
2.3364	0.343085
2.3376	0.343389
2.3388	0.343693
2.34	0.343998
2.3412	0.344302
2.3424	0.344607
2.3436	0.344911
2.3448	0.345216
2.346	0.345521
2.3472	0.345826
2.3484	0.346131
2.3496	0.346436
2.3508	0.346741
2.352	0.347046
2.3532	0.347352
2.3544	0.347657
2.3556	0.347963
2.3568	0.348269
2.358	0.348574
2.3592	0.34888
2.3604	0.349186
2.3616	0.349492
2.3628	0.349799
2.364	0.350105
2.3652	0.350411
2.3664	0.350718
2.3676	0.351025
2.3688	0.351331
2.37	0.351638
2.3712	0.351945
2.3724	0.352252
2.3736	0.352559
2.3748	0.352867
2.376	0.353174
2.3772	0.353481
2.3784	0.353789
2.3796	0.354097
2.3808	0.354404
2.382	0.354712
2.3832	0.35502
2.3844	0.355328
2.3856	0.355637
2.3868	0.355945
2.388	0.356253
2.3892	0.356562
2.3904	0.35687
2.3916	0.357179
2.3928	0.357488
2.394	0.357796
2.3952	0.358105
2.3964	0.358414
2.3976	0.358724
2.3988	0.359033
2.4	0.359342
2.4012	0.359652
2.4024	0.359961
2.4036	0.360271
2.4048	0.360581
2.406	0.360891
2.4072	0.361201
2.4084	0.361511
2.4096	0.361821
2.4108	0.362131
2.412	0.362441
2.4132	0.362752
2.4144	0.363062
2.4156	0.363373
2.4168	0.363684
2.418	0.363995
2.4192	0.364306
2.4204	0.364617
2.4216	0.364928
2.4228	0.365239
2.424	0.36555
2.4252	0.365862
2.4264	0.366173
2.4276	0.366485
2.4288	0.366797
2.43	0.367109
2.4312	0.36742
2.4324	0.367733
2.4336	0.368045
2.4348	0.368357
2.436	0.368669
2.4372	0.368982
2.4384	0.369294
2.4396	0.369607
2.4408	0.369919
2.442	0.370232
2.4432	0.370545
2.4444	0.370858
2.4456	0.371171
2.4468	0.371484
2.448	0.371798
2.4492	0.372111
2.4504	0.372425
2.4516	0.372738
2.4528	0.373052
2.454	0.373366
2.4552	0.37368
2.4564	0.373993
2.4576	0.374308
2.4588	0.374622
2.46	0.374936
2.4612	0.37525
2.4624	0.375565
2.4636	0.375879
2.4648	0.376194
2.466	0.376509
2.4672	0.376823
2.4684	0.377138
2.4696	0.377453
2.4708	0.377769
2.472	0.378084
2.4732	0.378399
2.4744	0.378714
2.4756	0.37903
2.4768	0.379346
2.478	0.379661
2.4792	0.379977
2.4804	0.380293
2.4816	0.380609
2.4828	0.380925
2.484	0.381241
2.4852	0.381557
2.4864	0.381874
2.4876	0.38219
2.4888	0.382507
2.49	0.382823
2.4912	0.38314
2.4924	0.383457
2.4936	0.383774
2.4948	0.384091
2.496	0.384408
2.4972	0.384725
2.4984	0.385042
2.4996	0.38536
2.5008	0.385677
2.502	0.385995
2.5032	0.386313
2.5044	0.38663
2.5056	0.386948
2.5068	0.387266
2.508	0.387584
2.5092	0.387902
2.5104	0.38822
2.5116	0.388539
2.5128	0.388857
2.514	0.389176
2.5152	0.389494
2.5164	0.389813
2.5176	0.390132
2.5188	0.390451
2.52	0.39077
2.5212	0.391089
2.5224	0.391408
2.5236	0.391727
2.5248	0.392046
2.526	0.392366
2.5272	0.392685
2.5284	0.393005
2.5296	0.393325
2.5308	0.393644
2.532	0.393964
2.5332	0.394284
2.5344	0.394604
2.5356	0.394924
2.5368	0.395245
2.538	0.395565
2.5392	0.395885
2.5404	0.396206
2.5416	0.396527
2.5428	0.396847
2.544	0.397168
2.5452	0.397489
2.5464	0.39781
2.5476	0.398131
2.5488	0.398452
2.55	0.398773
2.5512	0.399095
2.5524	0.399416
2.5536	0.399738
2.5548	0.400059
2.556	0.400381
2.5572	0.400703
2.5584	0.401025
2.5596	0.401347
2.5608	0.401669
2.562	0.401991
2.5632	0.402313
2.5644	0.402635
2.5656	0.402958
2.5668	0.40328
2.568	0.403603
2.5692	0.403926
2.5704	0.404248
2.5716	0.404571
2.5728	0.404894
2.574	0.405217
2.5752	0.40554
2.5764	0.405864
2.5776	0.406187
2.5788	0.40651
2.58	0.406834
2.5812	0.407157
2.5824	0.407481
2.5836	0.407805
2.5848	0.408129
2.586	0.408453
2.5872	0.408777
2.5884	0.409101
2.5896	0.409425
2.5908	0.409749
2.592	0.410074
2.5932	0.410398
2.5944	0.410723
2.5956	0.411047
2.5968	0.411372
2.598	0.411697
2.5992	0.412022
2.6004	0.412347
2.6016	0.412672
2.6028	0.412997
2.604	0.413322
2.6052	0.413647
2.6064	0.413973
2.6076	0.414298
2.6088	0.414624
2.61	0.41495
2.6112	0.415275
2.6124	0.415601
2.6136	0.415927
2.6148	0.416253
2.616	0.416579
2.6172	0.416906
2.6184	0.417232
2.6196	0.417558
2.6208	0.417885
2.622	0.418211
2.6232	0.418538
2.6244	0.418865
2.6256	0.419191
2.6268	0.419518
2.628	0.419845
2.6292	0.420172
2.6304	0.420499
2.6316	0.420827
2.6328	0.421154
2.634	0.421481
2.6352	0.421809
2.6364	0.422136
2.6376	0.422464
2.6388	0.422792
2.64	0.42312
2.6412	0.423448
2.6424	0.423776
2.6436	0.424104
2.6448	0.424432
2.646	0.42476
2.6472	0.425088
2.6484	0.425417
2.6496	0.425745
2.6508	0.426074
2.652	0.426403
2.6532	0.426731
2.6544	0.42706
2.6556	0.427389
2.6568	0.427718
2.658	0.428047
2.6592	0.428376
2.6604	0.428706
2.6616	0.429035
2.6628	0.429364
2.664	0.429694
2.6652	0.430023
2.6664	0.430353
2.6676	0.430683
2.6688	0.431013
2.67	0.431343
2.6712	0.431673
2.6724	0.432003
2.6736	0.432333
2.6748	0.432663
2.676	0.432993
2.6772	0.433324
2.6784	0.433654
2.6796	0.433985
2.6808	0.434316
2.682	0.434646
2.6832	0.434977
2.6844	0.435308
2.6856	0.435639
2.6868	0.43597
2.688	0.436301
2.6892	0.436633
2.6904	0.436964
2.6916	0.437295
2.6928	0.437627
2.694	0.437958
2.6952	0.43829
2.6964	0.438622
2.6976	0.438954
2.6988	0.439285
2.7	0.439617
2.7012	0.43995
2.7024	0.440282
2.7036	0.440614
2.7048	0.440946
2.706	0.441279
2.7072	0.441611
2.7084	0.441944
2.7096	0.442276
2.7108	0.442609
2.712	0.442942
2.7132	0.443275
2.7144	0.443607
2.7156	0.44394
2.7168	0.444274
2.718	0.444607
2.7192	0.44494
2.7204	0.445273
2.7216	0.445607
2.7228	0.44594
2.724	0.446274
2.7252	0.446608
2.7264	0.446941
2.7276	0.447275
2.7288	0.447609
2.73	0.447943
2.7312	0.448277
2.7324	0.448611
2.7336	0.448945
2.7348	0.44928
2.736	0.449614
2.7372	0.449948
2.7384	0.450283
2.7396	0.450618
2.7408	0.450952
2.742	0.451287
2.7432	0.451622
2.7444	0.451957
2.7456	0.452292
2.7468	0.452627
2.748	0.452962
2.7492	0.453297
2.7504	0.453633
2.7516	0.453968
2.7528	0.454304
2.754	0.454639
2.7552	0.454975
2.7564	0.45531
2.7576	0.455646
2.7588	0.455982
2.76	0.456318
2.7612	0.456654
2.7624	0.45699
2.7636	0.457326
2.7648	0.457662
2.766	0.457999
2.7672	0.458335
2.7684	0.458672
2.7696	0.459008
2.7708	0.459345
2.772	0.459682
2.7732	0.460018
2.7744	0.460355
2.7756	0.460692
2.7768	0.461029
2.778	0.461366
2.7792	0.461703
2.7804	0.462041
2.7816	0.462378
2.7828	0.462715
2.784	0.463053
2.7852	0.46339
2.7864	0.463728
2.7876	0.464066
2.7888	0.464403
2.79	0.464741
2.7912	0.465079
2.7924	0.465417
2.7936	0.465755
2.7948	0.466093
2.796	0.466432
2.7972	0.46677
2.7984	0.467108
2.7996	0.467447
2.8008	0.467785
2.802	0.468124
2.8032	0.468463
2.8044	0.468801
2.8056	0.46914
2.8068	0.469479
2.808	0.469818
2.8092	0.470157
2.8104	0.470496
2.8116	0.470835
2.8128	0.471175
2.814	0.471514
2.8152	0.471853
2.8164	0.472193
2.8176	0.472532
2.8188	0.472872
2.82	0.473212
2.8212	0.473551
2.8224	0.473891
2.8236	0.474231
2.8248	0.474571
2.826	0.474911
2.8272	0.475251
2.8284	0.475592
2.8296	0.475932
2.8308	0.476272
2.832	0.476613
2.8332	0.476953
2.8344	0.477294
2.8356	0.477635
2.8368	0.477975
2.838	0.478316
2.8392	0.478657
2.8404	0.478998
2.8416	0.479339
2.8428	0.47968
2.844	0.480021
2.8452	0.480362
2.8464	0.480704
2.8476	0.481045
2.8488	0.481387
2.85	0.481728
2.8512	0.48207
2.8524	0.482411
2.8536	0.482753
2.8548	0.483095
2.856	0.483437
2.8572	0.483779
2.8584	0.484121
2.8596	0.484463
2.8608	0.484805
2.862	0.485147
2.8632	0.48549
2.8644	0.485832
2.8656	0.486174
2.8668	0.486517
2.868	0.486859
2.8692	0.487202
2.8704	0.487545
2.8716	0.487888
2.8728	0.488231
2.874	0.488573
2.8752	0.488917
2.8764	0.48926
2.8776	0.489603
2.8788	0.489946
2.88	0.490289
2.8812	0.490633
2.8824	0.490976
2.8836	0.49132
2.8848	0.491663
2.886	0.492007
2.8872	0.49235
2.8884	0.492694
2.8896	0.493038
2.8908	0.493382
2.892	0.493726
2.8932	0.49407
2.8944	0.494414
2.8956	0.494758
2.8968	0.495103
2.898	0.495447
2.8992	0.495791
2.9004	0.496136
2.9016	0.49648
2.9028	0.496825
2.904	0.49717
2.9052	0.497514
2.9064	0.497859
2.9076	0.498204
2.9088	0.498549
2.91	0.498894
2.9112	0.499239
2.9124	0.499584
2.9136	0.499929
2.9148	0.500275
2.916	0.50062
2.9172	0.500965
2.9184	0.501311
2.9196	0.501656
2.9208	0.502002
2.922	0.502348
2.9232	0.502694
2.9244	0.503039
2.9256	0.503385
2.9268	0.503731
2.928	0.504077
2.9292	0.504423
2.9304	0.504769
2.9316	0.505116
2.9328	0.505462
2.934	0.505808
2.9352	0.506155
2.9364	0.506501
2.9376	0.506848
2.9388	0.507194
2.94	0.507541
2.9412	0.507888
2.9424	0.508235
2.9436	0.508582
2.9448	0.508928
2.946	0.509275
2.9472	0.509623
2.9484	0.50997
2.9496	0.510317
2.9508	0.510664
2.952	0.511012
2.9532	0.511359
2.9544	0.511706
2.9556	0.512054
2.9568	0.512402
2.958	0.512749
2.9592	0.513097
2.9604	0.513445
2.9616	0.513793
2.9628	0.51414
2.964	0.514488
2.9652	0.514837
2.9664	0.515185
2.9676	0.515533
2.9688	0.515881
2.97	0.516229
2.9712	0.516578
2.9724	0.516926
2.9736	0.517275
2.9748	0.517623
2.976	0.517972
2.9772	0.518321
2.9784	0.518669
2.9796	0.519018
2.9808	0.519367
2.982	0.519716
2.9832	0.520065
2.9844	0.520414
2.9856	0.520763
2.9868	0.521112
2.988	0.521462
2.9892	0.521811
2.9904	0.52216
2.9916	0.52251
2.9928	0.522859
2.994	0.523209
2.9952	0.523559
2.9964	0.523908
2.9976	0.524258
2.9988	0.524608
3	0.524958
3.0012	0.525308
3.0024	0.525658
3.0036	0.526008
3.0048	0.526358
3.006	0.526708
3.0072	0.527058
3.0084	0.527409
3.0096	0.527759
3.0108	0.528109
3.012	0.52846
3.0132	0.52881
3.0144	0.529161
3.0156	0.529512
3.0168	0.529863
3.018	0.530213
3.0192	0.530564
3.0204	0.530915
3.0216	0.531266
3.0228	0.531617
3.024	0.531968
3.0252	0.53232
3.0264	0.532671
3.0276	0.533022
3.0288	0.533373
3.03	0.533725
3.0312	0.534076
3.0324	0.534428
3.0336	0.534779
3.0348	0.535131
3.036	0.535483
3.0372	0.535835
3.0384	0.536186
3.0396	0.536538
3.0408	0.53689
3.042	0.537242
3.0432	0.537594
3.0444	0.537946
3.0456	0.538299
3.0468	0.538651
3.048	0.539003
3.0492	0.539356
3.0504	0.539708
3.0516	0.54006
3.0528	0.540413
3.054	0.540766
3.0552	0.541118
3.0564	0.541471
3.0576	0.541824
3.0588	0.542177
3.06	0.54253
3.0612	0.542883
3.0624	0.543236
3.0636	0.543589
3.0648	0.543942
3.066	0.544295
3.0672	0.544648
3.0684	0.545001
3.0696	0.545355
3.0708	0.545708
3.072	0.546062
3.0732	0.546415
3.0744	0.546769
3.0756	0.547123
3.0768	0.547476
3.078	0.54783
3.0792	0.548184
3.0804	0.548538
3.0816	0.548892
3.0828	0.549246
3.084	0.5496
3.0852	0.549954
3.0864	0.550308
3.0876	0.550662
3.0888	0.551016
3.09	0.551371
3.0912	0.551725
3.0924	0.55208
3.0936	0.552434
3.0948	0.552789
3.096	0.553143
3.0972	0.553498
3.0984	0.553853
3.0996	0.554207
3.1008	0.554562
3.102	0.554917
3.1032	0.555272
3.1044	0.555627
3.1056	0.555982
3.1068	0.556337
3.108	0.556692
3.1092	0.557048
3.1104	0.557403
3.1116	0.557758
3.1128	0.558114
3.114	0.558469
3.1152	0.558825
3.1164	0.55918
3.1176	0.559536
3.1188	0.559891
3.12	0.560247
3.1212	0.560603
3.1224	0.560959
3.1236	0.561315
3.1248	0.561671
3.126	0.562027
3.1272	0.562383
3.1284	0.562739
3.1296	0.563095
3.1308	0.563451
3.132	0.563807
3.1332	0.564164
3.1344	0.56452
3.1356	0.564876
3.1368	0.565233
3.138	0.565589
3.1392	0.565946
3.1404	0.566303
3.1416	0.566659
3.1428	0.567016
3.144	0.567373
3.1452	0.56773
3.1464	0.568087
3.1476	0.568444
3.1488	0.568801
3.15	0.569158
3.1512	0.569515
3.1524	0.569872
3.1536	0.570229
3.1548	0.570586
3.156	0.570944
3.1572	0.571301
3.1584	0.571659
3.1596	0.572016
3.1608	0.572374
3.162	0.572731
3.1632	0.573089
3.1644	0.573447
3.1656	0.573804
3.1668	0.574162
3.168	0.57452
3.1692	0.574878
3.1704	0.575236
3.1716	0.575594
3.1728	0.575952
3.174	0.57631
3.1752	0.576668
3.1764	0.577026
3.1776	0.577384
3.1788	0.577743
3.18	0.578101
3.1812	0.57846
3.1824	0.578818
3.1836	0.579176
3.1848	0.579535
3.186	0.579894
3.1872	0.580252
3.1884	0.580611
3.1896	0.58097
3.1908	0.581329
3.192	0.581687
3.1932	0.582046
3.1944	0.582405
3.1956	0.582764
3.1968	0.583123
3.198	0.583482
3.1992	0.583842
3.2004	0.584201
3.2016	0.58456
3.2028	0.584919
3.204	0.585279
3.2052	0.585638
3.2064	0.585998
3.2076	0.586357
3.2088	0.586717
3.21	0.587076
3.2112	0.587436
3.2124	0.587796
3.2136	0.588155
3.2148	0.588515
3.216	0.588875
3.2172	0.589235
3.2184	0.589595
3.2196	0.589955
3.2208	0.590315
3.222	0.590675
3.2232	0.591035
3.2244	0.591395
3.2256	0.591755
3.2268	0.592116
3.228	0.592476
3.2292	0.592836
3.2304	0.593197
3.2316	0.593557
3.2328	0.593918
3.234	0.594278
3.2352	0.594639
3.2364	0.595
3.2376	0.59536
3.2388	0.595721
3.24	0.596082
3.2412	0.596443
3.2424	0.596804
3.2436	0.597164
3.2448	0.597525
3.246	0.597886
3.2472	0.598248
3.2484	0.598609
3.2496	0.59897
3.2508	0.599331
3.252	0.599692
3.2532	0.600054
3.2544	0.600415
3.2556	0.600776
3.2568	0.601138
3.258	0.601499
3.2592	0.601861
3.2604	0.602222
3.2616	0.602584
3.2628	0.602946
3.264	0.603307
3.2652	0.603669
3.2664	0.604031
3.2676	0.604393
3.2688	0.604755
3.27	0.605117
3.2712	0.605479
3.2724	0.605841
3.2736	0.606203
3.2748	0.606565
3.276	0.606927
3.2772	0.607289
3.2784	0.607652
3.2796	0.608014
3.2808	0.608376
3.282	0.608739
3.2832	0.609101
3.2844	0.609464
3.2856	0.609826
3.2868	0.610189
3.288	0.610551
3.2892	0.610914
3.2904	0.611277
3.2916	0.611639
3.2928	0.612002
3.294	0.612365
3.2952	0.612728
3.2964	0.613091
3.2976	0.613454
3.2988	0.613817
3.3	0.61418
3.3012	0.614543
3.3024	0.614906
3.3036	0.615269
3.3048	0.615632
3.306	0.615996
3.3072	0.616359
3.3084	0.616722
3.3096	0.617086
3.3108	0.617449
3.312	0.617813
3.3132	0.618176
3.3144	0.61854
3.3156	0.618903
3.3168	0.619267
3.318	0.619631
3.3192	0.619994
3.3204	0.620358
3.3216	0.620722
3.3228	0.621086
3.324	0.62145
3.3252	0.621814
3.3264	0.622178
3.3276	0.622542
3.3288	0.622906
3.33	0.62327
3.3312	0.623634
3.3324	0.623998
3.3336	0.624362
3.3348	0.624727
3.336	0.625091
3.3372	0.625455
3.3384	0.62582
3.3396	0.626184
3.3408	0.626549
3.342	0.626913
3.3432	0.627278
3.3444	0.627642
3.3456	0.628007
3.3468	0.628372
3.348	0.628736
3.3492	0.629101
3.3504	0.629466
3.3516	0.629831
3.3528	0.630196
3.354	0.630561
3.3552	0.630926
3.3564	0.63129
3.3576	0.631656
3.3588	0.632021
3.36	0.632386
3.3612	0.632751
3.3624	0.633116
3.3636	0.633481
3.3648	0.633847
3.366	0.634212
3.3672	0.634577
3.3684	0.634943
3.3696	0.635308
3.3708	0.635674
3.372	0.636039
3.3732	0.636405
3.3744	0.63677
3.3756	0.637136
3.3768	0.637501
3.378	0.637867
3.3792	0.638233
3.3804	0.638599
3.3816	0.638964
3.3828	0.63933
3.384	0.639696
3.3852	0.640062
3.3864	0.640428
3.3876	0.640794
3.3888	0.64116
3.39	0.641526
3.3912	0.641892
3.3924	0.642258
3.3936	0.642625
3.3948	0.642991
3.396	0.643357
3.3972	0.643723
3.3984	0.64409
3.3996	0.644456
3.4008	0.644823
3.402	0.645189
3.4032	0.645556
3.4044	0.645922
3.4056	0.646289
3.4068	0.646655
3.408	0.647022
3.4092	0.647389
3.4104	0.647755
3.4116	0.648122
3.4128	0.648489
3.414	0.648856
3.4152	0.649222
3.4164	0.649589
3.4176	0.649956
3.4188	0.650323
3.42	0.65069
3.4212	0.651057
3.4224	0.651424
3.4236	0.651791
3.4248	0.652159
3.426	0.652526
3.4272	0.652893
3.4284	0.65326
3.4296	0.653627
3.4308	0.653995
3.432	0.654362
3.4332	0.654729
3.4344	0.655097
3.4356	0.655464
3.4368	0.655832
3.438	0.656199
3.4392	0.656567
3.4404	0.656934
3.4416	0.657302
3.4428	0.65767
3.444	0.658037
3.4452	0.658405
3.4464	0.658773
3.4476	0.659141
3.4488	0.659509
3.45	0.659876
3.4512	0.660244
3.4524	0.660612
3.4536	0.66098
3.4548	0.661348
3.456	0.661716
3.4572	0.662084
3.4584	0.662452
3.4596	0.662821
3.4608	0.663189
3.462	0.663557
3.4632	0.663925
3.4644	0.664293
3.4656	0.664662
3.4668	0.66503
3.468	0.665398
3.4692	0.665767
3.4704	0.666135
3.4716	0.666504
3.4728	0.666872
3.474	0.667241
3.4752	0.667609
3.4764	0.667978
3.4776	0.668347
3.4788	0.668715
3.48	0.669084
3.4812	0.669453
3.4824	0.669821
3.4836	0.67019
3.4848	0.670559
3.486	0.670928
3.4872	0.671297
3.4884	0.671666
3.4896	0.672034
3.4908	0.672403
3.492	0.672772
3.4932	0.673142
3.4944	0.673511
3.4956	0.67388
3.4968	0.674249
3.498	0.674618
3.4992	0.674987
3.5004	0.675356
3.5016	0.675726
3.5028	0.676095
3.504	0.676464
3.5052	0.676834
3.5064	0.677203
3.5076	0.677572
3.5088	0.677942
3.51	0.678311
3.5112	0.678681
3.5124	0.67905
3.5136	0.67942
3.5148	0.679789
3.516	0.680159
3.5172	0.680529
3.5184	0.680898
3.5196	0.681268
3.5208	0.681638
3.522	0.682008
3.5232	0.682377
3.5244	0.682747
3.5256	0.683117
3.5268	0.683487
3.528	0.683857
3.5292	0.684227
3.5304	0.684597
3.5316	0.684967
3.5328	0.685337
3.534	0.685707
3.5352	0.686077
3.5364	0.686447
3.5376	0.686817
3.5388	0.687187
3.54	0.687557
3.5412	0.687928
3.5424	0.688298
3.5436	0.688668
3.5448	0.689039
3.546	0.689409
3.5472	0.689779
3.5484	0.69015
3.5496	0.69052
3.5508	0.69089
3.552	0.691261
3.5532	0.691631
3.5544	0.692002
3.5556	0.692373
3.5568	0.692743
3.558	0.693114
3.5592	0.693484
3.5604	0.693855
3.5616	0.694226
3.5628	0.694596
3.564	0.694967
3.5652	0.695338
3.5664	0.695709
3.5676	0.69608
3.5688	0.69645
3.57	0.696821
3.5712	0.697192
3.5724	0.697563
3.5736	0.697934
3.5748	0.698305
3.576	0.698676
3.5772	0.699047
3.5784	0.699418
3.5796	0.699789
3.5808	0.70016
3.582	0.700532
3.5832	0.700903
3.5844	0.701274
3.5856	0.701645
3.5868	0.702016
3.588	0.702388
3.5892	0.702759
3.5904	0.70313
3.5916	0.703502
3.5928	0.703873
3.594	0.704244
3.5952	0.704616
3.5964	0.704987
3.5976	0.705359
3.5988	0.70573
3.6	0.706102
3.6012	0.706473
3.6024	0.706845
3.6036	0.707217
3.6048	0.707588
3.606	0.70796
3.6072	0.708331
3.6084	0.708703
3.6096	0.709075
3.6108	0.709447
3.612	0.709818
3.6132	0.71019
3.6144	0.710562
3.6156	0.710934
3.6168	0.711306
3.618	0.711678
3.6192	0.712049
3.6204	0.712421
3.6216	0.712793
3.6228	0.713165
3.624	0.713537
3.6252	0.713909
3.6264	0.714281
3.6276	0.714653
3.6288	0.715026
3.63	0.715398
3.6312	0.71577
3.6324	0.716142
3.6336	0.716514
3.6348	0.716886
3.636	0.717259
3.6372	0.717631
3.6384	0.718003
3.6396	0.718375
3.6408	0.718748
3.642	0.71912
3.6432	0.719492
3.6444	0.719865
3.6456	0.720237
3.6468	0.72061
3.648	0.720982
3.6492	0.721355
3.6504	0.721727
3.6516	0.7221
3.6528	0.722472
3.654	0.722845
3.6552	0.723217
3.6564	0.72359
3.6576	0.723962
3.6588	0.724335
3.66	0.724708
3.6612	0.72508
3.6624	0.725453
3.6636	0.725826
3.6648	0.726199
3.666	0.726571
3.6672	0.726944
3.6684	0.727317
3.6696	0.72769
3.6708	0.728063
3.672	0.728436
3.6732	0.728808
3.6744	0.729181
3.6756	0.729554
3.6768	0.729927
3.678	0.7303
3.6792	0.730673
3.6804	0.731046
3.6816	0.731419
3.6828	0.731792
3.684	0.732165
3.6852	0.732538
3.6864	0.732912
3.6876	0.733285
3.6888	0.733658
3.69	0.734031
3.6912	0.734404
3.6924	0.734777
3.6936	0.735151
3.6948	0.735524
3.696	0.735897
3.6972	0.73627
3.6984	0.736644
3.6996	0.737017
3.7008	0.73739
3.702	0.737764
3.7032	0.738137
3.7044	0.738511
3.7056	0.738884
3.7068	0.739257
3.708	0.739631
3.7092	0.740004
3.7104	0.740378
3.7116	0.740751
3.7128	0.741125
3.714	0.741498
3.7152	0.741872
3.7164	0.742245
3.7176	0.742619
3.7188	0.742993
3.72	0.743366
3.7212	0.74374
3.7224	0.744114
3.7236	0.744487
3.7248	0.744861
3.726	0.745235
3.7272	0.745608
3.7284	0.745982
3.7296	0.746356
3.7308	0.74673
3.732	0.747104
3.7332	0.747477
3.7344	0.747851
3.7356	0.748225
3.7368	0.748599
3.738	0.748973
3.7392	0.749347
3.7404	0.749721
3.7416	0.750095
3.7428	0.750468
3.744	0.750842
3.7452	0.751216
3.7464	0.75159
3.7476	0.751964
3.7488	0.752338
3.75	0.752712
3.7512	0.753087
3.7524	0.753461
3.7536	0.753835
3.7548	0.754209
3.756	0.754583
3.7572	0.754957
3.7584	0.755331
3.7596	0.755705
3.7608	0.75608
3.762	0.756454
3.7632	0.756828
3.7644	0.757202
3.7656	0.757576
3.7668	0.757951
3.768	0.758325
3.7692	0.758699
3.7704	0.759074
3.7716	0.759448
3.7728	0.759822
3.774	0.760197
3.7752	0.760571
3.7764	0.760945
3.7776	0.76132
3.7788	0.761694
3.78	0.762068
3.7812	0.762443
3.7824	0.762817
3.7836	0.763192
3.7848	0.763566
3.786	0.763941
3.7872	0.764315
3.7884	0.76469
3.7896	0.765064
3.7908	0.765439
3.792	0.765813
3.7932	0.766188
3.7944	0.766562
3.7956	0.766937
3.7968	0.767312
3.798	0.767686
3.7992	0.768061
3.8004	0.768436
3.8016	0.76881
3.8028	0.769185
3.804	0.76956
3.8052	0.769934
3.8064	0.770309
3.8076	0.770684
3.8088	0.771058
3.81	0.771433
3.8112	0.771808
3.8124	0.772183
3.8136	0.772557
3.8148	0.772932
3.816	0.773307
3.8172	0.773682
3.8184	0.774057
3.8196	0.774431
3.8208	0.774806
3.822	0.775181
3.8232	0.775556
3.8244	0.775931
3.8256	0.776306
3.8268	0.776681
3.828	0.777056
3.8292	0.777431
3.8304	0.777805
3.8316	0.77818
3.8328	0.778555
3.834	0.77893
3.8352	0.779305
3.8364	0.77968
3.8376	0.780055
3.8388	0.78043
3.84	0.780805
3.8412	0.78118
3.8424	0.781555
3.8436	0.78193
3.8448	0.782306
3.846	0.782681
3.8472	0.783056
3.8484	0.783431
3.8496	0.783806
3.8508	0.784181
3.852	0.784556
3.8532	0.784931
3.8544	0.785306
3.8556	0.785682
3.8568	0.786057
3.858	0.786432
3.8592	0.786807
3.8604	0.787182
3.8616	0.787557
3.8628	0.787933
3.864	0.788308
3.8652	0.788683
3.8664	0.789058
3.8676	0.789434
3.8688	0.789809
3.87	0.790184
3.8712	0.790559
3.8724	0.790935
3.8736	0.79131
3.8748	0.791685
3.876	0.79206
3.8772	0.792436
3.8784	0.792811
3.8796	0.793186
3.8808	0.793562
3.882	0.793937
3.8832	0.794312
3.8844	0.794688
3.8856	0.795063
3.8868	0.795439
3.888	0.795814
3.8892	0.796189
3.8904	0.796565
3.8916	0.79694
3.8928	0.797316
3.894	0.797691
3.8952	0.798066
3.8964	0.798442
3.8976	0.798817
3.8988	0.799193
3.9	0.799568
3.9012	0.799944
3.9024	0.800319
3.9036	0.800695
3.9048	0.80107
3.906	0.801446
3.9072	0.801821
3.9084	0.802197
3.9096	0.802572
3.9108	0.802948
3.912	0.803323
3.9132	0.803699
3.9144	0.804074
3.9156	0.80445
3.9168	0.804825
3.918	0.805201
3.9192	0.805576
3.9204	0.805952
3.9216	0.806328
3.9228	0.806703
3.924	0.807079
3.9252	0.807454
3.9264	0.80783
3.9276	0.808205
3.9288	0.808581
3.93	0.808957
3.9312	0.809332
3.9324	0.809708
3.9336	0.810083
3.9348	0.810459
3.936	0.810835
3.9372	0.81121
3.9384	0.811586
3.9396	0.811962
3.9408	0.812337
3.942	0.812713
3.9432	0.813089
3.9444	0.813464
3.9456	0.81384
3.9468	0.814216
3.948	0.814591
3.9492	0.814967
3.9504	0.815343
3.9516	0.815718
3.9528	0.816094
3.954	0.81647
3.9552	0.816846
3.9564	0.817221
3.9576	0.817597
3.9588	0.817973
3.96	0.818348
3.9612	0.818724
3.9624	0.8191
3.9636	0.819476
3.9648	0.819851
3.966	0.820227
3.9672	0.820603
3.9684	0.820978
3.9696	0.821354
3.9708	0.82173
3.972	0.822106
3.9732	0.822481
3.9744	0.822857
3.9756	0.823233
3.9768	0.823609
3.978	0.823985
3.9792	0.82436
3.9804	0.824736
3.9816	0.825112
3.9828	0.825488
3.984	0.825863
3.9852	0.826239
3.9864	0.826615
3.9876	0.826991
3.9888	0.827366
3.99	0.827742
3.9912	0.828118
3.9924	0.828494
3.9936	0.82887
3.9948	0.829245
3.996	0.829621
3.9972	0.829997
3.9984	0.830373
3.9996	0.830749
4.0008	0.831124
4.002	0.8315
4.0032	0.831876
4.0044	0.832252
4.0056	0.832628
4.0068	0.833003
4.008	0.833379
4.0092	0.833755
4.0104	0.834131
4.0116	0.834507
4.0128	0.834882
4.014	0.835258
4.0152	0.835634
4.0164	0.83601
4.0176	0.836386
4.0188	0.836761
4.02	0.837137
4.0212	0.837513
4.0224	0.837889
4.0236	0.838265
4.0248	0.838641
4.026	0.839016
4.0272	0.839392
4.0284	0.839768
4.0296	0.840144
4.0308	0.84052
4.032	0.840895
4.0332	0.841271
4.0344	0.841647
4.0356	0.842023
4.0368	0.842399
4.038	0.842774
4.0392	0.84315
4.0404	0.843526
4.0416	0.843902
4.0428	0.844278
4.044	0.844653
4.0452	0.845029
4.0464	0.845405
4.0476	0.845781
4.0488	0.846157
4.05	0.846532
4.0512	0.846908
4.0524	0.847284
4.0536	0.84766
4.0548	0.848036
4.056	0.848411
4.0572	0.848787
4.0584	0.849163
4.0596	0.849539
4.0608	0.849914
4.062	0.85029
4.0632	0.850666
4.0644	0.851042
4.0656	0.851418
4.0668	0.851793
4.068	0.852169
4.0692	0.852545
4.0704	0.852921
4.0716	0.853296
4.0728	0.853672
4.074	0.854048
4.0752	0.854424
4.0764	0.854799
4.0776	0.855175
4.0788	0.855551
4.08	0.855927
4.0812	0.856302
4.0824	0.856678
4.0836	0.857054
4.0848	0.857429
4.086	0.857805
4.0872	0.858181
4.0884	0.858557
4.0896	0.858932
4.0908	0.859308
4.092	0.859684
4.0932	0.860059
4.0944	0.860435
4.0956	0.860811
4.0968	0.861186
4.098	0.861562
4.0992	0.861938
4.1004	0.862314
4.1016	0.862689
4.1028	0.863065
4.104	0.863441
4.1052	0.863816
4.1064	0.864192
4.1076	0.864567
4.1088	0.864943
4.11	0.865319
4.1112	0.865694
4.1124	0.86607
4.1136	0.866446
4.1148	0.866821
4.116	0.867197
4.1172	0.867572
4.1184	0.867948
4.1196	0.868324
4.1208	0.868699
4.122	0.869075
4.1232	0.86945
4.1244	0.869826
4.1256	0.870202
4.1268	0.870577
4.128	0.870953
4.1292	0.871328
4.1304	0.871704
4.1316	0.872079
4.1328	0.872455
4.134	0.87283
4.1352	0.873206
4.1364	0.873581
4.1376	0.873957
4.1388	0.874332
4.14	0.874708
4.1412	0.875083
4.1424	0.875459
4.1436	0.875834
4.1448	0.87621
4.146	0.876585
4.1472	0.876961
4.1484	0.877336
4.1496	0.877712
4.1508	0.878087
4.152	0.878462
4.1532	0.878838
4.1544	0.879213
4.1556	0.879589
4.1568	0.879964
4.158	0.88034
4.1592	0.880715
4.1604	0.88109
4.1616	0.881466
4.1628	0.881841
4.164	0.882216
4.1652	0.882592
4.1664	0.882967
4.1676	0.883342
4.1688	0.883718
4.17	0.884093
4.1712	0.884468
4.1724	0.884844
4.1736	0.885219
4.1748	0.885594
4.176	0.885969
4.1772	0.886345
4.1784	0.88672
4.1796	0.887095
4.1808	0.88747
4.182	0.887846
4.1832	0.888221
4.1844	0.888596
4.1856	0.888971
4.1868	0.889347
4.188	0.889722
4.1892	0.890097
4.1904	0.890472
4.1916	0.890847
4.1928	0.891222
4.194	0.891598
4.1952	0.891973
4.1964	0.892348
4.1976	0.892723
4.1988	0.893098
4.2	0.893473
4.2012	0.893848
4.2024	0.894223
4.2036	0.894598
4.2048	0.894973
4.206	0.895348
4.2072	0.895723
4.2084	0.896098
4.2096	0.896473
4.2108	0.896848
4.212	0.897223
4.2132	0.897598
4.2144	0.897973
4.2156	0.898348
4.2168	0.898723
4.218	0.899098
4.2192	0.899473
4.2204	0.899848
4.2216	0.900223
4.2228	0.900598
4.224	0.900973
4.2252	0.901348
4.2264	0.901723
4.2276	0.902097
4.2288	0.902472
4.23	0.902847
4.2312	0.903222
4.2324	0.903597
4.2336	0.903972
4.2348	0.904346
4.236	0.904721
4.2372	0.905096
4.2384	0.905471
4.2396	0.905845
4.2408	0.90622
4.242	0.906595
4.2432	0.906969
4.2444	0.907344
4.2456	0.907719
4.2468	0.908094
4.248	0.908468
4.2492	0.908843
4.2504	0.909217
4.2516	0.909592
4.2528	0.909967
4.254	0.910341
4.2552	0.910716
4.2564	0.91109
4.2576	0.911465
4.2588	0.91184
4.26	0.912214
4.2612	0.912589
4.2624	0.912963
4.2636	0.913338
4.2648	0.913712
4.266	0.914087
4.2672	0.914461
4.2684	0.914835
4.2696	0.91521
4.2708	0.915584
4.272	0.915959
4.2732	0.916333
4.2744	0.916707
4.2756	0.917082
4.2768	0.917456
4.278	0.91783
4.2792	0.918205
4.2804	0.918579
4.2816	0.918953
4.2828	0.919328
4.284	0.919702
4.2852	0.920076
4.2864	0.92045
4.2876	0.920825
4.2888	0.921199
4.29	0.921573
4.2912	0.921947
4.2924	0.922321
4.2936	0.922696
4.2948	0.92307
4.296	0.923444
4.2972	0.923818
4.2984	0.924192
4.2996	0.924566
4.3008	0.92494
4.302	0.925314
4.3032	0.925688
4.3044	0.926062
4.3056	0.926436
4.3068	0.92681
4.308	0.927184
4.3092	0.927558
4.3104	0.927932
4.3116	0.928306
4.3128	0.92868
4.314	0.929054
4.3152	0.929428
4.3164	0.929802
4.3176	0.930175
4.3188	0.930549
4.32	0.930923
4.3212	0.931297
4.3224	0.931671
4.3236	0.932044
4.3248	0.932418
4.326	0.932792
4.3272	0.933166
4.3284	0.933539
4.3296	0.933913
4.3308	0.934287
4.332	0.93466
4.3332	0.935034
4.3344	0.935408
4.3356	0.935781
4.3368	0.936155
4.338	0.936528
4.3392	0.936902
4.3404	0.937275
4.3416	0.937649
4.3428	0.938022
4.344	0.938396
4.3452	0.938769
4.3464	0.939143
4.3476	0.939516
4.3488	0.93989
4.35	0.940263
4.3512	0.940636
4.3524	0.94101
4.3536	0.941383
4.3548	0.941756
4.356	0.94213
4.3572	0.942503
4.3584	0.942876
4.3596	0.94325
4.3608	0.943623
4.362	0.943996
4.3632	0.944369
4.3644	0.944742
4.3656	0.945116
4.3668	0.945489
4.368	0.945862
4.3692	0.946235
4.3704	0.946608
4.3716	0.946981
4.3728	0.947354
4.374	0.947727
4.3752	0.9481
4.3764	0.948473
4.3776	0.948846
4.3788	0.949219
4.38	0.949592
4.3812	0.949965
4.3824	0.950338
4.3836	0.950711
4.3848	0.951084
4.386	0.951457
4.3872	0.951829
4.3884	0.952202
4.3896	0.952575
4.3908	0.952948
4.392	0.95332
4.3932	0.953693
4.3944	0.954066
4.3956	0.954439
4.3968	0.954811
4.398	0.955184
4.3992	0.955557
4.4004	0.955929
4.4016	0.956302
4.4028	0.956674
4.404	0.957047
4.4052	0.957419
4.4064	0.957792
4.4076	0.958164
4.4088	0.958537
4.41	0.958909
4.4112	0.959282
4.4124	0.959654
4.4136	0.960027
4.4148	0.960399
4.416	0.960771
4.4172	0.961144
4.4184	0.961516
4.4196	0.961888
4.4208	0.96226
4.422	0.962633
4.4232	0.963005
4.4244	0.963377
4.4256	0.963749
4.4268	0.964121
4.428	0.964494
4.4292	0.964866
4.4304	0.965238
4.4316	0.96561
4.4328	0.965982
4.434	0.966354
4.4352	0.966726
4.4364	0.967098
4.4376	0.96747
4.4388	0.967842
4.44	0.968214
4.4412	0.968586
4.4424	0.968958
4.4436	0.969329
4.4448	0.969701
4.446	0.970073
4.4472	0.970445
4.4484	0.970817
4.4496	0.971188
4.4508	0.97156
4.452	0.971932
4.4532	0.972303
4.4544	0.972675
4.4556	0.973047
4.4568	0.973418
4.458	0.97379
4.4592	0.974162
4.4604	0.974533
4.4616	0.974905
4.4628	0.975276
4.464	0.975648
4.4652	0.976019
4.4664	0.97639
4.4676	0.976762
4.4688	0.977133
4.47	0.977505
4.4712	0.977876
4.4724	0.978247
4.4736	0.978618
4.4748	0.97899
4.476	0.979361
4.4772	0.979732
4.4784	0.980103
4.4796	0.980475
4.4808	0.980846
4.482	0.981217
4.4832	0.981588
4.4844	0.981959
4.4856	0.98233
4.4868	0.982701
4.488	0.983072
4.4892	0.983443
4.4904	0.983814
4.4916	0.984185
4.4928	0.984556
4.494	0.984927
4.4952	0.985297
4.4964	0.985668
4.4976	0.986039
4.4988	0.98641
4.5	0.986781
4.5012	0.987151
4.5024	0.987522
4.5036	0.987893
4.5048	0.988263
4.506	0.988634
4.5072	0.989005
4.5084	0.989375
4.5096	0.989746
4.5108	0.990116
4.512	0.990487
4.5132	0.990857
4.5144	0.991228
4.5156	0.991598
4.5168	0.991968
4.518	0.992339
4.5192	0.992709
4.5204	0.99308
4.5216	0.99345
4.5228	0.99382
4.524	0.99419
4.5252	0.994561
4.5264	0.994931
4.5276	0.995301
4.5288	0.995671
4.53	0.996041
4.5312	0.996411
4.5324	0.996781
4.5336	0.997151
4.5348	0.997521
4.536	0.997891
4.5372	0.998261
4.5384	0.998631
4.5396	0.999001
4.5408	0.999371
4.542	0.999741
4.5432	1.00011
4.5444	1.00048
4.5456	1.00085
4.5468	1.00122
4.548	1.00159
4.5492	1.00196
4.5504	1.00233
4.5516	1.0027
4.5528	1.00307
4.554	1.00344
4.5552	1.00381
4.5564	1.00418
4.5576	1.00455
4.5588	1.00492
4.56	1.00529
4.5612	1.00565
4.5624	1.00602
4.5636	1.00639
4.5648	1.00676
4.566	1.00713
4.5672	1.0075
4.5684	1.00787
4.5696	1.00824
4.5708	1.00861
4.572	1.00898
4.5732	1.00935
4.5744	1.00972
4.5756	1.01009
4.5768	1.01045
4.578	1.01082
4.5792	1.01119
4.5804	1.01156
4.5816	1.01193
4.5828	1.0123
4.584	1.01267
4.5852	1.01304
4.5864	1.01341
4.5876	1.01377
4.5888	1.01414
4.59	1.01451
4.5912	1.01488
4.5924	1.01525
4.5936	1.01562
4.5948	1.01599
4.596	1.01636
4.5972	1.01672
4.5984	1.01709
4.5996	1.01746
4.6008	1.01783
4.602	1.0182
4.6032	1.01857
4.6044	1.01893
4.6056	1.0193
4.6068	1.01967
4.608	1.02004
4.6092	1.02041
4.6104	1.02078
4.6116	1.02114
4.6128	1.02151
4.614	1.02188
4.6152	1.02225
4.6164	1.02262
4.6176	1.02298
4.6188	1.02335
4.62	1.02372
4.6212	1.02409
4.6224	1.02446
4.6236	1.02482
4.6248	1.02519
4.626	1.02556
4.6272	1.02593
4.6284	1.0263
4.6296	1.02666
4.6308	1.02703
4.632	1.0274
4.6332	1.02777
4.6344	1.02813
4.6356	1.0285
4.6368	1.02887
4.638	1.02924
4.6392	1.0296
4.6404	1.02997
4.6416	1.03034
4.6428	1.03071
4.644	1.03107
4.6452	1.03144
4.6464	1.03181
4.6476	1.03218
4.6488	1.03254
4.65	1.03291
4.6512	1.03328
4.6524	1.03364
4.6536	1.03401
4.6548	1.03438
4.656	1.03475
4.6572	1.03511
4.6584	1.03548
4.6596	1.03585
4.6608	1.03621
4.662	1.03658
4.6632	1.03695
4.6644	1.03731
4.6656	1.03768
4.6668	1.03805
4.668	1.03841
4.6692	1.03878
4.6704	1.03915
4.6716	1.03951
4.6728	1.03988
4.674	1.04025
4.6752	1.04061
4.6764	1.04098
4.6776	1.04135
4.6788	1.04171
4.68	1.04208
4.6812	1.04245
4.6824	1.04281
4.6836	1.04318
4.6848	1.04354
4.686	1.04391
4.6872	1.04428
4.6884	1.04464
4.6896	1.04501
4.6908	1.04538
4.692	1.04574
4.6932	1.04611
4.6944	1.04647
4.6956	1.04684
4.6968	1.04721
4.698	1.04757
4.6992	1.04794
4.7004	1.0483
4.7016	1.04867
4.7028	1.04903
4.704	1.0494
4.7052	1.04977
4.7064	1.05013
4.7076	1.0505
4.7088	1.05086
4.71	1.05123
4.7112	1.05159
4.7124	1.05196
4.7136	1.05232
4.7148	1.05269
4.716	1.05306
4.7172	1.05342
4.7184	1.05379
4.7196	1.05415
4.7208	1.05452
4.722	1.05488
4.7232	1.05525
4.7244	1.05561
4.7256	1.05598
4.7268	1.05634
4.728	1.05671
4.7292	1.05707
4.7304	1.05744
4.7316	1.0578
4.7328	1.05817
4.734	1.05853
4.7352	1.0589
4.7364	1.05926
4.7376	1.05963
4.7388	1.05999
4.74	1.06036
4.7412	1.06072
4.7424	1.06108
4.7436	1.06145
4.7448	1.06181
4.746	1.06218
4.7472	1.06254
4.7484	1.06291
4.7496	1.06327
4.7508	1.06364
4.752	1.064
4.7532	1.06436
4.7544	1.06473
4.7556	1.06509
4.7568	1.06546
4.758	1.06582
4.7592	1.06619
4.7604	1.06655
4.7616	1.06691
4.7628	1.06728
4.764	1.06764
4.7652	1.06801
4.7664	1.06837
4.7676	1.06873
4.7688	1.0691
4.77	1.06946
4.7712	1.06982
4.7724	1.07019
4.7736	1.07055
4.7748	1.07092
4.776	1.07128
4.7772	1.07164
4.7784	1.07201
4.7796	1.07237
4.7808	1.07273
4.782	1.0731
4.7832	1.07346
4.7844	1.07382
4.7856	1.07419
4.7868	1.07455
4.788	1.07491
4.7892	1.07528
4.7904	1.07564
4.7916	1.076
4.7928	1.07636
4.794	1.07673
4.7952	1.07709
4.7964	1.07745
4.7976	1.07782
4.7988	1.07818
4.8	1.07854
4.8012	1.0789
4.8024	1.07927
4.8036	1.07963
4.8048	1.07999
4.806	1.08036
4.8072	1.08072
4.8084	1.08108
4.8096	1.08144
4.8108	1.08181
4.812	1.08217
4.8132	1.08253
4.8144	1.08289
4.8156	1.08325
4.8168	1.08362
4.818	1.08398
4.8192	1.08434
4.8204	1.0847
4.8216	1.08507
4.8228	1.08543
4.824	1.08579
4.8252	1.08615
4.8264	1.08651
4.8276	1.08688
4.8288	1.08724
4.83	1.0876
4.8312	1.08796
4.8324	1.08832
4.8336	1.08868
4.8348	1.08905
4.836	1.08941
4.8372	1.08977
4.8384	1.09013
4.8396	1.09049
4.8408	1.09085
4.842	1.09122
4.8432	1.09158
4.8444	1.09194
4.8456	1.0923
4.8468	1.09266
4.848	1.09302
4.8492	1.09338
4.8504	1.09374
4.8516	1.09411
4.8528	1.09447
4.854	1.09483
4.8552	1.09519
4.8564	1.09555
4.8576	1.09591
4.8588	1.09627
4.86	1.09663
4.8612	1.09699
4.8624	1.09735
4.8636	1.09771
4.8648	1.09808
4.866	1.09844
4.8672	1.0988
4.8684	1.09916
4.8696	1.09952
4.8708	1.09988
4.872	1.10024
4.8732	1.1006
4.8744	1.10096
4.8756	1.10132
4.8768	1.10168
4.878	1.10204
4.8792	1.1024
4.8804	1.10276
4.8816	1.10312
4.8828	1.10348
4.884	1.10384
4.8852	1.1042
4.8864	1.10456
4.8876	1.10492
4.8888	1.10528
4.89	1.10564
4.8912	1.106
4.8924	1.10636
4.8936	1.10672
4.8948	1.10708
4.896	1.10744
4.8972	1.1078
4.8984	1.10816
4.8996	1.10852
4.9008	1.10888
4.902	1.10923
4.9032	1.10959
4.9044	1.10995
4.9056	1.11031
4.9068	1.11067
4.908	1.11103
4.9092	1.11139
4.9104	1.11175
4.9116	1.11211
4.9128	1.11247
4.914	1.11283
4.9152	1.11318
4.9164	1.11354
4.9176	1.1139
4.9188	1.11426
4.92	1.11462
4.9212	1.11498
4.9224	1.11534
4.9236	1.1157
4.9248	1.11605
4.926	1.11641
4.9272	1.11677
4.9284	1.11713
4.9296	1.11749
4.9308	1.11785
4.932	1.1182
4.9332	1.11856
4.9344	1.11892
4.9356	1.11928
4.9368	1.11964
4.938	1.12
4.9392	1.12035
4.9404	1.12071
4.9416	1.12107
4.9428	1.12143
4.944	1.12179
4.9452	1.12214
4.9464	1.1225
4.9476	1.12286
4.9488	1.12322
4.95	1.12357
4.9512	1.12393
4.9524	1.12429
4.9536	1.12465
4.9548	1.125
4.956	1.12536
4.9572	1.12572
4.9584	1.12608
4.9596	1.12643
4.9608	1.12679
4.962	1.12715
4.9632	1.1275
4.9644	1.12786
4.9656	1.12822
4.9668	1.12858
4.968	1.12893
4.9692	1.12929
4.9704	1.12965
4.9716	1.13
4.9728	1.13036
4.974	1.13072
4.9752	1.13107
4.9764	1.13143
4.9776	1.13179
4.9788	1.13214
4.98	1.1325
4.9812	1.13286
4.9824	1.13321
4.9836	1.13357
4.9848	1.13392
4.986	1.13428
4.9872	1.13464
4.9884	1.13499
4.9896	1.13535
4.9908	1.13571
4.992	1.13606
4.9932	1.13642
4.9944	1.13677
4.9956	1.13713
4.9968	1.13749
4.998	1.13784
4.9992	1.1382
5.0004	1.13855
5.0016	1.13891
5.0028	1.13926
5.004	1.13962
5.0052	1.13997
5.0064	1.14033
5.0076	1.14069
5.0088	1.14104
5.01	1.1414
5.0112	1.14175
5.0124	1.14211
5.0136	1.14246
5.0148	1.14282
5.016	1.14317
5.0172	1.14353
5.0184	1.14388
5.0196	1.14424
5.0208	1.14459
5.022	1.14495
5.0232	1.1453
5.0244	1.14566
5.0256	1.14601
5.0268	1.14637
5.028	1.14672
5.0292	1.14708
5.0304	1.14743
5.0316	1.14778
5.0328	1.14814
5.034	1.14849
5.0352	1.14885
5.0364	1.1492
5.0376	1.14956
5.0388	1.14991
5.04	1.15026
5.0412	1.15062
5.0424	1.15097
5.0436	1.15133
5.0448	1.15168
5.046	1.15203
5.0472	1.15239
5.0484	1.15274
5.0496	1.1531
5.0508	1.15345
5.052	1.1538
5.0532	1.15416
5.0544	1.15451
5.0556	1.15486
5.0568	1.15522
5.058	1.15557
5.0592	1.15592
5.0604	1.15628
5.0616	1.15663
5.0628	1.15698
5.064	1.15734
5.0652	1.15769
5.0664	1.15804
5.0676	1.1584
5.0688	1.15875
5.07	1.1591
5.0712	1.15945
5.0724	1.15981
5.0736	1.16016
5.0748	1.16051
5.076	1.16087
5.0772	1.16122
5.0784	1.16157
5.0796	1.16192
5.0808	1.16228
5.082	1.16263
5.0832	1.16298
5.0844	1.16333
5.0856	1.16369
5.0868	1.16404
5.088	1.16439
5.0892	1.16474
5.0904	1.16509
5.0916	1.16545
5.0928	1.1658
5.094	1.16615
5.0952	1.1665
5.0964	1.16685
5.0976	1.16721
5.0988	1.16756
5.1	1.16791
5.1012	1.16826
5.1024	1.16861
5.1036	1.16896
5.1048	1.16932
5.106	1.16967
5.1072	1.17002
5.1084	1.17037
5.1096	1.17072
5.1108	1.17107
5.112	1.17142
5.1132	1.17177
5.1144	1.17213
5.1156	1.17248
5.1168	1.17283
5.118	1.17318
5.1192	1.17353
5.1204	1.17388
5.1216	1.17423
5.1228	1.17458
5.124	1.17493
5.1252	1.17528
5.1264	1.17563
5.1276	1.17598
5.1288	1.17633
5.13	1.17668
5.1312	1.17704
5.1324	1.17739
5.1336	1.17774
5.1348	1.17809
5.136	1.17844
5.1372	1.17879
5.1384	1.17914
5.1396	1.17949
5.1408	1.17984
5.142	1.18019
5.1432	1.18054
5.1444	1.18089
5.1456	1.18124
5.1468	1.18159
5.148	1.18193
5.1492	1.18228
5.1504	1.18263
5.1516	1.18298
5.1528	1.18333
5.154	1.18368
5.1552	1.18403
5.1564	1.18438
5.1576	1.18473
5.1588	1.18508
5.16	1.18543
5.1612	1.18578
5.1624	1.18613
5.1636	1.18648
5.1648	1.18682
5.166	1.18717
5.1672	1.18752
5.1684	1.18787
5.1696	1.18822
5.1708	1.18857
5.172	1.18892
5.1732	1.18926
5.1744	1.18961
5.1756	1.18996
5.1768	1.19031
5.178	1.19066
5.1792	1.19101
5.1804	1.19136
5.1816	1.1917
5.1828	1.19205
5.184	1.1924
5.1852	1.19275
5.1864	1.1931
5.1876	1.19344
5.1888	1.19379
5.19	1.19414
5.1912	1.19449
5.1924	1.19483
5.1936	1.19518
5.1948	1.19553
5.196	1.19588
5.1972	1.19622
5.1984	1.19657
5.1996	1.19692
5.2008	1.19727
5.202	1.19761
5.2032	1.19796
5.2044	1.19831
5.2056	1.19866
5.2068	1.199
5.208	1.19935
5.2092	1.1997
5.2104	1.20004
5.2116	1.20039
5.2128	1.20074
5.214	1.20108
5.2152	1.20143
5.2164	1.20178
5.2176	1.20212
5.2188	1.20247
5.22	1.20282
5.2212	1.20316
5.2224	1.20351
5.2236	1.20386
5.2248	1.2042
5.226	1.20455
5.2272	1.20489
5.2284	1.20524
5.2296	1.20559
5.2308	1.20593
5.232	1.20628
5.2332	1.20662
5.2344	1.20697
5.2356	1.20732
5.2368	1.20766
5.238	1.20801
5.2392	1.20835
5.2404	1.2087
5.2416	1.20904
5.2428	1.20939
5.244	1.20973
5.2452	1.21008
5.2464	1.21042
5.2476	1.21077
5.2488	1.21111
5.25	1.21146
5.2512	1.2118
5.2524	1.21215
5.2536	1.21249
5.2548	1.21284
5.256	1.21318
5.2572	1.21353
5.2584	1.21387
5.2596	1.21422
5.2608	1.21456
5.262	1.21491
5.2632	1.21525
5.2644	1.2156
5.2656	1.21594
5.2668	1.21628
5.268	1.21663
5.2692	1.21697
5.2704	1.21732
5.2716	1.21766
5.2728	1.21801
5.274	1.21835
5.2752	1.21869
5.2764	1.21904
5.2776	1.21938
5.2788	1.21972
5.28	1.22007
5.2812	1.22041
5.2824	1.22076
5.2836	1.2211
5.2848	1.22144
5.286	1.22179
5.2872	1.22213
5.2884	1.22247
5.2896	1.22282
5.2908	1.22316
5.292	1.2235
5.2932	1.22384
5.2944	1.22419
5.2956	1.22453
5.2968	1.22487
5.298	1.22522
5.2992	1.22556
5.3004	1.2259
5.3016	1.22624
5.3028	1.22659
5.304	1.22693
5.3052	1.22727
5.3064	1.22761
5.3076	1.22796
5.3088	1.2283
5.31	1.22864
5.3112	1.22898
5.3124	1.22933
5.3136	1.22967
5.3148	1.23001
5.316	1.23035
5.3172	1.23069
5.3184	1.23104
5.3196	1.23138
5.3208	1.23172
5.322	1.23206
5.3232	1.2324
5.3244	1.23274
5.3256	1.23309
5.3268	1.23343
5.328	1.23377
5.3292	1.23411
5.3304	1.23445
5.3316	1.23479
5.3328	1.23513
5.334	1.23547
5.3352	1.23582
5.3364	1.23616
5.3376	1.2365
5.3388	1.23684
5.34	1.23718
5.3412	1.23752
5.3424	1.23786
5.3436	1.2382
5.3448	1.23854
5.346	1.23888
5.3472	1.23922
5.3484	1.23956
5.3496	1.2399
5.3508	1.24024
5.352	1.24058
5.3532	1.24092
5.3544	1.24126
5.3556	1.2416
5.3568	1.24194
5.358	1.24228
5.3592	1.24262
5.3604	1.24296
5.3616	1.2433
5.3628	1.24364
5.364	1.24398
5.3652	1.24432
5.3664	1.24466
5.3676	1.245
5.3688	1.24534
5.37	1.24568
5.3712	1.24602
5.3724	1.24636
5.3736	1.2467
5.3748	1.24704
5.376	1.24738
5.3772	1.24771
5.3784	1.24805
5.3796	1.24839
5.3808	1.24873
5.382	1.24907
5.3832	1.24941
5.3844	1.24975
5.3856	1.25009
5.3868	1.25042
5.388	1.25076
5.3892	1.2511
5.3904	1.25144
5.3916	1.25178
5.3928	1.25212
5.394	1.25245
5.3952	1.25279
5.3964	1.25313
5.3976	1.25347
5.3988	1.25381
5.4	1.25414
5.4012	1.25448
5.4024	1.25482
5.4036	1.25516
5.4048	1.25549
5.406	1.25583
5.4072	1.25617
5.4084	1.25651
5.4096	1.25684
5.4108	1.25718
5.412	1.25752
5.4132	1.25786
5.4144	1.25819
5.4156	1.25853
5.4168	1.25887
5.418	1.2592
5.4192	1.25954
5.4204	1.25988
5.4216	1.26021
5.4228	1.26055
5.424	1.26089
5.4252	1.26122
5.4264	1.26156
5.4276	1.2619
5.4288	1.26223
5.43	1.26257
5.4312	1.26291
5.4324	1.26324
5.4336	1.26358
5.4348	1.26391
5.436	1.26425
5.4372	1.26459
5.4384	1.26492
5.4396	1.26526
5.4408	1.26559
5.442	1.26593
5.4432	1.26627
5.4444	1.2666
5.4456	1.26694
5.4468	1.26727
5.448	1.26761
5.4492	1.26794
5.4504	1.26828
5.4516	1.26861
5.4528	1.26895
5.454	1.26928
5.4552	1.26962
5.4564	1.26995
5.4576	1.27029
5.4588	1.27062
5.46	1.27096
5.4612	1.27129
5.4624	1.27163
5.4636	1.27196
5.4648	1.2723
5.466	1.27263
5.4672	1.27297
5.4684	1.2733
5.4696	1.27363
5.4708	1.27397
5.472	1.2743
5.4732	1.27464
5.4744	1.27497
5.4756	1.2753
5.4768	1.27564
5.478	1.27597
5.4792	1.27631
5.4804	1.27664
5.4816	1.27697
5.4828	1.27731
5.484	1.27764
5.4852	1.27797
5.4864	1.27831
5.4876	1.27864
5.4888	1.27897
5.49	1.27931
5.4912	1.27964
5.4924	1.27997
5.4936	1.28031
5.4948	1.28064
5.496	1.28097
5.4972	1.28131
5.4984	1.28164
5.4996	1.28197
5.5008	1.2823
5.502	1.28264
5.5032	1.28297
5.5044	1.2833
5.5056	1.28363
5.5068	1.28397
5.508	1.2843
5.5092	1.28463
5.5104	1.28496
5.5116	1.28529
5.5128	1.28563
5.514	1.28596
5.5152	1.28629
5.5164	1.28662
5.5176	1.28695
5.5188	1.28729
5.52	1.28762
5.5212	1.28795
5.5224	1.28828
5.5236	1.28861
5.5248	1.28894
5.526	1.28927
5.5272	1.28961
5.5284	1.28994
5.5296	1.29027
5.5308	1.2906
5.532	1.29093
5.5332	1.29126
5.5344	1.29159
5.5356	1.29192
5.5368	1.29225
5.538	1.29258
5.5392	1.29291
5.5404	1.29325
5.5416	1.29358
5.5428	1.29391
5.544	1.29424
5.5452	1.29457
5.5464	1.2949
5.5476	1.29523
5.5488	1.29556
5.55	1.29589
5.5512	1.29622
5.5524	1.29655
5.5536	1.29688
5.5548	1.29721
5.556	1.29754
5.5572	1.29787
5.5584	1.2982
5.5596	1.29853
5.5608	1.29885
5.562	1.29918
5.5632	1.29951
5.5644	1.29984
5.5656	1.30017
5.5668	1.3005
5.568	1.30083
5.5692	1.30116
5.5704	1.30149
5.5716	1.30182
5.5728	1.30215
5.574	1.30247
5.5752	1.3028
5.5764	1.30313
5.5776	1.30346
5.5788	1.30379
5.58	1.30412
5.5812	1.30445
5.5824	1.30477
5.5836	1.3051
5.5848	1.30543
5.586	1.30576
5.5872	1.30609
5.5884	1.30641
5.5896	1.30674
5.5908	1.30707
5.592	1.3074
5.5932	1.30773
5.5944	1.30805
5.5956	1.30838
5.5968	1.30871
5.598	1.30904
5.5992	1.30936
5.6004	1.30969
5.6016	1.31002
5.6028	1.31034
5.604	1.31067
5.6052	1.311
5.6064	1.31133
5.6076	1.31165
5.6088	1.31198
5.61	1.31231
5.6112	1.31263
5.6124	1.31296
5.6136	1.31329
5.6148	1.31361
5.616	1.31394
5.6172	1.31427
5.6184	1.31459
5.6196	1.31492
5.6208	1.31524
5.622	1.31557
5.6232	1.3159
5.6244	1.31622
5.6256	1.31655
5.6268	1.31687
5.628	1.3172
5.6292	1.31753
5.6304	1.31785
5.6316	1.31818
5.6328	1.3185
5.634	1.31883
5.6352	1.31915
5.6364	1.31948
5.6376	1.3198
5.6388	1.32013
5.64	1.32045
5.6412	1.32078
5.6424	1.3211
5.6436	1.32143
5.6448	1.32175
5.646	1.32208
5.6472	1.3224
5.6484	1.32273
5.6496	1.32305
5.6508	1.32338
5.652	1.3237
5.6532	1.32403
5.6544	1.32435
5.6556	1.32467
5.6568	1.325
5.658	1.32532
5.6592	1.32565
5.6604	1.32597
5.6616	1.32629
5.6628	1.32662
5.664	1.32694
5.6652	1.32727
5.6664	1.32759
5.6676	1.32791
5.6688	1.32824
5.67	1.32856
5.6712	1.32888
5.6724	1.32921
5.6736	1.32953
5.6748	1.32985
5.676	1.33018
5.6772	1.3305
5.6784	1.33082
5.6796	1.33115
5.6808	1.33147
5.682	1.33179
5.6832	1.33211
5.6844	1.33244
5.6856	1.33276
5.6868	1.33308
5.688	1.3334
5.6892	1.33373
5.6904	1.33405
5.6916	1.33437
5.6928	1.33469
5.694	1.33501
5.6952	1.33534
5.6964	1.33566
5.6976	1.33598
5.6988	1.3363
5.7	1.33662
5.7012	1.33695
5.7024	1.33727
5.7036	1.33759
5.7048	1.33791
5.706	1.33823
5.7072	1.33855
5.7084	1.33887
5.7096	1.3392
5.7108	1.33952
5.712	1.33984
5.7132	1.34016
5.7144	1.34048
5.7156	1.3408
5.7168	1.34112
5.718	1.34144
5.7192	1.34176
5.7204	1.34208
5.7216	1.3424
5.7228	1.34272
5.724	1.34304
5.7252	1.34336
5.7264	1.34368
5.7276	1.34401
5.7288	1.34433
5.73	1.34465
5.7312	1.34497
5.7324	1.34529
5.7336	1.3456
5.7348	1.34592
5.736	1.34624
5.7372	1.34656
5.7384	1.34688
5.7396	1.3472
5.7408	1.34752
5.742	1.34784
5.7432	1.34816
5.7444	1.34848
5.7456	1.3488
5.7468	1.34912
5.748	1.34944
5.7492	1.34976
5.7504	1.35008
5.7516	1.35039
5.7528	1.35071
5.754	1.35103
5.7552	1.35135
5.7564	1.35167
5.7576	1.35199
5.7588	1.35231
5.76	1.35262
5.7612	1.35294
5.7624	1.35326
5.7636	1.35358
5.7648	1.3539
5.766	1.35421
5.7672	1.35453
5.7684	1.35485
5.7696	1.35517
5.7708	1.35548
5.772	1.3558
5.7732	1.35612
5.7744	1.35644
5.7756	1.35675
5.7768	1.35707
5.778	1.35739
5.7792	1.35771
5.7804	1.35802
5.7816	1.35834
5.7828	1.35866
5.784	1.35897
5.7852	1.35929
5.7864	1.35961
5.7876	1.35992
5.7888	1.36024
5.79	1.36056
5.7912	1.36087
5.7924	1.36119
5.7936	1.36151
5.7948	1.36182
5.796	1.36214
5.7972	1.36246
5.7984	1.36277
5.7996	1.36309
5.8008	1.3634
5.802	1.36372
5.8032	1.36404
5.8044	1.36435
5.8056	1.36467
5.8068	1.36498
5.808	1.3653
5.8092	1.36561
5.8104	1.36593
5.8116	1.36624
5.8128	1.36656
5.814	1.36687
5.8152	1.36719
5.8164	1.3675
5.8176	1.36782
5.8188	1.36813
5.82	1.36845
5.8212	1.36876
5.8224	1.36908
5.8236	1.36939
5.8248	1.36971
5.826	1.37002
5.8272	1.37034
5.8284	1.37065
5.8296	1.37096
5.8308	1.37128
5.832	1.37159
5.8332	1.37191
5.8344	1.37222
5.8356	1.37253
5.8368	1.37285
5.838	1.37316
5.8392	1.37348
5.8404	1.37379
5.8416	1.3741
5.8428	1.37442
5.844	1.37473
5.8452	1.37504
5.8464	1.37536
5.8476	1.37567
5.8488	1.37598
5.85	1.37629
5.8512	1.37661
5.8524	1.37692
5.8536	1.37723
5.8548	1.37755
5.856	1.37786
5.8572	1.37817
5.8584	1.37848
5.8596	1.3788
5.8608	1.37911
5.862	1.37942
5.8632	1.37973
5.8644	1.38004
5.8656	1.38036
5.8668	1.38067
5.868	1.38098
5.8692	1.38129
5.8704	1.3816
5.8716	1.38192
5.8728	1.38223
5.874	1.38254
5.8752	1.38285
5.8764	1.38316
5.8776	1.38347
5.8788	1.38378
5.88	1.3841
5.8812	1.38441
5.8824	1.38472
5.8836	1.38503
5.8848	1.38534
5.886	1.38565
5.8872	1.38596
5.8884	1.38627
5.8896	1.38658
5.8908	1.38689
5.892	1.3872
5.8932	1.38751
5.8944	1.38782
5.8956	1.38814
5.8968	1.38845
5.898	1.38876
5.8992	1.38907
5.9004	1.38938
5.9016	1.38969
5.9028	1.39
5.904	1.3903
5.9052	1.39061
5.9064	1.39092
5.9076	1.39123
5.9088	1.39154
5.91	1.39185
5.9112	1.39216
5.9124	1.39247
5.9136	1.39278
5.9148	1.39309
5.916	1.3934
5.9172	1.39371
5.9184	1.39402
5.9196	1.39432
5.9208	1.39463
5.922	1.39494
5.9232	1.39525
5.9244	1.39556
5.9256	1.39587
5.9268	1.39618
5.928	1.39648
5.9292	1.39679
5.9304	1.3971
5.9316	1.39741
5.9328	1.39772
5.934	1.39802
5.9352	1.39833
5.9364	1.39864
5.9376	1.39895
5.9388	1.39926
5.94	1.39956
5.9412	1.39987
5.9424	1.40018
5.9436	1.40049
5.9448	1.40079
5.946	1.4011
5.9472	1.40141
5.9484	1.40171
5.9496	1.40202
5.9508	1.40233
5.952	1.40263
5.9532	1.40294
5.9544	1.40325
5.9556	1.40355
5.9568	1.40386
5.958	1.40417
5.9592	1.40447
5.9604	1.40478
5.9616	1.40509
5.9628	1.40539
5.964	1.4057
5.9652	1.406
5.9664	1.40631
5.9676	1.40662
5.9688	1.40692
5.97	1.40723
5.9712	1.40753
5.9724	1.40784
5.9736	1.40815
5.9748	1.40845
5.976	1.40876
5.9772	1.40906
5.9784	1.40937
5.9796	1.40967
5.9808	1.40998
5.982	1.41028
5.9832	1.41059
5.9844	1.41089
5.9856	1.4112
5.9868	1.4115
5.988	1.41181
5.9892	1.41211
5.9904	1.41241
5.9916	1.41272
5.9928	1.41302
5.994	1.41333
5.9952	1.41363
5.9964	1.41394
5.9976	1.41424
5.9988	1.41454
6	1.41485
