0	0.0560907
0.0012	0.0560908
0.0024	0.056091
0.0036	0.0560915
0.0048	0.0560921
0.006	0.0560929
0.0072	0.0560939
0.0084	0.0560951
0.0096	0.0560965
0.0108	0.056098
0.012	0.0560997
0.0132	0.0561016
0.0144	0.0561037
0.0156	0.0561059
0.0168	0.0561084
0.018	0.056111
0.0192	0.0561138
0.0204	0.0561167
0.0216	0.0561199
0.0228	0.0561232
0.024	0.0561267
0.0252	0.0561304
0.0264	0.0561343
0.0276	0.0561384
0.0288	0.0561426
0.03	0.056147
0.0312	0.0561516
0.0324	0.0561564
0.0336	0.0561614
0.0348	0.0561665
0.036	0.0561718
0.0372	0.0561773
0.0384	0.056183
0.0396	0.0561889
0.0408	0.0561949
0.042	0.0562011
0.0432	0.0562075
0.0444	0.0562141
0.0456	0.0562209
0.0468	0.0562278
0.048	0.0562349
0.0492	0.0562422
0.0504	0.0562497
0.0516	0.0562574
0.0528	0.0562652
0.054	0.0562732
0.0552	0.0562814
0.0564	0.0562898
0.0576	0.0562984
0.0588	0.0563071
0.06	0.0563161
0.0612	0.0563252
0.0624	0.0563344
0.0636	0.0563439
0.0648	0.0563536
0.066	0.0563634
0.0672	0.0563734
0.0684	0.0563836
0.0696	0.0563939
0.0708	0.0564045
0.072	0.0564152
0.0732	0.0564261
0.0744	0.0564372
0.0756	0.0564485
0.0768	0.0564599
0.078	0.0564715
0.0792	0.0564834
0.0804	0.0564953
0.0816	0.0565075
0.0828	0.0565199
0.084	0.0565324
0.0852	0.0565451
0.0864	0.056558
0.0876	0.0565711
0.0888	0.0565843
0.09	0.0565977
0.0912	0.0566113
0.0924	0.0566251
0.0936	0.0566391
0.0948	0.0566533
0.096	0.0566676
0.0972	0.0566821
0.0984	0.0566968
0.0996	0.0567117
0.1008	0.0567267
0.102	0.0567419
0.1032	0.0567573
0.1044	0.0567729
0.1056	0.0567887
0.1068	0.0568047
0.108	0.0568208
0.1092	0.0568371
0.1104	0.0568536
0.1116	0.0568703
0.1128	0.0568871
0.114	0.0569042
0.1152	0.0569214
0.1164	0.0569388
0.1176	0.0569563
0.1188	0.0569741
0.12	0.056992
0.1212	0.0570101
0.1224	0.0570284
0.1236	0.0570469
0.1248	0.0570655
0.126	0.0570844
0.1272	0.0571034
0.1284	0.0571226
0.1296	0.057142
0.1308	0.0571615
0.132	0.0571812
0.1332	0.0572012
0.1344	0.0572213
0.1356	0.0572415
0.1368	0.057262
0.138	0.0572826
0.1392	0.0573034
0.1404	0.0573244
0.1416	0.0573456
0.1428	0.0573669
0.144	0.0573885
0.1452	0.0574102
0.1464	0.0574321
0.1476	0.0574542
0.1488	0.0574764
0.15	0.0574988
0.1512	0.0575215
0.1524	0.0575443
0.1536	0.0575672
0.1548	0.0575904
0.156	0.0576137
0.1572	0.0576372
0.1584	0.0576609
0.1596	0.0576848
0.1608	0.0577088
0.162	0.0577331
0.1632	0.0577575
0.1644	0.0577821
0.1656	0.0578068
0.1668	0.0578318
0.168	0.0578569
0.1692	0.0578822
0.1704	0.0579077
0.1716	0.0579334
0.1728	0.0579593
0.174	0.0579853
0.1752	0.0580115
0.1764	0.0580379
0.1776	0.0580645
0.1788	0.0580912
0.18	0.0581181
0.1812	0.0581452
0.1824	0.0581725
0.1836	0.0582
0.1848	0.0582277
0.186	0.0582555
0.1872	0.0582835
0.1884	0.0583117
0.1896	0.05834
0.1908	0.0583686
0.192	0.0583973
0.1932	0.0584262
0.1944	0.0584553
0.1956	0.0584846
0.1968	0.058514
0.198	0.0585436
0.1992	0.0585735
0.2004	0.0586034
0.2016	0.0586336
0.2028	0.0586639
0.204	0.0586945
0.2052	0.0587252
0.2064	0.0587561
0.2076	0.0587871
0.2088	0.0588184
0.21	0.0588498
0.2112	0.0588814
0.2124	0.0589132
0.2136	0.0589451
0.2148	0.0589773
0.216	0.0590096
0.2172	0.0590421
0.2184	0.0590748
0.2196	0.0591076
0.2208	0.0591407
0.222	0.0591739
0.2232	0.0592073
0.2244	0.0592409
0.2256	0.0592746
0.2268	0.0593085
0.228	0.0593427
0.2292	0.059377
0.2304	0.0594114
0.2316	0.0594461
0.2328	0.0594809
0.234	0.0595159
0.2352	0.0595511
0.2364	0.0595865
0.2376	0.059622
0.2388	0.0596578
0.24	0.0596937
0.2412	0.0597298
0.2424	0.059766
0.2436	0.0598025
0.2448	0.0598391
0.246	0.0598759
0.2472	0.0599129
0.2484	0.0599501
0.2496	0.0599874
0.2508	0.0600249
0.252	0.0600626
0.2532	0.0601005
0.2544	0.0601386
0.2556	0.0601768
0.2568	0.0602152
0.258	0.0602538
0.2592	0.0602926
0.2604	0.0603316
0.2616	0.0603707
0.2628	0.06041
0.264	0.0604495
0.2652	0.0604892
0.2664	0.060529
0.2676	0.0605691
0.2688	0.0606093
0.27	0.0606497
0.2712	0.0606902
0.2724	0.060731
0.2736	0.0607719
0.2748	0.060813
0.276	0.0608543
0.2772	0.0608958
0.2784	0.0609374
0.2796	0.0609792
0.2808	0.0610212
0.282	0.0610634
0.2832	0.0611058
0.2844	0.0611483
0.2856	0.061191
0.2868	0.0612339
0.288	0.061277
0.2892	0.0613203
0.2904	0.0613637
0.2916	0.0614073
0.2928	0.0614511
0.294	0.0614951
0.2952	0.0615392
0.2964	0.0615836
0.2976	0.0616281
0.2988	0.0616728
0.3	0.0617176
0.3012	0.0617627
0.3024	0.0618079
0.3036	0.0618533
0.3048	0.0618989
0.306	0.0619446
0.3072	0.0619906
0.3084	0.0620367
0.3096	0.062083
0.3108	0.0621294
0.312	0.0621761
0.3132	0.0622229
0.3144	0.0622699
0.3156	0.0623171
0.3168	0.0623645
0.318	0.062412
0.3192	0.0624598
0.3204	0.0625077
0.3216	0.0625558
0.3228	0.062604
0.324	0.0626525
0.3252	0.0627011
0.3264	0.0627499
0.3276	0.0627989
0.3288	0.062848
0.33	0.0628973
0.3312	0.0629468
0.3324	0.0629965
0.3336	0.0630464
0.3348	0.0630965
0.336	0.0631467
0.3372	0.0631971
0.3384	0.0632477
0.3396	0.0632984
0.3408	0.0633494
0.342	0.0634005
0.3432	0.0634518
0.3444	0.0635033
0.3456	0.0635549
0.3468	0.0636067
0.348	0.0636587
0.3492	0.0637109
0.3504	0.0637633
0.3516	0.0638158
0.3528	0.0638686
0.354	0.0639215
0.3552	0.0639745
0.3564	0.0640278
0.3576	0.0640812
0.3588	0.0641349
0.36	0.0641886
0.3612	0.0642426
0.3624	0.0642968
0.3636	0.0643511
0.3648	0.0644056
0.366	0.0644603
0.3672	0.0645151
0.3684	0.0645702
0.3696	0.0646254
0.3708	0.0646808
0.372	0.0647364
0.3732	0.0647921
0.3744	0.064848
0.3756	0.0649042
0.3768	0.0649604
0.378	0.0650169
0.3792	0.0650735
0.3804	0.0651304
0.3816	0.0651874
0.3828	0.0652445
0.384	0.0653019
0.3852	0.0653594
0.3864	0.0654171
0.3876	0.065475
0.3888	0.0655331
0.39	0.0655913
0.3912	0.0656497
0.3924	0.0657083
0.3936	0.0657671
0.3948	0.0658261
0.396	0.0658852
0.3972	0.0659445
0.3984	0.066004
0.3996	0.0660637
0.4008	0.0661235
0.402	0.0661835
0.4032	0.0662437
0.4044	0.0663041
0.4056	0.0663647
0.4068	0.0664254
0.408	0.0664863
0.4092	0.0665474
0.4104	0.0666087
0.4116	0.0666701
0.4128	0.0667317
0.414	0.0667935
0.4152	0.0668555
0.4164	0.0669176
0.4176	0.06698
0.4188	0.0670425
0.42	0.0671052
0.4212	0.067168
0.4224	0.0672311
0.4236	0.0672943
0.4248	0.0673577
0.426	0.0674212
0.4272	0.067485
0.4284	0.0675489
0.4296	0.067613
0.4308	0.0676773
0.432	0.0677418
0.4332	0.0678064
0.4344	0.0678712
0.4356	0.0679362
0.4368	0.0680014
0.438	0.0680667
0.4392	0.0681322
0.4404	0.0681979
0.4416	0.0682638
0.4428	0.0683299
0.444	0.0683961
0.4452	0.0684625
0.4464	0.0685291
0.4476	0.0685958
0.4488	0.0686628
0.45	0.0687299
0.4512	0.0687972
0.4524	0.0688647
0.4536	0.0689323
0.4548	0.0690001
0.456	0.0690681
0.4572	0.0691363
0.4584	0.0692047
0.4596	0.0692732
0.4608	0.0693419
0.462	0.0694108
0.4632	0.0694798
0.4644	0.0695491
0.4656	0.0696185
0.4668	0.0696881
0.468	0.0697579
0.4692	0.0698278
0.4704	0.0698979
0.4716	0.0699682
0.4728	0.0700387
0.474	0.0701094
0.4752	0.0701802
0.4764	0.0702512
0.4776	0.0703224
0.4788	0.0703937
0.48	0.0704653
0.4812	0.070537
0.4824	0.0706089
0.4836	0.0706809
0.4848	0.0707532
0.486	0.0708256
0.4872	0.0708982
0.4884	0.070971
0.4896	0.0710439
0.4908	0.071117
0.492	0.0711903
0.4932	0.0712638
0.4944	0.0713375
0.4956	0.0714113
0.4968	0.0714853
0.498	0.0715595
0.4992	0.0716338
0.5004	0.0717084
0.5016	0.0717831
0.5028	0.071858
0.504	0.071933
0.5052	0.0720083
0.5064	0.0720837
0.5076	0.0721593
0.5088	0.0722351
0.51	0.072311
0.5112	0.0723871
0.5124	0.0724634
0.5136	0.0725399
0.5148	0.0726165
0.516	0.0726934
0.5172	0.0727704
0.5184	0.0728475
0.5196	0.0729249
0.5208	0.0730024
0.522	0.0730801
0.5232	0.073158
0.5244	0.0732361
0.5256	0.0733143
0.5268	0.0733927
0.528	0.0734713
0.5292	0.07355
0.5304	0.073629
0.5316	0.0737081
0.5328	0.0737874
0.534	0.0738668
0.5352	0.0739465
0.5364	0.0740263
0.5376	0.0741063
0.5388	0.0741865
0.54	0.0742668
0.5412	0.0743473
0.5424	0.074428
0.5436	0.0745089
0.5448	0.0745899
0.546	0.0746711
0.5472	0.0747525
0.5484	0.0748341
0.5496	0.0749158
0.5508	0.0749978
0.552	0.0750799
0.5532	0.0751621
0.5544	0.0752446
0.5556	0.0753272
0.5568	0.07541
0.558	0.075493
0.5592	0.0755761
0.5604	0.0756594
0.5616	0.0757429
0.5628	0.0758266
0.564	0.0759105
0.5652	0.0759945
0.5664	0.0760787
0.5676	0.0761631
0.5688	0.0762476
0.57	0.0763323
0.5712	0.0764172
0.5724	0.0765023
0.5736	0.0765876
0.5748	0.076673
0.576	0.0767586
0.5772	0.0768444
0.5784	0.0769303
0.5796	0.0770164
0.5808	0.0771027
0.582	0.0771892
0.5832	0.0772759
0.5844	0.0773627
0.5856	0.0774497
0.5868	0.0775369
0.588	0.0776242
0.5892	0.0777117
0.5904	0.0777994
0.5916	0.0778873
0.5928	0.0779753
0.594	0.0780636
0.5952	0.078152
0.5964	0.0782405
0.5976	0.0783293
0.5988	0.0784182
0.6	0.0785073
0.6012	0.0785966
0.6024	0.078686
0.6036	0.0787756
0.6048	0.0788654
0.606	0.0789554
0.6072	0.0790455
0.6084	0.0791358
0.6096	0.0792263
0.6108	0.079317
0.612	0.0794078
0.6132	0.0794988
0.6144	0.07959
0.6156	0.0796814
0.6168	0.0797729
0.618	0.0798646
0.6192	0.0799565
0.6204	0.0800486
0.6216	0.0801408
0.6228	0.0802332
0.624	0.0803258
0.6252	0.0804185
0.6264	0.0805115
0.6276	0.0806046
0.6288	0.0806979
0.63	0.0807913
0.6312	0.0808849
0.6324	0.0809787
0.6336	0.0810727
0.6348	0.0811668
0.636	0.0812612
0.6372	0.0813557
0.6384	0.0814503
0.6396	0.0815452
0.6408	0.0816402
0.642	0.0817354
0.6432	0.0818307
0.6444	0.0819263
0.6456	0.082022
0.6468	0.0821179
0.648	0.0822139
0.6492	0.0823101
0.6504	0.0824065
0.6516	0.0825031
0.6528	0.0825999
0.654	0.0826968
0.6552	0.0827939
0.6564	0.0828912
0.6576	0.0829886
0.6588	0.0830862
0.66	0.083184
0.6612	0.083282
0.6624	0.0833801
0.6636	0.0834784
0.6648	0.0835769
0.666	0.0836756
0.6672	0.0837744
0.6684	0.0838734
0.6696	0.0839726
0.6708	0.0840719
0.672	0.0841714
0.6732	0.0842711
0.6744	0.084371
0.6756	0.084471
0.6768	0.0845713
0.678	0.0846716
0.6792	0.0847722
0.6804	0.0848729
0.6816	0.0849738
0.6828	0.0850749
0.684	0.0851762
0.6852	0.0852776
0.6864	0.0853792
0.6876	0.085481
0.6888	0.0855829
0.69	0.085685
0.6912	0.0857873
0.6924	0.0858898
0.6936	0.0859924
0.6948	0.0860952
0.696	0.0861982
0.6972	0.0863013
0.6984	0.0864047
0.6996	0.0865082
0.7008	0.0866118
0.702	0.0867157
0.7032	0.0868197
0.7044	0.0869239
0.7056	0.0870282
0.7068	0.0871327
0.708	0.0872375
0.7092	0.0873423
0.7104	0.0874474
0.7116	0.0875526
0.7128	0.087658
0.714	0.0877635
0.7152	0.0878693
0.7164	0.0879752
0.7176	0.0880813
0.7188	0.0881875
0.72	0.0882939
0.7212	0.0884005
0.7224	0.0885073
0.7236	0.0886142
0.7248	0.0887214
0.726	0.0888286
0.7272	0.0889361
0.7284	0.0890437
0.7296	0.0891515
0.7308	0.0892595
0.732	0.0893676
0.7332	0.0894759
0.7344	0.0895844
0.7356	0.0896931
0.7368	0.0898019
0.738	0.0899109
0.7392	0.0900201
0.7404	0.0901294
0.7416	0.0902389
0.7428	0.0903486
0.744	0.0904585
0.7452	0.0905685
0.7464	0.0906787
0.7476	0.0907891
0.7488	0.0908996
0.75	0.0910103
0.7512	0.0911212
0.7524	0.0912323
0.7536	0.0913435
0.7548	0.0914549
0.756	0.0915665
0.7572	0.0916782
0.7584	0.0917901
0.7596	0.0919022
0.7608	0.0920145
0.762	0.0921269
0.7632	0.0922395
0.7644	0.0923523
0.7656	0.0924652
0.7668	0.0925783
0.768	0.0926916
0.7692	0.092805
0.7704	0.0929187
0.7716	0.0930325
0.7728	0.0931464
0.774	0.0932606
0.7752	0.0933749
0.7764	0.0934893
0.7776	0.093604
0.7788	0.0937188
0.78	0.0938338
0.7812	0.093949
0.7824	0.0940643
0.7836	0.0941798
0.7848	0.0942955
0.786	0.0944113
0.7872	0.0945273
0.7884	0.0946435
0.7896	0.0947598
0.7908	0.0948764
0.792	0.094993
0.7932	0.0951099
0.7944	0.0952269
0.7956	0.0953441
0.7968	0.0954615
0.798	0.0955791
0.7992	0.0956968
0.8004	0.0958147
0.8016	0.0959327
0.8028	0.0960509
0.804	0.0961693
0.8052	0.0962879
0.8064	0.0964066
0.8076	0.0965255
0.8088	0.0966446
0.81	0.0967638
0.8112	0.0968833
0.8124	0.0970028
0.8136	0.0971226
0.8148	0.0972425
0.816	0.0973626
0.8172	0.0974829
0.8184	0.0976033
0.8196	0.0977239
0.8208	0.0978447
0.822	0.0979656
0.8232	0.0980867
0.8244	0.098208
0.8256	0.0983294
0.8268	0.0984511
0.828	0.0985728
0.8292	0.0986948
0.8304	0.0988169
0.8316	0.0989392
0.8328	0.0990617
0.834	0.0991843
0.8352	0.0993071
0.8364	0.0994301
0.8376	0.0995532
0.8388	0.0996765
0.84	0.0998
0.8412	0.0999237
0.8424	0.100047
0.8436	0.100171
0.8448	0.100296
0.846	0.10042
0.8472	0.100544
0.8484	0.100669
0.8496	0.100794
0.8508	0.100919
0.852	0.101044
0.8532	0.101169
0.8544	0.101295
0.8556	0.101421
0.8568	0.101546
0.858	0.101672
0.8592	0.101799
0.8604	0.101925
0.8616	0.102051
0.8628	0.102178
0.864	0.102305
0.8652	0.102432
0.8664	0.102559
0.8676	0.102687
0.8688	0.102814
0.87	0.102942
0.8712	0.10307
0.8724	0.103198
0.8736	0.103326
0.8748	0.103454
0.876	0.103583
0.8772	0.103712
0.8784	0.10384
0.8796	0.103969
0.8808	0.104099
0.882	0.104228
0.8832	0.104358
0.8844	0.104487
0.8856	0.104617
0.8868	0.104747
0.888	0.104877
0.8892	0.105008
0.8904	0.105138
0.8916	0.105269
0.8928	0.1054
0.894	0.105531
0.8952	0.105662
0.8964	0.105794
0.8976	0.105925
0.8988	0.106057
0.9	0.106189
0.9012	0.106321
0.9024	0.106453
0.9036	0.106585
0.9048	0.106718
0.906	0.106851
0.9072	0.106984
0.9084	0.107117
0.9096	0.10725
0.9108	0.107383
0.912	0.107517
0.9132	0.107651
0.9144	0.107785
0.9156	0.107919
0.9168	0.108053
0.918	0.108187
0.9192	0.108322
0.9204	0.108456
0.9216	0.108591
0.9228	0.108726
0.924	0.108862
0.9252	0.108997
0.9264	0.109133
0.9276	0.109268
0.9288	0.109404
0.93	0.10954
0.9312	0.109677
0.9324	0.109813
0.9336	0.10995
0.9348	0.110086
0.936	0.110223
0.9372	0.11036
0.9384	0.110497
0.9396	0.110635
0.9408	0.110772
0.942	0.11091
0.9432	0.111048
0.9444	0.111186
0.9456	0.111324
0.9468	0.111463
0.948	0.111601
0.9492	0.11174
0.9504	0.111879
0.9516	0.112018
0.9528	0.112157
0.954	0.112297
0.9552	0.112436
0.9564	0.112576
0.9576	0.112716
0.9588	0.112856
0.96	0.112996
0.9612	0.113136
0.9624	0.113277
0.9636	0.113418
0.9648	0.113559
0.966	0.1137
0.9672	0.113841
0.9684	0.113982
0.9696	0.114124
0.9708	0.114265
0.972	0.114407
0.9732	0.114549
0.9744	0.114691
0.9756	0.114834
0.9768	0.114976
0.978	0.115119
0.9792	0.115262
0.9804	0.115405
0.9816	0.115548
0.9828	0.115692
0.984	0.115835
0.9852	0.115979
0.9864	0.116123
0.9876	0.116267
0.9888	0.116411
0.99	0.116555
0.9912	0.1167
0.9924	0.116844
0.9936	0.116989
0.9948	0.117134
0.996	0.117279
0.9972	0.117425
0.9984	0.11757
0.9996	0.117716
1.0008	0.117862
1.002	0.118008
1.0032	0.118154
1.0044	0.1183
1.0056	0.118447
1.0068	0.118593
1.008	0.11874
1.0092	0.118887
1.0104	0.119034
1.0116	0.119182
1.0128	0.119329
1.014	0.119477
1.0152	0.119624
1.0164	0.119772
1.0176	0.119921
1.0188	0.120069
1.02	0.120217
1.0212	0.120366
1.0224	0.120515
1.0236	0.120664
1.0248	0.120813
1.026	0.120962
1.0272	0.121111
1.0284	0.121261
1.0296	0.121411
1.0308	0.121561
1.032	0.121711
1.0332	0.121861
1.0344	0.122012
1.0356	0.122162
1.0368	0.122313
1.038	0.122464
1.0392	0.122615
1.0404	0.122766
1.0416	0.122917
1.0428	0.123069
1.044	0.123221
1.0452	0.123373
1.0464	0.123525
1.0476	0.123677
1.0488	0.123829
1.05	0.123982
1.0512	0.124135
1.0524	0.124287
1.0536	0.12444
1.0548	0.124594
1.056	0.124747
1.0572	0.1249
1.0584	0.125054
1.0596	0.125208
1.0608	0.125362
1.062	0.125516
1.0632	0.12567
1.0644	0.125825
1.0656	0.12598
1.0668	0.126134
1.068	0.126289
1.0692	0.126445
1.0704	0.1266
1.0716	0.126755
1.0728	0.126911
1.074	0.127067
1.0752	0.127223
1.0764	0.127379
1.0776	0.127535
1.0788	0.127692
1.08	0.127848
1.0812	0.128005
1.0824	0.128162
1.0836	0.128319
1.0848	0.128476
1.086	0.128634
1.0872	0.128791
1.0884	0.128949
1.0896	0.129107
1.0908	0.129265
1.092	0.129423
1.0932	0.129581
1.0944	0.12974
1.0956	0.129899
1.0968	0.130057
1.098	0.130216
1.0992	0.130376
1.1004	0.130535
1.1016	0.130695
1.1028	0.130854
1.104	0.131014
1.1052	0.131174
1.1064	0.131334
1.1076	0.131494
1.1088	0.131655
1.11	0.131816
1.1112	0.131976
1.1124	0.132137
1.1136	0.132298
1.1148	0.13246
1.116	0.132621
1.1172	0.132783
1.1184	0.132945
1.1196	0.133106
1.1208	0.133269
1.122	0.133431
1.1232	0.133593
1.1244	0.133756
1.1256	0.133918
1.1268	0.134081
1.128	0.134244
1.1292	0.134408
1.1304	0.134571
1.1316	0.134734
1.1328	0.134898
1.134	0.135062
1.1352	0.135226
1.1364	0.13539
1.1376	0.135554
1.1388	0.135719
1.14	0.135884
1.1412	0.136048
1.1424	0.136213
1.1436	0.136378
1.1448	0.136544
1.146	0.136709
1.1472	0.136875
1.1484	0.137041
1.1496	0.137206
1.1508	0.137373
1.152	0.137539
1.1532	0.137705
1.1544	0.137872
1.1556	0.138038
1.1568	0.138205
1.158	0.138372
1.1592	0.13854
1.1604	0.138707
1.1616	0.138874
1.1628	0.139042
1.164	0.13921
1.1652	0.139378
1.1664	0.139546
1.1676	0.139714
1.1688	0.139883
1.17	0.140051
1.1712	0.14022
1.1724	0.140389
1.1736	0.140558
1.1748	0.140728
1.176	0.140897
1.1772	0.141067
1.1784	0.141236
1.1796	0.141406
1.1808	0.141576
1.182	0.141746
1.1832	0.141917
1.1844	0.142087
1.1856	0.142258
1.1868	0.142429
1.188	0.1426
1.1892	0.142771
1.1904	0.142942
1.1916	0.143114
1.1928	0.143285
1.194	0.143457
1.1952	0.143629
1.1964	0.143801
1.1976	0.143974
1.1988	0.144146
1.2	0.144319
1.2012	0.144491
1.2024	0.144664
1.2036	0.144837
1.2048	0.145011
1.206	0.145184
1.2072	0.145357
1.2084	0.145531
1.2096	0.145705
1.2108	0.145879
1.212	0.146053
1.2132	0.146227
1.2144	0.146402
1.2156	0.146577
1.2168	0.146751
1.218	0.146926
1.2192	0.147101
1.2204	0.147277
1.2216	0.147452
1.2228	0.147628
1.224	0.147803
1.2252	0.147979
1.2264	0.148155
1.2276	0.148331
1.2288	0.148508
1.23	0.148684
1.2312	0.148861
1.2324	0.149038
1.2336	0.149215
1.2348	0.149392
1.236	0.149569
1.2372	0.149747
1.2384	0.149924
1.2396	0.150102
1.2408	0.15028
1.242	0.150458
1.2432	0.150636
1.2444	0.150815
1.2456	0.150993
1.2468	0.151172
1.248	0.151351
1.2492	0.15153
1.2504	0.151709
1.2516	0.151888
1.2528	0.152068
1.254	0.152247
1.2552	0.152427
1.2564	0.152607
1.2576	0.152787
1.2588	0.152967
1.26	0.153148
1.2612	0.153328
1.2624	0.153509
1.2636	0.15369
1.2648	0.153871
1.266	0.154052
1.2672	0.154234
1.2684	0.154415
1.2696	0.154597
1.2708	0.154779
1.272	0.154961
1.2732	0.155143
1.2744	0.155325
1.2756	0.155507
1.2768	0.15569
1.278	0.155873
1.2792	0.156056
1.2804	0.156239
1.2816	0.156422
1.2828	0.156605
1.284	0.156789
1.2852	0.156972
1.2864	0.157156
1.2876	0.15734
1.2888	0.157524
1.29	0.157709
1.2912	0.157893
1.2924	0.158078
1.2936	0.158262
1.2948	0.158447
1.296	0.158632
1.2972	0.158818
1.2984	0.159003
1.2996	0.159188
1.3008	0.159374
1.302	0.15956
1.3032	0.159746
1.3044	0.159932
1.3056	0.160118
1.3068	0.160305
1.308	0.160491
1.3092	0.160678
1.3104	0.160865
1.3116	0.161052
1.3128	0.161239
1.314	0.161427
1.3152	0.161614
1.3164	0.161802
1.3176	0.16199
1.3188	0.162178
1.32	0.162366
1.3212	0.162554
1.3224	0.162743
1.3236	0.162931
1.3248	0.16312
1.326	0.163309
1.3272	0.163498
1.3284	0.163687
1.3296	0.163876
1.3308	0.164066
1.332	0.164256
1.3332	0.164445
1.3344	0.164635
1.3356	0.164825
1.3368	0.165016
1.338	0.165206
1.3392	0.165397
1.3404	0.165587
1.3416	0.165778
1.3428	0.165969
1.344	0.166161
1.3452	0.166352
1.3464	0.166543
1.3476	0.166735
1.3488	0.166927
1.35	0.167119
1.3512	0.167311
1.3524	0.167503
1.3536	0.167695
1.3548	0.167888
1.356	0.168081
1.3572	0.168274
1.3584	0.168467
1.3596	0.16866
1.3608	0.168853
1.362	0.169047
1.3632	0.16924
1.3644	0.169434
1.3656	0.169628
1.3668	0.169822
1.368	0.170016
1.3692	0.170211
1.3704	0.170405
1.3716	0.1706
1.3728	0.170795
1.374	0.170989
1.3752	0.171185
1.3764	0.17138
1.3776	0.171575
1.3788	0.171771
1.38	0.171967
1.3812	0.172163
1.3824	0.172359
1.3836	0.172555
1.3848	0.172751
1.386	0.172948
1.3872	0.173144
1.3884	0.173341
1.3896	0.173538
1.3908	0.173735
1.392	0.173932
1.3932	0.17413
1.3944	0.174327
1.3956	0.174525
1.3968	0.174723
1.398	0.174921
1.3992	0.175119
1.4004	0.175317
1.4016	0.175516
1.4028	0.175714
1.404	0.175913
1.4052	0.176112
1.4064	0.176311
1.4076	0.17651
1.4088	0.176709
1.41	0.176909
1.4112	0.177108
1.4124	0.177308
1.4136	0.177508
1.4148	0.177708
1.416	0.177908
1.4172	0.178109
1.4184	0.178309
1.4196	0.17851
1.4208	0.178711
1.422	0.178912
1.4232	0.179113
1.4244	0.179314
1.4256	0.179516
1.4268	0.179717
1.428	0.179919
1.4292	0.180121
1.4304	0.180323
1.4316	0.180525
1.4328	0.180727
1.434	0.18093
1.4352	0.181132
1.4364	0.181335
1.4376	0.181538
1.4388	0.181741
1.44	0.181944
1.4412	0.182148
1.4424	0.182351
1.4436	0.182555
1.4448	0.182759
1.446	0.182963
1.4472	0.183167
1.4484	0.183371
1.4496	0.183575
1.4508	0.18378
1.452	0.183985
1.4532	0.184189
1.4544	0.184394
1.4556	0.184599
1.4568	0.184805
1.458	0.18501
1.4592	0.185216
1.4604	0.185421
1.4616	0.185627
1.4628	0.185833
1.464	0.18604
1.4652	0.186246
1.4664	0.186452
1.4676	0.186659
1.4688	0.186866
1.47	0.187073
1.4712	0.18728
1.4724	0.187487
1.4736	0.187694
1.4748	0.187902
1.476	0.188109
1.4772	0.188317
1.4784	0.188525
1.4796	0.188733
1.4808	0.188941
1.482	0.18915
1.4832	0.189358
1.4844	0.189567
1.4856	0.189776
1.4868	0.189985
1.488	0.190194
1.4892	0.190403
1.4904	0.190612
1.4916	0.190822
1.4928	0.191032
1.494	0.191241
1.4952	0.191451
1.4964	0.191661
1.4976	0.191872
1.4988	0.192082
1.5	0.192293
1.5012	0.192503
1.5024	0.192714
1.5036	0.192925
1.5048	0.193136
1.506	0.193348
1.5072	0.193559
1.5084	0.193771
1.5096	0.193982
1.5108	0.194194
1.512	0.194406
1.5132	0.194618
1.5144	0.194831
1.5156	0.195043
1.5168	0.195256
1.518	0.195468
1.5192	0.195681
1.5204	0.195894
1.5216	0.196108
1.5228	0.196321
1.524	0.196534
1.5252	0.196748
1.5264	0.196962
1.5276	0.197176
1.5288	0.19739
1.53	0.197604
1.5312	0.197818
1.5324	0.198033
1.5336	0.198247
1.5348	0.198462
1.536	0.198677
1.5372	0.198892
1.5384	0.199107
1.5396	0.199322
1.5408	0.199538
1.542	0.199754
1.5432	0.199969
1.5444	0.200185
1.5456	0.200401
1.5468	0.200618
1.548	0.200834
1.5492	0.20105
1.5504	0.201267
1.5516	0.201484
1.5528	0.201701
1.554	0.201918
1.5552	0.202135
1.5564	0.202352
1.5576	0.20257
1.5588	0.202787
1.56	0.203005
1.5612	0.203223
1.5624	0.203441
1.5636	0.203659
1.5648	0.203878
1.566	0.204096
1.5672	0.204315
1.5684	0.204534
1.5696	0.204753
1.5708	0.204972
1.572	0.205191
1.5732	0.20541
1.5744	0.20563
1.5756	0.205849
1.5768	0.206069
1.578	0.206289
1.5792	0.206509
1.5804	0.206729
1.5816	0.20695
1.5828	0.20717
1.584	0.207391
1.5852	0.207611
1.5864	0.207832
1.5876	0.208053
1.5888	0.208275
1.59	0.208496
1.5912	0.208717
1.5924	0.208939
1.5936	0.209161
1.5948	0.209383
1.596	0.209605
1.5972	0.209827
1.5984	0.210049
1.5996	0.210272
1.6008	0.210494
1.602	0.210717
1.6032	0.21094
1.6044	0.211163
1.6056	0.211386
1.6068	0.21161
1.608	0.211833
1.6092	0.212057
1.6104	0.21228
1.6116	0.212504
1.6128	0.212728
1.614	0.212952
1.6152	0.213177
1.6164	0.213401
1.6176	0.213626
1.6188	0.21385
1.62	0.214075
1.6212	0.2143
1.6224	0.214525
1.6236	0.214751
1.6248	0.214976
1.626	0.215202
1.6272	0.215427
1.6284	0.215653
1.6296	0.215879
1.6308	0.216105
1.632	0.216332
1.6332	0.216558
1.6344	0.216785
1.6356	0.217011
1.6368	0.217238
1.638	0.217465
1.6392	0.217692
1.6404	0.217919
1.6416	0.218147
1.6428	0.218374
1.644	0.218602
1.6452	0.21883
1.6464	0.219058
1.6476	0.219286
1.6488	0.219514
1.65	0.219742
1.6512	0.219971
1.6524	0.220199
1.6536	0.220428
1.6548	0.220657
1.656	0.220886
1.6572	0.221115
1.6584	0.221345
1.6596	0.221574
1.6608	0.221804
1.662	0.222034
1.6632	0.222263
1.6644	0.222493
1.6656	0.222724
1.6668	0.222954
1.668	0.223184
1.6692	0.223415
1.6704	0.223646
1.6716	0.223876
1.6728	0.224107
1.674	0.224339
1.6752	0.22457
1.6764	0.224801
1.6776	0.225033
1.6788	0.225264
1.68	0.225496
1.6812	0.225728
1.6824	0.22596
1.6836	0.226192
1.6848	0.226425
1.686	0.226657
1.6872	0.22689
1.6884	0.227123
1.6896	0.227356
1.6908	0.227589
1.692	0.227822
1.6932	0.228055
1.6944	0.228289
1.6956	0.228522
1.6968	0.228756
1.698	0.22899
1.6992	0.229224
1.7004	0.229458
1.7016	0.229692
1.7028	0.229927
1.704	0.230161
1.7052	0.230396
1.7064	0.230631
1.7076	0.230866
1.7088	0.231101
1.71	0.231336
1.7112	0.231571
1.7124	0.231807
1.7136	0.232042
1.7148	0.232278
1.716	0.232514
1.7172	0.23275
1.7184	0.232986
1.7196	0.233223
1.7208	0.233459
1.722	0.233696
1.7232	0.233932
1.7244	0.234169
1.7256	0.234406
1.7268	0.234643
1.728	0.234881
1.7292	0.235118
1.7304	0.235356
1.7316	0.235593
1.7328	0.235831
1.734	0.236069
1.7352	0.236307
1.7364	0.236545
1.7376	0.236784
1.7388	0.237022
1.74	0.237261
1.7412	0.2375
1.7424	0.237738
1.7436	0.237977
1.7448	0.238217
1.746	0.238456
1.7472	0.238695
1.7484	0.238935
1.7496	0.239175
1.7508	0.239414
1.752	0.239654
1.7532	0.239894
1.7544	0.240135
1.7556	0.240375
1.7568	0.240616
1.758	0.240856
1.7592	0.241097
1.7604	0.241338
1.7616	0.241579
1.7628	0.24182
1.764	0.242061
1.7652	0.242303
1.7664	0.242544
1.7676	0.242786
1.7688	0.243028
1.77	0.24327
1.7712	0.243512
1.7724	0.243754
1.7736	0.243996
1.7748	0.244239
1.776	0.244482
1.7772	0.244724
1.7784	0.244967
1.7796	0.24521
1.7808	0.245453
1.782	0.245697
1.7832	0.24594
1.7844	0.246184
1.7856	0.246427
1.7868	0.246671
1.788	0.246915
1.7892	0.247159
1.7904	0.247403
1.7916	0.247648
1.7928	0.247892
1.794	0.248137
1.7952	0.248382
1.7964	0.248627
1.7976	0.248872
1.7988	0.249117
1.8	0.249362
1.8012	0.249607
1.8024	0.249853
1.8036	0.250099
1.8048	0.250344
1.806	0.25059
1.8072	0.250836
1.8084	0.251083
1.8096	0.251329
1.8108	0.251575
1.812	0.251822
1.8132	0.252069
1.8144	0.252315
1.8156	0.252562
1.8168	0.25281
1.818	0.253057
1.8192	0.253304
1.8204	0.253552
1.8216	0.253799
1.8228	0.254047
1.824	0.254295
1.8252	0.254543
1.8264	0.254791
1.8276	0.255039
1.8288	0.255288
1.83	0.255536
1.8312	0.255785
1.8324	0.256034
1.8336	0.256283
1.8348	0.256532
1.836	0.256781
1.8372	0.25703
1.8384	0.25728
1.8396	0.257529
1.8408	0.257779
1.842	0.258029
1.8432	0.258279
1.8444	0.258529
1.8456	0.258779
1.8468	0.25903
1.848	0.25928
1.8492	0.259531
1.8504	0.259782
1.8516	0.260032
1.8528	0.260284
1.854	0.260535
1.8552	0.260786
1.8564	0.261037
1.8576	0.261289
1.8588	0.26154
1.86	0.261792
1.8612	0.262044
1.8624	0.262296
1.8636	0.262548
1.8648	0.262801
1.866	0.263053
1.8672	0.263306
1.8684	0.263558
1.8696	0.263811
1.8708	0.264064
1.872	0.264317
1.8732	0.26457
1.8744	0.264824
1.8756	0.265077
1.8768	0.265331
1.878	0.265584
1.8792	0.265838
1.8804	0.266092
1.8816	0.266346
1.8828	0.266601
1.884	0.266855
1.8852	0.267109
1.8864	0.267364
1.8876	0.267619
1.8888	0.267874
1.89	0.268129
1.8912	0.268384
1.8924	0.268639
1.8936	0.268894
1.8948	0.26915
1.896	0.269405
1.8972	0.269661
1.8984	0.269917
1.8996	0.270173
1.9008	0.270429
1.902	0.270685
1.9032	0.270942
1.9044	0.271198
1.9056	0.271455
1.9068	0.271712
1.908	0.271968
1.9092	0.272225
1.9104	0.272483
1.9116	0.27274
1.9128	0.272997
1.914	0.273255
1.9152	0.273512
1.9164	0.27377
1.9176	0.274028
1.9188	0.274286
1.92	0.274544
1.9212	0.274802
1.9224	0.275061
1.9236	0.275319
1.9248	0.275578
1.926	0.275837
1.9272	0.276096
1.9284	0.276355
1.9296	0.276614
1.9308	0.276873
1.932	0.277133
1.9332	0.277392
1.9344	0.277652
1.9356	0.277911
1.9368	0.278171
1.938	0.278431
1.9392	0.278692
1.9404	0.278952
1.9416	0.279212
1.9428	0.279473
1.944	0.279733
1.9452	0.279994
1.9464	0.280255
1.9476	0.280516
1.9488	0.280777
1.95	0.281038
1.9512	0.2813
1.9524	0.281561
1.9536	0.281823
1.9548	0.282085
1.956	0.282347
1.9572	0.282609
1.9584	0.282871
1.9596	0.283133
1.9608	0.283395
1.962	0.283658
1.9632	0.28392
1.9644	0.284183
1.9656	0.284446
1.9668	0.284709
1.968	0.284972
1.9692	0.285235
1.9704	0.285499
1.9716	0.285762
1.9728	0.286026
1.974	0.28629
1.9752	0.286553
1.9764	0.286817
1.9776	0.287082
1.9788	0.287346
1.98	0.28761
1.9812	0.287875
1.9824	0.288139
1.9836	0.288404
1.9848	0.288669
1.986	0.288934
1.9872	0.289199
1.9884	0.289464
1.9896	0.289729
1.9908	0.289995
1.992	0.29026
1.9932	0.290526
1.9944	0.290792
1.9956	0.291058
1.9968	0.291324
1.998	0.29159
1.9992	0.291856
2.0004	0.292123
2.0016	0.292389
2.0028	0.292656
2.004	0.292923
2.0052	0.29319
2.0064	0.293457
2.0076	0.293724
2.0088	0.293991
2.01	0.294258
2.0112	0.294526
2.0124	0.294793
2.0136	0.295061
2.0148	0.295329
2.016	0.295597
2.0172	0.295865
2.0184	0.296133
2.0196	0.296402
2.0208	0.29667
2.022	0.296939
2.0232	0.297208
2.0244	0.297476
2.0256	0.297745
2.0268	0.298014
2.028	0.298284
2.0292	0.298553
2.0304	0.298822
2.0316	0.299092
2.0328	0.299362
2.034	0.299631
2.0352	0.299901
2.0364	0.300171
2.0376	0.300441
2.0388	0.300712
2.04	0.300982
2.0412	0.301253
2.0424	0.301523
2.0436	0.301794
2.0448	0.302065
2.046	0.302336
2.0472	0.302607
2.0484	0.302878
2.0496	0.30315
2.0508	0.303421
2.052	0.303693
2.0532	0.303964
2.0544	0.304236
2.0556	0.304508
2.0568	0.30478
2.058	0.305052
2.0592	0.305324
2.0604	0.305597
2.0616	0.305869
2.0628	0.306142
2.064	0.306415
2.0652	0.306688
2.0664	0.306961
2.0676	0.307234
2.0688	0.307507
2.07	0.30778
2.0712	0.308054
2.0724	0.308327
2.0736	0.308601
2.0748	0.308875
2.076	0.309149
2.0772	0.309423
2.0784	0.309697
2.0796	0.309971
2.0808	0.310246
2.082	0.31052
2.0832	0.310795
2.0844	0.31107
2.0856	0.311345
2.0868	0.31162
2.088	0.311895
2.0892	0.31217
2.0904	0.312445
2.0916	0.312721
2.0928	0.312996
2.094	0.313272
2.0952	0.313548
2.0964	0.313824
2.0976	0.3141
2.0988	0.314376
2.1	0.314652
2.1012	0.314929
2.1024	0.315205
2.1036	0.315482
2.1048	0.315758
2.106	0.316035
2.1072	0.316312
2.1084	0.316589
2.1096	0.316867
2.1108	0.317144
2.112	0.317421
2.1132	0.317699
2.1144	0.317977
2.1156	0.318254
2.1168	0.318532
2.118	0.31881
2.1192	0.319088
2.1204	0.319367
2.1216	0.319645
2.1228	0.319923
2.124	0.320202
2.1252	0.320481
2.1264	0.320759
2.1276	0.321038
2.1288	0.321317
2.13	0.321597
2.1312	0.321876
2.1324	0.322155
2.1336	0.322435
2.1348	0.322714
2.136	0.322994
2.1372	0.323274
2.1384	0.323554
2.1396	0.323834
2.1408	0.324114
2.142	0.324394
2.1432	0.324675
2.1444	0.324955
2.1456	0.325236
2.1468	0.325517
2.148	0.325797
2.1492	0.326078
2.1504	0.32636
2.1516	0.326641
2.1528	0.326922
2.154	0.327203
2.1552	0.327485
2.1564	0.327767
2.1576	0.328048
2.1588	0.32833
2.16	0.328612
2.1612	0.328894
2.1624	0.329177
2.1636	0.329459
2.1648	0.329741
2.166	0.330024
2.1672	0.330307
2.1684	0.330589
2.1696	0.330872
2.1708	0.331155
2.172	0.331438
2.1732	0.331722
2.1744	0.332005
2.1756	0.332288
2.1768	0.332572
2.178	0.332856
2.1792	0.333139
2.1804	0.333423
2.1816	0.333707
2.1828	0.333991
2.184	0.334276
2.1852	0.33456
2.1864	0.334845
2.1876	0.335129
2.1888	0.335414
2.19	0.335699
2.1912	0.335983
2.1924	0.336268
2.1936	0.336554
2.1948	0.336839
2.196	0.337124
2.1972	0.33741
2.1984	0.337695
2.1996	0.337981
2.2008	0.338267
2.202	0.338553
2.2032	0.338839
2.2044	0.339125
2.2056	0.339411
2.2068	0.339697
2.208	0.339984
2.2092	0.34027
2.2104	0.340557
2.2116	0.340844
2.2128	0.341131
2.214	0.341418
2.2152	0.341705
2.2164	0.341992
2.2176	0.342279
2.2188	0.342567
2.22	0.342854
2.2212	0.343142
2.2224	0.34343
2.2236	0.343717
2.2248	0.344005
2.226	0.344294
2.2272	0.344582
2.2284	0.34487
2.2296	0.345158
2.2308	0.345447
2.232	0.345736
2.2332	0.346024
2.2344	0.346313
2.2356	0.346602
2.2368	0.346891
2.238	0.34718
2.2392	0.34747
2.2404	0.347759
2.2416	0.348049
2.2428	0.348338
2.244	0.348628
2.2452	0.348918
2.2464	0.349208
2.2476	0.349498
2.2488	0.349788
2.25	0.350078
2.2512	0.350369
2.2524	0.350659
2.2536	0.35095
2.2548	0.35124
2.256	0.351531
2.2572	0.351822
2.2584	0.352113
2.2596	0.352404
2.2608	0.352695
2.262	0.352987
2.2632	0.353278
2.2644	0.35357
2.2656	0.353861
2.2668	0.354153
2.268	0.354445
2.2692	0.354737
2.2704	0.355029
2.2716	0.355321
2.2728	0.355613
2.274	0.355906
2.2752	0.356198
2.2764	0.356491
2.2776	0.356784
2.2788	0.357076
2.28	0.357369
2.2812	0.357662
2.2824	0.357956
2.2836	0.358249
2.2848	0.358542
2.286	0.358836
2.2872	0.359129
2.2884	0.359423
2.2896	0.359717
2.2908	0.360011
2.292	0.360305
2.2932	0.360599
2.2944	0.360893
2.2956	0.361187
2.2968	0.361482
2.298	0.361776
2.2992	0.362071
2.3004	0.362365
2.3016	0.36266
2.3028	0.362955
2.304	0.36325
2.3052	0.363545
2.3064	0.363841
2.3076	0.364136
2.3088	0.364431
2.31	0.364727
2.3112	0.365023
2.3124	0.365318
2.3136	0.365614
2.3148	0.36591
2.316	0.366206
2.3172	0.366502
2.3184	0.366799
2.3196	0.367095
2.3208	0.367392
2.322	0.367688
2.3232	0.367985
2.3244	0.368282
2.3256	0.368579
2.3268	0.368876
2.328	0.369173
2.3292	0.36947
2.3304	0.369767
2.3316	0.370065
2.3328	0.370362
2.334	0.37066
2.3352	0.370958
2.3364	0.371255
2.3376	0.371553
2.3388	0.371851
2.34	0.37215
2.3412	0.372448
2.3424	0.372746
2.3436	0.373045
2.3448	0.373343
2.346	0.373642
2.3472	0.373941
2.3484	0.374239
2.3496	0.374538
2.3508	0.374837
2.352	0.375137
2.3532	0.375436
2.3544	0.375735
2.3556	0.376035
2.3568	0.376334
2.358	0.376634
2.3592	0.376934
2.3604	0.377234
2.3616	0.377534
2.3628	0.377834
2.364	0.378134
2.3652	0.378434
2.3664	0.378735
2.3676	0.379035
2.3688	0.379336
2.37	0.379636
2.3712	0.379937
2.3724	0.380238
2.3736	0.380539
2.3748	0.38084
2.376	0.381141
2.3772	0.381443
2.3784	0.381744
2.3796	0.382045
2.3808	0.382347
2.382	0.382649
2.3832	0.382951
2.3844	0.383252
2.3856	0.383554
2.3868	0.383856
2.388	0.384159
2.3892	0.384461
2.3904	0.384763
2.3916	0.385066
2.3928	0.385368
2.394	0.385671
2.3952	0.385974
2.3964	0.386277
2.3976	0.38658
2.3988	0.386883
2.4	0.387186
2.4012	0.387489
2.4024	0.387793
2.4036	0.388096
2.4048	0.3884
2.406	0.388703
2.4072	0.389007
2.4084	0.389311
2.4096	0.389615
2.4108	0.389919
2.412	0.390223
2.4132	0.390528
2.4144	0.390832
2.4156	0.391136
2.4168	0.391441
2.418	0.391746
2.4192	0.39205
2.4204	0.392355
2.4216	0.39266
2.4228	0.392965
2.424	0.393271
2.4252	0.393576
2.4264	0.393881
2.4276	0.394187
2.4288	0.394492
2.43	0.394798
2.4312	0.395103
2.4324	0.395409
2.4336	0.395715
2.4348	0.396021
2.436	0.396327
2.4372	0.396634
2.4384	0.39694
2.4396	0.397246
2.4408	0.397553
2.442	0.397859
2.4432	0.398166
2.4444	0.398473
2.4456	0.39878
2.4468	0.399087
2.448	0.399394
2.4492	0.399701
2.4504	0.400008
2.4516	0.400316
2.4528	0.400623
2.454	0.400931
2.4552	0.401239
2.4564	0.401546
2.4576	0.401854
2.4588	0.402162
2.46	0.40247
2.4612	0.402778
2.4624	0.403087
2.4636	0.403395
2.4648	0.403703
2.466	0.404012
2.4672	0.404321
2.4684	0.404629
2.4696	0.404938
2.4708	0.405247
2.472	0.405556
2.4732	0.405865
2.4744	0.406174
2.4756	0.406484
2.4768	0.406793
2.478	0.407102
2.4792	0.407412
2.4804	0.407722
2.4816	0.408031
2.4828	0.408341
2.484	0.408651
2.4852	0.408961
2.4864	0.409271
2.4876	0.409582
2.4888	0.409892
2.49	0.410202
2.4912	0.410513
2.4924	0.410824
2.4936	0.411134
2.4948	0.411445
2.496	0.411756
2.4972	0.412067
2.4984	0.412378
2.4996	0.412689
2.5008	0.413
2.502	0.413312
2.5032	0.413623
2.5044	0.413935
2.5056	0.414246
2.5068	0.414558
2.508	0.41487
2.5092	0.415182
2.5104	0.415494
2.5116	0.415806
2.5128	0.416118
2.514	0.41643
2.5152	0.416743
2.5164	0.417055
2.5176	0.417368
2.5188	0.417681
2.52	0.417993
2.5212	0.418306
2.5224	0.418619
2.5236	0.418932
2.5248	0.419245
2.526	0.419558
2.5272	0.419872
2.5284	0.420185
2.5296	0.420499
2.5308	0.420812
2.532	0.421126
2.5332	0.42144
2.5344	0.421753
2.5356	0.422067
2.5368	0.422381
2.538	0.422695
2.5392	0.42301
2.5404	0.423324
2.5416	0.423638
2.5428	0.423953
2.544	0.424267
2.5452	0.424582
2.5464	0.424897
2.5476	0.425212
2.5488	0.425527
2.55	0.425842
2.5512	0.426157
2.5524	0.426472
2.5536	0.426787
2.5548	0.427103
2.556	0.427418
2.5572	0.427734
2.5584	0.428049
2.5596	0.428365
2.5608	0.428681
2.562	0.428997
2.5632	0.429313
2.5644	0.429629
2.5656	0.429945
2.5668	0.430261
2.568	0.430578
2.5692	0.430894
2.5704	0.431211
2.5716	0.431527
2.5728	0.431844
2.574	0.432161
2.5752	0.432478
2.5764	0.432795
2.5776	0.433112
2.5788	0.433429
2.58	0.433746
2.5812	0.434064
2.5824	0.434381
2.5836	0.434699
2.5848	0.435016
2.586	0.435334
2.5872	0.435652
2.5884	0.43597
2.5896	0.436288
2.5908	0.436606
2.592	0.436924
2.5932	0.437242
2.5944	0.43756
2.5956	0.437879
2.5968	0.438197
2.598	0.438516
2.5992	0.438835
2.6004	0.439153
2.6016	0.439472
2.6028	0.439791
2.604	0.44011
2.6052	0.440429
2.6064	0.440748
2.6076	0.441068
2.6088	0.441387
2.61	0.441707
2.6112	0.442026
2.6124	0.442346
2.6136	0.442665
2.6148	0.442985
2.616	0.443305
2.6172	0.443625
2.6184	0.443945
2.6196	0.444265
2.6208	0.444585
2.622	0.444906
2.6232	0.445226
2.6244	0.445547
2.6256	0.445867
2.6268	0.446188
2.628	0.446509
2.6292	0.446829
2.6304	0.44715
2.6316	0.447471
2.6328	0.447792
2.634	0.448114
2.6352	0.448435
2.6364	0.448756
2.6376	0.449078
2.6388	0.449399
2.64	0.449721
2.6412	0.450042
2.6424	0.450364
2.6436	0.450686
2.6448	0.451008
2.646	0.45133
2.6472	0.451652
2.6484	0.451974
2.6496	0.452297
2.6508	0.452619
2.652	0.452941
2.6532	0.453264
2.6544	0.453587
2.6556	0.453909
2.6568	0.454232
2.658	0.454555
2.6592	0.454878
2.6604	0.455201
2.6616	0.455524
2.6628	0.455847
2.664	0.45617
2.6652	0.456494
2.6664	0.456817
2.6676	0.457141
2.6688	0.457464
2.67	0.457788
2.6712	0.458112
2.6724	0.458436
2.6736	0.45876
2.6748	0.459084
2.676	0.459408
2.6772	0.459732
2.6784	0.460056
2.6796	0.460381
2.6808	0.460705
2.682	0.46103
2.6832	0.461354
2.6844	0.461679
2.6856	0.462004
2.6868	0.462329
2.688	0.462653
2.6892	0.462978
2.6904	0.463304
2.6916	0.463629
2.6928	0.463954
2.694	0.464279
2.6952	0.464605
2.6964	0.46493
2.6976	0.465256
2.6988	0.465582
2.7	0.465907
2.7012	0.466233
2.7024	0.466559
2.7036	0.466885
2.7048	0.467211
2.706	0.467537
2.7072	0.467864
2.7084	0.46819
2.7096	0.468516
2.7108	0.468843
2.712	0.469169
2.7132	0.469496
2.7144	0.469823
2.7156	0.470149
2.7168	0.470476
2.718	0.470803
2.7192	0.47113
2.7204	0.471457
2.7216	0.471785
2.7228	0.472112
2.724	0.472439
2.7252	0.472767
2.7264	0.473094
2.7276	0.473422
2.7288	0.47375
2.73	0.474077
2.7312	0.474405
2.7324	0.474733
2.7336	0.475061
2.7348	0.475389
2.736	0.475717
2.7372	0.476046
2.7384	0.476374
2.7396	0.476702
2.7408	0.477031
2.742	0.477359
2.7432	0.477688
2.7444	0.478017
2.7456	0.478345
2.7468	0.478674
2.748	0.479003
2.7492	0.479332
2.7504	0.479661
2.7516	0.479991
2.7528	0.48032
2.754	0.480649
2.7552	0.480979
2.7564	0.481308
2.7576	0.481638
2.7588	0.481967
2.76	0.482297
2.7612	0.482627
2.7624	0.482957
2.7636	0.483287
2.7648	0.483617
2.766	0.483947
2.7672	0.484277
2.7684	0.484607
2.7696	0.484938
2.7708	0.485268
2.772	0.485599
2.7732	0.485929
2.7744	0.48626
2.7756	0.486591
2.7768	0.486921
2.778	0.487252
2.7792	0.487583
2.7804	0.487914
2.7816	0.488245
2.7828	0.488577
2.784	0.488908
2.7852	0.489239
2.7864	0.489571
2.7876	0.489902
2.7888	0.490234
2.79	0.490565
2.7912	0.490897
2.7924	0.491229
2.7936	0.491561
2.7948	0.491893
2.796	0.492225
2.7972	0.492557
2.7984	0.492889
2.7996	0.493221
2.8008	0.493554
2.802	0.493886
2.8032	0.494218
2.8044	0.494551
2.8056	0.494884
2.8068	0.495216
2.808	0.495549
2.8092	0.495882
2.8104	0.496215
2.8116	0.496548
2.8128	0.496881
2.814	0.497214
2.8152	0.497547
2.8164	0.497881
2.8176	0.498214
2.8188	0.498547
2.82	0.498881
2.8212	0.499215
2.8224	0.499548
2.8236	0.499882
2.8248	0.500216
2.826	0.50055
2.8272	0.500884
2.8284	0.501218
2.8296	0.501552
2.8308	0.501886
2.832	0.50222
2.8332	0.502555
2.8344	0.502889
2.8356	0.503223
2.8368	0.503558
2.838	0.503893
2.8392	0.504227
2.8404	0.504562
2.8416	0.504897
2.8428	0.505232
2.844	0.505567
2.8452	0.505902
2.8464	0.506237
2.8476	0.506572
2.8488	0.506908
2.85	0.507243
2.8512	0.507578
2.8524	0.507914
2.8536	0.508249
2.8548	0.508585
2.856	0.508921
2.8572	0.509257
2.8584	0.509592
2.8596	0.509928
2.8608	0.510264
2.862	0.5106
2.8632	0.510936
2.8644	0.511273
2.8656	0.511609
2.8668	0.511945
2.868	0.512282
2.8692	0.512618
2.8704	0.512955
2.8716	0.513291
2.8728	0.513628
2.874	0.513965
2.8752	0.514302
2.8764	0.514639
2.8776	0.514976
2.8788	0.515313
2.88	0.51565
2.8812	0.515987
2.8824	0.516324
2.8836	0.516662
2.8848	0.516999
2.886	0.517337
2.8872	0.517674
2.8884	0.518012
2.8896	0.51835
2.8908	0.518687
2.892	0.519025
2.8932	0.519363
2.8944	0.519701
2.8956	0.520039
2.8968	0.520377
2.898	0.520715
2.8992	0.521054
2.9004	0.521392
2.9016	0.52173
2.9028	0.522069
2.904	0.522407
2.9052	0.522746
2.9064	0.523085
2.9076	0.523423
2.9088	0.523762
2.91	0.524101
2.9112	0.52444
2.9124	0.524779
2.9136	0.525118
2.9148	0.525457
2.916	0.525796
2.9172	0.526136
2.9184	0.526475
2.9196	0.526814
2.9208	0.527154
2.922	0.527493
2.9232	0.527833
2.9244	0.528173
2.9256	0.528512
2.9268	0.528852
2.928	0.529192
2.9292	0.529532
2.9304	0.529872
2.9316	0.530212
2.9328	0.530552
2.934	0.530893
2.9352	0.531233
2.9364	0.531573
2.9376	0.531914
2.9388	0.532254
2.94	0.532595
2.9412	0.532935
2.9424	0.533276
2.9436	0.533617
2.9448	0.533958
2.946	0.534299
2.9472	0.53464
2.9484	0.534981
2.9496	0.535322
2.9508	0.535663
2.952	0.536004
2.9532	0.536345
2.9544	0.536687
2.9556	0.537028
2.9568	0.53737
2.958	0.537711
2.9592	0.538053
2.9604	0.538395
2.9616	0.538736
2.9628	0.539078
2.964	0.53942
2.9652	0.539762
2.9664	0.540104
2.9676	0.540446
2.9688	0.540788
2.97	0.54113
2.9712	0.541473
2.9724	0.541815
2.9736	0.542157
2.9748	0.5425
2.976	0.542842
2.9772	0.543185
2.9784	0.543528
2.9796	0.54387
2.9808	0.544213
2.982	0.544556
2.9832	0.544899
2.9844	0.545242
2.9856	0.545585
2.9868	0.545928
2.988	0.546271
2.9892	0.546614
2.9904	0.546958
2.9916	0.547301
2.9928	0.547645
2.994	0.547988
2.9952	0.548332
2.9964	0.548675
2.9976	0.549019
2.9988	0.549363
3	0.549706
3.0012	0.55005
3.0024	0.550394
3.0036	0.550738
3.0048	0.551082
3.006	0.551426
3.0072	0.551771
3.0084	0.552115
3.0096	0.552459
3.0108	0.552804
3.012	0.553148
3.0132	0.553493
3.0144	0.553837
3.0156	0.554182
3.0168	0.554526
3.018	0.554871
3.0192	0.555216
3.0204	0.555561
3.0216	0.555906
3.0228	0.556251
3.024	0.556596
3.0252	0.556941
3.0264	0.557286
3.0276	0.557631
3.0288	0.557977
3.03	0.558322
3.0312	0.558667
3.0324	0.559013
3.0336	0.559358
3.0348	0.559704
3.036	0.56005
3.0372	0.560395
3.0384	0.560741
3.0396	0.561087
3.0408	0.561433
3.042	0.561779
3.0432	0.562125
3.0444	0.562471
3.0456	0.562817
3.0468	0.563163
3.048	0.56351
3.0492	0.563856
3.0504	0.564202
3.0516	0.564549
3.0528	0.564895
3.054	0.565242
3.0552	0.565589
3.0564	0.565935
3.0576	0.566282
3.0588	0.566629
3.06	0.566976
3.0612	0.567323
3.0624	0.56767
3.0636	0.568017
3.0648	0.568364
3.066	0.568711
3.0672	0.569058
3.0684	0.569406
3.0696	0.569753
3.0708	0.5701
3.072	0.570448
3.0732	0.570795
3.0744	0.571143
3.0756	0.57149
3.0768	0.571838
3.078	0.572186
3.0792	0.572534
3.0804	0.572882
3.0816	0.57323
3.0828	0.573578
3.084	0.573926
3.0852	0.574274
3.0864	0.574622
3.0876	0.57497
3.0888	0.575318
3.09	0.575667
3.0912	0.576015
3.0924	0.576364
3.0936	0.576712
3.0948	0.577061
3.096	0.577409
3.0972	0.577758
3.0984	0.578107
3.0996	0.578455
3.1008	0.578804
3.102	0.579153
3.1032	0.579502
3.1044	0.579851
3.1056	0.5802
3.1068	0.580549
3.108	0.580899
3.1092	0.581248
3.1104	0.581597
3.1116	0.581946
3.1128	0.582296
3.114	0.582645
3.1152	0.582995
3.1164	0.583344
3.1176	0.583694
3.1188	0.584044
3.12	0.584394
3.1212	0.584743
3.1224	0.585093
3.1236	0.585443
3.1248	0.585793
3.126	0.586143
3.1272	0.586493
3.1284	0.586843
3.1296	0.587194
3.1308	0.587544
3.132	0.587894
3.1332	0.588244
3.1344	0.588595
3.1356	0.588945
3.1368	0.589296
3.138	0.589646
3.1392	0.589997
3.1404	0.590348
3.1416	0.590699
3.1428	0.591049
3.144	0.5914
3.1452	0.591751
3.1464	0.592102
3.1476	0.592453
3.1488	0.592804
3.15	0.593155
3.1512	0.593506
3.1524	0.593858
3.1536	0.594209
3.1548	0.59456
3.156	0.594912
3.1572	0.595263
3.1584	0.595615
3.1596	0.595966
3.1608	0.596318
3.162	0.596669
3.1632	0.597021
3.1644	0.597373
3.1656	0.597725
3.1668	0.598077
3.168	0.598429
3.1692	0.598781
3.1704	0.599133
3.1716	0.599485
3.1728	0.599837
3.174	0.600189
3.1752	0.600541
3.1764	0.600893
3.1776	0.601246
3.1788	0.601598
3.18	0.601951
3.1812	0.602303
3.1824	0.602656
3.1836	0.603008
3.1848	0.603361
3.186	0.603714
3.1872	0.604066
3.1884	0.604419
3.1896	0.604772
3.1908	0.605125
3.192	0.605478
3.1932	0.605831
3.1944	0.606184
3.1956	0.606537
3.1968	0.60689
3.198	0.607244
3.1992	0.607597
3.2004	0.60795
3.2016	0.608304
3.2028	0.608657
3.204	0.609011
3.2052	0.609364
3.2064	0.609718
3.2076	0.610071
3.2088	0.610425
3.21	0.610779
3.2112	0.611132
3.2124	0.611486
3.2136	0.61184
3.2148	0.612194
3.216	0.612548
3.2172	0.612902
3.2184	0.613256
3.2196	0.61361
3.2208	0.613964
3.222	0.614319
3.2232	0.614673
3.2244	0.615027
3.2256	0.615382
3.2268	0.615736
3.228	0.616091
3.2292	0.616445
3.2304	0.6168
3.2316	0.617154
3.2328	0.617509
3.234	0.617864
3.2352	0.618218
3.2364	0.618573
3.2376	0.618928
3.2388	0.619283
3.24	0.619638
3.2412	0.619993
3.2424	0.620348
3.2436	0.620703
3.2448	0.621058
3.246	0.621414
3.2472	0.621769
3.2484	0.622124
3.2496	0.622479
3.2508	0.622835
3.252	0.62319
3.2532	0.623546
3.2544	0.623901
3.2556	0.624257
3.2568	0.624613
3.258	0.624968
3.2592	0.625324
3.2604	0.62568
3.2616	0.626036
3.2628	0.626391
3.264	0.626747
3.2652	0.627103
3.2664	0.627459
3.2676	0.627815
3.2688	0.628171
3.27	0.628528
3.2712	0.628884
3.2724	0.62924
3.2736	0.629596
3.2748	0.629953
3.276	0.630309
3.2772	0.630666
3.2784	0.631022
3.2796	0.631379
3.2808	0.631735
3.282	0.632092
3.2832	0.632448
3.2844	0.632805
3.2856	0.633162
3.2868	0.633519
3.288	0.633875
3.2892	0.634232
3.2904	0.634589
3.2916	0.634946
3.2928	0.635303
3.294	0.63566
3.2952	0.636017
3.2964	0.636375
3.2976	0.636732
3.2988	0.637089
3.3	0.637446
3.3012	0.637804
3.3024	0.638161
3.3036	0.638519
3.3048	0.638876
3.306	0.639234
3.3072	0.639591
3.3084	0.639949
3.3096	0.640306
3.3108	0.640664
3.312	0.641022
3.3132	0.64138
3.3144	0.641737
3.3156	0.642095
3.3168	0.642453
3.318	0.642811
3.3192	0.643169
3.3204	0.643527
3.3216	0.643885
3.3228	0.644243
3.324	0.644602
3.3252	0.64496
3.3264	0.645318
3.3276	0.645676
3.3288	0.646035
3.33	0.646393
3.3312	0.646752
3.3324	0.64711
3.3336	0.647469
3.3348	0.647827
3.336	0.648186
3.3372	0.648544
3.3384	0.648903
3.3396	0.649262
3.3408	0.649621
3.342	0.649979
3.3432	0.650338
3.3444	0.650697
3.3456	0.651056
3.3468	0.651415
3.348	0.651774
3.3492	0.652133
3.3504	0.652492
3.3516	0.652852
3.3528	0.653211
3.354	0.65357
3.3552	0.653929
3.3564	0.654289
3.3576	0.654648
3.3588	0.655007
3.36	0.655367
3.3612	0.655726
3.3624	0.656086
3.3636	0.656445
3.3648	0.656805
3.366	0.657165
3.3672	0.657524
3.3684	0.657884
3.3696	0.658244
3.3708	0.658604
3.372	0.658964
3.3732	0.659323
3.3744	0.659683
3.3756	0.660043
3.3768	0.660403
3.378	0.660763
3.3792	0.661123
3.3804	0.661484
3.3816	0.661844
3.3828	0.662204
3.384	0.662564
3.3852	0.662925
3.3864	0.663285
3.3876	0.663645
3.3888	0.664006
3.39	0.664366
3.3912	0.664727
3.3924	0.665087
3.3936	0.665448
3.3948	0.665808
3.396	0.666169
3.3972	0.66653
3.3984	0.66689
3.3996	0.667251
3.4008	0.667612
3.402	0.667973
3.4032	0.668334
3.4044	0.668695
3.4056	0.669056
3.4068	0.669417
3.408	0.669778
3.4092	0.670139
3.4104	0.6705
3.4116	0.670861
3.4128	0.671222
3.414	0.671583
3.4152	0.671945
3.4164	0.672306
3.4176	0.672667
3.4188	0.673029
3.42	0.67339
3.4212	0.673752
3.4224	0.674113
3.4236	0.674475
3.4248	0.674836
3.426	0.675198
3.4272	0.675559
3.4284	0.675921
3.4296	0.676283
3.4308	0.676645
3.432	0.677006
3.4332	0.677368
3.4344	0.67773
3.4356	0.678092
3.4368	0.678454
3.438	0.678816
3.4392	0.679178
3.4404	0.67954
3.4416	0.679902
3.4428	0.680264
3.444	0.680626
3.4452	0.680988
3.4464	0.681351
3.4476	0.681713
3.4488	0.682075
3.45	0.682438
3.4512	0.6828
3.4524	0.683162
3.4536	0.683525
3.4548	0.683887
3.456	0.68425
3.4572	0.684612
3.4584	0.684975
3.4596	0.685337
3.4608	0.6857
3.462	0.686063
3.4632	0.686426
3.4644	0.686788
3.4656	0.687151
3.4668	0.687514
3.468	0.687877
3.4692	0.68824
3.4704	0.688603
3.4716	0.688966
3.4728	0.689329
3.474	0.689692
3.4752	0.690055
3.4764	0.690418
3.4776	0.690781
3.4788	0.691144
3.48	0.691507
3.4812	0.691871
3.4824	0.692234
3.4836	0.692597
3.4848	0.692961
3.486	0.693324
3.4872	0.693687
3.4884	0.694051
3.4896	0.694414
3.4908	0.694778
3.492	0.695141
3.4932	0.695505
3.4944	0.695868
3.4956	0.696232
3.4968	0.696596
3.498	0.696959
3.4992	0.697323
3.5004	0.697687
3.5016	0.698051
3.5028	0.698415
3.504	0.698779
3.5052	0.699142
3.5064	0.699506
3.5076	0.69987
3.5088	0.700234
3.51	0.700598
3.5112	0.700962
3.5124	0.701327
3.5136	0.701691
3.5148	0.702055
3.516	0.702419
3.5172	0.702783
3.5184	0.703148
3.5196	0.703512
3.5208	0.703876
3.522	0.70424
3.5232	0.704605
3.5244	0.704969
3.5256	0.705334
3.5268	0.705698
3.528	0.706063
3.5292	0.706427
3.5304	0.706792
3.5316	0.707156
3.5328	0.707521
3.534	0.707886
3.5352	0.70825
3.5364	0.708615
3.5376	0.70898
3.5388	0.709345
3.54	0.70971
3.5412	0.710074
3.5424	0.710439
3.5436	0.710804
3.5448	0.711169
3.546	0.711534
3.5472	0.711899
3.5484	0.712264
3.5496	0.712629
3.5508	0.712994
3.552	0.713359
3.5532	0.713725
3.5544	0.71409
3.5556	0.714455
3.5568	0.71482
3.558	0.715185
3.5592	0.715551
3.5604	0.715916
3.5616	0.716281
3.5628	0.716647
3.564	0.717012
3.5652	0.717378
3.5664	0.717743
3.5676	0.718109
3.5688	0.718474
3.57	0.71884
3.5712	0.719205
3.5724	0.719571
3.5736	0.719937
3.5748	0.720302
3.576	0.720668
3.5772	0.721034
3.5784	0.721399
3.5796	0.721765
3.5808	0.722131
3.582	0.722497
3.5832	0.722863
3.5844	0.723229
3.5856	0.723595
3.5868	0.72396
3.588	0.724326
3.5892	0.724692
3.5904	0.725059
3.5916	0.725425
3.5928	0.725791
3.594	0.726157
3.5952	0.726523
3.5964	0.726889
3.5976	0.727255
3.5988	0.727622
3.6	0.727988
3.6012	0.728354
3.6024	0.72872
3.6036	0.729087
3.6048	0.729453
3.606	0.729819
3.6072	0.730186
3.6084	0.730552
3.6096	0.730919
3.6108	0.731285
3.612	0.731652
3.6132	0.732018
3.6144	0.732385
3.6156	0.732751
3.6168	0.733118
3.618	0.733485
3.6192	0.733851
3.6204	0.734218
3.6216	0.734585
3.6228	0.734952
3.624	0.735318
3.6252	0.735685
3.6264	0.736052
3.6276	0.736419
3.6288	0.736786
3.63	0.737153
3.6312	0.73752
3.6324	0.737887
3.6336	0.738254
3.6348	0.738621
3.636	0.738988
3.6372	0.739355
3.6384	0.739722
3.6396	0.740089
3.6408	0.740456
3.642	0.740823
3.6432	0.74119
3.6444	0.741557
3.6456	0.741925
3.6468	0.742292
3.648	0.742659
3.6492	0.743026
3.6504	0.743394
3.6516	0.743761
3.6528	0.744129
3.654	0.744496
3.6552	0.744863
3.6564	0.745231
3.6576	0.745598
3.6588	0.745966
3.66	0.746333
3.6612	0.746701
3.6624	0.747068
3.6636	0.747436
3.6648	0.747804
3.666	0.748171
3.6672	0.748539
3.6684	0.748906
3.6696	0.749274
3.6708	0.749642
3.672	0.75001
3.6732	0.750377
3.6744	0.750745
3.6756	0.751113
3.6768	0.751481
3.678	0.751849
3.6792	0.752217
3.6804	0.752584
3.6816	0.752952
3.6828	0.75332
3.684	0.753688
3.6852	0.754056
3.6864	0.754424
3.6876	0.754792
3.6888	0.75516
3.69	0.755528
3.6912	0.755897
3.6924	0.756265
3.6936	0.756633
3.6948	0.757001
3.696	0.757369
3.6972	0.757737
3.6984	0.758106
3.6996	0.758474
3.7008	0.758842
3.702	0.75921
3.7032	0.759579
3.7044	0.759947
3.7056	0.760315
3.7068	0.760684
3.708	0.761052
3.7092	0.761421
3.7104	0.761789
3.7116	0.762157
3.7128	0.762526
3.714	0.762894
3.7152	0.763263
3.7164	0.763631
3.7176	0.764
3.7188	0.764369
3.72	0.764737
3.7212	0.765106
3.7224	0.765474
3.7236	0.765843
3.7248	0.766212
3.726	0.76658
3.7272	0.766949
3.7284	0.767318
3.7296	0.767687
3.7308	0.768055
3.732	0.768424
3.7332	0.768793
3.7344	0.769162
3.7356	0.769531
3.7368	0.7699
3.738	0.770268
3.7392	0.770637
3.7404	0.771006
3.7416	0.771375
3.7428	0.771744
3.744	0.772113
3.7452	0.772482
3.7464	0.772851
3.7476	0.77322
3.7488	0.773589
3.75	0.773958
3.7512	0.774327
3.7524	0.774696
3.7536	0.775066
3.7548	0.775435
3.756	0.775804
3.7572	0.776173
3.7584	0.776542
3.7596	0.776912
3.7608	0.777281
3.762	0.77765
3.7632	0.778019
3.7644	0.778389
3.7656	0.778758
3.7668	0.779127
3.768	0.779496
3.7692	0.779866
3.7704	0.780235
3.7716	0.780605
3.7728	0.780974
3.774	0.781343
3.7752	0.781713
3.7764	0.782082
3.7776	0.782452
3.7788	0.782821
3.78	0.783191
3.7812	0.78356
3.7824	0.78393
3.7836	0.784299
3.7848	0.784669
3.786	0.785039
3.7872	0.785408
3.7884	0.785778
3.7896	0.786147
3.7908	0.786517
3.792	0.786887
3.7932	0.787256
3.7944	0.787626
3.7956	0.787996
3.7968	0.788366
3.798	0.788735
3.7992	0.789105
3.8004	0.789475
3.8016	0.789845
3.8028	0.790214
3.804	0.790584
3.8052	0.790954
3.8064	0.791324
3.8076	0.791694
3.8088	0.792064
3.81	0.792434
3.8112	0.792803
3.8124	0.793173
3.8136	0.793543
3.8148	0.793913
3.816	0.794283
3.8172	0.794653
3.8184	0.795023
3.8196	0.795393
3.8208	0.795763
3.822	0.796133
3.8232	0.796503
3.8244	0.796873
3.8256	0.797244
3.8268	0.797614
3.828	0.797984
3.8292	0.798354
3.8304	0.798724
3.8316	0.799094
3.8328	0.799464
3.834	0.799835
3.8352	0.800205
3.8364	0.800575
3.8376	0.800945
3.8388	0.801315
3.84	0.801686
3.8412	0.802056
3.8424	0.802426
3.8436	0.802796
3.8448	0.803167
3.846	0.803537
3.8472	0.803907
3.8484	0.804278
3.8496	0.804648
3.8508	0.805018
3.852	0.805389
3.8532	0.805759
3.8544	0.80613
3.8556	0.8065
3.8568	0.80687
3.858	0.807241
3.8592	0.807611
3.8604	0.807982
3.8616	0.808352
3.8628	0.808723
3.864	0.809093
3.8652	0.809464
3.8664	0.809834
3.8676	0.810205
3.8688	0.810575
3.87	0.810946
3.8712	0.811316
3.8724	0.811687
3.8736	0.812057
3.8748	0.812428
3.876	0.812799
3.8772	0.813169
3.8784	0.81354
3.8796	0.813911
3.8808	0.814281
3.882	0.814652
3.8832	0.815023
3.8844	0.815393
3.8856	0.815764
3.8868	0.816135
3.888	0.816505
3.8892	0.816876
3.8904	0.817247
3.8916	0.817618
3.8928	0.817988
3.894	0.818359
3.8952	0.81873
3.8964	0.819101
3.8976	0.819471
3.8988	0.819842
3.9	0.820213
3.9012	0.820584
3.9024	0.820955
3.9036	0.821326
3.9048	0.821696
3.906	0.822067
3.9072	0.822438
3.9084	0.822809
3.9096	0.82318
3.9108	0.823551
3.912	0.823922
3.9132	0.824293
3.9144	0.824663
3.9156	0.825034
3.9168	0.825405
3.918	0.825776
3.9192	0.826147
3.9204	0.826518
3.9216	0.826889
3.9228	0.82726
3.924	0.827631
3.9252	0.828002
3.9264	0.828373
3.9276	0.828744
3.9288	0.829115
3.93	0.829486
3.9312	0.829857
3.9324	0.830228
3.9336	0.830599
3.9348	0.830971
3.936	0.831342
3.9372	0.831713
3.9384	0.832084
3.9396	0.832455
3.9408	0.832826
3.942	0.833197
3.9432	0.833568
3.9444	0.833939
3.9456	0.83431
3.9468	0.834682
3.948	0.835053
3.9492	0.835424
3.9504	0.835795
3.9516	0.836166
3.9528	0.836537
3.954	0.836909
3.9552	0.83728
3.9564	0.837651
3.9576	0.838022
3.9588	0.838393
3.96	0.838765
3.9612	0.839136
3.9624	0.839507
3.9636	0.839878
3.9648	0.84025
3.966	0.840621
3.9672	0.840992
3.9684	0.841363
3.9696	0.841735
3.9708	0.842106
3.972	0.842477
3.9732	0.842848
3.9744	0.84322
3.9756	0.843591
3.9768	0.843962
3.978	0.844334
3.9792	0.844705
3.9804	0.845076
3.9816	0.845448
3.9828	0.845819
3.984	0.84619
3.9852	0.846562
3.9864	0.846933
3.9876	0.847304
3.9888	0.847676
3.99	0.848047
3.9912	0.848418
3.9924	0.84879
3.9936	0.849161
3.9948	0.849532
3.996	0.849904
3.9972	0.850275
3.9984	0.850647
3.9996	0.851018
4.0008	0.851389
4.002	0.851761
4.0032	0.852132
4.0044	0.852503
4.0056	0.852875
4.0068	0.853246
4.008	0.853618
4.0092	0.853989
4.0104	0.854361
4.0116	0.854732
4.0128	0.855103
4.014	0.855475
4.0152	0.855846
4.0164	0.856218
4.0176	0.856589
4.0188	0.856961
4.02	0.857332
4.0212	0.857704
4.0224	0.858075
4.0236	0.858446
4.0248	0.858818
4.026	0.859189
4.0272	0.859561
4.0284	0.859932
4.0296	0.860304
4.0308	0.860675
4.032	0.861047
4.0332	0.861418
4.0344	0.86179
4.0356	0.862161
4.0368	0.862533
4.038	0.862904
4.0392	0.863276
4.0404	0.863647
4.0416	0.864019
4.0428	0.86439
4.044	0.864762
4.0452	0.865133
4.0464	0.865505
4.0476	0.865876
4.0488	0.866248
4.05	0.866619
4.0512	0.866991
4.0524	0.867362
4.0536	0.867734
4.0548	0.868105
4.056	0.868477
4.0572	0.868848
4.0584	0.86922
4.0596	0.869591
4.0608	0.869963
4.062	0.870334
4.0632	0.870706
4.0644	0.871077
4.0656	0.871449
4.0668	0.87182
4.068	0.872192
4.0692	0.872564
4.0704	0.872935
4.0716	0.873307
4.0728	0.873678
4.074	0.87405
4.0752	0.874421
4.0764	0.874793
4.0776	0.875164
4.0788	0.875536
4.08	0.875907
4.0812	0.876279
4.0824	0.87665
4.0836	0.877022
4.0848	0.877393
4.086	0.877765
4.0872	0.878136
4.0884	0.878508
4.0896	0.878879
4.0908	0.879251
4.092	0.879623
4.0932	0.879994
4.0944	0.880366
4.0956	0.880737
4.0968	0.881109
4.098	0.88148
4.0992	0.881852
4.1004	0.882223
4.1016	0.882595
4.1028	0.882966
4.104	0.883338
4.1052	0.883709
4.1064	0.884081
4.1076	0.884452
4.1088	0.884824
4.11	0.885195
4.1112	0.885567
4.1124	0.885938
4.1136	0.88631
4.1148	0.886681
4.116	0.887053
4.1172	0.887424
4.1184	0.887796
4.1196	0.888167
4.1208	0.888539
4.122	0.88891
4.1232	0.889282
4.1244	0.889653
4.1256	0.890025
4.1268	0.890396
4.128	0.890767
4.1292	0.891139
4.1304	0.89151
4.1316	0.891882
4.1328	0.892253
4.134	0.892625
4.1352	0.892996
4.1364	0.893368
4.1376	0.893739
4.1388	0.894111
4.14	0.894482
4.1412	0.894853
4.1424	0.895225
4.1436	0.895596
4.1448	0.895968
4.146	0.896339
4.1472	0.896711
4.1484	0.897082
4.1496	0.897453
4.1508	0.897825
4.152	0.898196
4.1532	0.898568
4.1544	0.898939
4.1556	0.89931
4.1568	0.899682
4.158	0.900053
4.1592	0.900425
4.1604	0.900796
4.1616	0.901167
4.1628	0.901539
4.164	0.90191
4.1652	0.902281
4.1664	0.902653
4.1676	0.903024
4.1688	0.903395
4.17	0.903767
4.1712	0.904138
4.1724	0.904509
4.1736	0.904881
4.1748	0.905252
4.176	0.905623
4.1772	0.905995
4.1784	0.906366
4.1796	0.906737
4.1808	0.907108
4.182	0.90748
4.1832	0.907851
4.1844	0.908222
4.1856	0.908594
4.1868	0.908965
4.188	0.909336
4.1892	0.909707
4.1904	0.910079
4.1916	0.91045
4.1928	0.910821
4.194	0.911192
4.1952	0.911563
4.1964	0.911935
4.1976	0.912306
4.1988	0.912677
4.2	0.913048
4.2012	0.913419
4.2024	0.913791
4.2036	0.914162
4.2048	0.914533
4.206	0.914904
4.2072	0.915275
4.2084	0.915646
4.2096	0.916018
4.2108	0.916389
4.212	0.91676
4.2132	0.917131
4.2144	0.917502
4.2156	0.917873
4.2168	0.918244
4.218	0.918615
4.2192	0.918986
4.2204	0.919358
4.2216	0.919729
4.2228	0.9201
4.224	0.920471
4.2252	0.920842
4.2264	0.921213
4.2276	0.921584
4.2288	0.921955
4.23	0.922326
4.2312	0.922697
4.2324	0.923068
4.2336	0.923439
4.2348	0.92381
4.236	0.924181
4.2372	0.924552
4.2384	0.924923
4.2396	0.925294
4.2408	0.925665
4.242	0.926035
4.2432	0.926406
4.2444	0.926777
4.2456	0.927148
4.2468	0.927519
4.248	0.92789
4.2492	0.928261
4.2504	0.928632
4.2516	0.929003
4.2528	0.929373
4.254	0.929744
4.2552	0.930115
4.2564	0.930486
4.2576	0.930857
4.2588	0.931228
4.26	0.931598
4.2612	0.931969
4.2624	0.93234
4.2636	0.932711
4.2648	0.933081
4.266	0.933452
4.2672	0.933823
4.2684	0.934194
4.2696	0.934564
4.2708	0.934935
4.272	0.935306
4.2732	0.935676
4.2744	0.936047
4.2756	0.936418
4.2768	0.936788
4.278	0.937159
4.2792	0.93753
4.2804	0.9379
4.2816	0.938271
4.2828	0.938641
4.284	0.939012
4.2852	0.939383
4.2864	0.939753
4.2876	0.940124
4.2888	0.940494
4.29	0.940865
4.2912	0.941235
4.2924	0.941606
4.2936	0.941976
4.2948	0.942347
4.296	0.942717
4.2972	0.943088
4.2984	0.943458
4.2996	0.943829
4.3008	0.944199
4.302	0.94457
4.3032	0.94494
4.3044	0.94531
4.3056	0.945681
4.3068	0.946051
4.308	0.946421
4.3092	0.946792
4.3104	0.947162
4.3116	0.947532
4.3128	0.947903
4.314	0.948273
4.3152	0.948643
4.3164	0.949014
4.3176	0.949384
4.3188	0.949754
4.32	0.950124
4.3212	0.950495
4.3224	0.950865
4.3236	0.951235
4.3248	0.951605
4.326	0.951975
4.3272	0.952346
4.3284	0.952716
4.3296	0.953086
4.3308	0.953456
4.332	0.953826
4.3332	0.954196
4.3344	0.954566
4.3356	0.954936
4.3368	0.955306
4.338	0.955676
4.3392	0.956046
4.3404	0.956416
4.3416	0.956786
4.3428	0.957156
4.344	0.957526
4.3452	0.957896
4.3464	0.958266
4.3476	0.958636
4.3488	0.959006
4.35	0.959376
4.3512	0.959746
4.3524	0.960116
4.3536	0.960486
4.3548	0.960855
4.356	0.961225
4.3572	0.961595
4.3584	0.961965
4.3596	0.962335
4.3608	0.962704
4.362	0.963074
4.3632	0.963444
4.3644	0.963814
4.3656	0.964183
4.3668	0.964553
4.368	0.964923
4.3692	0.965292
4.3704	0.965662
4.3716	0.966032
4.3728	0.966401
4.374	0.966771
4.3752	0.967141
4.3764	0.96751
4.3776	0.96788
4.3788	0.968249
4.38	0.968619
4.3812	0.968988
4.3824	0.969358
4.3836	0.969727
4.3848	0.970097
4.386	0.970466
4.3872	0.970836
4.3884	0.971205
4.3896	0.971575
4.3908	0.971944
4.392	0.972313
4.3932	0.972683
4.3944	0.973052
4.3956	0.973421
4.3968	0.973791
4.398	0.97416
4.3992	0.974529
4.4004	0.974898
4.4016	0.975268
4.4028	0.975637
4.404	0.976006
4.4052	0.976375
4.4064	0.976744
4.4076	0.977114
4.4088	0.977483
4.41	0.977852
4.4112	0.978221
4.4124	0.97859
4.4136	0.978959
4.4148	0.979328
4.416	0.979697
4.4172	0.980066
4.4184	0.980435
4.4196	0.980804
4.4208	0.981173
4.422	0.981542
4.4232	0.981911
4.4244	0.98228
4.4256	0.982649
4.4268	0.983018
4.428	0.983387
4.4292	0.983755
4.4304	0.984124
4.4316	0.984493
4.4328	0.984862
4.434	0.985231
4.4352	0.985599
4.4364	0.985968
4.4376	0.986337
4.4388	0.986706
4.44	0.987074
4.4412	0.987443
4.4424	0.987812
4.4436	0.98818
4.4448	0.988549
4.446	0.988917
4.4472	0.989286
4.4484	0.989654
4.4496	0.990023
4.4508	0.990391
4.452	0.99076
4.4532	0.991128
4.4544	0.991497
4.4556	0.991865
4.4568	0.992234
4.458	0.992602
4.4592	0.992971
4.4604	0.993339
4.4616	0.993707
4.4628	0.994076
4.464	0.994444
4.4652	0.994812
4.4664	0.99518
4.4676	0.995549
4.4688	0.995917
4.47	0.996285
4.4712	0.996653
4.4724	0.997021
4.4736	0.997389
4.4748	0.997758
4.476	0.998126
4.4772	0.998494
4.4784	0.998862
4.4796	0.99923
4.4808	0.999598
4.482	0.999966
4.4832	1.00033
4.4844	1.0007
4.4856	1.00107
4.4868	1.00144
4.488	1.00181
4.4892	1.00217
4.4904	1.00254
4.4916	1.00291
4.4928	1.00328
4.494	1.00364
4.4952	1.00401
4.4964	1.00438
4.4976	1.00475
4.4988	1.00512
4.5	1.00548
4.5012	1.00585
4.5024	1.00622
4.5036	1.00659
4.5048	1.00695
4.506	1.00732
4.5072	1.00769
4.5084	1.00806
4.5096	1.00842
4.5108	1.00879
4.512	1.00916
4.5132	1.00953
4.5144	1.00989
4.5156	1.01026
4.5168	1.01063
4.518	1.011
4.5192	1.01136
4.5204	1.01173
4.5216	1.0121
4.5228	1.01247
4.524	1.01283
4.5252	1.0132
4.5264	1.01357
4.5276	1.01393
4.5288	1.0143
4.53	1.01467
4.5312	1.01504
4.5324	1.0154
4.5336	1.01577
4.5348	1.01614
4.536	1.0165
4.5372	1.01687
4.5384	1.01724
4.5396	1.0176
4.5408	1.01797
4.542	1.01834
4.5432	1.01871
4.5444	1.01907
4.5456	1.01944
4.5468	1.01981
4.548	1.02017
4.5492	1.02054
4.5504	1.02091
4.5516	1.02127
4.5528	1.02164
4.554	1.02201
4.5552	1.02237
4.5564	1.02274
4.5576	1.02311
4.5588	1.02347
4.56	1.02384
4.5612	1.02421
4.5624	1.02457
4.5636	1.02494
4.5648	1.0253
4.566	1.02567
4.5672	1.02604
4.5684	1.0264
4.5696	1.02677
4.5708	1.02714
4.572	1.0275
4.5732	1.02787
4.5744	1.02824
4.5756	1.0286
4.5768	1.02897
4.578	1.02933
4.5792	1.0297
4.5804	1.03007
4.5816	1.03043
4.5828	1.0308
4.584	1.03116
4.5852	1.03153
4.5864	1.0319
4.5876	1.03226
4.5888	1.03263
4.59	1.03299
4.5912	1.03336
4.5924	1.03373
4.5936	1.03409
4.5948	1.03446
4.596	1.03482
4.5972	1.03519
4.5984	1.03555
4.5996	1.03592
4.6008	1.03629
4.602	1.03665
4.6032	1.03702
4.6044	1.03738
4.6056	1.03775
4.6068	1.03811
4.608	1.03848
4.6092	1.03885
4.6104	1.03921
4.6116	1.03958
4.6128	1.03994
4.614	1.04031
4.6152	1.04067
4.6164	1.04104
4.6176	1.0414
4.6188	1.04177
4.62	1.04213
4.6212	1.0425
4.6224	1.04286
4.6236	1.04323
4.6248	1.04359
4.626	1.04396
4.6272	1.04432
4.6284	1.04469
4.6296	1.04505
4.6308	1.04542
4.632	1.04578
4.6332	1.04615
4.6344	1.04651
4.6356	1.04688
4.6368	1.04724
4.638	1.04761
4.6392	1.04797
4.6404	1.04834
4.6416	1.0487
4.6428	1.04907
4.644	1.04943
4.6452	1.0498
4.6464	1.05016
4.6476	1.05053
4.6488	1.05089
4.65	1.05126
4.6512	1.05162
4.6524	1.05199
4.6536	1.05235
4.6548	1.05271
4.656	1.05308
4.6572	1.05344
4.6584	1.05381
4.6596	1.05417
4.6608	1.05454
4.662	1.0549
4.6632	1.05526
4.6644	1.05563
4.6656	1.05599
4.6668	1.05636
4.668	1.05672
4.6692	1.05709
4.6704	1.05745
4.6716	1.05781
4.6728	1.05818
4.674	1.05854
4.6752	1.05891
4.6764	1.05927
4.6776	1.05963
4.6788	1.06
4.68	1.06036
4.6812	1.06073
4.6824	1.06109
4.6836	1.06145
4.6848	1.06182
4.686	1.06218
4.6872	1.06254
4.6884	1.06291
4.6896	1.06327
4.6908	1.06363
4.692	1.064
4.6932	1.06436
4.6944	1.06473
4.6956	1.06509
4.6968	1.06545
4.698	1.06582
4.6992	1.06618
4.7004	1.06654
4.7016	1.06691
4.7028	1.06727
4.704	1.06763
4.7052	1.068
4.7064	1.06836
4.7076	1.06872
4.7088	1.06908
4.71	1.06945
4.7112	1.06981
4.7124	1.07017
4.7136	1.07054
4.7148	1.0709
4.716	1.07126
4.7172	1.07163
4.7184	1.07199
4.7196	1.07235
4.7208	1.07271
4.722	1.07308
4.7232	1.07344
4.7244	1.0738
4.7256	1.07416
4.7268	1.07453
4.728	1.07489
4.7292	1.07525
4.7304	1.07562
4.7316	1.07598
4.7328	1.07634
4.734	1.0767
4.7352	1.07707
4.7364	1.07743
4.7376	1.07779
4.7388	1.07815
4.74	1.07851
4.7412	1.07888
4.7424	1.07924
4.7436	1.0796
4.7448	1.07996
4.746	1.08033
4.7472	1.08069
4.7484	1.08105
4.7496	1.08141
4.7508	1.08177
4.752	1.08214
4.7532	1.0825
4.7544	1.08286
4.7556	1.08322
4.7568	1.08358
4.758	1.08395
4.7592	1.08431
4.7604	1.08467
4.7616	1.08503
4.7628	1.08539
4.764	1.08575
4.7652	1.08612
4.7664	1.08648
4.7676	1.08684
4.7688	1.0872
4.77	1.08756
4.7712	1.08792
4.7724	1.08828
4.7736	1.08865
4.7748	1.08901
4.776	1.08937
4.7772	1.08973
4.7784	1.09009
4.7796	1.09045
4.7808	1.09081
4.782	1.09117
4.7832	1.09154
4.7844	1.0919
4.7856	1.09226
4.7868	1.09262
4.788	1.09298
4.7892	1.09334
4.7904	1.0937
4.7916	1.09406
4.7928	1.09442
4.794	1.09478
4.7952	1.09514
4.7964	1.09551
4.7976	1.09587
4.7988	1.09623
4.8	1.09659
4.8012	1.09695
4.8024	1.09731
4.8036	1.09767
4.8048	1.09803
4.806	1.09839
4.8072	1.09875
4.8084	1.09911
4.8096	1.09947
4.8108	1.09983
4.812	1.10019
4.8132	1.10055
4.8144	1.10091
4.8156	1.10127
4.8168	1.10163
4.818	1.10199
4.8192	1.10235
4.8204	1.10271
4.8216	1.10307
4.8228	1.10343
4.824	1.10379
4.8252	1.10415
4.8264	1.10451
4.8276	1.10487
4.8288	1.10523
4.83	1.10559
4.8312	1.10595
4.8324	1.10631
4.8336	1.10667
4.8348	1.10703
4.836	1.10739
4.8372	1.10775
4.8384	1.10811
4.8396	1.10847
4.8408	1.10883
4.842	1.10919
4.8432	1.10955
4.8444	1.10991
4.8456	1.11026
4.8468	1.11062
4.848	1.11098
4.8492	1.11134
4.8504	1.1117
4.8516	1.11206
4.8528	1.11242
4.854	1.11278
4.8552	1.11314
4.8564	1.1135
4.8576	1.11386
4.8588	1.11421
4.86	1.11457
4.8612	1.11493
4.8624	1.11529
4.8636	1.11565
4.8648	1.11601
4.866	1.11637
4.8672	1.11673
4.8684	1.11708
4.8696	1.11744
4.8708	1.1178
4.872	1.11816
4.8732	1.11852
4.8744	1.11888
4.8756	1.11923
4.8768	1.11959
4.878	1.11995
4.8792	1.12031
4.8804	1.12067
4.8816	1.12103
4.8828	1.12138
4.884	1.12174
4.8852	1.1221
4.8864	1.12246
4.8876	1.12282
4.8888	1.12317
4.89	1.12353
4.8912	1.12389
4.8924	1.12425
4.8936	1.1246
4.8948	1.12496
4.896	1.12532
4.8972	1.12568
4.8984	1.12604
4.8996	1.12639
4.9008	1.12675
4.902	1.12711
4.9032	1.12747
4.9044	1.12782
4.9056	1.12818
4.9068	1.12854
4.908	1.12889
4.9092	1.12925
4.9104	1.12961
4.9116	1.12997
4.9128	1.13032
4.914	1.13068
4.9152	1.13104
4.9164	1.13139
4.9176	1.13175
4.9188	1.13211
4.92	1.13247
4.9212	1.13282
4.9224	1.13318
4.9236	1.13354
4.9248	1.13389
4.926	1.13425
4.9272	1.13461
4.9284	1.13496
4.9296	1.13532
4.9308	1.13568
4.932	1.13603
4.9332	1.13639
4.9344	1.13675
4.9356	1.1371
4.9368	1.13746
4.938	1.13781
4.9392	1.13817
4.9404	1.13853
4.9416	1.13888
4.9428	1.13924
4.944	1.13959
4.9452	1.13995
4.9464	1.14031
4.9476	1.14066
4.9488	1.14102
4.95	1.14137
4.9512	1.14173
4.9524	1.14209
4.9536	1.14244
4.9548	1.1428
4.956	1.14315
4.9572	1.14351
4.9584	1.14386
4.9596	1.14422
4.9608	1.14458
4.962	1.14493
4.9632	1.14529
4.9644	1.14564
4.9656	1.146
4.9668	1.14635
4.968	1.14671
4.9692	1.14706
4.9704	1.14742
4.9716	1.14777
4.9728	1.14813
4.974	1.14848
4.9752	1.14884
4.9764	1.14919
4.9776	1.14955
4.9788	1.1499
4.98	1.15026
4.9812	1.15061
4.9824	1.15097
4.9836	1.15132
4.9848	1.15168
4.986	1.15203
4.9872	1.15239
4.9884	1.15274
4.9896	1.1531
4.9908	1.15345
4.992	1.1538
4.9932	1.15416
4.9944	1.15451
4.9956	1.15487
4.9968	1.15522
4.998	1.15558
4.9992	1.15593
5.0004	1.15628
5.0016	1.15664
5.0028	1.15699
5.004	1.15735
5.0052	1.1577
5.0064	1.15805
5.0076	1.15841
5.0088	1.15876
5.01	1.15912
5.0112	1.15947
5.0124	1.15982
5.0136	1.16018
5.0148	1.16053
5.016	1.16088
5.0172	1.16124
5.0184	1.16159
5.0196	1.16194
5.0208	1.1623
5.022	1.16265
5.0232	1.163
5.0244	1.16336
5.0256	1.16371
5.0268	1.16406
5.028	1.16442
5.0292	1.16477
5.0304	1.16512
5.0316	1.16548
5.0328	1.16583
5.034	1.16618
5.0352	1.16654
5.0364	1.16689
5.0376	1.16724
5.0388	1.16759
5.04	1.16795
5.0412	1.1683
5.0424	1.16865
5.0436	1.169
5.0448	1.16936
5.046	1.16971
5.0472	1.17006
5.0484	1.17041
5.0496	1.17077
5.0508	1.17112
5.052	1.17147
5.0532	1.17182
5.0544	1.17218
5.0556	1.17253
5.0568	1.17288
5.058	1.17323
5.0592	1.17358
5.0604	1.17394
5.0616	1.17429
5.0628	1.17464
5.064	1.17499
5.0652	1.17534
5.0664	1.17569
5.0676	1.17605
5.0688	1.1764
5.07	1.17675
5.0712	1.1771
5.0724	1.17745
5.0736	1.1778
5.0748	1.17815
5.076	1.17851
5.0772	1.17886
5.0784	1.17921
5.0796	1.17956
5.0808	1.17991
5.082	1.18026
5.0832	1.18061
5.0844	1.18096
5.0856	1.18132
5.0868	1.18167
5.088	1.18202
5.0892	1.18237
5.0904	1.18272
5.0916	1.18307
5.0928	1.18342
5.094	1.18377
5.0952	1.18412
5.0964	1.18447
5.0976	1.18482
5.0988	1.18517
5.1	1.18552
5.1012	1.18587
5.1024	1.18622
5.1036	1.18657
5.1048	1.18692
5.106	1.18727
5.1072	1.18762
5.1084	1.18797
5.1096	1.18832
5.1108	1.18867
5.112	1.18902
5.1132	1.18937
5.1144	1.18972
5.1156	1.19007
5.1168	1.19042
5.118	1.19077
5.1192	1.19112
5.1204	1.19147
5.1216	1.19182
5.1228	1.19217
5.124	1.19252
5.1252	1.19287
5.1264	1.19322
5.1276	1.19357
5.1288	1.19392
5.13	1.19427
5.1312	1.19462
5.1324	1.19497
5.1336	1.19532
5.1348	1.19566
5.136	1.19601
5.1372	1.19636
5.1384	1.19671
5.1396	1.19706
5.1408	1.19741
5.142	1.19776
5.1432	1.19811
5.1444	1.19846
5.1456	1.1988
5.1468	1.19915
5.148	1.1995
5.1492	1.19985
5.1504	1.2002
5.1516	1.20055
5.1528	1.20089
5.154	1.20124
5.1552	1.20159
5.1564	1.20194
5.1576	1.20229
5.1588	1.20264
5.16	1.20298
5.1612	1.20333
5.1624	1.20368
5.1636	1.20403
5.1648	1.20438
5.166	1.20472
5.1672	1.20507
5.1684	1.20542
5.1696	1.20577
5.1708	1.20611
5.172	1.20646
5.1732	1.20681
5.1744	1.20716
5.1756	1.2075
5.1768	1.20785
5.178	1.2082
5.1792	1.20855
5.1804	1.20889
5.1816	1.20924
5.1828	1.20959
5.184	1.20993
5.1852	1.21028
5.1864	1.21063
5.1876	1.21098
5.1888	1.21132
5.19	1.21167
5.1912	1.21202
5.1924	1.21236
5.1936	1.21271
5.1948	1.21306
5.196	1.2134
5.1972	1.21375
5.1984	1.21409
5.1996	1.21444
5.2008	1.21479
5.202	1.21513
5.2032	1.21548
5.2044	1.21583
5.2056	1.21617
5.2068	1.21652
5.208	1.21686
5.2092	1.21721
5.2104	1.21756
5.2116	1.2179
5.2128	1.21825
5.214	1.21859
5.2152	1.21894
5.2164	1.21929
5.2176	1.21963
5.2188	1.21998
5.22	1.22032
5.2212	1.22067
5.2224	1.22101
5.2236	1.22136
5.2248	1.2217
5.226	1.22205
5.2272	1.22239
5.2284	1.22274
5.2296	1.22309
5.2308	1.22343
5.232	1.22378
5.2332	1.22412
5.2344	1.22447
5.2356	1.22481
5.2368	1.22515
5.238	1.2255
5.2392	1.22584
5.2404	1.22619
5.2416	1.22653
5.2428	1.22688
5.244	1.22722
5.2452	1.22757
5.2464	1.22791
5.2476	1.22826
5.2488	1.2286
5.25	1.22894
5.2512	1.22929
5.2524	1.22963
5.2536	1.22998
5.2548	1.23032
5.256	1.23067
5.2572	1.23101
5.2584	1.23135
5.2596	1.2317
5.2608	1.23204
5.262	1.23238
5.2632	1.23273
5.2644	1.23307
5.2656	1.23342
5.2668	1.23376
5.268	1.2341
5.2692	1.23445
5.2704	1.23479
5.2716	1.23513
5.2728	1.23548
5.274	1.23582
5.2752	1.23616
5.2764	1.23651
5.2776	1.23685
5.2788	1.23719
5.28	1.23753
5.2812	1.23788
5.2824	1.23822
5.2836	1.23856
5.2848	1.23891
5.286	1.23925
5.2872	1.23959
5.2884	1.23993
5.2896	1.24028
5.2908	1.24062
5.292	1.24096
5.2932	1.2413
5.2944	1.24165
5.2956	1.24199
5.2968	1.24233
5.298	1.24267
5.2992	1.24301
5.3004	1.24336
5.3016	1.2437
5.3028	1.24404
5.304	1.24438
5.3052	1.24472
5.3064	1.24507
5.3076	1.24541
5.3088	1.24575
5.31	1.24609
5.3112	1.24643
5.3124	1.24677
5.3136	1.24712
5.3148	1.24746
5.316	1.2478
5.3172	1.24814
5.3184	1.24848
5.3196	1.24882
5.3208	1.24916
5.322	1.2495
5.3232	1.24985
5.3244	1.25019
5.3256	1.25053
5.3268	1.25087
5.328	1.25121
5.3292	1.25155
5.3304	1.25189
5.3316	1.25223
5.3328	1.25257
5.334	1.25291
5.3352	1.25325
5.3364	1.25359
5.3376	1.25393
5.3388	1.25427
5.34	1.25461
5.3412	1.25495
5.3424	1.25529
5.3436	1.25563
5.3448	1.25597
5.346	1.25631
5.3472	1.25665
5.3484	1.25699
5.3496	1.25733
5.3508	1.25767
5.352	1.25801
5.3532	1.25835
5.3544	1.25869
5.3556	1.25903
5.3568	1.25937
5.358	1.25971
5.3592	1.26005
5.3604	1.26039
5.3616	1.26073
5.3628	1.26107
5.364	1.26141
5.3652	1.26175
5.3664	1.26209
5.3676	1.26243
5.3688	1.26276
5.37	1.2631
5.3712	1.26344
5.3724	1.26378
5.3736	1.26412
5.3748	1.26446
5.376	1.2648
5.3772	1.26514
5.3784	1.26547
5.3796	1.26581
5.3808	1.26615
5.382	1.26649
5.3832	1.26683
5.3844	1.26717
5.3856	1.2675
5.3868	1.26784
5.388	1.26818
5.3892	1.26852
5.3904	1.26886
5.3916	1.26919
5.3928	1.26953
5.394	1.26987
5.3952	1.27021
5.3964	1.27054
5.3976	1.27088
5.3988	1.27122
5.4	1.27156
5.4012	1.27189
5.4024	1.27223
5.4036	1.27257
5.4048	1.27291
5.406	1.27324
5.4072	1.27358
5.4084	1.27392
5.4096	1.27425
5.4108	1.27459
5.412	1.27493
5.4132	1.27527
5.4144	1.2756
5.4156	1.27594
5.4168	1.27628
5.418	1.27661
5.4192	1.27695
5.4204	1.27729
5.4216	1.27762
5.4228	1.27796
5.424	1.27829
5.4252	1.27863
5.4264	1.27897
5.4276	1.2793
5.4288	1.27964
5.43	1.27998
5.4312	1.28031
5.4324	1.28065
5.4336	1.28098
5.4348	1.28132
5.436	1.28166
5.4372	1.28199
5.4384	1.28233
5.4396	1.28266
5.4408	1.283
5.442	1.28333
5.4432	1.28367
5.4444	1.284
5.4456	1.28434
5.4468	1.28467
5.448	1.28501
5.4492	1.28534
5.4504	1.28568
5.4516	1.28601
5.4528	1.28635
5.454	1.28668
5.4552	1.28702
5.4564	1.28735
5.4576	1.28769
5.4588	1.28802
5.46	1.28836
5.4612	1.28869
5.4624	1.28903
5.4636	1.28936
5.4648	1.2897
5.466	1.29003
5.4672	1.29036
5.4684	1.2907
5.4696	1.29103
5.4708	1.29137
5.472	1.2917
5.4732	1.29204
5.4744	1.29237
5.4756	1.2927
5.4768	1.29304
5.478	1.29337
5.4792	1.2937
5.4804	1.29404
5.4816	1.29437
5.4828	1.2947
5.484	1.29504
5.4852	1.29537
5.4864	1.29571
5.4876	1.29604
5.4888	1.29637
5.49	1.2967
5.4912	1.29704
5.4924	1.29737
5.4936	1.2977
5.4948	1.29804
5.496	1.29837
5.4972	1.2987
5.4984	1.29904
5.4996	1.29937
5.5008	1.2997
5.502	1.30003
5.5032	1.30037
5.5044	1.3007
5.5056	1.30103
5.5068	1.30136
5.508	1.30169
5.5092	1.30203
5.5104	1.30236
5.5116	1.30269
5.5128	1.30302
5.514	1.30336
5.5152	1.30369
5.5164	1.30402
5.5176	1.30435
5.5188	1.30468
5.52	1.30501
5.5212	1.30535
5.5224	1.30568
5.5236	1.30601
5.5248	1.30634
5.526	1.30667
5.5272	1.307
5.5284	1.30733
5.5296	1.30767
5.5308	1.308
5.532	1.30833
5.5332	1.30866
5.5344	1.30899
5.5356	1.30932
5.5368	1.30965
5.538	1.30998
5.5392	1.31031
5.5404	1.31064
5.5416	1.31097
5.5428	1.3113
5.544	1.31163
5.5452	1.31196
5.5464	1.3123
5.5476	1.31263
5.5488	1.31296
5.55	1.31329
5.5512	1.31362
5.5524	1.31395
5.5536	1.31428
5.5548	1.31461
5.556	1.31494
5.5572	1.31527
5.5584	1.31559
5.5596	1.31592
5.5608	1.31625
5.562	1.31658
5.5632	1.31691
5.5644	1.31724
5.5656	1.31757
5.5668	1.3179
5.568	1.31823
5.5692	1.31856
5.5704	1.31889
5.5716	1.31922
5.5728	1.31955
5.574	1.31988
5.5752	1.3202
5.5764	1.32053
5.5776	1.32086
5.5788	1.32119
5.58	1.32152
5.5812	1.32185
5.5824	1.32218
5.5836	1.3225
5.5848	1.32283
5.586	1.32316
5.5872	1.32349
5.5884	1.32382
5.5896	1.32415
5.5908	1.32447
5.592	1.3248
5.5932	1.32513
5.5944	1.32546
5.5956	1.32579
5.5968	1.32611
5.598	1.32644
5.5992	1.32677
5.6004	1.3271
5.6016	1.32742
5.6028	1.32775
5.604	1.32808
5.6052	1.32841
5.6064	1.32873
5.6076	1.32906
5.6088	1.32939
5.61	1.32971
5.6112	1.33004
5.6124	1.33037
5.6136	1.3307
5.6148	1.33102
5.616	1.33135
5.6172	1.33168
5.6184	1.332
5.6196	1.33233
5.6208	1.33266
5.622	1.33298
5.6232	1.33331
5.6244	1.33363
5.6256	1.33396
5.6268	1.33429
5.628	1.33461
5.6292	1.33494
5.6304	1.33526
5.6316	1.33559
5.6328	1.33592
5.634	1.33624
5.6352	1.33657
5.6364	1.33689
5.6376	1.33722
5.6388	1.33754
5.64	1.33787
5.6412	1.3382
5.6424	1.33852
5.6436	1.33885
5.6448	1.33917
5.646	1.3395
5.6472	1.33982
5.6484	1.34015
5.6496	1.34047
5.6508	1.3408
5.652	1.34112
5.6532	1.34145
5.6544	1.34177
5.6556	1.3421
5.6568	1.34242
5.658	1.34275
5.6592	1.34307
5.6604	1.34339
5.6616	1.34372
5.6628	1.34404
5.664	1.34437
5.6652	1.34469
5.6664	1.34502
5.6676	1.34534
5.6688	1.34566
5.67	1.34599
5.6712	1.34631
5.6724	1.34663
5.6736	1.34696
5.6748	1.34728
5.676	1.34761
5.6772	1.34793
5.6784	1.34825
5.6796	1.34858
5.6808	1.3489
5.682	1.34922
5.6832	1.34955
5.6844	1.34987
5.6856	1.35019
5.6868	1.35051
5.688	1.35084
5.6892	1.35116
5.6904	1.35148
5.6916	1.35181
5.6928	1.35213
5.694	1.35245
5.6952	1.35277
5.6964	1.3531
5.6976	1.35342
5.6988	1.35374
5.7	1.35406
5.7012	1.35439
5.7024	1.35471
5.7036	1.35503
5.7048	1.35535
5.706	1.35567
5.7072	1.356
5.7084	1.35632
5.7096	1.35664
5.7108	1.35696
5.712	1.35728
5.7132	1.3576
5.7144	1.35793
5.7156	1.35825
5.7168	1.35857
5.718	1.35889
5.7192	1.35921
5.7204	1.35953
5.7216	1.35985
5.7228	1.36017
5.724	1.3605
5.7252	1.36082
5.7264	1.36114
5.7276	1.36146
5.7288	1.36178
5.73	1.3621
5.7312	1.36242
5.7324	1.36274
5.7336	1.36306
5.7348	1.36338
5.736	1.3637
5.7372	1.36402
5.7384	1.36434
5.7396	1.36466
5.7408	1.36498
5.742	1.3653
5.7432	1.36562
5.7444	1.36594
5.7456	1.36626
5.7468	1.36658
5.748	1.3669
5.7492	1.36722
5.7504	1.36754
5.7516	1.36786
5.7528	1.36818
5.754	1.3685
5.7552	1.36882
5.7564	1.36914
5.7576	1.36946
5.7588	1.36978
5.76	1.37009
5.7612	1.37041
5.7624	1.37073
5.7636	1.37105
5.7648	1.37137
5.766	1.37169
5.7672	1.37201
5.7684	1.37233
5.7696	1.37264
5.7708	1.37296
5.772	1.37328
5.7732	1.3736
5.7744	1.37392
5.7756	1.37424
5.7768	1.37455
5.778	1.37487
5.7792	1.37519
5.7804	1.37551
5.7816	1.37583
5.7828	1.37614
5.784	1.37646
5.7852	1.37678
5.7864	1.3771
5.7876	1.37741
5.7888	1.37773
5.79	1.37805
5.7912	1.37837
5.7924	1.37868
5.7936	1.379
5.7948	1.37932
5.796	1.37963
5.7972	1.37995
5.7984	1.38027
5.7996	1.38058
5.8008	1.3809
5.802	1.38122
5.8032	1.38153
5.8044	1.38185
5.8056	1.38217
5.8068	1.38248
5.808	1.3828
5.8092	1.38312
5.8104	1.38343
5.8116	1.38375
5.8128	1.38406
5.814	1.38438
5.8152	1.3847
5.8164	1.38501
5.8176	1.38533
5.8188	1.38564
5.82	1.38596
5.8212	1.38628
5.8224	1.38659
5.8236	1.38691
5.8248	1.38722
5.826	1.38754
5.8272	1.38785
5.8284	1.38817
5.8296	1.38848
5.8308	1.3888
5.832	1.38911
5.8332	1.38943
5.8344	1.38974
5.8356	1.39006
5.8368	1.39037
5.838	1.39069
5.8392	1.391
5.8404	1.39132
5.8416	1.39163
5.8428	1.39194
5.844	1.39226
5.8452	1.39257
5.8464	1.39289
5.8476	1.3932
5.8488	1.39352
5.85	1.39383
5.8512	1.39414
5.8524	1.39446
5.8536	1.39477
5.8548	1.39508
5.856	1.3954
5.8572	1.39571
5.8584	1.39603
5.8596	1.39634
5.8608	1.39665
5.862	1.39697
5.8632	1.39728
5.8644	1.39759
5.8656	1.3979
5.8668	1.39822
5.868	1.39853
5.8692	1.39884
5.8704	1.39916
5.8716	1.39947
5.8728	1.39978
5.874	1.40009
5.8752	1.40041
5.8764	1.40072
5.8776	1.40103
5.8788	1.40134
5.88	1.40166
5.8812	1.40197
5.8824	1.40228
5.8836	1.40259
5.8848	1.4029
5.886	1.40322
5.8872	1.40353
5.8884	1.40384
5.8896	1.40415
5.8908	1.40446
5.892	1.40477
5.8932	1.40509
5.8944	1.4054
5.8956	1.40571
5.8968	1.40602
5.898	1.40633
5.8992	1.40664
5.9004	1.40695
5.9016	1.40726
5.9028	1.40758
5.904	1.40789
5.9052	1.4082
5.9064	1.40851
5.9076	1.40882
5.9088	1.40913
5.91	1.40944
5.9112	1.40975
5.9124	1.41006
5.9136	1.41037
5.9148	1.41068
5.916	1.41099
5.9172	1.4113
5.9184	1.41161
5.9196	1.41192
5.9208	1.41223
5.922	1.41254
5.9232	1.41285
5.9244	1.41316
5.9256	1.41347
5.9268	1.41378
5.928	1.41409
5.9292	1.4144
5.9304	1.41471
5.9316	1.41502
5.9328	1.41533
5.934	1.41564
5.9352	1.41595
5.9364	1.41625
5.9376	1.41656
5.9388	1.41687
5.94	1.41718
5.9412	1.41749
5.9424	1.4178
5.9436	1.41811
5.9448	1.41842
5.946	1.41872
5.9472	1.41903
5.9484	1.41934
5.9496	1.41965
5.9508	1.41996
5.952	1.42026
5.9532	1.42057
5.9544	1.42088
5.9556	1.42119
5.9568	1.4215
5.958	1.4218
5.9592	1.42211
5.9604	1.42242
5.9616	1.42273
5.9628	1.42303
5.964	1.42334
5.9652	1.42365
5.9664	1.42396
5.9676	1.42426
5.9688	1.42457
5.97	1.42488
5.9712	1.42518
5.9724	1.42549
5.9736	1.4258
5.9748	1.4261
5.976	1.42641
5.9772	1.42672
5.9784	1.42702
5.9796	1.42733
5.9808	1.42764
5.982	1.42794
5.9832	1.42825
5.9844	1.42856
5.9856	1.42886
5.9868	1.42917
5.988	1.42947
5.9892	1.42978
5.9904	1.43009
5.9916	1.43039
5.9928	1.4307
5.994	1.431
5.9952	1.43131
5.9964	1.43161
5.9976	1.43192
5.9988	1.43222
6	1.43253
