1.77034980863 -2 1.23617225432 -1.92074998933 0.291083631113 0.360898736856
1.8432278434 -2 1.25699388768 -1.90223699141 0.286858012069 0.370344492723
2.31646863451 -2 1.43990615018 -1.77260727191 0.339257777691 0.392379993875
2.33512630927 -2 1.44853019391 -1.76725727625 0.343826432418 0.391538828785
2.45692219066 -2 1.50656145481 -1.73230914377 0.377462168612 0.382404639878
2.48579163325 -2 1.52071555145 -1.72404887839 0.386334739476 0.379292417661
2.62338254656 -2 1.59005964254 -1.68505637001 0.432706640359 0.359330492209
2.66057751736 -2 1.6093333865 -1.67467089044 0.446265483243 0.352458999675
2.67432180343 -2 1.61651367398 -1.67085487891 0.451371997701 0.349759652596
2.68771619993 -2 1.62354217267 -1.66714807672 0.456395974419 0.347045710596
2.69564571163 -2 1.62771752694 -1.6649595222 0.459391614402 0.345400270585
2.6958551585 -2 1.6278279405 -1.66490178145 0.459470952126 0.345356417497
2.77642195416 -2 1.67089511195 -1.64294201621 0.490736124626 0.326993481679
2.79288973227 -2 1.67984897335 -1.63852208368 0.497292975905 0.322873251194
2.80088896053 -2 1.68421782639 -1.63638437416 0.500496061309 0.320826958418
2.82161402402 -2 1.69559789447 -1.6308752042 0.508846919778 0.31538883406
2.83820738572 -2 1.704774194 -1.62649617073 0.515583969696 0.310893098036
2.84523511219 -2 1.70867845036 -1.62465040925 0.518450136758 0.308951085738
2.84993723142 -2 1.71129673168 -1.62341847056 0.520371929123 0.307639124747
2.86424727594 -2 1.71929520729 -1.61968452538 0.526239954661 0.303584330198
2.87842567569 -2 1.72726573746 -1.61600822873 0.532081293937 0.299474791191
2.91838323924 -2 1.74998264979 -1.60577984157 0.548672873504 0.287401869911
2.99775736577 -2 1.79630977279 -1.58610798461 0.582055749103 0.261283963703
3.02880159727 -2 1.81490002384 -1.57867766144 0.595207469945 0.250304163849
3.03939363638 -2 1.82130728164 -1.57617969945 0.599700941603 0.246460537448
3.04759783229 -2 1.82629319281 -1.57425837433 0.603182717929 0.243449506049
3.05192664923 -2 1.82893213808 -1.5732494524 0.605020139326 0.241848881256
3.06671367828 -2 1.83798997705 -1.56982872923 0.611297454836 0.236319390134
3.08083304238 -2 1.84670229375 -1.56660052084 0.617290918991 0.230950592576
3.10046009441 -2 1.85891834175 -1.56217706148 0.625618007057 0.223343897569
3.1095014817 -2 1.86458771729 -1.56016519549 0.62945102088 0.21978386224
3.11363412366 -2 1.86718801444 -1.55925116645 0.631202198326 0.218144934764
3.14177250774 -2 1.88504424032 -1.55312324018 0.643107761943 0.206791543583
3.18230002403 -2 1.91123918101 -1.54460546182 0.660177720809 0.189849596867
3.30681810541 -2 1.9954681655 -1.52103711022 0.711608497708 0.133561715494
3.3131140677 -2 1.99988411213 -1.51996200342 0.714152669761 0.130550619678
3.33652743523 -2 2.01644306027 -1.51607223753 0.723554618806 0.119217455521
3.33763982571 -2 2.01723516408 -1.51589176865 0.723998897191 0.118673722933
3.35191143561 -2 2.02744161158 -1.51361197714 0.729678475084 0.111655619099
3.35515579443 -2 2.02977315774 -1.51310305386 0.730964224489 0.110049317785
3.3694538057 -2 2.04009903072 -1.5109020634 0.736605937966 0.102922588176
3.37171981058 -2 2.04174306822 -1.5105595929 0.737496292965 0.101786007965
3.40553697876 -2 2.06652429092 -1.50566149549 0.750654685511 0.0845954528086
3.40645287465 -2 2.0672017038 -1.50553456404 0.751007576022 0.0841239577241
3.44119637405 -2 2.09315900204 -1.50094636903 0.764249135609 0.0660117786161
3.44469822014 -2 2.09580266024 -1.50050923149 0.765567550271 0.0641619652662
3.45981080518 -2 2.10726906146 -1.4986775084 0.771221666398 0.0561286011962
3.47079374606 -2 2.11566080138 -1.49740299254 0.775293552808 0.0502395561699
3.47430388468 -2 2.11835322616 -1.49700586864 0.776588166218 0.0483484614365
3.48896379661 -2 2.12965227589 -1.49540168531 0.781958865061 0.0404038374324
3.50917349196 -2 2.14537302738 -1.49333671097 0.789264229112 0.0293296884241
3.51126158448 -2 2.14700691058 -1.49313319348 0.790012344222 0.0281775165847
3.51791720477 -2 2.15222599174 -1.49249721344 0.792388371719 0.0244951755897
3.5188040559 -2 2.15292294182 -1.49241386727 0.792703987081 0.0240033756666
3.52359962437 -2 2.1566965185 -1.49196931219 0.794406595502 0.0213394090469
3.52574461775 -2 2.15838757147 -1.49177366892 0.795165923073 0.0201453437736
3.5278124682 -2 2.16001960067 -1.49158696416 0.795896631374 0.018992757812
3.53076166355 -2 2.16234996223 -1.49132402117 0.796936540256 0.0173464427603
3.54714501159 -2 2.17536035392 -1.48993354784 0.802664869443 0.00814804620678
3.57774043944 -2 2.19994701846 -1.48766407808 0.813134785844 -0.00926577689309
3.58974682911 -2 2.20969751546 -1.48689332705 0.817159452442 -0.0161818966387
3.59149578805 -2 2.21112290861 -1.48678671879 0.817741666322 -0.0171931880362
3.5949991145 -2 2.21398134561 -1.48657773161 0.818904761667 -0.0192218091552
3.61776138349 -2 2.2326719377 -1.48536557261 0.826358348292 -0.0324961518082
3.70990932552 -2 2.31037861296 -1.48317642362 0.854580237532 -0.087828200404
3.71842160709 -2 2.31771715032 -1.48320555141 0.85701930381 -0.0930628335124
3.74541780764 -2 2.34116175264 -1.48357035838 0.864555443371 -0.109795275201
3.75623792631 -2 2.3506304898 -1.48383474651 0.867489190015 -0.116556550322
3.75742376057 -2 2.35167085184 -1.48386784199 0.867807646657 -0.117299432293
3.76998693964 -2 2.36272069156 -1.4842700856 0.871143894471 -0.125192345014
3.77538044454 -2 2.36748166546 -1.48447138201 0.872554932857 -0.128593385069
3.7958269861 -2 2.38561603206 -1.48539466931 0.877786420676 -0.141553745968
3.79815603879 -2 2.38769090896 -1.48551585462 0.878370388842 -0.143036708197
3.80477539689 -2 2.39359574763 -1.48587904555 0.880016582139 -0.147258737064
3.80605799408 -2 2.39474161417 -1.48595252278 0.880333238613 -0.148078064622
3.8075555481 -2 2.39608011475 -1.48603962784 0.880702009727 -0.149035217638
3.86327547457 -2 2.44638260893 -1.49028560719 0.893675520011 -0.185027838443
3.86460737381 -2 2.44759628572 -1.49041158329 0.893967442176 -0.185896963432
3.8703872649 -2 2.45287061452 -1.49097126143 0.895224209072 -0.189673195751
3.89462669181 -2 2.47508830088 -1.49356056356 0.900314929195 -0.205589613067
3.89912847905 -2 2.47923231625 -1.49408474097 0.901228044479 -0.208559555437
3.91619468167 -2 2.4949917316 -1.49619637684 0.904596289571 -0.219857099215
3.93013256905 -2 2.50791797372 -1.49806882238 0.90723629849 -0.229128028675
3.95334292859 -2 2.52955008934 -1.5014861858 0.911407852398 -0.244652016755
3.9651561036 -2 2.54060744248 -1.50337135105 0.913421591002 -0.252592797427
3.97441749826 -2 2.54929904297 -1.50491845277 0.914948062609 -0.258836436405
3.98352280311 -2 2.55786159183 -1.50649963943 0.916403636462 -0.264990076411
3.98897609924 -2 2.56299876517 -1.50747508073 0.917253815083 -0.268682685732
3.99224726142 -2 2.56608276761 -1.50807068411 0.917755998239 -0.270900220657
4.00234540239 -2 2.57561763079 -1.50995815792 0.919269177196 -0.277757555513
4.00642707744 -2 2.57947682626 -1.51074237609 0.919864839087 -0.28053427055
4.01308960822 -2 2.585784378 -1.51204832281 0.920817284419 -0.285072767032
4.0136194529 -2 2.58628656615 -1.51215351511 0.92089196849 -0.285434015238
4.03560800673 -2 2.60716078085 -1.51670602215 0.92385257762 -0.300466378759
4.03793743932 -2 2.60937752209 -1.51720928102 0.924150242752 -0.3020634306
4.04593874218 -2 2.61699815093 -1.51896906551 0.925149182324 -0.307555556115
4.04715688756 -2 2.61815929127 -1.51924119398 0.925298062058 -0.308392564446
4.05980842471 -2 2.63023139287 -1.52213416074 0.926794013057 -0.317098963608
4.06048175063 -2 2.63087446927 -1.5222915581 0.926871048071 -0.317562997771
4.06481103895 -2 2.63501176242 -1.52331153496 0.927360104485 -0.320548197763
4.06534562495 -2 2.63552166532 -1.5234388384 0.927419741713 -0.320917004708
4.06814035323 -2 2.63819469986 -1.52410581883 0.927728819284 -0.322845744686
4.07939760334 -2 2.64897031657 -1.52685375082 0.928927799886 -0.330626129856
4.09872665573 -2 2.66750998359 -1.53180005815 0.930813268137 -0.344026420814
4.12292046525 -2 2.69077791533 -1.53840056005 0.932860946602 -0.360868621904
4.14293868056 -2 2.7100741225 -1.54420991341 0.934289071077 -0.374858430158
4.14785201134 -2 2.71481563224 -1.5456843045 0.934602376927 -0.378299242916
4.15898725633 -2 2.72556651695 -1.54909756684 0.935257737812 -0.386107199298
4.1651354135 -2 2.73150670447 -1.55102449141 0.935586918604 -0.390423983257
4.17213240669 -2 2.73826935234 -1.55325456051 0.935933136332 -0.395341568809
4.17382950899 -2 2.7399104886 -1.55380125748 0.936012539715 -0.396535072754
4.1810533603 -2 2.74689525904 -1.55615512488 0.936330501594 -0.401618549606
4.18735627123 -2 2.75299208853 -1.55824324562 0.936581358141 -0.40605813885
4.18993663854 -2 2.75548842928 -1.55910744914 0.936676891896 -0.407876774531
4.20217433625 -2 2.76733091752 -1.56327979242 0.937073064536 -0.416510295011
4.2032098471 -2 2.76833360626 -1.56363831804 0.937102261365 -0.417241456283
4.21428494153 -2 2.77905570031 -1.56752883015 0.937372128565 -0.425067292367
4.22527235766 -2 2.78969365904 -1.57148839811 0.937562908869 -0.432841349592
4.23713353144 -2 2.80117908554 -1.57587431428 0.937682317284 -0.441244349457
4.2371439948 -2 2.80118919672 -1.57587824113 0.937682382797 -0.441251766897
4.25376030421 -2 2.81727667281 -1.58221886112 0.937697418952 -0.453040923542
4.26152573381 -2 2.82479305814 -1.58526088144 0.937643204781 -0.458556907558
4.26941768024 -2 2.8324310641 -1.58840376045 0.937547927786 -0.464166692742
4.26984015933 -2 2.83283918605 -1.58857369749 0.937541682183 -0.464467108774
4.27577006229 -2 2.83857692342 -1.59097155175 0.937441711035 -0.468684855172
4.27627394858 -2 2.83906356363 -1.59117693204 0.937432155698 -0.469043347533
4.29215628116 -2 2.85442229581 -1.59775158616 0.93704555113 -0.480350077044
4.29252480971 -2 2.85477789904 -1.59790685586 0.937034609644 -0.480612592414
4.29982907088 -2 2.86183665389 -1.60100407512 0.936799239521 -0.485817044644
4.31522130383 -2 2.87669860064 -1.60767882091 0.936187472313 -0.49679237457
4.31926538597 -2 2.88060019051 -1.60946586287 0.936000588889 -0.499677630695
4.32287187686 -2 2.88407897003 -1.61107108687 0.935824717066 -0.502251219592
4.32542900103 -2 2.88654467524 -1.61221599748 0.935694749251 -0.504076273914
4.32845814788 -2 2.88946501404 -1.61357936497 0.935535126503 -0.506238520066
4.33143200954 -2 2.89233131494 -1.61492541619 0.935372434405 -0.508361611201
4.37044857715 -2 2.9298467667 -1.63328530838 0.932685519143 -0.536239096769
4.372560093 -2 2.93187172425 -1.63431610862 0.932510653375 -0.53774871438
4.37883228432 -2 2.9378839309 -1.63740041682 0.931973276205 -0.542233366272
4.38290225652 -2 2.941782603 -1.63941976924 0.931610190671 -0.54514368488
4.38487781601 -2 2.94367392505 -1.64040516547 0.931429861274 -0.546556414456
4.39130363436 -2 2.94982199452 -1.64363346512 0.930824804271 -0.551151781667
4.39237409018 -2 2.95084579051 -1.64417464227 0.930721255749 -0.551917338993
4.39338380915 -2 2.95181083635 -1.64468617397 0.930622860873 -0.552639465785
4.39368663008 -2 2.95210060916 -1.64483963748 0.930593215051 -0.552856037235
4.41314584327 -2 2.97067298982 -1.65487232489 0.928555698512 -0.566773425007
4.41324078412 -2 2.9707633719 -1.65492209865 0.928545116477 -0.566841327388
4.4282846582 -2 2.98507718274 -1.66290340665 0.926789383824 -0.577600217911
4.43976336983 -2 2.99597161325 -1.66912446981 0.92534387706 -0.585808017736
4.43986026508 -2 2.99606340213 -1.66917748909 0.925331283986 -0.585877294839
4.44252800522 -2 2.9985915119 -1.67063988684 0.924981993105 -0.587784590058
4.44568288891 -2 3.00157956358 -1.67237722934 0.924562500445 -0.59004001874
4.45029994101 -2 3.00594877129 -1.67493530058 0.923936035516 -0.593340433999
4.45922187577 -2 3.01437950044 -1.67993065649 0.922683131048 -0.599716892089
4.46311322129 -2 3.01805131371 -1.68213097409 0.922119166205 -0.602497445198
4.47058007352 -2 3.02508787384 -1.68638964958 0.921007176088 -0.607831770342
4.47102261252 -2 3.02550458875 -1.68664354287 0.920940038877 -0.608147872092
4.47384897271 -2 3.02816443262 -1.68826925007 0.920507996905 -0.610166581173
4.47977230289 -2 3.03373330503 -1.69169861344 0.919584258841 -0.614396485408
4.4856566048 -2 3.03925723107 -1.69513550707 0.918642055731 -0.618597376704
4.50267712967 -2 3.05518885073 -1.70524539333 0.915778574988 -0.63074132756
4.51181607505 -2 3.06371323998 -1.71077718224 0.914156115857 -0.637256833337
4.53109916846 -2 3.08162773939 -1.72268606826 0.910537222178 -0.650991085181
4.5442577832 -2 3.0937936529 -1.73099698996 0.907914905404 -0.66035143253
4.54982864272 -2 3.09892925476 -1.73456056048 0.90676725177 -0.664311067987
4.55031186996 -2 3.0993743059 -1.73487093142 0.90666665007 -0.664654441043
4.55052813137 -2 3.09957344884 -1.73500990217 0.906621572804 -0.664808107812
4.55464841477 -2 3.10336514972 -1.7376652592 0.905756315471 -0.667735231714
4.57315669334 -2 3.1203341099 -1.74977356667 0.90171860647 -0.680869387504
4.58658367556 -2 3.13257738553 -1.75874211895 0.898634444583 -0.690381687589
4.59923532825 -2 3.14406001811 -1.76733445794 0.895608770689 -0.699331291254
4.61015499787 -2 3.15392743211 -1.77486084893 0.89290377855 -0.707044521144
4.61365989188 -2 3.15708593849 -1.77729822155 0.892017154545 -0.709517938946
4.62550909515 -2 3.16773205129 -1.78561615647 0.888953372821 -0.717871316563
4.63565791097 -2 3.17681044222 -1.79283567691 0.886247752689 -0.725014912358
4.63651373874 -2 3.17757430177 -1.79344848981 0.886016151265 -0.725616833645
4.64800255727 -2 3.18780201059 -1.8017353952 0.882855185273 -0.733689642392
4.65587868465 -2 3.19478485521 -1.80748122246 0.880632325601 -0.739215617165
4.66001595995 -2 3.19844339891 -1.81052052294 0.879446445921 -0.742115573854
4.66478438705 -2 3.20265180427 -1.81404145789 0.878064072028 -0.745455479581
4.66634788083 -2 3.20402975538 -1.81520010044 0.877607177886 -0.746550004884
4.66753301762 -2 3.20507360202 -1.81607973703 0.877259653154 -0.747379468845
4.677983901 -2 3.21425442879 -1.82388797071 0.874150386231 -0.754686627859
4.68246782805 -2 3.21818007699 -1.82726628689 0.872791734646 -0.757817646092
4.6852649798 -2 3.22062481292 -1.8293823175 0.871936688696 -0.759769554762
4.68882723661 -2 3.22373363601 -1.83208666883 0.870839421057 -0.762253932043
4.69224972678 -2 3.22671556105 -1.83469495754 0.869776400162 -0.764639299334
4.69572376417 -2 3.22973741942 -1.83735259026 0.86868854053 -0.767059036315
4.69796585585 -2 3.231685053 -1.83907314723 0.867981728203 -0.768619856394
4.69921024024 -2 3.23276509099 -1.84002989572 0.867587840362 -0.769485840582
4.70439852351 -2 3.23726112845 -1.84403289507 0.8659332724 -0.773094205624
4.70995898484 -2 3.24206704637 -1.84834802704 0.864137963009 -0.776957361222
4.71508019002 -2 3.24648158897 -1.8523451177 0.862464282445 -0.780511565265
4.71737673187 -2 3.24845759145 -1.85414465534 0.861707449545 -0.782104211615
4.72463768065 -2 3.25468986053 -1.85986315191 0.859288939317 -0.787134724238
4.74061891974 -2 3.26832499669 -1.8726035793 0.853828492713 -0.798179646053
4.74506638394 -2 3.27209912437 -1.87618673777 0.85227526977 -0.801246531409
4.74758805855 -2 3.27423502481 -1.8782256071 0.851388098783 -0.802984075976
4.75138104467 -2 3.27744225499 -1.88130224939 0.850044787078 -0.805595745482
4.75487239004 -2 3.28038852203 -1.8841446987 0.848798882825 -0.807997720569
4.75757192264 -2 3.28266269845 -1.88634937717 0.847829348925 -0.809853618019
4.76894829399 -2 3.29220926645 -1.89570593985 0.843684187787 -0.817661815776
4.7693947062 -2 3.29258270372 -1.89607523198 0.843519573723 -0.817967779861
4.77161136514 -2 3.29443530589 -1.89791145622 0.842699993844 -0.819486554431
4.77550989365 -2 3.2976877149 -1.90115067836 0.84124972353 -0.822155696394
4.77799374177 -2 3.29975615255 -1.90322091564 0.840319840496 -0.823854939201
4.79922951419 -2 3.31731748998 -1.92112523934 0.832182851196 -0.838339267884
4.80797928494 -2 3.32448846764 -1.9286084272 0.828732773455 -0.844283968067
4.81067081713 -2 3.32668646478 -1.9309227803 0.827660053796 -0.846109818363
4.8181252001 -2 3.33275515609 -1.93736277321 0.824660994381 -0.851159626427
4.82204901781 -2 3.33593800727 -1.9407705688 0.823065775303 -0.853813544446
4.83072181197 -2 3.34294519423 -1.94834631114 0.819499290536 -0.859669073846
4.83370479952 -2 3.34534625276 -1.95096581976 0.818259690764 -0.861679714296
4.83574352625 -2 3.34698452516 -1.95276021209 0.817408681554 -0.863052890338
4.84278164209 -2 3.3526233361 -1.9589801839 0.814447086423 -0.867787092728
4.85445356758 -2 3.36191637662 -1.9693817136 0.809454491392 -0.875616379925
4.85708097103 -2 3.36399871026 -1.97173778343 0.808316680346 -0.877374966243
4.86353319223 -2 3.36909523221 -1.97754707438 0.805500753034 -0.881687545111
4.86399945677 -2 3.36946224907 -1.97796826795 0.805296064283 -0.88199885447
4.86604574394 -2 3.37107379527 -1.97981806585 0.804395840948 -0.88336455396
4.86980348937 -2 3.37402646551 -1.98322374408 0.802734596446 -0.885870191934
4.87054211528 -2 3.37460579161 -1.98389450804 0.802406827456 -0.886362351311
4.87110458255 -2 3.37504693544 -1.98440552537 0.802156958021 -0.886737055439
4.88489032755 -2 3.38580154667 -1.99700806357 0.795959368373 -0.895899615792
4.88529190834 -2 3.38611357013 -1.99737728453 0.795776716808 -0.896165904872
4.89694446069 -2 3.3951181791 -2.00814812619 0.790424646992 -0.903877230989
4.89777243435 -2 3.39575558358 -2.00891727015 0.790040521063 -0.904424009289
4.90475650132 -2 3.40111239077 -2.01542735184 0.786780131814 -0.909029997619
4.90477406205 -2 3.40112597329 -2.01544372134 0.786771888298 -0.909041564956
4.90524153632 -2 3.4014836102 -2.01588078374 0.786552358215 -0.909349466687
4.9169373401 -2 3.41038769264 -2.02687081937 0.781007165715 -0.917036544616
4.91827398211 -2 3.41140012288 -2.02813346725 0.780366983316 -0.917913032698
4.92911099962 -2 3.41957057305 -2.03842032873 0.775127741564 -0.925003737697
4.93968670624 -2 3.42747726466 -2.04854447199 0.76993098898 -0.931896381874
4.94744983799 -2 3.43323784603 -2.05602973915 0.766063624154 -0.936938604281
4.95008773073 -2 3.43518686051 -2.05858349895 0.764739358244 -0.938648551966
4.95214355654 -2 3.43670380597 -2.06057706108 0.763703732884 -0.939979989033
4.96015642328 -2 3.4425880527 -2.06837835508 0.759637429452 -0.945159335338
4.96029415244 -2 3.44268855888 -2.06851295496 0.759567121151 -0.945248218921
4.96173281846 -2 3.44374161864 -2.06991854826 0.758831870166 -0.946176374987
4.96855477097 -2 3.44871440231 -2.07660551383 0.755324610042 -0.950570374358
4.97971755713 -2 3.45678770489 -2.08762164 0.749511605549 -0.957734391668
4.98076777131 -2 3.45754381929 -2.08866257115 0.748959979558 -0.958406721397
4.98493316109 -2 3.4605329207 -2.09280000144 0.746764100428 -0.961070473421
4.98934034515 -2 3.46368458206 -2.09719104723 0.744426839412 -0.963883847923
4.99052439823 -2 3.46452941073 -2.0983731099 0.74379646348 -0.964638819453
4.99075935027 -2 3.46469760969 -2.0986075795 0.743671255062 -0.964788584147
5.01450120593 -2 3.48143946771 -2.12252855929 0.730809665814 -0.979845108358
5.01485128822 -2 3.48168405536 -2.12288416607 0.730616919208 -0.980065963318
5.02677933849 -2 3.4899532936 -2.13505766074 0.723995929087 -0.987570436424
5.03155104457 -2 3.4932363937 -2.13995535582 0.721318068032 -0.99056125957
5.03494625858 -2 3.49556190419 -2.1434503973 0.71940253962 -0.992685356587
5.03611341519 -2 3.49636010038 -2.14465357435 0.718742099457 -0.993414782192
5.04668766614 -2 3.50354796115 -2.15559831657 0.712713234063 -1.00000527798
5.04862711014 -2 3.50485791093 -2.15761425717 0.711598603222 -1.00121051328
5.05021291877 -2 3.50592619707 -2.15926484717 0.710685172146 -1.00219516625
5.05314378588 -2 3.50789875591 -2.16231920915 0.708992153102 -1.00401303499
5.05685556249 -2 3.51038785811 -2.16619613682 0.706839049223 -1.00631161184
5.06314030354 -2 3.51458066122 -2.17278230438 0.70317054258 -1.01019417439
5.06387632979 -2 3.51506956391 -2.17355552505 0.702739030109 -1.01064809943
5.06681068638 -2 3.5170167007 -2.17664133499 0.701014775598 -1.01245616541
5.06693710801 -2 3.51710048313 -2.17677440627 0.700940348302 -1.01253400439
5.07008545199 -2 3.51918248552 -2.18009217244 0.699083096341 -1.01447090858
5.07234399995 -2 3.52067057497 -2.18247683864 0.697746307159 -1.01585854458
5.0791647878 -2 3.52514740542 -2.18969828804 0.693686719429 -1.02003973178
5.09235591967 -2 3.53371294984 -2.2037539115 0.685739864233 -1.02808522516
5.0965241057 -2 3.53639446725 -2.20821952004 0.683202575791 -1.03061616866
5.10047422034 -2 3.5389239612 -2.21246235738 0.680786434219 -1.033009637
5.1045882881 -2 3.54154550869 -2.21689273239 0.678258018732 -1.03549718179
5.11729713512 -2 3.54957109377 -2.2306484741 0.67037029068 -1.0431472308
5.11843278395 -2 3.55028315255 -2.23188269098 0.669659785784 -1.0438282892
5.12397572236 -2 3.55374339121 -2.23791945725 0.666178592259 -1.04714639871
5.12577761878 -2 3.55486302098 -2.23988635631 0.665042167673 -1.04822288132
5.12984090492 -2 3.55737928772 -2.24432945513 0.662470961213 -1.05064643239
5.131774238 -2 3.55857239738 -2.24644725625 0.661243404531 -1.05179765564
5.13299705908 -2 3.55932589379 -2.24778792179 0.660465597549 -1.05252515748
5.13426367858 -2 3.56010504539 -2.24917768679 0.659658800235 -1.053278193
5.13496165677 -2 3.56053363565 -2.24994405251 0.659213717978 -1.05369292963
5.13938296258 -2 3.56324198923 -2.25480532843 0.65638625431 -1.0563162818
5.14098681734 -2 3.56422145612 -2.25657173624 0.65535711295 -1.05726630165
5.14378131188 -2 3.56592218226 -2.25965383525 0.653559576307 -1.0589195152
5.1444603585 -2 3.56633448839 -2.26040355558 0.653121940792 -1.05932083985
5.14450500768 -2 3.56636141133 -2.26045291708 0.653093153495 -1.0593472226
5.1534091117 -2 3.57173847744 -2.27031056248 0.647323800443 -1.06459507665
5.15480188973 -2 3.57257573412 -2.27185660494 0.646416237259 -1.06541350555
5.16833534265 -2 3.58062185097 -2.28694774068 0.637525556732 -1.07333136045
5.17524459928 -2 3.58467724588 -2.29469652505 0.632936335917 -1.07734917072
5.1763087064 -2 3.58529869321 -2.29589256046 0.632226529257 -1.0779664753
5.1783961222 -2 3.58651506332 -2.2982408907 0.630831796736 -1.07917625984
5.18246647552 -2 3.58887627846 -2.30282816646 0.628103255199 -1.08153085633
5.1831250394 -2 3.58925721706 -2.30357130484 0.627660686838 -1.08191126799
5.19276904243 -2 3.59480106124 -2.3144834863 0.621144569501 -1.08746433043
5.19422369733 -2 3.59563092022 -2.31613444989 0.620156004619 -1.08829904031
5.19447947222 -2 3.59577546966 -2.31642525171 0.61998202884 -1.08844573042
5.19566939646 -2 3.59645322316 -2.31777679678 0.619172046031 -1.08912785743
5.20295124722 -2 3.60057557376 -2.32606701142 0.614193530772 -1.09329105866
5.21250120912 -2 3.60591910355 -2.33698844539 0.607607761336 -1.09872175554
5.21370786216 -2 3.60658957656 -2.33837219443 0.606771079018 -1.09940555481
5.22111848428 -2 3.61067953722 -2.34689048742 0.601610228604 -1.10359330113
5.221347958 -2 3.61080652427 -2.34715446413 0.601449806045 -1.10372265213
5.22203716399 -2 3.61118444266 -2.34794849751 0.60096776807 -1.10411102989
5.22223581514 -2 3.6112934089 -2.34817738228 0.600828767623 -1.10422293996
5.23171445184 -2 3.61645573813 -2.35912616717 0.594164297172 -1.10954560435
5.23335046805 -2 3.61733989212 -2.36102121982 0.593007658155 -1.11046088864
5.23374879973 -2 3.61755383599 -2.3614831751 0.592725761027 -1.11068358632
5.23916205939 -2 3.62046211792 -2.36776616058 0.588883865584 -1.11370406711
5.24279160844 -2 3.62239978125 -2.37198825265 0.586296480209 -1.11572305348
5.24951252306 -2 3.62595783368 -2.37982737436 0.581481192464 -1.11944838446
5.25669570544 -2 3.62972078796 -2.38823456742 0.576300074535 -1.12341076512
5.26116374672 -2 3.63204330181 -2.3934780605 0.573059332718 -1.12586535453
5.26763867453 -2 3.63537709238 -2.4010980476 0.568338499315 -1.12940866224
5.27601439852 -2 3.63964105859 -2.41098969604 0.562188958103 -1.13396775667
5.28154596933 -2 3.64242539452 -2.4175442285 0.558101188221 -1.13696351209
5.28305684807 -2 3.64318166675 -2.41933746227 0.55698101619 -1.13777965019
5.28963891259 -2 3.64645561685 -2.42716409092 0.552082807001 -1.14132447371
5.29312646413 -2 3.64817523232 -2.43132104392 0.549475451407 -1.14319567853
5.30840235321 -2 3.65559160553 -2.4496069473 0.537957252679 -1.15133375821
5.31069481227 -2 3.65668802561 -2.45236205337 0.536215025582 -1.15254682932
5.31973380583 -2 3.66096968904 -2.46325245937 0.529310872918 -1.15730879083
5.32256584987 -2 3.66229544508 -2.46667412402 0.52713634268 -1.15879382472
5.32459495385 -2 3.66324379428 -2.46912749382 0.525575007256 -1.15985577168
5.3331572863 -2 3.66720182038 -2.47950595433 0.518956013311 -1.16431799157
5.33750372734 -2 3.66918829101 -2.4847888031 0.515577206101 -1.16657133978
5.3521825649 -2 3.67577762014 -2.50270320166 0.504072814359 -1.17412218174
5.35246232443 -2 3.67590186229 -2.50304557149 0.503852159154 -1.17426519828
5.35663043366 -2 3.67773856756 -2.50815328146 0.50055847041 -1.1763920074
5.35901573627 -2 3.67878421318 -2.51107990658 0.498668380076 -1.17760576248
5.36370645105 -2 3.68082319976 -2.51684454386 0.494940489142 -1.17998545204
5.36398738435 -2 3.68094689861 -2.51718946725 0.494716757695 -1.1801276725
5.36675115891 -2 3.68213840592 -2.52059172416 0.492512939282 -1.18152498703
5.36678809818 -2 3.68215408643 -2.5206372859 0.492483449878 -1.18154364038
5.36952687377 -2 3.68333046057 -2.52401192804 0.49029451347 -1.18292499456
5.37666771598 -2 3.68636627187 -2.53282866905 0.484563982494 -1.18651120974
5.38044655667 -2 3.68795491371 -2.53750467556 0.481517866395 -1.18839993705
5.38243356616 -2 3.68878477078 -2.53996644374 0.479912375329 -1.18939055387
5.38819942533 -2 3.69117478666 -2.54712054953 0.475238928269 -1.19225522049
5.40022656061 -2 3.69606900643 -2.56209514928 0.465420478186 -1.19818308151
5.40410731546 -2 3.69762105825 -2.56694195106 0.462232269678 -1.20008197456
5.40844463083 -2 3.6993414101 -2.57236709714 0.458657397547 -1.20219623139
5.40915364263 -2 3.69962052055 -2.5732549583 0.458071860166 -1.20254103561
5.41087879897 -2 3.70030002879 -2.57541559024 0.456645779275 -1.20337905642
5.4121820182 -2 3.70081059388 -2.57704903243 0.455567210004 -1.20401121973
5.4169308905 -2 3.7026574427 -2.58300833214 0.451627658417 -1.20630825977
5.42179072656 -2 3.70453037079 -2.58911677559 0.447580982207 -1.20864832016
5.43804356916 -2 3.71064103245 -2.60962552481 0.433937352804 -1.21639532439
5.44859387387 -2 3.71447992066 -2.62300388412 0.424990433718 -1.22135853212
5.45552155671 -2 3.71694914359 -2.63181501995 0.419077138367 -1.22458914464
5.45578658567 -2 3.717045084 -2.6321517987 0.418850312983 -1.22471228719
5.46151256188 -2 3.71905216613 -2.63945130582 0.413938897506 -1.22736467585
5.46316440684 -2 3.71962336239 -2.64156051087 0.412518196836 -1.22812695355
5.46539495907 -2 3.72039604625 -2.64440890696 0.410597042619 -1.22915422789
5.46714480198 -2 3.72099624741 -2.64664585245 0.409087729324 -1.22995845364
5.46861750846 -2 3.72150140882 -2.64852887664 0.407815967469 -1.2306341754
5.48068513666 -2 3.72555946871 -2.66399651076 0.397343753509 -1.23613200253
5.4834903899 -2 3.7264841133 -2.66760104268 0.394896349638 -1.23739998661
5.48577251104 -2 3.72723112944 -2.67053584212 0.392901733582 -1.23842870384
5.5097455077 -2 3.73479607339 -2.70149564659 0.371754245057 -1.24908151103
5.51122881666 -2 3.73524563984 -2.7034194497 0.370434150981 -1.2497313606
5.51235383903 -2 3.73558726881 -2.70487853796 0.369432022313 -1.25022351512
5.51499850523 -2 3.73638295193 -2.70831142582 0.367073205282 -1.25137798319
5.51592509346 -2 3.73666012244 -2.70951487313 0.366245757677 -1.25178164208
5.52390593602 -2 3.73901826091 -2.71989353828 0.359097187743 -1.25524070474
5.52437798413 -2 3.73915696717 -2.72050787655 0.358673154376 -1.25544430351
5.53130319924 -2 3.74115335913 -2.7295353875 0.352436831525 -1.2584183643
5.53465709884 -2 3.74210311308 -2.7339145979 0.349406149769 -1.25985003729
5.53515132274 -2 3.74224328518 -2.73455993811 0.348958981432 -1.26006052595
5.53644199522 -2 3.74260576327 -2.73624649116 0.34779050172 -1.26060963796
5.55067344148 -2 3.74650245136 -2.75488507881 0.334840137503 -1.26660831131
5.55801038816 -2 3.74843916055 -2.76452387466 0.328116422164 -1.26966050375
5.55869086653 -2 3.74861593035 -2.76541896681 0.327491199213 -1.26994218416
5.55907731481 -2 3.74871792324 -2.76592681023 0.327136008672 -1.27010204629
5.56058535192 -2 3.7491067103 -2.76791157229 0.325749102546 -1.27072514066
5.5630392638 -2 3.74973795753 -2.7711420506 0.323489421342 -1.27173654775
5.57084279918 -2 3.75170665721 -2.78143031894 0.316279930493 -1.27493216611
5.58456925859 -2 3.75503249276 -2.79958091649 0.303511697725 -1.28047639329
5.5869028869 -2 3.75558178579 -2.80267296198 0.301330044725 -1.28140915511
5.58745191302 -2 3.75570764121 -2.80340152404 0.300816313607 -1.28162818736
5.59524373201 -2 3.75749812977 -2.81374185533 0.293506572247 -1.28471958146
5.5953921865 -2 3.75753068716 -2.81393938592 0.29336696175 -1.28477816927
5.61790465471 -2 3.76237837126 -2.84393428326 0.272049255882 -1.29352699631
5.62299113254 -2 3.76340709272 -2.85073505595 0.267192724812 -1.29546609838
5.62593916202 -2 3.76399064201 -2.85468102029 0.26437127285 -1.29658357301
5.63781321369 -2 3.76626412756 -2.87060108891 0.252957560419 -1.30103679487
5.63921356924 -2 3.76652258609 -2.87248185418 0.251606290226 -1.30155692029
5.64041951794 -2 3.76674481762 -2.87410165857 0.250441735984 -1.30200397965
5.64079159541 -2 3.76681468298 -2.87460102372 0.250082266553 -1.30214175261
5.6444712501 -2 3.76747945688 -2.8795478147 0.246523150374 -1.30350017505
5.65660163602 -2 3.76958967249 -2.89588222888 0.234737006171 -1.30792566424
5.6585915176 -2 3.76992147199 -2.89856637131 0.23279584925 -1.30864387311
5.68514721559 -2 3.77399492747 -2.93449784496 0.206683839465 -1.31801748567
5.68977343115 -2 3.77463406142 -2.94077878836 0.202095986717 -1.31960995838
5.69025282913 -2 3.77470021879 -2.94142966146 0.201619909728 -1.31977428871
5.69226676606 -2 3.77497089764 -2.94416618158 0.199618584512 -1.32046321398
5.69454585956 -2 3.775274927 -2.94726361025 0.197351156564 -1.3212400707
5.69813546706 -2 3.7757392846 -2.95214641106 0.193774323566 -1.32245765101
5.70349851826 -2 3.77641382123 -2.95944697484 0.188417640833 -1.32426311052
5.7048084858 -2 3.77657378021 -2.96123157733 0.187106920781 -1.3247016146
5.70493299322 -2 3.77658814145 -2.96140145817 0.186982294782 -1.32474324171
5.71124916662 -2 3.77733676478 -2.9700124597 0.180649412891 -1.32684331386
5.71640802895 -2 3.77791888478 -2.97705383854 0.175461399463 -1.32854160593
5.73036931409 -2 3.77936606095 -2.99614444132 0.161351870463 -1.33306063521
5.73224415705 -2 3.77954613788 -2.99871187865 0.159449458053 -1.33365888558
5.73894777195 -2 3.78016303809 -3.00789887375 0.152632534835 -1.33578122039
5.74380179099 -2 3.78057937201 -3.01455905219 0.147682161862 -1.33730159835
5.7591751332 -2 3.78175370863 -3.03568836513 0.13192505253 -1.34202551887
5.75975597958 -2 3.7817906916 -3.03648869251 0.131327380462 -1.34220126798
5.76252662795 -2 3.78197743089 -3.04030270317 0.128474157537 -1.34303684502
5.76616708474 -2 3.78221007946 -3.04531720337 0.1247193966 -1.34412781961
5.76630575538 -2 3.78221783179 -3.04550854148 0.124576241858 -1.34416922092
5.7723708296 -2 3.7825726208 -3.05387077361 0.118305738121 -1.34596880594
5.77505862138 -2 3.78272108629 -3.05757838518 0.115521107216 -1.34675929584
5.77580621564 -2 3.78275985416 -3.05861032354 0.114745946506 -1.3469783992
5.77586990707 -2 3.78276281811 -3.05869834373 0.114679893872 -1.3469970503
5.78503761662 -2 3.78319989229 -3.07136106553 0.105151613887 -1.34965633737
5.79581659012 -2 3.78360890652 -3.08627253278 0.0938964911744 -1.35271836183
5.80014683077 -2 3.78374147162 -3.0922697423 0.089359220887 -1.35392870337
5.80379918721 -2 3.78383862004 -3.0973312445 0.0855252766014 -1.35494072908
5.80471649258 -2 3.78385985617 -3.09860323963 0.084561366178 -1.35519363044
5.80541762971 -2 3.7838788874 -3.09957454632 0.0838243369779 -1.35538658909
5.80871247881 -2 3.78394894348 -3.1041443821 0.0803576963871 -1.35628935095
5.81174867522 -2 3.7840053326 -3.10835701243 0.0771586455207 -1.35711538522
5.81328369156 -2 3.78402852736 -3.11048808584 0.0755396389416 -1.35753086315
5.81733189065 -2 3.7840815255 -3.116109541 0.0712646227432 -1.35861966514
5.82169896006 -2 3.78412167393 -3.12217705163 0.0666442612277 -1.35978297162
5.82659473868 -2 3.78414412526 -3.12898357805 0.0614539567825 -1.36107318777
5.82768100582 -2 3.78414673973 -3.13049415564 0.0603008325427 -1.36135745894
5.82924281965 -2 3.78414598624 -3.13266719982 0.0586419358048 -1.36176490388
5.83137354982 -2 3.78414413409 -3.13563159213 0.0563769414624 -1.36231834028
5.83323620858 -2 3.78413756931 -3.13822412149 0.054395196334 -1.36279985077
5.83401558369 -2 3.78413294643 -3.13930934983 0.0535655193797 -1.36300068832
5.83555145904 -2 3.78412216713 -3.14144825588 0.0519297001294 -1.36339536882
5.83600793446 -2 3.78411985411 -3.14208362123 0.051443311907 -1.36351238981
5.8381222262 -2 3.7841014997 -3.1450285409 0.0491892260969 -1.36405272129
5.84026813151 -2 3.78408049599 -3.14801765508 0.0468993469495 -1.36459829792
5.8459318366 -2 3.783999077 -3.15591211519 0.040845581579 -1.36602450522
5.85679000014 -2 3.78375242756 -3.17106328785 0.0291990878915 -1.36870284419
5.85932618451 -2 3.78367789764 -3.1746051496 0.0264711565713 -1.36931780948
5.8634048844 -2 3.78354316517 -3.18030391389 0.0220780861138 -1.37029833287
5.86741546565 -2 3.78339514948 -3.1859100094 0.0177511993511 -1.37125228083
5.86780474176 -2 3.7833807592 -3.18645403089 0.0173308439492 -1.37134433387
5.86874972703 -2 3.783344865 -3.18777487484 0.0163101347133 -1.37156739938
5.8696174669 -2 3.78330854844 -3.18898868378 0.0153725147443 -1.371771735
5.87470351668 -2 3.78308703277 -3.19610356236 0.00987023878658 -1.37295983948
5.88157505016 -2 3.78274700768 -3.20572259884 0.00241844206346 -1.37453903364
5.88374974565 -2 3.78262845012 -3.20876870445 5.58419134768e-05 -1.37503257432
5.88977452304 -2 3.7822786715 -3.21721034924 -0.00650014131038 -1.37638416578
5.89334095195 -2 3.78205229497 -3.2222107253 -0.010388347986 -1.37717335063
5.89751291292 -2 3.78177372935 -3.22806171743 -0.0149435906987 -1.37808621253
5.90191260696 -2 3.78146019813 -3.23423509007 -0.0197554696915 -1.37903682811
5.90589602586 -2 3.78115886155 -3.23982696663 -0.0241191010797 -1.37988678487
5.90749169587 -2 3.78103482893 -3.24206721322 -0.0258689402949 -1.38022439689
5.90770783533 -2 3.7810167593 -3.24237102599 -0.0261060443473 -1.38027000168
5.90992850239 -2 3.78083934644 -3.24548940986 -0.0285432345511 -1.38073681326
5.91941992738 -2 3.78001905462 -3.25882723132 -0.0389831521375 -1.38269615553
5.92408278405 -2 3.77958168496 -3.26538442584 -0.0441255500404 -1.38363736481
5.92878886727 -2 3.77911806965 -3.27200521946 -0.0493246063384 -1.38457298543
5.93030288629 -2 3.77896566222 -3.27413535386 -0.0509991315232 -1.38487092594
5.93227448482 -2 3.77876177519 -3.27691031204 -0.0531811333397 -1.38525667425
5.93287030721 -2 3.77869961985 -3.27774893339 -0.0538408484251 -1.38537274985
5.93556018685 -2 3.77841323528 -3.28153589692 -0.0568209521372 -1.38589389777
5.93603365873 -2 3.77836280497 -3.28220233763 -0.0573458096301 -1.38598514118
5.93850988888 -2 3.77809227125 -3.28568919167 -0.0600922446701 -1.38645995247
5.94165492694 -2 3.77773948692 -3.29011894148 -0.0635839932484 -1.387057224
5.9426703004 -2 3.7776222233 -3.29154971698 -0.0647121416087 -1.38724866957
5.94273328454 -2 3.77761474719 -3.29163852525 -0.0647821347071 -1.38726052278
5.94301882193 -2 3.77758296273 -3.29204046548 -0.0650994667783 -1.38731422648
5.9541461695 -2 3.77623726157 -3.30772464439 -0.0774908713755 -1.38936535268
5.95764372272 -2 3.77578944488 -3.31265699755 -0.0813957451436 -1.3899932268
5.96091907711 -2 3.7753575911 -3.31727757359 -0.085056840257 -1.39057388883
5.96297993054 -2 3.77508018751 -3.32018545066 -0.0873625221567 -1.3909356058
5.96398997107 -2 3.77494347366 -3.32161052894 -0.088493151066 -1.39111185965
5.96411300972 -2 3.77492623353 -3.3217842943 -0.0886309060033 -1.39113328395
5.96557583647 -2 3.77472479634 -3.32384886253 -0.0902691415034 -1.39138723253
5.97162232017 -2 3.77387162798 -3.33238410373 -0.0970493265359 -1.39242185073
5.97462379411 -2 3.77343443835 -3.3366222997 -0.100420161591 -1.39292641287
5.97596851739 -2 3.77323507346 -3.33852154667 -0.10193146886 -1.39315052241
5.98160212528 -2 3.77238109388 -3.34647975577 -0.108270341996 -1.39407630757
5.98179396823 -2 3.77235081025 -3.34675100967 -0.108486410379 -1.39410746069
5.98223129087 -2 3.77228369761 -3.34736872337 -0.108979008257 -1.39417838502
5.9824508742 -2 3.7722488927 -3.34767921292 -0.109226372588 -1.39421394854
5.98692286099 -2 3.77154375716 -3.3539990224 -0.114268035084 -1.39493121278
5.99117927577 -2 3.77085429946 -3.36001564031 -0.119073524874 -1.39560146264
6.00076567098 -2 3.76923210245 -3.37357257338 -0.129920810928 -1.39706645711
6.00224882552 -2 3.76897232073 -3.37567083169 -0.131602017612 -1.39728758721
6.00254419432 -2 3.76892121023 -3.37608843896 -0.131936922846 -1.39733144793
6.00400729051 -2 3.76866215546 -3.37815856963 -0.133596323077 -1.39754784218
6.0054184703 -2 3.76841054521 -3.38015530063 -0.135197568438 -1.39775518897
6.01204391164 -2 3.76720384203 -3.38953134321 -0.14272485367 -1.39871067817
6.01486044003 -2 3.76667629549 -3.39351845952 -0.145929473629 -1.39910786086
6.01597974157 -2 3.76646485925 -3.39510296971 -0.147203779953 -1.39926420924
6.01739413313 -2 3.76619532895 -3.39710550497 -0.148814670109 -1.39946056072
6.02384210479 -2 3.76494133593 -3.40623624493 -0.156167291376 -1.40033846518
6.02396219737 -2 3.76491875913 -3.40640595974 -0.156304369892 -1.40035454765
6.02563295094 -2 3.76458586001 -3.40877257609 -0.158211952273 -1.40057727103
6.0268696008 -2 3.76433834892 -3.41052417232 -0.159624516849 -1.40074089986
6.02878226019 -2 3.76395229382 -3.41323351215 -0.161810289562 -1.40099192123
6.033181339 -2 3.76305028941 -3.41946575635 -0.166842274549 -1.40155978446
6.04004002538 -2 3.76160429594 -3.42918487689 -0.174700839447 -1.4024187336
6.04755113669 -2 3.75996541467 -3.43983149462 -0.183325038795 -1.40332235944
6.05053580003 -2 3.7592984053 -3.44406281677 -0.186757199627 -1.40367065509
6.05592465003 -2 3.75806948789 -3.4517040719 -0.192961415749 -1.40428395103
6.05639919767 -2 3.75796024235 -3.45237690701 -0.1935082192 -1.404336998
6.05955350605 -2 3.75722595593 -3.45685018903 -0.19714466617 -1.40468564367
6.06070967008 -2 3.75695446982 -3.45848984387 -0.198478356162 -1.40481171071
6.07518607526 -2 3.75343608193 -3.47902542099 -0.215213679782 -1.4063117186
6.07967218115 -2 3.75230184389 -3.48539076991 -0.220413187299 -1.40674697
6.08239902106 -2 3.75160200374 -3.48926028353 -0.22357670938 -1.40700467189
6.08319102608 -2 3.75139712233 -3.49038427285 -0.224495977144 -1.40707854749
6.08397891343 -2 3.75119279006 -3.49150239708 -0.225410656759 -1.40715160399
6.08470997567 -2 3.75100358663 -3.49253959215 -0.226259536816 -1.40721900321
6.08611183638 -2 3.75063742671 -3.49452909077 -0.227887778502 -1.40734720001
6.10024107317 -2 3.74683601187 -3.51458304241 -0.244331864178 -1.40856236632
6.10574667931 -2 3.74529947819 -3.52239819489 -0.25075556358 -1.40899786744
6.10804602646 -2 3.74464792384 -3.52566241326 -0.253440967475 -1.40917342142
6.10922172357 -2 3.74431304271 -3.52733137483 -0.25481465612 -1.40926174302
6.12536653062 -2 3.73956879958 -3.55025143061 -0.273718330915 -1.41037560964
6.12557079925 -2 3.73950680497 -3.55054150749 -0.273957976888 -1.41038851779
6.12793210296 -2 3.73879005272 -3.55389379565 -0.276729077689 -1.41053557886
6.1298589647 -2 3.73820071951 -3.55662937711 -0.278991484894 -1.41065264267
6.13432161171 -2 3.73682113974 -3.56296499988 -0.284235182286 -1.41091360585
6.13494312387 -2 3.73662739446 -3.56384735039 -0.284965903192 -1.41094882336
6.14139111687 -2 3.73459358804 -3.57300140954 -0.292553073982 -1.4112979143
6.14894602222 -2 3.73215627961 -3.58372640194 -0.30145686206 -1.41166908016
6.15052715906 -2 3.73163850587 -3.58597097873 -0.303322206838 -1.41174158101
6.15172175104 -2 3.7312458391 -3.58766672034 -0.30473195912 -1.41179516698
6.15808828837 -2 3.72912792102 -3.59670384959 -0.312251427617 -1.41206344993
6.1602831635 -2 3.72838829537 -3.59981917527 -0.314846193082 -1.41214917873
6.16112457687 -2 3.72810325343 -3.60101347917 -0.315841231447 -1.41218112272
6.16388300076 -2 3.72716426098 -3.60492850117 -0.319104546302 -1.41228226521
6.16473228018 -2 3.72687333761 -3.60613392178 -0.320109661273 -1.41231230022
6.1727213043 -2 3.72410194918 -3.61747169681 -0.329573422271 -1.41256932506
6.17679802263 -2 3.72266209812 -3.62325665576 -0.334408753204 -1.41268268322
6.17687308601 -2 3.72263537926 -3.62336318236 -0.334497822698 -1.41268465751
6.17986250003 -2 3.72156866812 -3.62760482332 -0.338046142681 -1.41275996118
6.18083249056 -2 3.72122038669 -3.62898112419 -0.339197947699 -1.41278300163
6.18179839573 -2 3.7208728816 -3.63035151132 -0.340345126119 -1.41280526606
6.18278054208 -2 3.72051825873 -3.63174499828 -0.341511822813 -1.41282720988
6.18650053745 -2 3.71916670555 -3.63702248416 -0.345932907138 -1.41290396651
6.20374396104 -2 3.71271529642 -3.66147820359 -0.366468216411 -1.41312801504
6.20529438694 -2 3.71212006716 -3.66367650593 -0.368317945285 -1.41313751178
6.20568495275 -2 3.71196985378 -3.6642302211 -0.368783992668 -1.41313962642
6.21115624265 -2 3.70984763228 -3.67198664154 -0.375316224338 -1.41315749233
6.21868954853 -2 3.70687520588 -3.68266365408 -0.384321002052 -1.41314612086
6.22731672217 -2 3.7033993692 -3.69488696985 -0.394648153477 -1.413081779
6.23344884708 -2 3.70088201404 -3.70357241402 -0.401998001175 -1.41300264529
6.23376232581 -2 3.70075232705 -3.70401634047 -0.402373936802 -1.41299785297
6.23892247809 -2 3.69860231232 -3.71132303963 -0.408565028102 -1.41290851193
6.24305623965 -2 3.69686021509 -3.71717502018 -0.413528486224 -1.41282270504
6.24486736972 -2 3.69609132179 -3.7197385906 -0.415704187944 -1.4127811156
6.24487001667 -2 3.69609019515 -3.71974233719 -0.415707368172 -1.41278105304
6.24569895076 -2 3.69573721046 -3.72091555547 -0.416703375846 -1.41276120382
6.24612654866 -2 3.69555480274 -3.72152074388 -0.417217209127 -1.41275076522
6.25118501644 -2 3.6933829865 -3.72867893775 -0.423298504759 -1.41261696226
6.25788851175 -2 3.69046426896 -3.73816190902 -0.431364912864 -1.41241030062
6.26554065406 -2 3.68707590209 -3.74898234753 -0.44058297188 -1.41213342087
6.26779558358 -2 3.68606592928 -3.75216994515 -0.44330135977 -1.41204348277
6.26934222929 -2 3.68537014235 -3.75435605139 -0.445166411444 -1.41197959496
6.26952015547 -2 3.68528995289 -3.75460752373 -0.44538099415 -1.41197213046
6.27911709316 -2 3.68091585315 -3.76816725958 -0.456963254273 -1.41153435933
6.28639589414 -2 3.67753506247 -3.77844581227 -0.46575823953 -1.41115621859
6.28681671126 -2 3.67733793323 -3.77903989866 -0.466266981244 -1.41113313815
6.28754081438 -2 3.67699832709 -3.78006209885 -0.467142444527 -1.4110931114
6.28934624286 -2 3.67614917458 -3.78261056727 -0.469325634979 -1.41099159187
6.29601333221 -2 3.6729844275 -3.79201862301 -0.477392249138 -1.41059541058
6.29990406872 -2 3.67111640641 -3.79750675254 -0.48210293844 -1.41034870784
6.3031524771 -2 3.66954484714 -3.80208758003 -0.48603771431 -1.41013396953
6.30587663264 -2 3.66821853887 -3.80592822216 -0.489338696358 -1.40994773241
6.30596495124 -2 3.66817543081 -3.8060527179 -0.489445734575 -1.40994160048
6.30848480767 -2 3.6669415778 -3.80960455756 -0.49250017624 -1.40976415856
6.3106029973 -2 3.66589935155 -3.81258967097 -0.495068460868 -1.40961127848
6.31132601563 -2 3.6655425346 -3.81360848788 -0.495945263464 -1.40955831593
6.31916897679 -2 3.66163746741 -3.82465617171 -0.505461212726 -1.40895830592
6.32293684492 -2 3.65973893315 -3.82996100784 -0.510035871429 -1.40865342903
6.32989445581 -2 3.65619479643 -3.83975211288 -0.518488324388 -1.40806204618
6.33023787614 -2 3.65601858258 -3.84023523033 -0.518905694762 -1.40803190062
6.3317075562 -2 3.6552630568 -3.84230259221 -0.520692020484 -1.40790187518
6.3498776218 -2 3.64573885149 -3.86783840773 -0.542799222344 -1.40615795913
6.3500290213 -2 3.64565803953 -3.868051001 -0.542983594273 -1.40614236613
6.35166409627 -2 3.64478412142 -3.87034664422 -0.544974931189 -1.40597284538
6.35194187745 -2 3.64463540473 -3.8707366033 -0.545313267798 -1.40594384181
6.35260926602 -2 3.64427769868 -3.87167348751 -0.546126180956 -1.40587391662
6.36463197894 -2 3.63775553106 -3.88854001982 -0.560778899158 -1.40455562244
6.36618837031 -2 3.63690031982 -3.89072192134 -0.562676886974 -1.40437683233
6.36741271145 -2 3.63622585272 -3.89243805544 -0.564170121982 -1.40423487476
6.3677707619 -2 3.6360283472 -3.89293987574 -0.564606837684 -1.40419314186
6.36789590484 -2 3.63595924087 -3.8931152774 -0.564759478151 -1.40417853241
6.36908796812 -2 3.63530049473 -3.89478586039 -0.566213552053 -1.40403876307
6.3742712147 -2 3.63241908974 -3.9020472866 -0.572537705369 -1.40341828161
6.37530880747 -2 3.6318389077 -3.90350041492 -0.573804003362 -1.40329158098
6.37639557571 -2 3.63123015723 -3.90502219686 -0.575130426966 -1.40315798382
6.37693436934 -2 3.63092791268 -3.90577658853 -0.575788077768 -1.40309141119
6.37818721345 -2 3.63022389281 -3.90753060188 -0.577317403877 -1.40293574403
6.37843052443 -2 3.63008691167 -3.90787123626 -0.577614426713 -1.40290537169
6.38766118506 -2 3.62484791944 -3.92078630989 -0.588886786927 -1.40171928285
6.38817933095 -2 3.62455123809 -3.92151086714 -0.589519764049 -1.40165074804
6.38855446163 -2 3.62433618606 -3.92203543659 -0.589978045437 -1.40160099989
6.3952027674 -2 3.62050262359 -3.93132779846 -0.598101967141 -1.40070122279
6.42208362317 -2 3.60453935872 -3.96882174081 -0.630983097329 -1.39671262883
6.4255975544 -2 3.60239794648 -3.97371337335 -0.635284907772 -1.39614955765
6.43405028267 -2 3.59719451143 -3.98547075316 -0.645635679381 -1.39475550172
6.43945655421 -2 3.59382825209 -3.99298338253 -0.652257826465 -1.39383450946
6.44300691686 -2 3.59160091161 -3.99791402247 -0.656607405718 -1.3932172007
6.44623856772 -2 3.58956243871 -4.00239982378 -0.660567000914 -1.39264669551
6.45175280301 -2 3.58605968255 -4.01004912244 -0.667324304259 -1.39165426297
6.46012105999 -2 3.58068401686 -4.02164576235 -0.677581059414 -1.39010242296
6.46041226336 -2 3.58049594184 -4.02204895887 -0.677938019585 -1.39004742698
6.46107913661 -2 3.58006431876 -4.02297242199 -0.67875548916 -1.38992123081
6.46359058014 -2 3.57843450134 -4.02644941823 -0.681834190509 -1.38944282617
6.47316036712 -2 3.57216504667 -4.03968607481 -0.693566927809 -1.38757420847
6.48312715675 -2 3.56553573897 -4.05345070361 -0.705788232278 -1.38555102739
6.48322635952 -2 3.56546910785 -4.05358763957 -0.705909881771 -1.38553049431
6.48377205401 -2 3.56510325823 -4.05434058955 -0.70657905303 -1.38541740644
6.48776101721 -2 3.56241862692 -4.05984286334 -0.711470702932 -1.38458357178
6.48792981051 -2 3.56230444006 -4.06007568446 -0.711677696375 -1.38454800951
6.48898302856 -2 3.56159304085 -4.06152772201 -0.712969275943 -1.384325601
6.4904806887 -2 3.560578732 -4.06359229936 -0.714805894207 -1.3840078226
6.49448109291 -2 3.55785952875 -4.0691040498 -0.719711738085 -1.38315026682
6.49572568673 -2 3.55701006049 -4.07081814053 -0.721238037809 -1.38288087226
6.49836459073 -2 3.55520344652 -4.07445140486 -0.724474242981 -1.3823056016
6.49907095241 -2 3.55471868876 -4.07542364412 -0.72534048468 -1.3821506776
6.49941227932 -2 3.55448373671 -4.07589357071 -0.725759068213 -1.3820756732
6.50373950394 -2 3.55150157582 -4.08184663021 -0.731065692438 -1.38111675233
6.50631841937 -2 3.5497149697 -4.08539246021 -0.734228258294 -1.38053816729
6.5078687967 -2 3.54863813535 -4.08752320193 -0.73612948707 -1.38018778594
6.50948590023 -2 3.54751136785 -4.08974533797 -0.738112518944 -1.37982028281
6.5119124018 -2 3.54581647662 -4.09307825263 -0.741088052519 -1.37926492305
6.5139667296 -2 3.54437640321 -4.09589899184 -0.74360714607 -1.37879107133
6.52021247361 -2 3.53997251659 -4.10446824779 -0.751265517826 -1.37732973008
6.52499116253 -2 3.53657630885 -4.1110181163 -0.757124531104 -1.37619059017
6.52514778914 -2 3.53646441081 -4.1112327579 -0.757316558085 -1.37615294453
6.53316897791 -2 3.53070935614 -4.12221392611 -0.767149847561 -1.37419877626
6.53473369442 -2 3.52957846605 -4.12435432614 -0.769067846295 -1.373811564
6.53835171933 -2 3.52695540008 -4.12930062281 -0.773502454387 -1.37290871408
6.54440740527 -2 3.5225335353 -4.13757240049 -0.780923886513 -1.3713740668
6.54646376477 -2 3.5210245744 -4.14037875481 -0.783443703851 -1.37084624275
6.54845004708 -2 3.51956184715 -4.14308875359 -0.785877487226 -1.37033318062
6.5493739593 -2 3.51887966446 -4.14434907719 -0.787009496609 -1.37009345122
6.5507556313 -2 3.51785834361 -4.14623326347 -0.788702300512 -1.36973366565
6.557600336 -2 3.51277143093 -4.15555940361 -0.797087045916 -1.3679286702
6.56088252745 -2 3.51031463868 -4.1600271689 -0.801106911072 -1.36704975789
6.56192520259 -2 3.50953248867 -4.16144566406 -0.802383810902 -1.36676873214
6.56279936449 -2 3.50887483945 -4.16263500724 -0.80345429833 -1.36653244973
6.56387548744 -2 3.50806536487 -4.16409846939 -0.804772047886 -1.36624073248
6.56570483222 -2 3.5066859566 -4.16658573474 -0.807011996891 -1.36574268863
6.5660925968 -2 3.50639353852 -4.1671127101 -0.807486772785 -1.3656367722
6.56952583821 -2 3.50379322229 -4.17177812594 -0.811690028599 -1.36469370575
6.57480174726 -2 3.49977387083 -4.17894110077 -0.818147848021 -1.36322594574
6.58143411745 -2 3.49468207309 -4.1879341512 -0.82626346184 -1.36134892631
6.60556513291 -2 3.47577060171 -4.22054851013 -0.855763475725 -1.3542192617
6.60574611026 -2 3.47562594259 -4.22079263941 -0.855984536977 -1.35416400738
6.60868355736 -2 3.47328308763 -4.22475065394 -0.859572172208 -1.35326345493
6.61590503855 -2 3.46748295813 -4.23447085534 -0.868388664238 -1.35101972179
6.61689610231 -2 3.4666837741 -4.23580328386 -0.869598231904 -1.35070848802
6.62587074718 -2 3.45939205712 -4.24785808266 -0.880547024153 -1.34785371011
6.62595358178 -2 3.45932408863 -4.24796931805 -0.880648040783 -1.34782705561
6.63150667197 -2 3.45477093204 -4.25541534596 -0.88741833017 -1.34602743763
6.63269193406 -2 3.45379490892 -4.25700340537 -0.888862953909 -1.34564006994
6.63538836305 -2 3.45156865795 -4.26061466259 -0.892148831387 -1.34475455611
6.63932189522 -2 3.44830754676 -4.26587859419 -0.896940748295 -1.3434521408
6.63940881657 -2 3.4482349996 -4.26599495355 -0.897046617419 -1.34342321809
6.64299465995 -2 3.44524910221 -4.27078880522 -0.901413346688 -1.34222467039
6.65303694393 -2 3.43681443154 -4.28419256945 -0.913634126121 -1.33881221496
6.6583641203 -2 3.4322965209 -4.29128987829 -0.920111692975 -1.33696853418
6.6672444789 -2 3.42470151872 -4.30309952728 -0.930901227828 -1.33384351553
6.66900694294 -2 3.42318501333 -4.3054400288 -0.933041293394 -1.33321562071
6.66979403023 -2 3.42250585672 -4.30648519111 -0.933996868072 -1.33293439128
6.67152151505 -2 3.42101507735 -4.30877770791 -0.936093833343 -1.33231537435
6.67879166723 -2 3.41470533541 -4.31841522103 -0.94491415291 -1.32968341845
6.68724500863 -2 3.4072979852 -4.3295988211 -0.955159867768 -1.32656860257
6.71370994099 -2 3.38363033592 -4.36444697537 -0.987160595464 -1.31643732308
6.71451275423 -2 3.38290058906 -4.36550026172 -0.988129434838 -1.31612098361
6.72014923559 -2 3.37776140197 -4.37288760021 -0.994928247153 -1.31388503945
6.73227722003 -2 3.3665902414 -4.38874304999 -1.00953690982 -1.3089851541
6.74148487148 -2 3.35800808662 -4.40074297169 -1.02060863911 -1.30518406454
6.74355245008 -2 3.35606818722 -4.40343327544 -1.02309243153 -1.30432090268
6.75749776584 -2 3.3428702142 -4.42153440752 -1.03982154683 -1.29840679559
6.76158874534 -2 3.338958458 -4.42683047325 -1.04472121261 -1.29664132681
6.77276218112 -2 3.32819079089 -4.44125947101 -1.05808423355 -1.29174881835
6.78207100077 -2 3.31911987517 -4.45324203819 -1.06919518219 -1.28759379623
6.78537798974 -2 3.31587516701 -4.45749043982 -1.07313741334 -1.28610041944
6.7884489056 -2 3.31285202643 -4.46143144543 -1.07679584626 -1.28470552809
6.7918130706 -2 3.3095283461 -4.46574443959 -1.08080097323 -1.28316845682
6.79403324329 -2 3.30732993864 -4.46858771241 -1.08344260919 -1.28214892727
6.79405025138 -2 3.30731297321 -4.46860951852 -1.08346284123 -1.28214110117
6.80072668199 -2 3.30066584509 -4.47714869314 -1.09139917981 -1.27905046442
6.8024737559 -2 3.2989199481 -4.47937970529 -1.09347406919 -1.27823560523
6.80678666615 -2 3.29459419099 -4.48488235587 -1.09859286308 -1.27621315391
6.81519637841 -2 3.28610273424 -4.49558911831 -1.1085599119 -1.27222515609
6.81799580415 -2 3.28325821958 -4.49914682903 -1.11187355274 -1.27088459483
6.8198919147 -2 3.28132796191 -4.5015542656 -1.11411674598 -1.26997290442
6.82260440643 -2 3.27856203702 -4.50499487955 -1.11732405192 -1.26866348499
6.82428607785 -2 3.27684032828 -4.50712729231 -1.119311479 -1.2678486088
6.82844392566 -2 3.27257677034 -4.51239232628 -1.12422192464 -1.2658237745
6.82972236806 -2 3.27126160634 -4.51400984083 -1.12573080238 -1.26519829485
6.8329208137 -2 3.26796374961 -4.51805340576 -1.12950373924 -1.26362749634
6.84026913206 -2 3.26034753722 -4.52732561705 -1.13816087124 -1.25998640471
6.84275304913 -2 3.25775713885 -4.53045531999 -1.14108366875 -1.2587454631
6.84919215793 -2 3.25102150414 -4.53855240526 -1.14865205167 -1.25550463427
6.85704103209 -2 3.24274837181 -4.54839773122 -1.15786068466 -1.25150758351
6.86110755829 -2 3.23843528592 -4.55348780232 -1.16262433663 -1.24941652394
6.86489917555 -2 3.23439965128 -4.55822633029 -1.16706135212 -1.24745441747
6.86644220109 -2 3.23275516824 -4.56015209503 -1.16886574494 -1.24665249579
6.86647766532 -2 3.23271707287 -4.56019642733 -1.16890720756 -1.24663404145
6.88052491402 -2 3.21760942318 -4.5776824858 -1.1852989776 -1.23924192962
6.89421771303 -2 3.20268390235 -4.59463573432 -1.20121527188 -1.23187804437
6.89424042035 -2 3.20265884136 -4.5946638182 -1.20124161451 -1.23186570272
6.89777255764 -2 3.19877488976 -4.59902264455 -1.20533710028 -1.22994071609
6.89793720091 -2 3.19859568817 -4.59922499524 -1.20552789939 -1.22985073306
6.89945613216 -2 3.19692105251 -4.60109744844 -1.20728769708 -1.22901952031
6.9000630918 -2 3.19625164748 -4.60184521322 -1.20799068532 -1.22868683259
6.90517782667 -2 3.19059351121 -4.60813977966 -1.21390959683 -1.22587113297
6.90548462668 -2 3.19025443191 -4.60851656278 -1.21426434638 -1.2257015437
6.91078028133 -2 3.18436506512 -4.61501931924 -1.22038247426 -1.22276190216
6.91402230105 -2 3.18074479253 -4.61899343762 -1.22412314604 -1.2209506993
6.92174733281 -2 3.17207400419 -4.62844138662 -1.23302125233 -1.21659966032
6.9246316365 -2 3.16882154412 -4.63196083363 -1.23633803004 -1.21496234486
6.92528256328 -2 3.16808600738 -4.63275460662 -1.23708613835 -1.21459187731
6.92695298082 -2 3.16619507213 -4.63479102324 -1.23900523594 -1.21363956081
6.9281602142 -2 3.16482819561 -4.6362613862 -1.24039155711 -1.21294985972
6.93157510598 -2 3.16095377782 -4.64041639639 -1.24431012598 -1.21099232365
6.94036610217 -2 3.15091962806 -4.65108593028 -1.25437776963 -1.20590825643
6.95201177186 -2 3.13749989202 -4.66515811438 -1.26766951145 -1.19907397721
6.96163076176 -2 3.12630688562 -4.6767270327 -1.27860841446 -1.19334373689
6.96957444459 -2 3.11699079175 -4.68624297175 -1.28761445207 -1.18855332279
6.97142563663 -2 3.11481029811 -4.68845558494 -1.28970956634 -1.1874294046
6.97245771607 -2 3.11359139221 -4.6896888694 -1.29087703418 -1.18680155497
6.97410626681 -2 3.11164610304 -4.69165633514 -1.29274094298 -1.18579684156
6.97802365513 -2 3.1070073029 -4.69632703431 -1.29716562086 -1.18340028658
6.97833762583 -2 3.10663580269 -4.69670070354 -1.29751997703 -1.18320765357
6.98263759154 -2 3.10152252338 -4.70181744388 -1.30236894131 -1.18056118752
6.98568928457 -2 3.09788399194 -4.70544186132 -1.3058056001 -1.1786736314
6.98884806252 -2 3.09410664203 -4.7091882165 -1.30935874775 -1.17671166109
6.99174352403 -2 3.09063539352 -4.71261719924 -1.31261201292 -1.17490593279
6.99493662133 -2 3.08679619546 -4.71639344352 -1.31619557365 -1.17290648203
7.00112551301 -2 3.07932551631 -4.7236957561 -1.32312885467 -1.16900692473
7.01178475288 -2 3.06635950766 -4.73622256386 -1.33503125509 -1.16221580417
7.01285600757 -2 3.06505127585 -4.73747741376 -1.33622469143 -1.16152805991
7.01431581578 -2 3.0632635242 -4.73918729429 -1.3378501801 -1.16058932546
7.01661842449 -2 3.06044259759 -4.74188072167 -1.34041219957 -1.15910501644
7.01800082379 -2 3.05874462744 -4.74349680025 -1.34194920464 -1.1582117714
7.02054276595 -2 3.05561847956 -4.74646509321 -1.34477320335 -1.15656512632
7.0206157438 -2 3.05552814497 -4.74655040694 -1.34485423611 -1.15651777251
7.0238620703 -2 3.05152504716 -4.75033572995 -1.34845644924 -1.15440681105
7.02597598529 -2 3.04891409813 -4.75279674052 -1.35079954771 -1.15302749471
7.02766528773 -2 3.0468216089 -4.75476233313 -1.35267054055 -1.15192256022
7.02949451947 -2 3.04455441117 -4.75688820156 -1.35469504662 -1.15072342138
7.03275342221 -2 3.04050499211 -4.76067112124 -1.35829805074 -1.14858016954
7.04597514507 -2 3.02396343376 -4.7759527594 -1.3728653946 -1.13979407483
7.05104131143 -2 3.01757584941 -4.78178032059 -1.37842542398 -1.13638896187
7.05512642327 -2 3.01240620125 -4.7864677292 -1.3828998686 -1.13362769629
7.05592439848 -2 3.01139453405 -4.78738209167 -1.38377296227 -1.13308669762
7.0849261335 -2 2.97415474296 -4.82034932114 -1.41529361748 -1.11306546364
7.08838164437 -2 2.96965621444 -4.8242425639 -1.41902129725 -1.11063339887
7.09287836759 -2 2.96378529854 -4.82929680875 -1.42386309144 -1.10745367227
7.09697771011 -2 2.95841709989 -4.83389224386 -1.42826797313 -1.10454032882
7.10786721559 -2 2.94406392461 -4.84604859917 -1.43992678548 -1.09673366384
7.12498301129 -2 2.9212514663 -4.86499726291 -1.45812518844 -1.08426489552
7.12738085499 -2 2.9180316851 -4.86763598095 -1.46066213668 -1.082498721
7.12948636992 -2 2.91519732514 -4.86995046665 -1.46288722142 -1.08094394637
7.1342361113 -2 2.90878946941 -4.87515957629 -1.46789780492 -1.07742313919
7.16310456812 -2 2.86932841045 -4.90648733541 -1.49808156789 -1.05562340941
7.16374315269 -2 2.8684455517 -4.90717375985 -1.49874390971 -1.05513342024
7.1650183229 -2 2.86668132427 -4.90854359447 -1.50006581772 -1.05415397078
7.16586290143 -2 2.86551271497 -4.90944997947 -1.50094083595 -1.05350451869
7.16899227057 -2 2.86117346536 -4.91280480173 -1.50417939803 -1.05109302116
7.17895278612 -2 2.84729162114 -4.92343699509 -1.51444952382 -1.04336378765
7.18257678182 -2 2.8422164691 -4.92728724459 -1.51817172055 -1.04053137261
7.18425053022 -2 2.83986680505 -4.92906261015 -1.51988820149 -1.03921957381
7.18979974702 -2 2.83205621137 -4.9349339882 -1.525567181 -1.0348539194
7.19841262055 -2 2.81987264726 -4.94400132825 -1.53434491766 -1.02802798114
7.19968421473 -2 2.81806701715 -4.94533548333 -1.53563705849 -1.02701505329
7.20430630742 -2 2.81148842075 -4.95017523707 -1.54032555634 -1.02332201756
7.21192249722 -2 2.8006012923 -4.95811486374 -1.54802265472 -1.01719853336
7.22279502504 -2 2.78495532979 -4.96937327062 -1.55894851656 -1.00837468568
7.22448686491 -2 2.78250886527 -4.97111733915 -1.56064201926 -1.0069929468
7.22808302073 -2 2.77730112645 -4.9748165229 -1.56423572809 -1.00404817254
7.24226428953 -2 2.75662662607 -4.98930928796 -1.57832733658 -0.992332749695
7.24402871374 -2 2.75404063396 -4.9911012705 -1.58007159643 -0.990863658829
7.24832257499 -2 2.74773272633 -4.99545240699 -1.58430798029 -0.987277924561
7.24980366819 -2 2.74555090982 -4.99695039746 -1.58576647446 -0.986037607209
7.25324548811 -2 2.74047486841 -5.00042390034 -1.5891502617 -0.983148420397
7.26314045773 -2 2.72581274722 -5.0103578989 -1.59883514576 -0.974788604854
7.26771712926 -2 2.71899600933 -5.01492649712 -1.6032927716 -0.970895095776
7.26900258708 -2 2.71707914305 -5.01620614581 -1.6045422868 -0.96979846304
7.27823632267 -2 2.7032491508 -5.02536226889 -1.61348532417 -0.961881746313
7.28444666613 -2 2.69389852975 -5.03148130132 -1.61946781495 -0.956518370735
7.28505956767 -2 2.69297359635 -5.03208347019 -1.62005680997 -0.95598736587
7.28698870759 -2 2.69005925102 -5.03397698759 -1.62190903196 -0.954314018267
7.28756829495 -2 2.6891832748 -5.03454516497 -1.62246501416 -0.953810693213
7.29417405379 -2 2.67916992408 -5.04100292703 -1.62878548087 -0.948054956122
7.30485268007 -2 2.66289050619 -5.05136489426 -1.63893922749 -0.938675999962
7.30500456761 -2 2.66265725419 -5.05151185913 -1.63908307767 -0.938541935578
7.30888828898 -2 2.65670620247 -5.05525649309 -1.64275580578 -0.935107639451
7.31329003495 -2 2.64994333048 -5.05948502786 -1.64690561912 -0.93120059528
7.31410329933 -2 2.64869193339 -5.06026440845 -1.64767084294 -0.930477026914
7.31437554823 -2 2.64827343561 -5.06052501001 -1.64792690544 -0.930234685961
7.31453490728 -2 2.64802715948 -5.06067792189 -1.6480767656 -0.930092805693
7.3191873953 -2 2.64085136437 -5.06512462624 -1.65244401168 -0.925941619135
7.33754145602 -2 2.61232622796 -5.08248617753 -1.66952197433 -0.909395875298
7.33805999491 -2 2.61151594355 -5.08297225686 -1.67000093277 -0.908924507695
7.34329615447 -2 2.60331131253 -5.08786972192 -1.67482644551 -0.904152639571
7.35272292251 -2 2.58847195229 -5.09662548069 -1.6834633119 -0.895506579189
7.35931612807 -2 2.57803999058 -5.1027024976 -1.68946506131 -0.889417325581
7.36612292044 -2 2.56722379358 -5.10893571545 -1.69562727365 -0.883094533459
7.37711236308 -2 2.5496598578 -5.11891188261 -1.70550255566 -0.872808870033
7.37870311364 -2 2.54710687722 -5.12034702854 -1.70692445304 -0.871312062463
7.37931818754 -2 2.5461193961 -5.12090121573 -1.70747372266 -0.870732775126
7.38275282967 -2 2.54059850207 -5.12398940961 -1.71053560398 -0.867492465542
7.38322497519 -2 2.53983932718 -5.1244128715 -1.71095580333 -0.867046304505
7.38590184951 -2 2.53552561628 -5.12681151094 -1.71333493735 -0.86451341943
7.38725499795 -2 2.53334224543 -5.12802152952 -1.71453548858 -0.863230902081
7.39223936979 -2 2.5252858274 -5.13246350399 -1.71894561196 -0.858494229799
7.39423201584 -2 2.5220574509 -5.13423307821 -1.72070332147 -0.856595123322
7.39622707893 -2 2.51882116159 -5.13600111244 -1.72246008343 -0.854690576716
7.39739083758 -2 2.51693229876 -5.13703049214 -1.72348341079 -0.853578169426
7.39784018508 -2 2.51620331055 -5.13742739786 -1.72387825384 -0.853148364034
7.40039201055 -2 2.51205443206 -5.13967945411 -1.72611757242 -0.850704501484
7.40105215426 -2 2.51097997231 -5.14026109306 -1.72669604654 -0.850071452483
7.40615804978 -2 2.50265563536 -5.14474576047 -1.73115876777 -0.845163540291
7.40663441582 -2 2.50187843424 -5.14516268077 -1.73157408644 -0.84470460008
7.40912446236 -2 2.4978063566 -5.1473403452 -1.73374212815 -0.842302739405
7.41836429901 -2 2.48264956222 -5.15536745956 -1.74174436451 -0.833347602824
7.41838729768 -2 2.48261162187 -5.15538737237 -1.74176419835 -0.83332522929
7.4200550677 -2 2.47986778036 -5.15682725669 -1.74320134705 -0.831701687055
7.42213665668 -2 2.47643705422 -5.15862137686 -1.74499198521 -0.829672244788
7.43258167383 -2 2.45916107312 -5.16756005399 -1.75392473614 -0.819437740139
7.43381935783 -2 2.45710700208 -5.16861221133 -1.7549774131 -0.818219355635
7.44374342902 -2 2.44058141116 -5.17699514973 -1.76337320305 -0.808406877417
7.44942830809 -2 2.43107123619 -5.18175385519 -1.76814649294 -0.802751409959
7.46078038198 -2 2.41198571961 -5.19116101174 -1.77759875054 -0.791383048336
7.46136555271 -2 2.41099868674 -5.19164239805 -1.77808310318 -0.79079433338
7.4670899208 -2 2.40132343232 -5.19633411792 -1.7828062124 -0.785021335487
7.47595429696 -2 2.38627822142 -5.20353439 -1.79006606827 -0.776031755339
7.47827012672 -2 2.38233595574 -5.20540211121 -1.79195183615 -0.773673243498
7.48462116993 -2 2.37149535311 -5.21049703834 -1.79710019712 -0.767183986472
7.48630607531 -2 2.36861180527 -5.21184211781 -1.79846029525 -0.765457214345
7.48736153645 -2 2.36680499497 -5.21268294166 -1.79931106023 -0.764374417428
7.4882033622 -2 2.36536271484 -5.21335288621 -1.79998894233 -0.763510176485
7.49271643516 -2 2.35761983715 -5.21693179795 -1.80361279536 -0.758867674052
7.49592648711 -2 2.35210062835 -5.21946461021 -1.80617975971 -0.755556071106
7.49787544055 -2 2.34874664829 -5.22099662723 -1.80773395439 -0.753541617037
7.51156011174 -2 2.32508085809 -5.23164659611 -1.81855446734 -0.739315395861
7.51413081018 -2 2.32061591114 -5.23362513076 -1.82056898762 -0.736627054478
7.51983271863 -2 2.31068920248 -5.23798898536 -1.82501665627 -0.730646294921
7.52698412744 -2 2.29819654997 -5.24341309398 -1.83055461744 -0.723110301661
7.53527407895 -2 2.28365310943 -5.24963283659 -1.83691767753 -0.714326135157
7.5427626754 -2 2.27045888953 -5.25518808532 -1.8426130629 -0.706346544718
7.54921874546 -2 2.25904416631 -5.25992780056 -1.84748283738 -0.699433327527
7.55322727476 -2 2.25193583624 -5.26284822538 -1.85048755404 -0.695125221901
7.55526000019 -2 2.24832541412 -5.26432246922 -1.85200569479 -0.69293598171
7.55724706789 -2 2.24479293382 -5.26575903788 -1.85348611679 -0.690792926108
7.55771277578 -2 2.24396458964 -5.26609506874 -1.85383256416 -0.690290232276
7.56035924129 -2 2.23925291788 -5.26800028588 -1.8557975688 -0.687430509884
7.56496291535 -2 2.23104065618 -5.27129626694 -1.85920060367 -0.682443403206
7.57023522877 -2 2.22161316495 -5.27504158742 -1.86307409801 -0.676712560918
7.57163524946 -2 2.21910482374 -5.27603112845 -1.86409839003 -0.675187305207
7.58713840563 -2 2.19121414492 -5.28684012372 -1.87531998104 -0.658200126862
7.59057648646 -2 2.1849982805 -5.28920072767 -1.87777832956 -0.6544088447
7.59872573618 -2 2.17022418592 -5.29474160352 -1.88356116853 -0.645387598378
7.60048763999 -2 2.16702240173 -5.29592947342 -1.88480324692 -0.643430740352
7.6506433181 -2 2.07470987522 -5.32822875781 -1.91891866616 -0.586775673968
7.65393081632 -2 2.06858200121 -5.33024162849 -1.92106971323 -0.582998623244
7.66523595056 -2 2.04743942879 -5.33706330037 -1.92838554677 -0.569950938913
7.66598876661 -2 2.04602740259 -5.33751211268 -1.9288682249 -0.569078843458
7.66600825569 -2 2.04599080971 -5.33752373234 -1.92888071312 -0.569056261082
7.6769324914 -2 2.0254495416 -5.34395706683 -1.93582128688 -0.556355604854
7.67968808274 -2 2.02025270044 -5.34555647258 -1.93755320286 -0.55313853927
7.68311680574 -2 2.01377632824 -5.34753381422 -1.93969756049 -0.549128109124
7.68712451575 -2 2.00619420608 -5.34982644401 -1.94218904656 -0.54442993292
7.69330803423 -2 1.9944697126 -5.35332438591 -1.9460014022 -0.537158877097
7.69435127354 -2 1.99248885087 -5.35390971089 -1.94664078414 -0.535929503832
7.69583099763 -2 1.98967680516 -5.3547378597 -1.94754578802 -0.534184457085
7.70913329715 -2 1.96431923757 -5.36205787582 -1.95558150863 -0.51842809968
7.71134747308 -2 1.96008481437 -5.36325440702 -1.95690151425 -0.51579344522
7.71525511542 -2 1.95260106035 -5.36535115522 -1.95921882546 -0.511135404201
7.71935065164 -2 1.94474406166 -5.36752782115 -1.96163070417 -0.506242000454
7.72245603915 -2 1.93877767631 -5.36916388526 -1.96344794925 -0.502523887406
7.72793954334 -2 1.92822364118 -5.37202244831 -1.9666324888 -0.495942139673
7.74575777774 -2 1.89376252076 -5.38104245403 -1.97676435209 -0.474412336775
7.74945363755 -2 1.88658334143 -5.38286142751 -1.97882426953 -0.469919394532
7.75101429688 -2 1.88354833264 -5.38362421046 -1.97968979746 -0.468019352516
7.75950431552 -2 1.86700589164 -5.38771707 -1.98435323172 -0.457654071586
7.76670968153 -2 1.85292241302 -5.39111578493 -1.98825108205 -0.44881887345
7.77034797168 -2 1.84579621067 -5.39280555997 -1.99019826753 -0.444344295602
7.77384565267 -2 1.83893559686 -5.39441342315 -1.99205687123 -0.440034246072
7.79106342014 -2 1.80502971681 -5.40208776127 -2.00101459176 -0.418698040142
7.79241134089 -2 1.80236628865 -5.40267150444 -2.00170236205 -0.417019357874
7.80614540294 -2 1.77514909636 -5.4084786347 -2.00859759419 -0.399846556039
7.8096304742 -2 1.76822087974 -5.40991092983 -2.01031456295 -0.395469100029
7.81773147617 -2 1.75208233803 -5.41317538975 -2.01425418228 -0.385262977053
7.82455088958 -2 1.73846037984 -5.41585272743 -2.01751455974 -0.376638238752
7.82672378244 -2 1.73411318168 -5.41669212786 -2.01854263526 -0.373883750802
7.82947002219 -2 1.72861396395 -5.41774361254 -2.01983450469 -0.370398069937
7.83602869053 -2 1.71545936202 -5.42021186308 -2.02288593492 -0.362053686981
7.84216915454 -2 1.70311654624 -5.42246768956 -2.02569939738 -0.354216219485
7.84722613235 -2 1.6929320198 -5.4242853807 -2.02798479825 -0.347743485115
7.84960635269 -2 1.68813238736 -5.42512832026 -2.02905057826 -0.344691227512
7.85010175427 -2 1.6871329696 -5.42530273983 -2.02927160286 -0.344055497724
7.85294563413 -2 1.68139229817 -5.42629730247 -2.0305350742 -0.340403025019
7.85678810439 -2 1.67362721469 -5.42762271554 -2.03222774985 -0.335459849054
7.86160519816 -2 1.6638785717 -5.42925439768 -2.0343262558 -0.329249606285
7.8661277653 -2 1.65471187996 -5.43075593669 -2.0362725896 -0.323405691076
7.87287999784 -2 1.64100085621 -5.43294273946 -2.03913533612 -0.314656655139
7.8752682741 -2 1.63614404965 -5.43370040757 -2.04013548993 -0.311555241842
7.87660951266 -2 1.63341492918 -5.43412225646 -2.04069432097 -0.309811941915
7.87865813628 -2 1.6292441019 -5.43476156624 -2.04154392781 -0.30714703018
7.88383715056 -2 1.61868802449 -5.43635046059 -2.04367040266 -0.300398313922
7.89117608587 -2 1.60370014978 -5.43853476789 -2.04663113798 -0.290806425432
7.89263566359 -2 1.60071524571 -5.43895976283 -2.04721260241 -0.288894793097
7.89514367604 -2 1.59558313704 -5.43968270228 -2.04820601753 -0.285606930863
7.89814720777 -2 1.58943186662 -5.44053626603 -2.04938617283 -0.28166435936
7.90666364219 -2 1.57195955027 -5.442883941 -2.05267582694 -0.270455119321
7.95701925429 -2 1.46776539313 -5.45453949459 -2.07039611052 -0.203280607085
7.9584346553 -2 1.46481574242 -5.45481133372 -2.07085096586 -0.201370656264
7.96758803915 -2 1.44571396717 -5.45649467608 -2.07373485033 -0.188990743096
7.99725858025 -2 1.38349112628 -5.46105481325 -2.08239180009 -0.148528770182
8.02973086722 -2 1.31489088561 -5.46445167496 -2.09064178393 -0.103676093267
8.07853606121 -2 1.21089985605 -5.46635444864 -2.10059388199 -0.0351837319779
8.08793049032 -2 1.19077230736 -5.46627174616 -2.102167819 -0.0218556698041
8.09738736462 -2 1.17047780827 -5.46604034985 -2.10363976593 -0.00839321803423
8.09782866412 -2 1.16953005013 -5.46602588979 -2.10370569118 -0.00776388689973
8.11681404156 -2 1.12868907734 -5.46509565589 -2.10630778558 0.0194038623145
8.15246765073 -2 1.05167905362 -5.46170209129 -2.10994929266 0.0709035945217
8.15416217476 -2 1.04800982022 -5.46148680273 -2.11008163697 0.073366468055
8.15556673876 -2 1.0449677044 -5.46130466799 -2.11018852107 0.0754089340328
8.15853190818 -2 1.03854400274 -5.46090896467 -2.11040578153 0.0797238313408
8.17082501287 -2 1.01188727754 -5.4591072317 -2.11118493335 0.0976565851128
8.18245044333 -2 0.986643919633 -5.45716318789 -2.11174099649 0.114679631179
8.18761397834 -2 0.975422311979 -5.45622438127 -2.11193143804 0.122260327618
8.20150668825 -2 0.945200385332 -5.45346828496 -2.11227059656 0.142715978356
8.24188416616 -2 0.85716087355 -5.44353563363 -2.11181366492 0.202645507809
8.25041497794 -2 0.838529126811 -5.4410681229 -2.11144073682 0.21539518299
8.25126069437 -2 0.836681274887 -5.44081653699 -2.11139848815 0.216660770189
8.25919564998 -2 0.819342278854 -5.43839318212 -2.11095564362 0.228549325004
8.2637794069 -2 0.809322676193 -5.43694222694 -2.11066152978 0.235428507964
8.26884015193 -2 0.798258215631 -5.43529661978 -2.11030418487 0.243033277876
8.27495191447 -2 0.784893094156 -5.43324806462 -2.10982692053 0.252230902288
8.31315907874 -2 0.701287675343 -5.4189199294 -2.10570525647 0.310053641501
8.31680376948 -2 0.693309846211 -5.41741533221 -2.10520916399 0.315597868582
8.34110078331 -2 0.640125302774 -5.40676932964 -2.10144167733 0.35267861881
8.36675251179 -2 0.583995845779 -5.39436234841 -2.09659213031 0.392045904395
8.37695950615 -2 0.561675131574 -5.38909032355 -2.09441238999 0.407770174264
8.3785093881 -2 0.558285988432 -5.38827329595 -2.0940689288 0.4101607146
8.37937431276 -2 0.556394535658 -5.38781549777 -2.09387582605 0.411495103232
8.43110491482 -2 0.443471182347 -5.35792374045 -2.08045639238 0.491711211121
8.43644029193 -2 0.431849809903 -5.35455997062 -2.07886246195 0.500027721435
8.43671604438 -2 0.431248767284 -5.3543848644 -2.07877901216 0.500457757654
8.45290453888 -2 0.396022421278 -5.3438490484 -2.07369557209 0.525738681183
8.45906659685 -2 0.382627823444 -5.33971174585 -2.07166522642 0.535379349469
8.4778549138 -2 0.341848577654 -5.32666241269 -2.06514955699 0.564831378036
8.49603483299 -2 0.302481273489 -5.31341404029 -2.05837815546 0.593407779521
8.51401560083 -2 0.26364393395 -5.29970960949 -2.05122869985 0.621741574062
8.51489092459 -2 0.261755404528 -5.29902738586 -2.05086916611 0.623122594262
8.53371820394 -2 0.221214076876 -5.28400632718 -2.04287753924 0.65286301947
8.55200220063 -2 0.181969560025 -5.26879212074 -2.03464347692 0.681807580008
8.56099213703 -2 0.162722683596 -5.26108551747 -2.03042388711 0.69605997576
8.60284115766 -2 0.0736022276089 -5.22325284298 -2.00929645222 0.762564769587
8.6131145729 -2 0.0518534336921 -5.21347434962 -2.00373619364 0.778925731038
8.65460503478 -2 -0.0353976140646 -5.17202365895 -1.97978234196 0.845109772459
8.66600651164 -2 -0.0591989472746 -5.16008599888 -1.97277964008 0.863321289813
8.66767006901 -2 -0.0626647561926 -5.15832448998 -1.97174276595 0.865979165011
8.6691467053 -2 -0.0657401721386 -5.15675687716 -1.97081917067 0.868338530219
8.67810826374 -2 -0.0843738874237 -5.14715858163 -1.96514889036 0.882659817894
8.6813297631 -2 -0.0910598145022 -5.14367290037 -1.96308324669 0.887809007179
8.68211818946 -2 -0.0926954451051 -5.14281708773 -1.96257550556 0.889069286138
8.68943660965 -2 -0.107854193054 -5.13481860711 -1.95782126603 0.900768825897
8.68990608027 -2 -0.108825366873 -5.13430222151 -1.9575137455 0.901519412693
8.73021361144 -2 -0.191647885489 -5.08850394763 -1.92997092753 0.965981502974
8.73501694918 -2 -0.201438995966 -5.08285399746 -1.92653872039 0.973664061419
8.74365335499 -2 -0.219000680123 -5.07259351271 -1.92028744579 0.987476665476
8.76012073755 -2 -0.25232720664 -5.05266724005 -1.908082813 1.01380928456
8.79960839492 -2 -0.331346007688 -5.00296817492 -1.87729878418 1.07690445345
8.81960120897 -2 -0.370843478767 -4.97678647707 -1.86089955067 1.10880765416
8.82439102839 -2 -0.380253304247 -4.97041355964 -1.85688987801 1.11644534039
8.84134231798 -2 -0.413383522436 -4.94754973036 -1.84244953928 1.14345514287
8.86694766824 -2 -0.462910622758 -4.91210769925 -1.8199008309 1.18418500237
8.87427583753 -2 -0.476966147775 -4.9017656361 -1.81328514694 1.19582420417
8.89010998134 -2 -0.507152293106 -4.87912147592 -1.79874500004 1.22094325089
8.90568924817 -2 -0.536600684739 -4.85644789703 -1.78411265028 1.24561426473
8.93585729179 -2 -0.592886663728 -4.81144789665 -1.75486453743 1.29324817744
9.03428877761 -2 -0.769264077952 -4.65500495107 -1.65120976767 1.4470259713
9.03705752612 -2 -0.774053763361 -4.65040032324 -1.64811554444 1.45130777511
9.08119011627 -2 -0.849065523057 -4.57558040011 -1.59750847012 1.51917198106
9.08829433019 -2 -0.860899664064 -4.56329094114 -1.58913811798 1.530024351
9.18178262748 -2 -1.01008064983 -4.39562838828 -1.47337974605 1.67067990931
9.18482554825 -2 -1.01472480552 -4.38999511189 -1.46944108839 1.67518392854
9.20904950957 -2 -1.05120447193 -4.34477993607 -1.43771419356 1.71085457823
9.21124430627 -2 -1.05446587696 -4.34065122006 -1.43480720018 1.7140698812
9.27665952329 -2 -1.14827928998 -4.21529892389 -1.34576247148 1.80853883007
9.28696951484 -2 -1.16245425218 -4.19515733018 -1.33131489088 1.82317305894
9.33144803412 -2 -1.22165143359 -4.10716479424 -1.26775086245 1.88544063101
9.3345917181 -2 -1.22571401743 -4.10088115492 -1.26318405449 1.88978627878
9.42728405269 -2 -1.33813538147 -3.91223289903 -1.1243913912 2.01432268463
9.67736282143 -2 -1.56808889179 -3.38144732555 -0.717303757538 2.30778638245
9.70157159752 -2 -1.58460994923 -3.32922774058 -0.676054943729 2.3322257588
9.7976934225 -2 -1.64040552228 -3.12178826715 -0.510476376885 2.42109211216
9.97980325532 -2 -1.70511744507 -2.73212550032 -0.194846504089 2.54885664744
10.0335052493 -2 -1.71468535889 -2.61883231097 -0.103093019878 2.57501255921
10.3314664317 -2 -1.70225852093 -2.00678233756 0.366733353507 2.60520593763
10.5187298595 -2 -1.65034792858 -1.63267372501 0.598492726344 2.5059771801
10.8992980915 -2 -1.47035208625 -0.886180334402 0.780667602359 1.94546715977
