11.62972086885612 17.58931583700675
12.84119829412862 16.39216259517453
12.89555251067396 17.36034300230022
10.2058822996904 18.79787594318331
9.824617858728361 19.12160157545153
5.934536820937804 19.91900637721862
7.936844105176821 17.98986087051431
13.82824725853323 16.28262246613437
12.44470275796111 17.0992124399697
10.76682593417566 18.44125313896377
10.54092268346632 18.31477676095737
10.94420141551379 18.92006382949119
12.52980554219451 17.59226481370902
9.641714547495607 17.94470369066978
11.61330168689173 18.94472325194491
11.95595615868255 17.07773771436395
15.2153551773381 15.80069349661756
16.03155799980447 15.89909436733997
14.68654338720584 16.49682550930931
8.577866141115827 18.82745972627235
12.14394665782213 16.76560837328745
9.201569580314997 18.20420044391807
7.755006722808292 20.00362901040351
11.94919195910211 17.92967825744741
13.1663638574707 16.91338258474192
9.992750967284223 19.24734752609866
9.741569985683084 19.11921411132889
13.96180181441509 16.84513254440266
9.682181793415262 18.63203023725722
14.33272934425135 16.49770308935817
12.41643863799293 16.28850562483382
10.35887185268943 17.99693635365473
10.54231337874755 17.98833379988544
10.44622518671175 18.72781639281107
11.96152370780723 18.3724864123481
11.67280391644579 17.42383152409654
15.79112445134847 15.05676658899204
12.72839713886979 16.83320234123771
11.75930674868962 17.32340990725302
9.743014798356581 18.98514342139903
10.5707893202553 17.73228371892412
13.05152667336553 18.00408597177011
12.80487877879246 17.50276041010813
10.23722792804869 19.07306457530831
11.92335740111704 17.25835038588743
12.83844608059182 17.24938957920845
11.51233085286529 19.28623416108616
14.05198772965396 16.54267500261644
11.37038789420409 18.24323084716622
9.814878675630304 18.45384136905253
10.70260649235402 18.39369451013757
12.31766465819725 17.71104458261034
9.309188067188403 18.92810713292673
14.06564031784997 17.30828221927534
12.01165301292111 19.15695884202334
10.88911198588169 17.55475692624178
12.06240712515488 17.48567161144183
9.161067275719327 18.58858402120797
10.43258623089439 18.84269894005374
9.620591815138699 18.10431120286209
8.521678463371241 18.78791998683524
13.80435768020456 15.89271510098214
9.576962658238294 19.01849032712664
14.11010992591044 17.35387280869197
9.446546001284874 18.67129090303325
12.3945255956611 17.65450765250698
13.79530292215295 16.44433959852178
11.77547476943453 17.04899761195303
12.17968881307959 17.36119278294417
12.46979470170058 19.01423317971659
14.78836866636517 17.55855471549677
10.02463387522173 18.50006767425543
14.45239251183919 16.74635052164775
13.65655479727729 16.66821003267626
12.18299023307349 18.25260205303753
10.57925416543391 18.67269490395191
10.92107464384989 18.24553286917079
14.74599383643139 16.81452850226492
10.25667508368775 19.15419169038118
10.67608789004201 18.83477582449568
13.97229156452022 16.55931322366217
13.45593574975301 17.99580564591835
13.54227180338421 17.72604312576378
12.60663496764258 18.02846562792591
11.35280740264713 18.43681310581056
13.41659531712766 16.48239179139827
11.2602815260698 18.17117367186667
10.93310703666975 17.75578385828077
9.040642381994077 18.32333023536656
14.63876790430943 15.4140700386409
12.17690380818649 18.56862718847414
11.59426425844343 18.24440843984129
11.26459652265339 17.70894296173537
13.57807656197748 16.75308389664393
11.32130158001111 18.99924576962519
14.04842138982414 15.95999032928864
11.03768726873277 18.91863890907451
12.65107844967162 17.8739108062662
16.44184578329554 15.5830518896462
13.60511256943021 16.57004970784021
14.37957545651513 16.66006666664835
14.40870156425582 17.51053757976466
10.37470870977848 17.43970148256179
13.31001695141745 17.07398803727509
11.52749359561289 17.27942330217365
11.27200892982071 18.55656305320369
13.97707116108255 17.56257849135871
11.06404505477098 18.27358259157155
10.722603798947 17.7116351033513
9.415437317474806 18.57860202199728
11.25003250351995 17.99148155511353
13.46441329819603 16.53683232106543
9.655531041515996 19.54527426391014
10.15957972600541 17.68721970523551
9.093290248922276 18.886736817788
9.982418037120878 18.93513048496051
9.725713548897113 17.75822088738396
10.47128031459973 19.34015501296065
9.898783848360136 18.94254889660479
11.13633196220893 18.40328286261995
10.86137961121409 18.36615942433789
12.23108564940684 17.83303144274959
13.61672025116101 16.31277640020691
14.6230193153975 16.03390570251313
14.39360489954343 16.63970422160527
12.80565446535254 16.63107291062593
12.86394622990542 17.09365205039824
13.65804232562724 17.1302342747283
11.61544415781691 17.61023650603386
15.2674845819641 14.4785298372948
9.486459438961068 18.08952259801562
14.22830790541694 17.06228437609432
13.2720158838824 16.18955450812482
11.72018774304012 16.89882789871174
10.16546974162062 18.0125030827685
11.09191258038537 17.95758564432749
9.677847945686581 18.09691266631764
10.48885744667379 18.09618660503528
10.91717072601072 18.08820939253578
13.74226548232089 17.43467658379721
10.68072877336014 18.94230174199302
11.08917172484053 18.27674108738186
11.5003721115053 17.41878718933339
9.987722618610375 18.07286282110373
11.37227228785662 18.00937067348184
13.38594077400518 16.1523518283307
10.91387709390278 17.9437467895495
12.8432265880444 16.83900787890379
8.797629107766445 18.45468922265652
15.78378239620341 15.88077370849539
11.4457482664579 18.51048761526528
7.937371015359368 18.75568040262961
14.06265029115261 16.52035003740187
10.07096115531945 19.57399089100532
13.48203240942052 17.64697282793345
12.83202942825181 17.60784715559261
12.54335624792296 16.80122128487131
14.09118581877309 17.22129383892003
12.81318860774053 17.61787212004886
11.48690151506827 18.20552868940546
10.87561968592466 18.19054278296845
8.293800698269557 19.77190245340364
7.508454360428203 19.09825686424202
10.40330074216899 18.00820070028884
8.621587423125954 19.19143455518829
10.72632078339609 17.21586914972333
12.61383452264674 18.27494839888288
11.74958142910741 18.17219426535436
10.28327326707892 17.86118841212082
9.724078578721079 19.38123715633147
12.44942413707761 17.56259762933226
10.98428248335607 17.65391807053352
11.78333087556417 17.48852940447503
11.41683430135246 18.47010027590391
13.19006435255111 16.30080118312427
7.31128484517911 18.66021377080903
7.188562803915373 19.44865783056323
13.25699684490887 17.51297300760744
12.90972954677655 16.90665509431125
10.51883310884698 18.26281652580936
11.26130076965978 18.32984704960553
13.44277675764746 16.68874037810163
13.2894595640689 16.10153336649362
11.82439449500367 18.24008379562846
11.8848942234247 17.21038674222201
11.92512920567639 17.93542556636922
10.68279188356671 17.81351086177284
13.55413860840345 16.68504930299274
14.80305656760462 16.57816265968975
9.060060465525627 18.39949420539743
9.666260670365627 17.8133408702723
14.40149184080104 16.87041259290657
10.57055545005918 17.61675724530581
11.80834317063784 18.14681181816322
10.4719202778619 18.76962013446166
12.41155044201533 17.51382107562645
8.459629355614814 18.89745073563948
8.767689829086816 18.91504307614651
9.2789377316972 19.02375867921798
10.45236376190483 16.76051739840347
7.884932011561131 18.66303668210501
14.4484633430468 16.88188872738641
12.24372748566682 16.60922493987981
10.61712737457817 17.77324460327142
10.00196844673697 18.33202350227393
6.096532669082738 18.86099015531197
13.33802734940096 17.20380086379215
10.16888666603293 19.52748231766234
10.55780832383466 18.25078830828457
8.90882453196396 19.16970637923109
11.62928619896474 17.54927904390006
10.52594764923266 18.25755362254602
9.463941948358006 18.54907728664375
14.65462610129495 17.32359248222073
12.52932922358785 16.61807001858691
13.17332235664636 17.42863631002259
11.07684070278417 17.98358299385288
10.35556386525933 18.38347208644985
12.17869167028722 18.07933077509698
12.49717215826806 17.34274222591518
12.03881877433385 17.13169094846905
8.243004949611796 19.84767217022598
10.03846981132451 17.38667358446417
10.38149588599767 19.24116435552584
9.207801876366245 19.62194750494812
8.249207126556382 18.84058080993587
8.865573158914225 19.52129260328364
10.14984822577001 17.80460110208017
11.70644950461494 18.14636877071212
13.69925760691589 16.90095726437568
11.3690702708001 16.71894648232816
11.16699783163837 18.6990413878693
11.26591326945949 17.28294517525125
12.31274625860774 17.60568591871381
11.68243908342018 18.61350862915553
11.85956259900089 17.2312786737965
12.24211015148163 17.64267066110368
11.47202836633392 18.12397770191267
10.73497541396568 18.35499545029842
11.71756196393071 18.13949871395215
14.28785125238642 16.63074899090276
13.09259455645255 18.434965756697
13.35958542367523 17.33865584607933
11.69010655213237 18.41319073825501
7.954408829290935 19.42670223355963
14.46665061732429 16.5945319241007
13.81488488370177 16.98767163103762
9.227977207098832 18.91313702675823
10.03196563276548 17.94543698137171
8.797814558088657 18.54814566310845
10.51828743879297 17.85393425675902
15.26156275089646 15.91293242496909
13.08371460166281 16.62541765118225
14.48752351162835 16.37747638529617
11.41751565574826 17.84349300589273
11.23358676080448 17.03173411154305
11.22091424003904 18.07479015957637
12.9699443612539 17.1146488549091
10.59532402757933 18.86560905768561
14.47284515238117 16.07021407184498
9.502245184074997 18.2126011259154
14.02221256134852 16.68572062132478
13.11480671107782 17.54982536079435
12.88555905734813 16.07527920133271
12.90070097474964 17.97540423537634
12.40738006627322 18.34219743993182
11.3297379745779 18.61548016875106
11.22207897676257 17.24240817314779
11.3425362224116 18.12003446177631
13.20193106891713 16.2059769907476
11.89870996220015 17.64577837264778
12.81263527686113 17.20289115392102
12.56510348192587 16.97650403250089
9.822920832159582 18.2375654263763
11.29734639379807 17.65154090676808
8.978614877372493 19.46541877204822
11.85608673959618 19.11871374151487
9.041873593631946 18.80174298781971
14.3661636031544 16.19181075758749
9.114764072092632 18.11911154841194
6.316408505353247 19.84128575279998
6.934342737446195 19.42084844606815
14.15466745346365 16.42044313508698
12.66903471309794 17.5141696817748
13.36928589123495 15.96847394693561
11.10233440870867 17.91189284926274
12.31734692033197 17.59145621069703
15.24125947857791 16.38400223252886
9.245959023643458 19.0438635389867
12.54302574956718 17.11884464629233
13.00251795480798 16.59001925212029
12.35171909892764 17.03042010052675
7.339252268348548 19.32124192975999
14.09482769844917 16.66677469180613
9.261458483505784 18.3267138495334
9.324747266955086 19.33997117820908
13.67195663409129 16.92473948008484
9.336510487969113 18.62914839847062
10.32334892494796 19.21259343866987
10.05168758427897 18.50924563293026
10.71629763627677 18.44714380718942
11.75632339419911 18.6570317383527
12.9795229470057 17.7497361370684
10.97968678074413 18.25109142201018
10.90522881575948 19.21899432905006
11.38219952404985 18.46646597542555
11.78645852767725 16.75114185891312
10.00346092036792 18.29432562763617
5.948572667515931 17.81838069535487
14.08018648617039 17.0629464829447
9.458359174798707 18.78048271620623
12.17085481776493 17.31456575293721
12.08842268542717 17.77263920293299
13.90328992382292 16.70211767973404
12.89853919097083 17.11492258919192
14.03647986808562 16.11338346166087
12.62714327797517 16.48401786110131
14.37063321491287 15.77707215347424
14.10460437736717 17.12473507227973
10.854333157875 17.09312354583358
8.480110165951144 19.24980669359057
13.69494604168099 16.73984365315518
12.81105618027364 17.53289922629582
9.159665540254133 18.91640325497291
10.79048743187416 17.15364247007839
10.79149176468856 17.99307543399889
11.20320878812049 17.34906013983255
9.362439442092862 18.93101516642307
7.00818998660873 19.72195239601146
10.07402680091446 18.44949795475029
9.275787248489332 18.5113988783299
11.59841303970532 17.25497700944684
11.82910643216523 17.87346855802052
10.34848604358186 18.29916017314261
9.435833059852918 18.59646526767184
11.15456893153674 18.96145141157724
12.08402077078593 16.75359915762627
16.28609586420787 15.05712749166453
11.11227411489942 18.00619592884686
12.6447256019349 16.2020076746569
9.234279757373015 18.83167648642442
14.29956601405764 16.46845118176649
13.10608506456982 17.87737179157507
9.742711854645806 18.8646064340353
9.227276480685035 17.90451182766542
14.04360277632261 17.02354304676578
13.22533973112829 17.11142188803485
12.59538884384602 17.1783878328839
13.65013781902506 16.86319164586691
10.19562637945494 19.87650279457997
10.72955487551728 18.3417909296734
8.576810999887037 19.52544731347094
13.84954061279408 18.21671409793974
12.0768996043691 18.15000964356473
12.53190556861682 16.98565642150787
11.01420561519391 18.03995677148397
8.692304952501669 19.23704368309781
11.56898205737343 17.32458198032421
10.82057879167068 18.58544836163946
11.27054690161127 16.88061075607985
9.497851585440397 19.06916527098425
14.05511384974961 16.30652741913014
12.41220155747802 18.68602382704579
14.04419061056384 16.72118384257132
10.6072740201732 18.5622918244379
10.11524073264014 18.79593043803379
9.413832170775153 18.55703909341075
13.70394411632102 16.88834977256801
8.071213692501646 18.95707179751327
11.21984074325157 19.22217933928764
11.34103191398012 17.56769339362577
9.359298551826155 18.51563559600954
11.6486536632279 17.61491774119305
12.66931111817085 16.79139006377715
11.52946560602794 17.40790305080005
11.7747442366218 17.67037855602911
11.14725751285151 18.72396853521031
9.309324691504676 17.29010377371678
11.60528963256273 17.99766544284451
14.0525205932507 17.53269517240875
10.65673940231228 18.94897845451304
14.00720250488533 16.10375802720096
13.43007623951019 17.03876514818759
9.955904876179311 18.67475444558395
9.884733389820425 18.0757004137857
10.75680492170684 18.70350804775517
11.26480240123425 18.40777443237334
9.070461073150858 18.1683599922724
9.108767985669287 19.40988784750848
11.41703695827788 18.81573097853187
14.0360595751247 16.72556889086714
13.59505074351317 16.52195349668592
6.568222290772995 18.89856702407477
13.45017085896013 17.70512473293568
9.597038053093771 18.72952432733387
11.86287337915784 18.38302526100839
10.85766361418996 18.35485083261253
12.98667870395248 16.59989670299449
14.61435315593417 16.12221817552052
12.79930294644055 18.17037213492681
10.72732488428686 18.86087940825192
13.77827199751915 16.5756829444945
11.83908744712141 16.81912612301621
14.54723386683563 16.54003931283862
11.09959345516464 18.21810603100779
12.97530405721209 17.91403764577459
8.905212112996155 18.64661352779546
13.5583353963965 16.50528877767967
12.30014824524106 17.95820417390455
10.54400842090051 18.12923525145916
11.68111796734525 17.94788960562057
14.66486145527544 14.79555430892454
11.33283657290846 17.39771435255303
12.60128633843001 17.93401977378613
14.32928083972241 16.4733760728098
11.91135634840748 17.4533459813276
9.422402804139391 18.16781862488954
14.33409440894973 17.31714541099724
12.99280225105011 16.28680552919165
8.271362856130729 19.53543209978553
8.142277465872544 18.93592074495706
10.24709771680138 18.23139088337964
14.58004127950237 16.48404815209981
8.591878386668073 19.96067593093233
8.687839903747602 18.9526539296696
9.154487721768108 18.85436262752814
12.76584093369625 17.82699730650928
8.910623696212388 19.16396805926059
12.36832789025264 17.22056360444831
13.6637152363089 18.06912874295324
12.88330388634712 17.74551490232888
9.964758429101272 19.13516319453156
14.20832782994599 16.76465690277939
15.05915911797889 15.39832064144008
10.99099764088899 18.65493287019696
9.216097524545948 19.60088233951293
11.65427235742432 17.79863804100795
10.93241384080505 17.7076095543198
8.613725142143412 19.07320443902502
8.632573728430357 19.00557119094852
13.28089597835146 17.32392687201777
8.936716228854344 19.08959642087365
7.347346742262764 20.18508699801141
11.97419342232893 17.41892099840364
14.14587513342308 16.42579746014046
12.75361330854983 17.55627488523771
12.52681799068286 17.36082027033744
10.66066070575958 17.48307605859398
14.87243399986639 15.6639085811738
11.83115320568271 16.69929005148546
10.77037544376037 17.66827708795554
11.51892381869601 17.39619062863081
10.42036972334654 17.93433687814413
10.82267620581427 18.53447788234719
10.86335129408832 18.88710148413811
9.466992978947717 18.29707467773679
14.77591020499201 16.43613547734439
14.20385673929998 16.86105778804276
14.56786812402537 16.34618138390062
11.71074692917378 18.53658259419061
12.37167978511168 17.38165529661707
10.14202061962554 17.8919427069374
12.44323478277407 17.34639560442126
13.93218833561817 17.15572231196249
11.02637906311432 18.74898273006144
9.125068378178888 18.72820850143367
13.17315512153833 16.55148331283277
6.173023635705756 19.89603650037241
11.30680363260424 19.11286624454649
9.871715941513324 18.38144233925455
11.84741756924144 17.63210072310871
13.14677715710966 16.4118699614279
14.95198846613738 16.02835214583474
13.03153291463645 17.29898390222242
12.94458606077568 17.78719478347373
11.25265132183314 18.37030522567048
9.728782423921796 18.97480103797735
9.701337227718119 18.52650363798009
13.27554965777175 17.36808780512026
11.70268334757679 17.7589786072583
10.18682353793554 18.48382632581438
13.65520645140608 16.82814699714525
7.833058746381456 18.97497227085178
13.0721567197647 17.86412105863034
9.255694877699248 19.19311199697019
10.82559951314825 18.30730689467277
12.85110278669874 17.06503485433802
12.35622869472342 16.69702950612804
12.1201703298665 16.65789656256294
10.51504064464424 18.59874794234912
12.22444006274871 17.34319973869467
8.316632886218377 20.02050044546942
13.22446558025518 17.80610004445527
10.88174081966823 18.0806387172653
11.58536039271839 19.29910794101669
6.215605319063028 20.24431034742231
11.95148093954324 17.57899065392636
11.62973560250116 18.06166819932485
10.11177769883846 19.04638345540963
12.26997224622603 17.4058182263057
13.74479630038985 16.41819968135118
11.74287222349636 17.66712820359227
11.88078717369032 17.56734625032844
12.30505548298771 15.83154974573024
10.80477984439224 17.87032630433549
10.30517473912041 19.40184110141103
5.260753462980498 18.29452701731141
11.07506126210044 18.1488757603667
9.760941246754371 18.80250949997628
10.98683159734864 18.71416043911162
9.235984329826369 18.15069823418062
10.65170936543351 17.87228395949771
11.20006636691135 18.4914286243858
9.849289949178765 19.10649366781424
13.31306024168956 17.42041102198726
11.09061607663398 18.38312256774221
11.47572191055879 17.77962030185056
10.23518160474657 18.88413104488012
8.176846789206184 18.84131476350799
11.39901985970765 17.83410326339446
9.533813161095141 18.56857129883058
13.67032294700663 18.16385266162638
15.61548727208159 15.31522816401139
6.137471715049322 19.34868072906064
11.15370950109562 17.73316489717807
11.73804124296746 17.68700198117275
12.03521563313103 17.60118411111317
11.35779198009502 18.24593228224442
8.173918749189216 18.6397413077394
10.34364995530931 18.56404892237384
11.51036672952314 17.80341760345418
12.03077198422108 17.70087257846336
11.454088969403 18.36918370525199
8.787769175188108 18.41077032681941
13.08212459371856 17.55667310733073
10.2952536194119 18.12540473291952
13.55837626137809 17.2905306503108
9.349834053389527 18.0356609040118
4.43608877125443 19.42356959120255
8.379194855481432 19.10163456109966
12.8147546873913 16.70196958572859
11.7450683336394 18.08479464568719
11.09900624893504 17.9987263141109
12.44895958841969 17.55863939289221
11.53010074411509 18.94604392550035
10.19364645721087 17.46684528294942
13.29687100142455 17.55498318794933
10.51059325675943 18.09754967999539
12.8247286636555 18.2011781510048
15.19290069018095 14.7068082030514
10.53947431834128 18.07106857797037
11.84378435502361 16.74471037233046
13.15562008785252 17.19841993327452
12.23789972601351 16.54176173341892
11.82607506843597 18.73835176555976
10.83685681203119 18.06147203836072
10.83207216582239 18.70333927977024
13.30243085240255 17.26504257688512
9.779945209656477 19.01702896387656
11.19133065842422 18.3921774541327
12.69507729166192 17.12878898203017
14.59552752548835 16.42757747844762
13.02297518243546 16.45107001187248
12.28808860337439 17.00461496479028
11.78652412070811 17.25795104143625
13.06619094209259 16.42738671813539
7.877532634794616 19.45347544004922
11.48646868811637 17.87967158861805
8.161510197973902 19.22121582838172
12.30027864301878 17.98972107050523
10.19286698041238 18.79425487370007
11.96386865332768 16.6039824422563
11.85033855296867 16.88913773843732
8.790482630384448 19.40087975932043
12.19656912417967 17.59058480974814
12.34215094982532 17.61648315721601
14.58049313850612 15.79688190953496
10.64947064686598 18.70071519250486
12.6920669821747 17.57136940952368
13.17338100632406 17.50093720427787
11.27889636705294 17.77001706058035
10.56455884806076 17.64986438168686
8.38289953445503 18.1968531401568
13.60127948797012 15.76811805990707
8.956897688979058 19.354673867424
13.13588219633303 16.47949347929016
11.00889693878625 18.19103688203898
13.68474803359365 16.75534069455338
7.334269939701802 19.42694803857661
11.01061985244018 18.3641755318156
9.206976375611401 18.3563445999305
11.61213644669682 18.10647998873576
10.78223204595481 18.13950425472682
6.729377335786488 19.26360215621356
10.38952368853645 17.91418805074686
12.64278770809896 16.56093441438466
9.136942226104727 20.1008757194246
9.19721782085551 18.00488295621883
10.41996758428644 17.37283370896585
11.70680623229788 17.7485667740059
11.7849990544057 16.62273376398228
11.72949410721086 18.14242986986628
11.77930206055755 17.4453875567221
9.869114885692706 18.13122617616024
11.45603339154353 18.23966740502133
12.81121029192583 18.05131403355004
7.44629152230157 19.37929506214679
9.850984496544939 18.92159889552939
11.88370284542836 17.51389416555361
10.09330911795433 18.99735084448817
12.78965931134026 16.99179884432106
12.46761565521947 18.30355077366862
11.67226076204913 17.54344494145444
13.5719966708089 17.02838956304073
6.643883700634063 19.31025632585151
9.226426776599068 18.73327997670714
12.32833514675092 17.52267100521067
11.68701564096411 18.12433618522328
12.21448565027166 18.26566730088331
13.1876063181162 16.73427143220507
8.098683015905673 18.50436990029072
13.56561246784158 16.58542665233291
10.22636414505828 18.44668494754339
13.48564041124457 16.76419949940684
10.71844232515939 18.83861170419442
12.0629730150909 17.50568143955434
14.45103133936888 16.44390728765931
9.838925586990998 18.04722727119308
12.14164092742928 16.26179882122301
5.743206864891288 18.77859920627506
11.03607284155797 18.18755376076319
12.52250561227205 16.9993591778109
11.82707535378018 18.37322530820562
11.00219104854962 19.14574929574494
14.24168106530561 15.81693310308107
12.41750864380961 17.76273354776963
10.47585564228242 17.85500455518571
12.77885506982922 16.95034790991143
12.93637608233776 18.38198293117161
11.63679840893315 17.99089734673497
10.50239055854942 18.14702126895693
11.60323850391541 18.05651682031997
12.94791768983022 16.5385804340665
16.40739827399785 14.28748230364761
10.96705831386214 18.15374964693725
10.6208010534781 18.01896980847024
16.03301640906312 15.57910100312465
13.34095029164456 16.52804452882246
7.013424420320205 18.2231554422991
14.48181503372706 16.66138799190661
12.35138687458917 17.54352967708978
12.62072151345824 18.48924594747794
12.7282741470995 17.39970655072759
10.42015429031533 19.36196444961192
12.65821059039973 17.46184710223157
10.7306355078265 18.59553791651926
11.11129915108752 18.02558133120662
11.73250941655241 17.42247085667137
11.10843015707881 18.32348401998927
10.28381047558858 18.10097724599828
12.10269233568904 17.35776557078814
10.55402581792477 17.30033635886406
8.618224668614991 19.02159081759105
10.10552113468577 17.26809043018243
10.83041360088086 17.7583005170098
13.69909377303627 15.85772811014493
9.834446413894229 18.67505213413114
10.36815182774061 18.25189504989619
9.34176903187273 19.43272616538662
13.45718428394525 17.87160841226769
14.87256700385036 16.66869691658233
12.35155784717569 17.40060793804656
11.19573167566223 18.17113852426229
12.94854910822639 17.16209344759448
15.57021382280528 15.73436056994239
10.84029060267582 19.02603792552809
12.01488281906483 17.29583255374414
12.15387254332422 17.31489277973345
10.84076915462865 17.88888217525788
11.61564616159572 16.27552359823924
13.52012324067563 16.73662497722917
12.49080271715296 17.89888514191511
8.344565958899349 19.212514120765
13.71328391762287 17.06226849453037
9.808218859172237 18.13192574027103
11.11845332088213 17.83747288241077
12.21363903402137 18.09589143147463
7.640254219479023 18.88833088434735
6.433295448039188 19.52486624882977
10.5714718706336 18.90792143198992
8.254243711457661 19.30511595403941
10.32772731511044 18.36346445508461
12.22813957120566 17.7253705141647
6.565255235217363 18.32746147552947
11.89192675372401 16.51503487766143
12.91004899013474 17.28039683502907
8.447516945218791 18.87731002013515
10.12543960442038 19.16890636171101
11.7201567143382 17.57022300764542
11.90453206170716 17.31967981974363
11.17387393376364 17.46848476293196
12.80594321671502 16.97220359465165
11.19149765438432 17.89272816421166
9.737892350879786 18.17749355400662
8.43430437509074 18.73869543166983
14.56400589672311 17.0205173418932
11.99523748100169 16.37223167048639
8.016642116180082 19.71401847333865
9.670874762843885 18.79928012574466
9.655965496473065 19.52055471379404
10.26824891975881 17.85722850781871
11.85569058589128 18.01362192151269
11.839288166883 17.99129387036777
8.342656237904325 19.29408920743723
9.54234822762395 18.82261789322105
12.04761211122812 18.10345467806111
8.482699500977327 17.4387291059854
12.20822498980925 17.84614593040187
12.92636073637885 16.89793099124294
13.9718425289349 17.05763296067294
11.05764896924181 18.68244760572293
13.50600744355518 15.97263396554347
9.562900290882842 19.57905253591275
10.17039217006755 18.29959794888174
11.95260725778271 17.95526950883946
12.54419997185152 18.39294216667564
10.60311610336506 17.58844878647237
10.29864280864719 18.59661527241606
11.85799824169667 17.93246573812754
9.346038800342201 19.2082522406847
12.30956656690978 17.16449922490268
11.67816279461359 17.18758990890339
10.82438624575832 18.23448164585831
16.0079690513562 15.27460415030788
6.727147856967883 19.05867572543454
7.761895011675931 18.77509488553887
11.07891055603465 19.28497948936876
13.98761251567834 16.5923996027477
11.73109232730192 18.26180636462948
14.40388133988945 15.85285145137767
11.62518964782536 17.97275526410976
13.70914115584029 16.96907242125255
10.60390822585407 18.56737229447221
12.91251371161246 16.06008106281017
11.85495486493254 19.03459700853024
9.370660012961078 17.43102077832107
13.00695204221838 17.51303125025053
11.49154281844331 17.34076342060171
10.38332954415641 18.12666017538129
10.81011631851314 18.86783788249562
12.7483619336652 17.59491048468488
10.44234185331161 17.9210026176255
8.909510584282513 18.94176991663559
11.47996155721265 18.34286462653577
10.20208526729643 17.83991294192497
11.96958091750024 18.35422878801123
5.718132135863057 19.61652732256362
7.904243489599363 19.13960978861468
9.515133714035715 19.35662566425891
9.589484188429855 18.71446441615042
9.403547624390077 18.92021646608436
13.11922887280052 16.6111601120069
10.40940233101991 18.66459507291362
12.63774087113318 17.6428585100977
9.621691084949191 18.11647918405317
12.11480392391354 16.3446681676496
13.73408673063369 16.43620356306898
11.51493766684667 16.12026638093736
12.58535385863842 17.21963782786096
11.49689484074668 17.60982173983473
12.25427720305105 17.95836563781288
10.63443111092922 17.9627709935266
11.90313549466327 17.92647057632002
12.82400424746116 17.34986528086824
9.365691638924615 18.92377987670076
9.396819743881357 18.0805470764711
11.18311989636985 17.82059541569516
10.87217060178583 18.41535928140087
11.85466244702435 18.31776991739545
14.21111384003416 16.27059015486042
11.17605538214114 17.90555004473428
12.71764444795851 16.95950426963678
10.48790264463716 17.69995312595413
11.4535222106813 18.03840443716221
8.259579717613128 18.69363101427319
11.07664703472998 18.2951234088348
10.80886165622078 17.75521586276156
9.834032156439958 18.47267677452301
7.636526840376972 19.30562797554052
10.61507384444747 17.70890251759664
12.06925610531467 18.58137115939237
12.88441494587995 16.49422170656383
12.46235791110319 17.14754442618651
9.663744278337342 18.49287948327082
13.04010851436608 17.35422662505128
14.4113496240922 17.21728988120729
9.271968740074273 19.21013953662885
11.68211782696877 18.42794734080362
13.55870641250642 16.33028707600676
11.69950964087184 18.52055662641608
8.035105750544796 18.98919857323622
9.860538107428622 18.0867107705885
11.20260066338182 16.80630050405658
12.42102825724568 17.87030840946374
13.84474994197418 17.89043655200091
10.17697074509979 17.27852623617008
12.22095438868075 17.5679683410042
14.10229878669137 16.6150477851642
11.8621569241074 17.78770477632979
9.498076282476013 17.9949741512332
7.248387517550512 18.81788545069675
10.43147616336442 18.35795236822577
9.934370781962388 18.38870769323985
12.03800985470885 17.81774249225503
9.29235045069529 18.37315574228336
11.8072736578731 17.07731279421686
13.35831825412704 17.64952007160958
13.2415727472157 17.52167556786563
10.25111323082178 18.37310926295904
11.9155615637397 17.66328494829344
7.539469774266124 19.03889279841558
12.11148403419956 17.89770355554305
14.32690544118378 17.27128565547776
9.851524113553911 19.03091672819415
13.94932494988473 15.89607028066553
11.97752534422136 16.91484349821463
11.01226557610333 17.69639760431335
12.58130638758769 17.60409206561932
14.11843592145378 15.43239701941772
12.37665906073722 17.15832134751946
14.15296149159599 16.64333814238385
10.81516070483907 18.39130012266028
7.923375465160763 18.17843656373464
9.092993516631228 18.0070728965081
10.84868557380522 19.11359524562671
12.26798955485224 17.75956460190097
12.30474167143518 16.78934189487682
15.02143764282514 15.18331944814259
10.07908679180905 19.06730173134919
13.17068265241555 16.60390625205667
12.23788561500063 17.38796185465942
10.90778299389957 18.26566863895687
12.36707045252617 18.42960895543044
12.83850326368315 17.02949820246948
7.101708540965404 19.70157138771819
10.40773626820073 17.3089624694858
13.21699990356426 17.52177074971592
12.61410068783801 17.1152874298399
8.73484263551771 17.84561161141813
13.36865440023944 16.95539786289372
9.836661535935212 18.64115295899163
9.72498609782107 19.77085310427098
13.2826978015531 16.86043261073534
12.23395296626427 18.00292573282056
10.98599462905745 17.53377645832838
11.16359866086574 17.5437774532
13.31464159344244 17.55681723746349
13.01786637735187 17.00511348412396
9.298662535029701 19.25851211942927
10.42322931483101 18.817845932191
11.51893650184659 16.86153508736678
9.139701574224221 18.84862023314247
11.58231920698104 17.48169335161552
10.88311524555285 18.4030563907682
13.90888104040889 16.55820602446444
14.28409997936832 17.38618128129334
11.07262584135291 17.56949468242577
13.31183372041346 18.40535036102009
13.83646112554578 17.35113797839895
7.632065033182487 19.25568909744219
10.85558538814977 17.88477034484984
12.17278982078933 17.55240242037909
10.45160745712623 18.15641243742642
9.28414243218303 19.0674776865613
10.92553386318164 18.12178230914477
10.59686554992034 18.9034574300252
10.15241556700806 17.42080297152241
9.437435798970263 19.33693151373178
11.31372346430832 17.9237545452464
11.35762273004035 17.66927544030777
13.52978057472155 16.66227821217462
12.10620603013024 17.11562826263591
11.68098926063454 17.72035539339304
11.19702278074436 17.76886145725815
13.9808825178147 16.01183862199171
11.18199479039359 17.94476209636783
9.873861053024994 18.57218099450077
12.36547226539912 17.55638797630287
12.77633195162201 17.30189146002288
11.70828207603919 17.84369531159613
12.13277478242109 17.35220996013451
12.70034649640971 16.90355269049709
9.674736032378602 18.88287186292591
15.51841514791531 15.59681423612757
8.022121214714749 18.74994129052011
13.18985320657826 16.27911517194712
10.32401702339221 18.10078409305615
9.596040107316931 18.63366849877577
13.88401636168524 16.60499890233183
9.811189255729895 18.3730883973608
14.49778470567194 16.32704024562418
12.68185956515274 16.27327872781148
12.6102399314324 17.65075410205161
10.49410682280926 18.39169971176753
9.68140127356981 19.14547201552648
12.18737937869605 16.43623153630823
12.60545593214705 17.52807706278364
15.1592785265072 16.54688591154946
9.236859405899629 19.59927632605919
12.23268087514795 16.36504362990339
12.36136234249688 18.15753219892391
14.85278471060633 16.00913577412926
13.06716175392295 17.0949668516699
6.681949448325216 19.39141952015115
11.7371459870171 17.71296500877101
11.58169922371716 17.96595010352885
8.861123510979615 18.73594987446494
11.06349348758157 17.74180380871649
9.106401382189135 18.40126333723321
9.731810070562746 19.54238353281549
12.39505066148381 18.34572345141684
11.03666558463993 17.53716076332423
11.0924085682099 19.281219799351
11.91014128703333 18.55762557286578
11.77719451632245 16.83460849130233
11.66027883724229 17.89751125870474
12.03301782075505 17.70317333834879
8.375926248297334 19.16857836856818
12.2614321103531 17.95158412408751
12.40564431213741 17.32537585875943
7.910696248526063 19.8458060863531
14.64715759641014 16.14263877956968
12.00723138527587 16.22123746298771
12.25056126448204 17.23715879658295
11.8841488214988 17.8353522752121
11.08128306352892 19.06637991168215
11.34258816883079 18.22664269964283
11.38670300454065 18.31330854451799
12.26895306874654 17.35579498111935
10.54629388550677 17.77135037076109
10.3786721118729 18.56702000167773
8.49356771912125 18.86467435903059
12.46149223486369 16.49059926323032
7.813677864443266 19.34279280242789
9.068334150890937 19.26725128520589
11.24328564020067 16.93048202862667
12.58296253971549 16.12363127284744
10.42531942048408 19.21940103578408
6.615683690737431 18.58016718150164
12.99555586998202 17.63785138837983
12.29083295178697 17.92486844585163
8.419394361674437 19.5735866708161
9.755243621652454 17.7369146305657
13.55505662963746 16.89820661320142
12.31686609084095 17.0867336037736
11.14041071640464 17.7550939574006
7.713003623412096 19.8068370210886
9.862732600103094 18.61789074510675
11.37976846633499 18.03938054570067
12.09192089050961 17.80764255714765
13.11001849446085 17.31034360333661
12.17613810926112 17.67335778090406
6.923254506981444 20.17640439919416
8.549674389026617 19.35497690748901
11.49016626693671 18.30223028734894
11.69882153324528 18.93275896411321
7.105299842157145 18.9784031578284
13.81108615956502 15.67914853921547
11.73023773122665 17.50049397644735
9.961293871248671 18.63294660428764
12.50965190764545 16.51174584799629
10.99918901355463 17.40324127729831
11.7643352859392 18.00904691993241
10.86514641969902 17.95787849894422
14.24367632068297 17.10917877368114
14.7239380506265 16.94588073680789
11.78140694588745 17.34757963195208
10.4183213410132 18.38196598121222
10.95715782799557 17.75577906942517
11.39650239589754 17.81980740264229
10.48901311805491 18.26434280753588
11.7375312735611 17.24170685993285
9.516047549791249 18.5681626737195
8.500910315936087 19.46488458198503
13.57382738033557 15.70441623839594
10.74537839245234 18.16095827402711
10.53697316125265 18.10438988938049
10.50779801530968 19.5214146096878
11.89718310997803 18.17754955533109
14.10425607655172 16.52116909774516
11.25807216603319 17.80017161081566
11.79522769810538 17.98828429847175
11.03626616509525 18.66208855550607
13.02251427978942 17.79044384731513
10.79375558563785 18.66602079032136
13.83604643859125 16.40962681516726
9.823537206298859 19.06993980176752
11.01756505876669 18.29645886530903
10.10685084896869 18.56620556597457
9.807851322112825 18.75389071734969
12.54159021019362 16.36367652919363
10.02733437634561 18.39995494458111
10.08939668327237 18.71070944992408
13.06042462802551 17.41625113011464
11.18832769297845 18.08805152579552
12.70960672621479 16.48206222788748
11.99202983409742 16.9424140033026
11.4906013866274 17.01576230852183
15.14227293450941 15.72161508328305
12.98012521659992 17.77235316477313
8.043804474973001 19.61753500783826
12.22218374614221 16.92954349808932
12.36815095780313 16.68468735719672
14.66961883092551 15.93648870824779
11.59750090972629 18.35928140868679
11.51397746331286 18.22996847027098
12.97615510736815 16.60045627251237
11.89177009548182 17.99883856599769
6.535993442704608 19.6363341374462
11.23622337383102 18.46799679735296
7.278422342521513 19.41357232186922
9.658450339933102 18.23407610219352
11.22942824069993 19.06795003682621
12.28102322146233 17.16197126048831
11.7107495375638 17.9630429288245
12.96721912639534 17.33674436984959
10.36769117271602 18.49919442331844
9.44528314152482 18.55841948450872
11.53832204875444 17.98672848210581
11.38693252773731 17.92243851469064
12.74321671034968 18.00731631503851
12.25684112779392 18.07870147413137
9.972752804128426 18.20604326819482
11.82594938609789 18.07951002896339
13.45617532641593 16.94403641623513
9.737148416631353 16.96506516607058
11.3574724212039 18.78528062490478
12.54654898316658 16.12096818355372
9.389487189332197 19.31093756491886
14.20882663190468 15.81742005870021
13.76293724558507 17.67267876721169
12.9266874088306 16.15021896039707
11.6027714599327 18.29204049761762
12.60751626075567 17.24002489933039
14.45857309822804 16.98948453920533
12.13059786042917 16.82577134932205
14.80178710575029 17.07293893242893
7.31525274228754 19.86463168821377
10.77438665658149 17.99628355473131
14.10910202923838 17.11178338130389
15.02538048875574 15.18718762397394
9.959346372841271 18.47024269997507
11.57601161990996 17.25502191209247
12.85686343315044 17.46240589778374
11.97888489687047 17.9592010747814
10.94716751104819 19.21078050730351
9.715185518959977 18.5721269268963
10.34452684787494 18.13963464138845
7.133307726528849 19.70970481057908
9.336484596353811 18.67742860567258
11.73130128867363 17.90712564291523
8.531548949026027 19.61777331563359
12.46777384386804 17.80630072078047
10.69638417540254 18.5114312447307
13.83141285312394 17.38103069683684
12.71891488538476 17.29218711077025
8.85492538690284 19.10418775548665
8.910008565103549 18.10709952195646
12.09582231605822 17.40920409944217
12.36672404644691 17.9352005773416
9.160128887869536 18.92442495243002
12.14949217511584 18.7803027341021
11.98731664925068 18.0576465231701
9.018093289916592 18.65657627985269
10.41357143519107 19.31742583480154
12.97546835909976 17.64498302139979
13.00407313979636 16.93756261693619
12.35676497992681 17.47847975483658
9.119739188032796 18.9557149893599
13.9786614005193 15.58081359673899
8.560597001266462 18.87834393836934
11.33281680925639 17.04914504870141
11.87042633335354 17.21019033763894
11.81441988034521 17.61605569315566
14.50050077730306 16.66239619105931
15.37548556988502 15.75306438138398
14.96888552688725 17.1337610497494
12.19187432479099 18.0991541140379
13.08537035694237 15.68201346688821
12.37635595974832 18.46475025296212
11.46600811516055 18.18594942340135
10.97318918189428 18.64959264876365
12.16280924341249 18.08874463645364
7.084444226088271 19.2098928445226
12.68534604530198 18.49692919099624
7.186795528026395 18.42355904843161
10.31780933803825 18.36672587625546
11.83277659174293 18.51549322827034
10.81861979161744 18.45250933685791
12.25350602606258 17.37252914674359
12.52572052312653 17.1846736398689
7.258354869498243 19.36220205342626
12.65953590654224 17.67845424214479
12.26584287114401 16.70083765616082
11.51877875332553 18.07990405338962
15.87264999020632 15.66000473296252
10.29577555236152 18.43941310504558
9.969537419598558 18.56875814135239
8.035823404755224 18.85670097013366
7.585240450168787 20.01773376555407
9.393390619832518 19.11539880583036
13.74634903060853 17.7859837812548
13.6539326439456 16.99704591970957
13.06609956766651 17.15573796521916
7.766052953481672 19.29038430169908
10.0912902673965 18.40768927387869
13.11044904472873 17.31190541247747
10.43413120453597 17.43381272403016
14.09575453323996 17.02727443202962
11.24555800004515 18.14445847886997
7.786066369974375 19.03790687629114
11.38646265850018 17.23684907339795
9.838439478118584 18.87695260317826
13.19002140221836 17.00214764576895
13.40420476735118 16.46732102130429
12.59670059922243 17.63409929604092
14.55632789779446 16.89724266396856
11.92273290141294 17.81965033489879
12.25338593954169 17.73077082076836
13.15362364640441 16.18015361549211
9.9500774711364 18.08806022822227
11.26723246094215 18.46121913468339
12.99085921395264 16.32929686763257
13.22312750089114 16.20994519604869
9.702523057551609 19.39143624679567
11.94213201224579 18.37177626701633
11.54938254501381 18.63958654666212
12.71100039775599 16.32347388495889
8.388539983982254 19.19993734525987
13.45249605745142 16.62868000130391
11.16798667143823 17.89103640253661
8.049664821230623 18.65528610971984
9.399198464244865 18.09841175130602
11.87115355635681 17.83107277209799
13.16494682113041 17.61456787196015
12.14768836047143 18.12794656363348
13.34295851240124 17.43356404365317
11.82900673674849 17.36463762221355
11.23188475241586 16.97196357289931
13.94899607260005 16.72560137927783
15.28204813532567 15.67694090368824
9.919497783330709 18.9055984494719
12.14645610018816 16.7700034506304
11.61427598868603 17.87870037499351
10.41527765153405 18.11878736807874
10.09110587859132 18.80941825394136
12.58211227181245 16.70098100264266
11.48528698373888 16.40608387953259
11.43238344801505 16.65246984141973
6.112280699697165 19.00581184182365
11.57720672511875 17.68648981482266
11.78041506927556 18.55925679913868
11.00585516732147 18.52584701565846
14.92642437979413 15.12766511080658
11.80502526760722 19.60617596451813
14.389220908108 16.6407112834047
11.18385702399147 17.90774924006765
9.490052149063956 18.51048572238964
12.76709887006119 17.94814114071558
9.507611427009046 18.24745222029286
12.27985124839393 15.78260258030635
10.19712085395484 17.71672625742889
11.4767574203507 17.41652418771105
11.61472462567387 17.92888215983755
13.26303441061218 17.10255232048845
8.913559336671479 17.90772672375875
12.06234970159811 17.06125024265908
9.396714586939728 18.9949680950115
10.86325015419688 19.04574011963267
10.88299018589083 19.08579479479609
12.99433347688907 17.23506016943537
6.806638107969623 19.95325863073627
11.18936373990606 18.27826974783059
13.61113090338647 16.50256498282282
13.7912710103589 16.07173413094554
9.862158478101238 18.94780414475224
12.25578075377407 18.05289993643002
10.65959435115194 18.33198716056263
11.07057956143414 18.75979529641575
12.17277879011638 17.30229547144572
13.45719938714736 16.18163101510408
10.34239117498509 18.01157620694822
12.40607931967013 17.70179119533319
11.51267698729283 18.84184601452947
11.70585823460083 18.00583347505536
6.831200986516617 19.36111162388176
12.50252027946004 16.79471579859769
10.59458312248782 17.76764035944739
10.52929548868736 19.07529681764273
13.50548006464991 16.64300643069782
12.04949779334934 18.27840122809637
13.92437368363735 16.26299814131188
9.862279048050139 18.20783975564245
11.31730859951638 18.12643090545198
14.15525210660669 16.51316928572414
10.4205838331445 18.77339296578766
9.897667217719171 18.84923682370402
11.28003697283727 17.42409332322104
13.63543373558478 17.08016738434235
11.13193011121398 18.55327285479057
8.621383371088514 18.96851200740867
11.98412813000122 17.86049131055721
10.39710745242277 19.12403109895023
10.46114443929595 18.62601218095233
13.61049249480417 16.74746094150327
10.26150031121483 19.36499200571358
9.094699925734403 19.4921467541499
10.9908873505952 18.90270408703175
14.12951874703651 16.83122709132798
13.66232807134127 17.66619838997777
13.59053938398844 17.51925757996216
12.11824278228809 17.1590407567021
12.6465734108451 17.00239523114295
12.12519618803753 17.05681567021863
14.12995331093034 16.08369833790907
13.36508019853091 16.08489617255168
10.04917818651704 17.70863619267571
14.99554042898058 14.84308547322534
10.98307337952636 18.51031160861131
8.670400295384018 19.08711788052478
10.89976843475226 18.14143830996669
11.8967653111715 17.6897051921427
10.60884624532747 18.73314996511125
11.78988243220709 18.3424172650805
8.457837882533369 17.68036688990712
9.019553739938997 19.5003691670986
12.49770056639874 18.13621238571599
13.75120694181764 17.0909540282525
10.00493643871169 18.84750015095406
12.07984226672319 17.89460311119296
11.5194681004813 18.26152439331215
13.62208130526119 16.22651309979565
8.762823544645794 19.20760942985574
12.75669915242665 17.04222133706327
13.51599068542444 17.36373977407823
12.9929936103162 18.16048249511236
14.32242671584313 16.07786196972977
9.699590091010771 19.56113481513473
6.867047193519785 18.48057709309933
8.584095399709817 19.5665467902951
9.685880760891811 17.92394226851481
11.03609202237832 18.3765375090361
11.05810401729428 18.74869627752472
14.29028818748497 16.42451968849803
12.72565024471287 17.21295819187402
9.808486497589364 19.06273562190417
10.99812796352357 17.18660859266169
14.4419451178797 17.17053046881985
10.8086033076024 17.59871428097577
16.85241333268692 14.64165078943786
10.31607279976672 19.35129370719618
11.69884941789437 16.6960883065765
10.85127913921129 18.47196065987661
9.580386557240992 18.64876235308131
11.88869624720198 17.89098745081473
12.8434279721364 17.52882494180222
10.91428748347975 18.22371464001071
14.35902033363046 15.60328063827662
11.72683441611083 18.43153826380896
6.116735585230343 19.03886112359521
9.640212959287551 17.73981017860531
12.50947511662261 18.05510791819479
11.68820353094507 17.78867119042671
10.44954794929188 18.70743443953835
11.70073444578439 17.5334576291888
11.79341142007183 17.97463521833646
10.14567299939682 18.23046005102482
12.2519448309525 17.87717757442093
14.26253065603849 16.64893788771187
12.59641151711597 17.17580081090648
13.264123405021 17.10730902168486
13.49029373658531 17.7260119855801
10.59157126291287 18.53880473151749
13.24266472492237 17.0647124964181
11.97019074663633 18.17396489080109
13.61849132020423 16.95429418915165
16.42489148444213 16.14967469753367
10.68379239197398 17.83234458926113
12.57207562491042 18.02769315332552
9.433317683982963 18.60811858271702
11.91927846117282 18.79288906198027
10.31909885377976 17.31274152675051
8.066229535614584 18.91619312852684
10.36928221545321 18.17755580814153
10.71261626920681 18.2498189062694
13.03029918662234 16.65849944227492
13.57089003293083 17.18587627939282
11.38843154097096 17.98631044568781
14.16326132970696 16.1034804999525
13.9739532381449 16.4359095993094
11.22745144420512 18.71241918962722
11.10629779737638 18.38498011008603
12.87051493281033 17.75377820784919
11.74490599812788 16.38554762613202
12.78969133266184 17.16281590741592
13.32346549112979 17.47637210965774
10.19408500485937 18.34914054329434
12.07647258686379 18.31893890159844
10.57650261558431 18.27940957692146
12.10938642824977 17.05142477771143
9.26353753953695 18.50967713684793
12.82520082893863 17.71588536626909
13.0212383843918 17.43409480550928
13.11299461973711 17.96337157766464
13.75951963349966 16.31200572973789
12.37936110132082 17.98381540425013
12.90428662661352 18.06479351239356
13.8193127234025 16.53073622859154
11.67634355130699 17.95970580257462
14.63216107568617 16.7497583581966
10.06233963446189 18.15262967428825
12.58528907974513 17.9905384621185
13.86705489102901 15.66116773826155
12.00733765931664 17.8987048524212
10.41134097900124 18.71192005219297
10.77916624935636 17.31645149765063
9.843463865788594 18.16848143270178
9.498609344769251 18.87324298401159
6.676848937528691 19.02496113601978
13.63256094831111 16.82746725808879
9.221034544666301 18.74379578080839
11.00035751108294 18.38112041162725
10.0267088214284 17.45991905155316
9.277320405227066 18.22404282886902
11.37097113430873 18.21781317086254
10.21046404132905 18.33790836415815
13.34413182157054 16.18327594542222
14.24225500405414 16.72916073550388
10.71132029515786 17.32413889030235
12.83938039629663 16.92300654314883
14.76303787539217 15.98623019080171
11.04917694949274 16.94582879322825
9.689056571061739 19.26657704764513
11.83412158940589 17.17472426757656
12.51786504151311 17.52889796898168
11.08283954389885 18.38865379479693
11.35900106860334 17.90180219823533
9.045716865067959 18.43690187579615
9.712899057974706 18.00871240574619
13.36789949306138 17.19814350226209
13.79709538441442 16.70113868286599
8.538749466370566 19.13923026530942
12.63182547385846 16.99147629072907
14.10711118378686 16.2625064309103
9.002108729441446 18.41213237746279
11.87479888168957 16.73478862448655
9.548928731175089 18.46620702826018
13.9370662777145 16.71669596414083
12.16496573242273 17.87604998163309
12.34475996741424 16.75191585885783
11.5362321661875 18.0690020597334
11.36754492782865 17.90837290408338
12.17986481329514 17.77065667519611
12.00188505151902 17.6684741660018
9.420088790916314 18.73613877418228
13.08700893937008 17.83631534843024
13.62587410935121 17.00990559743994
11.12532899528892 18.64898330796784
8.487799050174033 19.29852817024357
11.830178759332 18.10422416188577
11.10970050388178 16.55800113998324
9.204744477858716 17.98142317980596
10.19176472018211 17.66422856748652
8.006749446101241 19.30138547474921
10.07749316061453 18.66244204833435
10.50551186631056 18.81884757163559
13.72893255743069 16.47231695718845
11.2453157365754 18.33857817690642
13.27856001597936 17.77551209336358
14.30802044969172 16.34645891266278
11.97683492384235 18.18053600751005
11.43230833291607 18.19165603213525
14.21684861626361 16.94793003371127
12.521843814439 17.36323331180243
11.77348178478059 16.82306772475369
10.21056865179825 17.9435637070513
10.02980552479093 19.2893169336112
14.0529055527355 17.11750306615628
11.37080585805742 19.11240228284444
12.26247686323828 16.29766063892033
9.290173864901186 17.72285039277303
12.4276563121363 17.4028441202565
13.23498869164688 17.61166218285886
9.364963019991713 19.16175854784985
12.22822850970075 17.84120605787254
14.18148909690411 17.19997031097679
13.06125736719105 16.82879863129043
11.05213465258256 17.84361173459392
12.02319263495274 17.9675155131478
11.93422343277608 17.50520394881155
12.51316438945206 17.01217529830281
7.952586706218866 18.26659711225545
13.36324547159011 16.94019385671255
9.292295653277039 17.62340319996878
10.53088472008052 18.33021571268086
11.78398822511085 18.51665603444996
8.717386846524292 18.92298077669067
12.72744293269159 17.43639635542178
13.19711353677156 15.96182067421079
9.690856204277859 17.6425608651158
13.62191426373647 15.68899342275771
7.77403173083082 19.49589485894995
11.26523259967007 17.18936238759967
9.199887304634666 18.71972212734866
11.05706004736274 17.72320241630874
11.03813665389822 18.60100610607797
13.03009526135494 17.53664469164739
10.71651311902098 17.02964394291024
12.35781102690654 17.36982569370953
15.12836622150978 15.19642130739471
11.82758409960995 18.90555372849023
11.77803160474875 17.83858219715017
12.60609771685838 18.57433542048877
11.77542056083177 17.6548253035404
10.79094259371752 18.28895281294252
12.2884031391455 18.0712970318962
12.55645159799136 17.54756575921414
9.332304809082128 18.55967380783497
11.06993977330377 18.60777984617024
13.29632985888284 16.75783583206946
15.13542494188672 15.56116230027987
8.502174821143628 18.26667306644771
11.12328648772344 17.55300395007457
9.753463711843056 19.58603268690858
13.75803177132736 15.62711742030608
13.73131524883586 15.75526455910672
8.754013041948374 18.44668832922945
12.12993085742202 16.93369365871703
8.571416470069432 19.3161454294691
10.80223080171443 17.88870524563999
11.16984886241415 19.44822868312167
8.899715924033622 18.36615218489996
12.34162064202661 18.3654335274162
13.5546901725503 16.77007290799431
12.95206723452518 16.61094964098588
7.203225603777763 19.34337441525404
9.0285837490768 18.19234566694574
13.32371428754149 17.58845863848864
11.69611737413842 17.28144217516698
8.610372222069497 18.30453805947221
12.84337204459738 17.42131701099139
6.74209228013515 19.47957623846734
9.873755411441145 20.07235669918025
10.13615486290195 18.93122567227915
10.23652292367026 19.39818004751016
14.34019217177786 16.07630864382888
10.18545587352555 19.12771640916816
12.83254465944223 18.34116006439816
10.04847086803496 18.12682655390845
10.75768427526185 18.49166672735644
10.08499839878263 18.31529445041745
13.02203776172952 16.19390383293457
11.21887099114177 17.6441056196849
11.33351900276046 17.71690246591508
14.56386282926555 16.62621460005134
10.59456553413797 18.59182263835636
14.02167428830659 16.21943255562793
12.6732361620916 17.95874902716166
11.04210726779205 18.41378794781695
8.747733438322344 19.3831105302636
8.528015612510996 18.83335588571531
12.86062718323785 18.07111377587575
11.45151634300486 16.98814875595163
13.10547018379694 16.68071696296208
9.811555910950135 17.86455785698778
12.40787400332184 16.87515203279906
12.07071874171916 18.0685207526696
12.90279686707397 17.78319781958663
10.45954236505959 17.98288887480675
11.42176421230625 18.17580689048356
8.501537549991895 18.225071794166
13.0496743624379 16.45211671719936
9.30108749305716 18.87030274584569
8.865511646277088 19.16308042616221
9.407881412542105 18.62769335677278
11.31938153408862 17.95256694904428
12.3013449478121 18.26961657415953
11.54713584689125 17.48859936408853
10.14088083462623 18.81658781233389
9.791097793204512 19.34100799042232
11.58903330110397 18.05299014034077
10.2858612298149 18.51914947402447
12.06971225599595 18.48895022600695
12.47163179600352 17.96951048237029
13.03163478957159 16.14116848378258
12.3519142720635 17.39563288671064
11.72038128219255 18.48811235492914
11.9997198781333 17.41118588780977
10.11860804188512 18.14439191797711
12.01635333205641 16.68195535433772
14.08696941412512 16.18219350020481
12.16546254891739 17.29003276289609
12.9129298631039 15.65166684931075
12.78803890245815 16.9560195939776
10.08171296143454 18.97440104927273
11.45486896566495 18.13399737660848
11.31964670056649 18.28671585285106
12.34295662906467 16.7335278262284
14.26804468931293 16.58287001095755
12.60123518990362 16.85413292670064
8.675257246205804 18.34997086262977
13.45090084486218 17.84964045759715
11.91802451999939 17.74179852005412
14.31237138265138 15.79599989422377
12.4997025972831 17.25805685168989
11.32540760393201 17.35461098304827
10.74090818150182 18.36315061102394
11.20617452315756 17.57404017967266
9.895511126334741 18.12115890625264
14.46246421451946 15.90668802188151
13.68933532374907 17.21265668246837
12.88133801776306 16.39752278397795
9.534139126579152 18.95224967010406
13.4450761054798 16.62381908671544
8.809300623488108 19.6182195011209
12.01246936422254 16.75249814361931
7.841985039447208 18.86840889114897
8.662124075572523 19.63392764048096
11.04561539584764 17.52901818730114
12.91278397013808 16.9200703919325
12.44146381718173 17.48250867956211
9.663926791183137 18.76123156713444
12.72398118772575 16.70078351002785
12.73997680996855 17.25336641809344
12.98932776024092 17.07698953666024
7.517369949521917 19.1597582634244
9.7833834301985 18.20060250043061
9.30596627848551 18.41310351093641
10.757495001518 17.40692810192538
10.94084362562031 18.28651452652016
8.004941471895217 19.8243987812619
8.454204021570407 18.73273323399681
4.80151601391609 19.85757140480953
10.34419223236497 18.31506070416154
12.13435186029828 17.04274038417515
13.27492596190433 17.71091846507299
9.56249415859814 17.01311808101854
9.665517887844761 18.63433821642738
6.417626512231773 19.82372488568771
13.415720107829 17.08066540212893
10.9692578135162 18.33462495460882
11.60409151272629 17.97307232110324
13.21389976042339 17.34622974036376
11.50581258830909 17.98309426959174
12.33954860022285 17.77157385796217
12.22954388626824 18.5159004500802
7.980702651176877 18.77516754667504
10.45448478780318 16.78997463464105
10.99754758698847 17.92605675558762
10.86283636609365 18.15466455195888
10.82874796770613 17.83000057381362
9.642850060903417 18.79112713392024
11.22500015591507 18.54185627998218
9.902475021443266 18.26794691046568
12.15853427622608 17.6813251732336
13.58218766207801 17.34172767222068
13.42359151680276 17.23698805000883
13.94275975636733 16.50446080314276
11.51686111839395 17.56829674424631
10.33331504780544 18.08999460986014
12.89928179687263 17.79735591437776
9.166703366117085 18.58214991382279
12.53763655836412 18.05613472593711
11.08673274203033 18.45049345613169
11.23358358491204 17.51561754806989
13.14594577903184 18.09892345173908
9.857666783806145 18.25661621681397
9.281325981843706 19.55173717061267
12.64094394981799 17.79094320011759
13.4593090516813 16.40970372629063
12.2720542291322 17.59595364071705
10.77305464735498 17.94951410549913
9.475893163771438 17.99992007847236
11.09556502632408 18.86102674009604
9.041273924579396 18.78020675918376
8.085055668933286 18.32140040920164
10.42394311366548 17.72242497228721
11.51438343668985 17.81051774418335
7.871917361993826 19.66484484521812
13.77251388761328 16.72849507620499
13.1339031204124 17.22042557718023
8.570810155663436 19.75966823611098
11.81248432151234 17.46733120627726
12.08220239667008 17.01966488935707
9.444404868014077 18.36233098751481
13.49116508933898 16.4907175866598
9.92477865074372 17.7496109825295
8.429869714622304 19.5208986454238
14.88267298585809 17.50552097278588
14.74246854147596 16.47288512198713
8.638179736697927 18.85849240624784
11.66467187820575 18.20418738596113
11.7826292976053 17.86146841397055
13.16785132577566 17.09980099697597
9.413007253073038 18.50256248522794
12.2449132531855 17.5683548275498
10.57498999364983 18.41005261804358
10.30423082016394 17.64212894089214
11.69237876358591 16.83747562400734
14.7028270804078 15.07939471971314
11.22748778408218 18.1256186148625
7.237218950707109 20.40054882068643
9.105774349207842 18.9229750241533
11.46976127549987 18.58928170793247
11.57255053582578 18.21216039097546
8.639312463481646 19.96109473606589
9.657720998028005 18.98421770196209
15.40512880304681 15.02721551470543
13.93662678805681 16.64730873353043
11.21263352457457 18.29750038706426
12.42086820044041 17.86994575850228
9.0860568411678 18.70069516581576
13.18019068776533 18.71112390106014
12.57537558318985 18.12067442436291
11.20521670863562 19.39485833945437
14.32796455632992 17.22322056867013
11.05416599310264 17.5996046832836
10.14164454292141 18.40893789764761
13.93330443808705 17.39607285384831
12.28553024975827 18.15210481130805
7.804275400680278 17.70179058458447
10.23680210493168 18.38672876259414
13.1994793488846 16.85630116856385
11.93460221211262 17.57512705081362
13.63724169419997 17.01054469467719
10.16758521597372 17.93777179270258
11.38591079258812 17.90655707691941
11.3125648745354 17.69421665358441
12.22920660104407 17.53215801902465
8.852894897658413 18.35686551571457
12.08021481445096 17.61301373729377
10.76820248788977 18.2472785919282
8.792476485768942 18.71861089520132
9.967125579445133 19.0088469447583
8.967423535998769 18.05171910279561
11.54191153095591 18.16421800109774
11.68284142293193 16.96497794498278
10.29218854686996 18.69276717179153
7.915710743761415 18.71950094435056
5.654564354156578 19.41726511239513
13.44037788109258 17.47993876781232
11.79733832957357 17.62000177028583
14.3941816164254 16.22729246474676
11.26595349748203 18.04981683870839
12.85927296483708 17.24011247268994
10.73553555170478 17.03087470341758
7.459878842536487 18.26062422009894
8.599625803804463 19.08204135002585
11.21968374114311 18.48405819297538
11.58372515613094 16.06570175575352
11.90377288319326 18.49585110745413
9.013194206164737 18.97813793689279
13.85086230866424 17.0331755465265
7.901839925013155 19.00025475874205
13.74010875305639 17.35699813955947
12.17752364516723 17.70301581891767
9.571346367817169 18.03663085919697
11.40328842235174 17.62941817733158
13.46048269169747 17.51988392262964
12.78713753756204 17.40443373796035
12.62823467300009 16.45880585933846
9.788704849181581 18.61530914916819
12.55673241276501 17.8132657382941
13.03992973827986 16.80428705528915
11.70997893077308 17.27922443097026
9.806641060452042 19.35996203000121
12.19766307910646 16.96854253030117
10.32744387633715 18.19854170078426
11.77115406231305 16.97308740841795
8.348758630153363 19.43714910705911
8.262899233461823 18.76558037984329
15.5260630135251 16.44962453362768
9.136816430391919 18.33107890918323
9.100370611910655 18.01079014546674
12.15338437334136 17.22325461547616
12.08666029305378 16.87210037872635
11.79294807557514 18.30870935838201
10.70050759664436 17.81027304723784
12.58893075905789 17.42556654780375
13.99669850643467 16.61930352750064
11.34816318504383 18.7375223068921
12.40497281051381 17.64876412366075
11.6760245936976 17.32367919075896
12.63058763793954 17.89630812408945
10.17788496862046 19.61839861787614
9.848115446504547 18.09661493360886
12.6929084180408 19.0774450525198
12.33414924287146 17.37736399423031
10.1120156240986 17.75678447711183
11.38227661490447 17.29362575619639
13.48208555054986 17.60990727654952
9.509193297179527 19.1063461195863
9.414989376560928 18.65493330551777
11.99894596156819 17.33389947221013
13.29334011281066 16.23912141560881
9.685882356243868 18.44632058500978
12.55497670882126 17.20168853758208
11.46128136943742 17.51044788038971
10.84211787136677 18.32404180129169
9.193587109719866 18.8834389020128
13.71209683704349 16.87030617666259
12.2883806538017 17.02626232548278
14.05010606273999 16.02184804297849
10.92268673879888 17.8099374276779
14.32464403949463 16.69850902969226
11.12632515084156 18.28247312428504
12.66111354535397 16.41531401088625
12.47091260848524 17.40292688772793
12.93681211519151 16.19633040500676
12.29030264411882 18.22809208570859
12.23563306081929 17.80597970747467
11.74153840891229 18.63388721033812
15.88817447554972 14.73919160778154
11.44517505751403 17.2094675737487
10.23433863027812 18.70602140370697
12.70756471342734 17.36412292743082
9.697049658278962 17.28219433495632
10.47734242241738 19.03961401607752
10.89256467004532 18.35835784635025
9.456900868800293 18.32610947677016
8.980788339529385 18.85437644041245
12.22601131756181 17.50567846682494
13.00549079067648 18.66879231744895
13.1494545119942 16.21960800645828
13.10144251386076 17.03541494795436
14.2082890269153 16.97293738909451
11.46010348765261 18.65266351952457
10.28316833521343 17.94056895568908
10.68969825267664 17.78109683020806
9.285967866512381 18.01085603039914
14.63812204905546 16.44162533061108
11.27227980416426 17.82189095276038
10.62086371267329 19.05583792599282
9.026423824776892 19.60058979768616
13.18711199666174 18.14656465497977
10.65208737075247 18.65951302909857
11.59969856322817 17.58255270125009
10.38733266651222 18.43040961064871
12.45192388186553 17.61028370729819
10.36172889632802 18.79689423441797
10.05708931771503 17.98677966464387
9.310511115761074 18.82745255389992
8.964420884819747 18.45776874070222
10.45681635550847 17.87368080128193
9.423281519562366 19.72003188502857
9.855070792304035 18.26509531602301
10.86554093015456 18.49586587152522
11.77778924216917 16.5150799729413
10.56231288965745 19.55187653602782
12.53596695681331 17.05431538993589
12.26157734171138 16.94628555312893
11.24266458407867 17.89231712865474
5.261873277529129 19.64550660200685
11.85800933324504 17.65956542374985
11.87285462308768 17.51388788412863
11.815049155071 18.05461831628253
13.32276332274029 17.55925924418949
10.63422864199754 17.50951766000895
11.66330286887319 18.26372987998244
7.978711332437115 18.57721752186189
14.14649328638041 17.52925562119382
8.816343995209957 19.20736075282306
14.83011435940045 16.60000742763577
10.10028605918378 17.92586057585692
13.06208094784993 16.87370950157323
9.737599054892481 18.19961743583297
10.64449989028495 17.31812603768912
12.7956630975546 16.90653967409753
11.74805368132862 17.57212835592566
9.020438971255357 18.7635381272281
11.728292529762 16.99474430860688
11.46227183255937 17.68921989484615
12.85992833601733 17.7404963286988
12.03413270952441 17.17686248178601
8.924909272441067 19.26001402133298
10.83809763257422 16.81238693274018
11.44795961623184 17.41604281583971
7.947370413251915 18.1935472011372
12.79422186361175 16.99366579381516
12.57978877608597 18.06274285221673
10.5998417273429 18.04360395665786
13.56461350204814 17.20590476557577
12.02011036132368 16.84360729234142
11.51455115017754 18.64110059144507
11.38531248706137 16.93250139173357
15.47009230067852 15.40222708810392
12.02912569580216 16.71479757076177
10.29151535202951 18.63994401460825
14.49793059301364 15.51817986390761
11.69495037837738 17.69754962698851
10.75377750680144 18.31765060460449
10.9825925556247 17.73075038870982
10.6774328324589 17.85857301978844
11.66575196156236 18.51157001583086
13.64685537827096 16.69416512846437
7.777019483609314 18.67113302507291
10.49413676236207 19.04048255125675
13.71454890482338 16.16615271290861
5.354361289526214 19.79367437951671
8.684954862097326 19.71570211691626
10.76921802045679 18.51930145472008
8.827942383063483 18.67606926501088
10.53105669513156 17.97279579902117
12.33772089885891 16.86701738186276
10.02791565796475 18.07586098658907
8.948561486730121 19.68636852811446
12.9422924647501 18.58975657512804
10.63523102935446 18.37178023280957
13.50036679329364 16.47881692794941
11.60297518255709 17.62725195064175
12.54070395502434 17.14814068119156
11.66844744960017 16.60353774600828
9.863915493433462 18.96064723498768
15.50333796414744 16.20288565150749
10.13957529575545 18.22651429261704
12.73002219894453 18.3052205959262
17.42823063390417 13.85473270711443
12.98383765214616 16.33430000365604
12.75020137687877 16.95249257987922
9.36487658166333 19.81029177592644
11.22315949931907 19.34095668131773
11.63803304435403 17.50254887040688
9.310808407174081 19.0631914213565
5.949191504535156 19.33478966162976
12.62778636489288 17.34830593635616
9.547182224004036 18.32026761860819
12.78569928702355 17.34172349351961
15.64127485992727 15.41300553264318
10.67245308208478 19.01317907816676
10.47369010516087 18.6991032472088
13.55464633726888 16.82458374879236
9.57501233622728 19.51637669290823
10.72107777119859 17.57813635439496
11.54332225162559 17.55271152821451
9.846502984556524 18.67348745505007
14.0728356912349 16.85603695704016
9.167384573059088 19.21879584958744
13.47067705384734 16.1248169557109
12.36991190063735 17.82691010536513
13.29829882029789 18.029525941197
11.39776329959771 17.35670083620431
8.077753477750845 18.71392111186932
13.63930312986628 17.191001887543
14.81039555602922 17.32825664539825
10.16557155050386 18.50039905651942
10.61635690844086 18.23582594514044
13.12933632139601 16.46934567268116
11.40689345627516 17.66815541887552
12.84892425970748 16.98875050451988
12.86665475418889 17.26958121849553
10.77361994613716 18.02036788817695
11.54340099484672 17.082556241359
13.06794040541768 17.30972587123655
12.83173525305819 17.79973042444191
11.74687170841919 18.34004669994715
10.3949211468282 18.10816717639483
10.77019839069426 18.29387384602778
11.2349244526153 17.98203594091807
9.294790099151934 18.31379940296318
10.82900476445475 18.10725515255361
11.49329762597728 18.14569097920381
12.206622633419 17.3394696679055
13.89206549864615 16.71654590783076
10.85643310670963 18.83402473644152
14.06793375233129 15.81774875531067
10.65451842201264 18.15957639373653
7.731704735142402 19.0974536685722
6.898107819831345 19.46780320336993
14.92017178620172 16.36001104465536
11.98357062676365 16.47660506175772
11.75411002929132 18.48909215721821
11.3167813894699 18.61137985930113
10.72582583814027 17.11246737834118
10.94988207172561 17.17217712176356
14.44042501038038 16.05661603030147
7.397198842498284 19.4174251076123
15.33422049564492 15.04854175134952
13.14539069484563 16.50400375107197
11.66518693362796 18.53316554965214
9.598757541915912 18.99433451175891
6.46615614010699 19.61009750115129
9.244780295987406 18.92759757859008
14.61065591359226 16.43381532600456
11.89969124015051 18.71672461058384
13.24369196691312 17.14168696767512
15.40455675508956 15.72313512255404
9.719429521375766 19.1703316521241
13.33979735127228 16.76796361044569
12.14615333515696 17.60064738232742
11.03621942356363 18.45626887512034
10.11506593695994 17.79390895263226
12.64560587444299 17.73418760911571
6.410395026208102 19.18572277289012
10.90267019357582 17.76680912338353
13.61539318246102 17.09547955903736
11.13372776635811 17.38752520234647
8.35120713480622 18.40492826891061
11.11031633667561 18.33865012207715
10.05605269526618 18.41225063195142
11.36046699520622 17.87189050159337
10.92736786386275 18.86762146613219
12.73679131808395 16.8976943858445
9.020008803266421 19.1440022437733
9.565274499951206 18.23688343585737
13.02904926293438 18.10002764362412
13.88749287842122 16.56400046408533
14.61645624310373 17.21978658354909
14.2119900619595 16.17635860110192
13.31416854370125 17.01946501485596
13.00569241455114 16.7877702692628
9.720651877023823 17.18332388530998
7.716133411806555 19.70068039968766
12.87053300933634 16.76014562458558
9.377179570112254 17.81133101872673
13.01882326634136 16.38223276140207
11.54399344759212 17.09106599600069
11.08076427736666 16.91691648616285
10.39630403316819 18.49587773237523
8.383700587696012 19.51199111277129
7.947842186938768 18.91940410449987
10.67850060017621 18.49330744222278
10.44662578111058 18.48358224884695
13.08117089907356 17.12608865733624
14.36027269611022 16.05128006284366
11.76904914546041 17.32385971299347
8.961504085639943 19.59782825119746
13.1979911454058 17.45348825417124
9.859239819341731 18.57714340749648
10.06811086847171 18.66087627497566
14.69108419793735 16.02743371777114
11.05610050327367 18.19360097074593
11.41542601129715 17.14291728495905
7.047221030744932 19.02406768585978
11.270962277458 17.84453010097254
11.2571286247089 18.22284354893186
10.05143044039164 18.2370836775743
11.29147638511925 17.29583590594189
11.81145499065582 17.46602975343571
10.16936566765756 18.2576278955783
10.66830723162892 18.71335193688871
14.0636118928055 16.7582145836055
10.22842988491341 19.24328718517625
9.073824545353244 19.39225970760566
11.50606992064793 18.55199479425342
11.31569964977815 19.06481076554171
8.734680331009372 19.36959481995085
10.49073999728439 18.85538876234054
11.19650364105429 17.65441538452227
12.35837222339221 18.15942970913429
14.83824408304999 15.16309540963281
15.26565574777044 15.53144704269733
13.7618699254552 15.60514579832235
10.77306910061993 17.98324770033334
10.00416091312913 18.46527035036087
8.753090093400393 18.95398104697729
14.56323501837639 15.46205115769504
13.12987347174432 16.88788113177525
11.29066112331971 18.19807130391283
15.46169249894697 16.87929828259871
8.846208018818919 19.74754260782252
10.13707321834518 18.76340916195054
13.44110595449428 16.70907168410053
12.72131044098033 17.59559004947821
10.3845701076194 18.84230941950727
11.17789842545408 18.63639628844848
11.96626130001762 18.16835164431635
11.06104390228886 18.93167722084962
7.734388589077885 18.61012710721872
16.17651795606971 16.51701749228801
7.391879205364225 19.44703034885189
13.72781072715293 17.26889390483514
12.28260779862488 17.32303807770941
13.85177151628626 16.07879396241328
10.94547408349022 18.9077513582239
9.861472158444933 20.09643932769031
10.819270132925 18.84873850131072
14.50577454627036 15.94706124197327
14.07199034123315 17.09593882123777
10.14963166045722 18.25999710087698
14.00443739363051 17.44672944329185
9.880042929776598 18.98883631774305
11.98913323868717 18.52114227362718
12.63805406153045 16.90473698969873
9.742314050610386 19.23421036456203
11.85940736319129 18.76413815100162
13.01664859389482 16.48028589069845
11.09310150337822 18.64691116214403
11.31813802944498 16.79969348309617
11.99152675350394 18.48322920742726
11.40799948558828 18.31789843857553
11.54664781030455 18.46662304682366
11.26510589746739 17.70280336277016
8.79847675258592 18.38559063224335
12.70256559233447 17.97361896734288
13.72129363100508 17.44477560815609
13.4848261679299 17.6812873833425
13.71902536398187 17.01932428141968
13.008771296545 17.59860685556385
11.40028370348455 17.13671938458952
11.57119791890023 18.9325527466905
11.747995076817 18.26887578266632
10.13907671041577 17.91034591999982
10.21655982701695 18.16603537403694
12.54090924454178 17.06403854898891
12.83491565122255 17.17386205587675
9.483773400390964 18.36218989322323
13.18638386162121 16.74814862287572
10.57135754139086 18.21228324836088
12.50203960822569 16.78687799904964
12.94393111123159 16.89692867043021
9.851665563607305 17.46279981689229
12.17361612534725 16.95492561236961
10.9741834626785 17.77123201791481
7.070085887846081 18.87736267905237
11.67822449834229 18.14549722474939
12.93586970047026 17.3889637920813
11.94604672793331 17.59941866002739
12.72789642515285 17.24679454796402
12.30457257503451 17.76205183382492
14.65218941736167 15.68978011900559
9.444278675854401 18.22759507021786
10.42766319936455 17.70421851889452
8.136895416362895 19.59474975966355
12.50588505684239 17.84871354697962
12.47570257572958 16.18438510440844
15.39914539816298 15.81200948527015
14.01960533405171 17.17532730625161
6.721255633842679 19.34036797441249
9.884917056982642 19.31123014909097
13.10650570742947 17.5097605129831
7.648281197345518 19.07892830021783
8.292414795390634 19.54381459080963
10.11620728649673 18.55708705623947
12.07497828603334 18.73456036803021
11.82132434095533 17.07644120193828
12.22883810327907 17.95674679590292
13.43134784213288 17.53549094519841
13.04438725842228 17.82981859032077
11.18476240666284 18.69285574140024
14.87898211730323 15.88379815178893
12.04916102641688 18.32978118350015
13.27473439509966 17.73268227356821
10.73504832926916 18.75366183873338
10.47144270799439 18.66192773385717
9.255815883098872 18.72566397069989
5.003138634272344 19.48587347047103
12.27756741291968 16.97779781355939
9.392667260157888 19.27510207025989
11.95189154385692 17.42219822400489
11.37562324411129 18.9129715547212
12.86036371757846 17.89800073737855
10.73472761032895 17.67861459136297
9.470127388377904 18.88745756460436
12.8826195845872 17.2303535297458
9.403128982288491 18.65237186224232
12.55602179873764 17.6791381327468
10.55115709091134 18.70163140026034
13.44068411705614 17.71011194012301
10.33122658452044 18.03036352551463
12.5346339759671 17.1948245402013
9.500592882983442 18.22236328264499
9.421086000517469 19.41136938646595
13.3954110801258 16.54680034393305
10.73534863606296 18.49845028829404
10.56040052846066 18.40545357400638
13.09249193852495 16.43211323360746
13.56326262661692 16.98235815085637
15.23440481203219 16.27950231770845
10.01864122654342 19.2460718289158
11.14711685125515 18.02848931391483
11.75399133689214 17.68415194593267
11.40365881035518 17.47510357138304
9.151026223656197 19.57827363801975
7.248448639335611 19.15472354799965
13.84617173369995 16.45422497362046
12.49523631593358 16.06987904525932
15.55930274474927 16.41844364641947
9.899478535875193 17.92793661238531
9.841057255124264 18.27898539798808
10.93695456639503 18.33859109800385
10.5517588211729 17.9915229410608
14.02457152363145 17.10923285750055
11.4926646899858 18.26914687250651
10.53051699280948 18.14548770776838
13.02456884008648 16.98185167260679
13.4102521205432 16.16644827798943
10.93156554219615 18.2941264986356
12.86117326408534 17.56463278282007
9.563516914326939 18.03332306922528
14.36639807713358 15.14276471230557
9.58255904229844 17.67039160808597
11.2413042214162 18.71653757119891
12.2011802139692 16.55493972740435
11.6198185075861 17.6575539829969
11.82215447903814 18.11776404791805
13.19507786345333 17.21880363819046
13.31572894754687 18.03166032943269
11.21230595776474 18.33064917627687
11.17083275298853 18.13356293944394
10.56228816909508 18.31154629311439
10.64812933045652 17.82220260758982
11.66894911573163 18.14145608148117
10.69016696761995 18.452843436044
7.426325641732467 19.14134292354621
12.46805153073173 17.33940982637419
10.64711531208274 18.51054446292159
12.13967044104212 16.32407687626571
9.297787813889588 18.40926454310056
10.97990629528809 18.08243746428313
11.71398657982866 18.44824336378296
10.40626605744366 18.42025068976263
8.050649901979259 19.5093369438596
10.14963081269927 18.54875045763393
11.96650633728404 17.8772258413815
11.12207178641634 17.49661480069909
13.19325105069876 18.43655834911987
11.85361987821778 17.22813266265529
12.31903288862506 18.07465288006847
11.96822426726419 17.9627739612324
13.06506417873 18.71324428264534
12.43175037266401 17.31338656035296
9.407574887493563 19.45872333920669
14.51164894990283 16.27141490735867
9.868913368160422 18.9650182062347
6.945092317551909 18.31902157465811
10.67133326367333 18.2933025551476
9.970259126884429 18.79708756643484
10.06659767442792 18.56119118233721
13.39685837561394 16.27451546457497
7.882771129135838 18.95294455380108
9.060443604537308 19.08516919343332
9.64209047799028 18.36035033361963
12.44317308230992 17.5729727819195
9.045934024824719 18.65813312435955
11.57842000554981 16.84828187069872
11.10797427867503 17.74796477268311
11.2039245204066 17.89278100754625
11.63596920900777 18.09776837138201
11.55821183057625 18.99522026811783
14.90171566529022 16.14207220244099
5.733759032461327 19.2336077188275
10.23767650132776 18.84713936881293
11.45606265166171 17.12192856622401
10.34302906927396 18.8351314304712
12.11538422772409 16.97277715020751
12.70986255365505 17.9904034487782
10.91744951626852 18.81528943369242
11.63393782991232 18.22972324376787
11.10696208313836 18.40413229113148
8.815449089297523 18.87863140318733
13.57755002473575 16.73146602243904
12.20428880275564 16.98586931432659
11.1005957471736 17.73516427923569
9.600753041669419 19.31044722560142
11.01859130663487 18.80037885384306
12.56614912867364 17.25024233554009
10.43920148466063 18.88505888646532
9.645024713881218 18.15089240193783
9.759009506652482 18.56256650434163
10.39937507457386 17.92311075452413
13.32639868173946 17.01163732170675
8.76412744877261 18.7513739338497
11.30051852021857 17.99645929416168
12.93318557233798 17.28560492137734
9.384676738281309 18.20108046126247
12.06963367079602 17.84807184100353
9.21382567438136 18.89611473737692
10.13508158965048 18.66220545008226
9.668745399587152 18.59674610973721
12.77337331780795 17.26387312666506
7.449806354241141 18.0252671162941
10.68666954100082 18.27520363251098
9.457027712537753 18.97246648449957
12.69551770171155 17.50668155247175
13.14811291328362 16.35731550306788
11.8397563310594 17.7636361947327
12.65491984517825 17.55522719634681
12.43529600125852 17.57419475301774
11.82580082391051 17.94617946908132
7.892467178173936 18.59323738279792
11.71162318160398 18.8453065988169
13.39643256026577 17.05470324009563
11.69420220892076 17.85429800760901
11.99054267034727 17.86190964888044
13.7055180556746 16.880912473524
12.29806548594319 16.68482889903709
11.9437606282 17.62476767207676
12.31713516758575 16.36993806936534
13.41903599961909 16.45793319889976
12.1613558844485 17.6002782625662
8.85331275684594 19.30249995796519
13.41546004767787 16.56418712830833
13.50717318381475 17.11227847985345
11.68683480205389 17.33197704237629
12.91683423823858 17.41311598183348
8.625689359972153 19.54254644236749
10.32992668429814 18.64470335765288
10.8342811928535 18.28592053593882
12.75637125462673 16.37248251915874
11.67568135080144 18.00675074375824
14.14262019696194 16.66701640542867
12.62793301644215 19.05725782341998
14.42477740514374 15.84198948875131
11.71159887827839 17.6688560450028
12.74020088902699 17.530398465476
11.98449669534782 17.84366067943381
12.1003287115046 17.60137478337667
11.87320613603642 17.40391133279449
11.32069831406298 18.3350730730039
14.82433703220387 16.37267846242219
11.95331188420436 17.90424421916903
13.01836101405034 16.16847074609209
10.53753506359656 18.61329115942791
14.54976311158739 16.24108610408755
9.867698498026227 19.04912702277323
8.247943054110044 19.44279661561439
7.749062281009238 19.46789799495942
12.22410528307413 16.99278267821692
9.984424738850459 17.66226944758879
11.90242122368413 18.50109378485367
10.68509037900865 18.0363183082057
10.21488722122614 18.43096125234148
9.923392771852956 18.84902538191814
13.77441507878014 16.39078551129963
9.336494416492862 17.83160587528596
12.74147556623444 17.05859656507672
15.20845885012529 15.59920177561741
13.62432334349168 16.5856391179181
11.00347718345911 17.87752704201842
7.115770904431234 19.22811028431888
7.309340319461715 20.30987719483858
17.12050041863417 14.85440091816335
9.902071819186537 18.34873416303047
9.496122119442301 19.09425758815571
10.07977833320389 18.27904307677694
9.823964090984136 18.7612118292878
13.52074145597122 16.05428971932637
11.92038968691898 17.70990458162353
10.53925534915261 18.53790452535667
13.10177809759838 17.32154378063745
8.998598721514131 19.09967359721104
13.52307467169204 17.50309269699775
10.89553197398818 18.55981118777504
14.77976297972196 15.9562407108958
9.624999111089696 18.9864058471209
14.7743134341457 16.08671594490399
14.4921453144826 16.85321931760349
7.773164587268851 19.31144734840473
12.49114518900759 17.0592755821068
12.6705648641743 17.3423586479152
11.01163118454001 18.07752420792725
7.998241779695564 18.60179650736627
8.608474094822169 18.16879370609065
10.63796015399431 19.16479284030993
13.32475444527961 16.8232373657681
12.72718586453622 17.78557296154966
11.49409513686983 17.65848803935607
11.56028124290797 18.16030696388448
10.59401793281592 17.56659084236741
8.705196867828816 19.57605058001473
9.836681720846391 18.29494877977588
9.279727528427998 18.50040255402765
13.09424121481259 15.96039655834711
15.17780504855858 15.6794149125459
9.214377481733267 17.94931085859991
12.72085942348814 17.4269029232497
11.89002126671744 17.77432773797739
10.47066649819179 18.42601135225372
12.42153603018543 17.21498474753415
13.74328908089541 17.6344880005513
9.712153383899784 18.6697010901258
11.50153704394067 16.25071152052663
10.61162308494415 18.57281322338766
8.383160490913474 18.4543801397125
11.5632754544885 18.44625839058833
11.28385508050458 18.02543087283566
12.54884608890788 17.71513594112127
13.72294840141717 16.98786891992588
10.1976702332329 19.25952252274343
12.19927455557378 18.33120926766549
13.9508031307166 16.48003061563408
13.18431591565876 17.42045162786635
14.09898719360956 15.87600342458506
13.10360412073788 16.65506392959414
13.77735649845865 16.96419929714765
13.81294101853078 16.98250384648232
14.21379321332892 17.19742267201901
11.05079611369942 17.3635853289631
13.07129536861247 17.24866172827619
9.274538832759969 18.78195898144817
9.91801582550017 18.56821986362093
11.54239112763233 17.36510660539794
10.82203890462719 18.19498702610389
10.43833634224666 17.64543247043652
12.5300501468643 17.66553166590989
11.29942487295368 18.07912537330511
11.32777017585855 18.31158306343443
14.120119779807 16.12486407432949
14.28802926210608 16.68872425364071
12.13440517014889 18.18442346907078
11.36600906561982 18.82482946462768
9.936076756607777 18.52750954510901
10.92034159618359 18.65176964782784
8.723999060586653 19.25449506858178
9.228679787119628 18.85569112829603
10.41466477807585 17.96982327935685
9.719393659743101 18.85756442435699
12.92179971344528 16.94061773440312
12.05579784352881 17.27063256911993
10.13679021364169 18.53596949621812
12.11050655430515 18.57112645808204
10.99744376206709 18.01437402093004
13.73885573573254 17.61427081624885
13.83476679036331 16.44075827907908
16.09315555631935 15.36046084533001
10.63195078846808 18.02513462830122
10.41919166968687 18.4388853682425
14.07731041101643 16.84208299544982
13.03874680507252 17.78393880255985
7.399483247137715 18.73430184891215
15.46362423252507 15.70675547937324
13.45380805009619 17.1567580193729
12.56971061092431 17.13146067220607
10.93444030736365 18.28083972938359
9.321356694758968 19.00606447158108
11.49599687455987 17.8727351730106
14.22261960209901 16.74881532178865
10.10263882860921 18.68300699930922
7.803188883968248 17.79565335250191
10.31259500018681 18.72135527775655
11.0882273150384 20.02468745090276
10.63691109409801 18.55686283460268
12.2228474363209 16.28095029158252
16.79324089235907 14.45057088735657
13.28238197331121 16.6295447836789
13.20093665723366 16.70323064962663
11.18977211244297 17.09276005733025
13.53255146099998 17.58415713622613
8.18932427465948 19.16083115459562
13.07854483075451 17.63882472762597
10.60444779556656 17.5729736205139
13.16512669377014 17.73135901320866
13.22176214421338 17.00482298496563
14.32383780935952 15.61904660538405
9.477972876118143 17.49916178928526
11.32144702796403 18.06604152729925
11.95415312325361 18.69530416311504
13.54428208978103 17.45817843088849
12.68100686120433 17.53331420961256
10.69822941319686 17.39566092734869
6.08501502176414 19.75548643254512
12.6367150020093 16.99892352783424
9.486501691884344 19.34843594028405
11.04815872396269 17.93531564967692
4.861895373085146 20.0710409855127
13.72431581243127 16.73869164209917
13.80875927028732 16.91551160524591
13.99511989962976 16.82930180214156
12.7779424205478 18.07873785126793
7.154958727242159 19.7681388103123
9.240823341226637 18.0399810982298
10.51545443229258 19.08012944570977
12.97228451223415 16.8183174458851
8.2706169521375 18.63356412611016
10.93922090153315 17.67226212438865
13.04891747268737 16.30134830842163
10.00295833165899 19.18010725890162
13.05140019312796 17.69408139914395
11.25126355812538 17.92739914225545
14.77263917589474 16.08021335417515
10.445304512987 17.66785547615883
9.287118324333756 18.75184020567555
11.84531451194616 17.31109916356065
14.00667301500773 16.63102293606201
7.73933061680565 19.29061891136405
12.75171811447819 17.2486521881363
13.38818162754931 16.46958768651404
11.17411438305242 17.58244061958714
10.75550421204645 18.32830366188806
9.379361167911702 18.96223665225559
9.958982400077288 18.8281339795168
10.94463603472273 18.38922562199463
11.11641463250776 18.18687057068808
10.89831928043163 18.88207804500391
5.678535668148142 19.10800123901775
9.453432614766591 18.8252259276566
11.78415767414266 17.31490771685869
10.90386091878156 18.60789683359716
12.25841046925812 17.65675325420465
9.160283373525971 18.72056338464757
12.35278368987614 16.87919871259922
7.990841405031505 19.15094978386649
11.54045249068831 17.8766555889645
12.60996938374449 18.05116596267686
12.30730484965284 16.59649969384753
11.19853300080991 18.57732703806198
12.37790001342317 16.71797071576112
5.129423174455505 19.56615926934893
15.24341469364599 16.15738765442383
9.88791872323285 18.22411353139188
13.12712714679598 15.69429285407811
12.78038505935376 16.94896637082844
14.34123600746894 17.37039056982517
8.124472005191924 20.28149877258535
10.38499953244876 18.47807167716996
10.68161897473963 18.4685050687779
9.422129005291483 18.60394597872404
12.67032805130034 18.36480779839435
9.941277928388894 18.33378025312376
12.03328107615591 18.67303351310506
15.22127184232977 15.94468753361517
12.6530542659774 17.46762971388127
9.764262429080924 19.16554349651964
13.13237837162582 16.13241548759802
9.777552558311546 18.2360428014945
10.42266868841394 18.96805547678676
10.88604774806035 18.55688927023079
14.84181932224939 17.21448630964895
11.90725113037382 17.31343767693924
13.03984545703068 17.23086994100787
12.56017012526646 16.97245580350612
11.57719993801433 17.3732085524253
10.34971572363317 18.61621054054424
12.57807325723323 17.23067883229862
10.66893704333376 18.26109356020695
11.94557954137503 17.70950257857296
14.93217958842167 17.029974821493
10.0769535900548 18.78502906888461
10.07933413325563 18.560013586019
10.57815170505125 18.24857775050536
6.950480610075447 19.71344256884999
10.41509135441561 19.05900573134895
9.681301959329341 18.35593582434107
8.355461643216374 18.34675980546523
10.77360283219909 18.83636036001785
13.60990843992133 16.98798572596653
12.58604773503316 17.3469781811092
10.74040408657583 17.33250384779967
12.05924489881947 17.69877435371058
13.1513309923005 17.12005374358171
10.08765281564432 19.29143925193631
10.02480474534643 19.1650113804561
11.5888515472944 17.68794280757466
8.525251405893036 19.3269671033461
11.20127607051339 18.50803334083368
10.37318726716288 18.49933341481109
10.61456341039965 17.15058539313558
14.02542173640306 16.86032047824346
10.37104145154628 18.34280302662579
10.01186166822846 17.96811439012133
13.07307521035698 15.93743927781961
12.721060482459 17.04945678381565
11.70948018018354 17.43028401428018
13.35611656834443 17.55633758837569
9.229154401913576 19.28796128519414
10.62253650268988 18.60194711738355
9.918439746381337 18.99840570652633
8.166036298572829 18.96278994066039
14.38399212233077 16.17058249172196
12.74963397486953 17.07840889079393
15.52974851374112 15.55136477127805
8.704853681824785 18.09780790140069
9.362200564399652 18.39962441574942
11.90303122685745 16.84146125660188
12.43185847309384 17.99731085533547
13.38003825610679 16.74888051875046
16.46237761755933 15.2669585915342
12.56079388713901 18.65858795188746
10.47275391295792 18.48214097139319
12.83764410527907 17.28543216213652
8.436997543332767 18.84789334127171
12.291749375347 17.46755026434846
11.25083574066255 18.69637498133474
15.21042006952642 14.1962832023568
10.33021154877473 18.44872252493998
12.19146661749079 17.59628653800309
13.05046217598166 17.68597964747836
10.9499881182841 17.35073877311437
11.15796990755972 18.02638218321549
9.759801350263629 18.8025989655394
11.47246858900458 17.75943161174087
13.68519740023011 16.77887707032543
12.06153015875301 16.30966368613048
10.66077525118928 17.48218100782359
9.981806327201285 18.81590459909569
12.03068637559734 16.84538906437558
9.636353777248994 18.55464480510734
13.20340328587518 17.27915262715782
10.36423647960182 17.73858632670241
11.69962227870238 18.01318403023034
11.25424617360601 18.77009237597629
7.157243710028101 18.675655882096
13.13068784436981 17.81838245218966
13.89822462835422 16.91845401537238
11.9443986504252 17.85984174869803
11.11428083677245 19.03728095497577
9.446270265077164 18.21224421558044
10.87222977819369 17.72847944989459
10.80155409285986 18.04772589875468
13.99363579849028 16.95634452332904
10.1380135875776 17.94706065938361
12.93571210197807 16.80976863064091
9.129551674144043 18.08306389165836
12.85110258580093 16.76292806002969
9.030593603274898 18.2657176238432
9.541676115491018 18.90764957131445
11.8549621965217 18.75670325173337
10.36610919713109 17.2997551590835
13.29600582465163 17.00271866631835
13.28109764046615 16.63824102704416
13.42271393800651 16.87634689116636
13.33185151978234 17.08460559548394
12.99535886185648 17.85543195207104
10.23765484270385 17.74731692730342
7.838226478278239 18.42690403057247
10.84987043195517 18.33509975087236
12.21291821839327 17.34073617444428
13.921968160415 17.04417702576692
9.130574207460864 19.35784306330672
11.71404695749028 17.95153564093051
9.380409628585475 18.59985092437956
13.74233793263437 15.84876248406085
11.81462430870365 17.87914940565791
9.242838238323454 19.01798854108214
10.76238240237165 18.37502066470631
13.35209235689899 17.81835820555401
9.795546993198027 18.00186226728609
10.7164921219958 18.49460245372689
10.72088831914913 17.47274081105598
13.35329987634523 17.0351459120451
12.98385436964603 17.34196824768112
10.05293604702531 18.18638359449486
12.06363200539952 17.51025707406556
12.81515843695778 17.65620290645624
11.08550632051574 18.37944185153584
15.10896779334893 15.54319725441102
13.80294642618825 17.47403581572998
10.67684790800211 18.44527250129353
14.1580093718697 15.65002068386436
8.823190383987514 19.2675704319216
11.17725785941549 19.18268162311091
8.773509426113128 18.9198553439043
9.859040490553664 18.55686445793021
12.57704725902427 17.7653287059584
11.38245438309902 18.98877303958544
14.27499160399429 16.16347868499683
12.17067796467246 18.33473620788899
11.78287996698403 18.63584576386212
11.66356097231367 17.30688105296479
10.22444756648319 16.94296096155019
11.3906816492239 17.40720300253479
15.64982134620132 15.99804051447437
11.59550310936626 18.46879611576821
10.7343317029012 17.45237918482093
10.84286458500031 18.07864253967464
9.823959591831535 18.54173301867113
10.62245934306156 18.09978949092266
10.77913095086403 18.38636724772423
13.52016390900473 17.37904691863047
12.06874167922065 18.56051875459966
11.43454052625954 17.96667684465351
9.447571673275931 18.52377907953098
12.16156706938363 16.83673363676513
10.11873571519803 19.14528719342438
12.42556198172995 17.08656113849866
7.62644684871269 18.66181166368627
10.54498865975792 18.59764047534649
11.59634438446407 16.94368918639548
11.85534399887459 17.89585111309095
12.51751040426699 16.6054697890861
11.02565472485427 18.10015150914
11.8059333655156 18.25027596204556
14.24329840130933 16.94835507820014
14.29122226501282 16.31244587738628
13.38350131632262 16.62810829499435
9.367287358865523 18.90509696440104
11.18186102649212 18.14062463829422
10.20136253272041 19.48510222179763
10.5584982549421 18.20486927239141
14.34241609878978 16.29874377060878
14.22861003493089 16.36069650876194
8.035505988031078 19.19214195953493
13.37077426535773 18.02459856248342
10.56313800839107 18.84132195770985
9.350869119311984 18.81778372503562
12.26907164744449 18.11656376145376
8.932708769174075 18.48289556767436
12.43705378677825 18.15901188241917
9.199548548331444 18.96346568454161
13.38437257241062 16.88209710023225
12.46137844872928 17.03731987904056
9.729562699726669 18.7558155646894
9.779894916116229 18.13743038021534
12.29686576075131 18.12329736672627
12.30254771983813 18.17143796585432
10.80086580114278 17.9177636589661
9.938210935314491 18.67063377493364
11.19081386017778 17.91951100919432
10.69578512021376 18.28522574865196
11.8645503092074 17.99073477418689
13.93164852709762 15.46811313798753
13.9938477977885 15.96123635070977
11.10367297078155 17.44466964547771
9.218258066850863 18.0939688898521
11.01127171162259 18.89386843270894
12.69426467604833 17.41057948332388
9.390319984243149 18.65316131132262
12.92235373533564 17.5172720090134
11.63478234844226 18.07321640032247
12.26510807739234 17.40410296646665
9.112906743457691 18.16009496233064
10.32630338444024 17.60233003889031
12.37470715899899 17.44380613298702
12.6204279137056 17.98084393191132
12.31724790586002 17.15245670352125
12.75720593406569 16.90176918121847
10.16631407414566 17.90914073952958
10.9884079085789 18.27959416051493
13.94447357918435 16.62256502238577
11.85133020644153 17.62050198411587
11.82568337462792 17.77844025484431
12.80538012459405 17.62383661508187
9.567809321882226 18.5423357497614
11.23403895004261 17.91770214981863
6.750846428163988 19.60917830396405
10.62920293463411 18.5588539944169
10.34288534935987 18.2974002773479
13.21997184332078 15.83720962080367
11.76969816716101 17.07404034907686
8.826772791072216 18.24133211536673
13.27013593006248 16.14493019591846
9.672371850000639 17.28558980329037
9.714251287118152 18.31882610329184
9.25630034461304 19.0357810998383
10.62268719732362 18.76017025584645
9.230215700966975 18.67048302376335
14.00743415239432 16.46527460982784
11.48262158360143 17.46854302151666
8.716403022243062 19.00286680086974
