1.68556 -2 0.137666 -1.87868
1.81017 -2 0.219431 -1.85801
1.82001 -2 0.225929 -1.85634
1.91011 -2 0.285037 -1.84099
2.06465 -2 0.385732 -1.8149
2.07875 -2 0.395319 -1.81266
2.10784 -2 0.413966 -1.80884
2.20399 -2 0.477332 -1.80129
2.21491 -2 0.483975 -1.80041
2.24788 -2 0.505838 -1.79831
2.29067 -2 0.533591 -1.79479
2.29976 -2 0.539876 -1.79423
2.31507 -2 0.549768 -1.79293
2.38723 -2 0.596878 -1.78756
2.39091 -2 0.599315 -1.78729
2.40415 -2 0.608182 -1.78666
2.41051 -2 0.612311 -1.78581
2.46597 -2 0.648733 -1.78193
2.46868 -2 0.650487 -1.78146
2.49834 -2 0.669788 -1.77958
2.50903 -2 0.677146 -1.77855
2.51765 -2 0.682832 -1.77791
2.55948 -2 0.709781 -1.77472
2.56066 -2 0.710593 -1.77462
2.56593 -2 0.71391 -1.77427
2.57175 -2 0.717904 -1.77379
2.57892 -2 0.72272 -1.77363
2.61166 -2 0.743997 -1.77269
2.62204 -2 0.751248 -1.77362
2.6277 -2 0.754694 -1.77403
2.65265 -2 0.771152 -1.7761
2.66208 -2 0.777579 -1.7774
2.66994 -2 0.782672 -1.77754
2.70537 -2 0.806468 -1.78073
2.70751 -2 0.808026 -1.78069
2.70958 -2 0.809004 -1.78085
2.73966 -2 0.829421 -1.78337
2.76055 -2 0.842743 -1.78508
2.76218 -2 0.844233 -1.78529
2.79791 -2 0.868096 -1.78822
2.80746 -2 0.874012 -1.789
2.82982 -2 0.888824 -1.79086
2.84221 -2 0.897053 -1.79189
2.87771 -2 0.920777 -1.79497
2.88628 -2 0.926522 -1.79561
2.89161 -2 0.929968 -1.79602
2.89473 -2 0.932281 -1.79627
2.90138 -2 0.936483 -1.79724
2.91805 -2 0.947198 -1.79829
2.9199 -2 0.948827 -1.79858
2.93671 -2 0.95966 -1.79975
2.95692 -2 0.973426 -1.80149
2.95762 -2 0.973581 -1.80149
2.96125 -2 0.97605 -1.8018
2.96537 -2 0.979186 -1.80216
3.00369 -2 1.0047 -1.80613
3.01007 -2 1.00815 -1.80776
3.01311 -2 1.00979 -1.80846
3.01949 -2 1.01351 -1.81009
3.02973 -2 1.02034 -1.81296
3.03188 -2 1.02096 -1.81334
3.03601 -2 1.02379 -1.81459
3.03778 -2 1.02462 -1.81536
3.05153 -2 1.03288 -1.81855
3.06973 -2 1.0439 -1.82343
3.07393 -2 1.04628 -1.8244
3.07945 -2 1.04985 -1.82597
3.08152 -2 1.05075 -1.82635
3.0842 -2 1.05219 -1.82711
3.08961 -2 1.05581 -1.82863
3.09527 -2 1.05895 -1.82993
3.10622 -2 1.06565 -1.83286
3.1064 -2 1.06565 -1.83286
3.10647 -2 1.06565 -1.83286
3.12165 -2 1.07518 -1.83703
3.12704 -2 1.07812 -1.83872
3.13049 -2 1.08039 -1.83937
3.13078 -2 1.08048 -1.83976
3.13655 -2 1.08411 -1.84094
3.14358 -2 1.08799 -1.84262
3.14498 -2 1.08869 -1.84305
3.14757 -2 1.09082 -1.84386
3.15577 -2 1.09544 -1.84587
3.16862 -2 1.10376 -1.84939
3.17249 -2 1.10571 -1.85037
3.17562 -2 1.10736 -1.85107
3.18014 -2 1.11018 -1.85238
3.19422 -2 1.11853 -1.85595
3.1976 -2 1.12062 -1.85701
3.19771 -2 1.12057 -1.85726
3.1985 -2 1.12135 -1.8572
3.20163 -2 1.123 -1.8579
3.20461 -2 1.12508 -1.85883
3.2139 -2 1.13029 -1.86163
3.21644 -2 1.13193 -1.86181
3.22471 -2 1.13699 -1.86409
3.24289 -2 1.14757 -1.86864
3.24416 -2 1.14832 -1.86896
3.24437 -2 1.14891 -1.86923
3.25317 -2 1.15412 -1.87151
3.25754 -2 1.15651 -1.87254
3.25956 -2 1.15786 -1.87327
3.26075 -2 1.15859 -1.87352
3.26096 -2 1.15855 -1.87385
3.26194 -2 1.15934 -1.87385
3.26827 -2 1.16307 -1.87555
3.2687 -2 1.16321 -1.87547
3.27175 -2 1.16529 -1.87639
3.27775 -2 1.1693 -1.87801
3.27836 -2 1.16902 -1.87854
3.27916 -2 1.16976 -1.87834
3.28524 -2 1.17349 -1.87997
3.28694 -2 1.17432 -1.88054
3.295 -2 1.1788 -1.88241
3.30829 -2 1.1855 -1.88707
3.32043 -2 1.1905 -1.89234
3.33068 -2 1.19463 -1.89621
3.34152 -2 1.19912 -1.90098
3.34641 -2 1.20108 -1.9029
3.34694 -2 1.20122 -1.90282
3.35062 -2 1.20274 -1.90435
3.36098 -2 1.20714 -1.90886
3.36244 -2 1.20765 -1.90943
3.363 -2 1.20781 -1.90943
3.36497 -2 1.20868 -1.91053
3.36798 -2 1.20983 -1.91146
3.36839 -2 1.21018 -1.91191
3.37577 -2 1.21323 -1.91496
3.3795 -2 1.21475 -1.91649
3.38618 -2 1.21724 -1.91941
3.38641 -2 1.21744 -1.91908
3.3964 -2 1.22149 -1.92315
3.40021 -2 1.22301 -1.92467
3.40513 -2 1.22504 -1.92671
3.41487 -2 1.2291 -1.93077
3.41704 -2 1.22995 -1.93179
3.42103 -2 1.23163 -1.93331
3.43058 -2 1.23553 -1.93738
3.43335 -2 1.23663 -1.93879
3.44707 -2 1.24228 -1.94399
3.4532 -2 1.24465 -1.947
3.46826 -2 1.25089 -1.95263
3.47851 -2 1.25495 -1.95669
3.4834 -2 1.25698 -1.95872
3.49063 -2 1.26002 -1.96177
3.49148 -2 1.26038 -1.96236
3.49205 -2 1.26052 -1.96228
3.49648 -2 1.26241 -1.9644
3.49885 -2 1.26341 -1.96533
3.50152 -2 1.26439 -1.96668
3.50563 -2 1.2661 -1.96787
3.5088 -2 1.26748 -1.96948
3.51071 -2 1.26813 -1.96991
3.52352 -2 1.27355 -1.97544
3.52803 -2 1.27522 -1.97702
3.53307 -2 1.27725 -1.97905
3.53381 -2 1.2776 -1.98004
3.53685 -2 1.2786 -1.98078
3.54267 -2 1.28131 -1.98312
3.55095 -2 1.2847 -1.98668
3.55399 -2 1.28587 -1.98769
3.55689 -2 1.28724 -1.98916
3.58479 -2 1.29854 -2.0004
3.58534 -2 1.29889 -2.00085
3.5858 -2 1.29886 -2.00124
3.58836 -2 1.3 -2.00232
3.59514 -2 1.30243 -2.00466
3.5996 -2 1.30463 -2.0065
3.60169 -2 1.30548 -2.00752
3.60307 -2 1.30601 -2.0081
3.60486 -2 1.30665 -2.00853
3.60952 -2 1.30868 -2.01056
3.61505 -2 1.31106 -2.01305
3.6174 -2 1.31172 -2.01361
3.61825 -2 1.31223 -2.01412
3.61962 -2 1.31274 -2.01463
3.62049 -2 1.31318 -2.01533
3.62177 -2 1.31356 -2.01598
3.62633 -2 1.31562 -2.01762
3.62983 -2 1.31674 -2.0188
3.63185 -2 1.31781 -2.01971
3.6319 -2 1.31781 -2.01971
3.63326 -2 1.31831 -2.02022
3.63349 -2 1.31831 -2.02022
3.63828 -2 1.32034 -2.02225
3.64364 -2 1.32272 -2.02474
3.64638 -2 1.32373 -2.02581
3.65015 -2 1.32525 -2.02734
3.65298 -2 1.32642 -2.02835
3.66722 -2 1.33235 -2.03439
3.66872 -2 1.33286 -2.03496
3.66985 -2 1.33337 -2.03547
3.67054 -2 1.33352 -2.03546
3.67207 -2 1.33466 -2.03642
3.67217 -2 1.33438 -2.03643
3.67782 -2 1.33656 -2.03851
3.68247 -2 1.33845 -2.04063
3.69473 -2 1.3435 -2.04563
3.69959 -2 1.34553 -2.04761
3.70044 -2 1.34552 -2.04768
3.70243 -2 1.34615 -2.04912
3.70348 -2 1.34626 -2.04935
3.71898 -2 1.34826 -2.05578
3.72082 -2 1.3488 -2.05683
3.72272 -2 1.34881 -2.0574
3.72274 -2 1.34881 -2.0574
3.72596 -2 1.34949 -2.05932
3.72598 -2 1.34961 -2.05939
3.72944 -2 1.35007 -2.06062
3.73188 -2 1.35044 -2.0617
3.73228 -2 1.35027 -2.06172
3.73349 -2 1.35045 -2.06226
3.74161 -2 1.3519 -2.06596
3.74586 -2 1.35245 -2.06811
3.74867 -2 1.35264 -2.06875
3.7515 -2 1.35336 -2.07028
3.75176 -2 1.35336 -2.07034
3.75235 -2 1.35319 -2.07037
3.75566 -2 1.35399 -2.07215
3.76103 -2 1.35447 -2.07415
3.76187 -2 1.35491 -2.07485
3.76533 -2 1.35537 -2.07628
3.76764 -2 1.35573 -2.07731
3.77357 -2 1.35629 -2.07955
3.78043 -2 1.35757 -2.08285
3.78083 -2 1.35739 -2.08279
3.78158 -2 1.35774 -2.08331
3.78523 -2 1.35829 -2.08493
3.79414 -2 1.35953 -2.08904
3.79526 -2 1.35976 -2.08933
3.7959 -2 1.35958 -2.08928
3.80017 -2 1.36048 -2.09141
3.80465 -2 1.36081 -2.09317
3.80608 -2 1.36139 -2.09405
3.81119 -2 1.36212 -2.09621
3.81507 -2 1.36267 -2.09789
3.81614 -2 1.36285 -2.09838
3.82236 -2 1.36376 -2.10113
3.82387 -2 1.36403 -2.10186
3.83079 -2 1.36532 -2.10485
3.83802 -2 1.36578 -2.10765
3.83891 -2 1.36597 -2.10819
3.84377 -2 1.36695 -2.11071
3.84402 -2 1.3667 -2.11035
3.84509 -2 1.36688 -2.11089
3.85627 -2 1.36852 -2.11575
3.85645 -2 1.36852 -2.11575
3.86077 -2 1.36942 -2.11782
3.86666 -2 1.36993 -2.12018
3.86811 -2 1.37052 -2.12107
3.87401 -2 1.37108 -2.12331
3.87765 -2 1.37163 -2.12493
3.87844 -2 1.37194 -2.12577
3.88116 -2 1.37217 -2.12655
3.8833 -2 1.37272 -2.12769
3.8871 -2 1.37334 -2.12942
3.89164 -2 1.37399 -2.13133
3.89676 -2 1.37472 -2.13355
3.9032 -2 1.37572 -2.13644
3.90601 -2 1.37582 -2.13736
3.91058 -2 1.37674 -2.13957
3.91263 -2 1.37737 -2.14051
3.91334 -2 1.37692 -2.1406
3.91445 -2 1.37736 -2.1415
3.91538 -2 1.37745 -2.14165
3.91877 -2 1.37748 -2.14296
3.91966 -2 1.37783 -2.1433
3.92084 -2 1.37801 -2.14384
3.92295 -2 1.37855 -2.14489
3.92443 -2 1.37873 -2.14591
3.92474 -2 1.37856 -2.14546
3.92598 -2 1.37874 -2.146
3.93259 -2 1.38001 -2.14916
3.93532 -2 1.38037 -2.1503
3.93671 -2 1.38064 -2.15103
3.93845 -2 1.38057 -2.15141
3.94045 -2 1.38107 -2.15279
3.94069 -2 1.38093 -2.15249
3.94332 -2 1.3813 -2.15357
3.94491 -2 1.38183 -2.15456
3.94734 -2 1.38248 -2.15563
3.95577 -2 1.38313 -2.15897
3.95951 -2 1.38367 -2.16059
3.96306 -2 1.38422 -2.16221
3.96771 -2 1.38521 -2.16453
3.96884 -2 1.3853 -2.16488
3.97026 -2 1.38557 -2.16581
3.97796 -2 1.38641 -2.16869
3.97924 -2 1.38659 -2.16923
3.98409 -2 1.38732 -2.1714
3.9852 -2 1.38768 -2.17238
3.98905 -2 1.38805 -2.17356
3.99109 -2 1.38859 -2.17461
3.99321 -2 1.38923 -2.17562
3.99567 -2 1.3888 -2.17646
3.99589 -2 1.38932 -2.17671
3.99684 -2 1.38915 -2.1768
4.0015 -2 1.3895 -2.17877
4.00466 -2 1.38972 -2.18011
4.00527 -2 1.3893 -2.18001
4.00921 -2 1.3891 -2.18125
4.01037 -2 1.38903 -2.18167
4.01719 -2 1.38905 -2.18425
4.01938 -2 1.38891 -2.18502
4.02008 -2 1.38849 -2.18498
4.02081 -2 1.38884 -2.18549
4.02193 -2 1.38878 -2.18584
4.02473 -2 1.38873 -2.18692
4.02794 -2 1.38872 -2.1879
4.02825 -2 1.38844 -2.18797
4.0296 -2 1.38837 -2.18838
4.0367 -2 1.38797 -2.19081
4.04092 -2 1.38773 -2.19243
4.04256 -2 1.38728 -2.19242
4.04753 -2 1.38701 -2.19408
4.05455 -2 1.38698 -2.19699
4.05483 -2 1.3866 -2.19656
4.05622 -2 1.38653 -2.19697
4.06546 -2 1.38641 -2.20038
4.06585 -2 1.38599 -2.20028
4.06741 -2 1.38593 -2.2007
4.07092 -2 1.38572 -2.20194
4.07136 -2 1.38608 -2.20239
4.07407 -2 1.38594 -2.20322
4.0761 -2 1.38545 -2.20359
4.07851 -2 1.38532 -2.20442
4.07852 -2 1.38532 -2.20442
4.07882 -2 1.38567 -2.20488
4.07931 -2 1.38576 -2.20512
4.08062 -2 1.38544 -2.20561
4.08088 -2 1.38518 -2.20525
4.09863 -2 1.38487 -2.21149
4.10107 -2 1.38393 -2.21207
4.10294 -2 1.38423 -2.21306
4.10396 -2 1.38432 -2.21321
4.10566 -2 1.38383 -2.21352
4.10887 -2 1.38405 -2.21486
4.10892 -2 1.38405 -2.21486
4.11224 -2 1.38413 -2.21604
4.11403 -2 1.38387 -2.21671
4.12072 -2 1.38302 -2.21849
4.12413 -2 1.38282 -2.21973
4.12749 -2 1.38304 -2.22107
4.13485 -2 1.38263 -2.22355
4.14141 -2 1.38205 -2.22597
4.14189 -2 1.38188 -2.22552
4.14362 -2 1.38216 -2.22645
4.14429 -2 1.38174 -2.22635
4.14764 -2 1.38171 -2.22803
4.14868 -2 1.38191 -2.22818
4.15772 -2 1.381 -2.2309
4.16179 -2 1.38075 -2.23225
4.1687 -2 1.38056 -2.23507
4.1735 -2 1.38056 -2.23646
4.174 -2 1.38012 -2.23628
4.18268 -2 1.37965 -2.23918
4.18499 -2 1.37951 -2.24
4.18526 -2 1.37951 -2.24
4.18892 -2 1.37931 -2.24125
4.18907 -2 1.37926 -2.24135
4.19037 -2 1.37987 -2.2421
4.1915 -2 1.37918 -2.24207
4.19177 -2 1.37953 -2.24253
4.19364 -2 1.37904 -2.2429
4.19832 -2 1.37928 -2.24484
4.20454 -2 1.37894 -2.24691
4.20597 -2 1.37837 -2.24704
4.21325 -2 1.37834 -2.24995
4.22126 -2 1.37756 -2.252
4.22615 -2 1.37729 -2.25366
4.22652 -2 1.37764 -2.25411
4.22833 -2 1.37715 -2.25448
4.23075 -2 1.37702 -2.25531
4.23597 -2 1.37675 -2.25697
4.23873 -2 1.37724 -2.25824
4.2394 -2 1.37654 -2.25821
4.24173 -2 1.37692 -2.25932
4.24296 -2 1.37685 -2.25974
4.24312 -2 1.37634 -2.25945
4.24506 -2 1.37662 -2.26032
4.24593 -2 1.37621 -2.26028
4.2468 -2 1.37639 -2.26105
4.25575 -2 1.37567 -2.26359
4.26151 -2 1.37576 -2.26583
4.26253 -2 1.37568 -2.26611
4.26695 -2 1.37506 -2.26731
4.27081 -2 1.37486 -2.26855
4.27135 -2 1.37521 -2.26906
4.27158 -2 1.37504 -2.26933
4.27167 -2 1.37479 -2.26897
4.2758 -2 1.37459 -2.27021
4.27957 -2 1.37433 -2.27156
4.27994 -2 1.37474 -2.27196
4.28205 -2 1.3742 -2.27238
4.28235 -2 1.3746 -2.27273
4.28368 -2 1.37453 -2.2732
4.28662 -2 1.37398 -2.27393
4.28788 -2 1.37391 -2.27434
4.28833 -2 1.37454 -2.27479
4.28878 -2 1.37428 -2.27494
4.29377 -2 1.37401 -2.27659
4.29396 -2 1.37357 -2.27641
4.29447 -2 1.37352 -2.27652
4.29674 -2 1.37344 -2.27724
4.29893 -2 1.3733 -2.27807
4.30115 -2 1.37352 -2.27888
4.30128 -2 1.37346 -2.27885
4.30674 -2 1.37211 -2.27935
4.3091 -2 1.37168 -2.27974
4.31275 -2 1.37105 -2.28032
4.31445 -2 1.37119 -2.28097
4.31627 -2 1.37058 -2.28135
4.31702 -2 1.37077 -2.28136
4.32431 -2 1.36978 -2.28252
4.32462 -2 1.3695 -2.28259
4.32593 -2 1.36929 -2.28278
4.32733 -2 1.36889 -2.28309
4.33213 -2 1.36823 -2.28376
4.33356 -2 1.36771 -2.284
4.33458 -2 1.36781 -2.28415
4.3378 -2 1.36682 -2.28422
4.34009 -2 1.3664 -2.28461
4.34039 -2 1.36623 -2.28481
4.344 -2 1.36576 -2.2852
4.34414 -2 1.36639 -2.28564
4.34482 -2 1.36555 -2.28539
4.34854 -2 1.36492 -2.28598
4.35014 -2 1.36471 -2.28617
4.35234 -2 1.36428 -2.28656
4.35312 -2 1.36464 -2.28707
4.35373 -2 1.36407 -2.28675
4.35558 -2 1.36421 -2.28746
4.35721 -2 1.36344 -2.28734
4.35803 -2 1.36379 -2.28779
4.35812 -2 1.36379 -2.28785
4.36011 -2 1.36302 -2.28773
4.36063 -2 1.36337 -2.28824
4.36133 -2 1.3628 -2.28792
4.36162 -2 1.36316 -2.28838
4.36491 -2 1.36217 -2.28851
4.36716 -2 1.36175 -2.2889
4.36796 -2 1.3621 -2.28935
4.36901 -2 1.36189 -2.28955
4.37122 -2 1.36111 -2.28948
4.37128 -2 1.36111 -2.28948
4.37235 -2 1.3609 -2.28968
4.37458 -2 1.36048 -2.29007
4.37673 -2 1.36062 -2.29078
4.37673 -2 1.36062 -2.29078
4.37908 -2 1.3602 -2.29111
4.37952 -2 1.35963 -2.29085
4.3824 -2 1.35921 -2.29124
4.38447 -2 1.35896 -2.29207
4.38493 -2 1.35879 -2.29163
4.38712 -2 1.35836 -2.29202
4.3874 -2 1.35836 -2.29202
4.38857 -2 1.35815 -2.29221
4.38892 -2 1.3585 -2.29267
4.38893 -2 1.3585 -2.29267
4.39089 -2 1.35773 -2.2926
4.39217 -2 1.35752 -2.2928
4.3948 -2 1.3571 -2.29319
4.39492 -2 1.35693 -2.29339
4.39934 -2 1.35642 -2.29441
4.40377 -2 1.35597 -2.29501
4.40398 -2 1.35597 -2.29506
4.40489 -2 1.35604 -2.29519
4.40533 -2 1.35577 -2.29534
4.4058 -2 1.35519 -2.29494
4.40611 -2 1.35502 -2.29514
4.41063 -2 1.35435 -2.29572
4.41571 -2 1.3535 -2.2965
4.42273 -2 1.35281 -2.29807
4.42456 -2 1.35202 -2.29787
4.42479 -2 1.35237 -2.29832
4.42847 -2 1.35202 -2.2989
4.42966 -2 1.35101 -2.29885
4.43572 -2 1.35012 -2.29962
4.43661 -2 1.34991 -2.29982
4.44186 -2 1.34906 -2.3006
4.4447 -2 1.34899 -2.30144
4.44894 -2 1.34796 -2.30221
4.44925 -2 1.34779 -2.30176
4.44962 -2 1.34814 -2.30222
4.4515 -2 1.34737 -2.30215
4.4562 -2 1.3471 -2.30333
4.45667 -2 1.34652 -2.30293
4.4599 -2 1.34647 -2.30392
4.46346 -2 1.34582 -2.30442
4.46622 -2 1.34521 -2.30492
4.46651 -2 1.34483 -2.30449
4.47128 -2 1.34399 -2.30527
4.47236 -2 1.34435 -2.30586
4.47236 -2 1.34435 -2.30586
4.47431 -2 1.34339 -2.30586
4.47522 -2 1.34335 -2.30586
4.47533 -2 1.34335 -2.30586
4.47539 -2 1.34335 -2.30586
4.47579 -2 1.3437 -2.30631
4.47658 -2 1.34314 -2.30605
4.48217 -2 1.34265 -2.30734
4.4836 -2 1.34225 -2.30765
4.48362 -2 1.34213 -2.30758
4.48989 -2 1.34082 -2.3082
4.49147 -2 1.3406 -2.30839
4.49177 -2 1.34096 -2.30885
4.49259 -2 1.34039 -2.30859
4.49342 -2 1.34076 -2.30918
4.49623 -2 1.33976 -2.30917
4.50135 -2 1.33891 -2.30995
4.50228 -2 1.3387 -2.31015
4.50387 -2 1.33849 -2.31034
4.50463 -2 1.33879 -2.31082
4.50707 -2 1.33843 -2.31132
4.50736 -2 1.33786 -2.31093
4.50886 -2 1.33764 -2.31112
4.51081 -2 1.33773 -2.3118
4.51218 -2 1.33718 -2.31215
4.5133 -2 1.33731 -2.31219
4.51378 -2 1.3368 -2.3119
4.51597 -2 1.33638 -2.31229
4.51769 -2 1.33599 -2.31269
4.52151 -2 1.33588 -2.31352
4.52161 -2 1.33588 -2.31352
4.52271 -2 1.33595 -2.31371
4.52358 -2 1.33511 -2.31346
4.52543 -2 1.33525 -2.31411
4.52592 -2 1.33468 -2.31385
4.52739 -2 1.33447 -2.31405
4.53012 -2 1.33388 -2.31463
4.53152 -2 1.33419 -2.31508
4.53254 -2 1.33358 -2.31493
4.53326 -2 1.33358 -2.31546
4.5354 -2 1.33356 -2.31573
4.53691 -2 1.33316 -2.31603
4.539 -2 1.33292 -2.31625
4.54141 -2 1.3325 -2.31664
4.5508 -2 1.33046 -2.31775
4.55197 -2 1.33024 -2.31794
4.55244 -2 1.33007 -2.31814
4.55299 -2 1.33054 -2.31843
4.55326 -2 1.33003 -2.31814
4.55735 -2 1.32935 -2.31883
4.56163 -2 1.32913 -2.3199
4.56246 -2 1.3289 -2.31996
4.56849 -2 1.32745 -2.32059
4.56927 -2 1.32728 -2.32067
4.57026 -2 1.32765 -2.32126
4.5705 -2 1.32707 -2.32087
4.57226 -2 1.32669 -2.32126
4.57437 -2 1.32644 -2.32145
4.57513 -2 1.32679 -2.32196
4.57639 -2 1.32658 -2.32216
4.57714 -2 1.32602 -2.32184
4.57813 -2 1.3258 -2.32204
4.58021 -2 1.32596 -2.32282
4.58036 -2 1.32564 -2.32279
4.58845 -2 1.32446 -2.32405
4.58875 -2 1.32447 -2.32411
4.58959 -2 1.32385 -2.3239
4.59147 -2 1.32386 -2.32461
4.59768 -2 1.3228 -2.32558
4.59908 -2 1.32221 -2.32535
4.60739 -2 1.32113 -2.32616
4.60774 -2 1.32053 -2.32568
4.61357 -2 1.31992 -2.32634
4.61482 -2 1.31968 -2.32637
4.61483 -2 1.31968 -2.32637
4.61647 -2 1.31884 -2.32593
4.61687 -2 1.31879 -2.32604
4.61931 -2 1.31836 -2.32601
4.61994 -2 1.31862 -2.32633
4.6215 -2 1.31787 -2.32608
4.6271 -2 1.31726 -2.32668
4.62866 -2 1.31681 -2.32672
4.63011 -2 1.31618 -2.32633
4.65099 -2 1.31245 -2.32737
4.65261 -2 1.31183 -2.32698
4.65296 -2 1.31218 -2.32743
4.65322 -2 1.31218 -2.32749
4.65449 -2 1.31194 -2.32752
4.65664 -2 1.31174 -2.32753
4.66054 -2 1.31073 -2.32765
4.66513 -2 1.30941 -2.32734
4.66565 -2 1.30977 -2.32785
4.66607 -2 1.30917 -2.32737
4.66967 -2 1.30862 -2.32792
4.67192 -2 1.30854 -2.32795
4.67587 -2 1.30741 -2.3281
4.67853 -2 1.30675 -2.32773
4.68426 -2 1.30614 -2.32839
4.68439 -2 1.30612 -2.32831
4.68622 -2 1.3053 -2.32795
4.68868 -2 1.30482 -2.32802
4.69107 -2 1.30434 -2.32809
4.69142 -2 1.30469 -2.32854
4.69457 -2 1.30361 -2.3282
4.69628 -2 1.3032 -2.32843
4.69966 -2 1.30265 -2.32834
4.70929 -2 1.3011 -2.32791
4.71024 -2 1.30122 -2.32792
4.71093 -2 1.30062 -2.32744
4.71095 -2 1.30062 -2.32744
4.71131 -2 1.30099 -2.32775
4.7145 -2 1.29995 -2.32712
4.71781 -2 1.29986 -2.32719
4.71885 -2 1.29965 -2.32711
4.72049 -2 1.299 -2.32702
4.72438 -2 1.29816 -2.32626
4.72453 -2 1.29816 -2.32626
4.72725 -2 1.29754 -2.32624
4.73065 -2 1.29704 -2.32572
4.73263 -2 1.29718 -2.32598
4.73635 -2 1.29651 -2.32566
4.73683 -2 1.29592 -2.32518
4.73831 -2 1.2957 -2.32507
4.7392 -2 1.29547 -2.32496
4.74362 -2 1.29517 -2.32495
4.74752 -2 1.2945 -2.32468
4.75454 -2 1.29261 -2.32387
4.75537 -2 1.29256 -2.32356
4.75697 -2 1.29229 -2.32356
4.76053 -2 1.29166 -2.32313
4.76189 -2 1.29144 -2.32302
4.76205 -2 1.29181 -2.32333
4.76224 -2 1.29181 -2.32333
4.76514 -2 1.29094 -2.32314
4.77074 -2 1.29024 -2.32258
4.77248 -2 1.28981 -2.32248
4.77573 -2 1.28935 -2.32215
4.77597 -2 1.28935 -2.3222
4.77806 -2 1.28848 -2.32173
4.78137 -2 1.28786 -2.3213
4.7815 -2 1.28786 -2.3213
4.78213 -2 1.28823 -2.32167
4.78243 -2 1.28802 -2.32162
4.78535 -2 1.28719 -2.32097
4.7876 -2 1.28674 -2.32076
4.79091 -2 1.28666 -2.32091
4.79238 -2 1.2861 -2.32069
4.79525 -2 1.28539 -2.32011
4.79591 -2 1.28576 -2.32048
4.79763 -2 1.28495 -2.3199
4.80242 -2 1.28405 -2.31946
4.80294 -2 1.2847 -2.31977
4.81253 -2 1.28226 -2.3186
4.81461 -2 1.28232 -2.31867
4.81761 -2 1.28136 -2.31817
4.81928 -2 1.28151 -2.31837
4.82479 -2 1.28002 -2.31752
4.82598 -2 1.2798 -2.31742
4.82786 -2 1.27994 -2.31762
4.83112 -2 1.2789 -2.31699
4.83521 -2 1.2786 -2.31697
4.83593 -2 1.27801 -2.31655
4.83826 -2 1.27781 -2.3167
4.84094 -2 1.27711 -2.31612
4.84368 -2 1.27666 -2.31591
4.84392 -2 1.27703 -2.31622
4.85287 -2 1.27546 -2.31552
4.85361 -2 1.27487 -2.31504
4.854 -2 1.27524 -2.31535
4.85968 -2 1.27375 -2.31451
4.86094 -2 1.27353 -2.3144
4.86855 -2 1.27218 -2.31375
4.87201 -2 1.27151 -2.31343
4.87703 -2 1.27062 -2.313
4.87706 -2 1.27062 -2.313
4.8777 -2 1.27099 -2.31336
4.87845 -2 1.27039 -2.31289
4.88198 -2 1.26972 -2.31256
4.88373 -2 1.26987 -2.31277
4.88375 -2 1.26987 -2.31277
4.88447 -2 1.26927 -2.31235
4.88911 -2 1.26863 -2.31228
4.8912 -2 1.26852 -2.31212
4.89177 -2 1.26793 -2.3117
4.89361 -2 1.26807 -2.3119
4.89732 -2 1.2674 -2.31158
4.89776 -2 1.26719 -2.31159
4.91215 -2 1.26472 -2.31029
4.91383 -2 1.26441 -2.31005
4.91592 -2 1.26404 -2.30996
4.91717 -2 1.26382 -2.30986
4.92136 -2 1.26281 -2.30948
4.92169 -2 1.26256 -2.30911
4.92245 -2 1.26291 -2.3094
4.92373 -2 1.26261 -2.30919
4.92429 -2 1.26211 -2.3089
4.92443 -2 1.26194 -2.3091
4.92575 -2 1.26225 -2.3091
4.92633 -2 1.26183 -2.30913
4.9324 -2 1.26105 -2.30843
4.93244 -2 1.26092 -2.30857
4.93739 -2 1.26015 -2.308
4.94226 -2 1.25933 -2.30768
4.94586 -2 1.25867 -2.30743
4.94658 -2 1.25808 -2.30696
4.94716 -2 1.25845 -2.30733
4.94736 -2 1.25811 -2.30721
4.95046 -2 1.25724 -2.30683
4.95215 -2 1.25755 -2.30689
4.95787 -2 1.25601 -2.3061
4.95831 -2 1.25643 -2.30635
4.96904 -2 1.25388 -2.30522
4.96936 -2 1.25442 -2.30538
4.97633 -2 1.2527 -2.30437
4.97752 -2 1.25248 -2.30426
4.9806 -2 1.2524 -2.30441
4.98083 -2 1.25219 -2.30436
4.98291 -2 1.25195 -2.30414
4.98397 -2 1.25201 -2.30403
4.98509 -2 1.25114 -2.30362
4.98526 -2 1.2515 -2.30392
4.98716 -2 1.25069 -2.3034
4.99061 -2 1.25059 -2.30347
5.00074 -2 1.24844 -2.30255
5.00911 -2 1.24802 -2.30031
5.01019 -2 1.24789 -2.29993
5.012 -2 1.24718 -2.29919
5.01902 -2 1.24704 -2.29772
5.02182 -2 1.24637 -2.29704
5.02362 -2 1.24601 -2.29626
5.02427 -2 1.24622 -2.29632
5.0377 -2 1.24521 -2.29287
5.03851 -2 1.24455 -2.29238
5.04125 -2 1.24485 -2.29184
5.04257 -2 1.24472 -2.29157
5.04423 -2 1.24401 -2.29077
5.04564 -2 1.24389 -2.29045
5.04859 -2 1.24411 -2.2899
5.05112 -2 1.24387 -2.28925
5.05576 -2 1.24291 -2.28786
5.05905 -2 1.24255 -2.28689
5.06004 -2 1.24302 -2.28704
5.06017 -2 1.24281 -2.28699
5.06129 -2 1.24288 -2.28664
5.06331 -2 1.24211 -2.2859
5.06561 -2 1.24194 -2.28527
5.06646 -2 1.24198 -2.28539
5.06848 -2 1.24216 -2.28472
5.0711 -2 1.24192 -2.28413
5.07132 -2 1.24171 -2.28408
5.07264 -2 1.24146 -2.28369
5.07292 -2 1.2412 -2.28333
5.07401 -2 1.24108 -2.283
5.0761 -2 1.24143 -2.28283
5.07721 -2 1.24131 -2.28245
5.07793 -2 1.24072 -2.28203
5.07887 -2 1.24076 -2.28215
5.08125 -2 1.24073 -2.28149
5.0916 -2 1.23938 -2.27847
5.09197 -2 1.23985 -2.27857
5.09376 -2 1.23913 -2.27782
5.09783 -2 1.23877 -2.27685
5.09882 -2 1.23864 -2.27653
5.09991 -2 1.23878 -2.27657
5.10091 -2 1.23899 -2.27636
5.10283 -2 1.23828 -2.27556
5.10443 -2 1.23863 -2.27533
5.10521 -2 1.23803 -2.27491
5.10827 -2 1.23826 -2.27442
5.1128 -2 1.2373 -2.27297
5.11391 -2 1.23718 -2.27264
5.1149 -2 1.23706 -2.27232
5.11535 -2 1.23711 -2.27221
5.12011 -2 1.23657 -2.27103
5.12394 -2 1.23621 -2.27005
5.12413 -2 1.23668 -2.27015
5.13022 -2 1.23565 -2.26833
5.13103 -2 1.23547 -2.26811
5.136 -2 1.23499 -2.26682
5.14788 -2 1.23436 -2.264
5.15149 -2 1.234 -2.26303
5.15287 -2 1.23387 -2.2627
5.15368 -2 1.23328 -2.26229
5.15565 -2 1.23342 -2.26206
5.15604 -2 1.23304 -2.26164
5.15651 -2 1.23351 -2.26173
5.16411 -2 1.23278 -2.25985
5.16435 -2 1.23256 -2.2598
5.16553 -2 1.23257 -2.25933
5.17163 -2 1.23205 -2.2579
5.17821 -2 1.23084 -2.25581
5.18228 -2 1.23048 -2.25484
5.18302 -2 1.23052 -2.25496
5.18318 -2 1.23035 -2.25452
5.18462 -2 1.23023 -2.25419
5.18629 -2 1.23058 -2.25396
5.18985 -2 1.23022 -2.25299
5.19261 -2 1.22997 -2.2524
5.20113 -2 1.22912 -2.25008
5.20313 -2 1.2284 -2.24934
5.20315 -2 1.2284 -2.24934
5.21762 -2 1.22745 -2.24574
5.21823 -2 1.22694 -2.24545
5.23201 -2 1.22607 -2.24198
5.23536 -2 1.22523 -2.24092
5.23925 -2 1.22487 -2.23995
5.24453 -2 1.22485 -2.23875
5.24533 -2 1.22426 -2.23833
5.2457 -2 1.22473 -2.23842
5.24578 -2 1.22473 -2.23842
5.25684 -2 1.22363 -2.23551
5.25929 -2 1.22339 -2.23486
5.2656 -2 1.22278 -2.23324
5.26636 -2 1.22219 -2.23282
5.2675 -2 1.22206 -2.2325
5.27112 -2 1.2217 -2.23153
5.27298 -2 1.22205 -2.2313
5.27503 -2 1.22133 -2.23056
5.27867 -2 1.22097 -2.22959
5.27875 -2 1.22097 -2.22959
5.29011 -2 1.21987 -2.22667
5.29084 -2 1.22 -2.22671
5.29369 -2 1.2195 -2.2257
5.29391 -2 1.21956 -2.22559
5.30529 -2 1.21888 -2.22288
5.31047 -2 1.21839 -2.22165
5.31847 -2 1.21707 -2.21923
5.33121 -2 1.21632 -2.21608
5.33236 -2 1.21566 -2.21565
5.33336 -2 1.2156 -2.21534
5.33605 -2 1.21541 -2.21459
5.33699 -2 1.21524 -2.21437
5.33991 -2 1.21546 -2.21382
5.34922 -2 1.21402 -2.21113
5.35998 -2 1.21351 -2.2087
5.36037 -2 1.21292 -2.20822
5.36143 -2 1.21338 -2.20829
5.36206 -2 1.2128 -2.2079
5.36486 -2 1.21303 -2.20734
5.36794 -2 1.21219 -2.20628
5.36986 -2 1.21254 -2.20605
5.37456 -2 1.21233 -2.20475
5.37855 -2 1.21169 -2.20378
5.39059 -2 1.21 -2.20045
5.39251 -2 1.21013 -2.20023
5.39366 -2 1.21021 -2.19988
5.40733 -2 1.20976 -2.19532
5.42039 -2 1.21001 -2.18991
5.42458 -2 1.21058 -2.18872
5.43255 -2 1.21048 -2.18517
5.44198 -2 1.21131 -2.18185
5.4471 -2 1.2112 -2.17987
5.46304 -2 1.21223 -2.17368
5.47164 -2 1.2126 -2.17029
5.4772 -2 1.21239 -2.16771
5.47746 -2 1.21232 -2.16769
5.47909 -2 1.21291 -2.16737
5.48107 -2 1.21255 -2.16625
5.4813 -2 1.21302 -2.16635
5.48171 -2 1.213 -2.16633
5.48822 -2 1.21287 -2.16334
5.4933 -2 1.21308 -2.1614
5.49544 -2 1.21326 -2.16096
5.4974 -2 1.21371 -2.16004
5.50403 -2 1.21396 -2.15759
5.50721 -2 1.21359 -2.15605
5.50926 -2 1.21376 -2.1551
5.53782 -2 1.21498 -2.14394
5.54459 -2 1.21572 -2.14161
5.5527 -2 1.21562 -2.13812
5.55354 -2 1.21609 -2.13827
5.5557 -2 1.21619 -2.13725
5.55637 -2 1.21578 -2.13667
5.55761 -2 1.21583 -2.13618
5.55909 -2 1.21588 -2.1357
5.56815 -2 1.21672 -2.1324
5.57238 -2 1.21663 -2.1308
5.57241 -2 1.21646 -2.13036
5.5734 -2 1.21694 -2.13051
5.58151 -2 1.21683 -2.12697
5.59553 -2 1.21789 -2.12172
5.59902 -2 1.21833 -2.12026
5.60377 -2 1.21779 -2.11824
5.60558 -2 1.21831 -2.1179
5.62238 -2 1.21858 -2.11096
5.63198 -2 1.219 -2.10708
5.63295 -2 1.21946 -2.10715
5.63456 -2 1.21911 -2.10611
5.63941 -2 1.21932 -2.10417
5.64522 -2 1.22001 -2.10238
5.65398 -2 1.22038 -2.09899
5.65706 -2 1.22006 -2.09738
5.66289 -2 1.2205 -2.0954
5.66925 -2 1.22059 -2.09253
5.67379 -2 1.22122 -2.09123
5.6741 -2 1.2208 -2.09059
5.67526 -2 1.22094 -2.09063
5.67526 -2 1.22094 -2.09063
5.67709 -2 1.22084 -2.0896
5.67794 -2 1.22096 -2.08913
5.68303 -2 1.22117 -2.08719
5.68807 -2 1.22139 -2.08525
5.68889 -2 1.22152 -2.08529
5.69596 -2 1.22217 -2.08244
5.70143 -2 1.22236 -2.0798
5.70734 -2 1.22407 -2.0776
5.70805 -2 1.22398 -2.07686
5.71726 -2 1.22659 -2.07307
5.72266 -2 1.2277 -2.07017
5.72472 -2 1.22847 -2.06967
5.73589 -2 1.2313 -2.06457
5.74371 -2 1.23304 -2.06053
5.74422 -2 1.23351 -2.06063
5.74492 -2 1.23336 -2.05997
5.75433 -2 1.23603 -2.05615
5.75528 -2 1.23634 -2.05553
5.76492 -2 1.23838 -2.0509
5.77052 -2 1.24011 -2.04879
5.77455 -2 1.24089 -2.04637
5.78573 -2 1.24372 -2.04127
5.7914 -2 1.24545 -2.0391
5.79194 -2 1.24529 -2.03844
5.81865 -2 1.25236 -2.02664
5.82025 -2 1.25259 -2.02594
5.83224 -2 1.25582 -2.0204
5.8367 -2 1.2566 -2.01804
5.83702 -2 1.25665 -2.01794
5.83787 -2 1.25692 -2.01748
5.83892 -2 1.25731 -2.01743
5.87179 -2 1.26533 -2.00216
5.87263 -2 1.26571 -2.00161
5.88974 -2 1.27032 -1.99427
5.89089 -2 1.27057 -1.99375
5.89682 -2 1.27215 -1.99094
5.90311 -2 1.27372 -1.98817
5.91613 -2 1.27671 -1.98178
5.92297 -2 1.27875 -1.9791
5.94285 -2 1.28378 -1.97004
5.94399 -2 1.28409 -1.96941
5.95578 -2 1.28676 -1.96366
5.97326 -2 1.29116 -1.95572
5.98907 -2 1.29524 -1.94836
6.00346 -2 1.29917 -1.94222
6.01792 -2 1.30247 -1.93533
6.02147 -2 1.30341 -1.93363
6.03767 -2 1.30749 -1.92626
6.04163 -2 1.30849 -1.92446
6.04282 -2 1.30875 -1.924
6.06692 -2 1.31519 -1.91338
6.06774 -2 1.31578 -1.91275
6.0927 -2 1.32179 -1.90143
6.09459 -2 1.32195 -1.9002
6.11759 -2 1.33504 -1.8931
6.15202 -2 1.35629 -1.88272
6.16832 -2 1.36764 -1.87837
6.16952 -2 1.36844 -1.87801
6.17366 -2 1.37074 -1.8768
6.18822 -2 1.38036 -1.87262
6.2004 -2 1.38811 -1.86881
6.21712 -2 1.39857 -1.86421
6.22038 -2 1.40103 -1.86327
6.22986 -2 1.40644 -1.8601
6.24016 -2 1.41376 -1.85752
6.24789 -2 1.41853 -1.85542
6.26316 -2 1.42791 -1.85039
6.26871 -2 1.43204 -1.84925
6.2693 -2 1.43189 -1.84859
6.30187 -2 1.45256 -1.83925
6.30321 -2 1.45335 -1.83889
6.31116 -2 1.45908 -1.83709
6.32345 -2 1.46703 -1.8335
6.32498 -2 1.46787 -1.83301
6.33116 -2 1.47185 -1.83121
6.37325 -2 1.49881 -1.81904
6.37936 -2 1.5028 -1.81732
6.38961 -2 1.50901 -1.81373
6.42529 -2 1.53221 -1.80395
6.44001 -2 1.54176 -1.79971
6.44592 -2 1.54472 -1.79754
6.45846 -2 1.55369 -1.79426
6.471 -2 1.56164 -1.79073
6.47322 -2 1.56303 -1.78974
6.5218 -2 1.59424 -1.77593
6.52223 -2 1.59425 -1.77572
6.57114 -2 1.62502 -1.76124
6.58438 -2 1.63383 -1.7573
6.58557 -2 1.63463 -1.75694
6.59702 -2 1.64178 -1.75371
6.60817 -2 1.64894 -1.75048
6.64387 -2 1.672 -1.74005
6.72686 -2 1.72526 -1.71597
6.80186 -2 1.77394 -1.69608
6.8084 -2 1.77798 -1.69893
6.87748 -2 1.82325 -1.73012
6.93613 -2 1.86125 -1.7564
7.05907 -2 1.94133 -1.8115
7.08133 -2 1.95575 -1.82149
7.11457 -2 1.97767 -1.83674
7.12725 -2 1.9858 -1.84219
7.13115 -2 1.98803 -1.84419
7.15415 -2 2.00353 -1.85454
7.16694 -2 2.01167 -1.86004
7.23661 -2 2.05675 -1.89162
7.25017 -2 2.06564 -1.89775
7.52202 -2 2.24269 -2.01994
7.53983 -2 2.25496 -2.02805
7.6761 -2 2.34388 -2.08942
