1.68556 -2 0.137765 -1.87855
1.81017 -2 0.219597 -1.8579
1.82001 -2 0.226085 -1.85621
1.91011 -2 0.285103 -1.84109
2.06465 -2 0.385733 -1.8151
2.07875 -2 0.39529 -1.81283
2.10784 -2 0.413943 -1.80864
2.20399 -2 0.476681 -1.79896
2.21491 -2 0.48328 -1.79784
2.24788 -2 0.504968 -1.79473
2.29067 -2 0.532333 -1.79022
2.29976 -2 0.538696 -1.78936
2.31507 -2 0.548481 -1.78791
2.38723 -2 0.595167 -1.7808
2.39091 -2 0.597582 -1.78043
2.40415 -2 0.606454 -1.77955
2.41051 -2 0.610616 -1.77911
2.46597 -2 0.647548 -1.77704
2.46868 -2 0.649306 -1.77688
2.49834 -2 0.668891 -1.77588
2.50903 -2 0.676293 -1.77538
2.51765 -2 0.681893 -1.77517
2.55948 -2 0.709398 -1.77342
2.56066 -2 0.710221 -1.77338
2.56593 -2 0.713465 -1.77304
2.57175 -2 0.71763 -1.77295
2.57892 -2 0.722529 -1.77284
2.61166 -2 0.743975 -1.77286
2.62204 -2 0.751262 -1.77361
2.6277 -2 0.754681 -1.77419
2.65265 -2 0.771152 -1.77624
2.66208 -2 0.777628 -1.77731
2.66994 -2 0.782682 -1.77767
2.70537 -2 0.806524 -1.78066
2.70751 -2 0.808122 -1.78054
2.70958 -2 0.809035 -1.78095
2.73966 -2 0.829445 -1.78342
2.76055 -2 0.8428 -1.78515
2.76218 -2 0.844322 -1.78518
2.79791 -2 0.867989 -1.78835
2.80746 -2 0.874095 -1.78904
2.82982 -2 0.888918 -1.79088
2.84221 -2 0.897154 -1.79191
2.87771 -2 0.920924 -1.79479
2.88628 -2 0.926676 -1.79543
2.89161 -2 0.930095 -1.796
2.89473 -2 0.932476 -1.79601
2.90138 -2 0.936637 -1.79702
2.91805 -2 0.947359 -1.79824
2.9199 -2 0.948997 -1.79838
2.93671 -2 0.959694 -1.79955
2.95692 -2 0.973617 -1.80126
2.95762 -2 0.973743 -1.80143
2.96125 -2 0.976213 -1.80174
2.96537 -2 0.979329 -1.80206
3.00369 -2 1.00462 -1.80605
3.01007 -2 1.00839 -1.80743
3.01311 -2 1.00997 -1.80839
3.01949 -2 1.01369 -1.81001
3.02973 -2 1.02024 -1.81289
3.03188 -2 1.02113 -1.81327
3.03601 -2 1.02392 -1.81448
3.03778 -2 1.0248 -1.8151
3.05153 -2 1.03303 -1.81848
3.06973 -2 1.04406 -1.8232
3.07393 -2 1.04642 -1.82435
3.07945 -2 1.04996 -1.82588
3.08152 -2 1.05088 -1.8263
3.0842 -2 1.05234 -1.82703
3.08961 -2 1.05596 -1.82841
3.09527 -2 1.05907 -1.82988
3.10622 -2 1.06576 -1.83281
3.1064 -2 1.06576 -1.83281
3.10647 -2 1.06576 -1.83281
3.12165 -2 1.07534 -1.83675
3.12704 -2 1.07824 -1.83849
3.13049 -2 1.08051 -1.83916
3.13078 -2 1.08059 -1.83953
3.13655 -2 1.08427 -1.84066
3.14358 -2 1.08808 -1.84259
3.14498 -2 1.08879 -1.84299
3.14757 -2 1.09071 -1.84392
3.15577 -2 1.09552 -1.84584
3.16862 -2 1.10356 -1.84937
3.17249 -2 1.10584 -1.8501
3.17562 -2 1.10742 -1.85105
3.18014 -2 1.11027 -1.85219
3.19422 -2 1.11858 -1.85594
3.1976 -2 1.1207 -1.85683
3.19771 -2 1.12064 -1.85706
3.1985 -2 1.12138 -1.85715
3.20163 -2 1.12304 -1.85789
3.20461 -2 1.12493 -1.8589
3.2139 -2 1.13037 -1.86141
3.21644 -2 1.13197 -1.8618
3.22471 -2 1.13705 -1.86391
3.24289 -2 1.14759 -1.86864
3.24416 -2 1.14834 -1.86897
3.24437 -2 1.1489 -1.86921
3.25317 -2 1.15421 -1.87131
3.25754 -2 1.15652 -1.87255
3.25956 -2 1.1579 -1.87312
3.26075 -2 1.15863 -1.87336
3.26096 -2 1.15858 -1.87367
3.26194 -2 1.15937 -1.87369
3.26827 -2 1.1631 -1.8754
3.2687 -2 1.16322 -1.87548
3.27175 -2 1.16537 -1.8762
3.27775 -2 1.16903 -1.87804
3.27836 -2 1.16905 -1.87834
3.27916 -2 1.16983 -1.87815
3.28524 -2 1.17345 -1.87995
3.28694 -2 1.17433 -1.88039
3.295 -2 1.17881 -1.8824
3.30829 -2 1.18548 -1.88709
3.32043 -2 1.19051 -1.89219
3.33068 -2 1.19461 -1.89624
3.34152 -2 1.19913 -1.90083
3.34641 -2 1.20109 -1.90276
3.34694 -2 1.2012 -1.90284
3.35062 -2 1.20272 -1.90437
3.36098 -2 1.20719 -1.90864
3.36244 -2 1.20766 -1.90928
3.363 -2 1.20779 -1.90945
3.36497 -2 1.20869 -1.91038
3.36798 -2 1.20982 -1.91148
3.36839 -2 1.21014 -1.9119
3.37577 -2 1.21319 -1.91495
3.3795 -2 1.21471 -1.91647
3.38618 -2 1.21725 -1.91924
3.38641 -2 1.21742 -1.9191
3.3964 -2 1.22148 -1.92317
3.40021 -2 1.223 -1.92469
3.40513 -2 1.22503 -1.92673
3.41487 -2 1.22908 -1.93079
3.41704 -2 1.22997 -1.93164
3.42103 -2 1.23162 -1.93333
3.43058 -2 1.23555 -1.93723
3.43335 -2 1.23664 -1.93861
3.44707 -2 1.24226 -1.944
3.4532 -2 1.24469 -1.9468
3.46826 -2 1.25088 -1.95264
3.47851 -2 1.25494 -1.95671
3.4834 -2 1.25696 -1.95874
3.49063 -2 1.26001 -1.96179
3.49148 -2 1.2604 -1.96221
3.49205 -2 1.26051 -1.9623
3.49648 -2 1.26243 -1.96424
3.49885 -2 1.26343 -1.96518
3.50152 -2 1.2644 -1.9665
3.50563 -2 1.26609 -1.96789
3.5088 -2 1.2675 -1.96932
3.51071 -2 1.26812 -1.96992
3.52352 -2 1.27361 -1.97524
3.52803 -2 1.27522 -1.97703
3.53307 -2 1.27724 -1.97906
3.53381 -2 1.27764 -1.97983
3.53685 -2 1.27848 -1.98063
3.54267 -2 1.2813 -1.98313
3.55095 -2 1.28472 -1.98652
3.55399 -2 1.28586 -1.9877
3.55689 -2 1.28729 -1.98892
3.58479 -2 1.29854 -2.00041
3.58534 -2 1.29887 -2.00082
3.5858 -2 1.29887 -2.00105
3.58836 -2 1.30001 -2.00213
3.59514 -2 1.30231 -2.00451
3.5996 -2 1.30462 -2.0065
3.60169 -2 1.30551 -2.00735
3.60307 -2 1.30603 -2.00794
3.60486 -2 1.30665 -2.00854
3.60952 -2 1.30868 -2.01057
3.61505 -2 1.31087 -2.01314
3.6174 -2 1.31172 -2.01362
3.61825 -2 1.31223 -2.01413
3.61962 -2 1.31273 -2.01463
3.62049 -2 1.3132 -2.01516
3.62177 -2 1.31358 -2.01579
3.62633 -2 1.31568 -2.01738
3.62983 -2 1.31676 -2.01878
3.63185 -2 1.3178 -2.01971
3.6319 -2 1.3178 -2.01971
3.63326 -2 1.31831 -2.02022
3.63349 -2 1.31831 -2.02022
3.63828 -2 1.32034 -2.02226
3.64364 -2 1.32269 -2.02471
3.64638 -2 1.32376 -2.02564
3.65015 -2 1.32528 -2.02717
3.65298 -2 1.32642 -2.02835
3.66722 -2 1.33233 -2.03436
3.66872 -2 1.33289 -2.03479
3.66985 -2 1.33339 -2.0353
3.67054 -2 1.33352 -2.03547
3.67207 -2 1.33439 -2.03643
3.67217 -2 1.33435 -2.03639
3.67782 -2 1.33656 -2.03852
3.68247 -2 1.33848 -2.04046
3.69473 -2 1.34353 -2.04546
3.69959 -2 1.34561 -2.0474
3.70044 -2 1.34552 -2.04768
3.70243 -2 1.34617 -2.04893
3.70348 -2 1.34628 -2.04918
3.71898 -2 1.34826 -2.05579
3.72082 -2 1.34882 -2.05667
3.72272 -2 1.34881 -2.05742
3.72274 -2 1.34881 -2.05742
3.72596 -2 1.34951 -2.05915
3.72598 -2 1.34963 -2.05921
3.72944 -2 1.3501 -2.06046
3.73188 -2 1.35047 -2.06154
3.73228 -2 1.35027 -2.06175
3.73349 -2 1.35045 -2.06229
3.74161 -2 1.35187 -2.06595
3.74586 -2 1.35249 -2.06792
3.74867 -2 1.35264 -2.06878
3.7515 -2 1.35333 -2.07028
3.75176 -2 1.35339 -2.0702
3.75235 -2 1.35319 -2.0704
3.75566 -2 1.35402 -2.07201
3.76103 -2 1.35446 -2.07419
3.76187 -2 1.35493 -2.07472
3.76533 -2 1.35539 -2.07615
3.76764 -2 1.3557 -2.07731
3.77357 -2 1.35629 -2.0796
3.78043 -2 1.35759 -2.08273
3.78083 -2 1.35738 -2.08285
3.78158 -2 1.35776 -2.08319
3.78523 -2 1.35831 -2.08481
3.79414 -2 1.35954 -2.0889
3.79526 -2 1.35978 -2.08922
3.7959 -2 1.35957 -2.08934
3.80017 -2 1.3605 -2.0913
3.80465 -2 1.36082 -2.09321
3.80608 -2 1.36136 -2.09409
3.81119 -2 1.36219 -2.09608
3.81507 -2 1.36269 -2.09779
3.81614 -2 1.36292 -2.09824
3.82236 -2 1.36378 -2.10104
3.82387 -2 1.36405 -2.10177
3.83079 -2 1.36505 -2.10494
3.83802 -2 1.36577 -2.10774
3.83891 -2 1.36596 -2.10828
3.84377 -2 1.36697 -2.11061
3.84402 -2 1.36669 -2.11044
3.84509 -2 1.36687 -2.11098
3.85627 -2 1.36851 -2.11585
3.85645 -2 1.36851 -2.11585
3.86077 -2 1.36949 -2.11772
3.86666 -2 1.36994 -2.12026
3.86811 -2 1.37048 -2.12114
3.87401 -2 1.37107 -2.12343
3.87765 -2 1.37161 -2.12505
3.87844 -2 1.37195 -2.12569
3.88116 -2 1.37216 -2.12667
3.8833 -2 1.37274 -2.12763
3.8871 -2 1.37336 -2.12937
3.89164 -2 1.37395 -2.13142
3.89676 -2 1.37473 -2.1335
3.9032 -2 1.37573 -2.1364
3.90601 -2 1.37581 -2.13749
3.91058 -2 1.37675 -2.13954
3.91263 -2 1.37709 -2.14065
3.91334 -2 1.3769 -2.14074
3.91445 -2 1.37736 -2.14145
3.91538 -2 1.37747 -2.14162
3.91877 -2 1.37735 -2.14294
3.91966 -2 1.37782 -2.14344
3.92084 -2 1.378 -2.14399
3.92295 -2 1.37856 -2.14487
3.92443 -2 1.37876 -2.14583
3.92474 -2 1.37855 -2.14561
3.92598 -2 1.37873 -2.14615
3.93259 -2 1.37997 -2.14927
3.93532 -2 1.38039 -2.15028
3.93671 -2 1.38065 -2.15101
3.93845 -2 1.38055 -2.15156
3.94045 -2 1.38107 -2.15275
3.94069 -2 1.38092 -2.15264
3.94332 -2 1.38128 -2.15372
3.94491 -2 1.38163 -2.1548
3.94734 -2 1.3822 -2.1558
3.95577 -2 1.38311 -2.15914
3.95951 -2 1.38365 -2.16076
3.96306 -2 1.3842 -2.16238
3.96771 -2 1.38522 -2.16453
3.96884 -2 1.38531 -2.16488
3.97026 -2 1.38557 -2.1658
3.97796 -2 1.38639 -2.16887
3.97924 -2 1.38657 -2.16941
3.98409 -2 1.3873 -2.17158
3.9852 -2 1.3877 -2.17234
3.98905 -2 1.38803 -2.17374
3.99109 -2 1.3886 -2.17462
3.99321 -2 1.38895 -2.17582
3.99567 -2 1.38866 -2.17649
3.99589 -2 1.38937 -2.17669
3.99684 -2 1.38913 -2.17699
4.0015 -2 1.38948 -2.17896
4.00466 -2 1.38973 -2.18013
4.00527 -2 1.38928 -2.1802
4.00921 -2 1.38908 -2.18144
4.01037 -2 1.38901 -2.18186
4.01719 -2 1.38905 -2.18427
4.01938 -2 1.38886 -2.18517
4.02008 -2 1.38847 -2.18517
4.02081 -2 1.38885 -2.18551
4.02193 -2 1.38883 -2.18582
4.02473 -2 1.38873 -2.18694
4.02794 -2 1.38843 -2.1881
4.02825 -2 1.38845 -2.18799
4.0296 -2 1.38838 -2.1884
4.0367 -2 1.38792 -2.19096
4.04092 -2 1.38772 -2.19243
4.04256 -2 1.38725 -2.19261
4.04753 -2 1.38698 -2.19427
4.05455 -2 1.38698 -2.19698
4.05483 -2 1.38658 -2.19675
4.05622 -2 1.38651 -2.19716
4.06546 -2 1.38642 -2.2004
4.06585 -2 1.38597 -2.20047
4.06741 -2 1.3859 -2.20089
4.07092 -2 1.3857 -2.20213
4.07136 -2 1.38587 -2.20266
4.07407 -2 1.38599 -2.2032
4.0761 -2 1.38543 -2.20378
4.07851 -2 1.3853 -2.20461
4.07852 -2 1.3853 -2.20461
4.07882 -2 1.38546 -2.20515
4.07931 -2 1.38576 -2.20514
4.08062 -2 1.38544 -2.2056
4.08088 -2 1.38516 -2.20544
4.09863 -2 1.38458 -2.21168
4.10107 -2 1.38379 -2.2121
4.10294 -2 1.38422 -2.21305
4.10396 -2 1.38433 -2.21322
4.10566 -2 1.38381 -2.21371
4.10887 -2 1.38406 -2.21488
4.10892 -2 1.38406 -2.21488
4.11224 -2 1.38384 -2.21623
4.11403 -2 1.38387 -2.21672
4.12072 -2 1.383 -2.21867
4.12413 -2 1.3828 -2.21991
4.12749 -2 1.38304 -2.22108
4.13485 -2 1.38264 -2.22356
4.14141 -2 1.38206 -2.22593
4.14189 -2 1.38185 -2.22571
4.14362 -2 1.38217 -2.22646
4.14429 -2 1.38172 -2.22653
4.14764 -2 1.38173 -2.228
4.14868 -2 1.38191 -2.22819
4.15772 -2 1.38097 -2.23108
4.16179 -2 1.38074 -2.2324
4.1687 -2 1.38058 -2.23503
4.1735 -2 1.38056 -2.23647
4.174 -2 1.3801 -2.23646
4.18268 -2 1.37962 -2.23936
4.18499 -2 1.37949 -2.24018
4.18526 -2 1.37949 -2.24018
4.18892 -2 1.37929 -2.24142
4.18907 -2 1.37926 -2.24151
4.19037 -2 1.37959 -2.24229
4.1915 -2 1.37915 -2.24225
4.19177 -2 1.37957 -2.24246
4.19364 -2 1.37902 -2.24308
4.19832 -2 1.37928 -2.24485
4.20454 -2 1.37894 -2.24692
4.20597 -2 1.37834 -2.24722
4.21325 -2 1.37834 -2.24993
4.22126 -2 1.37753 -2.25218
4.22615 -2 1.37726 -2.25383
4.22652 -2 1.37768 -2.25404
4.22833 -2 1.37712 -2.25466
4.23075 -2 1.37699 -2.25549
4.23597 -2 1.37672 -2.25714
4.23873 -2 1.37695 -2.25843
4.2394 -2 1.37652 -2.25838
4.24173 -2 1.37692 -2.25933
4.24296 -2 1.37685 -2.25974
4.24312 -2 1.37631 -2.25963
4.24506 -2 1.37658 -2.26046
4.24593 -2 1.37618 -2.26045
4.2468 -2 1.37639 -2.26103
4.25575 -2 1.37564 -2.26376
4.26151 -2 1.37576 -2.26584
4.26253 -2 1.37573 -2.26607
4.26695 -2 1.37503 -2.26748
4.27081 -2 1.37483 -2.26873
4.27135 -2 1.37521 -2.26906
4.27158 -2 1.37504 -2.26931
4.27167 -2 1.37476 -2.26914
4.2758 -2 1.37456 -2.27038
4.27957 -2 1.37433 -2.2717
4.27994 -2 1.37474 -2.27196
4.28205 -2 1.37419 -2.27253
4.28235 -2 1.37465 -2.27269
4.28368 -2 1.37453 -2.2732
4.28662 -2 1.37395 -2.2741
4.28788 -2 1.37388 -2.27452
4.28833 -2 1.37425 -2.27497
4.28878 -2 1.37428 -2.27494
4.29377 -2 1.37401 -2.27659
4.29396 -2 1.37355 -2.27658
4.29447 -2 1.37352 -2.27667
4.29674 -2 1.37341 -2.27741
4.29893 -2 1.37328 -2.27824
4.30115 -2 1.37352 -2.27888
4.30128 -2 1.37346 -2.27885
4.30674 -2 1.37208 -2.27952
4.3091 -2 1.37166 -2.27991
4.31275 -2 1.37102 -2.28049
4.31445 -2 1.37114 -2.28111
4.31627 -2 1.3706 -2.2813
4.31702 -2 1.37081 -2.28128
4.32431 -2 1.36949 -2.2827
4.32462 -2 1.3695 -2.28259
4.32593 -2 1.36929 -2.28278
4.32733 -2 1.36889 -2.28306
4.33213 -2 1.36823 -2.28376
4.33356 -2 1.36771 -2.28398
4.33458 -2 1.36781 -2.28415
4.3378 -2 1.36679 -2.28439
4.34009 -2 1.36637 -2.28478
4.34039 -2 1.36608 -2.28482
4.344 -2 1.36574 -2.28537
4.34414 -2 1.3661 -2.28582
4.34482 -2 1.36552 -2.28556
4.34854 -2 1.36489 -2.28615
4.35014 -2 1.36468 -2.28634
4.35234 -2 1.36426 -2.28673
4.35312 -2 1.36464 -2.28707
4.35373 -2 1.36404 -2.28693
4.35558 -2 1.36421 -2.28746
4.35721 -2 1.36341 -2.28751
4.35803 -2 1.36384 -2.28775
4.35812 -2 1.36379 -2.28785
4.36011 -2 1.36299 -2.2879
4.36063 -2 1.36337 -2.28824
4.36133 -2 1.36278 -2.2881
4.36162 -2 1.3631 -2.28851
4.36491 -2 1.36214 -2.28868
4.36716 -2 1.36172 -2.28907
4.36796 -2 1.36215 -2.28931
4.36901 -2 1.36184 -2.28968
4.37122 -2 1.36108 -2.28965
4.37128 -2 1.36108 -2.28965
4.37235 -2 1.36087 -2.28985
4.37458 -2 1.36045 -2.29024
4.37673 -2 1.36062 -2.29077
4.37673 -2 1.36062 -2.29077
4.37908 -2 1.36024 -2.29107
4.37952 -2 1.3596 -2.29102
4.3824 -2 1.35918 -2.29141
4.38447 -2 1.35897 -2.29202
4.38493 -2 1.35876 -2.2918
4.38712 -2 1.35834 -2.29219
4.3874 -2 1.35834 -2.29219
4.38857 -2 1.35812 -2.29238
4.38892 -2 1.35845 -2.2928
4.38893 -2 1.35854 -2.29259
4.39089 -2 1.3577 -2.29277
4.39217 -2 1.35749 -2.29297
4.3948 -2 1.35707 -2.29336
4.39492 -2 1.35678 -2.2934
4.39934 -2 1.35643 -2.29436
4.40377 -2 1.35592 -2.29514
4.40398 -2 1.35597 -2.29506
4.40489 -2 1.35574 -2.29537
4.40533 -2 1.35577 -2.29534
4.4058 -2 1.35517 -2.29511
4.40611 -2 1.35488 -2.29515
4.41063 -2 1.35432 -2.29589
4.41571 -2 1.35347 -2.29667
4.42273 -2 1.35281 -2.29807
4.42456 -2 1.35199 -2.29804
4.42479 -2 1.35216 -2.29857
4.42847 -2 1.35173 -2.29908
4.42966 -2 1.35086 -2.29886
4.43572 -2 1.35009 -2.29979
4.43661 -2 1.34988 -2.29999
4.44186 -2 1.34903 -2.30077
4.4447 -2 1.34894 -2.30157
4.44894 -2 1.34798 -2.30216
4.44925 -2 1.34777 -2.30194
4.44962 -2 1.34809 -2.30235
4.4515 -2 1.34734 -2.30233
4.4562 -2 1.3471 -2.30333
4.45667 -2 1.3465 -2.30311
4.4599 -2 1.34647 -2.30392
4.46346 -2 1.34582 -2.30442
4.46622 -2 1.34521 -2.3049
4.46651 -2 1.34481 -2.30466
4.47128 -2 1.34396 -2.30544
4.47236 -2 1.34435 -2.30586
4.47236 -2 1.34435 -2.30586
4.47431 -2 1.34325 -2.30588
4.47522 -2 1.34333 -2.30603
4.47533 -2 1.34333 -2.30603
4.47539 -2 1.34333 -2.30603
4.47579 -2 1.34375 -2.30627
4.47658 -2 1.34311 -2.30622
4.48217 -2 1.34265 -2.30734
4.4836 -2 1.34225 -2.30763
4.48362 -2 1.34212 -2.30756
4.48989 -2 1.34079 -2.30837
4.49147 -2 1.34058 -2.30856
4.49177 -2 1.34091 -2.30898
4.49259 -2 1.34037 -2.30876
4.49342 -2 1.34076 -2.30918
4.49623 -2 1.33973 -2.30934
4.50135 -2 1.33889 -2.31012
4.50228 -2 1.33867 -2.31032
4.50387 -2 1.33846 -2.31051
4.50463 -2 1.33879 -2.31082
4.50707 -2 1.33843 -2.31132
4.50736 -2 1.33783 -2.3111
4.50886 -2 1.33762 -2.31129
4.51081 -2 1.33773 -2.3118
4.51218 -2 1.33719 -2.3121
4.5133 -2 1.33731 -2.31219
4.51378 -2 1.33677 -2.31207
4.51597 -2 1.33635 -2.31246
4.51769 -2 1.33585 -2.3127
4.52151 -2 1.33567 -2.31378
4.52161 -2 1.33592 -2.31345
4.52271 -2 1.33566 -2.31389
4.52358 -2 1.33508 -2.31363
4.52543 -2 1.3353 -2.31407
4.52592 -2 1.33466 -2.31402
4.52739 -2 1.33445 -2.31422
4.53012 -2 1.33374 -2.31465
4.53152 -2 1.33414 -2.31522
4.53254 -2 1.33357 -2.31508
4.53326 -2 1.3336 -2.31541
4.5354 -2 1.33356 -2.31573
4.53691 -2 1.33316 -2.31601
4.539 -2 1.33297 -2.31621
4.54141 -2 1.33245 -2.31678
4.5508 -2 1.33043 -2.31792
4.55197 -2 1.33022 -2.31812
4.55244 -2 1.32993 -2.31816
4.55299 -2 1.33054 -2.31843
4.55326 -2 1.33001 -2.31831
4.55735 -2 1.32934 -2.31898
4.56163 -2 1.32913 -2.3199
4.56246 -2 1.32885 -2.32009
4.56849 -2 1.32744 -2.32073
4.56927 -2 1.32726 -2.32084
4.57026 -2 1.32765 -2.32126
4.5705 -2 1.32705 -2.32104
4.57226 -2 1.32655 -2.32127
4.57437 -2 1.32641 -2.32162
4.57513 -2 1.32679 -2.32196
4.57639 -2 1.32658 -2.32216
4.57714 -2 1.32599 -2.32201
4.57813 -2 1.32578 -2.32221
4.58021 -2 1.32596 -2.32282
4.58036 -2 1.32563 -2.32277
4.58845 -2 1.32425 -2.32431
4.58875 -2 1.32447 -2.32411
4.58959 -2 1.32384 -2.32404
4.59147 -2 1.32385 -2.32458
4.59768 -2 1.3228 -2.32556
4.59908 -2 1.32218 -2.32552
4.60739 -2 1.32115 -2.32614
4.60774 -2 1.32053 -2.32584
4.61357 -2 1.31996 -2.32631
4.61482 -2 1.31972 -2.32635
4.61483 -2 1.31972 -2.32635
4.61647 -2 1.31886 -2.32608
4.61687 -2 1.31883 -2.32616
4.61931 -2 1.31839 -2.32614
4.61994 -2 1.31868 -2.32629
4.6215 -2 1.31791 -2.32621
4.6271 -2 1.31738 -2.32659
4.62866 -2 1.31688 -2.32664
4.63011 -2 1.31624 -2.32645
4.65099 -2 1.3126 -2.32725
4.65261 -2 1.31196 -2.32705
4.65296 -2 1.31229 -2.32747
4.65322 -2 1.31234 -2.32739
4.65449 -2 1.3121 -2.32743
4.65664 -2 1.31161 -2.32761
4.66054 -2 1.31095 -2.3275
4.66513 -2 1.30958 -2.32739
4.66565 -2 1.30996 -2.32773
4.66607 -2 1.30934 -2.32742
4.66967 -2 1.30884 -2.32775
4.67192 -2 1.30875 -2.32782
4.67587 -2 1.30764 -2.32792
4.67853 -2 1.30696 -2.32776
4.68426 -2 1.30639 -2.32824
4.68439 -2 1.30637 -2.32815
4.68622 -2 1.30553 -2.32796
4.68868 -2 1.30505 -2.32803
4.69107 -2 1.30458 -2.3281
4.69142 -2 1.3049 -2.32852
4.69457 -2 1.30386 -2.3282
4.69628 -2 1.30334 -2.32827
4.69966 -2 1.30291 -2.32833
4.70929 -2 1.30138 -2.32771
4.71024 -2 1.3015 -2.32774
4.71093 -2 1.30088 -2.32744
4.71095 -2 1.30088 -2.32744
4.71131 -2 1.30122 -2.32771
4.7145 -2 1.3002 -2.32711
4.71781 -2 1.30013 -2.32701
4.71885 -2 1.29996 -2.32689
4.72049 -2 1.29929 -2.3268
4.72438 -2 1.2984 -2.32625
4.72453 -2 1.2984 -2.32625
4.72725 -2 1.29766 -2.32608
4.73065 -2 1.29727 -2.32571
4.73263 -2 1.29744 -2.3258
4.73635 -2 1.29677 -2.32548
4.73683 -2 1.29615 -2.32517
4.73831 -2 1.29592 -2.32507
4.7392 -2 1.2957 -2.32496
4.74362 -2 1.29546 -2.32474
4.74752 -2 1.29474 -2.32451
4.75454 -2 1.29271 -2.32371
4.75537 -2 1.29277 -2.32356
4.75697 -2 1.29252 -2.32353
4.76053 -2 1.29187 -2.32313
4.76189 -2 1.29165 -2.32302
4.76205 -2 1.29183 -2.32342
4.76224 -2 1.29209 -2.32312
4.76514 -2 1.29118 -2.32292
4.77074 -2 1.29025 -2.32266
4.77248 -2 1.29002 -2.32228
4.77573 -2 1.28951 -2.32211
4.77597 -2 1.28957 -2.32203
4.77806 -2 1.28869 -2.3217
4.78137 -2 1.28805 -2.3213
4.7815 -2 1.28805 -2.3213
4.78213 -2 1.28844 -2.3215
4.78243 -2 1.28822 -2.32142
4.78535 -2 1.28737 -2.32098
4.7876 -2 1.28692 -2.32076
4.79091 -2 1.28686 -2.32074
4.79238 -2 1.2863 -2.3205
4.79525 -2 1.28557 -2.32011
4.79591 -2 1.28596 -2.32031
4.79763 -2 1.28512 -2.3199
4.80242 -2 1.28422 -2.31947
4.80294 -2 1.2846 -2.31978
4.81253 -2 1.28242 -2.31861
4.81461 -2 1.2825 -2.31851
4.81761 -2 1.28152 -2.31818
4.81928 -2 1.28173 -2.31817
4.82479 -2 1.28017 -2.31753
4.82598 -2 1.27994 -2.31742
4.82786 -2 1.28006 -2.31759
4.83112 -2 1.27904 -2.31699
4.83521 -2 1.27855 -2.31706
4.83593 -2 1.27814 -2.31656
4.83826 -2 1.27797 -2.31651
4.84094 -2 1.27724 -2.31613
4.84368 -2 1.27679 -2.31591
4.84392 -2 1.27713 -2.31619
4.85287 -2 1.27561 -2.31536
4.85361 -2 1.27499 -2.31505
4.854 -2 1.27543 -2.31516
4.85968 -2 1.27386 -2.31452
4.86094 -2 1.27364 -2.31441
4.86855 -2 1.27229 -2.31376
4.87201 -2 1.27161 -2.31344
4.87703 -2 1.27071 -2.31301
4.87706 -2 1.27071 -2.31301
4.8777 -2 1.27111 -2.31321
4.87845 -2 1.27049 -2.3129
4.88198 -2 1.26981 -2.31258
4.88373 -2 1.27003 -2.31257
4.88375 -2 1.27003 -2.31257
4.88447 -2 1.26936 -2.31236
4.88911 -2 1.26874 -2.3121
4.8912 -2 1.26868 -2.31193
4.89177 -2 1.26801 -2.31172
4.89361 -2 1.26822 -2.31167
4.89732 -2 1.26754 -2.31135
4.89776 -2 1.26729 -2.31141
4.91215 -2 1.26475 -2.31027
4.91383 -2 1.26449 -2.30989
4.91592 -2 1.26417 -2.30973
4.91717 -2 1.26394 -2.30963
4.92136 -2 1.26289 -2.3093
4.92169 -2 1.26261 -2.30913
4.92245 -2 1.26299 -2.30925
4.92373 -2 1.26269 -2.30903
4.92429 -2 1.26216 -2.30892
4.92443 -2 1.26187 -2.30896
4.92575 -2 1.26211 -2.3092
4.92633 -2 1.26192 -2.30892
4.9324 -2 1.26112 -2.30828
4.93244 -2 1.26099 -2.30839
4.93739 -2 1.26022 -2.30785
4.94226 -2 1.25939 -2.30753
4.94586 -2 1.25873 -2.30728
4.94658 -2 1.25811 -2.30698
4.94716 -2 1.2585 -2.30718
4.94736 -2 1.25816 -2.30704
4.95046 -2 1.25715 -2.3067
4.95215 -2 1.2576 -2.30675
4.95787 -2 1.25605 -2.30609
4.95831 -2 1.25648 -2.30621
4.96904 -2 1.25377 -2.30508
4.96936 -2 1.25445 -2.30524
4.97633 -2 1.2527 -2.30439
4.97752 -2 1.25248 -2.30429
4.9806 -2 1.25242 -2.30427
4.98083 -2 1.25221 -2.3042
4.98291 -2 1.25201 -2.30392
4.98397 -2 1.25173 -2.30406
4.98509 -2 1.25113 -2.30364
4.98526 -2 1.25131 -2.30404
4.98716 -2 1.25068 -2.30342
4.99061 -2 1.25061 -2.30333
5.00074 -2 1.24845 -2.30238
5.00911 -2 1.2477 -2.30058
5.01019 -2 1.24757 -2.30017
5.012 -2 1.24675 -2.29973
5.01902 -2 1.24638 -2.29842
5.02182 -2 1.24565 -2.2978
5.02362 -2 1.24505 -2.29718
5.02427 -2 1.24538 -2.2972
5.0377 -2 1.24392 -2.29438
5.03851 -2 1.24307 -2.29395
5.04125 -2 1.24347 -2.29347
5.04257 -2 1.24326 -2.2933
5.04423 -2 1.24247 -2.29272
5.04564 -2 1.24231 -2.29245
5.04859 -2 1.24238 -2.29203
5.05112 -2 1.24215 -2.29131
5.05576 -2 1.24099 -2.2903
5.05905 -2 1.2405 -2.28949
5.06004 -2 1.24095 -2.28952
5.06017 -2 1.24074 -2.28945
5.06129 -2 1.24078 -2.28917
5.06331 -2 1.23978 -2.28856
5.06561 -2 1.23968 -2.28814
5.06646 -2 1.23972 -2.28809
5.06848 -2 1.23984 -2.2875
5.0711 -2 1.23947 -2.2871
5.07132 -2 1.23926 -2.28702
5.07264 -2 1.23897 -2.28669
5.07292 -2 1.23869 -2.28652
5.07401 -2 1.23852 -2.28625
5.0761 -2 1.23881 -2.28602
5.07721 -2 1.23869 -2.28565
5.07793 -2 1.23803 -2.28544
5.07887 -2 1.23808 -2.2854
5.08125 -2 1.23794 -2.28487
5.0916 -2 1.23622 -2.28248
5.09197 -2 1.23662 -2.28259
5.09376 -2 1.23589 -2.28194
5.09783 -2 1.2354 -2.28113
5.09882 -2 1.23523 -2.28086
5.09991 -2 1.23535 -2.28076
5.10091 -2 1.23552 -2.28062
5.10283 -2 1.23474 -2.28005
5.10443 -2 1.23506 -2.27968
5.10521 -2 1.23441 -2.27951
5.10827 -2 1.23453 -2.27901
5.1128 -2 1.23342 -2.27789
5.11391 -2 1.23326 -2.27762
5.1149 -2 1.23309 -2.27735
5.11535 -2 1.23312 -2.27727
5.12011 -2 1.23243 -2.27627
5.12394 -2 1.23194 -2.27547
5.12413 -2 1.23218 -2.2757
5.13022 -2 1.23115 -2.27404
5.13103 -2 1.23095 -2.27385
5.136 -2 1.23029 -2.27277
5.14788 -2 1.22931 -2.27028
5.15149 -2 1.22872 -2.26965
5.15287 -2 1.22866 -2.2692
5.15368 -2 1.22799 -2.26899
5.15565 -2 1.22806 -2.26869
5.15604 -2 1.22766 -2.26846
5.15651 -2 1.22815 -2.26836
5.16411 -2 1.22713 -2.26687
5.16435 -2 1.22691 -2.2668
5.16553 -2 1.22688 -2.26641
5.17163 -2 1.22614 -2.26526
5.17821 -2 1.2247 -2.2636
5.18228 -2 1.2242 -2.26279
5.18302 -2 1.22425 -2.26275
5.18318 -2 1.22404 -2.26252
5.18462 -2 1.22388 -2.26225
5.18629 -2 1.22421 -2.26192
5.18985 -2 1.22346 -2.26141
5.19261 -2 1.22334 -2.26067
5.20113 -2 1.22227 -2.2586
5.20313 -2 1.22162 -2.25794
5.20315 -2 1.22162 -2.25794
5.21762 -2 1.2212 -2.25354
5.21823 -2 1.22067 -2.25342
5.23201 -2 1.22003 -2.24952
5.23536 -2 1.21955 -2.24815
5.23925 -2 1.21931 -2.24702
5.24453 -2 1.21949 -2.24542
5.24533 -2 1.21892 -2.24514
5.2457 -2 1.21932 -2.24526
5.24578 -2 1.21941 -2.24504
5.25684 -2 1.2186 -2.24187
5.25929 -2 1.21828 -2.24123
5.2656 -2 1.21805 -2.23923
5.26636 -2 1.21756 -2.23874
5.2675 -2 1.21748 -2.23836
5.27112 -2 1.21725 -2.23724
5.27298 -2 1.21757 -2.23697
5.27503 -2 1.21701 -2.23611
5.27867 -2 1.21677 -2.23498
5.27875 -2 1.21677 -2.23498
5.29011 -2 1.21605 -2.23159
5.29084 -2 1.21625 -2.23138
5.29369 -2 1.21581 -2.23046
5.29391 -2 1.21585 -2.23038
5.30529 -2 1.21559 -2.22697
5.31047 -2 1.21532 -2.22549
5.31847 -2 1.21422 -2.22293
5.33121 -2 1.21367 -2.2194
5.33236 -2 1.21312 -2.21867
5.33336 -2 1.21327 -2.21841
5.33605 -2 1.21314 -2.21758
5.33699 -2 1.21303 -2.21728
5.33991 -2 1.21311 -2.21676
5.34922 -2 1.21224 -2.21352
5.35998 -2 1.21214 -2.21043
5.36037 -2 1.21152 -2.21013
5.36143 -2 1.21205 -2.20998
5.36206 -2 1.21144 -2.20975
5.36486 -2 1.21178 -2.20894
5.36794 -2 1.21104 -2.20787
5.36986 -2 1.21146 -2.20743
5.37456 -2 1.21109 -2.20614
5.37855 -2 1.21091 -2.2048
5.39059 -2 1.20961 -2.20109
5.39251 -2 1.20986 -2.20057
5.39366 -2 1.20998 -2.20019
5.40733 -2 1.20976 -2.19534
5.42039 -2 1.20992 -2.19018
5.42458 -2 1.21059 -2.18874
5.43255 -2 1.21042 -2.18541
5.44198 -2 1.21132 -2.18187
5.4471 -2 1.2112 -2.17987
5.46304 -2 1.21223 -2.1737
5.47164 -2 1.2126 -2.1703
5.4772 -2 1.21232 -2.16795
5.47746 -2 1.2121 -2.16783
5.47909 -2 1.21292 -2.16739
5.48107 -2 1.21248 -2.16649
5.4813 -2 1.21288 -2.16661
5.48171 -2 1.21301 -2.16634
5.48822 -2 1.2128 -2.16358
5.4933 -2 1.21301 -2.16164
5.49544 -2 1.21326 -2.16095
5.4974 -2 1.21357 -2.1603
5.50403 -2 1.21396 -2.15761
5.50721 -2 1.21337 -2.15618
5.50926 -2 1.2137 -2.15534
5.53782 -2 1.21492 -2.14418
5.54459 -2 1.21558 -2.14187
5.5527 -2 1.21555 -2.13836
5.55354 -2 1.21609 -2.13829
5.5557 -2 1.21606 -2.1375
5.55637 -2 1.21571 -2.1369
5.55761 -2 1.21576 -2.13642
5.55909 -2 1.21581 -2.13593
5.56815 -2 1.21659 -2.13265
5.57238 -2 1.21661 -2.13082
5.57241 -2 1.2164 -2.13059
5.5734 -2 1.21694 -2.13052
5.58151 -2 1.21677 -2.1272
5.59553 -2 1.21785 -2.1218
5.59902 -2 1.21795 -2.12056
5.60377 -2 1.21772 -2.11847
5.60558 -2 1.21831 -2.11791
5.62238 -2 1.21851 -2.11119
5.63198 -2 1.21894 -2.10731
5.63295 -2 1.21946 -2.10716
5.63456 -2 1.21904 -2.10634
5.63941 -2 1.21925 -2.1044
5.64522 -2 1.22001 -2.10239
5.65398 -2 1.22038 -2.09899
5.65706 -2 1.21999 -2.09761
5.66289 -2 1.22047 -2.0954
5.66925 -2 1.22052 -2.09275
5.67379 -2 1.22122 -2.09123
5.6741 -2 1.22073 -2.09081
5.67526 -2 1.22093 -2.09061
5.67526 -2 1.22093 -2.09061
5.67709 -2 1.22061 -2.08972
5.67794 -2 1.22089 -2.08936
5.68303 -2 1.2211 -2.08742
5.68807 -2 1.22132 -2.08548
5.68889 -2 1.22152 -2.08527
5.69596 -2 1.22213 -2.08251
5.70143 -2 1.22229 -2.08002
5.70734 -2 1.22408 -2.0776
5.70805 -2 1.2239 -2.0771
5.71726 -2 1.2266 -2.07305
5.72266 -2 1.22765 -2.07037
5.72472 -2 1.22849 -2.06965
5.73589 -2 1.23133 -2.06454
5.74371 -2 1.233 -2.06072
5.74422 -2 1.23341 -2.06083
5.74492 -2 1.23332 -2.06015
5.75433 -2 1.23607 -2.05611
5.75528 -2 1.23608 -2.05584
5.76492 -2 1.23836 -2.05107
5.77052 -2 1.24016 -2.04873
5.77455 -2 1.24088 -2.04653
5.78573 -2 1.24372 -2.04142
5.7914 -2 1.24547 -2.03905
5.79194 -2 1.24529 -2.03858
5.81865 -2 1.2524 -2.02656
5.82025 -2 1.25268 -2.02583
5.83224 -2 1.25578 -2.02053
5.8367 -2 1.25664 -2.01814
5.83702 -2 1.25667 -2.01806
5.83787 -2 1.25695 -2.01757
5.83892 -2 1.25741 -2.01728
5.87179 -2 1.26523 -2.00213
5.87263 -2 1.26577 -2.00168
5.88974 -2 1.27045 -1.99407
5.89089 -2 1.27071 -1.99358
5.89682 -2 1.27226 -1.99083
5.90311 -2 1.27387 -1.98799
5.91613 -2 1.2768 -1.98181
5.92297 -2 1.27892 -1.9789
5.94285 -2 1.28396 -1.96982
5.94399 -2 1.28423 -1.96926
5.95578 -2 1.28688 -1.96365
5.97326 -2 1.29129 -1.9557
5.98907 -2 1.29539 -1.94832
6.00346 -2 1.29936 -1.94202
6.01792 -2 1.30264 -1.93526
6.02147 -2 1.30358 -1.93356
6.03767 -2 1.30768 -1.92618
6.04163 -2 1.30865 -1.9244
6.04282 -2 1.30894 -1.92391
6.06692 -2 1.31546 -1.91305
6.06774 -2 1.31568 -1.91271
6.0927 -2 1.32203 -1.90111
6.09459 -2 1.32217 -1.90007
6.11759 -2 1.33302 -1.89064
6.15202 -2 1.34983 -1.87625
6.16832 -2 1.35916 -1.86971
6.16952 -2 1.35971 -1.86942
6.17366 -2 1.36168 -1.86751
6.18822 -2 1.36938 -1.8616
6.2004 -2 1.37537 -1.85666
6.21712 -2 1.38401 -1.84965
6.22038 -2 1.38586 -1.84853
6.22986 -2 1.39024 -1.84428
6.24016 -2 1.3959 -1.8405
6.24789 -2 1.40003 -1.83714
6.26316 -2 1.40746 -1.83053
6.26871 -2 1.41073 -1.82867
6.2693 -2 1.41065 -1.82798
6.30187 -2 1.42723 -1.81474
6.30321 -2 1.42787 -1.81423
6.31116 -2 1.43256 -1.81116
6.32345 -2 1.43893 -1.80607
6.32498 -2 1.43962 -1.8054
6.33116 -2 1.44281 -1.80286
6.37325 -2 1.46443 -1.78561
6.37936 -2 1.46763 -1.78315
6.38961 -2 1.47251 -1.77857
6.42529 -2 1.49685 -1.76961
6.44001 -2 1.50781 -1.76673
6.44592 -2 1.51128 -1.76539
6.45846 -2 1.52136 -1.76322
6.471 -2 1.53062 -1.76057
6.47322 -2 1.53202 -1.76024
6.5218 -2 1.56799 -1.75048
6.52223 -2 1.56801 -1.75019
6.57114 -2 1.60343 -1.7405
6.58438 -2 1.61342 -1.73765
6.58557 -2 1.61433 -1.7374
6.59702 -2 1.62254 -1.73518
6.60817 -2 1.63076 -1.73297
6.64387 -2 1.65721 -1.72582
6.72686 -2 1.71834 -1.70931
6.80186 -2 1.77407 -1.69579
6.8084 -2 1.77944 -1.69665
6.87748 -2 1.83583 -1.70991
6.93613 -2 1.88372 -1.72049
7.05907 -2 1.98399 -1.74325
7.08133 -2 2.00209 -1.74738
7.11457 -2 2.02951 -1.75382
7.12725 -2 2.03968 -1.75598
7.13115 -2 2.04254 -1.75681
7.15415 -2 2.06186 -1.7612
7.16694 -2 2.07208 -1.76339
7.23661 -2 2.12333 -1.78904
7.25017 -2 2.1325 -1.79627
7.52202 -2 2.30945 -1.94431
7.53983 -2 2.3172 -1.95775
7.6761 -2 2.37343 -2.05585
