1.68556 -2 0.137574 -1.89289
1.81017 -2 0.218251 -1.89239
1.82001 -2 0.224668 -1.89233
1.91011 -2 0.283035 -1.89162
2.06465 -2 0.382681 -1.89093
2.07875 -2 0.39212 -1.89065
2.10784 -2 0.410754 -1.89068
2.20399 -2 0.473132 -1.88993
2.21491 -2 0.479735 -1.89007
2.24788 -2 0.501391 -1.88987
2.29067 -2 0.528996 -1.88942
2.29976 -2 0.534893 -1.88938
2.31507 -2 0.544704 -1.88949
2.38723 -2 0.591226 -1.88908
2.39091 -2 0.593632 -1.88905
2.40415 -2 0.602455 -1.88898
2.41051 -2 0.606466 -1.88894
2.46597 -2 0.64256 -1.88862
2.46868 -2 0.644164 -1.8886
2.49834 -2 0.663414 -1.88843
2.50903 -2 0.670447 -1.88818
2.51765 -2 0.676062 -1.88813
2.55948 -2 0.702717 -1.88808
2.56066 -2 0.703519 -1.88808
2.56593 -2 0.707061 -1.88783
2.57175 -2 0.710738 -1.88801
2.57892 -2 0.715551 -1.88797
2.61166 -2 0.736405 -1.88779
2.62204 -2 0.743438 -1.88753
2.6277 -2 0.746832 -1.88769
2.65265 -2 0.762874 -1.88755
2.66208 -2 0.769291 -1.88749
2.66994 -2 0.774103 -1.88745
2.70537 -2 0.797364 -1.88724
2.70751 -2 0.798782 -1.88704
2.70958 -2 0.799771 -1.88722
2.73966 -2 0.819637 -1.88685
2.76055 -2 0.832656 -1.88693
2.76218 -2 0.834074 -1.88672
2.79791 -2 0.857335 -1.88652
2.80746 -2 0.863136 -1.88666
2.82982 -2 0.877574 -1.88653
2.84221 -2 0.885595 -1.88646
2.87771 -2 0.908855 -1.88625
2.88628 -2 0.914284 -1.88601
2.89161 -2 0.917679 -1.88617
2.89473 -2 0.919899 -1.88596
2.90138 -2 0.924095 -1.88612
2.91805 -2 0.934523 -1.88603
2.9199 -2 0.936127 -1.88601
2.93671 -2 0.946888 -1.8857
2.95692 -2 0.960003 -1.8856
2.95762 -2 0.96019 -1.8858
2.96125 -2 0.962596 -1.88578
2.96537 -2 0.965618 -1.88555
3.00369 -2 0.990483 -1.88533
3.01007 -2 0.994493 -1.8853
3.01311 -2 0.996284 -1.88548
3.01949 -2 1.00029 -1.88544
3.02973 -2 1.00733 -1.88518
3.03188 -2 1.00832 -1.88537
3.03601 -2 1.01134 -1.88515
3.03778 -2 1.01233 -1.88533
3.05153 -2 1.02115 -1.88526
3.06973 -2 1.03299 -1.88496
3.07393 -2 1.03559 -1.88513
3.07945 -2 1.03941 -1.8849
3.08152 -2 1.0404 -1.88508
3.0842 -2 1.042 -1.88507
3.08961 -2 1.04583 -1.88484
3.09527 -2 1.04922 -1.88501
3.10622 -2 1.05644 -1.88494
3.1064 -2 1.05644 -1.88494
3.10647 -2 1.05644 -1.88494
3.12165 -2 1.06668 -1.88466
3.12704 -2 1.07008 -1.88482
3.13049 -2 1.0723 -1.88461
3.13078 -2 1.07248 -1.8848
3.13655 -2 1.07631 -1.88457
3.14358 -2 1.0805 -1.88473
3.14498 -2 1.08131 -1.88472
3.14757 -2 1.08353 -1.88451
3.15577 -2 1.08852 -1.88466
3.16862 -2 1.09716 -1.88439
3.17249 -2 1.09957 -1.88436
3.17562 -2 1.10136 -1.88454
3.18014 -2 1.10438 -1.88432
3.19422 -2 1.11339 -1.88444
3.1976 -2 1.1158 -1.88441
3.19771 -2 1.1158 -1.88441
3.1985 -2 1.11641 -1.88422
3.20163 -2 1.1182 -1.88439
3.20461 -2 1.12042 -1.88418
3.2139 -2 1.12622 -1.88432
3.21644 -2 1.12783 -1.88431
3.22471 -2 1.13326 -1.88407
3.24289 -2 1.14467 -1.88416
3.24416 -2 1.14547 -1.88415
3.24437 -2 1.14609 -1.88395
3.25317 -2 1.1517 -1.8839
3.25754 -2 1.1543 -1.88407
3.25956 -2 1.1559 -1.88406
3.26075 -2 1.15652 -1.88386
3.26096 -2 1.1567 -1.88405
3.26194 -2 1.15732 -1.88385
3.26827 -2 1.16152 -1.88401
3.2687 -2 1.16152 -1.88401
3.27175 -2 1.16374 -1.88379
3.27775 -2 1.16775 -1.88376
3.27836 -2 1.16793 -1.88395
3.27916 -2 1.16855 -1.88375
3.28524 -2 1.17256 -1.88372
3.28694 -2 1.17355 -1.8839
3.295 -2 1.17836 -1.88386
3.30829 -2 1.18284 -1.88657
3.32043 -2 1.18418 -1.89078
3.33068 -2 1.18525 -1.89416
3.34152 -2 1.18646 -1.89795
3.34641 -2 1.187 -1.89964
3.34694 -2 1.187 -1.89964
3.35062 -2 1.1874 -1.9009
3.36098 -2 1.18842 -1.90451
3.36244 -2 1.18855 -1.90493
3.363 -2 1.18874 -1.90512
3.36497 -2 1.18901 -1.90596
3.36798 -2 1.18928 -1.90681
3.36839 -2 1.18923 -1.90704
3.37577 -2 1.19003 -1.90957
3.3795 -2 1.19043 -1.91083
3.38618 -2 1.19129 -1.91313
3.38641 -2 1.19129 -1.91313
3.3964 -2 1.19236 -1.91651
3.40021 -2 1.19276 -1.91777
3.40513 -2 1.1933 -1.91946
3.41487 -2 1.19437 -1.92283
3.41704 -2 1.19446 -1.92348
3.42103 -2 1.19504 -1.92494
3.43058 -2 1.19593 -1.92812
3.43335 -2 1.19639 -1.92916
3.44707 -2 1.19786 -1.93379
3.4532 -2 1.19853 -1.9359
3.46826 -2 1.20014 -1.94096
3.47851 -2 1.20121 -1.94434
3.4834 -2 1.20175 -1.94602
3.49063 -2 1.20255 -1.94855
3.49148 -2 1.20269 -1.94897
3.49205 -2 1.20269 -1.94897
3.49648 -2 1.20322 -1.95066
3.49885 -2 1.20331 -1.95131
3.50152 -2 1.20376 -1.95235
3.50563 -2 1.20416 -1.95361
3.5088 -2 1.20457 -1.95488
3.51071 -2 1.2047 -1.9553
3.52352 -2 1.20599 -1.95974
3.52803 -2 1.20658 -1.9612
3.53307 -2 1.20711 -1.96289
3.53381 -2 1.20725 -1.96331
3.53685 -2 1.20718 -1.96437
3.54267 -2 1.20819 -1.96626
3.55095 -2 1.20894 -1.96902
3.55399 -2 1.20939 -1.97006
3.55689 -2 1.20961 -1.97113
3.58479 -2 1.21275 -1.9806
3.58534 -2 1.21269 -1.98083
3.5858 -2 1.21288 -1.98102
3.58836 -2 1.21315 -1.98186
3.59514 -2 1.21348 -1.98419
3.5996 -2 1.21436 -1.98566
3.60169 -2 1.21444 -1.98631
3.60307 -2 1.21476 -1.98692
3.60486 -2 1.21489 -1.98735
3.60952 -2 1.21543 -1.98903
3.61505 -2 1.21591 -1.99095
3.6174 -2 1.21623 -1.99156
3.61825 -2 1.21637 -1.99198
3.61962 -2 1.2165 -1.99241
3.62049 -2 1.21664 -1.99283
3.62177 -2 1.21677 -1.99325
3.62633 -2 1.21712 -1.99474
3.62983 -2 1.21757 -1.99578
3.63185 -2 1.21784 -1.99662
3.6319 -2 1.21784 -1.99662
3.63326 -2 1.21798 -1.99704
3.63349 -2 1.21798 -1.99704
3.63828 -2 1.21851 -1.99873
3.64364 -2 1.219 -2.00065
3.64638 -2 1.21926 -2.00149
3.65015 -2 1.21967 -2.00275
3.65298 -2 1.22012 -2.00379
3.66722 -2 1.22154 -2.00866
3.66872 -2 1.22168 -2.00908
3.66985 -2 1.22181 -2.0095
3.67054 -2 1.222 -2.00969
3.67207 -2 1.22208 -2.01034
3.67217 -2 1.22208 -2.01034
3.67782 -2 1.2228 -2.01222
3.68247 -2 1.22334 -2.01391
3.69473 -2 1.2245 -2.01793
3.69959 -2 1.22503 -2.01962
3.70044 -2 1.22522 -2.01981
3.70243 -2 1.22549 -2.02066
3.70348 -2 1.22562 -2.02108
3.71898 -2 1.22723 -2.02614
3.72082 -2 1.22731 -2.02679
3.72272 -2 1.22763 -2.0274
3.72274 -2 1.22763 -2.0274
3.72596 -2 1.22803 -2.02867
3.72598 -2 1.22803 -2.02867
3.72944 -2 1.22825 -2.02974
3.73188 -2 1.22852 -2.03058
3.73228 -2 1.2287 -2.03078
3.73349 -2 1.22884 -2.0312
3.74161 -2 1.22959 -2.03396
3.74586 -2 1.23018 -2.03542
3.74867 -2 1.23045 -2.03626
3.7515 -2 1.23066 -2.03733
3.75176 -2 1.23066 -2.03733
3.75235 -2 1.23085 -2.03752
3.75566 -2 1.23125 -2.03879
3.76103 -2 1.23179 -2.04048
3.76187 -2 1.23192 -2.0409
3.76533 -2 1.23214 -2.04197
3.76764 -2 1.23241 -2.04281
3.77357 -2 1.23313 -2.04469
3.78043 -2 1.23393 -2.04722
3.78083 -2 1.23393 -2.04722
3.78158 -2 1.23388 -2.04745
3.78523 -2 1.23428 -2.04872
3.79414 -2 1.23541 -2.05186
3.79526 -2 1.23554 -2.05228
3.7959 -2 1.23554 -2.05228
3.80017 -2 1.23589 -2.05378
3.80465 -2 1.23648 -2.05523
3.80608 -2 1.23656 -2.05588
3.81119 -2 1.2371 -2.05757
3.81507 -2 1.2375 -2.05884
3.81614 -2 1.23764 -2.05926
3.82236 -2 1.23831 -2.06137
3.82387 -2 1.23863 -2.06198
3.83079 -2 1.23925 -2.06432
3.83802 -2 1.2401 -2.06662
3.83891 -2 1.24024 -2.06704
3.84377 -2 1.24077 -2.06873
3.84402 -2 1.24077 -2.06873
3.84509 -2 1.24091 -2.06915
3.85627 -2 1.24211 -2.07294
3.85645 -2 1.24211 -2.07294
3.86077 -2 1.24247 -2.07444
3.86666 -2 1.24319 -2.07632
3.86811 -2 1.24327 -2.07697
3.87401 -2 1.24399 -2.07885
3.87765 -2 1.24439 -2.08011
3.87844 -2 1.24453 -2.08053
3.88116 -2 1.2448 -2.08138
3.8833 -2 1.24507 -2.08222
3.8871 -2 1.24547 -2.08349
3.89164 -2 1.24582 -2.08498
3.89676 -2 1.24635 -2.08667
3.9032 -2 1.24721 -2.08897
3.90601 -2 1.24748 -2.08981
3.91058 -2 1.24802 -2.0915
3.91263 -2 1.2481 -2.09215
3.91334 -2 1.24828 -2.09234
3.91445 -2 1.24842 -2.09276
3.91538 -2 1.24837 -2.09299
3.91877 -2 1.24849 -2.09424
3.91966 -2 1.24895 -2.09445
3.92084 -2 1.24909 -2.09487
3.92295 -2 1.24917 -2.09552
3.92443 -2 1.24949 -2.09614
3.92474 -2 1.24949 -2.09614
3.92598 -2 1.24962 -2.09656
3.93259 -2 1.25024 -2.09889
3.93532 -2 1.25051 -2.09974
3.93671 -2 1.25083 -2.10035
3.93845 -2 1.25097 -2.10077
3.94045 -2 1.25123 -2.10162
3.94069 -2 1.25123 -2.10162
3.94332 -2 1.2515 -2.10246
3.94491 -2 1.25158 -2.10311
3.94734 -2 1.25185 -2.10395
3.95577 -2 1.25284 -2.10668
3.95951 -2 1.25325 -2.10794
3.96306 -2 1.25365 -2.10921
3.96771 -2 1.25418 -2.11089
3.96884 -2 1.25413 -2.11112
3.97026 -2 1.25445 -2.11174
3.97796 -2 1.25526 -2.11427
3.97924 -2 1.25539 -2.11469
3.98409 -2 1.25593 -2.11638
3.9852 -2 1.25606 -2.1168
3.98905 -2 1.25646 -2.11806
3.99109 -2 1.25655 -2.11871
3.99321 -2 1.25681 -2.11956
3.99567 -2 1.2568 -2.12038
3.99589 -2 1.25708 -2.1204
3.99684 -2 1.25727 -2.12059
4.0015 -2 1.25781 -2.12228
4.00466 -2 1.25802 -2.12335
4.00527 -2 1.25821 -2.12354
4.00921 -2 1.25861 -2.12481
4.01037 -2 1.25874 -2.12523
4.01719 -2 1.25936 -2.12757
4.01938 -2 1.25963 -2.12841
4.02008 -2 1.25982 -2.1286
4.02081 -2 1.25976 -2.12883
4.02193 -2 1.2599 -2.12925
4.02473 -2 1.26035 -2.13029
4.02794 -2 1.26057 -2.13136
4.02825 -2 1.26057 -2.13136
4.0296 -2 1.2607 -2.13178
4.0367 -2 1.26151 -2.13431
4.04092 -2 1.2621 -2.13577
4.04256 -2 1.26223 -2.13619
4.04753 -2 1.26277 -2.13788
4.05455 -2 1.26357 -2.14041
4.05483 -2 1.26357 -2.14041
4.05622 -2 1.26371 -2.14083
4.06546 -2 1.26459 -2.14401
4.06585 -2 1.26478 -2.14421
4.06741 -2 1.26491 -2.14463
4.07092 -2 1.26532 -2.14589
4.07136 -2 1.26526 -2.14612
4.07407 -2 1.26553 -2.14696
4.0761 -2 1.26585 -2.14758
4.07851 -2 1.26612 -2.14842
4.07852 -2 1.26612 -2.14842
4.07882 -2 1.26607 -2.14865
4.07931 -2 1.26625 -2.14884
4.08062 -2 1.26639 -2.14927
4.08088 -2 1.26639 -2.14927
4.09863 -2 1.26821 -2.1554
4.10107 -2 1.2682 -2.15623
4.10294 -2 1.2688 -2.15685
4.10396 -2 1.26875 -2.15708
4.10566 -2 1.26907 -2.1577
4.10887 -2 1.26929 -2.15877
4.10892 -2 1.26929 -2.15877
4.11224 -2 1.26969 -2.16004
4.11403 -2 1.27001 -2.16065
4.12072 -2 1.27068 -2.16276
4.12413 -2 1.27108 -2.16402
4.12749 -2 1.2713 -2.1651
4.13485 -2 1.2721 -2.16763
4.14141 -2 1.27296 -2.16993
4.14189 -2 1.27296 -2.16993
4.14362 -2 1.27304 -2.17058
4.14429 -2 1.27323 -2.17077
4.14764 -2 1.27363 -2.17203
4.14868 -2 1.27376 -2.17246
4.15772 -2 1.2747 -2.17541
4.16179 -2 1.2751 -2.17667
4.1687 -2 1.27591 -2.1792
4.1735 -2 1.27645 -2.18089
4.174 -2 1.27645 -2.18089
4.18268 -2 1.27738 -2.18384
4.18499 -2 1.27765 -2.18468
4.18526 -2 1.27765 -2.18468
4.18892 -2 1.27805 -2.18595
4.18907 -2 1.27805 -2.18595
4.19037 -2 1.27814 -2.1866
4.1915 -2 1.27832 -2.18679
4.19177 -2 1.27827 -2.18702
4.19364 -2 1.27859 -2.18764
4.19832 -2 1.27913 -2.18932
4.20454 -2 1.2798 -2.19143
4.20597 -2 1.27993 -2.19185
4.21325 -2 1.28074 -2.19438
4.22126 -2 1.28154 -2.19691
4.22615 -2 1.28208 -2.1986
4.22652 -2 1.28203 -2.19883
4.22833 -2 1.28235 -2.19944
4.23075 -2 1.28261 -2.20029
4.23597 -2 1.28315 -2.20197
4.23873 -2 1.28337 -2.20305
4.2394 -2 1.28355 -2.20324
4.24173 -2 1.28382 -2.20408
4.24296 -2 1.28396 -2.2045
4.24312 -2 1.28396 -2.2045
4.24506 -2 1.28404 -2.20515
4.24593 -2 1.28422 -2.20535
4.2468 -2 1.28436 -2.20577
4.25575 -2 1.2853 -2.20872
4.26151 -2 1.28597 -2.21083
4.26253 -2 1.28592 -2.21106
4.26695 -2 1.2865 -2.21251
4.27081 -2 1.28691 -2.21378
4.27135 -2 1.28685 -2.21401
4.27158 -2 1.28704 -2.2142
4.27167 -2 1.28704 -2.2142
4.2758 -2 1.28744 -2.21547
4.27957 -2 1.28784 -2.21673
4.27994 -2 1.28779 -2.21696
4.28205 -2 1.28811 -2.21757
4.28235 -2 1.28806 -2.2178
4.28368 -2 1.28819 -2.21823
4.28662 -2 1.28865 -2.21926
4.28788 -2 1.28878 -2.21968
4.28833 -2 1.28873 -2.21991
4.28878 -2 1.28892 -2.2201
4.29377 -2 1.28945 -2.22179
4.29396 -2 1.28945 -2.22179
4.29447 -2 1.28945 -2.22179
4.29674 -2 1.28972 -2.22263
4.29893 -2 1.28999 -2.22348
4.30115 -2 1.29007 -2.22413
4.30128 -2 1.29026 -2.22432
4.30674 -2 1.29079 -2.22601
4.3091 -2 1.29106 -2.22685
4.31275 -2 1.29147 -2.22812
4.31445 -2 1.29155 -2.22877
4.31627 -2 1.29187 -2.22938
4.31702 -2 1.29182 -2.22961
4.32431 -2 1.29262 -2.23214
4.32462 -2 1.29262 -2.23214
4.32593 -2 1.29275 -2.23256
4.32733 -2 1.29307 -2.23318
4.33213 -2 1.29342 -2.23467
4.33356 -2 1.29375 -2.23528
4.33458 -2 1.29369 -2.23551
4.3378 -2 1.29415 -2.23655
4.34009 -2 1.29442 -2.23739
4.34039 -2 1.29408 -2.23761
4.344 -2 1.29482 -2.23866
4.34414 -2 1.29477 -2.23889
4.34482 -2 1.29495 -2.23908
4.34854 -2 1.29535 -2.24034
4.35014 -2 1.29549 -2.24077
4.35234 -2 1.29576 -2.24161
4.35312 -2 1.2957 -2.24184
4.35373 -2 1.29589 -2.24203
4.35558 -2 1.29597 -2.24268
4.35721 -2 1.29629 -2.2433
4.35803 -2 1.29624 -2.24353
4.35812 -2 1.29624 -2.24353
4.36011 -2 1.29656 -2.24414
4.36063 -2 1.29651 -2.24437
4.36133 -2 1.2967 -2.24456
4.36162 -2 1.29664 -2.24479
4.36491 -2 1.2971 -2.24583
4.36716 -2 1.29737 -2.24667
4.36796 -2 1.29731 -2.2469
4.36901 -2 1.29745 -2.24732
4.37122 -2 1.29777 -2.24793
4.37128 -2 1.29777 -2.24793
4.37235 -2 1.2979 -2.24836
4.37458 -2 1.29817 -2.2492
4.37673 -2 1.29825 -2.24985
4.37673 -2 1.29825 -2.24985
4.37908 -2 1.29852 -2.25069
4.37952 -2 1.29871 -2.25089
4.3824 -2 1.29898 -2.25173
4.38447 -2 1.29924 -2.25257
4.38493 -2 1.29924 -2.25257
4.38712 -2 1.29951 -2.25342
4.3874 -2 1.29951 -2.25342
4.38857 -2 1.29965 -2.25384
4.38892 -2 1.29959 -2.25407
4.38893 -2 1.29959 -2.25407
4.39089 -2 1.29991 -2.25468
4.39217 -2 1.30005 -2.2551
4.3948 -2 1.30032 -2.25595
4.39492 -2 1.29998 -2.25616
4.39934 -2 1.30085 -2.25763
4.40377 -2 1.3012 -2.25913
4.40398 -2 1.3012 -2.25913
4.40489 -2 1.30134 -2.25955
4.40533 -2 1.30152 -2.25974
4.4058 -2 1.30152 -2.25974
4.40611 -2 1.30119 -2.25996
4.41063 -2 1.30206 -2.26143
4.41571 -2 1.3026 -2.26311
4.42273 -2 1.3034 -2.26564
4.42456 -2 1.30353 -2.26607
4.42479 -2 1.30348 -2.2663
4.42847 -2 1.30389 -2.26756
4.42966 -2 1.30374 -2.26797
4.43572 -2 1.30474 -2.26986
4.43661 -2 1.30488 -2.27028
4.44186 -2 1.30541 -2.27197
4.4447 -2 1.30563 -2.27304
4.44894 -2 1.30622 -2.2745
4.44925 -2 1.30622 -2.2745
4.44962 -2 1.30616 -2.27473
4.4515 -2 1.30649 -2.27534
4.4562 -2 1.30702 -2.27703
4.45667 -2 1.30702 -2.27703
4.4599 -2 1.30742 -2.27829
4.46346 -2 1.30764 -2.27937
4.46622 -2 1.30809 -2.2804
4.46651 -2 1.30809 -2.2804
4.47128 -2 1.30863 -2.28209
4.47236 -2 1.30876 -2.28251
4.47236 -2 1.30876 -2.28251
4.47431 -2 1.30857 -2.28315
4.47522 -2 1.30903 -2.28335
4.47533 -2 1.30903 -2.28335
4.47539 -2 1.30903 -2.28335
4.47579 -2 1.30898 -2.28358
4.47658 -2 1.30917 -2.28378
4.48217 -2 1.30965 -2.28569
4.4836 -2 1.30997 -2.28631
4.48362 -2 1.30997 -2.28631
4.48989 -2 1.31064 -2.28841
4.49147 -2 1.31078 -2.28884
4.49177 -2 1.31072 -2.28907
4.49259 -2 1.31091 -2.28926
4.49342 -2 1.31104 -2.28968
4.49623 -2 1.31131 -2.29052
4.50135 -2 1.31185 -2.29221
4.50228 -2 1.31198 -2.29263
4.50387 -2 1.31212 -2.29305
4.50463 -2 1.31225 -2.29347
4.50707 -2 1.31252 -2.29432
4.50736 -2 1.31252 -2.29432
4.50886 -2 1.31265 -2.29474
4.51081 -2 1.31292 -2.29558
4.51218 -2 1.31306 -2.296
4.5133 -2 1.31319 -2.29643
4.51378 -2 1.31319 -2.29643
4.51597 -2 1.31346 -2.29727
4.51769 -2 1.31326 -2.29791
4.52151 -2 1.31394 -2.29919
4.52161 -2 1.31394 -2.29919
4.52271 -2 1.31408 -2.29961
4.52358 -2 1.31426 -2.2998
4.52543 -2 1.31435 -2.30045
4.52592 -2 1.31453 -2.30064
4.52739 -2 1.31467 -2.30106
4.53012 -2 1.3146 -2.30212
4.53152 -2 1.31502 -2.30256
4.53254 -2 1.3152 -2.30275
4.53326 -2 1.31534 -2.30317
4.5354 -2 1.31542 -2.30382
4.53691 -2 1.31574 -2.30444
4.539 -2 1.31582 -2.30509
4.54141 -2 1.31609 -2.30593
4.5508 -2 1.31721 -2.30908
4.55197 -2 1.31735 -2.3095
4.55244 -2 1.31701 -2.30971
4.55299 -2 1.31748 -2.30992
4.55326 -2 1.31748 -2.30992
4.55735 -2 1.31788 -2.31118
4.56163 -2 1.31842 -2.31287
4.56246 -2 1.31837 -2.3131
4.56849 -2 1.31909 -2.31498
4.56927 -2 1.31923 -2.3154
4.57026 -2 1.31936 -2.31582
4.5705 -2 1.31936 -2.31582
4.57226 -2 1.31916 -2.31646
4.57437 -2 1.31976 -2.31709
4.57513 -2 1.31971 -2.31732
4.57639 -2 1.31984 -2.31774
4.57714 -2 1.32003 -2.31793
4.57813 -2 1.32016 -2.31835
4.58021 -2 1.32043 -2.3192
4.58036 -2 1.32043 -2.3192
4.58845 -2 1.32118 -2.32195
4.58875 -2 1.32118 -2.32195
4.58959 -2 1.32137 -2.32215
4.59147 -2 1.32164 -2.32299
4.59768 -2 1.32231 -2.3251
4.59908 -2 1.32244 -2.32552
4.60739 -2 1.32115 -2.32616
4.60774 -2 1.32096 -2.32597
4.61357 -2 1.31996 -2.32634
4.61482 -2 1.31972 -2.32638
4.61483 -2 1.31972 -2.32638
4.61647 -2 1.31929 -2.32622
4.61687 -2 1.31929 -2.32622
4.61931 -2 1.31882 -2.3263
4.61994 -2 1.31858 -2.32633
4.6215 -2 1.31834 -2.32637
4.6271 -2 1.31733 -2.32674
4.62866 -2 1.31691 -2.32659
4.63011 -2 1.31667 -2.32662
4.65099 -2 1.31262 -2.32724
4.65261 -2 1.31238 -2.32728
4.65296 -2 1.31233 -2.32751
4.65322 -2 1.31233 -2.32751
4.65449 -2 1.31209 -2.32754
4.65664 -2 1.31161 -2.32762
4.66054 -2 1.3109 -2.32773
4.66513 -2 1.31 -2.32764
4.66565 -2 1.30995 -2.32787
4.66607 -2 1.30976 -2.32768
4.66967 -2 1.30904 -2.32779
4.67192 -2 1.30857 -2.32786
4.67587 -2 1.30785 -2.32797
4.67853 -2 1.30738 -2.32804
4.68426 -2 1.30637 -2.32842
4.68439 -2 1.30618 -2.32822
4.68622 -2 1.30595 -2.32826
4.68868 -2 1.30547 -2.32833
4.69107 -2 1.30499 -2.32841
4.69142 -2 1.30494 -2.32863
4.69457 -2 1.30428 -2.32851
4.69628 -2 1.30371 -2.32877
4.69966 -2 1.30332 -2.32866
4.70929 -2 1.30657 -2.32813
4.71024 -2 1.3072 -2.32825
4.71093 -2 1.30702 -2.32805
4.71095 -2 1.30702 -2.32805
4.71131 -2 1.30765 -2.32817
4.7145 -2 1.30836 -2.32783
4.71781 -2 1.30971 -2.32761
4.71885 -2 1.31034 -2.32773
4.72049 -2 1.31061 -2.32747
4.72438 -2 1.31195 -2.32725
4.72453 -2 1.31195 -2.32725
4.72725 -2 1.31251 -2.32731
4.73065 -2 1.31419 -2.32688
4.73263 -2 1.31528 -2.32692
4.73635 -2 1.31662 -2.3267
4.73683 -2 1.31644 -2.32651
4.73831 -2 1.31688 -2.32644
4.7392 -2 1.31733 -2.32636
4.74362 -2 1.31931 -2.32626
4.74752 -2 1.32066 -2.32604
4.75454 -2 1.32238 -2.3257
4.75537 -2 1.32316 -2.32541
4.75697 -2 1.32361 -2.32533
4.76053 -2 1.32496 -2.32511
4.76189 -2 1.32541 -2.32504
4.76205 -2 1.32604 -2.32516
4.76224 -2 1.32604 -2.32516
4.76514 -2 1.32675 -2.32482
4.77074 -2 1.32918 -2.32465
4.77248 -2 1.32944 -2.32438
4.77573 -2 1.33097 -2.32435
4.77597 -2 1.33097 -2.32435
4.77806 -2 1.33124 -2.32409
4.78137 -2 1.33258 -2.32386
4.7815 -2 1.33258 -2.32386
4.78213 -2 1.33322 -2.32398
4.78243 -2 1.33303 -2.32379
4.78535 -2 1.33393 -2.32364
4.7876 -2 1.33482 -2.3235
4.79091 -2 1.33636 -2.32347
4.79238 -2 1.33662 -2.3232
4.79525 -2 1.33751 -2.32306
4.79591 -2 1.33815 -2.32318
4.79763 -2 1.33841 -2.32291
4.80242 -2 1.34021 -2.32262
4.80294 -2 1.34084 -2.32273
4.81253 -2 1.34379 -2.32203
4.81461 -2 1.34469 -2.32188
4.81761 -2 1.34559 -2.32173
4.81928 -2 1.34667 -2.32178
4.82479 -2 1.34828 -2.32129
4.82598 -2 1.34873 -2.32122
4.82786 -2 1.34981 -2.32127
4.83112 -2 1.35052 -2.32093
4.83521 -2 1.3525 -2.32082
4.83593 -2 1.35232 -2.32063
4.83826 -2 1.35321 -2.32048
4.84094 -2 1.35411 -2.32034
4.84368 -2 1.35501 -2.32019
4.84392 -2 1.35564 -2.32031
4.85287 -2 1.35878 -2.3198
4.85361 -2 1.35859 -2.3196
4.854 -2 1.35923 -2.31972
4.85968 -2 1.36084 -2.31924
4.86094 -2 1.36129 -2.31916
4.86855 -2 1.36398 -2.31872
4.87201 -2 1.36532 -2.3185
4.87703 -2 1.36712 -2.31821
4.87706 -2 1.36712 -2.31821
4.8777 -2 1.36775 -2.31833
4.87845 -2 1.36756 -2.31813
4.88198 -2 1.36891 -2.31791
4.88373 -2 1.36999 -2.31796
4.88375 -2 1.36999 -2.31796
4.88447 -2 1.36981 -2.31777
4.88911 -2 1.3716 -2.31747
4.8912 -2 1.37268 -2.31752
4.89177 -2 1.3725 -2.31732
4.89361 -2 1.37358 -2.31737
4.89732 -2 1.37493 -2.31715
4.89776 -2 1.37474 -2.31696
4.91215 -2 1.38031 -2.31627
4.91383 -2 1.38057 -2.316
4.91592 -2 1.38165 -2.31605
4.91717 -2 1.3821 -2.31597
4.92136 -2 1.38326 -2.31556
4.92169 -2 1.38326 -2.31556
4.92245 -2 1.38371 -2.31549
4.92373 -2 1.38416 -2.31541
4.92429 -2 1.38416 -2.31541
4.92443 -2 1.38382 -2.31563
4.92575 -2 1.38524 -2.31546
4.92633 -2 1.38506 -2.31527
4.9324 -2 1.3873 -2.3149
4.93244 -2 1.3873 -2.3149
4.93739 -2 1.38909 -2.31461
4.94226 -2 1.39089 -2.31431
4.94586 -2 1.39242 -2.31428
4.94658 -2 1.39223 -2.31409
4.94716 -2 1.39287 -2.31421
4.94736 -2 1.39268 -2.31402
4.95046 -2 1.39324 -2.31409
4.95215 -2 1.39466 -2.31392
4.95787 -2 1.39627 -2.31343
4.95831 -2 1.3969 -2.31355
4.96904 -2 1.39997 -2.31298
4.96936 -2 1.40094 -2.31289
4.97633 -2 1.403 -2.31233
4.97752 -2 1.40344 -2.31225
4.9806 -2 1.40498 -2.31223
4.98083 -2 1.40479 -2.31203
4.98291 -2 1.40587 -2.31208
4.98397 -2 1.40632 -2.31201
4.98509 -2 1.40613 -2.31181
4.98526 -2 1.40677 -2.31193
4.98716 -2 1.40703 -2.31167
4.99061 -2 1.40838 -2.31145
5.00074 -2 1.41197 -2.31086
5.00911 -2 1.41529 -2.31054
5.01019 -2 1.41574 -2.31046
5.012 -2 1.416 -2.3102
5.01902 -2 1.41888 -2.30995
5.02182 -2 1.41959 -2.30961
5.02362 -2 1.4197 -2.30975
5.02427 -2 1.42049 -2.30946
5.0377 -2 1.42561 -2.30885
5.03851 -2 1.42509 -2.30887
5.04125 -2 1.42695 -2.30863
5.04257 -2 1.4274 -2.30855
5.04423 -2 1.42766 -2.30829
5.04564 -2 1.42811 -2.30821
5.04859 -2 1.42964 -2.30818
5.05112 -2 1.43054 -2.30804
5.05576 -2 1.4317 -2.30762
5.05905 -2 1.43304 -2.3074
5.06004 -2 1.43368 -2.30752
5.06017 -2 1.43349 -2.30733
5.06129 -2 1.43394 -2.30726
5.06331 -2 1.43406 -2.3074
5.06561 -2 1.43529 -2.30704
5.06646 -2 1.43574 -2.30696
5.06848 -2 1.43682 -2.30701
5.0711 -2 1.43772 -2.30686
5.07132 -2 1.43753 -2.30667
5.07264 -2 1.43798 -2.3066
5.07292 -2 1.43798 -2.3066
5.07401 -2 1.43843 -2.30652
5.0761 -2 1.43951 -2.30657
5.07721 -2 1.43996 -2.30649
5.07793 -2 1.43977 -2.3063
5.07887 -2 1.44022 -2.30623
5.08125 -2 1.44112 -2.30608
5.0916 -2 1.44471 -2.30549
5.09197 -2 1.44534 -2.30561
5.09376 -2 1.4456 -2.30535
5.09783 -2 1.44695 -2.30513
5.09882 -2 1.4474 -2.30505
5.09991 -2 1.44784 -2.30498
5.10091 -2 1.44848 -2.3051
5.10283 -2 1.44874 -2.30483
5.10443 -2 1.44982 -2.30488
5.10521 -2 1.44964 -2.30468
5.10827 -2 1.45117 -2.30466
5.1128 -2 1.45233 -2.30424
5.11391 -2 1.45278 -2.30417
5.1149 -2 1.45323 -2.3041
5.11535 -2 1.45323 -2.3041
5.12011 -2 1.45502 -2.3038
5.12394 -2 1.45637 -2.30358
5.12413 -2 1.457 -2.3037
5.13022 -2 1.45861 -2.30322
5.13103 -2 1.45906 -2.30314
5.136 -2 1.46085 -2.30285
5.14788 -2 1.46552 -2.30231
5.15149 -2 1.46687 -2.30209
5.15287 -2 1.46732 -2.30201
5.15368 -2 1.46713 -2.30182
5.15565 -2 1.46803 -2.30167
5.15604 -2 1.46803 -2.30167
5.15651 -2 1.46866 -2.30179
5.16411 -2 1.47135 -2.30135
5.16435 -2 1.47117 -2.30116
5.16553 -2 1.47161 -2.30108
5.17163 -2 1.47404 -2.30091
5.17821 -2 1.4761 -2.30035
5.18228 -2 1.47745 -2.30013
5.18302 -2 1.47789 -2.30006
5.18318 -2 1.47789 -2.30006
5.18462 -2 1.47834 -2.29998
5.18629 -2 1.47943 -2.30003
5.18985 -2 1.48077 -2.29981
5.19261 -2 1.48167 -2.29966
5.20113 -2 1.48481 -2.29915
5.20313 -2 1.48507 -2.29888
5.20315 -2 1.48507 -2.29888
5.21762 -2 1.49045 -2.298
5.21823 -2 1.49045 -2.298
5.23201 -2 1.49602 -2.29731
5.23536 -2 1.49673 -2.29697
5.23925 -2 1.49808 -2.29675
5.24453 -2 1.5005 -2.29657
5.24533 -2 1.50032 -2.29638
5.2457 -2 1.50095 -2.2965
5.24578 -2 1.50095 -2.2965
5.25684 -2 1.50499 -2.29584
5.25929 -2 1.50589 -2.29569
5.2656 -2 1.50813 -2.29532
5.26636 -2 1.50794 -2.29513
5.2675 -2 1.50839 -2.29506
5.27112 -2 1.50974 -2.29484
5.27298 -2 1.51082 -2.29488
5.27503 -2 1.51108 -2.29462
5.27867 -2 1.51243 -2.2944
5.27875 -2 1.51243 -2.2944
5.29011 -2 1.51646 -2.29374
5.29084 -2 1.51691 -2.29366
5.29369 -2 1.51781 -2.29352
5.29391 -2 1.51781 -2.29352
5.30529 -2 1.52248 -2.29297
5.31047 -2 1.52428 -2.29268
5.31847 -2 1.52678 -2.29205
5.33121 -2 1.5319 -2.29143
5.33236 -2 1.53138 -2.29145
5.33336 -2 1.53216 -2.29116
5.33605 -2 1.53306 -2.29102
5.33699 -2 1.53351 -2.29094
5.33991 -2 1.53504 -2.29092
5.34922 -2 1.53799 -2.29021
5.35998 -2 1.54221 -2.28974
5.36037 -2 1.54203 -2.28955
5.36143 -2 1.54248 -2.28947
5.36206 -2 1.54248 -2.28947
5.36486 -2 1.54401 -2.28945
5.36794 -2 1.54472 -2.28911
5.36986 -2 1.5458 -2.28915
5.37456 -2 1.5476 -2.28886
5.37855 -2 1.54894 -2.28864
5.39059 -2 1.55279 -2.28778
5.39251 -2 1.55369 -2.28764
5.39366 -2 1.55414 -2.28756
5.40733 -2 1.55907 -2.28675
5.42039 -2 1.56356 -2.28602
5.42458 -2 1.56554 -2.28592
5.43255 -2 1.56804 -2.28528
5.44198 -2 1.57163 -2.2847
5.4471 -2 1.57342 -2.2844
5.46304 -2 1.57944 -2.28364
5.47164 -2 1.58258 -2.28313
5.4772 -2 1.58419 -2.28264
5.47746 -2 1.58385 -2.28285
5.47909 -2 1.58527 -2.28268
5.48107 -2 1.58553 -2.28242
5.4813 -2 1.58617 -2.28254
5.48171 -2 1.58598 -2.28235
5.48822 -2 1.58822 -2.28198
5.4933 -2 1.59002 -2.28168
5.49544 -2 1.59091 -2.28154
5.4974 -2 1.592 -2.28158
5.50403 -2 1.59405 -2.28102
5.50721 -2 1.59462 -2.28109
5.50926 -2 1.59585 -2.28073
5.53782 -2 1.60616 -2.27904
5.54459 -2 1.60904 -2.27879
5.5527 -2 1.61155 -2.27816
5.55354 -2 1.61218 -2.27828
5.5557 -2 1.61308 -2.27813
5.55637 -2 1.61289 -2.27794
5.55761 -2 1.61334 -2.27786
5.55909 -2 1.61379 -2.27779
5.56815 -2 1.61756 -2.27739
5.57238 -2 1.61872 -2.27698
5.57241 -2 1.61872 -2.27698
5.5734 -2 1.61936 -2.2771
5.58151 -2 1.62186 -2.27647
5.59553 -2 1.62743 -2.27578
5.59902 -2 1.62877 -2.27556
5.60377 -2 1.62993 -2.27514
5.60558 -2 1.63102 -2.27519
5.62238 -2 1.63666 -2.27404
5.63198 -2 1.64025 -2.27345
5.63295 -2 1.6407 -2.27338
5.63456 -2 1.64115 -2.27331
5.63941 -2 1.64294 -2.27301
5.64522 -2 1.64537 -2.27284
5.65398 -2 1.64851 -2.27232
5.65706 -2 1.64922 -2.27198
5.66289 -2 1.65146 -2.27162
5.66925 -2 1.6537 -2.27125
5.67379 -2 1.65568 -2.27115
5.6741 -2 1.6555 -2.27095
5.67526 -2 1.65595 -2.27088
5.67526 -2 1.65595 -2.27088
5.67709 -2 1.65606 -2.27102
5.67794 -2 1.65684 -2.27073
5.68303 -2 1.65864 -2.27044
5.68807 -2 1.66043 -2.27015
5.68889 -2 1.66088 -2.27007
5.69596 -2 1.66376 -2.26982
5.70143 -2 1.66536 -2.26934
5.70734 -2 1.66761 -2.26897
5.70805 -2 1.66761 -2.26897
5.71726 -2 1.6712 -2.26838
5.72266 -2 1.67299 -2.26809
5.72472 -2 1.67389 -2.26794
5.73589 -2 1.67792 -2.26728
5.74371 -2 1.68061 -2.26684
5.74422 -2 1.68125 -2.26696
5.74492 -2 1.68106 -2.26677
5.75433 -2 1.68484 -2.26637
5.75528 -2 1.68528 -2.2663
5.76492 -2 1.68824 -2.26559
5.77052 -2 1.69067 -2.26542
5.77455 -2 1.69183 -2.265
5.78573 -2 1.69586 -2.26434
5.7914 -2 1.69829 -2.26417
5.79194 -2 1.69811 -2.26397
5.81865 -2 1.70816 -2.26255
5.82025 -2 1.70842 -2.26228
5.83224 -2 1.71309 -2.26174
5.8367 -2 1.71425 -2.26133
5.83702 -2 1.71425 -2.26133
5.83787 -2 1.7147 -2.26125
5.83892 -2 1.71515 -2.26118
5.87179 -2 1.72647 -2.25948
5.87263 -2 1.72726 -2.2592
5.88974 -2 1.73354 -2.25817
5.89089 -2 1.73398 -2.25809
5.89682 -2 1.73641 -2.25792
5.90311 -2 1.73866 -2.25755
5.91613 -2 1.74295 -2.25662
5.92297 -2 1.74583 -2.25638
5.94285 -2 1.75301 -2.2552
5.94399 -2 1.75346 -2.25513
5.95578 -2 1.75731 -2.25427
5.97326 -2 1.76359 -2.25324
5.98907 -2 1.76942 -2.25229
6.00346 -2 1.77498 -2.2516
6.01792 -2 1.77973 -2.2506
6.02147 -2 1.78108 -2.25038
6.03767 -2 1.78691 -2.24942
6.04163 -2 1.78825 -2.2492
6.04282 -2 1.7887 -2.24913
6.06692 -2 1.79786 -2.24785
6.06774 -2 1.79831 -2.24778
6.0927 -2 1.80728 -2.24631
6.09459 -2 1.80754 -2.24604
6.11759 -2 1.81625 -2.24484
6.15202 -2 1.82783 -2.24288
6.16832 -2 1.83463 -2.24183
6.16952 -2 1.83508 -2.24175
6.17366 -2 1.83624 -2.24134
6.18822 -2 1.84181 -2.24065
6.2004 -2 1.84629 -2.23992
6.21712 -2 1.85194 -2.23877
6.22038 -2 1.85347 -2.23874
6.22986 -2 1.85642 -2.23803
6.24016 -2 1.86065 -2.23756
6.24789 -2 1.86334 -2.23712
6.26316 -2 1.86853 -2.23605
6.26871 -2 1.87096 -2.23587
6.2693 -2 1.87078 -2.23568
6.30187 -2 1.88244 -2.23377
6.30321 -2 1.88289 -2.2337
6.31116 -2 1.88621 -2.23338
6.32345 -2 1.8907 -2.23264
6.32498 -2 1.89096 -2.23237
6.33116 -2 1.8932 -2.23201
6.37325 -2 1.90845 -2.22951
6.37936 -2 1.91088 -2.22933
6.38961 -2 1.91428 -2.22855
6.42529 -2 1.92729 -2.22642
6.44001 -2 1.93285 -2.22573
6.44592 -2 1.93413 -2.22546
6.45846 -2 1.93958 -2.22463
6.471 -2 1.94407 -2.2239
6.47322 -2 1.94496 -2.22375
6.5218 -2 1.96246 -2.22088
6.52223 -2 1.96227 -2.22069
6.57114 -2 1.97943 -2.21804
6.58438 -2 1.98469 -2.21702
6.58557 -2 1.98514 -2.21694
6.59702 -2 1.98918 -2.21628
6.60817 -2 1.99322 -2.21562
6.64387 -2 2.00622 -2.21349
6.72686 -2 2.03627 -2.20857
6.80186 -2 2.06381 -2.20427
6.8084 -2 2.06606 -2.20391
6.87748 -2 2.09117 -2.19979
6.93613 -2 2.11225 -2.19634
7.05907 -2 2.15647 -2.18887
7.08133 -2 2.16454 -2.18755
7.11457 -2 2.17684 -2.18576
7.12725 -2 2.18113 -2.18483
7.13115 -2 2.18248 -2.18461
7.15415 -2 2.19119 -2.1834
7.16694 -2 2.19549 -2.18248
7.23661 -2 2.2206 -2.17836
7.25017 -2 2.22554 -2.17755
7.52202 -2 2.32376 -2.16146
7.53983 -2 2.33067 -2.16055
7.6761 -2 2.38 -2.15247
