1.68556 -2 0.117595 -1.90572
1.81017 -2 0.169362 -1.92377
1.82001 -2 0.173462 -1.9252
1.91011 -2 0.210501 -1.93818
2.06465 -2 0.274433 -1.96041
2.07875 -2 0.280207 -1.96249
2.10784 -2 0.292372 -1.96667
2.20399 -2 0.331974 -1.98054
2.21491 -2 0.33645 -1.98204
2.24788 -2 0.350289 -1.98687
2.29067 -2 0.367715 -1.99294
2.29976 -2 0.371439 -1.9943
2.31507 -2 0.377966 -1.99652
2.38723 -2 0.407693 -2.00689
2.39091 -2 0.409231 -2.00742
2.40415 -2 0.414869 -2.00939
2.41051 -2 0.417432 -2.01028
2.46597 -2 0.440496 -2.01833
2.46868 -2 0.441521 -2.01868
2.49834 -2 0.453822 -2.02297
2.50903 -2 0.458058 -2.02451
2.51765 -2 0.461646 -2.02576
2.55948 -2 0.478936 -2.03173
2.56066 -2 0.479449 -2.03191
2.56593 -2 0.481499 -2.03263
2.57175 -2 0.484062 -2.03352
2.57892 -2 0.487137 -2.03459
2.61166 -2 0.500463 -2.03924
2.62204 -2 0.5047 -2.04078
2.6277 -2 0.507126 -2.04156
2.65265 -2 0.517377 -2.04514
2.66208 -2 0.521477 -2.04657
2.66994 -2 0.524552 -2.04764
2.70537 -2 0.539416 -2.05282
2.70751 -2 0.540065 -2.05311
2.70958 -2 0.540954 -2.05336
2.73966 -2 0.553391 -2.05776
2.76055 -2 0.561968 -2.06069
2.76218 -2 0.562617 -2.06098
2.79791 -2 0.57748 -2.06616
2.80746 -2 0.581444 -2.06748
2.82982 -2 0.59067 -2.0707
2.84221 -2 0.595796 -2.07249
2.87771 -2 0.610659 -2.07767
2.88628 -2 0.613871 -2.07885
2.89161 -2 0.616297 -2.07963
2.89473 -2 0.617458 -2.0801
2.90138 -2 0.620397 -2.08106
2.91805 -2 0.627061 -2.08339
2.9199 -2 0.628086 -2.08375
2.93671 -2 0.634749 -2.08607
2.95692 -2 0.643085 -2.08904
2.95762 -2 0.643462 -2.08911
2.96125 -2 0.644999 -2.08964
2.96537 -2 0.646673 -2.09029
3.00369 -2 0.662562 -2.09583
3.01007 -2 0.665125 -2.09672
3.01311 -2 0.666526 -2.09715
3.01949 -2 0.669089 -2.09805
3.02973 -2 0.673325 -2.09958
3.03188 -2 0.674214 -2.09983
3.03601 -2 0.675888 -2.10048
3.03778 -2 0.676777 -2.10073
3.05153 -2 0.682415 -2.10269
3.06973 -2 0.689727 -2.1053
3.07393 -2 0.691641 -2.10591
3.07945 -2 0.693827 -2.10673
3.08152 -2 0.694716 -2.10698
3.0842 -2 0.695741 -2.10734
3.08961 -2 0.697927 -2.10816
3.09527 -2 0.700354 -2.10895
3.10622 -2 0.704967 -2.11056
3.1064 -2 0.704967 -2.11056
3.10647 -2 0.704967 -2.11056
3.12165 -2 0.711253 -2.11281
3.12704 -2 0.71368 -2.1136
3.13049 -2 0.714841 -2.11406
3.13078 -2 0.715217 -2.11413
3.13655 -2 0.717404 -2.11496
3.14358 -2 0.720343 -2.11592
3.14498 -2 0.720855 -2.1161
3.14757 -2 0.722017 -2.11656
3.15577 -2 0.725468 -2.11771
3.16862 -2 0.73073 -2.1196
3.17249 -2 0.732267 -2.12014
3.17562 -2 0.733669 -2.12057
3.18014 -2 0.735343 -2.12121
3.19422 -2 0.741357 -2.12325
3.1976 -2 0.742895 -2.12378
3.19771 -2 0.742895 -2.12378
3.1985 -2 0.743031 -2.12389
3.20163 -2 0.744432 -2.12432
3.20461 -2 0.745594 -2.12479
3.2139 -2 0.749558 -2.12611
3.21644 -2 0.750583 -2.12647
3.22471 -2 0.753794 -2.12765
3.24289 -2 0.761346 -2.13022
3.24416 -2 0.761859 -2.1304
3.24437 -2 0.761995 -2.13051
3.25317 -2 0.765583 -2.13176
3.25754 -2 0.767497 -2.13236
3.25956 -2 0.768522 -2.13272
3.26075 -2 0.768658 -2.13283
3.26096 -2 0.769034 -2.1329
3.26194 -2 0.76917 -2.13301
3.26827 -2 0.772109 -2.13397
3.2687 -2 0.772109 -2.13397
3.27175 -2 0.773271 -2.13444
3.27775 -2 0.775833 -2.13533
3.27836 -2 0.77621 -2.1354
3.27916 -2 0.776346 -2.13551
3.28524 -2 0.778909 -2.1364
3.28694 -2 0.779798 -2.13665
3.295 -2 0.782873 -2.13773
3.30829 -2 0.788511 -2.13969
3.32043 -2 0.793636 -2.14148
3.33068 -2 0.797736 -2.14291
3.34152 -2 0.802349 -2.14452
3.34641 -2 0.804399 -2.14523
3.34694 -2 0.804399 -2.14523
3.35062 -2 0.805937 -2.14577
3.36098 -2 0.810174 -2.14731
3.36244 -2 0.810686 -2.14749
3.363 -2 0.811062 -2.14756
3.36497 -2 0.812088 -2.14791
3.36798 -2 0.813113 -2.14827
3.36839 -2 0.813249 -2.14838
3.37577 -2 0.816324 -2.14945
3.3795 -2 0.817862 -2.14999
3.38618 -2 0.820801 -2.15095
3.38641 -2 0.820801 -2.15095
3.3964 -2 0.824901 -2.15238
3.40021 -2 0.826439 -2.15292
3.40513 -2 0.828489 -2.15363
3.41487 -2 0.832589 -2.15506
3.41704 -2 0.833238 -2.15535
3.42103 -2 0.835152 -2.15596
3.43058 -2 0.838876 -2.15732
3.43335 -2 0.840277 -2.15775
3.44707 -2 0.845915 -2.15971
3.4532 -2 0.848478 -2.16061
3.46826 -2 0.854628 -2.16275
3.47851 -2 0.858729 -2.16418
3.4834 -2 0.860779 -2.1649
3.49063 -2 0.863854 -2.16597
3.49148 -2 0.864367 -2.16615
3.49205 -2 0.864367 -2.16615
3.49648 -2 0.866417 -2.16686
3.49885 -2 0.867066 -2.16715
3.50152 -2 0.868467 -2.16758
3.50563 -2 0.870005 -2.16811
3.5088 -2 0.871542 -2.16865
3.51071 -2 0.872055 -2.16883
3.52352 -2 0.877316 -2.17072
3.52803 -2 0.87923 -2.17133
3.53307 -2 0.881281 -2.17204
3.53381 -2 0.881793 -2.17222
3.53685 -2 0.882818 -2.17258
3.54267 -2 0.885381 -2.17347
3.55095 -2 0.888592 -2.17466
3.55399 -2 0.889994 -2.17508
3.55689 -2 0.891155 -2.17555
3.58479 -2 0.902807 -2.17955
3.58534 -2 0.902943 -2.17966
3.5858 -2 0.90332 -2.17973
3.58836 -2 0.904345 -2.18009
3.59514 -2 0.906908 -2.18098
3.5996 -2 0.908958 -2.1817
3.60169 -2 0.909606 -2.18198
3.60307 -2 0.910495 -2.18223
3.60486 -2 0.911008 -2.18241
3.60952 -2 0.913058 -2.18313
3.61505 -2 0.915244 -2.18395
3.6174 -2 0.916133 -2.1842
3.61825 -2 0.916646 -2.18438
3.61962 -2 0.917158 -2.18456
3.62049 -2 0.917671 -2.18474
3.62177 -2 0.918183 -2.18491
3.62633 -2 0.919857 -2.18556
3.62983 -2 0.921259 -2.18599
3.63185 -2 0.922284 -2.18634
3.6319 -2 0.922284 -2.18634
3.63326 -2 0.922796 -2.18652
3.63349 -2 0.922796 -2.18652
3.63828 -2 0.924846 -2.18724
3.64364 -2 0.927033 -2.18806
3.64638 -2 0.928058 -2.18842
3.65015 -2 0.929596 -2.18895
3.65298 -2 0.930997 -2.18938
3.66722 -2 0.936771 -2.19146
3.66872 -2 0.937284 -2.19164
3.66985 -2 0.937796 -2.19181
3.67054 -2 0.938172 -2.19189
3.67207 -2 0.938821 -2.19217
3.67217 -2 0.938821 -2.19217
3.67782 -2 0.941248 -2.19296
3.68247 -2 0.943298 -2.19367
3.69473 -2 0.948047 -2.19539
3.69959 -2 0.950097 -2.1961
3.70044 -2 0.950473 -2.19618
3.70243 -2 0.951499 -2.19653
3.70348 -2 0.952011 -2.19671
3.71898 -2 0.958162 -2.19886
3.72082 -2 0.95881 -2.19914
3.72272 -2 0.959699 -2.19939
3.72274 -2 0.959699 -2.19939
3.72596 -2 0.961237 -2.19993
3.72598 -2 0.961237 -2.19993
3.72944 -2 0.962398 -2.20039
3.73188 -2 0.963423 -2.20075
3.73228 -2 0.9638 -2.20082
3.73349 -2 0.964312 -2.201
3.74161 -2 0.967524 -2.20218
3.74586 -2 0.969437 -2.20279
3.74867 -2 0.970463 -2.20315
3.7515 -2 0.971624 -2.20361
3.75176 -2 0.971624 -2.20361
3.75235 -2 0.972 -2.20368
3.75566 -2 0.973538 -2.20422
3.76103 -2 0.975588 -2.20493
3.76187 -2 0.9761 -2.20511
3.76533 -2 0.977262 -2.20558
3.76764 -2 0.978287 -2.20594
3.77357 -2 0.980713 -2.20672
3.78043 -2 0.983789 -2.20779
3.78083 -2 0.983789 -2.20779
3.78158 -2 0.983925 -2.2079
3.78523 -2 0.985462 -2.20844
3.79414 -2 0.989427 -2.20976
3.79526 -2 0.989939 -2.20994
3.7959 -2 0.989939 -2.20994
3.80017 -2 0.991613 -2.21058
3.80465 -2 0.993527 -2.21119
3.80608 -2 0.994176 -2.21148
3.81119 -2 0.996226 -2.21219
3.81507 -2 0.997763 -2.21273
3.81614 -2 0.998276 -2.21291
3.82236 -2 1.00084 -2.2138
3.82387 -2 1.00173 -2.21405
3.83079 -2 1.00443 -2.21505
3.83802 -2 1.00737 -2.21602
3.83891 -2 1.00788 -2.21619
3.84377 -2 1.00993 -2.21691
3.84402 -2 1.00993 -2.21691
3.84509 -2 1.01044 -2.21709
3.85627 -2 1.01505 -2.2187
3.85645 -2 1.01505 -2.2187
3.86077 -2 1.01673 -2.21934
3.86666 -2 1.01915 -2.22013
3.86811 -2 1.0198 -2.22041
3.87401 -2 1.02223 -2.2212
3.87765 -2 1.02377 -2.22174
3.87844 -2 1.02428 -2.22191
3.88116 -2 1.0253 -2.22227
3.8833 -2 1.02633 -2.22263
3.8871 -2 1.02787 -2.22317
3.89164 -2 1.02954 -2.22381
3.89676 -2 1.03159 -2.22452
3.9032 -2 1.03453 -2.22549
3.90601 -2 1.03556 -2.22585
3.91058 -2 1.03761 -2.22656
3.91263 -2 1.03825 -2.22685
3.91334 -2 1.03863 -2.22692
3.91445 -2 1.03914 -2.2271
3.91538 -2 1.03928 -2.22721
3.91877 -2 1.04068 -2.22763
3.91966 -2 1.04119 -2.22781
3.92084 -2 1.04171 -2.22799
3.92295 -2 1.04235 -2.22828
3.92443 -2 1.04324 -2.22853
3.92474 -2 1.04324 -2.22853
3.92598 -2 1.04376 -2.22871
3.93259 -2 1.04645 -2.22971
3.93532 -2 1.04748 -2.23007
3.93671 -2 1.04837 -2.23032
3.93845 -2 1.04888 -2.23049
3.94045 -2 1.04991 -2.23085
3.94069 -2 1.04991 -2.23085
3.94332 -2 1.05093 -2.23121
3.94491 -2 1.05158 -2.2315
3.94734 -2 1.05261 -2.23185
3.95577 -2 1.05606 -2.233
3.95951 -2 1.05759 -2.23353
3.96306 -2 1.05913 -2.23407
3.96771 -2 1.06118 -2.23478
3.96884 -2 1.06132 -2.23489
3.97026 -2 1.06221 -2.23514
3.97796 -2 1.06528 -2.23621
3.97924 -2 1.0658 -2.23639
3.98409 -2 1.06785 -2.23711
3.9852 -2 1.06836 -2.23729
3.98905 -2 1.0699 -2.23782
3.99109 -2 1.07054 -2.23811
3.99321 -2 1.07157 -2.23847
3.99567 -2 1.07246 -2.23872
3.99589 -2 1.07259 -2.23882
3.99684 -2 1.07297 -2.23889
4.0015 -2 1.07502 -2.23961
4.00466 -2 1.07618 -2.24008
4.00527 -2 1.07656 -2.24015
4.00921 -2 1.0781 -2.24068
4.01037 -2 1.07861 -2.24086
4.01719 -2 1.08131 -2.24186
4.01938 -2 1.08233 -2.24222
4.02008 -2 1.08271 -2.24229
4.02081 -2 1.08285 -2.2424
4.02193 -2 1.08336 -2.24258
4.02473 -2 1.08476 -2.24301
4.02794 -2 1.08592 -2.24347
4.02825 -2 1.08592 -2.24347
4.0296 -2 1.08643 -2.24365
4.0367 -2 1.08951 -2.24472
4.04092 -2 1.09142 -2.24533
4.04256 -2 1.09193 -2.24551
4.04753 -2 1.09398 -2.24622
4.05455 -2 1.09706 -2.2473
4.05483 -2 1.09706 -2.2473
4.05622 -2 1.09757 -2.24747
4.06546 -2 1.1013 -2.24883
4.06585 -2 1.10167 -2.2489
4.06741 -2 1.10219 -2.24908
4.07092 -2 1.10372 -2.24962
4.07136 -2 1.10386 -2.24973
4.07407 -2 1.10488 -2.25008
4.0761 -2 1.10577 -2.25033
4.07851 -2 1.1068 -2.25069
4.07852 -2 1.1068 -2.25069
4.07882 -2 1.10693 -2.2508
4.07931 -2 1.10731 -2.25087
4.08062 -2 1.10782 -2.25105
4.08088 -2 1.10782 -2.25105
4.09863 -2 1.11514 -2.25366
4.10107 -2 1.11602 -2.25391
4.10294 -2 1.11705 -2.25427
4.10396 -2 1.11719 -2.25437
4.10566 -2 1.11807 -2.25462
4.10887 -2 1.11924 -2.25509
4.10892 -2 1.11924 -2.25509
4.11224 -2 1.12077 -2.25563
4.11403 -2 1.12166 -2.25588
4.12072 -2 1.12422 -2.25677
4.12413 -2 1.12576 -2.25731
4.12749 -2 1.12692 -2.25777
4.13485 -2 1.13 -2.25884
4.14141 -2 1.13294 -2.25981
4.14189 -2 1.13294 -2.25981
4.14362 -2 1.13359 -2.26009
4.14429 -2 1.13396 -2.26017
4.14764 -2 1.1355 -2.2607
4.14868 -2 1.13601 -2.26088
4.15772 -2 1.1396 -2.26213
4.16179 -2 1.14114 -2.26267
4.1687 -2 1.14421 -2.26374
4.1735 -2 1.14626 -2.26446
4.174 -2 1.14626 -2.26446
4.18268 -2 1.14985 -2.26571
4.18499 -2 1.15088 -2.26606
4.18526 -2 1.15088 -2.26606
4.18892 -2 1.15241 -2.2666
4.18907 -2 1.15241 -2.2666
4.19037 -2 1.15306 -2.26689
4.1915 -2 1.15344 -2.26696
4.19177 -2 1.15358 -2.26707
4.19364 -2 1.15446 -2.26731
4.19832 -2 1.15651 -2.26803
4.20454 -2 1.15908 -2.26892
4.20597 -2 1.15959 -2.2691
4.21325 -2 1.16267 -2.27017
4.22126 -2 1.16574 -2.27125
4.22615 -2 1.16779 -2.27196
4.22652 -2 1.16793 -2.27207
4.22833 -2 1.16882 -2.27232
4.23075 -2 1.16984 -2.27268
4.23597 -2 1.17189 -2.27339
4.23873 -2 1.17305 -2.27386
4.2394 -2 1.17343 -2.27393
4.24173 -2 1.17445 -2.27429
4.24296 -2 1.17497 -2.27446
4.24312 -2 1.17497 -2.27446
4.24506 -2 1.17561 -2.27475
4.24593 -2 1.17599 -2.27482
4.2468 -2 1.1765 -2.275
4.25575 -2 1.18009 -2.27625
4.26151 -2 1.18265 -2.27715
4.26253 -2 1.18279 -2.27725
4.26695 -2 1.1847 -2.27786
4.27081 -2 1.18624 -2.2784
4.27135 -2 1.18638 -2.27851
4.27158 -2 1.18675 -2.27858
4.27167 -2 1.18675 -2.27858
4.2758 -2 1.18829 -2.27911
4.27957 -2 1.18983 -2.27965
4.27994 -2 1.18997 -2.27976
4.28205 -2 1.19085 -2.28001
4.28235 -2 1.19099 -2.28011
4.28368 -2 1.1915 -2.28029
4.28662 -2 1.19291 -2.28072
4.28788 -2 1.19342 -2.2809
4.28833 -2 1.19355 -2.28101
4.28878 -2 1.19393 -2.28108
4.29377 -2 1.19598 -2.28179
4.29396 -2 1.19598 -2.28179
4.29447 -2 1.19598 -2.28179
4.29674 -2 1.19701 -2.28215
4.29893 -2 1.19803 -2.28251
4.30115 -2 1.19868 -2.28279
4.30128 -2 1.19906 -2.28287
4.30674 -2 1.20111 -2.28358
4.3091 -2 1.20213 -2.28394
4.31275 -2 1.20367 -2.28447
4.31445 -2 1.20432 -2.28476
4.31627 -2 1.20521 -2.28501
4.31702 -2 1.20534 -2.28512
4.32431 -2 1.20842 -2.28619
4.32462 -2 1.20842 -2.28619
4.32593 -2 1.20893 -2.28637
4.32733 -2 1.20982 -2.28662
4.33213 -2 1.21149 -2.28726
4.33356 -2 1.21238 -2.28751
4.33458 -2 1.21252 -2.28762
4.3378 -2 1.21392 -2.28805
4.34009 -2 1.21494 -2.28841
4.34039 -2 1.21494 -2.28841
4.344 -2 1.21648 -2.28894
4.34414 -2 1.21662 -2.28905
4.34482 -2 1.21699 -2.28912
4.34854 -2 1.21853 -2.28966
4.35014 -2 1.21904 -2.28984
4.35234 -2 1.22007 -2.29019
4.35312 -2 1.22021 -2.2903
4.35373 -2 1.22058 -2.29037
4.35558 -2 1.22123 -2.29066
4.35721 -2 1.22212 -2.29091
4.35803 -2 1.22226 -2.29102
4.35812 -2 1.22226 -2.29102
4.36011 -2 1.22314 -2.29127
4.36063 -2 1.22328 -2.29137
4.36133 -2 1.22366 -2.29145
4.36162 -2 1.22379 -2.29155
4.36491 -2 1.2252 -2.29198
4.36716 -2 1.22622 -2.29234
4.36796 -2 1.22636 -2.29245
4.36901 -2 1.22687 -2.29263
4.37122 -2 1.22776 -2.29288
4.37128 -2 1.22776 -2.29288
4.37235 -2 1.22827 -2.29305
4.37458 -2 1.2293 -2.29341
4.37673 -2 1.22994 -2.2937
4.37673 -2 1.22994 -2.2937
4.37908 -2 1.23097 -2.29406
4.37952 -2 1.23135 -2.29413
4.3824 -2 1.23237 -2.29448
4.38447 -2 1.2334 -2.29484
4.38493 -2 1.2334 -2.29484
4.38712 -2 1.23442 -2.2952
4.3874 -2 1.23442 -2.2952
4.38857 -2 1.23493 -2.29538
4.38892 -2 1.23507 -2.29549
4.38893 -2 1.23507 -2.29549
4.39089 -2 1.23596 -2.29574
4.39217 -2 1.23647 -2.29591
4.3948 -2 1.2375 -2.29627
4.39492 -2 1.2375 -2.29627
4.39934 -2 1.23955 -2.29699
4.40377 -2 1.24122 -2.29763
4.40398 -2 1.24122 -2.29763
4.40489 -2 1.24173 -2.29781
4.40533 -2 1.24211 -2.29788
4.4058 -2 1.24211 -2.29788
4.40611 -2 1.24211 -2.29788
4.41063 -2 1.24416 -2.29859
4.41571 -2 1.24621 -2.29931
4.42273 -2 1.24928 -2.30038
4.42456 -2 1.2498 -2.30056
4.42479 -2 1.24993 -2.30067
4.42847 -2 1.25147 -2.30121
4.42966 -2 1.25185 -2.30128
4.43572 -2 1.25441 -2.30217
4.43661 -2 1.25492 -2.30235
4.44186 -2 1.25697 -2.30306
4.4447 -2 1.25813 -2.30353
4.44894 -2 1.26005 -2.30414
4.44925 -2 1.26005 -2.30414
4.44962 -2 1.26018 -2.30424
4.4515 -2 1.26107 -2.30449
4.4562 -2 1.26312 -2.30521
4.45667 -2 1.26312 -2.30521
4.4599 -2 1.26466 -2.30574
4.46346 -2 1.26582 -2.30621
4.46622 -2 1.26722 -2.30664
4.46651 -2 1.26722 -2.30664
4.47128 -2 1.26927 -2.30735
4.47236 -2 1.26979 -2.30753
4.47236 -2 1.26979 -2.30753
4.47431 -2 1.2703 -2.30771
4.47522 -2 1.27081 -2.30789
4.47533 -2 1.27081 -2.30789
4.47539 -2 1.27081 -2.30789
4.47579 -2 1.27095 -2.308
4.47658 -2 1.27132 -2.30807
4.48217 -2 1.27351 -2.30889
4.4836 -2 1.2744 -2.30914
4.48362 -2 1.2744 -2.30914
4.48989 -2 1.27696 -2.31003
4.49147 -2 1.27747 -2.31021
4.49177 -2 1.27761 -2.31032
4.49259 -2 1.27799 -2.31039
4.49342 -2 1.2785 -2.31057
4.49623 -2 1.27952 -2.31093
4.50135 -2 1.28157 -2.31164
4.50228 -2 1.28209 -2.31182
4.50387 -2 1.2826 -2.312
4.50463 -2 1.28311 -2.31218
4.50707 -2 1.28414 -2.31254
4.50736 -2 1.28414 -2.31254
4.50886 -2 1.28465 -2.31272
4.51081 -2 1.28567 -2.31307
4.51218 -2 1.28619 -2.31325
4.5133 -2 1.2867 -2.31343
4.51378 -2 1.2867 -2.31343
4.51597 -2 1.28772 -2.31379
4.51769 -2 1.28824 -2.31397
4.52151 -2 1.28991 -2.31461
4.52161 -2 1.28991 -2.31461
4.52271 -2 1.29042 -2.31479
4.52358 -2 1.2908 -2.31486
4.52543 -2 1.29145 -2.31515
4.52592 -2 1.29183 -2.31522
4.52739 -2 1.29234 -2.3154
4.53012 -2 1.29336 -2.31575
4.53152 -2 1.29401 -2.31604
4.53254 -2 1.29439 -2.31611
4.53326 -2 1.2949 -2.31629
4.5354 -2 1.29555 -2.31658
4.53691 -2 1.29644 -2.31683
4.539 -2 1.29709 -2.31711
4.54141 -2 1.29811 -2.31747
4.5508 -2 1.30208 -2.31879
4.55197 -2 1.30259 -2.31897
4.55244 -2 1.30259 -2.31897
4.55299 -2 1.3031 -2.31915
4.55326 -2 1.3031 -2.31915
4.55735 -2 1.30464 -2.31969
4.56163 -2 1.30669 -2.3204
4.56246 -2 1.30683 -2.32051
4.56849 -2 1.30925 -2.3213
4.56927 -2 1.30976 -2.32147
4.57026 -2 1.31028 -2.32165
4.5705 -2 1.31028 -2.32165
4.57226 -2 1.31079 -2.32183
4.57437 -2 1.31181 -2.32219
4.57513 -2 1.31195 -2.3223
4.57639 -2 1.31246 -2.32248
4.57714 -2 1.31284 -2.32255
4.57813 -2 1.31335 -2.32273
4.58021 -2 1.31438 -2.32308
4.58036 -2 1.31438 -2.32308
4.58845 -2 1.31759 -2.32426
4.58875 -2 1.31759 -2.32426
4.58959 -2 1.31796 -2.32433
4.59147 -2 1.31899 -2.32469
4.59768 -2 1.32155 -2.32559
4.59908 -2 1.32207 -2.32576
4.60739 -2 1.32114 -2.32617
4.60774 -2 1.32076 -2.3261
4.61357 -2 1.31994 -2.32636
4.61482 -2 1.3197 -2.32639
4.61483 -2 1.3197 -2.32639
4.61647 -2 1.31908 -2.32636
4.61687 -2 1.31908 -2.32636
4.61931 -2 1.3186 -2.32643
4.61994 -2 1.31836 -2.32647
4.6215 -2 1.31812 -2.32651
4.6271 -2 1.31729 -2.32677
4.62866 -2 1.31668 -2.32673
4.63011 -2 1.31644 -2.32677
4.65099 -2 1.31236 -2.32741
4.65261 -2 1.31212 -2.32745
4.65296 -2 1.31225 -2.32756
4.65322 -2 1.31225 -2.32756
4.65449 -2 1.31201 -2.32759
4.65664 -2 1.31153 -2.32767
4.66054 -2 1.31081 -2.32778
4.66513 -2 1.30971 -2.32782
4.66565 -2 1.30985 -2.32793
4.66607 -2 1.30947 -2.32786
4.66967 -2 1.30875 -2.32797
4.67192 -2 1.30827 -2.32805
4.67587 -2 1.30755 -2.32816
4.67853 -2 1.30707 -2.32824
4.68426 -2 1.30625 -2.32849
4.68439 -2 1.30587 -2.32842
4.68622 -2 1.30563 -2.32846
4.68868 -2 1.30515 -2.32854
4.69107 -2 1.30467 -2.32861
4.69142 -2 1.30481 -2.32872
4.69457 -2 1.30395 -2.32872
4.69628 -2 1.30371 -2.32876
4.69966 -2 1.30299 -2.32887
4.70929 -2 1.30623 -2.32834
4.71024 -2 1.30706 -2.32834
4.71093 -2 1.30668 -2.32827
4.71095 -2 1.30668 -2.32827
4.71131 -2 1.30751 -2.32827
4.7145 -2 1.30803 -2.32805
4.71781 -2 1.30937 -2.32783
4.71885 -2 1.3102 -2.32782
4.72049 -2 1.31027 -2.32768
4.72438 -2 1.31162 -2.32746
4.72453 -2 1.31162 -2.32746
4.72725 -2 1.31251 -2.32731
4.73065 -2 1.31386 -2.32709
4.73263 -2 1.31513 -2.32702
4.73635 -2 1.31648 -2.3268
4.73683 -2 1.3161 -2.32672
4.73831 -2 1.31655 -2.32665
4.7392 -2 1.317 -2.32658
4.74362 -2 1.31917 -2.32635
4.74752 -2 1.32051 -2.32613
4.75454 -2 1.32238 -2.3257
4.75537 -2 1.32283 -2.32562
4.75697 -2 1.32328 -2.32555
4.76053 -2 1.32462 -2.32533
4.76189 -2 1.32507 -2.32526
4.76205 -2 1.3259 -2.32525
4.76224 -2 1.3259 -2.32525
4.76514 -2 1.32642 -2.32503
4.77074 -2 1.32904 -2.32474
4.77248 -2 1.32911 -2.32459
4.77573 -2 1.33083 -2.32444
4.77597 -2 1.33083 -2.32444
4.77806 -2 1.3309 -2.3243
4.78137 -2 1.33225 -2.32408
4.7815 -2 1.33225 -2.32408
4.78213 -2 1.33307 -2.32408
4.78243 -2 1.3327 -2.32401
4.78535 -2 1.33359 -2.32386
4.7876 -2 1.33449 -2.32371
4.79091 -2 1.33621 -2.32356
4.79238 -2 1.33628 -2.32342
4.79525 -2 1.33718 -2.32327
4.79591 -2 1.33801 -2.32327
4.79763 -2 1.33808 -2.32312
4.80242 -2 1.33987 -2.32283
4.80294 -2 1.3407 -2.32283
4.81253 -2 1.34346 -2.32224
4.81461 -2 1.34436 -2.3221
4.81761 -2 1.34525 -2.32195
4.81928 -2 1.34653 -2.32187
4.82479 -2 1.34794 -2.32151
4.82598 -2 1.34839 -2.32143
4.82786 -2 1.34967 -2.32136
4.83112 -2 1.35019 -2.32114
4.83521 -2 1.35236 -2.32092
4.83593 -2 1.35198 -2.32085
4.83826 -2 1.35288 -2.3207
4.84094 -2 1.35378 -2.32055
4.84368 -2 1.35467 -2.3204
4.84392 -2 1.3555 -2.3204
4.85287 -2 1.35864 -2.31989
4.85361 -2 1.35826 -2.31982
4.854 -2 1.35908 -2.31981
4.85968 -2 1.3605 -2.31945
4.86094 -2 1.36095 -2.31938
4.86855 -2 1.36364 -2.31894
4.87201 -2 1.36499 -2.31871
4.87703 -2 1.36678 -2.31842
4.87706 -2 1.36678 -2.31842
4.8777 -2 1.36761 -2.31842
4.87845 -2 1.36723 -2.31835
4.88198 -2 1.36858 -2.31813
4.88373 -2 1.36985 -2.31805
4.88375 -2 1.36985 -2.31805
4.88447 -2 1.36947 -2.31798
4.88911 -2 1.37127 -2.31769
4.8912 -2 1.37254 -2.31761
4.89177 -2 1.37216 -2.31754
4.89361 -2 1.37344 -2.31746
4.89732 -2 1.37478 -2.31724
4.89776 -2 1.37441 -2.31717
4.91215 -2 1.38016 -2.31636
4.91383 -2 1.38024 -2.31622
4.91592 -2 1.38151 -2.31614
4.91717 -2 1.38196 -2.31607
4.92136 -2 1.38293 -2.31578
4.92169 -2 1.38293 -2.31578
4.92245 -2 1.38338 -2.3157
4.92373 -2 1.38382 -2.31563
4.92429 -2 1.38382 -2.31563
4.92443 -2 1.38382 -2.31563
4.92575 -2 1.3851 -2.31555
4.92633 -2 1.38472 -2.31548
4.9324 -2 1.38696 -2.31511
4.93244 -2 1.38696 -2.31511
4.93739 -2 1.38876 -2.31482
4.94226 -2 1.39055 -2.31453
4.94586 -2 1.39227 -2.31438
4.94658 -2 1.3919 -2.31431
4.94716 -2 1.39272 -2.3143
4.94736 -2 1.39235 -2.31423
4.95046 -2 1.39324 -2.31409
4.95215 -2 1.39452 -2.31401
4.95787 -2 1.39593 -2.31364
4.95831 -2 1.39676 -2.31364
4.96904 -2 1.39997 -2.31298
4.96936 -2 1.40079 -2.31298
4.97633 -2 1.40266 -2.31254
4.97752 -2 1.40311 -2.31247
4.9806 -2 1.40483 -2.31232
4.98083 -2 1.40446 -2.31225
4.98291 -2 1.40573 -2.31217
4.98397 -2 1.40618 -2.3121
4.98509 -2 1.4058 -2.31203
4.98526 -2 1.40663 -2.31202
4.98716 -2 1.4067 -2.31188
4.99061 -2 1.40804 -2.31166
5.00074 -2 1.41163 -2.31107
5.00911 -2 1.41515 -2.31063
5.01019 -2 1.4156 -2.31055
5.012 -2 1.41567 -2.31041
5.01902 -2 1.41873 -2.31004
5.02182 -2 1.41926 -2.30982
5.02362 -2 1.4197 -2.30975
5.02427 -2 1.42015 -2.30968
5.0377 -2 1.42546 -2.30894
5.03851 -2 1.42509 -2.30887
5.04125 -2 1.42681 -2.30872
5.04257 -2 1.42726 -2.30864
5.04423 -2 1.42733 -2.3085
5.04564 -2 1.42778 -2.30843
5.04859 -2 1.4295 -2.30828
5.05112 -2 1.4304 -2.30813
5.05576 -2 1.43136 -2.30784
5.05905 -2 1.43271 -2.30762
5.06004 -2 1.43354 -2.30762
5.06017 -2 1.43316 -2.30754
5.06129 -2 1.43361 -2.30747
5.06331 -2 1.43406 -2.3074
5.06561 -2 1.43495 -2.30725
5.06646 -2 1.4354 -2.30718
5.06848 -2 1.43667 -2.3071
5.0711 -2 1.43757 -2.30695
5.07132 -2 1.4372 -2.30688
5.07264 -2 1.43764 -2.30681
5.07292 -2 1.43764 -2.30681
5.07401 -2 1.43809 -2.30674
5.0761 -2 1.43937 -2.30666
5.07721 -2 1.43981 -2.30659
5.07793 -2 1.43944 -2.30652
5.07887 -2 1.43989 -2.30644
5.08125 -2 1.44078 -2.3063
5.0916 -2 1.44437 -2.30571
5.09197 -2 1.4452 -2.3057
5.09376 -2 1.44527 -2.30556
5.09783 -2 1.44661 -2.30534
5.09882 -2 1.44706 -2.30527
5.09991 -2 1.44751 -2.30519
5.10091 -2 1.44834 -2.30519
5.10283 -2 1.44841 -2.30505
5.10443 -2 1.44968 -2.30497
5.10521 -2 1.4493 -2.3049
5.10827 -2 1.45103 -2.30475
5.1128 -2 1.452 -2.30446
5.11391 -2 1.45244 -2.30438
5.1149 -2 1.45289 -2.30431
5.11535 -2 1.45289 -2.30431
5.12011 -2 1.45469 -2.30402
5.12394 -2 1.45603 -2.3038
5.12413 -2 1.45686 -2.30379
5.13022 -2 1.45827 -2.30343
5.13103 -2 1.45872 -2.30336
5.136 -2 1.46052 -2.30306
5.14788 -2 1.46538 -2.3024
5.15149 -2 1.46672 -2.30218
5.15287 -2 1.46717 -2.3021
5.15368 -2 1.4668 -2.30203
5.15565 -2 1.46769 -2.30189
5.15604 -2 1.46769 -2.30189
5.15651 -2 1.46852 -2.30188
5.16411 -2 1.47121 -2.30144
5.16435 -2 1.47083 -2.30137
5.16553 -2 1.47128 -2.3013
5.17163 -2 1.4739 -2.301
5.17821 -2 1.47577 -2.30056
5.18228 -2 1.47711 -2.30034
5.18302 -2 1.47756 -2.30027
5.18318 -2 1.47756 -2.30027
5.18462 -2 1.47801 -2.3002
5.18629 -2 1.47928 -2.30012
5.18985 -2 1.48063 -2.2999
5.19261 -2 1.48152 -2.29975
5.20113 -2 1.48466 -2.29924
5.20313 -2 1.48474 -2.29909
5.20315 -2 1.48474 -2.29909
5.21762 -2 1.49012 -2.29821
5.21823 -2 1.49012 -2.29821
5.23201 -2 1.49588 -2.2974
5.23536 -2 1.4964 -2.29718
5.23925 -2 1.49774 -2.29696
5.24453 -2 1.50036 -2.29667
5.24533 -2 1.49998 -2.2966
5.2457 -2 1.50081 -2.29659
5.24578 -2 1.50081 -2.29659
5.25684 -2 1.50485 -2.29593
5.25929 -2 1.50574 -2.29578
5.2656 -2 1.50799 -2.29542
5.26636 -2 1.50761 -2.29535
5.2675 -2 1.50806 -2.29527
5.27112 -2 1.5094 -2.29505
5.27298 -2 1.51068 -2.29498
5.27503 -2 1.51075 -2.29483
5.27867 -2 1.51209 -2.29461
5.27875 -2 1.51209 -2.29461
5.29011 -2 1.51613 -2.29395
5.29084 -2 1.51658 -2.29388
5.29369 -2 1.51748 -2.29373
5.29391 -2 1.51748 -2.29373
5.30529 -2 1.52234 -2.29307
5.31047 -2 1.52413 -2.29277
5.31847 -2 1.52645 -2.29226
5.33121 -2 1.53176 -2.29152
5.33236 -2 1.53138 -2.29145
5.33336 -2 1.53183 -2.29138
5.33605 -2 1.53272 -2.29123
5.33699 -2 1.53317 -2.29116
5.33991 -2 1.5349 -2.29101
5.34922 -2 1.53766 -2.29042
5.35998 -2 1.54207 -2.28983
5.36037 -2 1.54169 -2.28976
5.36143 -2 1.54214 -2.28969
5.36206 -2 1.54214 -2.28969
5.36486 -2 1.54386 -2.28954
5.36794 -2 1.54439 -2.28932
5.36986 -2 1.54566 -2.28924
5.37456 -2 1.54745 -2.28895
5.37855 -2 1.5488 -2.28873
5.39059 -2 1.55246 -2.288
5.39251 -2 1.55336 -2.28785
5.39366 -2 1.5538 -2.28778
5.40733 -2 1.55874 -2.28697
5.42039 -2 1.56322 -2.28623
5.42458 -2 1.56539 -2.28601
5.43255 -2 1.56771 -2.2855
5.44198 -2 1.5713 -2.28491
5.4471 -2 1.57309 -2.28462
5.46304 -2 1.5793 -2.28373
5.47164 -2 1.58244 -2.28322
5.4772 -2 1.58385 -2.28285
5.47746 -2 1.58385 -2.28285
5.47909 -2 1.58513 -2.28278
5.48107 -2 1.5852 -2.28263
5.4813 -2 1.58602 -2.28263
5.48171 -2 1.58565 -2.28256
5.48822 -2 1.58789 -2.28219
5.4933 -2 1.58968 -2.2819
5.49544 -2 1.59058 -2.28175
5.4974 -2 1.59185 -2.28167
5.50403 -2 1.59372 -2.28124
5.50721 -2 1.59462 -2.28109
5.50926 -2 1.59551 -2.28094
5.53782 -2 1.60583 -2.27925
5.54459 -2 1.6089 -2.27888
5.5527 -2 1.61121 -2.27837
5.55354 -2 1.61204 -2.27837
5.5557 -2 1.61293 -2.27822
5.55637 -2 1.61256 -2.27815
5.55761 -2 1.61301 -2.27808
5.55909 -2 1.61345 -2.278
5.56815 -2 1.61742 -2.27749
5.57238 -2 1.61839 -2.2772
5.57241 -2 1.61839 -2.2772
5.5734 -2 1.61921 -2.27719
5.58151 -2 1.62153 -2.27668
5.59553 -2 1.62729 -2.27587
5.59902 -2 1.62863 -2.27565
5.60377 -2 1.6296 -2.27536
5.60558 -2 1.63087 -2.27528
5.62238 -2 1.63633 -2.27426
5.63198 -2 1.63992 -2.27367
5.63295 -2 1.64036 -2.27359
5.63456 -2 1.64081 -2.27352
5.63941 -2 1.64261 -2.27323
5.64522 -2 1.64522 -2.27293
5.65398 -2 1.64836 -2.27242
5.65706 -2 1.64889 -2.2722
5.66289 -2 1.65113 -2.27183
5.66925 -2 1.65337 -2.27146
5.67379 -2 1.65554 -2.27124
5.6741 -2 1.65516 -2.27117
5.67526 -2 1.65561 -2.2711
5.67526 -2 1.65561 -2.2711
5.67709 -2 1.65606 -2.27102
5.67794 -2 1.65651 -2.27095
5.68303 -2 1.6583 -2.27065
5.68807 -2 1.6601 -2.27036
5.68889 -2 1.66055 -2.27029
5.69596 -2 1.66361 -2.26992
5.70143 -2 1.66503 -2.26955
5.70734 -2 1.66727 -2.26919
5.70805 -2 1.66727 -2.26919
5.71726 -2 1.67086 -2.2686
5.72266 -2 1.67266 -2.2683
5.72472 -2 1.67355 -2.26816
5.73589 -2 1.67759 -2.26749
5.74371 -2 1.68028 -2.26705
5.74422 -2 1.6811 -2.26705
5.74492 -2 1.68073 -2.26698
5.75433 -2 1.68469 -2.26646
5.75528 -2 1.68514 -2.26639
5.76492 -2 1.6879 -2.2658
5.77052 -2 1.69052 -2.26551
5.77455 -2 1.69149 -2.26522
5.78573 -2 1.69553 -2.26456
5.7914 -2 1.69815 -2.26426
5.79194 -2 1.69777 -2.26419
5.81865 -2 1.70801 -2.26264
5.82025 -2 1.70809 -2.2625
5.83224 -2 1.71295 -2.26183
5.8367 -2 1.71392 -2.26154
5.83702 -2 1.71392 -2.26154
5.83787 -2 1.71437 -2.26147
5.83892 -2 1.71481 -2.2614
5.87179 -2 1.72647 -2.25948
5.87263 -2 1.72692 -2.25941
5.88974 -2 1.7332 -2.25838
5.89089 -2 1.73365 -2.25831
5.89682 -2 1.73627 -2.25801
5.90311 -2 1.73851 -2.25764
5.91613 -2 1.74262 -2.25684
5.92297 -2 1.74569 -2.25647
5.94285 -2 1.75286 -2.25529
5.94399 -2 1.75331 -2.25522
5.95578 -2 1.75697 -2.25449
5.97326 -2 1.76325 -2.25346
5.98907 -2 1.76908 -2.2525
6.00346 -2 1.77484 -2.25169
6.01792 -2 1.7794 -2.25081
6.02147 -2 1.78074 -2.25059
6.03767 -2 1.78657 -2.24964
6.04163 -2 1.78792 -2.24942
6.04282 -2 1.78837 -2.24934
6.06692 -2 1.79771 -2.24794
6.06774 -2 1.79816 -2.24787
6.0927 -2 1.80713 -2.2464
6.09459 -2 1.8072 -2.24626
6.11759 -2 1.8161 -2.24493
6.15202 -2 1.82783 -2.24288
6.16832 -2 1.83449 -2.24192
6.16952 -2 1.83494 -2.24185
6.17366 -2 1.83591 -2.24155
6.18822 -2 1.84167 -2.24074
6.2004 -2 1.84615 -2.24001
6.21712 -2 1.8516 -2.23898
6.22038 -2 1.85333 -2.23883
6.22986 -2 1.85609 -2.23825
6.24016 -2 1.8605 -2.23766
6.24789 -2 1.86319 -2.23722
6.26316 -2 1.8682 -2.23626
6.26871 -2 1.87082 -2.23597
6.2693 -2 1.87044 -2.2359
6.30187 -2 1.8821 -2.23399
6.30321 -2 1.88255 -2.23391
6.31116 -2 1.88607 -2.23347
6.32345 -2 1.89055 -2.23273
6.32498 -2 1.89062 -2.23259
6.33116 -2 1.89287 -2.23222
6.37325 -2 1.90812 -2.22972
6.37936 -2 1.91073 -2.22943
6.38961 -2 1.91395 -2.22877
6.42529 -2 1.92695 -2.22664
6.44001 -2 1.93271 -2.22583
6.44592 -2 1.93413 -2.22546
6.45846 -2 1.93944 -2.22472
6.471 -2 1.94392 -2.22399
6.47322 -2 1.94482 -2.22384
6.5218 -2 1.96231 -2.22098
6.52223 -2 1.96193 -2.2209
6.57114 -2 1.97943 -2.21804
6.58438 -2 1.98436 -2.21723
6.58557 -2 1.98481 -2.21716
6.59702 -2 1.98884 -2.2165
6.60817 -2 1.99288 -2.21583
6.64387 -2 2.00589 -2.2137
6.72686 -2 2.03594 -2.20878
6.80186 -2 2.06367 -2.20437
6.8084 -2 2.06591 -2.204
6.87748 -2 2.09103 -2.19988
6.93613 -2 2.11211 -2.19643
7.05907 -2 2.15613 -2.18909
7.08133 -2 2.16421 -2.18776
7.11457 -2 2.17669 -2.18585
7.12725 -2 2.1808 -2.18504
7.13115 -2 2.18215 -2.18482
7.15415 -2 2.19104 -2.1835
7.16694 -2 2.19515 -2.18269
7.23661 -2 2.22027 -2.17858
7.25017 -2 2.2252 -2.17777
7.52202 -2 2.32342 -2.16167
7.53983 -2 2.33053 -2.16064
7.6761 -2 2.37986 -2.15256
