3.50845818264 0 6.13416027977 -1.98673589601 -1.69722527502 -12.5515945716
4.11766386006 0 -5.48372943237 -6.18128884624 -29.3724811259 57.3460849894
4.13860024073 0 -5.93135602618 -6.08714487851 -28.6770264803 56.4237381889
4.20101805417 0 -7.22253266662 -5.73236485015 -26.3047530644 53.1081707948
4.35885421251 0 -10.2029291053 -4.38574523296 -18.8987345111 42.146038949
4.49119638692 0 -12.3204373911 -2.83725631472 -11.9507854815 31.7330551136
4.53480244734 0 -12.9312166888 -2.26043115895 -9.64290821243 28.3073102854
4.62946790082 0 -13.8738977885 -0.936064565339 -4.74440539677 21.1453496561
4.65809480609 0 -13.9719870546 -0.524377929151 -3.31334729691 19.0897093441
4.73600677752 0 -14.1329195686 0.640217396917 0.414223758026 13.8384428466
4.75066810156 0 -14.1509258396 0.872588992887 1.08415120853 12.9133042548
4.88461754938 0 -14.0206667629 2.99965262535 6.64790918479 5.53158167395
4.89005956816 0 -14.0019098195 3.08721962423 6.85071958208 5.27532861127
4.92318851484 0 -13.8932466406 3.62761764886 8.04305901509 3.79293846266
4.92697356766 0 -13.8793508419 3.68975011273 8.17459219406 3.63213261781
4.93335217978 0 -13.8694834304 3.80081883023 8.39404416808 3.36514560369
4.97252362487 0 -13.6894039978 4.43768339581 9.68003467128 1.83660628843
4.97849334194 0 -13.6653177604 4.53577050739 9.86657604385 1.62053784976
5.0004609312 0 -13.5532541125 4.89800264274 10.5311719821 0.864129176202
5.00207291637 0 -13.5404785666 4.92627533859 10.5785788429 0.811024571753
5.00224087563 0 -13.5533503278 4.93403337871 10.583507599 0.805510295041
5.00880421058 0 -13.5036228251 5.03576946746 10.7745162926 0.592824238726
5.02030068085 0 -13.452311983 5.2320949462 11.1015850126 0.233422593374
5.10233523256 0 -12.9064394429 6.58235026791 13.1540723081 -1.84557592317
5.13261181541 0 -12.659516602 7.06472087945 13.7853567325 -2.39901935071
5.14531562757 0 -12.550849069 7.27839928442 14.029823574 -2.59731695926
5.14547276262 0 -12.5499275132 7.28070638932 14.0327717853 -2.5996449274
5.14646842365 0 -12.5549482823 7.30379754825 14.0514096939 -2.61432499468
5.14705321483 0 -12.5404951083 7.29990145038 14.0623218832 -2.62289024195
5.16764432897 0 -12.3627946438 7.63466954296 14.430231566 -2.89771821737
5.17054479139 0 -12.3419824429 7.68872495395 14.4795055221 -2.93226584037
5.17310382928 0 -12.3191576931 7.73021536356 14.5224566308 -2.96189686074
5.1827644859 0 -12.2240389498 7.88721314743 14.6801875424 -3.06659732568
5.18651357957 0 -12.1894775717 7.94794727666 14.7395204281 -3.10418985171
5.20630046593 0 -12.0188868638 8.27098380058 15.0352815749 -3.27463714895
5.21611995604 0 -11.9194657558 8.42215620764 15.1712218352 -3.34190208385
5.22131582089 0 -11.8688897554 8.50517673058 15.2402512237 -3.3728845506
5.22708634951 0 -11.8173158676 8.60330387604 15.3145649427 -3.40357397631
5.24117463086 0 -11.6625510498 8.82233684823 15.4856248406 -3.46216251495
5.24569846906 0 -11.6205036649 8.88579755168 15.5374385294 -3.47609161896
5.26931649223 0 -11.3795941029 9.26530921422 15.7834587052 -3.51072477911
5.27888515263 0 -11.2690609725 9.41618077744 15.8714797168 -3.50676733801
5.27898415657 0 -11.2682457428 9.41756994677 15.8723554587 -3.50667274352
5.28304275773 0 -11.2382547188 9.48596465719 15.9076402211 -3.50185338778
5.28855941745 0 -11.1681660198 9.55897134448 15.9536761168 -3.4923648863
5.30493534258 0 -10.983962749 9.82110271823 16.0773128368 -3.44443803814
5.32059786164 0 -10.8075997747 10.0622643913 16.1774414166 -3.37131140233
5.349015657 0 -10.477627027 10.4956922846 16.3143140458 -3.17206910008
5.35123691464 0 -10.4600783398 10.5281442216 16.3225984562 -3.15294636727
5.35608492655 0 -10.3945124392 10.6004275102 16.3394720039 -3.10944947109
5.372033267 0 -10.2110522303 10.8407646377 16.3833471841 -2.94949393921
5.38368274205 0 -10.0648423783 11.0068535903 16.4041950083 -2.81654549422
5.4131786001 0 -9.69321378938 11.4478050492 16.4152311451 -2.42075544751
5.4240126794 0 -9.56377372176 11.606116372 16.40443835 -2.25462744237
5.43337375085 0 -9.43961342975 11.7405005921 16.3887694048 -2.10234228644
5.4334329263 0 -9.43899947581 11.7412582014 16.388651749 -2.10135412831
5.44208278158 0 -9.32665603558 11.8591014123 16.3689515855 -1.95350144807
5.44813593147 0 -9.25773425597 11.9588088601 16.35222147 -1.84603906813
5.44866852461 0 -9.24110922569 11.9530717165 16.3506339216 -1.83642780019
5.45152213502 0 -9.20375746602 12.0004225051 16.3418104842 -1.78450347975
5.45399742617 0 -9.17572025985 12.0362598707 16.3337242404 -1.73888142195
5.47074965833 0 -8.95001779599 12.2655402118 16.268502911 -1.41610629815
5.47542117151 0 -8.89745612284 12.3443434342 16.2470774966 -1.32180670685
5.47803163796 0 -8.86260146133 12.3808197559 16.2344943626 -1.26830888774
5.47935367439 0 -8.84496490407 12.3992394896 16.2279552797 -1.24099729834
5.49247741488 0 -8.65455156758 12.5748768305 16.1570027392 -0.962004352555
5.49487454042 0 -8.63573528733 12.6146875293 16.1428639753 -0.909516771936
5.49735887109 0 -8.58841150891 12.6438483384 16.12782885 -0.854627722847
5.52015758977 0 -8.28066666668 12.9466127429 15.97186188 -0.327968020961
5.53109189649 0 -8.12514514674 13.1022793945 15.8856915943 -0.0610754491629
5.53294933133 0 -8.10308971612 13.1190431661 15.8703305744 -0.0148402551183
5.53826715998 0 -8.02935790812 13.1898699606 15.8251984779 0.118952605362
5.54345341205 0 -7.95689513606 13.2588476948 15.7795436707 0.251445496667
5.55268096233 0 -7.82779440219 13.3805866396 15.6943402733 0.492013874677
5.55648162585 0 -7.77403713155 13.4306922796 15.6577777614 0.592872713449
5.56417935209 0 -7.66505587215 13.531511944 15.5811210893 0.800264461628
5.57089405207 0 -7.57037920466 13.6184147394 15.5114268602 0.984526808929
5.57860533404 0 -7.46038995311 13.7181081583 15.4281682343 1.19992150279
5.58010079371 0 -7.44358084006 13.744575 15.4116257775 1.24215522901
5.59588416793 0 -7.21314925879 13.945147602 15.2292715167 1.69684595056
5.61476625897 0 -6.93635173534 14.1820434904 14.9927748486 2.26157420888
5.61856459695 0 -6.88094568987 14.2293466567 14.9428279366 2.37780945973
5.62879582984 0 -6.74566711427 14.3621104555 14.8043957789 2.69514777427
5.63694841106 0 -6.61638780538 14.4486242534 14.6900639884 2.95234599527
5.64057197857 0 -6.57362110689 14.5055319322 14.6381132416 3.06786755714
5.64521105352 0 -6.49573067122 14.555052798 14.5705928537 3.21682733886
5.65197496403 0 -6.39202245082 14.638097262 14.4701279933 3.43611910649
5.65210332111 0 -6.40380776263 14.6446860063 14.4681984809 3.44030437283
5.65449798984 0 -6.35960779192 14.6661960037 14.4320444628 3.51854692756
5.66870515674 0 -6.14958347057 14.8347185615 14.2114929684 3.98890910699
5.67436170547 0 -6.0753588828 14.9077593281 14.1208291153 4.17904121779
5.68133908254 0 -5.96199618325 14.9757561219 14.0067889283 4.41573967368
5.68426875172 0 -5.91860544905 15.0162623282 13.9581853318 4.51582531126
5.69249738398 0 -5.80561727356 15.1177142363 13.8194150941 4.79910243811
5.70236708933 0 -5.66811259593 15.2173825968 13.6486309334 5.14296862448
5.70262839873 0 -5.66508135578 15.2172859187 13.6440456317 5.15213195796
5.70773558214 0 -5.62302047537 15.25972802 13.5537744649 5.33182526035
5.71059211805 0 -5.60557900925 15.2804436623 13.5027447158 5.43282263876
5.71258408614 0 -5.58970130523 15.2900427657 13.4669320479 5.50345765281
5.71510529608 0 -5.57146495827 15.3095649328 13.4213372324 5.59309940073
5.72097310822 0 -5.52887725247 15.3610997103 13.3140721184 5.80275151949
5.75773698876 0 -5.25184439123 15.6347487111 12.6064312573 7.14662040272
5.77303615618 0 -5.15244231577 15.7492762744 12.2945122305 7.7198383535
5.77353262624 0 -5.13517352785 15.7411495863 12.2842243973 7.73856440897
5.78645516643 0 -5.03808579964 15.8301978024 12.0128488758 8.2285834389
5.78999685881 0 -5.02416015054 15.866080833 11.9372780627 8.36372733172
5.79424475893 0 -4.97928192777 15.8828201247 11.8459705211 8.52627621385
5.79962443686 0 -4.93768870442 15.9189997895 11.7292999536 8.73282822696
5.81239142168 0 -4.83912167843 16.0081551668 11.4478612331 9.22596142653
5.82221141375 0 -4.76848073104 16.07091398 11.2271140043 9.60789295935
5.82715431154 0 -4.73213078197 16.1041149974 11.1146245067 9.80094047918
5.82810919585 0 -4.72261195268 16.1019017994 11.0927885217 9.83829315213
5.83660420758 0 -4.65900066632 16.1604377036 10.897048851 10.1714040418
5.83889847158 0 -4.64296312773 16.1765046797 10.8437334602 10.2616078874
5.83997446277 0 -4.63191488137 16.175080582 10.8186634506 10.3039465793
5.84255799949 0 -4.61243848439 16.1906556756 10.75829845 10.4056914356
5.84578116523 0 -4.58913174855 16.216011474 10.6826537322 10.5327932873
5.87021765579 0 -4.40081822124 16.3594730972 10.0973709173 11.5018229992
5.87285381434 0 -4.38074451473 16.374313755 10.0330200482 11.6068640504
5.88465740399 0 -4.29620957753 16.4372347448 9.74208940016 12.0781935065
5.88506189407 0 -4.29033049116 16.439005451 9.73203979357 12.094371958
5.88740094725 0 -4.28819184262 16.4575495706 9.67382331545 12.1879593331
5.88843824745 0 -4.26344082868 16.4595877426 9.64795035422 12.2294795484
5.88857662734 0 -4.26662896951 16.4583815815 9.64449622187 12.2350192797
5.89357317821 0 -4.22518244188 16.4868067123 9.51937190351 12.4351621291
5.90317929014 0 -4.1688441202 16.5408733573 9.27663516855 12.8205234954
5.91362573729 0 -4.07634464156 16.5875219706 9.00948873599 13.2402984509
5.92588509823 0 -3.98932263915 16.6500946642 8.69189692603 13.7335843152
5.92590836362 0 -3.98903155951 16.6502479059 8.69129011677 13.7345209398
5.92809495155 0 -3.96771559458 16.6585365543 8.63419123748 13.8225552794
5.92893808125 0 -3.96455419255 16.6628881096 8.61213847116 13.8565035521
5.9300393072 0 -3.95245579434 16.6699713285 8.58330500204 13.9008461976
5.93539219837 0 -3.91691747913 16.6932782854 8.44267001464 14.1164175159
5.93818912513 0 -3.9085644228 16.7118996423 8.36887371256 14.2290676824
5.94505327772 0 -3.84499601523 16.7315177293 8.18686772822 14.5055377643
5.9538187212 0 -3.79317015891 16.7825572817 7.95263367756 14.8585255872
5.95499998161 0 -3.7717441495 16.7822789164 7.92091488792 14.9060842925
5.95894186699 0 -3.75596706971 16.8047794369 7.81481068561 15.0647610837
5.9664583873 0 -3.68414138818 16.8333134365 7.61140344039 15.3671824574
5.96703585265 0 -3.6811442697 16.8334399846 7.59571846089 15.3904065933
5.97099924452 0 -3.65192726234 16.8501082001 7.48784575994 15.5497599245
5.98085448516 0 -3.58389827781 16.8904356771 7.21797821119 15.9456135178
5.99294747249 0 -3.49385675869 16.9373025957 6.88375224384 16.4303914147
5.99453200525 0 -3.48415244161 16.9377583882 6.83971502046 16.4938183228
6.00868111516 0 -3.38064228793 16.9958323551 6.44407249228 17.0590552197
6.01172000683 0 -3.36398064865 17.0089127028 6.35854697363 17.1801603034
6.01648821948 0 -3.32521319306 17.0234020303 6.22397178386 17.3699487153
6.01945770707 0 -3.30951435073 17.0357680028 6.1399317825 17.487991845
6.02179838995 0 -3.29028151643 17.035735806 6.07356465822 17.5809535301
6.02228389145 0 -3.28371958784 17.045351995 6.0597854108 17.6002258968
6.03069843299 0 -3.22565686603 17.0710697997 5.82024632456 17.9336984892
6.03400656269 0 -3.20138582012 17.0840513155 5.72570616872 18.0645036003
6.03877932725 0 -3.17097370181 17.0913362595 5.58895440774 18.2529071339
6.03967290815 0 -3.17783265361 17.1058942551 5.56330512852 18.2881384986
6.05114676994 0 -3.08627298119 17.1351191855 5.23270983542 18.7392619173
6.05354938966 0 -3.06582568712 17.1440181671 5.1631970304 18.8334175663
6.05627207157 0 -3.05145778603 17.1499341116 5.0843078007 18.9399801867
6.05853636204 0 -3.03744799244 17.1584545465 5.01860748489 19.0284896617
6.0598650766 0 -3.02822291437 17.1622716238 4.9800148797 19.0803798727
6.06083953468 0 -3.01918557545 17.1568858133 4.95169358239 19.1184123491
6.06126758939 0 -3.01341631596 17.1659563089 4.93924793934 19.1351128597
6.07226390155 0 -2.93992367793 17.1936115451 4.61854711412 19.56279481
6.07292000946 0 -2.93461546448 17.1975273783 4.59935361212 19.588229014
6.07304846677 0 -2.93309686214 17.1980928537 4.59559502299 19.5932075584
6.07454409849 0 -2.92695417349 17.2001600723 4.55181559907 19.6511452797
6.07581334407 0 -2.91856695295 17.2034004924 4.5146368807 19.7002731199
6.07735876339 0 -2.9202856483 17.2130726252 4.46933658718 19.760040367
6.07752754465 0 -2.90416114321 17.2074110316 4.46438705717 19.7665644139
6.07876171782 0 -2.89621226586 17.2104435975 4.42818224138 19.8142496846
6.08818112319 0 -2.83483733383 17.2282113026 4.15115067751 20.1769863889
6.09311862159 0 -2.80032635965 17.24551036 4.00544981837 20.3662463606
6.09534363579 0 -2.78832366258 17.2511251654 3.93968659916 20.4513286685
6.09646834611 0 -2.77687109901 17.255579608 3.90641991081 20.4942871616
6.09671418332 0 -2.79228800241 17.2596395169 3.89914637275 20.5036725126
6.10472577063 0 -2.72456307533 17.2713682632 3.66169352105 20.8086432988
6.10737734434 0 -2.70702230112 17.2771227714 3.58293138247 20.9091908686
6.11198468865 0 -2.67598069545 17.2889919566 3.44587817034 21.0834290809
6.11295685617 0 -2.67203211533 17.2832840252 3.41692812297 21.1201162855
6.12011860457 0 -2.64016917634 17.308809522 3.20333440385 21.3895288868
6.12162569442 0 -2.61532992701 17.3056697616 3.15831558226 21.4460281826
6.12179889849 0 -2.61334230945 17.3063064598 3.15314019791 21.452517024
6.12203843387 0 -2.61371999773 17.3011000653 3.14598229428 21.4614893711
6.1277184273 0 -2.57932981299 17.3174079661 2.97607585906 21.6737305525
6.13047127286 0 -2.56109562592 17.3226148022 2.8936122306 21.7762331882
6.13542531242 0 -2.52614560422 17.3329708414 2.74502465128 21.9600901322
6.1393445378 0 -2.50145044854 17.3395496775 2.62731152163 22.1049788838
6.14747205744 0 -2.46745871846 17.3560409755 2.3827689344 22.403813963
6.14977420569 0 -2.43644943086 17.3559093619 2.31339999464 22.4880519098
6.15262883984 0 -2.43584701768 17.3636075924 2.22732411607 22.5922507615
6.15277011735 0 -2.43426089282 17.3640619784 2.22306249876 22.5974002326
6.1540316405 0 -2.42670450276 17.3658009757 2.18500194324 22.6433508192
6.15616410917 0 -2.39772123659 17.3649090061 2.12063692652 22.7208975369
6.15876113061 0 -2.38186727886 17.3684681136 2.04220413327 22.815118919
6.15928237438 0 -2.39432669086 17.373160099 2.02645605513 22.8340007823
6.16232400481 0 -2.36257735716 17.3654881112 1.93452199598 22.9439867223
6.16356947555 0 -2.35530200158 17.3669998585 1.89685858572 22.988925979
6.16677067249 0 -2.33715521382 17.3770117546 1.80000503101 23.1041702767
6.16852572784 0 -2.32349265654 17.3788275407 1.74687631193 23.1671916565
6.1770866081 0 -2.27090409293 17.3910108586 1.48744808365 23.4729334255
6.17751944617 0 -2.27028604572 17.3889166605 1.47431989053 23.488317255
6.17849960115 0 -2.26687727983 17.3905333938 1.44458741259 23.5231268654
6.17887174128 0 -2.2620012284 17.3904516506 1.43329733967 23.5363334261
6.17934090934 0 -2.26400549314 17.3932453423 1.41906252263 23.552975647
6.17965890386 0 -2.25579464614 17.393698436 1.40941370804 23.5642505972
6.18069235343 0 -2.25575204505 17.3947416833 1.3780522601 23.6008657516
6.18072248232 0 -2.25542110588 17.3948261302 1.37713787122 23.6019325923
6.18414503814 0 -2.23051415447 17.3959485955 1.27323484031 23.7228901952
6.18653763562 0 -2.23166647879 17.404274363 1.20056421768 23.8071720826
6.18668551226 0 -2.2159159207 17.3982826511 1.19607182134 23.8123737043
6.19022798183 0 -2.19783339113 17.4020280069 1.08842292246 23.9367187864
6.19115484346 0 -2.19411936869 17.4048215865 1.06024782677 23.9691690698
6.19402190529 0 -2.17635255528 17.4051092751 0.973069892869 24.0693258535
6.19638851578 0 -2.16365267423 17.4092649028 0.901082941673 24.151745817
6.198460856 0 -2.14724118354 17.4084862992 0.838028615499 24.2237270601
6.20060487399 0 -2.13804167399 17.4104282624 0.772776140152 24.2980094588
6.20828951016 0 -2.08998092389 17.4176514805 0.538765725912 24.5626579532
6.21006725094 0 -2.08167222769 17.416257553 0.484604071991 24.6235209285
6.23559056131 0 -1.93929468339 17.429283875 -0.293747560389 25.4818679409
6.23801364022 0 -1.92717712421 17.4294790678 -0.367684728412 25.5618067315
6.24033288419 0 -1.91687649289 17.4222787124 -0.438455873156 25.6380608845
6.25180859169 0 -1.85746080006 17.4227529686 -0.788632066186 26.0115840676
6.26117216817 0 -1.80772895034 17.422525348 -1.0742913967 26.3115952486
6.26640678215 0 -1.78494142274 17.4292029377 -1.23393262776 26.4774048788
6.27069416813 0 -1.75665102568 17.4283854717 -1.36464656521 26.6121744165
6.29248678649 0 -1.65618085474 17.4188365162 -2.02826477312 27.2824069684
6.29754396344 0 -1.6288487253 17.4078719806 -2.18201518448 27.4343187525
6.30196473041 0 -1.60969983709 17.4106556877 -2.31632265701 27.5659693762
6.30219729997 0 -1.62078565696 17.4161571354 -2.32338577604 27.5728655459
6.30993463672 0 -1.58532430152 17.4100072345 -2.55821042983 27.8005826732
6.31031927923 0 -1.57060286021 17.3978875827 -2.56987581529 27.8118158734
6.31245024492 0 -1.5609152567 17.4024551797 -2.63448839907 27.8738984602
6.31322688128 0 -1.55982444615 17.4034839823 -2.65803019333 27.8964610086
6.31383143189 0 -1.56758082671 17.4066411404 -2.67635321583 27.9140006035
6.31784780843 0 -1.54886907749 17.4031608551 -2.79802840151 28.0300000847
6.32743991816 0 -1.49284685466 17.3818355299 -3.08820622213 28.3032998337
6.32845127445 0 -1.48676628149 17.3863103009 -3.11876547094 28.3318056254
6.33383617481 0 -1.46562511692 17.3744575472 -3.28135316397 28.482577056
6.34049244759 0 -1.43647274657 17.366644386 -3.4820275639 28.6665855443
6.34103660915 0 -1.43567034232 17.3718375554 -3.49841770854 28.6815122637
6.34138323749 0 -1.4316690304 17.3708756134 -3.50885691447 28.6910113065
6.34270311284 0 -1.42602206536 17.3692173754 -3.54859795251 28.7271156477
6.34491472659 0 -1.41952933745 17.3667728605 -3.61515700019 28.7873791665
6.34571763947 0 -1.41849403574 17.3674618973 -3.63931081504 28.8091848385
6.34791780852 0 -1.40424127297 17.362317096 -3.70547005199 28.8687385832
6.3517030899 0 -1.38927407688 17.3568508666 -3.81919616149 28.9705130337
6.35897633201 0 -1.35841246856 17.3485803364 -4.03735528431 29.1636177068
6.36207540565 0 -1.36183904013 17.3477646029 -4.13016131147 29.2449108301
6.36302253928 0 -1.34653525104 17.3403988754 -4.15850609316 29.2696370219
6.36723606334 0 -1.34178118986 17.3394684431 -4.28449689608 29.378961345
6.36793962057 0 -1.32850378735 17.3346406603 -4.30551705436 29.3971080787
6.37290599437 0 -1.30651340855 17.3183651372 -4.45375303331 29.5243226499
6.3799013659 0 -1.28182195116 17.3118902769 -4.66210820438 29.7008704691
6.38138472146 0 -1.27536576579 17.3095283352 -4.70622090215 29.7379074489
6.38336325441 0 -1.26693920365 17.2998790977 -4.76502111798 29.7870893443
6.38450099392 0 -1.26357238847 17.2974797596 -4.79881368244 29.8152574375
6.38564752638 0 -1.25701909469 17.301148207 -4.83285247406 29.8435591548
6.38682843977 0 -1.25330876343 17.2987085503 -4.86789618657 29.8726211652
6.38726168639 0 -1.25265698914 17.2925683526 -4.88074877587 29.8832607451
6.38736997578 0 -1.25575135673 17.3001082747 -4.88396092239 29.8859182032
6.38961537411 0 -1.24537351212 17.2876201664 -4.9505344465 29.9408504433
6.39433891393 0 -1.22853562976 17.2847187185 -5.0903868964 30.0553424793
6.39887968063 0 -1.21164023506 17.2694311519 -5.22457235605 30.1640337304
6.40214114526 0 -1.20121894208 17.2687413577 -5.32079422615 30.2412683915
6.40312621504 0 -1.19449513946 17.2683005156 -5.34982987198 30.2644580765
6.40585918009 0 -1.18447729569 17.2627101108 -5.4303206686 30.3284595635
6.40652947068 0 -1.18607363024 17.2530393433 -5.45004715551 30.3440811347
6.41051130241 0 -1.17225535795 17.2444824809 -5.56710966961 30.436265013
6.41242220342 0 -1.16705073706 17.2462316786 -5.6232135893 30.480129285
6.41638124847 0 -1.15373042939 17.2373753747 -5.73929331738 30.5702302494
6.42078316008 0 -1.13616660753 17.2269229228 -5.86810375733 30.6691722212
6.4228896929 0 -1.13273236176 17.2222089704 -5.92964947558 30.7160575441
6.42335410525 0 -1.12811932885 17.2207920365 -5.94320952073 30.7263535443
6.42411682329 0 -1.12921424014 17.2191548592 -5.96547287778 30.7432311934
6.42531522989 0 -1.12102112477 17.218292371 -6.00043686316 30.7696700146
6.42548593874 0 -1.1245491251 17.2159907436 -6.00541567413 30.7734281821
6.42965390012 0 -1.12356142893 17.2115664065 -6.12684465342 30.8645695153
6.43967150885 0 -1.07697480624 17.1824829264 -6.41763652405 31.0787500258
6.44082414096 0 -1.07432976163 17.1792219823 -6.45099676405 31.1029491256
6.44258912479 0 -1.0850919866 17.1784841839 -6.5020399124 31.1398255349
6.44338010625 0 -1.07180768347 17.1728745674 -6.52489914919 31.1562814779
6.44600706701 0 -1.0593813239 17.1654906529 -6.60074687489 31.2106210955
6.45258723681 0 -1.04041269772 17.147737765 -6.79024839808 31.3446145404
6.45973362912 0 -1.02179352884 17.1254889577 -6.99524976345 31.4866837169
6.46161799903 0 -1.01625554832 17.1221489481 -7.04916168708 31.5235418102
6.46253264033 0 -1.01646842511 17.1117181705 -7.07530779475 31.5413410627
6.47101150692 0 -0.995398560307 17.092881799 -7.31699661098 31.7034985317
6.4721220994 0 -0.988637177254 17.0914025171 -7.34856035504 31.724356691
6.47826938556 0 -0.975962692359 17.0649163114 -7.52287013792 31.8382008986
6.47846986333 0 -0.978498366232 17.0722060968 -7.52854327946 31.8418676266
6.47906711273 0 -0.987594373411 17.074036936 -7.54543995649 31.8527740214
6.48264103436 0 -0.967377682896 17.0570449265 -7.64641225258 31.9174964879
6.48652504317 0 -0.958403922492 17.0447104827 -7.75587661859 31.9867802715
6.48930301333 0 -0.964507127122 17.0413660098 -7.83399528466 32.0356583876
6.49294445007 0 -0.939383225565 17.0260080061 -7.93617298248 32.0988724183
6.49385622792 0 -0.940018293251 17.0152203374 -7.9617173848 32.114548036
6.49504832852 0 -0.937953324186 17.0111051037 -7.9950910941 32.1349507517
6.50188785487 0 -0.925668983086 16.9964075897 -8.18603236133 32.2499810008
6.50409774184 0 -0.919036820518 16.9806543199 -8.2475289885 32.2864072637
6.50465285061 0 -0.914404573373 16.9868533309 -8.26296120423 32.2955002815
6.50818240507 0 -0.909828696433 16.9669466483 -8.36093908394 32.352779937
6.5138500077 0 -0.900631187859 16.9528793819 -8.51773786849 32.4428112264
6.51589551739 0 -0.895306393188 16.9397320666 -8.57416621971 32.4747137006
6.52586526596 0 -0.890431918896 16.915397645 -8.8479403922 32.6256950962
6.52589207947 0 -0.890249158915 16.9153466121 -8.84867385894 32.6260910316
6.52607898006 0 -0.874841387301 16.9085973038 -8.85378597826 32.6288493413
6.5276692448 0 -0.873750710555 16.8971600389 -8.89725264951 32.6522115908
6.5283275124 0 -0.886891687726 16.9060646031 -8.91522911756 32.6618259138
6.5285459141 0 -0.871277056529 16.8992488463 -8.92119132821 32.6650085101
6.53328775123 0 -0.861553254258 16.8840442019 -9.05038464035 32.7332133159
6.53386380502 0 -0.861841093955 16.8795654329 -9.06604600869 32.7413824112
6.53539551011 0 -0.86132227309 16.8680976216 -9.10765349434 32.7629805656
6.53658935546 0 -0.859960839833 16.8633751116 -9.14004741119 32.779690414
6.53746063719 0 -0.871771553104 16.8717744977 -9.16366893822 32.7918166828
6.53753404964 0 -0.871283646958 16.8716245383 -9.16565847144 32.7928357658
6.54263505032 0 -0.863973235588 16.8518263207 -9.30360498133 32.8626349503
6.54341081464 0 -0.851910716066 16.8452649364 -9.32453284366 32.8730751869
6.55177929807 0 -0.850703202681 16.8159563301 -9.54941991003 32.982752178
6.55339202896 0 -0.832809096228 16.8036752038 -9.59257409041 33.0032671815
6.55858262119 0 -0.826127160504 16.7827167164 -9.73105504175 33.0679267262
6.56150085639 0 -0.82806858184 16.7728365822 -9.80863329007 33.1033604028
6.56358478295 0 -0.835159762594 16.7682799771 -9.86390874438 33.1282579843
6.58009760254 0 -0.80134464351 16.6948696853 -10.2981974238 33.3135317023
6.5843035334 0 -0.814274276125 16.680234492 -10.4077411585 33.3572966286
6.58509272076 0 -0.802614854336 16.6732629718 -10.42824621 33.3653528752
6.58897449368 0 -0.799483095597 16.6561817164 -10.5288755764 33.404261852
6.60068806953 0 -0.791071347761 16.603730986 -10.8301986101 33.5144235033
6.60183689284 0 -0.791133060948 16.5982337403 -10.8595599487 33.5246394815
6.60187282848 0 -0.790928886477 16.5981336582 -10.860477826 33.5249573423
6.60246429744 0 -0.801140289758 16.5991047536 -10.875580424 33.5301742384
6.60958018223 0 -0.783152136586 16.5549518862 -11.0565557538 33.5907457742
6.61316735813 0 -0.779965447483 16.5437541553 -11.1472772422 33.6197426999
6.61320185641 0 -0.782901540838 16.5375675667 -11.1481480495 33.6200165535
6.61805474605 0 -0.793758441068 16.5265731891 -11.2703257106 33.6575867055
6.61930000385 0 -0.793603805117 16.5205691554 -11.3015740028 33.6669218384
6.62017247665 0 -0.781916186777 16.5130419052 -11.3234425902 33.6733879766
6.62332572913 0 -0.791730731063 16.5015804341 -11.4023059871 33.6962460642
6.62546496457 0 -0.775231671217 16.4874186734 -11.4556536079 33.711296812
6.62723992203 0 -0.790697806656 16.4827578369 -11.4998213754 33.7235041189
6.63472731671 0 -0.777754344174 16.4404330062 -11.6851748783 33.772193769
6.63619104535 0 -0.776794428895 16.4335152078 -11.7212270835 33.7811814641
6.63729417588 0 -0.772787598484 16.4299118375 -11.7483578048 33.7878401192
6.64289994228 0 -0.788922059105 16.4058136509 -11.8856960833 33.8201499774
6.64488908716 0 -0.778539718427 16.3921364542 -11.9342143138 33.8310005283
6.64687466479 0 -0.774641513468 16.3795820452 -11.9825326541 33.8415103375
6.64768487722 0 -0.773056097904 16.3779513152 -12.0022163946 33.8457065821
6.6489105582 0 -0.773570353571 16.3716172158 -12.0319578634 33.8519529209
6.65052919627 0 -0.790453252003 16.3670316288 -12.0711681692 33.8600141412
6.65269073708 0 -0.779463276813 16.3526207387 -12.1234117296 33.8704457965
6.6542129331 0 -0.778844578737 16.3425929591 -12.1601212312 33.8775630459
6.6579626901 0 -0.775551562521 16.3252401704 -12.2502627862 33.8942878673
6.6584674954 0 -0.791407245249 16.3265930072 -12.2623665406 33.89645161
6.66160337868 0 -0.782643075483 16.3063661636 -12.3373881054 33.9094257537
6.66175835273 0 -0.781906120482 16.3058352134 -12.3410881297 33.9100460531
6.66359924011 0 -0.793349320066 16.2998244478 -12.3849852658 33.9172639029
6.6654218359 0 -0.780354461034 16.278742295 -12.4283473715 33.924136439
6.66791311961 0 -0.781901201916 16.2654689564 -12.487458804 33.9330897752
6.67020885058 0 -0.781322795971 16.2589057039 -12.5417663623 33.9408894233
6.67276085951 0 -0.796912965147 16.2516892955 -12.6019510646 33.9490518058
6.67615978891 0 -0.782946956017 16.2296210052 -12.6818044488 33.9590918447
6.67625564883 0 -0.782513001721 16.2292783923 -12.6840514915 33.9593612299
6.68275927811 0 -0.786406493567 16.194291527 -12.83585041 33.975871464
6.68298252814 0 -0.790350473104 16.191285478 -12.8410383097 33.9763763741
6.68476041905 0 -0.791460824691 16.1752671106 -12.8822985508 33.980250714
6.68943009128 0 -0.795177101045 16.1560694916 -12.9902065481 33.9891854884
6.69023236523 0 -0.798100593655 16.1534247043 -13.0086779261 33.9905394387
6.70065966626 0 -0.806863151919 16.0957201535 -13.2469304516 34.0033011456
6.70801485265 0 -0.809273754942 16.0520893007 -13.4129317575 34.0068946896
6.71562486513 0 -0.832848939563 16.0147906836 -13.582869905 34.0058965363
6.71971705713 0 -0.822678959557 15.985196732 -13.6734818266 34.0033747608
6.72720192678 0 -0.848139734345 15.9475646808 -13.8378096448 33.9951673885
6.72922584643 0 -0.840278989761 15.9320793515 -13.8819296087 33.9921492977
6.73162801066 0 -0.840634259778 15.9100686585 -13.9341202857 33.9881256821
6.73585586397 0 -0.849197651214 15.8932474793 -14.0255142864 33.9798798344
6.73802423774 0 -0.850635970684 15.8720649316 -14.0721584769 33.9750745495
6.73886647263 0 -0.851911794834 15.8734672884 -14.090233757 33.9731027377
6.74026770329 0 -0.86693247582 15.8705581727 -14.1202533328 33.9696915981
6.7407130504 0 -0.854363790746 15.8562120159 -14.1297806106 33.9685732768
6.7432674991 0 -0.858672239356 15.8408599182 -14.1842996923 33.9618402912
6.74910820531 0 -0.869390427606 15.8117734135 -14.3081340874 33.9444074331
6.74970041283 0 -0.869744253758 15.8020214749 -14.3206258784 33.9424815046
6.75307845943 0 -0.875950795811 15.787836828 -14.3916541871 33.9309381661
6.75354488986 0 -0.873630554909 15.7846921066 -14.4014311692 33.9292697513
6.76021829551 0 -0.888123531249 15.7381267447 -14.5405031541 33.903418271
6.76110210832 0 -0.902919989526 15.7444370755 -14.558807476 33.8997168843
6.76410780286 0 -0.895645217519 15.7141551937 -14.6208567103 33.8866431243
6.76781513822 0 -0.900842373315 15.6969456884 -14.6969621525 33.8694829515
6.77019285234 0 -0.920932295456 15.6881604011 -14.7455226976 33.8578758471
6.77019504423 0 -0.920925660576 15.6881506364 -14.7455673728 33.8578649303
6.77442386928 0 -0.917059067781 15.6498391349 -14.8314484945 33.8360596148
6.77461535665 0 -0.916492777849 15.6489789543 -14.8353225913 33.8350370673
6.78024347941 0 -0.925833634025 15.6214458835 -14.9486164377 33.8036220684
6.78537327555 0 -0.937745930746 15.5888199692 -15.0509109115 33.7726966773
6.78715688687 0 -0.957691926855 15.5813893949 -15.086260963 33.7614321036
6.79031971683 0 -0.95529245262 15.5572654592 -15.1486694183 33.7408076485
6.79162654056 0 -0.958373823817 15.5489085408 -15.1743518514 33.7320436396
6.79176455565 0 -0.958003896499 15.5482685965 -15.1770606584 33.7311097905
6.79250276209 0 -0.955465420659 15.5410700994 -15.1915378523 33.7260880453
6.79981101378 0 -0.976780812107 15.4942189337 -15.333813353 33.6739342301
6.80067518123 0 -0.963575751045 15.4776718 -15.3505104039 33.6674745443
6.80069597936 0 -0.963523023328 15.4775738293 -15.3509119256 33.6673183148
6.80273621055 0 -0.929181389709 15.4547851782 -15.3902243894 33.6518184933
6.80278154446 0 -0.929067976341 15.4545708678 -15.3910962117 33.6514701711
6.80979680255 0 -0.80038161772 15.3446267336 -15.5251140636 33.5955178108
6.8103012404 0 -0.803433950884 15.3471292755 -15.5346821178 33.5913375289
6.81119677584 0 -0.780986898138 15.3326550809 -15.5516456728 33.5838643576
6.81528709491 0 -0.706415292996 15.2740705942 -15.628755315 33.5488876948
6.8156517675 0 -0.697156534823 15.2648589329 -15.635600447 33.5457021945
6.81800938273 0 -0.664935574201 15.2330658509 -15.6797372214 33.5248426984
6.81853453317 0 -0.636266762931 15.2188675357 -15.6895408716 33.5201337846
6.82210991317 0 -0.582153869272 15.1693987582 -15.7560185789 33.4874687723
6.82351199593 0 -0.558994807193 15.1497274097 -15.781959744 33.4743711807
6.82600653769 0 -0.513429510586 15.1118600237 -15.8279346988 33.4506674057
6.82659600597 0 -0.501170969103 15.096484218 -15.8387652488 33.4449911658
6.8301223338 0 -0.430364515625 15.0467278389 -15.9032880874 33.4104365165
6.83724730496 0 -0.322735884073 14.9486851801 -16.0322511993 33.3374939116
6.83763312645 0 -0.322203466661 14.9441197656 -16.0391807629 33.3334248262
6.84152670936 0 -0.254462061736 14.8861362527 -16.108800792 33.2916762915
6.84441574049 0 -0.18141344945 14.8342861325 -16.1600923598 33.2598943217
6.84515616191 0 -0.182513683394 14.8315687292 -16.1731873676 33.2516387446
6.84716632306 0 -0.136233144387 14.7947272042 -16.2086350547 33.2289990327
6.85190404243 0 -0.075024807474 14.7309933069 -16.2915797141 33.1743297937
6.85357756706 0 -0.0245970443572 14.6979689347 -16.320676238 33.1545794782
6.85673245333 0 0.0136723123002 14.6576165893 -16.3752401459 33.116723683
6.85706937694 0 0.0140039216872 14.6532474325 -16.3810449703 33.1126328157
6.86016946706 0 0.0866602561138 14.5999806187 -16.4342539037 33.0745568824
6.86752840782 0 0.19095682817 14.4965147207 -16.5590951243 32.9810333466
6.86915184824 0 0.240891157402 14.4635662971 -16.5863575353 32.959807377
6.87418781944 0 0.314174406174 14.3922652597 -16.6702834425 32.8926001492
6.87822977017 0 0.393944044179 14.326085231 -16.7369380763 32.8371688747
6.88165348892 0 0.436004712211 14.2833175395 -16.7929044363 32.7891800824
6.88302743225 0 0.452851428868 14.2609978356 -16.8152363352 32.7696552862
6.8832288587 0 0.4664465061 14.2546681646 -16.81850415 32.7667800252
6.88478451169 0 0.502537974307 14.2271646414 -16.8436891014 32.744463349
6.88576651077 0 0.496305786713 14.2207539068 -16.8595386609 32.7302753337
6.88634547525 0 0.521336350008 14.1999237241 -16.8688656621 32.7218738927
6.88647155431 0 0.521481550935 14.19924984 -16.8708950442 32.7200407505
6.889888763 0 0.574628411925 14.1549637277 -16.9256634428 32.6698671258
6.8961037626 0 0.668303188383 14.062631423 -17.0241061886 32.5762020345
6.89692913022 0 0.68944185051 14.0479819473 -17.0370661109 32.5635292801
6.89822177245 0 0.710804103989 14.0281580308 -17.0573095837 32.5435719519
6.89826500042 0 0.710845664733 14.0279236312 -17.0579854259 32.5429022283
6.89854564927 0 0.715829277321 14.0259576955 -17.0623714137 32.5385505336
6.90225229459 0 0.774866962105 13.9677905883 -17.1200091036 32.4804828278
6.90507900859 0 0.822264346698 13.9262806951 -17.1636012224 32.4354597457
6.90535401617 0 0.830919286638 13.9173265856 -17.1678254632 32.4310453543
6.90813932856 0 0.887562460128 13.8700389346 -17.2104411751 32.3859949073
6.90956768797 0 0.908798177457 13.8493773858 -17.2321765878 32.3626516826
6.91019726042 0 0.906836040995 13.8469409381 -17.2417312393 32.3523110462
6.91453744871 0 0.97876375242 13.7771083159 -17.3071732092 32.2801638039
6.91565158921 0 0.98628700405 13.7633861583 -17.3238520475 32.2614012709
6.91833585156 0 1.04162450254 13.7176174056 -17.3638335719 32.2157917225
6.91844889694 0 1.04169667589 13.7169901725 -17.3655110808 32.2138583459
6.92408687163 0 1.13646739425 13.6218493457 -17.4485294733 32.116147177
6.92740133452 0 1.18750274707 13.5773314235 -17.4967431235 32.057529016
6.92750835783 0 1.18755557435 13.5767317913 -17.4982926203 32.0556217669
6.93305349735 0 1.28147302568 13.4818107448 -17.5779488452 31.9555652877
6.93500157573 0 1.29808102913 13.4629176254 -17.6056406172 31.9198388304
6.94015181735 0 1.38514548558 13.3846707849 -17.6781165095 31.8239497472
6.94159661805 0 1.40072404146 13.3614501721 -17.6982564897 31.7966760375
6.9437727685 0 1.44169786107 13.3260629018 -17.7284323854 31.7552879356
6.94385592909 0 1.44171723162 13.3255891315 -17.7295817536 31.753698956
6.95210966954 0 1.57686254742 13.1935598666 -17.8422665271 31.5933053859
6.95253239247 0 1.58791193803 13.1786521635 -17.8479635308 31.584947778
6.95596542899 0 1.62409911846 13.1381727823 -17.8939617213 31.5165592972
6.95706902945 0 1.64917041583 13.1211814745 -17.9086468476 31.4943805096
6.95789582018 0 1.668613009 13.0964790282 -17.9196161453 31.4777028395
6.96201879511 0 1.72479601321 13.0417199465 -17.9739016942 31.3937461242
6.96295041027 0 1.74888104853 13.0159438616 -17.9860719735 31.3745935289
6.96687206217 0 1.80879974723 12.9546933892 -18.0369146934 31.293236376
6.96987647051 0 1.84450336117 12.9190933593 -18.075440597 31.2301071813
6.97190889639 0 1.89148070529 12.8801115236 -18.1012932014 31.1870083798
6.9779452658 0 1.96295549975 12.7922725406 -18.177077929 31.0571386703
6.9795688074 0 1.99589433745 12.7646456182 -18.1972056845 31.021733966
6.98214153856 0 2.035197871 12.7238464179 -18.2288789733 30.965219024
6.98597117692 0 2.0939709954 12.6627612893 -18.2755214609 30.8801619089
6.98823370405 0 2.12474074203 12.6311718225 -18.3027934155 30.8293880945
6.99124207125 0 2.17189256713 12.5802259714 -18.3387282227 30.76127708
6.99243392456 0 2.19137234762 12.5603202181 -18.3528614204 30.734103927
6.9930755487 0 2.20203427445 12.544023492 -18.360445584 30.7194311446
6.99370787479 0 2.21078443965 12.5399190229 -18.3679031803 30.7049406476
6.99855710114 0 2.27991359311 12.4671631464 -18.4245442363 30.5928154014
7.00074740619 0 2.31803094312 12.4213120856 -18.4498084088 30.5415920454
7.00456160956 0 2.37570053396 12.359986035 -18.4933281781 30.4515350722
7.0064980365 0 2.39505168207 12.3426423542 -18.5151912991 30.4053987466
7.00650927823 0 2.39011205373 12.3403815671 -18.5153177679 30.4051300915
7.00870927542 0 2.42884326433 12.3041410148 -18.5399664173 30.3523735586
7.01030745443 0 2.45238368382 12.2812475387 -18.5577459846 30.3138232806
7.0147406166 0 2.5314985887 12.2021739624 -18.6065073313 30.2058985318
7.01788818182 0 2.56169260793 12.1589440229 -18.6406303886 30.1283898761
7.02153121686 0 2.62255428553 12.0908204628 -18.6796081565 30.037769573
7.0226875752 0 2.6446342248 12.0770571073 -18.6918643006 30.0088014374
7.02284429006 0 2.64135042367 12.0700178492 -18.6935210034 30.0048680025
7.02363385534 0 2.64964776544 12.064873834 -18.7018522172 29.985023087
7.02382363758 0 2.663588141 12.0573255678 -18.7038508428 29.9802462983
7.02431494971 0 2.65591950938 12.0558026312 -18.7090179214 29.9678678025
7.02473919924 0 2.65526446102 12.0505824253 -18.7134715787 29.9571647216
7.02840893392 0 2.71660424715 11.9919402306 -18.7516808079 29.8640348208
7.02963195672 0 2.73064671585 11.9720949188 -18.7642895043 29.8327789429
7.03034900985 0 2.7571153039 11.9534252753 -18.7716527591 29.81440312
7.03294085604 0 2.79436377158 11.911929528 -18.7980879137 29.747670569
7.03301191456 0 2.79428108928 11.9114944649 -18.7988086935 29.7458341492
7.04200978164 0 2.92392404489 11.7665046043 -18.8883636441 29.5103454341
7.0429748293 0 2.91527922128 11.7593913802 -18.8977664453 29.4847422364
7.04943464754 0 3.00698099942 11.6554150298 -18.9596963006 29.3116425019
7.05203155672 0 3.04346450708 11.6137016587 -18.9840967549 29.2412156324
7.05299331129 0 3.06238013577 11.5975598373 -18.9930611272 29.215011681
7.05321601745 0 3.06676692863 11.5957357267 -18.9951313692 29.2089344695
7.05349480757 0 3.06142445691 11.591814428 -18.9977200069 29.2013218778
7.05552083374 0 3.09882762502 11.5562443288 -19.0164335573 29.1458340904
7.05756364173 0 3.12895616349 11.5228443161 -19.0351265049 29.0895926112
7.06609461452 0 3.24287571221 11.3878686588 -19.1112823665 28.8515465179
7.07234760836 0 3.33671324536 11.2771193876 -19.1651450462 28.6738312933
7.0748939328 0 3.37238670168 11.235523403 -19.1866037405 28.6006844622
7.08260359116 0 3.47868726396 11.1101709229 -19.2498970266 28.3764858895
7.08283056228 0 3.47421352898 11.11629623 -19.2517221059 28.3698236535
7.08453695708 0 3.49080395677 11.0900943753 -19.2653731397 28.3196233656
7.08460588718 0 3.49066979682 11.089660168 -19.2659219742 28.3175913347
7.08693347328 0 3.53124025211 11.0515427423 -19.284336052 28.2487847801
7.09501786101 0 3.63043569822 10.9213550391 -19.3465027677 28.0069412398
7.09528481011 0 3.64322651915 10.9144080344 -19.348508077 27.9988801439
7.09866032952 0 3.68792885682 10.8620176488 -19.3736029481 27.8965358111
7.10002143762 0 3.70508619133 10.84056767 -19.3835845858 27.8550513387
7.10112960601 0 3.71805664172 10.8211616543 -19.3916529881 27.8211845405
7.10122749456 0 3.7225564629 10.8200966984 -19.3923631834 27.8181890184
7.10157664166 0 3.71685838088 10.8156879482 -19.3948929684 27.8074994325
7.10295421999 0 3.74727290395 10.788865592 -19.4048236662 27.7652437534
7.10948963517 0 3.83298035289 10.6832133716 -19.450833539 27.5630586082
7.11015483626 0 3.83840634982 10.6740525115 -19.455414445 27.5423208506
7.11338738332 0 3.88415886997 10.619921707 -19.4774065269 27.441130697
7.11352028011 0 3.89797751524 10.6126810928 -19.4783011227 27.4369558566
7.12033157032 0 3.978862424 10.4990146311 -19.5231416657 27.2214379434
7.12060981865 0 3.97413499612 10.504790057 -19.5249313285 27.2125695217
7.12356831822 0 4.00673221706 10.4575931199 -19.5437555523 27.1179647305
7.12644083103 0 4.05299156883 10.4083076237 -19.5616748711 27.0255680784
7.12709976104 0 4.05826886779 10.3991615064 -19.5657356962 27.004298093
7.12838805866 0 4.07504724805 10.3780872085 -19.5736215604 26.9626317514
7.12914786325 0 4.10034363542 10.3589297081 -19.5782391875 26.9380080726
7.1323599282 0 4.12495460216 10.3141576393 -19.5974875182 26.8335033733
7.13402662182 0 4.14040747844 10.2880036397 -19.6073014132 26.7790178831
7.13779486573 0 4.19547792309 10.2275320691 -19.629051988 26.6551804106
7.14035912822 0 4.22864636666 10.1854056754 -19.6435059742 26.5703961833
7.14157116726 0 4.24539017145 10.1647889289 -19.6502400283 26.5301773641
7.14363981049 0 4.27913864726 10.1187257559 -19.6615882566 26.4613208764
7.14444060628 0 4.2726272406 10.1184869942 -19.6659321592 26.4345937172
7.14827504194 0 4.32201197525 10.0553248864 -19.6863519723 26.30606158
7.14894542921 0 4.34443959082 10.0332667134 -19.6898574654 26.283495853
7.15089746052 0 4.35462554741 10.0127766994 -19.6999552939 26.217630247
7.15337174947 0 4.39250948954 9.97336661824 -19.7125205804 26.1338038038
7.15412018753 0 4.40972609969 9.94860598924 -19.7162698323 26.1083730762
7.15653380369 0 4.44587333859 9.9134683753 -19.7281975038 26.0261276274
7.16143587805 0 4.49730405338 9.83690439031 -19.7516559552 25.8579890168
7.16163712937 0 4.5108209707 9.82920985851 -19.7525970682 25.8510549084
7.16284234012 0 4.51308405872 9.81498953086 -19.7581967661 25.8094779521
7.16612867589 0 4.55004899166 9.76316240474 -19.7731503272 25.6956602098
7.16835379825 0 4.58729496409 9.71556465427 -19.7830129899 25.6182263788
7.17693835609 0 4.67600292087 9.58793478619 -19.8190801802 25.3167111922
7.18262511448 0 4.76188887144 9.48202352362 -19.8412387238 25.1145735646
7.18343187112 0 4.75491671238 9.48170376126 -19.8442703861 25.0857435693
7.19005972205 0 4.8461325579 9.36930209735 -19.8681248519 24.8474603596
7.19145700301 0 4.86138256733 9.34740273164 -19.8729145239 24.7969014694
7.19210155852 0 4.86610341924 9.33828835093 -19.875095885 24.7735411973
7.19498957198 0 4.90088242618 9.29343226208 -19.8846521197 24.6685802486
7.19596962207 0 4.91280417709 9.27468425507 -19.8878141829 24.6328533796
7.20098187065 0 4.97931602253 9.18325306393 -19.9033454773 24.4492835222
7.20413204575 0 5.00381596823 9.14203470663 -19.9125588061 24.3331852215
7.20426747882 0 5.00332040357 9.141153472 -19.9129454274 24.3281814125
7.20556355545 0 5.0186708967 9.11989942705 -19.9166058224 24.2802437326
7.2065122314 0 5.04021263039 9.10309863023 -19.919239729 24.2450958251
7.2068904737 0 5.0338845876 9.09844379628 -19.9202791939 24.2310681752
7.21808485252 0 5.17283353666 8.91281775707 -19.9482859539 23.8123304334
7.21862762753 0 5.18387946331 8.90138843713 -19.9495084105 23.7918529074
7.21946238842 0 5.18762734321 8.89102623502 -19.9513640489 23.7603282927
7.22002545274 0 5.19858467086 8.87946459181 -19.9525989919 23.7390429321
7.22410426712 0 5.25712795766 8.8080441595 -19.961142662 23.5843417644
7.22578213943 0 5.26749914432 8.77820855422 -19.964452103 23.5204440526
7.22734644227 0 5.28208621791 8.76230858697 -19.9674298924 23.460735896
7.23552672977 0 5.37821786449 8.62464968681 -19.9813111963 23.1463904189
7.23758618267 0 5.39686526463 8.59348884225 -19.9843590493 23.0666981515
7.23792044791 0 5.39527544162 8.58867449861 -19.9848367972 23.0537426574
7.23844563565 0 5.42060158462 8.5736028109 -19.9855778652 23.0333756481
7.24026503907 0 5.42603025388 8.55039964058 -19.9880548547 22.9627078933
7.24047748468 0 5.42986472585 8.54857207881 -19.98833495 22.9544450992
7.24061888825 0 5.42434748825 8.545457885 -19.9885203226 22.9489441011
7.24169521136 0 5.44491454045 8.52782063971 -19.9899035974 22.90703831
7.24274766448 0 5.45592038345 8.50858974704 -19.9912088066 22.8660042349
7.24471670781 0 5.48091855194 8.47505155083 -19.9935249355 22.7890806799
7.24891719833 0 5.53448939283 8.39675922828 -19.9979182168 22.6243217481
7.25042600479 0 5.54816180616 8.37411564768 -19.9993143556 22.5649225137
7.25194174618 0 5.55773666041 8.35898161778 -20.0006201563 22.5051348309
7.25429431104 0 5.59185036481 8.3104738402 -20.0024548993 22.4121109464
7.25442950225 0 5.58722746387 8.31714773688 -20.0025532414 22.406756885
7.25643588326 0 5.61176467657 8.28337505076 -20.0039221697 22.327190006
7.25777491137 0 5.62603236378 8.26184127654 -20.0047413761 22.2739771396
7.26413674192 0 5.69850965051 8.1563552695 -20.0076020702 22.0199531482
7.27170976401 0 5.77172663907 8.03546281605 -20.0087890096 21.7150052998
7.27393937955 0 5.80198696219 7.9979742514 -20.0086797689 21.6247010035
7.27525939975 0 5.81604343624 7.97658023785 -20.0085168734 21.5711263387
7.27595178044 0 5.82599759136 7.96418918987 -20.0084022366 21.542992337
7.27904591871 0 5.86292478548 7.90598027551 -20.0076445994 21.4169909386
7.27946498183 0 5.86165611268 7.91037014306 -20.0075111708 21.399891165
7.28000747227 0 5.88169055818 7.89300511869 -20.00732753 21.3777428166
7.28616190117 0 5.92587410113 7.80063072044 -20.004382573 21.1255212839
7.28703214689 0 5.94207773881 7.78480547537 -20.0038384709 21.0897163541
7.2876094327 0 5.95247627754 7.77316870981 -20.0034600981 21.0659457593
7.28818557813 0 5.96074830681 7.75695470054 -20.0030686088 21.0422069999
7.28834246546 0 5.95596429326 7.76349166718 -20.0029596054 21.0357402016
7.29004281973 0 5.96775131935 7.7370155151 -20.0017123679 20.9655810581
7.29261414035 0 5.99564269164 7.6947185359 -19.999597343 20.8592366234
7.2996385427 0 6.08646114521 7.56742018616 -19.9924166413 20.5672177667
7.30143458082 0 6.0984348533 7.55009701261 -19.9902514189 20.4922033007
7.30222161793 0 6.1139920318 7.52507936836 -19.9892604068 20.459287007
7.30232007495 0 6.11350709869 7.52444300166 -19.989134624 20.4551673353
7.30412243003 0 6.12539093244 7.50708584285 -19.9867609858 20.3796781775
7.30639142565 0 6.15366808678 7.45967982609 -19.983581306 20.2844446693
7.30639365065 0 6.15365701667 7.45966545849 -19.9835780833 20.2843511736
7.30817875998 0 6.16060691587 7.44023731593 -19.9809264412 20.2092714871
7.31332592753 0 6.21514986014 7.35575416522 -19.9725426128 19.9920282131
7.31757575644 0 6.26721201125 7.28465488571 -19.9647955951 19.811818949
7.3189182524 0 6.29458142249 7.25679819869 -19.9621935422 19.7547359719
7.32261287619 0 6.32174597417 7.20096103607 -19.9546493141 19.5972579409
7.32585131082 0 6.35616252975 7.14202670477 -19.9475748289 19.4587672137
7.3260903586 0 6.3508790526 7.14804487628 -19.9470355417 19.4485276197
7.32864340325 0 6.37774948118 7.10601042767 -19.9411296133 19.3390252328
7.3307605189 0 6.41400423041 7.06531723306 -19.9360293353 19.2480231579
7.33088511992 0 6.41022197162 7.05843178043 -19.9357234386 19.2426617731
7.33427332833 0 6.42826670233 7.01598617952 -19.9271616576 19.0966382337
7.33471511953 0 6.45028185106 6.9954185633 -19.9260106573 19.0775649583
7.34025703518 0 6.49705311307 6.91621867456 -19.9108947861 18.8376637877
7.34210893077 0 6.52031999452 6.88366505561 -19.9055642621 18.7572353952
7.34322067227 0 6.52106619481 6.86899876093 -19.9022970789 18.7088895997
7.34639472452 0 6.57153608882 6.8114420357 -19.8926923133 18.5706049112
7.3479841407 0 6.57984536452 6.7823963168 -19.8877287599 18.5012169623
7.34915633716 0 6.59353823083 6.76210211306 -19.8840023827 18.4499832367
7.35122397455 0 6.61139189811 6.73576576683 -19.8772934817 18.3594886362
7.3532893794 0 6.62708163808 6.70486887866 -19.8704187532 18.2689355609
7.35864341218 0 6.68248019136 6.61910256609 -19.851793781 18.0334822985
7.36184194605 0 6.7273275426 6.55931609537 -19.840114514 17.8923339183
7.36853021842 0 6.78689148724 6.44676347044 -19.8143607481 17.5960339722
7.36948689227 0 6.79053635593 6.44037283996 -19.8105299863 17.5535264443
7.37096225801 0 6.81634731532 6.41183412065 -19.8045502582 17.4879113066
7.37351240829 0 6.84193311642 6.37008962952 -19.7940086059 17.3743238173
7.37449478615 0 6.82889905374 6.36272147699 -19.7898782229 17.3305093358
7.37578368878 0 6.84157175612 6.34177254432 -19.7844005 17.2729752176
7.37817929689 0 6.87285096471 6.30322970362 -19.7740429652 17.1658947105
7.38431777671 0 6.93689635131 6.19341528918 -19.7464580435 16.8906639611
7.39272638736 0 7.00357097469 6.06871876698 -19.7062405553 16.5117177187
7.39327517605 0 7.02466141649 6.04755060219 -19.7035183739 16.4869100903
7.39774042614 0 7.05892935535 5.98831849759 -19.6809269574 16.2847244371
7.40199900997 0 7.10198450012 5.9158777627 -19.6586488433 16.0913462302
7.40225958236 0 7.1145410353 5.90786313707 -19.6572625353 16.0794967148
7.40518726006 0 7.13385222126 5.85793644604 -19.6415032814 15.9462263917
7.41013754331 0 7.1840200783 5.77594960886 -19.6140922532 15.7203323189
7.41188259526 0 7.18936222062 5.75987955345 -19.604200948 15.6405383542
7.41577619062 0 7.22563679309 5.69735312546 -19.5817029973 15.462200588
7.41891270841 0 7.25950457645 5.64447217535 -19.5631503691 15.3182430203
7.42161554137 0 7.29698451561 5.59579675697 -19.5468565139 15.1939824631
7.42498141557 0 7.31364077175 5.55049471971 -19.5261697955 15.0389749363
7.42597301612 0 7.32683093423 5.52447880149 -19.5199918339 14.9932539913
7.42669605233 0 7.33137296049 5.5197030301 -19.5154631603 14.9599004339
7.42998959695 0 7.35773719885 5.46896017117 -19.4945791367 14.8078045673
7.43328239619 0 7.39016529608 5.41529583133 -19.4732822523 14.6554766061
7.437517718 0 7.43442736369 5.33852843324 -19.4452772124 14.4591639952
7.43782362257 0 7.42842766632 5.34421965724 -19.4432278746 14.4449685412
7.43864543776 0 7.45042377405 5.32492981096 -19.4377045787 14.4068215362
7.43966310981 0 7.44985538864 5.31231270422 -19.4308291612 14.3595615466
7.44015025271 0 7.45772937185 5.29687152782 -19.4275240025 14.3369305117
7.44161915587 0 7.4643325848 5.28268069623 -19.4175029482 14.2686572631
7.44408331203 0 7.49265892181 5.23453549423 -19.4005073003 14.154015732
7.45049373922 0 7.5514916701 5.13166056479 -19.3552116766 13.8551502252
7.45434317836 0 7.58658369087 5.07000168142 -19.3272633289 13.6752593262
7.45816730424 0 7.62483021909 5.01464625151 -19.2989448462 13.4962480622
7.45818182286 0 7.62473429924 5.01455912699 -19.298836283 13.4955678665
7.45902353194 0 7.61178902667 5.00834031784 -19.2925288329 13.4561266685
7.46312419493 0 7.65825646911 4.94006817977 -19.2614193523 13.2637759232
7.46701809375 0 7.69259995802 4.87836281644 -19.231295299 13.0808242552
7.46763431756 0 7.69544666202 4.86976498366 -19.226476124 13.05184538
7.46818432411 0 7.6915470985 4.86385190975 -19.222162833 13.0259745385
7.46876552442 0 7.71201281088 4.84265461009 -19.2175926523 12.9986303731
7.46930718259 0 7.70412533505 4.84434793475 -19.2133220693 12.9731410056
7.47168286344 0 7.72858957659 4.80722298473 -19.1944625021 12.8612833201
7.47450897024 0 7.74952765513 4.76218137819 -19.1717539509 12.7280866317
7.47527355694 0 7.76872023077 4.73991551037 -19.1655593508 12.6920270419
7.47572855839 0 7.76631858858 4.74433171306 -19.1618626953 12.6705633837
7.47733117868 0 7.78398976607 4.7145806849 -19.1487811706 12.5949352089
7.47837468311 0 7.78859333371 4.70304507782 -19.1402124062 12.5456685092
7.48048117717 0 7.81380523035 4.6578635778 -19.1227923301 12.4461598358
7.48628256342 0 7.85032444597 4.57737676157 -19.0739717289 12.1717369697
7.48720393755 0 7.86432268922 4.56178966813 -19.0661043049 12.128104623
7.49306215669 0 7.91750037667 4.46835602062 -19.0153557544 11.850386584
7.49494314446 0 7.93154763259 4.43964752482 -18.9987956364 11.7611097761
7.49683373192 0 7.95166409331 4.40793274009 -18.9820213645 11.6713275084
7.49975063074 0 7.98570014142 4.35896409587 -18.9558867443 11.5327112718
7.50127317195 0 7.99205024567 4.33123592984 -18.9421228341 11.460312618
7.50243333306 0 8.00404331538 4.31170185288 -18.9315786394 11.4051254395
7.50391924269 0 8.01374213238 4.29029313567 -18.9180029213 11.3344179057
7.5094283276 0 8.05609723566 4.21438340578 -18.8669769329 11.0720302319
7.51173541276 0 8.0793330336 4.16839040534 -18.8452849631 10.96204229
7.52047566952 0 8.16105845334 4.03483327215 -18.7613846286 10.5448386626
7.52601199721 0 8.19867787776 3.94607958528 -18.7068388606 10.280180827
7.52826578368 0 8.22579406804 3.91379846413 -18.6843244817 10.1723629308
7.52906754795 0 8.21756411946 3.91030187673 -18.6762721711 10.1339973713
7.5318477612 0 8.23276242277 3.86682226864 -18.6481753155 10.0009199553
7.53555529659 0 8.27113782588 3.80976077121 -18.610286595 9.82336319209
7.53592246511 0 8.27689214643 3.80025522591 -18.6065082828 9.80577376128
7.53922824127 0 8.3000148658 3.75122427025 -18.5722794784 9.64736693868
7.54128109613 0 8.33240895688 3.71268265617 -18.5508329499 9.54896194978
7.54160836626 0 8.32689153412 3.70477606088 -18.5474004236 9.53327162039
7.54934914799 0 8.39073234304 3.58498725339 -18.465135918 9.16197951067
7.5542166101 0 8.43834390195 3.51302619019 -18.4123550436 8.92835876806
7.55457069767 0 8.43259682676 3.50499863234 -18.4084839165 8.91136002275
7.55901889133 0 8.45565660474 3.44713364893 -18.3594902726 8.69777675415
7.56363758441 0 8.50591823976 3.36581567179 -18.3079099232 8.47594369819
7.56455777373 0 8.50814122588 3.36048656248 -18.2975475843 8.431741352
7.5669750929 0 8.51691251036 3.32702516737 -18.2701903966 8.31561470817
7.57624419378 0 8.6012770519 3.18223140021 -18.1634805804 7.87026536805
7.5768241938 0 8.60386442 3.17420872713 -18.1567084306 7.84239681814
7.58234604605 0 8.64716702073 3.09311238383 -18.0916783783 7.57708250922
7.58801320409 0 8.70700186825 2.99805746332 -18.0238957215 7.30482046961
7.58813791429 0 8.70605013698 2.99740130017 -18.0223923098 7.29882975929
7.59210526915 0 8.73291190297 2.93203601714 -17.9743007975 7.10826847613
7.59583210749 0 8.76777381443 2.88020461857 -17.9286600064 6.92929948166
7.59633562577 0 8.75674128778 2.87905094249 -17.9224592673 6.9051231597
7.59709373051 0 8.76405021837 2.86721309779 -17.9131079332 6.86872462053
7.60589459951 0 8.82353367999 2.73724798864 -17.8031991106 6.4463467912
7.61506200767 0 8.89304768118 2.60072219564 -17.6860954321 6.00681042371
7.61568722972 0 8.91253268867 2.57981677643 -17.6780124939 5.97685327424
7.61871764469 0 8.92975705123 2.54596990281 -17.6386616336 5.83169214768
7.61895308587 0 8.92298525302 2.54258956902 -17.6355923512 5.82041701129
7.62101130766 0 8.94730881192 2.50922572028 -17.6086872287 5.72186811191
7.62392466625 0 8.96939858687 2.46853034722 -17.5703787649 5.58243253507
7.62712209526 0 9.00704832123 2.41308322974 -17.528032766 5.42948384719
7.63255017015 0 9.04157710948 2.32879401119 -17.4554247164 5.17004679063
7.63702408533 0 9.06227048106 2.27322919728 -17.3949033684 4.95643435677
7.6424434553 0 9.11306211155 2.19022287455 -17.320780168 4.6979711193
7.64716871465 0 9.14274803113 2.12394515567 -17.2554302568 4.47289299741
7.64773272643 0 9.15138831012 2.11333000759 -17.2475854551 4.44604590512
7.64915281625 0 9.17430197888 2.08727743223 -17.2277915825 4.37846730502
7.65282109495 0 9.19118185595 2.03761789895 -17.1763844469 4.20402535063
7.6545352235 0 9.20858029568 2.00413425769 -17.1522263296 4.12257380335
7.65532441157 0 9.19800612316 2.00529104666 -17.1410747851 4.08508708651
7.66164376812 0 9.25275763029 1.91345570306 -17.0511213518 3.78523956329
7.66356117934 0 9.27999614535 1.8777747318 -17.0235975187 3.69437847518
7.66703316127 0 9.28485687626 1.83471386853 -16.973487333 3.52999709594
7.66724135175 0 9.29653047769 1.82848507007 -16.9704715163 3.5201464318
7.66820912253 0 9.29547686028 1.81641177275 -16.9564361488 3.47436502162
7.66989745543 0 9.3153055826 1.79048359494 -16.9318861846 3.3945336066
7.67063790955 0 9.32100843664 1.78167844051 -16.9210934866 3.35953684967
7.67119104129 0 9.32495994561 1.77166427838 -16.9130209155 3.33339971306
7.67184160066 0 9.32667087791 1.76372677463 -16.9035152588 3.30266547557
7.67701765685 0 9.36518683614 1.68860813306 -16.8274556472 3.0583959987
7.68058496272 0 9.40059373785 1.62629490239 -16.7745940658 2.89032664353
7.68086779419 0 9.39425804886 1.63256105786 -16.7703876322 2.87701143798
7.68172886732 0 9.41453156706 1.61435707658 -16.7575674192 2.83648287737
7.68525242793 0 9.41870003763 1.57158740521 -16.7048900145 2.67078481332
7.69286471544 0 9.48217425125 1.46274007653 -16.5899077024 2.31364940577
7.6941372656 0 9.4918780771 1.44426455772 -16.5705301277 2.25406292428
7.69457835628 0 9.4966924909 1.43485691098 -16.5638031211 2.23341705982
7.70188122943 0 9.54908149311 1.33323061915 -16.4516573999 1.89220775746
7.71030293666 0 9.6230430946 1.20596226097 -16.320544781 1.50022134692
7.71105040498 0 9.61443705674 1.20377648128 -16.3088164838 1.4655115499
7.7143763501 0 9.64666228085 1.14398472333 -16.2564509465 1.31123151461
7.71666401456 0 9.65698729515 1.12109949098 -16.2202636076 1.20527304684
7.72911905957 0 9.74655185412 0.948232090335 -16.0208567628 0.63076349221
7.72973186147 0 9.76402407977 0.931860321426 -16.0109427492 0.602604291536
7.73005086744 0 9.75825134919 0.924459624272 -16.0057780305 0.587949574998
7.73373752378 0 9.79108701867 0.876961495762 -15.9459034844 0.418795369777
7.73646218158 0 9.80552705001 0.834138052961 -15.9014320093 0.29402758109
7.74077153888 0 9.82594878254 0.785820757318 -15.8307154821 0.0971319261194
7.74137709731 0 9.8340420248 0.775493538214 -15.8207411921 0.06950758477
7.75416580828 0 9.91503864001 0.60197677269 -15.6079899407 -0.511275391816
7.75911144021 0 9.95902461728 0.533747434895 -15.5246522832 -0.73448865533
7.7608681044 0 9.9728452881 0.506733845084 -15.494910679 -0.813579842231
7.76097981022 0 9.98604405758 0.49991273442 -15.4930169415 -0.818605764664
7.76364737159 0 10.0039104267 0.464092822985 -15.447706395 -0.938501845958
7.76456155099 0 9.98886846796 0.459450665303 -15.4321397727 -0.979535317625
7.76665281417 0 10.0117650633 0.428533419401 -15.396456062 -1.07329585365
7.76849543414 0 10.0162001961 0.40613834411 -15.3649303075 -1.1557841241
7.77145333796 0 10.0590771725 0.357779010202 -15.3141579654 -1.28795327906
7.77616176392 0 10.0724706449 0.300706815699 -15.2329219208 -1.49770376236
7.77824819147 0 10.0994024867 0.262490043176 -15.1967620399 -1.59039498244
7.77841056354 0 10.093999347 0.269449569412 -15.1939438204 -1.59760185368
7.78328193084 0 10.1374929955 0.192906310416 -15.1091167643 -1.81336601682
7.78897620073 0 10.1706598133 0.128333757079 -15.0092871385 -2.0644521276
7.7929503636 0 10.1974980258 0.0758261026907 -14.9391894131 -2.2389546862
7.79323467781 0 10.2035235017 0.0673765715107 -14.9341613253 -2.251415149
7.79340255885 0 10.2162429207 0.0603938039319 -14.9311915268 -2.25877127988
7.79414271542 0 10.2075553367 0.0588223138454 -14.9180909152 -2.29118990972
7.79424585072 0 10.2066861059 0.0584611205362 -14.9162644965 -2.29570549386
7.79526642731 0 10.2134750269 0.0425162980266 -14.8981786946 -2.34036689601
7.79533280367 0 10.2129155166 0.0422845779236 -14.8970016458 -2.34327016316
7.80011512393 0 10.2570513264 -0.0331282990559 -14.811946813 -2.55198414465
7.80702441544 0 10.2952405732 -0.113217194669 -14.6882012057 -2.85188625767
7.81816157587 0 10.3892992458 -0.266984326187 -14.4866358469 -3.33108551611
7.81886508826 0 10.3809053864 -0.268249543171 -14.4738179716 -3.36117613631
7.81980828151 0 10.3923652806 -0.291240531544 -14.456617433 -3.40148432602
7.8281165523 0 10.4385271643 -0.389806171055 -14.3043336248 -3.75483715777
7.83682994775 0 10.505822518 -0.503988822803 -14.1431656724 -4.12204353944
7.83786265385 0 10.5212356809 -0.527518979677 -14.1239670479 -4.1653300289
7.84650066456 0 10.5779420582 -0.63073574986 -13.9625912972 -4.52540451432
7.84859211514 0 10.5873384715 -0.654645993296 -13.9233092595 -4.61204317124
7.84929744042 0 10.5945124917 -0.664608788184 -13.9100435246 -4.64121295251
7.85296953009 0 10.6104409195 -0.708493511153 -13.8408319611 -4.79268001378
7.8537146223 0 10.6244663872 -0.720826316142 -13.8267585342 -4.82333179111
7.85857508879 0 10.6709838105 -0.787450215445 -13.7347081589 -5.0225970396
7.8655143963 0 10.7057364348 -0.869449061446 -13.6025618112 -5.30499742652
7.86955280731 0 10.7366745794 -0.919381463986 -13.5252722618 -5.46819050063
7.87059842771 0 10.7472788052 -0.94213784537 -13.5052150083 -5.5103040873
7.87759937259 0 10.7844901174 -1.01993487261 -13.3704464866 -5.79076994289
7.88166987202 0 10.8238435697 -1.07422581245 -13.2917147875 -5.95261841421
7.88458417348 0 10.8536324265 -1.11371627969 -13.2351802476 -6.06793531516
7.89164640071 0 10.8922493961 -1.19447055795 -13.0976160188 -6.34541684472
7.89279327848 0 10.8979909341 -1.2096649255 -13.07520189 -6.39021298263
7.89458275319 0 10.9028276947 -1.22948961756 -13.040188233 -6.45995858702
7.89595406 0 10.9247543645 -1.25088979483 -13.0133231275 -6.51328174106
7.90075309565 0 10.9422900939 -1.29978724529 -12.9190794519 -6.69903672989
7.90726021532 0 10.8468549594 -1.31507852938 -12.7907401451 -6.94875440103
7.90859485436 0 10.8274988948 -1.31815458424 -12.7643400769 -6.99966267259
7.91938605904 0 10.6802483729 -1.34972716372 -12.5499453879 -7.40733535528
7.92098545381 0 10.644578986 -1.34678924705 -12.5180303866 -7.4671523038
7.9242729319 0 10.5983357239 -1.35277366473 -12.4523207827 -7.5896051381
7.92481480672 0 10.5880977963 -1.3549631367 -12.4414758058 -7.60972438808
7.92707197316 0 10.5537125659 -1.3608455785 -12.3962589147 -7.69333271302
7.92945513115 0 10.5224387621 -1.36359624256 -12.3484445016 -7.78125985077
7.94041165429 0 10.3602196946 -1.38649478506 -12.1276714635 -8.18083788423
7.94113678833 0 10.3517452853 -1.38684943349 -12.1130065041 -8.2070093307
7.94634085842 0 10.275902981 -1.39669573625 -12.0075711701 -8.39382197303
7.94937952263 0 10.2428167668 -1.40973763165 -11.945856173 -8.50207433956
7.95488643031 0 10.1473420351 -1.41929920805 -11.8337346499 -8.69668430115
7.9569395681 0 10.1179619333 -1.41795381574 -11.7918430144 -8.76871702428
7.95943952846 0 10.0810013519 -1.42226141873 -11.7407702551 -8.85603898141
7.95972220725 0 10.0920218552 -1.42799372728 -11.7349908899 -8.86588590139
7.96576664187 0 9.99298908255 -1.43063738239 -11.6112023981 -9.0751241588
7.96795352167 0 9.95800219595 -1.44129899824 -11.5663185052 -9.15020325872
7.97050668197 0 9.92070112725 -1.44536223941 -11.5138531757 -9.23743461487
7.98105141453 0 9.76902857334 -1.46131020033 -11.2964631536 -9.5928235774
7.9839906681 0 9.72938186523 -1.45840040665 -11.2356726297 -9.69046661395
7.98422709915 0 9.72252189043 -1.46092155716 -11.2307791166 -9.69829378013
7.98738199302 0 9.6765727608 -1.4702507053 -11.1654307762 -9.80234927409
7.99024715265 0 9.6328907256 -1.46657585095 -11.1060041468 -9.89621892708
7.99233228899 0 9.60678151785 -1.47082241003 -11.0627093708 -9.96415396906
7.99310743691 0 9.59803593312 -1.47079336491 -11.0466046824 -9.98932699081
7.99311212621 0 9.59799785473 -1.47079936047 -11.04650724 -9.98947914131
8.00758668596 0 9.3862073808 -1.49059827433 -10.7448388614 -10.451292218
8.01346429999 0 9.30238932325 -1.5019544624 -10.6218613707 -10.6342825628
8.01414104094 0 9.29270379076 -1.49773273377 -10.60768516 -10.6551811661
8.02137655041 0 9.19006245732 -1.50993168282 -10.4559104808 -10.8763990705
8.02308094201 0 9.16897105152 -1.50442987153 -10.4201051663 -10.9279133266
8.02349108137 0 9.17412075601 -1.51225413298 -10.4114861456 -10.9402754362
8.03736673317 0 8.96575233255 -1.51659220789 -10.1192552068 -11.3506243813
8.03749185435 0 8.95983262759 -1.51887758625 -10.1166147396 -11.3542543325
8.03767321528 0 8.97175236156 -1.52426832581 -10.1127872693 -11.3595136317
8.0394581333 0 8.93223851891 -1.52528460599 -10.0751080635 -11.4111322963
8.04956503225 0 8.7906183533 -1.52602690585 -9.861427958 -11.6985068206
8.05407197143 0 8.72373255236 -1.52717680848 -9.76597630264 -11.8239365551
8.05689959434 0 8.69007906625 -1.52913794263 -9.70604256877 -11.9017652319
8.05705962895 0 8.68390183128 -1.53141024579 -9.70264944195 -11.9061500579
8.07593673657 0 8.4198657419 -1.54392007999 -9.30170007755 -12.4081156702
8.07804587482 0 8.40464868932 -1.54480988538 -9.25682577525 -12.4622985441
8.08398253686 0 8.30539735584 -1.53823498181 -9.13044941298 -12.6127253527
8.08710281851 0 8.27849421948 -1.54662479918 -9.06399057133 -12.6905486491
8.08770585527 0 8.25262051383 -1.538832486 -9.05114389232 -12.7054899918
8.09051420554 0 8.21973660961 -1.5396030335 -8.99130635261 -12.7746478354
8.09659469335 0 8.1323795502 -1.54710316781 -8.86169682771 -12.9219793715
8.10107991908 0 8.07490522826 -1.53995982325 -8.76605276622 -13.0285334642
8.10335073389 0 8.03687875373 -1.53941863067 -8.71761918589 -13.0817882978
8.12326719319 0 7.76691665714 -1.53833034329 -8.2926730232 -13.5286565266
8.12744234604 0 7.72529520779 -1.54216695965 -8.20358656739 -13.6176743148
8.12827902028 0 7.70261894079 -1.53441843314 -8.18573529114 -13.6353162719
8.13633128469 0 7.59037210572 -1.53317094567 -8.01396184176 -13.8017275407
8.15911590583 0 7.28560147553 -1.52394132803 -7.52846713312 -14.2389682717
8.1610042856 0 7.25995398062 -1.51754076907 -7.48828431966 -14.2729436364
8.17280564526 0 7.11789901958 -1.51259541184 -7.23742297474 -14.4773021063
8.17539509969 0 7.07041386253 -1.50486436619 -7.18244604145 -14.5202919438
8.17963417048 0 7.01612921986 -1.49948691434 -7.09250442737 -14.589220265
8.18859467046 0 6.91235980039 -1.49618914544 -6.90264780778 -14.7289658185
8.19348386201 0 6.83353095293 -1.48522228389 -6.79921862438 -14.8017835895
8.20458671653 0 6.69066327674 -1.47605093939 -6.56482338554 -14.9580596409
8.20778943607 0 6.6490679719 -1.4667616846 -6.49734463959 -15.000778012
8.22620898517 0 6.42935945415 -1.44445253632 -6.1105834868 -15.2257016857
8.23740212643 0 6.27707061936 -1.41818936818 -5.87678697365 -15.3449152894
8.24368028622 0 6.1966982633 -1.41406092961 -5.7461049258 -15.4059342153
8.24402611998 0 6.19524549341 -1.40630837573 -5.73891621209 -15.4091726671
8.24490301032 0 6.18101428663 -1.4118158826 -5.72069337254 -15.4173264311
8.24809514455 0 6.14087808475 -1.40092983512 -5.65441510105 -15.4463097826
8.25216585477 0 6.10497246324 -1.39840637596 -5.57003007419 -15.4816760699
8.25755551743 0 6.02568488442 -1.38139547723 -5.45854393483 -15.5257419166
8.25769876645 0 6.02482560465 -1.38110479896 -5.45558463018 -15.5268701072
8.25824675196 0 6.01909084359 -1.37896671769 -5.4442659469 -15.5311653016
8.26790208093 0 5.89893786585 -1.36001601564 -5.24532880096 -15.6014743777
8.29514675429 0 5.5860238557 -1.30381526853 -4.68946259112 -15.7445145959
8.30368137353 0 5.46889572032 -1.27446530835 -4.51715643011 -15.7723198418
8.30503420789 0 5.45810606455 -1.2714236157 -4.48992948489 -15.7759760549
8.30578377156 0 5.44833567169 -1.27052160708 -4.47485414535 -15.777913138
8.30672456258 0 5.44922464189 -1.27447971678 -4.4559432291 -15.7802548263
8.3164582072 0 5.32291471893 -1.24823952357 -4.26098049323 -15.7986156397
8.31890220931 0 5.29374979393 -1.24155763791 -4.21223088986 -15.8015407425
8.32183450188 0 5.25808547741 -1.22587931436 -4.15385186377 -15.804154978
8.32309337685 0 5.24338897869 -1.22236460595 -4.12882623359 -15.80497729
8.33271657413 0 5.15014015212 -1.20274736312 -3.9382801017 -15.8052930381
8.33723804313 0 5.08568547304 -1.18912530651 -3.84922506446 -15.8017849909
8.3411113059 0 5.04196826049 -1.17754205978 -3.77318425911 -15.7969150259
8.35109652382 0 4.94530970405 -1.14718542191 -3.57823210472 -15.7763995163
8.3779342772 0 4.64178544962 -1.05157974317 -3.06240505074 -15.6640571648
8.38032437973 0 4.61023508624 -1.04289015027 -3.01707317344 -15.6499872159
8.38196183895 0 4.59470350872 -1.03982834198 -2.9860757535 -15.6399626969
8.38321391557 0 4.58109853235 -1.03545821604 -2.96240651896 -15.6320860519
8.39185483505 0 4.49128970715 -1.00973867308 -2.79984472487 -15.5727253082
8.39220787089 0 4.49048101263 -1.00134965993 -2.79323259676 -15.5701140706
8.39640902818 0 4.45688688848 -0.993573722259 -2.71472840032 -15.5379180478
8.39855748072 0 4.4185649943 -0.977832276238 -2.67471152905 -15.5206526289
8.39929399893 0 4.41454518971 -0.976608659623 -2.66101359043 -15.5146090478
8.40631490893 0 4.33817853208 -0.949034279959 -2.53096512318 -15.4537976007
8.40760764671 0 4.32487072315 -0.944170972184 -2.50712494023 -15.4419685665
8.4145358577 0 4.25670426624 -0.92042117904 -2.37992425168 -15.3752197483
8.42127545145 0 4.20355933278 -0.89951558919 -2.257117551 -15.3048599943
8.43930966614 0 4.02406958173 -0.827142417389 -1.93316599739 -15.090216439
8.44185529943 0 3.98560411528 -0.811393898872 -1.88799971077 -15.0568227684
8.44702552049 0 3.9354272211 -0.78987699255 -1.7967041538 -14.9866409461
8.45253241674 0 3.88380429263 -0.765510889571 -1.70011681046 -14.9084117757
8.468534002 0 3.73269383367 -0.702359056737 -1.42337460549 -14.6607428833
8.47051910411 0 3.72771794112 -0.693914891922 -1.38945736522 -14.6279065614
8.49148173479 0 3.53875126195 -0.598974974004 -1.03705830817 -14.2527388611
8.49904602128 0 3.45720353097 -0.558431482725 -0.912546076392 -14.1046312663
8.52347184461 0 3.25178935094 -0.438676254562 -0.520466768715 -13.5804472674
8.52449750573 0 3.24086045017 -0.440739012552 -0.504344450771 -13.5569065227
8.53187809546 0 3.18052490294 -0.398021622868 -0.389159181884 -13.3838859999
8.53568510486 0 3.16308090866 -0.385332364246 -0.330319349098 -13.292156438
8.54787178523 0 3.05142151134 -0.323092336309 -0.144634431275 -12.9871920441
8.55159205849 0 3.02108089583 -0.303947843089 -0.0887699536052 -12.8906654111
8.56668345395 0 2.90590457833 -0.22018480713 0.13383587971 -12.4827375021
8.581549828 0 2.79552784181 -0.145733792017 0.346706775925 -12.0553834135
8.58897088444 0 2.75704020872 -0.105804112745 0.450535506233 -11.832656543
8.6045532096 0 2.64827524873 -0.0200185806709 0.663169209942 -11.3448029412
8.61452633513 0 2.57007665554 0.0431963635841 0.795370752136 -11.0183373031
8.61476126691 0 2.56506324034 0.0423309855137 0.79844788764 -11.01051405
8.61730243171 0 2.54791639356 0.056649197704 0.83162235129 -10.925503654
8.6181511417 0 2.53972388769 0.0640664083059 0.842657296541 -10.8969528845
8.61837589094 0 2.54437549024 0.0648980603483 0.845575726407 -10.8893789914
8.62454966683 0 2.50154179863 0.0927825972393 0.925125422492 -10.6791568419
8.63124241929 0 2.45607378984 0.138552908586 1.01000592746 -10.4465526614
8.63587024815 0 2.43067499005 0.163649905087 1.06786652872 -10.2828654069
8.68427984005 0 2.15198138971 0.442506361019 1.63133309213 -8.43416182655
8.6924781453 0 2.11283959288 0.49897148116 1.71902435818 -8.09706326248
8.69314928705 0 2.10793719298 0.501983048525 1.72610183344 -8.06916762958
8.7043591391 0 2.05015455296 0.568759722317 1.84203449304 -7.59660616643
8.70952537052 0 2.0252395289 0.600215274151 1.89400766718 -7.37464757832
8.71750379275 0 2.00264419953 0.643714596321 1.97245341806 -7.02677048354
8.77248256196 0 1.7715422157 0.990245187447 2.45187236313 -4.46877627163
8.78482983887 0 1.73265291437 1.06825312012 2.54459117732 -3.85783246194
8.79055990344 0 1.71257231463 1.10294704368 2.5857289268 -3.57004811275
8.79975278579 0 1.68622700077 1.16028148305 2.64921158252 -3.10285756592
8.80306351072 0 1.678983529 1.18196471119 2.67131296107 -2.93297802518
8.80448013957 0 1.67089558364 1.18860491035 2.68064652951 -2.86002910808
8.80974082267 0 1.6572099679 1.22138646002 2.71465872628 -2.58778817436
8.8220000553 0 1.62633345654 1.29273531185 2.78994580411 -1.9453359771
8.82221152843 0 1.62312551715 1.30160886245 2.79119562279 -1.93415703305
8.82575122803 0 1.61984265027 1.32212072053 2.81186884774 -1.74656404065
8.8512049328 0 1.56627075409 1.47836273569 2.94678381183 -0.372130953891
8.85928030069 0 1.56811209783 1.52269652166 2.98452905403 0.0727713271275
8.86315963313 0 1.56212190831 1.5464413129 3.00179329181 0.287927211767
8.90327632266 0 1.50605856073 1.79361267837 3.14723732838 2.56232839154
8.91717964312 0 1.49748247473 1.87814344978 3.18356772047 3.36915501417
8.92813410297 0 1.51206718538 1.9339283189 3.20710120245 4.01054003572
8.93051540875 0 1.49724130959 1.95291037698 3.21162433267 4.15057465281
8.94343804985 0 1.50326726897 2.02887922189 3.2324880422 4.91395882534
8.95124871677 0 1.50602652664 2.07283525553 3.24209093852 5.37794623436
8.95237346046 0 1.50070689029 2.07956253775 3.24328761043 5.44490657963
8.962447395 0 1.50834042424 2.12782921518 3.25192158696 6.04613566464
8.96300399239 0 1.50795535894 2.1358185435 3.25228950267 6.07942757653
8.96453251156 0 1.52380642086 2.13895071452 3.25324119956 6.1708900598
8.97790399736 0 1.52030651626 2.21166180237 3.25790879498 6.97308185365
8.99285194124 0 1.54232094495 2.2975729013 3.25539802195 7.87334697008
9.01829157671 0 1.66900847612 2.59522551969 3.23258659558 9.40982105407
9.01931477335 0 1.67229818282 2.60629857134 3.23118566298 9.47164557508
9.03126291502 0 1.75707237313 2.77924481845 3.21208989946 10.19325977
9.04750654205 0 1.86901187626 3.00499814306 3.17811914851 11.1722195778
9.05327055626 0 1.91125969 3.08043977245 3.16387215973 11.5186576435
9.05781063406 0 1.94972092427 3.14997950465 3.15184991254 11.7910765261
9.07179994417 0 2.05512039312 3.33575169461 3.11041440267 12.6273893566
9.11301847394 0 2.38811641627 3.87333564244 2.95082817556 15.0518022694
9.16238415598 0 2.83467176394 4.47580540223 2.69023712704 17.8312510224
9.19200072423 0 3.13801403754 4.80607070855 2.50057248453 19.4039852205
9.24439981064 0 3.67430370511 5.34138950723 2.11109845645 21.9469006724
9.26519543357 0 3.9049879292 5.52976047372 1.93978705311 22.8516379883
9.29362666141 0 4.23081499835 5.76531129803 1.69258767498 23.973545138
9.31013140547 0 4.4256687047 5.89041593594 1.54311296731 24.5570053506
9.31440289853 0 4.47642323581 5.91813549067 1.50379993302 24.6992561576
9.36032996494 0 5.04329116291 6.1973984587 1.0680467484 25.9780454806
9.37328741115 0 5.20666715213 6.25990205654 0.941869995063 26.2482864522
9.42646531057 0 5.89516357216 6.43428639239 0.418745476737 26.8748150216
9.43037753694 0 5.94685033579 6.44142482907 0.380337217547 26.8875451306
9.46543958503 0 6.41484927774 6.47061079567 0.0401478343362 26.7746686649
9.47390028938 0 6.52568504613 6.46620300543 -0.0403302545064 26.6829709148
9.53497468774 0 7.36331932817 6.31960035652 -0.588420577798 25.1900084864
9.53674003014 0 7.38250771622 6.30641488889 -0.603135010337 25.1235207452
9.6735817772 0 9.24207232126 5.02168450036 -1.40581025992 15.1372175841
9.76812303334 0 10.4237173566 3.20812284353 -1.34336782901 1.40106092007
9.80923185357 0 10.894939541 2.14914761364 -1.08177827283 -6.72862195774
9.97002895022 0 12.2450876884 -3.93325852188 1.89729693916 -54.1096879325
