65 2 97 5 129 17 -0.510247 -0.510247 -0.510247
1 3 98 6 133 18 -0.160572 -0.569345 -0.569345
2 4 99 7 137 19 0.160572 -0.569345 -0.569345
3 81 100 8 141 20 0.510247 -0.510247 -0.510247
69 6 1 9 130 21 -0.569345 -0.160572 -0.569345
5 7 2 10 134 22 -0.17279 -0.17279 -0.6508
6 8 3 11 138 23 0.17279 -0.17279 -0.6508
7 82 4 12 142 24 0.569345 -0.160572 -0.569345
73 10 5 13 131 25 -0.569345 0.160572 -0.569345
9 11 6 14 135 26 -0.17279 0.17279 -0.6508
10 12 7 15 139 27 0.17279 0.17279 -0.6508
11 83 8 16 143 28 0.569345 0.160572 -0.569345
77 14 9 113 132 29 -0.510247 0.510247 -0.510247
13 15 10 117 136 30 -0.160572 0.569345 -0.569345
14 16 11 121 140 31 0.160572 0.569345 -0.569345
15 84 12 125 144 32 0.510247 0.510247 -0.510247
66 18 101 21 1 33 -0.569345 -0.569345 -0.160572
17 19 102 22 2 34 -0.17279 -0.6508 -0.17279
18 20 103 23 3 35 0.17279 -0.6508 -0.17279
19 85 104 24 4 36 0.569345 -0.569345 -0.160572
70 22 17 25 5 37 -0.6508 -0.17279 -0.17279
21 23 18 26 6 38 -0.186973 -0.186973 -0.186973
22 24 19 27 7 39 0.186973 -0.186973 -0.186973
23 86 20 28 8 40 0.6508 -0.17279 -0.17279
74 26 21 29 9 41 -0.6508 0.17279 -0.17279
25 27 22 30 10 42 -0.186973 0.186973 -0.186973
26 28 23 31 11 43 0.186973 0.186973 -0.186973
27 87 24 32 12 44 0.6508 0.17279 -0.17279
78 30 25 114 13 45 -0.569345 0.569345 -0.160572
29 31 26 118 14 46 -0.17279 0.6508 -0.17279
30 32 27 122 15 47 0.17279 0.6508 -0.17279
31 88 28 126 16 48 0.569345 0.569345 -0.160572
67 34 105 37 17 49 -0.569345 -0.569345 0.160572
33 35 106 38 18 50 -0.17279 -0.6508 0.17279
34 36 107 39 19 51 0.17279 -0.6508 0.17279
35 89 108 40 20 52 0.569345 -0.569345 0.160572
71 38 33 41 21 53 -0.6508 -0.17279 0.17279
37 39 34 42 22 54 -0.186973 -0.186973 0.186973
38 40 35 43 23 55 0.186973 -0.186973 0.186973
39 90 36 44 24 56 0.6508 -0.17279 0.17279
75 42 37 45 25 57 -0.6508 0.17279 0.17279
41 43 38 46 26 58 -0.186973 0.186973 0.186973
42 44 39 47 27 59 0.186973 0.186973 0.186973
43 91 40 48 28 60 0.6508 0.17279 0.17279
79 46 41 115 29 61 -0.569345 0.569345 0.160572
45 47 42 119 30 62 -0.17279 0.6508 0.17279
46 48 43 123 31 63 0.17279 0.6508 0.17279
47 92 44 127 32 64 0.569345 0.569345 0.160572
68 50 109 53 33 145 -0.510247 -0.510247 0.510247
49 51 110 54 34 146 -0.160572 -0.569345 0.569345
50 52 111 55 35 147 0.160572 -0.569345 0.569345
51 93 112 56 36 148 0.510247 -0.510247 0.510247
72 54 49 57 37 149 -0.569345 -0.160572 0.569345
53 55 50 58 38 150 -0.17279 -0.17279 0.6508
54 56 51 59 39 151 0.17279 -0.17279 0.6508
55 94 52 60 40 152 0.569345 -0.160572 0.569345
76 58 53 61 41 153 -0.569345 0.160572 0.569345
57 59 54 62 42 154 -0.17279 0.17279 0.6508
58 60 55 63 43 155 0.17279 0.17279 0.6508
59 95 56 64 44 156 0.569345 0.160572 0.569345
80 62 57 116 45 157 -0.510247 0.510247 0.510247
61 63 58 120 46 158 -0.160572 0.569345 0.569345
62 64 59 124 47 159 0.160572 0.569345 0.569345
63 96 60 128 48 160 0.510247 0.510247 0.510247
129 66 97 69 1 161 -0.804253 -0.544651 -0.544651
65 67 101 70 17 162 -0.912077 -0.611166 -0.183566
66 68 105 71 33 163 -0.912077 -0.611166 0.183566
67 145 109 72 49 164 -0.804253 -0.544651 0.544651
130 70 65 73 5 165 -0.912077 -0.183566 -0.611166
69 71 66 74 21 166 -1.0668 -0.212776 -0.212776
70 72 67 75 37 167 -1.0668 -0.212776 0.212776
71 149 68 76 53 168 -0.912077 -0.183566 0.611166
131 74 69 77 9 169 -0.912077 0.183566 -0.611166
73 75 70 78 25 170 -1.0668 0.212776 -0.212776
74 76 71 79 41 171 -1.0668 0.212776 0.212776
75 153 72 80 57 172 -0.912077 0.183566 0.611166
132 78 73 113 13 173 -0.804253 0.544651 -0.544651
77 79 74 114 29 174 -0.912077 0.611166 -0.183566
78 80 75 115 45 175 -0.912077 0.611166 0.183566
79 157 76 116 61 176 -0.804253 0.544651 0.544651
100 82 141 85 4 177 0.804253 -0.544651 -0.544651
81 83 142 86 8 178 0.912077 -0.183566 -0.611166
82 84 143 87 12 179 0.912077 0.183566 -0.611166
83 125 144 88 16 180 0.804253 0.544651 -0.544651
104 86 81 89 20 181 0.912077 -0.611166 -0.183566
85 87 82 90 24 182 1.0668 -0.212776 -0.212776
86 88 83 91 28 183 1.0668 0.212776 -0.212776
87 126 84 92 32 184 0.912077 0.611166 -0.183566
108 90 85 93 36 185 0.912077 -0.611166 0.183566
89 91 86 94 40 186 1.0668 -0.212776 0.212776
90 92 87 95 44 187 1.0668 0.212776 0.212776
91 127 88 96 48 188 0.912077 0.611166 0.183566
112 94 89 148 52 189 0.804253 -0.544651 0.544651
93 95 90 152 56 190 0.912077 -0.183566 0.611166
94 96 91 156 60 191 0.912077 0.183566 0.611166
95 128 92 160 64 192 0.804253 0.544651 0.544651
65 98 129 101 1 193 -0.544651 -0.804253 -0.544651
97 99 133 102 2 194 -0.183566 -0.912077 -0.611166
98 100 137 103 3 195 0.183566 -0.912077 -0.611166
99 81 141 104 4 196 0.544651 -0.804253 -0.544651
66 102 97 105 17 197 -0.611166 -0.912077 -0.183566
101 103 98 106 18 198 -0.212776 -1.0668 -0.212776
102 104 99 107 19 199 0.212776 -1.0668 -0.212776
103 85 100 108 20 200 0.611166 -0.912077 -0.183566
67 106 101 109 33 201 -0.611166 -0.912077 0.183566
105 107 102 110 34 202 -0.212776 -1.0668 0.212776
106 108 103 111 35 203 0.212776 -1.0668 0.212776
107 89 104 112 36 204 0.611166 -0.912077 0.183566
68 110 105 145 49 205 -0.544651 -0.804253 0.544651
109 111 106 146 50 206 -0.183566 -0.912077 0.611166
110 112 107 147 51 207 0.183566 -0.912077 0.611166
111 93 108 148 52 208 0.544651 -0.804253 0.544651
132 114 77 117 13 209 -0.544651 0.804253 -0.544651
113 115 78 118 29 210 -0.611166 0.912077 -0.183566
114 116 79 119 45 211 -0.611166 0.912077 0.183566
115 157 80 120 61 212 -0.544651 0.804253 0.544651
136 118 113 121 14 213 -0.183566 0.912077 -0.611166
117 119 114 122 30 214 -0.212776 1.0668 -0.212776
118 120 115 123 46 215 -0.212776 1.0668 0.212776
119 158 116 124 62 216 -0.183566 0.912077 0.611166
140 122 117 125 15 217 0.183566 0.912077 -0.611166
121 123 118 126 31 218 0.212776 1.0668 -0.212776
122 124 119 127 47 219 0.212776 1.0668 0.212776
123 159 120 128 63 220 0.183566 0.912077 0.611166
144 126 121 84 16 221 0.544651 0.804253 -0.544651
125 127 122 88 32 222 0.611166 0.912077 -0.183566
126 128 123 92 48 223 0.611166 0.912077 0.183566
127 160 124 96 64 224 0.544651 0.804253 0.544651
97 130 65 133 1 225 -0.544651 -0.544651 -0.804253
129 131 69 134 5 226 -0.611166 -0.183566 -0.912077
130 132 73 135 9 227 -0.611166 0.183566 -0.912077
131 113 77 136 13 228 -0.544651 0.544651 -0.804253
98 134 129 137 2 229 -0.183566 -0.611166 -0.912077
133 135 130 138 6 230 -0.212776 -0.212776 -1.0668
134 136 131 139 10 231 -0.212776 0.212776 -1.0668
135 117 132 140 14 232 -0.183566 0.611166 -0.912077
99 138 133 141 3 233 0.183566 -0.611166 -0.912077
137 139 134 142 7 234 0.212776 -0.212776 -1.0668
138 140 135 143 11 235 0.212776 0.212776 -1.0668
139 121 136 144 15 236 0.183566 0.611166 -0.912077
100 142 137 81 4 237 0.544651 -0.544651 -0.804253
141 143 138 82 8 238 0.611166 -0.183566 -0.912077
142 144 139 83 12 239 0.611166 0.183566 -0.912077
143 125 140 84 16 240 0.544651 0.544651 -0.804253
68 146 109 149 49 241 -0.544651 -0.544651 0.804253
145 147 110 150 50 242 -0.183566 -0.611166 0.912077
146 148 111 151 51 243 0.183566 -0.611166 0.912077
147 93 112 152 52 244 0.544651 -0.544651 0.804253
72 150 145 153 53 245 -0.611166 -0.183566 0.912077
149 151 146 154 54 246 -0.212776 -0.212776 1.0668
150 152 147 155 55 247 0.212776 -0.212776 1.0668
151 94 148 156 56 248 0.611166 -0.183566 0.912077
76 154 149 157 57 249 -0.611166 0.183566 0.912077
153 155 150 158 58 250 -0.212776 0.212776 1.0668
154 156 151 159 59 251 0.212776 0.212776 1.0668
155 95 152 160 60 252 0.611166 0.183566 0.912077
80 158 153 116 61 253 -0.544651 0.544651 0.804253
157 159 154 120 62 254 -0.183566 0.611166 0.912077
158 160 155 124 63 255 0.183566 0.611166 0.912077
159 96 156 128 64 256 0.544651 0.544651 0.804253
225 162 193 165 65 -1 -1.01406 -0.686734 -0.686734
161 163 197 166 66 -1 -1.15001 -0.770601 -0.231453
162 164 201 167 67 -1 -1.15001 -0.770601 0.231453
163 241 205 168 68 -1 -1.01406 -0.686734 0.686734
226 166 161 169 69 -1 -1.15001 -0.231453 -0.770601
165 167 162 170 70 -1 -1.3451 -0.268283 -0.268283
166 168 163 171 71 -1 -1.3451 -0.268283 0.268283
167 245 164 172 72 -1 -1.15001 -0.231453 0.770601
227 170 165 173 73 -1 -1.15001 0.231453 -0.770601
169 171 166 174 74 -1 -1.3451 0.268283 -0.268283
170 172 167 175 75 -1 -1.3451 0.268283 0.268283
171 249 168 176 76 -1 -1.15001 0.231453 0.770601
228 174 169 209 77 -1 -1.01406 0.686734 -0.686734
173 175 170 210 78 -1 -1.15001 0.770601 -0.231453
174 176 171 211 79 -1 -1.15001 0.770601 0.231453
175 253 172 212 80 -1 -1.01406 0.686734 0.686734
196 178 237 181 81 -1 1.01406 -0.686734 -0.686734
177 179 238 182 82 -1 1.15001 -0.231453 -0.770601
178 180 239 183 83 -1 1.15001 0.231453 -0.770601
179 221 240 184 84 -1 1.01406 0.686734 -0.686734
200 182 177 185 85 -1 1.15001 -0.770601 -0.231453
181 183 178 186 86 -1 1.3451 -0.268283 -0.268283
182 184 179 187 87 -1 1.3451 0.268283 -0.268283
183 222 180 188 88 -1 1.15001 0.770601 -0.231453
204 186 181 189 89 -1 1.15001 -0.770601 0.231453
185 187 182 190 90 -1 1.3451 -0.268283 0.268283
186 188 183 191 91 -1 1.3451 0.268283 0.268283
187 223 184 192 92 -1 1.15001 0.770601 0.231453
208 190 185 244 93 -1 1.01406 -0.686734 0.686734
189 191 186 248 94 -1 1.15001 -0.231453 0.770601
190 192 187 252 95 -1 1.15001 0.231453 0.770601
191 224 188 256 96 -1 1.01406 0.686734 0.686734
161 194 225 197 97 -1 -0.686734 -1.01406 -0.686734
193 195 229 198 98 -1 -0.231453 -1.15001 -0.770601
194 196 233 199 99 -1 0.231453 -1.15001 -0.770601
195 177 237 200 100 -1 0.686734 -1.01406 -0.686734
162 198 193 201 101 -1 -0.770601 -1.15001 -0.231453
197 199 194 202 102 -1 -0.268283 -1.3451 -0.268283
198 200 195 203 103 -1 0.268283 -1.3451 -0.268283
199 181 196 204 104 -1 0.770601 -1.15001 -0.231453
163 202 197 205 105 -1 -0.770601 -1.15001 0.231453
201 203 198 206 106 -1 -0.268283 -1.3451 0.268283
202 204 199 207 107 -1 0.268283 -1.3451 0.268283
203 185 200 208 108 -1 0.770601 -1.15001 0.231453
164 206 201 241 109 -1 -0.686734 -1.01406 0.686734
205 207 202 242 110 -1 -0.231453 -1.15001 0.770601
206 208 203 243 111 -1 0.231453 -1.15001 0.770601
207 189 204 244 112 -1 0.686734 -1.01406 0.686734
228 210 173 213 113 -1 -0.686734 1.01406 -0.686734
209 211 174 214 114 -1 -0.770601 1.15001 -0.231453
210 212 175 215 115 -1 -0.770601 1.15001 0.231453
211 253 176 216 116 -1 -0.686734 1.01406 0.686734
232 214 209 217 117 -1 -0.231453 1.15001 -0.770601
213 215 210 218 118 -1 -0.268283 1.3451 -0.268283
214 216 211 219 119 -1 -0.268283 1.3451 0.268283
215 254 212 220 120 -1 -0.231453 1.15001 0.770601
236 218 213 221 121 -1 0.231453 1.15001 -0.770601
217 219 214 222 122 -1 0.268283 1.3451 -0.268283
218 220 215 223 123 -1 0.268283 1.3451 0.268283
219 255 216 224 124 -1 0.231453 1.15001 0.770601
240 222 217 180 125 -1 0.686734 1.01406 -0.686734
221 223 218 184 126 -1 0.770601 1.15001 -0.231453
222 224 219 188 127 -1 0.770601 1.15001 0.231453
223 256 220 192 128 -1 0.686734 1.01406 0.686734
193 226 161 229 129 -1 -0.686734 -0.686734 -1.01406
225 227 165 230 130 -1 -0.770601 -0.231453 -1.15001
226 228 169 231 131 -1 -0.770601 0.231453 -1.15001
227 209 173 232 132 -1 -0.686734 0.686734 -1.01406
194 230 225 233 133 -1 -0.231453 -0.770601 -1.15001
229 231 226 234 134 -1 -0.268283 -0.268283 -1.3451
230 232 227 235 135 -1 -0.268283 0.268283 -1.3451
231 213 228 236 136 -1 -0.231453 0.770601 -1.15001
195 234 229 237 137 -1 0.231453 -0.770601 -1.15001
233 235 230 238 138 -1 0.268283 -0.268283 -1.3451
234 236 231 239 139 -1 0.268283 0.268283 -1.3451
235 217 232 240 140 -1 0.231453 0.770601 -1.15001
196 238 233 177 141 -1 0.686734 -0.686734 -1.01406
237 239 234 178 142 -1 0.770601 -0.231453 -1.15001
238 240 235 179 143 -1 0.770601 0.231453 -1.15001
239 221 236 180 144 -1 0.686734 0.686734 -1.01406
164 242 205 245 145 -1 -0.686734 -0.686734 1.01406
241 243 206 246 146 -1 -0.231453 -0.770601 1.15001
242 244 207 247 147 -1 0.231453 -0.770601 1.15001
243 189 208 248 148 -1 0.686734 -0.686734 1.01406
168 246 241 249 149 -1 -0.770601 -0.231453 1.15001
245 247 242 250 150 -1 -0.268283 -0.268283 1.3451
246 248 243 251 151 -1 0.268283 -0.268283 1.3451
247 190 244 252 152 -1 0.770601 -0.231453 1.15001
172 250 245 253 153 -1 -0.770601 0.231453 1.15001
249 251 246 254 154 -1 -0.268283 0.268283 1.3451
250 252 247 255 155 -1 0.268283 0.268283 1.3451
251 191 248 256 156 -1 0.770601 0.231453 1.15001
176 254 249 212 157 -1 -0.686734 0.686734 1.01406
253 255 250 216 158 -1 -0.231453 0.770601 1.15001
254 256 251 220 159 -1 0.231453 0.770601 1.15001
255 192 252 224 160 -1 0.686734 0.686734 1.01406
