!boundary.txt
1 244 5
2 248 5
3 252 5
4 256 5
5 260 5
6 263 5
7 266 5
8 269 5
9 273 5
10 276 5
11 279 5
12 282 5
13 286 5
14 289 5
15 292 5
16 295 5
17 300 5
18 304 5
19 308 5
20 312 5
21 316 5
22 319 5
23 322 5
24 325 5
25 329 5
26 332 5
27 335 5
28 338 5
29 342 5
30 345 5
31 348 5
32 351 5
33 355 5
34 359 5
35 363 5
36 366 5
37 369 5
38 372 5
39 375 5
40 377 5
41 380 5
42 383 5
43 386 5
44 388 5
45 391 5
46 394 5
47 397 5
48 399 5
49 403 5
50 406 5
51 409 5
52 412 5
53 416 5
54 419 5
55 422 5
56 425 5
57 429 5
58 432 5
59 435 5
60 438 5
61 441 5
62 443 5
63 445 5
64 447 5
65 450 5
66 453 5
67 456 5
68 458 5
69 461 5
70 464 5
71 467 5
72 469 5
73 472 5
74 475 5
75 478 5
76 480 5
77 482 5
78 484 5
79 486 5
80 487 5
81 490 5
82 493 5
83 496 5
84 498 5
85 501 5
86 504 5
87 507 5
88 509 5
89 512 5
90 515 5
91 518 5
92 520 5
93 522 5
94 524 5
95 526 5
96 527 5
97 532 0
98 536 0
99 540 0
100 544 0
101 548 0
102 551 0
103 554 0
104 557 0
105 561 0
106 564 0
107 567 0
108 570 0
109 574 0
110 577 0
111 580 0
112 583 0
113 588 0
114 592 0
115 596 0
116 600 0
117 604 0
118 607 0
119 610 0
120 613 0
121 617 0
122 620 0
123 623 0
124 626 0
125 630 0
126 633 0
127 636 0
128 639 0
129 643 0
130 647 0
131 651 0
132 654 0
133 657 0
134 660 0
135 663 0
136 665 0
137 668 0
138 671 0
139 674 0
140 676 0
141 679 0
142 682 0
143 685 0
144 687 0
145 691 0
146 694 0
147 697 0
148 700 0
149 704 0
150 707 0
151 710 0
152 713 0
153 717 0
154 720 0
155 723 0
156 726 0
157 729 0
158 731 0
159 733 0
160 735 0
161 738 0
162 741 0
163 744 0
164 746 0
165 749 0
166 752 0
167 755 0
168 757 0
169 760 0
170 763 0
171 766 0
172 768 0
173 770 0
174 772 0
175 774 0
176 775 0
177 778 0
178 781 0
179 784 0
180 786 0
181 789 0
182 792 0
183 795 0
184 797 0
185 800 0
186 803 0
187 806 0
188 808 0
189 810 0
190 812 0
191 814 0
192 815 0