1.77034980863 -2 1.24021245986 -1.91117765899 0.489124952756 0.700637915521
1.8432278434 -2 1.25939176603 -1.88988585029 0.527232648972 0.774260082688
2.31646863451 -2 1.40262491762 -1.75789450475 0.742228551632 0.995980314145
2.33512630927 -2 1.40959072001 -1.75284342802 0.749420601713 0.99675331106
2.45692219066 -2 1.45837627434 -1.72001620623 0.793737554925 0.989148921436
2.48579163325 -2 1.4708245159 -1.71229791756 0.80355789165 0.98427802726
2.62338254656 -2 1.53501628406 -1.67580530082 0.846633094245 0.946207313689
2.66057751736 -2 1.55378413858 -1.66606503269 0.857195829674 0.931953832055
2.67432180343 -2 1.560870897 -1.66247241625 0.860980237082 0.926285277356
2.68771619993 -2 1.56785850308 -1.65898429192 0.864606279507 0.920556886284
2.69564571163 -2 1.57203360366 -1.65692783418 0.866723958929 0.917071811745
2.6958551585 -2 1.57214427991 -1.65687363846 0.86677960205 0.916978819025
2.77642195416 -2 1.61613775803 -1.63615179389 0.887058427072 0.877727909601
2.79288973227 -2 1.62548235484 -1.63196823486 0.890924820892 0.868879019416
2.80088896053 -2 1.63006614923 -1.62994940294 0.892768503923 0.864483224184
2.82161402402 -2 1.64206784757 -1.62472261928 0.897440201192 0.852802674018
2.83820738572 -2 1.65181275948 -1.62056392306 0.901070880305 0.843152475865
2.84523511219 -2 1.65597700976 -1.61881260016 0.902579066399 0.838986719251
2.84993723142 -2 1.65877528884 -1.61764337196 0.903578342061 0.836173637934
2.86424727594 -2 1.66734828533 -1.61408869109 0.906570906898 0.827486269207
2.87842567569 -2 1.67592904973 -1.61058160075 0.909463688495 0.818693722649
2.91838323924 -2 1.7005839768 -1.60082833593 0.917227288959 0.792949289534
2.99775736577 -2 1.75157130614 -1.58197604783 0.930931310668 0.737801677072
3.02880159727 -2 1.77223022626 -1.57483086428 0.935663393262 0.714870799861
3.03939363638 -2 1.77937052742 -1.57242924167 0.937196594997 0.70688077585
3.04759783229 -2 1.78493203133 -1.57057876012 0.938355630982 0.700635176694
3.05192664923 -2 1.78787700798 -1.5696047711 0.938957130083 0.69731999957
3.06671367828 -2 1.79799536739 -1.56630525752 0.940959390877 0.68589372374
3.08083304238 -2 1.80774073907 -1.56319523239 0.942795405975 0.674838638903
3.10046009441 -2 1.82141785431 -1.55892207122 0.945224227086 0.659241611893
3.1095014817 -2 1.82776882996 -1.55697363098 0.946294694332 0.651968673979
3.11363412366 -2 1.83068177478 -1.55608547106 0.946773802978 0.648626159874
3.14177250774 -2 1.85070153261 -1.55015818338 0.949865814551 0.625570225247
3.18230002403 -2 1.88007008282 -1.54189813841 0.953795993666 0.591484292455
3.30681810541 -2 1.97409254126 -1.51894827524 0.961975458012 0.480900005387
3.3131140677 -2 1.97899244558 -1.51789940941 0.962231888011 0.47509588241
3.33652743523 -2 1.99733153029 -1.51410060919 0.963052080965 0.45334841522
3.33763982571 -2 1.99820809998 -1.51392687367 0.963085811356 0.452308901802
3.35191143561 -2 2.009483955 -1.51170663261 0.963476362045 0.438923097996
3.35515579443 -2 2.01205586181 -1.51120780188 0.963554217295 0.435867538116
3.3694538057 -2 2.02343038159 -1.50904621287 0.963849050381 0.422347283443
3.37171981058 -2 2.0252415989 -1.5087190823 0.963888548203 0.4201965278
3.40553697876 -2 2.05243386119 -1.50391781132 0.964242692851 0.387847961544
3.40645287465 -2 2.0531780094 -1.50380340216 0.964246144094 0.38696546266
3.44119637405 -2 2.08149903511 -1.49931123613 0.964137529297 0.353253104017
3.44469822014 -2 2.0843711379 -1.49887257452 0.964100665492 0.349830471394
3.45981080518 -2 2.09682110261 -1.49708318652 0.963887078222 0.335010007638
3.47079374606 -2 2.10590787836 -1.4958252965 0.96367629973 0.324189921356
3.47430388468 -2 2.10882273568 -1.4954459293 0.963599068301 0.320723272039
3.48896379661 -2 2.12102345239 -1.49387122038 0.96322482476 0.306201291138
3.50917349196 -2 2.13794379767 -1.49184739893 0.962572062671 0.28606999715
3.51126158448 -2 2.13969626902 -1.49163934266 0.962495571779 0.283982867057
3.51791720477 -2 2.14530014981 -1.49102659414 0.962240451006 0.277321631427
3.5188040559 -2 2.14604478325 -1.49093494675 0.962205156089 0.276433043121
3.52359962437 -2 2.15009185319 -1.49050929314 0.962009003051 0.271624099705
3.52574461775 -2 2.1519002835 -1.49030761409 0.961918371198 0.269470965232
3.5278124682 -2 2.15364641224 -1.49012099736 0.961829304456 0.267394014361
3.53076166355 -2 2.15614253552 -1.4898724237 0.961699398151 0.264429728137
3.54714501159 -2 2.17003829306 -1.48851079395 0.960916115425 0.247918294208
3.57774043944 -2 2.19617295359 -1.48627720066 0.95917351335 0.216892871976
3.58974682911 -2 2.20649500922 -1.48552284322 0.958390021832 0.204654033512
3.59149578805 -2 2.20800378865 -1.48542694355 0.95827120229 0.20286836481
3.5949991145 -2 2.2110204817 -1.48520946133 0.958029608726 0.19928936974
3.61776138349 -2 2.23071585114 -1.48402499066 0.956343319306 0.17596836055
3.70990932552 -2 2.31165837462 -1.4819323794 0.947450644769 0.0805397319923
3.71842160709 -2 2.31922260972 -1.48195482928 0.94646191272 0.0716560782947
3.74541780764 -2 2.34331916965 -1.48234941695 0.943139077335 0.0434217623751
3.75623792631 -2 2.35301304754 -1.482615546 0.941727412073 0.0320821113075
3.75742376057 -2 2.35407851983 -1.48265561352 0.941569921592 0.0308385998887
3.76998693964 -2 2.36536589865 -1.48306952978 0.939867699944 0.0176559478382
3.77538044454 -2 2.37021584727 -1.48325923064 0.939118020415 0.0119920132502
3.7958269861 -2 2.38866695964 -1.48421362154 0.936172947873 -0.00950158836073
3.79815603879 -2 2.39076794233 -1.48431862677 0.935827130125 -0.0119519174715
3.80477539689 -2 2.39676143819 -1.48470204479 0.934832737109 -0.0189179734574
3.80605799408 -2 2.39792258919 -1.48477567338 0.934638082729 -0.0202680810625
3.8075555481 -2 2.39927581253 -1.48485200807 0.934409993491 -0.021844591613
3.86327547457 -2 2.44998129258 -1.48913502755 0.925302142043 -0.0805798347035
3.86460737381 -2 2.45119796302 -1.48925886131 0.925069634539 -0.0819851065639
3.8703872649 -2 2.45648300783 -1.48981913048 0.924052649078 -0.0880837871255
3.89462669181 -2 2.47870382656 -1.4924478369 0.919646122986 -0.113664125504
3.89912847905 -2 2.48283716043 -1.49297358822 0.918802579818 -0.118415114756
3.91619468167 -2 2.49853056391 -1.49510176244 0.915533207965 -0.136424469812
3.93013256905 -2 2.51137087688 -1.49698694638 0.912779219861 -0.151128940341
3.95334292859 -2 2.5327921334 -1.50040634681 0.908025825457 -0.175602935478
3.9651561036 -2 2.54372003654 -1.50231494442 0.905526347782 -0.188050645752
3.97441749826 -2 2.55229713736 -1.5038857326 0.903528993306 -0.197804431301
3.98352280311 -2 2.56072985403 -1.50546467577 0.901532941353 -0.207388887345
3.98897609924 -2 2.56578918584 -1.50646099825 0.900322122898 -0.213126587856
3.99224726142 -2 2.56882155943 -1.50705550088 0.899590295599 -0.216567368604
4.00234540239 -2 2.57819231347 -1.50895866264 0.89730504224 -0.22718418801
4.00642707744 -2 2.58197798587 -1.50973389258 0.896370161793 -0.2314732799
4.01308960822 -2 2.58817012132 -1.51106539433 0.894830333464 -0.238471443816
4.0136194529 -2 2.58865431879 -1.51114080476 0.894707141492 -0.239027818939
4.03560800673 -2 2.60909967606 -1.51573799622 0.889499177628 -0.262094796901
4.03793743932 -2 2.61126929614 -1.51625426923 0.888936535914 -0.264535731261
4.04593874218 -2 2.61870949823 -1.51800454006 0.886988015434 -0.272915719857
4.04715688756 -2 2.61984428549 -1.51828210919 0.886689204026 -0.274190917579
4.05980842471 -2 2.63162512348 -1.52119795419 0.88355201777 -0.287425186171
4.06048175063 -2 2.63225153552 -1.52135365446 0.883383328484 -0.288129009376
4.06481103895 -2 2.63628640278 -1.5223889951 0.882294542722 -0.292653097386
4.06534562495 -2 2.63678631514 -1.52252406394 0.882159598353 -0.293211581134
4.06814035323 -2 2.63939541062 -1.52321645965 0.881452343393 -0.296130675458
4.07939760334 -2 2.64987901504 -1.52595728556 0.878573116993 -0.307878970113
4.09872665573 -2 2.66790543628 -1.530958919 0.873515960436 -0.328011946245
4.12292046525 -2 2.6904711217 -1.53760339408 0.866984326131 -0.353135798254
4.14293868056 -2 2.70915355164 -1.54348255766 0.861410818457 -0.373853329862
4.14785201134 -2 2.71372956434 -1.54493875139 0.86001946621 -0.378927932424
4.15898725633 -2 2.72412151355 -1.5483942657 0.856832143469 -0.390412850021
4.1651354135 -2 2.72986107735 -1.55035433958 0.855052078297 -0.396744412351
4.17213240669 -2 2.73638690291 -1.55260162911 0.853008753808 -0.403941531406
4.17382950899 -2 2.73796257127 -1.55312594346 0.852510345505 -0.405685770684
4.1810533603 -2 2.74470539064 -1.55552341515 0.850376585663 -0.413104027498
4.18735627123 -2 2.75058314867 -1.55763325515 0.848498659894 -0.419568171507
4.18993663854 -2 2.75298774313 -1.55850103389 0.847725500143 -0.42221225225
4.20217433625 -2 2.76439256663 -1.56270469443 0.844024312711 -0.434733565707
4.2032098471 -2 2.76536000475 -1.56307610675 0.843708526686 -0.435791646067
4.21428494153 -2 2.77567369729 -1.56698657337 0.84030571033 -0.447093841418
4.22527235766 -2 2.78591198656 -1.5710101816 0.836883986422 -0.458280157385
4.23713353144 -2 2.79694212004 -1.57540679605 0.833138972958 -0.470325577718
4.2371439948 -2 2.79695158401 -1.57540972345 0.833135645849 -0.470336189357
4.25376030421 -2 2.8124110419 -1.58184620575 0.827799982391 -0.487155445041
4.26152573381 -2 2.81962132075 -1.58490134472 0.825270787296 -0.494992960722
4.26941768024 -2 2.82694539285 -1.58806074178 0.822677161334 -0.502942909254
4.26984015933 -2 2.82733926261 -1.5882386739 0.822537657197 -0.503368053902
4.27577006229 -2 2.83284000848 -1.59065222381 0.820572511731 -0.509330603528
4.27627394858 -2 2.83331104888 -1.59087297053 0.820404917631 -0.509836851426
4.29215628116 -2 2.84803433119 -1.59750948616 0.815073628336 -0.525759924133
4.29252480971 -2 2.84837885682 -1.59767801333 0.814948801248 -0.526128612515
4.29982907088 -2 2.85513810638 -1.6007874047 0.812464236259 -0.533428559281
4.31522130383 -2 2.86938476001 -1.60756228372 0.807163250767 -0.548764259644
4.31926538597 -2 2.87311476921 -1.60934077468 0.80575582835 -0.552782606822
4.32287187686 -2 2.87645175148 -1.61098443 0.804495554129 -0.556362264908
4.32542900103 -2 2.87881226065 -1.61213869042 0.803599041086 -0.558898130133
4.32845814788 -2 2.88161234802 -1.61353141383 0.802533888985 -0.56189968054
4.33143200954 -2 2.88434845586 -1.61486098295 0.80148485467 -0.564843888497
4.37044857715 -2 2.92025859274 -1.63342733449 0.787417526779 -0.603229215085
4.372560093 -2 2.92219517643 -1.6344645931 0.786640140112 -0.605293361628
4.37883228432 -2 2.92794981953 -1.637590107 0.784321223527 -0.611416607616
4.38290225652 -2 2.93168570013 -1.63965424144 0.782808727744 -0.615383287601
4.38487781601 -2 2.93349312897 -1.64064182198 0.782072360946 -0.617306810356
4.39130363436 -2 2.93937262671 -1.64389440505 0.779667260221 -0.623554724278
4.39237409018 -2 2.9403435721 -1.64440953304 0.779265124031 -0.624594251144
4.39338380915 -2 2.94127550619 -1.6449582618 0.778885417959 -0.625574456061
4.39368663008 -2 2.94155732084 -1.64513196919 0.778771468588 -0.625868361122
4.41314584327 -2 2.95931771413 -1.65524216987 0.771378385504 -0.644691558513
4.41324078412 -2 2.95940112336 -1.6552804886 0.771341973893 -0.644783088261
4.4282846582 -2 2.97310255111 -1.6633714235 0.765530617338 -0.659247936355
4.43976336983 -2 2.98352480632 -1.66965303805 0.761040746378 -0.670232599895
4.43986026508 -2 2.98360939826 -1.66969401325 0.761002641107 -0.670325129509
4.44252800522 -2 2.98603962771 -1.67121393701 0.759952172512 -0.672871380806
4.44568288891 -2 2.9888997318 -1.67297267053 0.758706530773 -0.675879359798
4.45029994101 -2 2.99307521821 -1.67553576249 0.756877038071 -0.680275076053
4.45922187577 -2 3.00114313606 -1.68058099642 0.753319745008 -0.688747756292
4.46311322129 -2 3.00466157373 -1.6828195195 0.751759141699 -0.692434183727
4.47058007352 -2 3.01139627628 -1.68711968052 0.748749189038 -0.699492412552
4.47102261252 -2 3.01180195428 -1.68740227745 0.74857016218 -0.699910093504
4.47384897271 -2 3.01434526595 -1.68903298788 0.747425096378 -0.702575994455
4.47977230289 -2 3.01966988689 -1.69247181277 0.745015932079 -0.708153471966
4.4856566048 -2 3.02496952449 -1.69598361049 0.74261005428 -0.713681277834
4.50267712967 -2 3.04023492366 -1.70622261576 0.735580487592 -0.729597116341
4.51181607505 -2 3.04840162263 -1.71180883329 0.731762921745 -0.738097155514
4.53109916846 -2 3.0655672783 -1.72381795588 0.723609320803 -0.755925064393
4.5442577832 -2 3.07724387485 -1.7322477234 0.71796882345 -0.768005704641
4.54982864272 -2 3.08217744054 -1.73587252365 0.715562190981 -0.773099078558
4.55031186996 -2 3.08260256995 -1.73617884538 0.715352912532 -0.773540290979
4.55052813137 -2 3.08279321735 -1.73631754793 0.715259225969 -0.773737718314
4.55464841477 -2 3.08643708681 -1.73902060848 0.713471090502 -0.777495506819
4.57315669334 -2 3.10272800639 -1.75125238175 0.705364195663 -0.7942888077
4.58658367556 -2 3.11449776345 -1.7603404125 0.699406806797 -0.806381612922
4.59923532825 -2 3.12554100655 -1.76903838111 0.693735008401 -0.817705612722
4.61015499787 -2 3.13502995507 -1.77663188625 0.688794228238 -0.827423574414
4.61365989188 -2 3.13807377854 -1.77911144417 0.687199476712 -0.830531679959
4.62550909515 -2 3.14833392063 -1.78755808876 0.681776024223 -0.840999186088
4.63565791097 -2 3.1570816649 -1.79486227333 0.677091685785 -0.849914721822
4.63651373874 -2 3.15780881332 -1.79544752448 0.676695016571 -0.850664428796
4.64800255727 -2 3.16767677667 -1.80385429716 0.671345256012 -0.860696460597
4.65587868465 -2 3.17442027231 -1.80969154912 0.667651131927 -0.867539016383
4.66001595995 -2 3.1779467549 -1.81274869332 0.665701979463 -0.871121904549
4.66478438705 -2 3.18201348928 -1.81632496554 0.6634480949 -0.875241523543
4.66634788083 -2 3.18334090873 -1.81748499911 0.662707361035 -0.876589979093
4.66753301762 -2 3.1843433044 -1.81835323802 0.662145315198 -0.87761135565
4.677983901 -2 3.19320952616 -1.82623951476 0.657167942218 -0.886589650826
4.68246782805 -2 3.19701963441 -1.82971700294 0.655020815393 -0.89042598599
4.6852649798 -2 3.19937230384 -1.83181589188 0.653677878944 -0.892814330592
4.68882723661 -2 3.20238898254 -1.83459118986 0.651963695871 -0.895850569543
4.69224972678 -2 3.20526269012 -1.83718933756 0.650312643757 -0.898761974622
4.69572376417 -2 3.20818295012 -1.8398648483 0.648632593487 -0.901711491118
4.69796585585 -2 3.21007077913 -1.84161737078 0.647546106179 -0.903611986239
4.69921024024 -2 3.21111710313 -1.84258923493 0.646942347327 -0.904665736423
4.70439852351 -2 3.21547418838 -1.84665683774 0.644419318998 -0.909051139748
4.70995898484 -2 3.22012509689 -1.85100990041 0.641705031256 -0.91373664131
4.71508019002 -2 3.22439995465 -1.85504603581 0.639195774688 -0.918038679911
4.71737673187 -2 3.22632516755 -1.85690603206 0.638067609296 -0.919963709751
4.72463768065 -2 3.23236433347 -1.86268137799 0.634488823231 -0.926033000879
4.74061891974 -2 3.24558871881 -1.87554901273 0.626548537439 -0.939299420699
4.74506638394 -2 3.24925324535 -1.8791723617 0.624323337363 -0.942968675291
4.74758805855 -2 3.251328554 -1.88123738962 0.623058680851 -0.945044691311
4.75138104467 -2 3.25444512624 -1.88435168882 0.621152376492 -0.948161294547
4.75487239004 -2 3.25731226136 -1.88724133429 0.619393358772 -0.951023610766
4.75757192264 -2 3.25952596482 -1.88948264827 0.618030441823 -0.953232531599
4.76894829399 -2 3.26881326322 -1.89895372498 0.612259745918 -0.962500510814
4.7693947062 -2 3.26917469594 -1.89932003508 0.612032410459 -0.962862836807
4.77161136514 -2 3.27097392738 -1.90116312929 0.6109025808 -0.964660447151
4.77550989365 -2 3.27413597075 -1.90442355753 0.608911483879 -0.967815833055
4.77799374177 -2 3.27615245465 -1.90652653481 0.607640236716 -0.969822110696
4.79922951419 -2 3.29327447102 -1.9246506941 0.596687032698 -0.986843701886
4.80797928494 -2 3.30027923562 -1.93224061344 0.592130054503 -0.993788159084
4.81067081713 -2 3.30241869228 -1.93455415573 0.590723135238 -0.995916190352
4.8181252001 -2 3.30835456923 -1.94109342208 0.586813978328 -1.00178976207
4.82204901781 -2 3.31146038982 -1.94451861809 0.584748861408 -1.00486953291
4.83072181197 -2 3.31832292575 -1.95221458517 0.580166211776 -1.01164735204
4.83370479952 -2 3.32066288744 -1.95482661619 0.578584258682 -1.01396917755
4.83574352625 -2 3.3222783506 -1.9566863021 0.577501376784 -1.01555325744
4.84278164209 -2 3.3277972253 -1.96296418658 0.573752482602 -1.02100446737
4.85445356758 -2 3.33690471522 -1.97347648868 0.56749935443 -1.02998499504
4.85708097103 -2 3.33894237232 -1.97584244185 0.566085566402 -1.03199622716
4.86353319223 -2 3.34393811908 -1.98169531964 0.56260405419 -1.03691910625
4.86399945677 -2 3.34430652799 -1.98215056596 0.562351936608 -1.03727396077
4.86604574394 -2 3.34588143713 -1.98399514524 0.561244630353 -1.03882987766
4.86980348937 -2 3.34878291768 -1.98744593852 0.559207633567 -1.04168105767
4.87054211528 -2 3.3493471944 -1.98810542428 0.558806696357 -1.04224056352
4.87110458255 -2 3.34978373221 -1.98863464143 0.558501261061 -1.04266642595
4.88489032755 -2 3.36036295424 -2.00140118904 0.550982937971 -1.05304871737
4.88529190834 -2 3.36066910882 -2.00177271451 0.55076299981 -1.05334955508
4.89694446069 -2 3.36953242638 -2.0126580228 0.544358298802 -1.06203918286
4.89777243435 -2 3.37015066701 -2.01340090638 0.543901535568 -1.06265369644
4.90475650132 -2 3.37542823004 -2.0199774814 0.540039846222 -1.06782166276
4.90477406205 -2 3.375458836 -2.02006029785 0.540030116512 -1.06783462201
4.90524153632 -2 3.37580086239 -2.02046228039 0.539771070734 -1.06817953811
4.9169373401 -2 3.38458824729 -2.03158505451 0.533267014673 -1.07676827026
4.91827398211 -2 3.38558440686 -2.03284838612 0.532520899531 -1.07774481585
4.92911099962 -2 3.39365117992 -2.04322967202 0.526450469906 -1.08562416265
4.93968670624 -2 3.40147833966 -2.05349217806 0.520490133603 -1.09324771421
4.94744983799 -2 3.40717310038 -2.06102400763 0.516092199228 -1.0988021674
4.95008773073 -2 3.4091104486 -2.06362927912 0.514593422659 -1.10068149461
4.95214355654 -2 3.41060517973 -2.06561512816 0.513423825756 -1.10214329377
4.96015642328 -2 3.41643723435 -2.07348894726 0.508852349974 -1.10781702135
4.96029415244 -2 3.41654247407 -2.07364487771 0.508773595154 -1.1079142118
4.96173281846 -2 3.41757803296 -2.07503370191 0.507950593298 -1.10892875305
4.96855477097 -2 3.42251887635 -2.08181274475 0.504039117679 -1.11372281331
4.97971755713 -2 3.43053806691 -2.09293324453 0.49760706801 -1.12150742493
4.98076777131 -2 3.4312993256 -2.09402325037 0.49699991001 -1.12223597053
4.98493316109 -2 3.43426695711 -2.09817963867 0.49458836859 -1.12511901567
4.98934034515 -2 3.4374034578 -2.10261722683 0.49203091137 -1.12815803221
4.99052439823 -2 3.43823595295 -2.10377994739 0.491342776123 -1.12897250852
4.99075935027 -2 3.43840347042 -2.10402000306 0.491206176997 -1.12913402453
5.01450120593 -2 3.45509317431 -2.12817510857 0.477313984312 -1.14528220556
5.01485128822 -2 3.45533235123 -2.12851689236 0.477107826173 -1.14551774084
5.02677933849 -2 3.46359847661 -2.14081800578 0.470060891468 -1.15349788495
5.03155104457 -2 3.46688226552 -2.14576603127 0.467229514061 -1.15666567624
5.03494625858 -2 3.46921080218 -2.14929640469 0.465210628618 -1.15891106541
5.03611341519 -2 3.47000183389 -2.15048175158 0.464515786135 -1.15968129943
5.04668766614 -2 3.47720870306 -2.16155505128 0.458201549407 -1.16662084819
5.04862711014 -2 3.47851988374 -2.16358086879 0.45703972098 -1.16788606996
5.05021291877 -2 3.47958899402 -2.16523408235 0.456088882954 -1.16891884364
5.05314378588 -2 3.48156522603 -2.16831016623 0.4543295343 -1.1708234525
5.05685556249 -2 3.48406621605 -2.1722352502 0.452097652843 -1.17322779436
5.06314030354 -2 3.48827738581 -2.17888424063 0.448309074663 -1.17727903842
5.06387632979 -2 3.48876391317 -2.17964517623 0.447864595277 -1.17775186393
5.06681068638 -2 3.49071300833 -2.18273075907 0.446090927115 -1.17963350268
5.06693710801 -2 3.4908087808 -2.18290927106 0.446014452913 -1.17971444753
5.07008545199 -2 3.49290196861 -2.18625692162 0.444108410432 -1.18172699784
5.07234399995 -2 3.49439469286 -2.188642735 0.442739207587 -1.18316688701
5.0791647878 -2 3.49889235264 -2.19590070273 0.43859485164 -1.18749568035
5.09235591967 -2 3.50752541166 -2.21008396897 0.430539975173 -1.19578327394
5.0965241057 -2 3.51022442879 -2.21456443691 0.427983876101 -1.19837886313
5.10047422034 -2 3.51278721533 -2.21887799789 0.425556696677 -1.20082835405
5.1045882881 -2 3.51542084984 -2.22328544615 0.423023806994 -1.20336883224
5.11729713512 -2 3.52354383892 -2.23717824398 0.415167489597 -1.21114759154
5.11843278395 -2 3.52425751942 -2.23839728273 0.414463116504 -1.21183759715
5.12397572236 -2 3.52776707799 -2.24450397369 0.411019676522 -1.21519337688
5.12577761878 -2 3.52888880531 -2.24643642932 0.409898321767 -1.21627996253
5.12984090492 -2 3.53144374408 -2.25092790549 0.407366132773 -1.21872244294
5.131774238 -2 3.53265180825 -2.25305394048 0.406159589586 -1.21988080026
5.13299705908 -2 3.53341767725 -2.25441138956 0.405395888521 -1.22061219156
5.13426367858 -2 3.53420784384 -2.25581038986 0.404604368148 -1.22136874727
5.13496165677 -2 3.53463981586 -2.2565702691 0.404167993845 -1.22178520266
5.13938296258 -2 3.53738838438 -2.26146558472 0.401400467913 -1.22441579607
5.14098681734 -2 3.53837888797 -2.2632314025 0.400395108682 -1.22536688737
5.14378131188 -2 3.54011110449 -2.26635164461 0.398641602244 -1.22701999172
5.1444603585 -2 3.54052795574 -2.26709800778 0.398215163366 -1.22742091087
5.14450500768 -2 3.54056588706 -2.26718726489 0.398187119094 -1.22744726177
5.1534091117 -2 3.5460297288 -2.27710029612 0.392582742718 -1.23267598384
5.15480188973 -2 3.54687408674 -2.27863408293 0.391704007722 -1.23348912304
5.16833534265 -2 3.55507409305 -2.29383832746 0.383135981652 -1.24132332532
5.17524459928 -2 3.55921270541 -2.30164167656 0.378741199508 -1.24527594292
5.1763087064 -2 3.55983954298 -2.30281668436 0.378063121871 -1.24588186035
5.1783961222 -2 3.56108922075 -2.30520852767 0.376732012833 -1.24706826444
5.18246647552 -2 3.56348960007 -2.30977348065 0.374132797209 -1.24937330149
5.1831250394 -2 3.56387810988 -2.31051756798 0.373711806937 -1.24974520201
5.19276904243 -2 3.56955093072 -2.32150988599 0.367532521576 -1.2551579418
5.19422369733 -2 3.57040800831 -2.32319919443 0.366598147456 -1.25596894162
5.19447947222 -2 3.57054552013 -2.32344662609 0.36643379181 -1.25611139391
5.19566939646 -2 3.57124244881 -2.32481862762 0.365668924459 -1.25677353501
5.20295124722 -2 3.57546279432 -2.33314403238 0.360979414282 -1.26080474039
5.21250120912 -2 3.58094197464 -2.34410984704 0.354806289793 -1.26603714561
5.21370786216 -2 3.58163274865 -2.34551060297 0.354024457808 -1.26669386247
5.22111848428 -2 3.58583235583 -2.35405408921 0.34921379704 -1.27070533282
5.221347958 -2 3.58596368101 -2.35432638931 0.349064583985 -1.27082895254
5.22203716399 -2 3.58634998698 -2.35511428954 0.348616344865 -1.27120001846
5.22223581514 -2 3.58646908053 -2.3553712254 0.348487123094 -1.2713069113
5.23171445184 -2 3.59178202338 -2.36637125956 0.34230835075 -1.276375949
5.23335046805 -2 3.59268835273 -2.36825890918 0.341239328562 -1.27724464136
5.23374879973 -2 3.59290773097 -2.36871491171 0.340978932632 -1.27745586974
5.23916205939 -2 3.5959018311 -2.37501241129 0.337435774858 -1.28031562738
5.24279160844 -2 3.59790722258 -2.37928077882 0.335055509321 -1.28222179025
5.24951252306 -2 3.60157982377 -2.38714381852 0.330638185007 -1.28572750622
5.25669570544 -2 3.60547339828 -2.39559255993 0.325903100093 -1.28943985186
5.26116374672 -2 3.60787293934 -2.40084923334 0.32295056986 -1.29173095745
5.26763867453 -2 3.61132027672 -2.40847081389 0.318662043652 -1.29502655059
5.27601439852 -2 3.6157509572 -2.41842865553 0.313097379987 -1.29924631371
5.28154596933 -2 3.61863467721 -2.42497249155 0.309411723362 -1.30200631801
5.28305684807 -2 3.61942505058 -2.4267881578 0.308403571841 -1.30275645702
5.28963891259 -2 3.62283026191 -2.4346429703 0.304004316228 -1.30600573467
5.29312646413 -2 3.62462159254 -2.43881493008 0.301668540707 -1.30771506305
5.30840235321 -2 3.6323513717 -2.45713133636 0.291398569033 -1.31510120825
5.31069481227 -2 3.63349215179 -2.45987539933 0.289851891414 -1.31619543156
5.31973380583 -2 3.63797575005 -2.47081545258 0.283739643561 -1.32047358829
5.32256584987 -2 3.63936499193 -2.4742415865 0.281820067761 -1.32180206425
5.32459495385 -2 3.64035126221 -2.47667862719 0.280443405935 -1.32275038465
5.3331572863 -2 3.64450176532 -2.48707552304 0.274622086082 -1.32671977601
5.33750372734 -2 3.64659026582 -2.49238004756 0.27165955959 -1.32871471579
5.3521825649 -2 3.653517042 -2.5102967374 0.261617415328 -1.33535207612
5.35246232443 -2 3.6536481967 -2.51064221021 0.261425471628 -1.33547707407
5.35663043366 -2 3.65558325993 -2.51574929677 0.258563278702 -1.33733273892
5.35901573627 -2 3.65669138423 -2.51870209193 0.256923261524 -1.33838906248
5.36370645105 -2 3.65884684921 -2.52447664081 0.253693797462 -1.34045436846
5.36398738435 -2 3.65897754281 -2.52483103716 0.25350019732 -1.34057755865
5.36675115891 -2 3.66022814081 -2.52819826411 0.251594489971 -1.34178644505
5.36678809818 -2 3.66024400192 -2.52824019425 0.251569005676 -1.34180256507
5.36952687377 -2 3.66148998342 -2.5316293345 0.249678538645 -1.3429949992
5.37666771598 -2 3.66470837821 -2.54047463889 0.244740298747 -1.34607852169
5.38044655667 -2 3.66639227835 -2.54515490156 0.2421216785 -1.34769532849
5.38243356616 -2 3.66726906332 -2.54760315357 0.240743255523 -1.34854132833
5.38819942533 -2 3.66980290265 -2.55474694011 0.236737592045 -1.35097998719
5.40022656061 -2 3.6750071922 -2.56971904434 0.228354496059 -1.35598890165
5.40410731546 -2 3.67665787256 -2.57455106525 0.225641626169 -1.35758257273
5.40844463083 -2 3.67849562956 -2.57998809355 0.222605037703 -1.35935069273
5.40915364263 -2 3.67879089568 -2.5808636401 0.222108196444 -1.35963841315
5.41087879897 -2 3.6795220263 -2.58304994072 0.220898755049 -1.36033695076
5.4121820182 -2 3.68006593445 -2.58467654072 0.219984615192 -1.36086319356
5.4169308905 -2 3.68204105237 -2.5906291994 0.216649877279 -1.36277025132
5.42179072656 -2 3.68403930481 -2.59671707096 0.213231296399 -1.36470471292
5.43804356916 -2 3.69060085068 -2.6172332644 0.201755188712 -1.37104774707
5.44859387387 -2 3.69473188908 -2.63057400709 0.194270205741 -1.3750607081
5.45552155671 -2 3.69739744674 -2.63937502181 0.189340255849 -1.37765083861
5.45578658567 -2 3.69750061232 -2.63971973687 0.189151416995 -1.37774921958
5.46151256188 -2 3.6996693749 -2.64700066507 0.185067297277 -1.37986198556
5.46316440684 -2 3.70028747035 -2.64909456885 0.183887596375 -1.38046694383
5.46539495907 -2 3.7011214582 -2.65193543151 0.182293533312 -1.38128061537
5.46714480198 -2 3.70176679222 -2.65414280448 0.181042152784 -1.38191633392
5.46861750846 -2 3.70231743642 -2.65603795417 0.179988380601 -1.38244959785
5.48068513666 -2 3.70672343683 -2.67146296331 0.17133358497 -1.38675819889
5.4834903899 -2 3.70773178188 -2.67506498345 0.16931659625 -1.38774416452
5.48577251104 -2 3.70854296084 -2.67798191607 0.167674331882 -1.38854191162
5.5097455077 -2 3.7168205804 -2.70886101175 0.150346915929 -1.39668538314
5.51122881666 -2 3.71732000198 -2.71079323743 0.149270271134 -1.39717502148
5.51235383903 -2 3.71768767441 -2.71222182263 0.148453335518 -1.39754528114
5.51499850523 -2 3.71856033048 -2.71563053447 0.146531723701 -1.39841190693
5.51592509346 -2 3.7188661001 -2.71683109259 0.145858072403 -1.3987142875
5.52390593602 -2 3.7214742413 -2.72720745327 0.140047389071 -1.40129182422
5.52437798413 -2 3.72162011192 -2.72779664836 0.139703228988 -1.40144276763
5.53130319924 -2 3.72382799336 -2.73679550404 0.134648169375 -1.40363775752
5.53465709884 -2 3.72488635005 -2.74117679382 0.132195940087 -1.4046877043
5.53515132274 -2 3.72503380191 -2.74179355134 0.131834361621 -1.40484169941
5.53644199522 -2 3.7254349911 -2.74347002821 0.13088982487 -1.40524298365
5.55067344148 -2 3.72977029432 -2.76203525089 0.120449247441 -1.40958357208
5.55801038816 -2 3.73193076098 -2.77162138318 0.115048316174 -1.41176095804
5.55869086653 -2 3.7321282558 -2.77250982387 0.114546768007 -1.41196081801
5.55907731481 -2 3.73224819222 -2.77304482227 0.114261887956 -1.41207416212
5.56058535192 -2 3.73267788594 -2.77499176712 0.113149872047 -1.41251537164
5.5630392638 -2 3.73338647229 -2.77821412385 0.111339258075 -1.41322959628
5.57084279918 -2 3.73560250271 -2.78847137121 0.105572268383 -1.41547019001
5.58456925859 -2 3.73935250938 -2.80651327144 0.0953944644919 -1.4192979541
5.5869028869 -2 3.73998035215 -2.80961528819 0.0936599012958 -1.41993429506
5.58745191302 -2 3.7401188979 -2.81031316896 0.0932516372428 -1.42008339566
5.59524373201 -2 3.74215562881 -2.82061105164 0.0874502231411 -1.42217439114
5.5953921865 -2 3.74218887542 -2.82078831744 0.0873395589357 -1.42221377539
5.61790465471 -2 3.74775402212 -2.85064931819 0.0705010962135 -1.42798898906
5.62299113254 -2 3.74894307484 -2.85740679028 0.0666811118996 -1.4292394559
5.62593916202 -2 3.74961961932 -2.86132113214 0.0644645261333 -1.42995500617
5.63781321369 -2 3.75226302277 -2.87711809639 0.0555174171587 -1.43276865417
5.63921356924 -2 3.75257391386 -2.87901400685 0.0544602332009 -1.43309324214
5.64041951794 -2 3.75283589784 -2.88063092063 0.0535494753858 -1.43337154369
5.64079159541 -2 3.75291271066 -2.88111561381 0.0532684113319 -1.4334571806
5.6444712501 -2 3.75369165986 -2.88601170825 0.0504872267033 -1.43429827189
5.65660163602 -2 3.75618949036 -2.90225970138 0.041298184146 -1.4369961523
5.6585915176 -2 3.75658217765 -2.9049149675 0.0397878063253 -1.43742773304
5.68514721559 -2 3.76149753453 -2.9405996746 0.0195513317761 -1.44289022787
5.68977343115 -2 3.76227970195 -2.94681786144 0.016010911469 -1.44378517636
5.69025282913 -2 3.76236320327 -2.94747640559 0.0156437773008 -1.44387695327
5.69226676606 -2 3.76269481782 -2.95017974255 0.0141009389839 -1.44426052811
5.69454585956 -2 3.76307663205 -2.95328330684 0.0123539606667 -1.44469075086
5.69813546706 -2 3.76365469371 -2.95812431972 0.00960027622193 -1.4453600565
5.70349851826 -2 3.76449561368 -2.96536552031 0.0054812141135 -1.44634109787
5.7048084858 -2 3.76469580494 -2.96713171605 0.00447420751125 -1.44657727556
5.70493299322 -2 3.76471125451 -2.96728629507 0.00437847716342 -1.44659965284
5.71124916662 -2 3.76565879588 -2.97583352121 -0.000481994169385 -1.44771876969
5.71640802895 -2 3.76641174122 -2.98285237611 -0.00445788316808 -1.44860943423
5.73036931409 -2 3.76829477384 -3.00178963543 -0.0152445677636 -1.45091415293
5.73224415705 -2 3.76853382642 -3.00433928855 -0.0166960642205 -1.45121188416
5.73894777195 -2 3.76935398936 -3.0134388877 -0.0218916830214 -1.45225362055
5.74380179099 -2 3.76992204187 -3.02004171678 -0.0256593193026 -1.4529856525
5.7591751332 -2 3.77157039698 -3.04100311195 -0.0376223912617 -1.45518042557
5.75975597958 -2 3.77162322185 -3.04177766631 -0.0380752898141 -1.45525966033
5.76252662795 -2 3.77189314423 -3.04555945459 -0.0402365222493 -1.45563391075
5.76616708474 -2 3.77224062702 -3.0505481381 -0.043078496098 -1.45611634673
5.76630575538 -2 3.77224975144 -3.0507235393 -0.0431868017213 -1.45613451445
5.7723708296 -2 3.77279240206 -3.05901860809 -0.0479274024461 -1.45691410647
5.77505862138 -2 3.77302242426 -3.06270225398 -0.0500304919712 -1.45725019756
5.77580621564 -2 3.77308159961 -3.06371370631 -0.0506156994194 -1.45734265361
5.77586990707 -2 3.77308520046 -3.06379448722 -0.0506655611896 -1.45735050977
5.78503761662 -2 3.77380425778 -3.07635888173 -0.057850669363 -1.4584474963
5.79581659012 -2 3.77453756401 -3.09113939138 -0.066318856084 -1.4596512629
5.80014683077 -2 3.77480178525 -3.0970941098 -0.0697268989277 -1.46010864541
5.80379918721 -2 3.77500253841 -3.10209157513 -0.0726041317907 -1.46048273748
5.80471649258 -2 3.77505379014 -3.10335840601 -0.0733271494952 -1.4605750111
5.80541762971 -2 3.77509470164 -3.10433563609 -0.0738798888076 -1.46064508467
5.80871247881 -2 3.77526012283 -3.10885237473 -0.0764785874415 -1.46096909773
5.81174867522 -2 3.7754089872 -3.11304005464 -0.0788750512932 -1.46125995919
5.81328369156 -2 3.77547420101 -3.11513320025 -0.0800872804726 -1.46140419303
5.81733189065 -2 3.77565002918 -3.12071404651 -0.0832862812909 -1.46177549229
5.82169896006 -2 3.77581979267 -3.12673349175 -0.0867406119054 -1.46216126896
5.82659473868 -2 3.77598063287 -3.13346185459 -0.0906172623218 -1.46257551484
5.82768100582 -2 3.77601647623 -3.13496860429 -0.0914779942062 -1.46266481281
5.82924281965 -2 3.77606563984 -3.13713438947 -0.0927159105268 -1.46279153931
5.83137354982 -2 3.7761233699 -3.14006955363 -0.0944054659731 -1.46296126107
5.83323620858 -2 3.77617156681 -3.14264199569 -0.0958831228666 -1.46310663502
5.83401558369 -2 3.7761867901 -3.14370371845 -0.0965015897292 -1.4631666333
5.83555145904 -2 3.77622589391 -3.14583800228 -0.0977206894825 -1.46328343666
5.83600793446 -2 3.77622964043 -3.1464441548 -0.0980830977546 -1.46331778529
5.8381222262 -2 3.77627834002 -3.14938240112 -0.0997621766753 -1.4634746906
5.84026813151 -2 3.77631645307 -3.15234015177 -0.101467176237 -1.46363025811
5.8459318366 -2 3.77639828493 -3.1601656695 -0.105971121537 -1.46402301771
5.85679000014 -2 3.77645887692 -3.17516921729 -0.114621666585 -1.46470362053
5.85932618451 -2 3.77645591302 -3.17867816507 -0.116645181553 -1.46484887616
5.8634048844 -2 3.77644121125 -3.18433886414 -0.119901750166 -1.46507157611
5.86741546565 -2 3.77640128414 -3.18987464764 -0.123106739232 -1.46527744373
5.86780474176 -2 3.77640256622 -3.19043516063 -0.123417970529 -1.4652967332
5.86874972703 -2 3.77638850502 -3.19173292908 -0.124173607065 -1.46534304938
5.8696174669 -2 3.77637216189 -3.1929147683 -0.124867611364 -1.46538494339
5.87470351668 -2 3.77629364046 -3.19997011026 -0.128937949816 -1.46561824512
5.88157505016 -2 3.77614259385 -3.20950025929 -0.134444215934 -1.46590019306
5.88374974565 -2 3.77608864648 -3.21253352502 -0.136188503168 -1.46598145733
5.88977452304 -2 3.77589861381 -3.22088418775 -0.141025045887 -1.46618657709
5.89334095195 -2 3.77577166566 -3.22584303027 -0.143890959889 -1.46629413513
5.89751291292 -2 3.77560236945 -3.2316313066 -0.147246164165 -1.46640686322
5.90191260696 -2 3.77540498319 -3.2377417366 -0.150787651663 -1.46651044526
5.90589602586 -2 3.77521628935 -3.24330514035 -0.153996823725 -1.466590674
5.90749169587 -2 3.77512994636 -3.24551114718 -0.155283080463 -1.4666191976
5.90770783533 -2 3.77512403122 -3.24583281706 -0.15545734091 -1.46662290221
5.90992850239 -2 3.77500048113 -3.24890952403 -0.157248176947 -1.4666587666
5.91941992738 -2 3.77442874677 -3.2621239441 -0.164911517318 -1.46676689261
5.92408278405 -2 3.77410819183 -3.26860155288 -0.16868163793 -1.46679318421
5.92878886727 -2 3.77377066563 -3.27517748803 -0.172490253127 -1.46680178702
5.93030288629 -2 3.77365366544 -3.2772805712 -0.173716296377 -1.46680072324
5.93227448482 -2 3.77349882121 -3.2800240966 -0.175313432563 -1.46679654133
5.93287030721 -2 3.77345244363 -3.28085797106 -0.175796213166 -1.46679465495
5.93556018685 -2 3.7732416899 -3.28463569422 -0.177976459893 -1.46678254115
5.93603365873 -2 3.77319586426 -3.28527047556 -0.178360345049 -1.46677979915
5.93850988888 -2 3.77298874062 -3.2887296726 -0.180368619485 -1.46676248461
5.94165492694 -2 3.77271525371 -3.2931202594 -0.18292070533 -1.466733294
5.9426703004 -2 3.77262678937 -3.29454591665 -0.183744976734 -1.46672214919
5.94273328454 -2 3.77261984457 -3.29462893436 -0.183796112048 -1.46672143021
5.94301882193 -2 3.77259121656 -3.29501639416 -0.184027940799 -1.46671813016
5.9541461695 -2 3.77152438369 -3.31056665442 -0.193072181936 -1.46653777692
5.95764372272 -2 3.77115710713 -3.3154393398 -0.195918937362 -1.46646023558
5.96091907711 -2 3.77081277764 -3.32004733606 -0.198586544787 -1.46637857269
5.96297993054 -2 3.77058218649 -3.3229165082 -0.20026584597 -1.46632270413
5.96398997107 -2 3.77046422886 -3.32431034348 -0.201089121578 -1.46629405697
5.96411300972 -2 3.77045786923 -3.32451097351 -0.201189419988 -1.46629051041
5.96557583647 -2 3.77028806841 -3.32654191009 -0.202382060941 -1.46624739816
5.97162232017 -2 3.76957627396 -3.33499371258 -0.207315197923 -1.46605066502
5.97462379411 -2 3.76920990024 -3.33919628671 -0.209766057619 -1.46594191976
5.97596851739 -2 3.76904082572 -3.34107255555 -0.210864533415 -1.46589081302
5.98160212528 -2 3.7683191007 -3.3489642572 -0.215469448449 -1.46566064824
5.98179396823 -2 3.76830004727 -3.34925640417 -0.21562634432 -1.46565235382
5.98223129087 -2 3.76823632401 -3.34984557255 -0.215984022535 -1.46563333357
5.9824508742 -2 3.76821294027 -3.35017454794 -0.216163626453 -1.46562372441
5.98692286099 -2 3.76761000226 -3.35643510029 -0.219822956182 -1.46541945309
5.99117927577 -2 3.76701044156 -3.36237379346 -0.223308629864 -1.4652098446
6.00076567098 -2 3.76560448145 -3.37581539253 -0.23116885162 -1.46468350221
6.00224882552 -2 3.76538096377 -3.37790660766 -0.232386134096 -1.46459535461
6.00254419432 -2 3.76533209812 -3.37830757502 -0.232628592664 -1.4645775852
6.00400729051 -2 3.76511196849 -3.38038277147 -0.233829785822 -1.46448851265
6.0054184703 -2 3.76488887663 -3.38235176457 -0.234988647854 -1.46440094123
6.01204391164 -2 3.7638219599 -3.39163362342 -0.240433280048 -1.46396800738
6.01486044003 -2 3.76336006384 -3.39560351583 -0.242749731639 -1.46377307908
6.01597974157 -2 3.76317502662 -3.3971847999 -0.243670612512 -1.4636938102
6.01739413313 -2 3.76293314826 -3.39915977438 -0.244834525521 -1.46359217587
6.02384210479 -2 3.76181334179 -3.40820471854 -0.250144174455 -1.46310808308
6.02396219737 -2 3.76179168984 -3.40837180485 -0.2502431212 -1.46309874388
6.02563295094 -2 3.76149690929 -3.41072722933 -0.251619898116 -1.4629675895
6.0268696008 -2 3.76127554929 -3.41246613269 -0.252639204294 -1.46286903957
6.02878226019 -2 3.76092885523 -3.41515177703 -0.254216128533 -1.4627141502
6.033181339 -2 3.76011756881 -3.42133419213 -0.257844944875 -1.46234653213
6.04004002538 -2 3.75881177831 -3.4309800431 -0.263508008029 -1.46174173119
6.04755113669 -2 3.75731299619 -3.44150870761 -0.269717109439 -1.46103515765
6.05053580003 -2 3.75670680986 -3.4457180267 -0.272186510036 -1.46074154525
6.05592465003 -2 3.75558603363 -3.45331294669 -0.276648062671 -1.46019291941
6.05639919767 -2 3.75547860927 -3.45395435036 -0.277041136668 -1.46014346567
6.05955350605 -2 3.75480414744 -3.45839289694 -0.279654649137 -1.45981005251
6.06070967008 -2 3.75455604976 -3.46002693308 -0.280612921643 -1.45968580064
6.07518607526 -2 3.75130377121 -3.48040878738 -0.292626299635 -1.45803718322
6.07967218115 -2 3.75024809595 -3.48672237814 -0.296354630953 -1.45749138092
6.08239902106 -2 3.7495929468 -3.49055028101 -0.298622119096 -1.45715154628
6.08319102608 -2 3.74940896605 -3.49169203412 -0.299280883321 -1.45705169795
6.08397891343 -2 3.74921581933 -3.49279187808 -0.299936301457 -1.45695185771
6.08470997567 -2 3.74903784922 -3.49381950013 -0.300544518856 -1.45685876242
6.08611183638 -2 3.74869373509 -3.49578551205 -0.301711005198 -1.45667901842
6.10024107317 -2 3.74513435984 -3.5157179199 -0.313481649323 -1.4547772904
6.10574667931 -2 3.74367936731 -3.52345419747 -0.318074882249 -1.45399186825
6.10804602646 -2 3.74306744838 -3.52670693104 -0.319994282073 -1.45365647552
6.10922172357 -2 3.74275229398 -3.52837011344 -0.320975953021 -1.45348330508
6.12536653062 -2 3.73824604332 -3.55112100751 -0.334473116571 -1.45099043613
6.12557079925 -2 3.73819341971 -3.55143268511 -0.334644084269 -1.45095752365
6.12793210296 -2 3.73750368145 -3.55473793055 -0.336620790577 -1.45057457312
6.1298589647 -2 3.73694132211 -3.55745441289 -0.338234296854 -1.45025868449
6.13432161171 -2 3.73562369384 -3.56374837384 -0.341972861498 -1.44951536493
6.13494312387 -2 3.73543869813 -3.5646259543 -0.342493713345 -1.4494105446
6.14139111687 -2 3.73349992704 -3.5737529285 -0.347900000531 -1.44830433642
6.14894602222 -2 3.73115592849 -3.58439507583 -0.354240379102 -1.44696475832
6.15052715906 -2 3.73065926723 -3.5866297453 -0.355568143952 -1.44667846748
6.15172175104 -2 3.73028269718 -3.58832006948 -0.356571491498 -1.44646080441
6.15808828837 -2 3.72824261012 -3.59730428468 -0.361921467174 -1.44528099589
6.1602831635 -2 3.72752493406 -3.60038676723 -0.363766915777 -1.44486653326
6.16112457687 -2 3.72725613583 -3.60159799819 -0.364474515005 -1.44470659772
6.16388300076 -2 3.72634618202 -3.60548025049 -0.366794794199 -1.44417819728
6.16473228018 -2 3.72606191757 -3.60666639992 -0.367509341558 -1.44401425133
6.1727213043 -2 3.72338399836 -3.61795941272 -0.374234769223 -1.44244302705
6.17679802263 -2 3.72198403147 -3.62369901418 -0.377669313154 -1.44162103632
6.17687308601 -2 3.72196637625 -3.62383633447 -0.377732568864 -1.44160577321
6.17986250003 -2 3.72092429582 -3.62803183109 -0.380252222428 -1.4409941528
6.18083249056 -2 3.72059040458 -3.62941748723 -0.381069988986 -1.44079411926
6.18179839573 -2 3.72024792553 -3.63076316255 -0.381884409111 -1.44059415996
6.18278054208 -2 3.71990749857 -3.63216531876 -0.382712623132 -1.44039005239
6.18650053745 -2 3.7185943358 -3.63742270871 -0.385850490767 -1.43960978456
6.20374396104 -2 3.71229883684 -3.66176505624 -0.400414039449 -1.43584448806
6.20529438694 -2 3.71171247018 -3.66393821215 -0.401724971415 -1.43549396663
6.20568495275 -2 3.71156906981 -3.66450369986 -0.402055244145 -1.43540535589
6.21115624265 -2 3.70949440791 -3.67224251505 -0.40668348978 -1.43415087014
6.21868954853 -2 3.70657979997 -3.68288468644 -0.413060797048 -1.43238336617
6.22731672217 -2 3.70315734921 -3.69504558863 -0.420370789177 -1.43030197354
6.23344884708 -2 3.70068117544 -3.70371574235 -0.425570925148 -1.42878538628
6.23376232581 -2 3.70054875487 -3.70414099829 -0.425836853673 -1.42870702797
6.23892247809 -2 3.69843622066 -3.71145752701 -0.430215582949 -1.42740558637
6.24305623965 -2 3.69671120283 -3.71727570765 -0.433725102703 -1.42634724673
6.24486736972 -2 3.69595278615 -3.71983766331 -0.435263218853 -1.42587913774
6.24487001667 -2 3.69595163405 -3.71984125119 -0.435265467006 -1.42587845164
6.24569895076 -2 3.69559988751 -3.72100083747 -0.435969544038 -1.42566330379
6.24612654866 -2 3.69542258392 -3.72161593612 -0.436332759629 -1.42555210137
6.25118501644 -2 3.69327442613 -3.72875824265 -0.440630821755 -1.42422519769
6.25788851175 -2 3.69038243281 -3.7382181047 -0.446330095503 -1.42243444464
6.26554065406 -2 3.68702494478 -3.74903544538 -0.452840653764 -1.42034523181
6.26779558358 -2 3.68601664272 -3.75219836094 -0.454760133159 -1.41972042609
6.26934222929 -2 3.6853305109 -3.75440108636 -0.45607694288 -1.41928946494
6.26952015547 -2 3.6852481926 -3.75464222645 -0.456228441597 -1.4192397614
6.27911709316 -2 3.68089536482 -3.76818057508 -0.4644038362 -1.41652042575
6.28639589414 -2 3.67752625875 -3.77845115018 -0.470609483563 -1.41440762623
6.28681671126 -2 3.67732813056 -3.77903904375 -0.470968387376 -1.41428414978
6.28754081438 -2 3.67698803812 -3.78005555362 -0.471585988822 -1.41407134348
6.28934624286 -2 3.67614222793 -3.78260794501 -0.473126054679 -1.41353887714
6.29601333221 -2 3.67298640731 -3.79202958938 -0.478815433614 -1.41154946019
6.29990406872 -2 3.67111780793 -3.79751213021 -0.482137199058 -1.41037167688
6.3031524771 -2 3.66954459668 -3.80208873519 -0.484911456226 -1.40937884667
6.30587663264 -2 3.66821435522 -3.80591953883 -0.48723859885 -1.40853959087
6.30596495124 -2 3.66816988129 -3.80603912536 -0.487314055419 -1.40851228014
6.30848480767 -2 3.66693452428 -3.8095929769 -0.489467185602 -1.40773037767
6.3106029973 -2 3.6658965014 -3.81260274817 -0.491277471048 -1.40706909322
6.31132601563 -2 3.66553763028 -3.81361707775 -0.491895466034 -1.40684253178
6.31916897679 -2 3.66161777908 -3.82465941042 -0.498601640518 -1.40435743421
6.32293684492 -2 3.65971224074 -3.82997155197 -0.501824958465 -1.40314567794
6.32989445581 -2 3.65615087066 -3.83977596596 -0.507779657855 -1.40087760437
6.33023787614 -2 3.65597791953 -3.84027601721 -0.508073662951 -1.40076463054
6.3317075562 -2 3.65521511636 -3.84233524729 -0.509331960638 -1.40028006667
6.3498776218 -2 3.64562326216 -3.86793424697 -0.524900670312 -1.39414361005
6.3500290213 -2 3.64553950558 -3.86813878767 -0.525030485588 -1.39409134724
6.35166409627 -2 3.64466154954 -3.87045536954 -0.52643255032 -1.39352573146
6.35194187745 -2 3.64450737448 -3.87083090742 -0.526670762623 -1.39342942293
6.35260926602 -2 3.64414583392 -3.8717683473 -0.527243104334 -1.39319777781
6.36463197894 -2 3.6375562688 -3.8886860145 -0.537558371211 -1.38896260898
6.36618837031 -2 3.63669226314 -3.89087888822 -0.53889437637 -1.38840573782
6.36741271145 -2 3.636005263 -3.89258315862 -0.539945452484 -1.38796628652
6.3677707619 -2 3.63580952078 -3.89310246086 -0.540252849734 -1.38783754118
6.36789590484 -2 3.63573775736 -3.89327131721 -0.540360290576 -1.38779251852
6.36908796812 -2 3.63507225361 -3.89495207194 -0.541383777466 -1.38736301065
6.3742712147 -2 3.63215334391 -3.90223373587 -0.545835010161 -1.38548200188
6.37530880747 -2 3.63156903393 -3.90370501458 -0.546726256011 -1.3851028306
6.37639557571 -2 3.63095499419 -3.90524311959 -0.547659808334 -1.38470474948
6.37693436934 -2 3.63064616809 -3.90599073996 -0.548122666489 -1.38450703404
6.37818721345 -2 3.62992759026 -3.90773209485 -0.549199004183 -1.38404637772
6.37843052443 -2 3.62979454252 -3.90809585505 -0.549408046843 -1.38395676698
6.38766118506 -2 3.62447601721 -3.92104671732 -0.55734111495 -1.38052157432
6.38817933095 -2 3.62417667156 -3.92178127486 -0.557786563432 -1.38032669243
6.38855446163 -2 3.6239621962 -3.92232235959 -0.558109071342 -1.38018546435
6.3952027674 -2 3.62006471007 -3.93164234607 -0.563826027339 -1.37766355558
6.42208362317 -2 3.60382203273 -3.96937350575 -0.586964321813 -1.36710096699
6.4255975544 -2 3.60163292461 -3.97427892361 -0.589991591418 -1.36567690016
6.43405028267 -2 3.59632811564 -3.98614233925 -0.597275932969 -1.36221036992
6.43945655421 -2 3.59288430644 -3.99369275675 -0.601936546042 -1.35996290125
6.44300691686 -2 3.59061140782 -3.99867460815 -0.60499789373 -1.35847410457
6.44623856772 -2 3.58852604743 -4.00319215576 -0.607784876841 -1.3571100978
6.45175280301 -2 3.58494530674 -4.01091572674 -0.612541328576 -1.35476318265
6.46012105999 -2 3.57943918652 -4.02260447842 -0.619761827388 -1.35115467083
6.46041226336 -2 3.5792422162 -4.02299602959 -0.620013137378 -1.35102808243
6.46107913661 -2 3.57879944991 -4.02392572285 -0.620588664038 -1.3507379297
6.46359058014 -2 3.57712988486 -4.02743555258 -0.622756240779 -1.34964199633
6.47316036712 -2 3.57070046052 -4.04079281731 -0.631017759654 -1.34541937691
6.48312715675 -2 3.56389859128 -4.05470633389 -0.63962523708 -1.34094318008
6.48322635952 -2 3.56382866358 -4.05483840476 -0.639710925885 -1.34089822527
6.48377205401 -2 3.56345425925 -4.05560473935 -0.64018228813 -1.3406507964
6.48776101721 -2 3.56069351745 -4.06115302562 -0.643628164123 -1.33883484788
6.48792981051 -2 3.56058323385 -4.06141419305 -0.643773987083 -1.33875772378
6.48898302856 -2 3.55984588242 -4.06285876259 -0.644683896192 -1.33827597602
6.4904806887 -2 3.55880961049 -4.06496749813 -0.645977828724 -1.33758940292
6.49448109291 -2 3.55601145621 -4.07053074875 -0.649434369067 -1.33574666057
6.49572568673 -2 3.55513834543 -4.07226536077 -0.650509848726 -1.33517073067
6.49836459073 -2 3.5532787745 -4.07593276816 -0.652790320685 -1.33394547646
6.49907095241 -2 3.55277893439 -4.07691138119 -0.653400771727 -1.33361656141
6.49941227932 -2 3.5525416882 -4.07740135174 -0.653695757599 -1.33345748014
6.50373950394 -2 3.54947500124 -4.08343001338 -0.657435749801 -1.33143259826
6.50631841937 -2 3.54763547672 -4.08701460894 -0.659664916137 -1.33021867774
6.5078687967 -2 3.5465227439 -4.08915667197 -0.661005112392 -1.3294863337
6.50948590023 -2 3.54536682434 -4.09141946731 -0.662403050886 -1.32872041774
6.5119124018 -2 3.5436230839 -4.09479984095 -0.664500806514 -1.32756721176
6.5139667296 -2 3.54213743741 -4.09764508004 -0.666276917672 -1.32658719603
6.52021247361 -2 3.53760101226 -4.10632767272 -0.67167737998 -1.32358691446
6.52499116253 -2 3.53409465657 -4.11294427131 -0.675809890086 -1.32127028816
6.52514778914 -2 3.53398341481 -4.11317677848 -0.675945345275 -1.32119404918
6.53316897791 -2 3.52804369832 -4.12429325508 -0.682882922241 -1.31726347327
6.53473369442 -2 3.52688168065 -4.12647994667 -0.684236391433 -1.3164907337
6.53835171933 -2 3.52416728826 -4.13146981887 -0.687366117594 -1.31469647784
6.54440740527 -2 3.51960554789 -4.1398715454 -0.69260497937 -1.31166996569
6.54646376477 -2 3.51804467529 -4.14271377208 -0.694384090497 -1.31063558771
6.54845004708 -2 3.51653218169 -4.14545727931 -0.696102629027 -1.3096332601
6.5493739593 -2 3.51583244303 -4.14675339749 -0.696902019485 -1.30916595989
6.5507556313 -2 3.51477529645 -4.1486573542 -0.698097495496 -1.30846586337
6.557600336 -2 3.50951907215 -4.1581317272 -0.704020148554 -1.30497522175
6.56088252745 -2 3.50697678126 -4.16265984994 -0.706860384991 -1.30328815729
6.56192520259 -2 3.50617137312 -4.16411602395 -0.70776268491 -1.30275042374
6.56279936449 -2 3.50548737676 -4.1653068952 -0.708519166851 -1.3022989307
6.56387548744 -2 3.50465306471 -4.16680660258 -0.709450431961 -1.30174229343
6.56570483222 -2 3.50322718422 -4.16933790744 -0.711033551933 -1.3007939316
6.5660925968 -2 3.50291883537 -4.16985293591 -0.711369128359 -1.30059256669
6.56952583821 -2 3.50023370769 -4.17461131475 -0.714340355595 -1.29880448596
6.57480174726 -2 3.49607014818 -4.18187527806 -0.71890645941 -1.29603848076
6.58143411745 -2 3.49079303082 -4.19100374095 -0.724646782571 -1.29253000259
6.60556513291 -2 3.47118912775 -4.22418764689 -0.745533378834 -1.27947109485
6.60574611026 -2 3.47104614072 -4.22446085483 -0.745690024627 -1.27937141794
6.60868355736 -2 3.468609259 -4.22847122577 -0.748232536327 -1.27774994772
6.61590503855 -2 3.46259602571 -4.23839367885 -0.754482990676 -1.27373478014
6.61689610231 -2 3.46176092287 -4.23973428792 -0.755340776136 -1.27318054006
6.62587074718 -2 3.45419833171 -4.25205390632 -0.763108262469 -1.26812639757
6.62595358178 -2 3.45412638069 -4.25216093056 -0.763179952761 -1.26807945364
6.63150667197 -2 3.44938935096 -4.25972842037 -0.767985825765 -1.264920121
6.63269193406 -2 3.44837698092 -4.26135480826 -0.769011566871 -1.26424265155
6.63538836305 -2 3.44607111647 -4.26506532498 -0.771345042879 -1.26269732609
6.63932189522 -2 3.4426801022 -4.27042677472 -0.774748971777 -1.26043278901
6.63940881657 -2 3.44260325984 -4.27053866985 -0.774824188355 -1.26038261135
6.64299465995 -2 3.43950344177 -4.27544907519 -0.777927090172 -1.25830742832
6.65303694393 -2 3.430725408 -4.28910586716 -0.78661602207 -1.25244223531
6.6583641203 -2 3.4260324023 -4.29637525474 -0.791224696056 -1.24929889344
6.6672444789 -2 3.41813067227 -4.30844581575 -0.798906277877 -1.24400973081
6.66900694294 -2 3.41655498622 -4.31085044111 -0.800430655229 -1.24295269095
6.66979403023 -2 3.41584559895 -4.31190652023 -0.801111397879 -1.2424798528
6.67152151505 -2 3.41429713591 -4.31426540491 -0.802605437327 -1.24144038481
6.67879166723 -2 3.4077253212 -4.32411290285 -0.808892466778 -1.23704031062
6.68724500863 -2 3.40000899669 -4.33554110746 -0.816201230757 -1.23187248679
6.71370994099 -2 3.37535657077 -4.37125958848 -0.839070903815 -1.21533553188
6.71451275423 -2 3.37460107521 -4.37235700443 -0.839764336147 -1.21482542566
6.72014923559 -2 3.36923770339 -4.37990769895 -0.844632279498 -1.2112300269
6.73227722003 -2 3.35760157863 -4.39621123375 -0.855102949883 -1.20341091867
6.74148487148 -2 3.34864883646 -4.40852067645 -0.863048775212 -1.19739916033
6.74355245008 -2 3.34662244753 -4.41126895655 -0.864832560018 -1.19604028485
6.75749776584 -2 3.33285851916 -4.42987134227 -0.876859172906 -1.18678959305
6.76158874534 -2 3.32878375465 -4.43533036224 -0.88038569989 -1.18404764913
6.77276218112 -2 3.31754587363 -4.4501547959 -0.890013583462 -1.17649378955
6.78207100077 -2 3.30808774512 -4.4625076018 -0.898030190789 -1.17012804873
6.78537798974 -2 3.30469953575 -4.466868559 -0.900877067389 -1.16785077507
6.7884489056 -2 3.30154821984 -4.47093672485 -0.903520209049 -1.16572864916
6.7918130706 -2 3.29808722806 -4.47540140311 -0.906415179677 -1.16339568432
6.79403324329 -2 3.29578973229 -4.47832034834 -0.908325376508 -1.16185136183
6.79405025138 -2 3.29577169574 -4.4783411188 -0.90834000893 -1.16183951685
6.80072668199 -2 3.28884052928 -4.48714787406 -0.914082657846 -1.15717296117
6.8024737559 -2 3.28701127953 -4.48942125242 -0.915584971328 -1.15594627414
6.80678666615 -2 3.28250150659 -4.49510599968 -0.919292909295 -1.15290816567
6.81519637841 -2 3.27363861493 -4.5061292901 -0.926519866311 -1.14694391075
6.81799580415 -2 3.27067663969 -4.50981353461 -0.928924636639 -1.14494673599
6.8198919147 -2 3.26866303229 -4.51229756106 -0.930553166416 -1.14359066517
6.82260440643 -2 3.2657766929 -4.51585272613 -0.932882482188 -1.14164604135
6.82428607785 -2 3.26398231872 -4.5180519999 -0.934326364015 -1.14043765713
6.82844392566 -2 3.2595293749 -4.52347262263 -0.937895520412 -1.13744089376
6.82972236806 -2 3.25815719885 -4.52514098484 -0.93899273135 -1.13651685666
6.8329208137 -2 3.2547163828 -4.52931186636 -0.941737302426 -1.13419971763
6.84026913206 -2 3.2467780123 -4.53891309134 -0.948040302497 -1.1288472194
6.84275304913 -2 3.24407397084 -4.54212545358 -0.950170054314 -1.12702882827
6.84919215793 -2 3.23704963631 -4.55050463874 -0.9556890756 -1.12229357443
6.85704103209 -2 3.22842646121 -4.56069494132 -0.962412468291 -1.1164798918
6.86110755829 -2 3.22392272602 -4.56592718269 -0.965894128084 -1.11344981989
6.86489917555 -2 3.219714605 -4.57082720618 -0.969139318031 -1.11061354823
6.86644220109 -2 3.2179965062 -4.5728152895 -0.970459663518 -1.10945625992
6.86647766532 -2 3.21795599321 -4.57285717721 -0.970490007659 -1.10942964059
6.88052491402 -2 3.20221343505 -4.59097518199 -0.98250161289 -1.09881274634
6.89421771303 -2 3.18665112469 -4.60850652301 -0.994195029168 -1.08832383642
6.89424042035 -2 3.18662447873 -4.60853296827 -0.994214408014 -1.08830632786
6.89777255764 -2 3.18257882954 -4.61304759678 -0.997228272927 -1.08557825841
6.89793720091 -2 3.18239251878 -4.61326779971 -0.99736873233 -1.08545087208
6.89945613216 -2 3.18065068739 -4.61521622154 -0.99866444469 -1.08427472157
6.9000630918 -2 3.17994364075 -4.61595513596 -0.999182151936 -1.08380426352
6.90517782667 -2 3.17405824829 -4.6225125511 -1.00354351814 -1.07982909592
6.90548462668 -2 3.17370214002 -4.622897158 -1.00380505655 -1.07959004313
6.91078028133 -2 3.16755992442 -4.62960698349 -1.00831815627 -1.0754529351
6.91402230105 -2 3.16379695331 -4.63375465987 -1.01107987019 -1.07291008474
6.92174733281 -2 3.15476379816 -4.64353588633 -1.01765662599 -1.06682017283
6.9246316365 -2 3.15137284594 -4.64717351121 -1.02011079892 -1.06453525042
6.92528256328 -2 3.15060643745 -4.64799423035 -1.02066454782 -1.06401875585
6.92695298082 -2 3.14863800085 -4.65010097588 -1.02208540581 -1.06269191304
6.9281602142 -2 3.14721609281 -4.65163248664 -1.02311211697 -1.06173172561
6.93157510598 -2 3.14318074431 -4.65594259476 -1.02601562526 -1.05900992949
6.94036610217 -2 3.13273652507 -4.66701667955 -1.03348504681 -1.05196434328
6.95201177186 -2 3.11877346719 -4.68162529046 -1.04336836283 -1.04254496855
6.96163076176 -2 3.10712673945 -4.69362062977 -1.05152139607 -1.03469127334
6.96957444459 -2 3.09743440267 -4.70349013449 -1.05824721007 -1.02815543178
6.97142563663 -2 3.09516825558 -4.70579354862 -1.05981363268 -1.02662583954
6.97245771607 -2 3.09390100733 -4.70706838797 -1.0606867882 -1.02577199638
6.97410626681 -2 3.09187311569 -4.70909831459 -1.06208125129 -1.02440656721
6.97802365513 -2 3.08705908733 -4.71397828675 -1.06539368473 -1.02115417524
6.97833762583 -2 3.08667068944 -4.71436195081 -1.06565909747 -1.02089302928
6.98263759154 -2 3.08135288524 -4.71965661922 -1.06929295608 -1.01730945973
6.98568928457 -2 3.07757424927 -4.72343584772 -1.07187067646 -1.01475821656
6.98884806252 -2 3.07364895992 -4.72732815667 -1.07453775923 -1.01211048274
6.99174352403 -2 3.07003865838 -4.73087978273 -1.07698153066 -1.00967724648
6.99493662133 -2 3.06604915459 -4.73479931868 -1.07967540784 -1.00698700022
7.00112551301 -2 3.05829278949 -4.74240544598 -1.08489338743 -1.00175219913
7.01178475288 -2 3.04482493831 -4.75539911669 -1.09386995875 -0.992672840896
7.01285600757 -2 3.04347221152 -4.75672954671 -1.09477136239 -0.991755940858
7.01431581578 -2 3.04161097101 -4.75848070389 -1.09599949219 -0.990505174667
7.01661842449 -2 3.03868822787 -4.76130746933 -1.09793614608 -0.988529253042
7.01800082379 -2 3.03692362064 -4.76297547354 -1.09909853279 -0.987341196519
7.02054276595 -2 3.03367892079 -4.7660597387 -1.10123531335 -0.985153111894
7.0206157438 -2 3.03358312249 -4.76613852462 -1.10129664761 -0.98509022623
7.0238620703 -2 3.02942680996 -4.77006258233 -1.10402436543 -0.982289064033
7.02597598529 -2 3.02671891575 -4.77263163264 -1.10579988157 -0.980461061951
7.02766528773 -2 3.02454665566 -4.77466393133 -1.10721836099 -0.978997996128
7.02949451947 -2 3.0221966301 -4.77688374081 -1.10875393738 -0.977411492201
7.03275342221 -2 3.01799353443 -4.78080411824 -1.11148863806 -0.974579238124
7.04597514507 -2 3.00084375324 -4.79670520112 -1.12256981245 -0.963012606648
7.05104131143 -2 2.99422330268 -4.80276580912 -1.12680981252 -0.958548457961
7.05512642327 -2 2.98886593979 -4.80764287575 -1.13022629049 -0.954935846167
7.05592439848 -2 2.98782358112 -4.80861780514 -1.13089339876 -0.954228821233
7.0849261335 -2 2.94925987371 -4.84288457485 -1.15508019764 -0.928235339322
7.08838164437 -2 2.94460973946 -4.84694021429 -1.15795420543 -0.925099864275
7.09287836759 -2 2.93853573218 -4.85218943115 -1.1616916478 -0.921007434738
7.09697771011 -2 2.93298290745 -4.85697241975 -1.16509626331 -0.917264681528
7.10786721559 -2 2.9181560388 -4.86965003769 -1.17412833966 -0.907267107579
7.12498301129 -2 2.89459474259 -4.88936342645 -1.18828876578 -0.891391569605
7.12738085499 -2 2.89126302825 -4.89208166374 -1.19026899436 -0.889151773596
7.12948636992 -2 2.88834350907 -4.89450642348 -1.19200707032 -0.88718186603
7.1342361113 -2 2.88173083159 -4.8999259426 -1.19592537612 -0.882727157918
7.16310456812 -2 2.84104907241 -4.93250846535 -1.21966272583 -0.855329496943
7.16374315269 -2 2.84013954569 -4.93322162329 -1.22018626422 -0.854717222255
7.1650183229 -2 2.8383221983 -4.93464509613 -1.22123149828 -0.853493787292
7.16586290143 -2 2.83712227831 -4.93560496939 -1.22192363422 -0.852682886166
7.16899227057 -2 2.83265522434 -4.93910024047 -1.22448712187 -0.84967421767
7.17895278612 -2 2.81836099064 -4.95013425384 -1.23263543551 -0.840055180829
7.18257678182 -2 2.81314513511 -4.95416590448 -1.23559587027 -0.836539349164
7.18425053022 -2 2.81072503798 -4.95599880807 -1.23696238524 -0.834912668007
7.18979974702 -2 2.80268561539 -4.9620760328 -1.24148949791 -0.829506467159
7.19841262055 -2 2.79016890218 -4.97154311118 -1.24850525275 -0.821076013022
7.19968421473 -2 2.7883129859 -4.97292919155 -1.24953993482 -0.819827285998
7.20430630742 -2 2.78154637706 -4.97792941041 -1.25329844135 -0.815279524613
7.21192249722 -2 2.77036284564 -4.98617818922 -1.25948321788 -0.807755817829
7.22279502504 -2 2.75430949295 -4.99791245173 -1.26829392691 -0.796950881346
7.22448686491 -2 2.75179442914 -4.99970437736 -1.26966296475 -0.795262770057
7.22808302073 -2 2.7464459648 -5.00353146325 -1.27257119806 -0.791668483738
7.24226428953 -2 2.72525036205 -5.01858996217 -1.28401583538 -0.777414585326
7.24402871374 -2 2.72260508248 -5.02047286265 -1.28543707882 -0.775632228286
7.24832257499 -2 2.71613395882 -5.02496384604 -1.28889326655 -0.771286531361
7.24980366819 -2 2.71390370705 -5.02653215218 -1.29008458766 -0.769784867669
7.25324548811 -2 2.70870694234 -5.03014718055 -1.29285136938 -0.766289924287
7.26314045773 -2 2.69369123861 -5.04043869429 -1.30079265824 -0.756200901498
7.26771712926 -2 2.68670989727 -5.04515358044 -1.30445911482 -0.751513804409
7.26900258708 -2 2.6847610954 -5.04653436559 -1.30548816278 -0.750194986375
7.27823632267 -2 2.67061276653 -5.05601691947 -1.31287021999 -0.740691480784
7.28444666613 -2 2.66104573845 -5.0623314 -1.31782538439 -0.734270036288
7.28505956767 -2 2.66010121344 -5.06295897896 -1.31831398101 -0.733635011851
7.28698870759 -2 2.65712181046 -5.06491638409 -1.31985135712 -0.731634729729
7.28756829495 -2 2.65622875365 -5.06551434391 -1.32031309294 -0.731033321326
7.29417405379 -2 2.64600149854 -5.07220811662 -1.32557071239 -0.724164288313
7.30485268007 -2 2.62938345829 -5.08295448313 -1.3340505759 -0.713003598271
7.30500456761 -2 2.62913947481 -5.08308049691 -1.33417101472 -0.712844352611
7.30888828898 -2 2.62306317245 -5.08694255163 -1.33724892492 -0.708767722465
7.31329003495 -2 2.61616486179 -5.09132440109 -1.34073345976 -0.704136271025
7.31410329933 -2 2.61489545816 -5.09215917176 -1.34137680288 -0.703279281912
7.31437554823 -2 2.61446865284 -5.0924319221 -1.34159213684 -0.702992306294
7.31453490728 -2 2.61421119932 -5.09256258086 -1.34171817367 -0.702824306261
7.3191873953 -2 2.60689886108 -5.09718490404 -1.34539538802 -0.697912781027
7.33754145602 -2 2.57783251013 -5.11513786653 -1.35985558795 -0.678409857571
7.33805999491 -2 2.5770119487 -5.11566016314 -1.36026302904 -0.677855933114
7.34329615447 -2 2.56865182246 -5.12069018956 -1.36437394052 -0.672253483983
7.35272292251 -2 2.55355409612 -5.12974423149 -1.3717592208 -0.662126267161
7.35931612807 -2 2.54294454234 -5.13602008591 -1.37691247422 -0.655011964861
7.36612292044 -2 2.53194261997 -5.14242830977 -1.38222209273 -0.647640391648
7.37711236308 -2 2.51410252948 -5.15272144047 -1.39077143106 -0.635681959956
7.37870311364 -2 2.51151194185 -5.15420488073 -1.39200660027 -0.633945122
7.37931818754 -2 2.51050999169 -5.15477904966 -1.39248402467 -0.633273168817
7.38275282967 -2 2.50490450279 -5.1579623188 -1.39514835436 -0.629516875754
7.38322497519 -2 2.50412751559 -5.15837766077 -1.39551438743 -0.628999980301
7.38590184951 -2 2.4997560449 -5.1608714144 -1.39758863444 -0.62606695541
7.38725499795 -2 2.49753659698 -5.16210168049 -1.39863650086 -0.624582749371
7.39223936979 -2 2.48936551665 -5.16668823918 -1.40249253611 -0.619106519768
7.39423201584 -2 2.48608676603 -5.16849238825 -1.40403240965 -0.616913241031
7.39622707893 -2 2.48280033663 -5.1702941771 -1.40557318128 -0.614715018571
7.39739083758 -2 2.48088902837 -5.17137145782 -1.40647149382 -0.613431699363
7.39784018508 -2 2.48014446736 -5.17176321944 -1.40681825923 -0.612935979841
7.40039201055 -2 2.47593678139 -5.17407591405 -1.40878658617 -0.610118618219
7.40105215426 -2 2.47485891888 -5.17471732168 -1.40929552144 -0.609389175507
7.40615804978 -2 2.46641949192 -5.17932172066 -1.4132282614 -0.603738884783
7.40663441582 -2 2.46562544059 -5.1797289911 -1.41359484635 -0.603210970505
7.40912446236 -2 2.461502918 -5.18197383874 -1.41551013149 -0.600449371954
7.41836429901 -2 2.44614493716 -5.19020045158 -1.42260366527 -0.590171152451
7.41838729768 -2 2.44610554516 -5.19021673481 -1.42262129489 -0.590145508932
7.4200550677 -2 2.44333673503 -5.19173543619 -1.42389936721 -0.588285149653
7.42213665668 -2 2.43985600986 -5.19354506955 -1.42549357766 -0.585960985727
7.43258167383 -2 2.42237588175 -5.2027210226 -1.43347638096 -0.574262033633
7.43381935783 -2 2.42029929314 -5.20380476693 -1.43442045398 -0.572871717771
7.44374342902 -2 2.40358179894 -5.21236508994 -1.44197596105 -0.561692968892
7.44942830809 -2 2.39397127874 -5.21723845382 -1.44629248392 -0.555264764812
7.46078038198 -2 2.37469668055 -5.22686636752 -1.45488661607 -0.542375100093
7.46136555271 -2 2.37370226566 -5.22736707312 -1.45532869422 -0.541708755644
7.4670899208 -2 2.36393529807 -5.23215498172 -1.45964844121 -0.535180458707
7.47595429696 -2 2.34875696014 -5.23950365816 -1.466320293 -0.525036021025
7.47827012672 -2 2.34477799227 -5.24139936614 -1.46805980936 -0.522378766841
7.48462116993 -2 2.33384823629 -5.24658941635 -1.47282281677 -0.515076557494
7.48630607531 -2 2.33095335681 -5.24799869059 -1.47408456333 -0.513135674403
7.48736153645 -2 2.32912487664 -5.24882707242 -1.47487454988 -0.511919088164
7.4882033622 -2 2.3276792234 -5.24953799021 -1.47550441508 -0.510948322966
7.49271643516 -2 2.31987461425 -5.25316709761 -1.47887781009 -0.505737539463
7.49592648711 -2 2.31431347869 -5.25573649524 -1.48127378852 -0.502024610062
7.49787544055 -2 2.31093174346 -5.2572865071 -1.48272708183 -0.499767665025
7.51156011174 -2 2.2871072824 -5.26808604215 -1.49290136282 -0.483863806294
7.51413081018 -2 2.2826312082 -5.2701548469 -1.49480670417 -0.480865226068
7.51983271863 -2 2.27264812081 -5.27458103046 -1.49902607919 -0.4742019156
7.52698412744 -2 2.26008020868 -5.28004431704 -1.50430484575 -0.465820753357
7.53527407895 -2 2.24546597561 -5.28632939874 -1.51040543662 -0.456072110364
7.5427626754 -2 2.23222365261 -5.29196544694 -1.51589899403 -0.44723542444
7.54921874546 -2 2.22075977751 -5.29672933965 -1.52062178913 -0.439594122803
7.55322727476 -2 2.21363105668 -5.29968520649 -1.52354789269 -0.434839023287
7.55526000019 -2 2.21000339055 -5.30114719224 -1.52502988191 -0.43242460045
7.55724706789 -2 2.20647404102 -5.30264796751 -1.52647738427 -0.430062389664
7.55771277578 -2 2.20563325968 -5.30294885453 -1.52681646273 -0.429508471349
7.56035924129 -2 2.20092089726 -5.30491620382 -1.52874209316 -0.426358658826
7.56496291535 -2 2.19268006269 -5.30820358934 -1.53208678813 -0.420870990957
7.57023522877 -2 2.18323336152 -5.31198168966 -1.53590935641 -0.41457324715
7.57163524946 -2 2.18071398022 -5.31295186565 -1.53692298321 -0.412898599283
7.58713840563 -2 2.15278604821 -5.3238160035 -1.54810705663 -0.394289367657
7.59057648646 -2 2.14656531197 -5.32617855151 -1.55057720454 -0.39014641523
7.59872573618 -2 2.13178888912 -5.33173981101 -1.55641736553 -0.380303341636
7.60048763999 -2 2.12858073481 -5.33290587534 -1.5576772819 -0.378170976644
7.6506433181 -2 2.03642147823 -5.36504541596 -1.59312311748 -0.316848093262
7.65393081632 -2 2.03030806539 -5.36701176936 -1.59541752498 -0.312787470799
7.66523595056 -2 2.00924847843 -5.37375605117 -1.60327978418 -0.298785901723
7.66598876661 -2 2.00783671222 -5.37417594905 -1.60380179829 -0.297851459978
7.66600825569 -2 2.00779937078 -5.37418380471 -1.60381530975 -0.297827265517
7.6769324914 -2 1.98736033865 -5.38054903686 -1.61136846492 -0.284238504741
7.67968808274 -2 1.98217754737 -5.38207774315 -1.61326723903 -0.280802323657
7.68311680574 -2 1.97573360944 -5.38401327948 -1.61562617721 -0.276522019995
7.68712451575 -2 1.96820006304 -5.3862905767 -1.61837828376 -0.271512294435
7.69330803423 -2 1.95652941289 -5.38966736255 -1.62261353809 -0.263768804099
7.69435127354 -2 1.95457030877 -5.39027983153 -1.62332676049 -0.262460714691
7.69583099763 -2 1.95176486671 -5.39104935376 -1.6243377352 -0.26060450822
7.70913329715 -2 1.92656637922 -5.39817847026 -1.63339139416 -0.243874771559
7.71134747308 -2 1.92236350263 -5.39935453526 -1.6348922793 -0.241082637813
7.71525511542 -2 1.91493806893 -5.40141438368 -1.63753680763 -0.236149843865
7.71935065164 -2 1.90714174274 -5.4035409051 -1.64030261273 -0.230972828009
7.72245603915 -2 1.90120357631 -5.40506525633 -1.64239572047 -0.2270426439
7.72793954334 -2 1.89073941011 -5.40786747916 -1.64608321603 -0.220092696632
7.74575777774 -2 1.85655733168 -5.41653332688 -1.65798964785 -0.197422008258
7.74945363755 -2 1.84944607945 -5.41829541049 -1.66044462899 -0.192703104583
7.75101429688 -2 1.84644299263 -5.41904328347 -1.66147977602 -0.190708751026
7.75950431552 -2 1.83005162652 -5.42295048547 -1.66709507594 -0.179841937159
7.76670968153 -2 1.81609265482 -5.42614453825 -1.67183948292 -0.170596404704
7.77034797168 -2 1.80904437026 -5.42777863283 -1.67422768017 -0.165919987284
7.77384565267 -2 1.80225601452 -5.42931480435 -1.67651884366 -0.161419293393
7.79106342014 -2 1.76870406889 -5.43653686518 -1.68772913799 -0.139193286988
7.79241134089 -2 1.76606604543 -5.43707095271 -1.68860193107 -0.137448370012
7.80614540294 -2 1.73916916537 -5.44253935885 -1.69745453861 -0.119629163498
7.8096304742 -2 1.73231899452 -5.44385835454 -1.6996891629 -0.115095945872
7.81773147617 -2 1.71637103978 -5.44686968189 -1.70486497437 -0.104540726121
7.82455088958 -2 1.70292553758 -5.44936835286 -1.70920174479 -0.095636209036
7.82672378244 -2 1.69863143433 -5.45013452817 -1.71057968016 -0.092795285587
7.82947002219 -2 1.69319276442 -5.45106427757 -1.71231849259 -0.0892022392247
7.83602869053 -2 1.68021676843 -5.45335715004 -1.71645890103 -0.0806099335374
7.84216915454 -2 1.66804604163 -5.45544856539 -1.72031952673 -0.0725512208097
7.84722613235 -2 1.65798126366 -5.45703280908 -1.72348742416 -0.0659041884364
7.84960635269 -2 1.65325399592 -5.45782293704 -1.72497487457 -0.0627723682331
7.85010175427 -2 1.65227446203 -5.45800452812 -1.72528416978 -0.0621202783039
7.85294563413 -2 1.64661697637 -5.45891893566 -1.72705774722 -0.0583752195963
7.85678810439 -2 1.63895813606 -5.46010659993 -1.72944880894 -0.0533105490508
7.86160519816 -2 1.6293399646 -5.46154547696 -1.73243774199 -0.0469538502247
7.8661277653 -2 1.62030024221 -5.46287311564 -1.73523517182 -0.0409783705514
7.87287999784 -2 1.60679762772 -5.46485488008 -1.73939590237 -0.0320436260879
7.8752682741 -2 1.60200859428 -5.46551221315 -1.74086299375 -0.0288796051095
7.87660951266 -2 1.59931641836 -5.46587255473 -1.7416858519 -0.0271018511466
7.87865813628 -2 1.59521097052 -5.46645014667 -1.74294123528 -0.0243852945951
7.88383715056 -2 1.58480793454 -5.46782816773 -1.74610701214 -0.0175113083696
7.89117608587 -2 1.57004950045 -5.46974149442 -1.75057363385 -0.00775490847953
7.89263566359 -2 1.56711193782 -5.47011623443 -1.75145923125 -0.00581237795207
7.89514367604 -2 1.5620601917 -5.4707470308 -1.75297884229 -0.00247283472296
7.89814720777 -2 1.55600180461 -5.47147391078 -1.7547951502 0.0015292784312
7.90666364219 -2 1.53880216732 -5.4734768965 -1.75992417624 0.0128934006831
7.95701925429 -2 1.4363551267 -5.48301778595 -1.78960231043 0.0805600072951
7.9584346553 -2 1.43346004784 -5.48323736637 -1.79042018616 0.0824732659309
7.96758803915 -2 1.41470095169 -5.48452698207 -1.79568744577 0.0948606128795
7.99725858025 -2 1.35359546892 -5.4876463159 -1.81249692895 0.135180025442
8.02973086722 -2 1.28630025571 -5.48948305806 -1.83042123393 0.179583444689
8.07853606121 -2 1.18434516506 -5.48885160801 -1.85640286853 0.246820827696
8.08793049032 -2 1.16462358544 -5.48828255452 -1.86126861073 0.259827109688
8.09738736462 -2 1.14472205775 -5.48748779648 -1.8661217233 0.272939429764
8.09782866412 -2 1.14380045649 -5.48747681863 -1.86634708331 0.27355177961
8.11681404156 -2 1.10378499355 -5.48551786458 -1.87594816247 0.299934671309
8.15246765073 -2 1.02833540052 -5.4801350286 -1.89347334478 0.349673397024
8.15416217476 -2 1.02474810493 -5.47985320719 -1.89428961498 0.352043240765
8.15556673876 -2 1.02176328821 -5.47957470118 -1.8949650511 0.354007953644
8.15853190818 -2 1.01547752134 -5.47904101931 -1.89638751143 0.358156795074
8.17082501287 -2 0.989355772254 -5.47652110753 -1.90223463581 0.375373433294
8.18245044333 -2 0.9646347916 -5.47395824459 -1.90768930586 0.391678230204
8.18761397834 -2 0.953637965419 -5.47271914249 -1.91008852464 0.398927119683
8.20150668825 -2 0.924031416271 -5.46919344643 -1.9164713326 0.418450975898
8.24188416616 -2 0.837769037607 -5.45703633295 -1.93441390566 0.47534933536
8.25041497794 -2 0.819503194762 -5.45408319708 -1.93808709442 0.487397161084
8.25126069437 -2 0.817685605456 -5.45375990267 -1.93844897828 0.488592003003
8.25919564998 -2 0.800692913474 -5.45091654624 -1.94182438611 0.499806546639
8.2637794069 -2 0.790871025345 -5.44921654277 -1.94375773913 0.506287944506
8.26884015193 -2 0.780023565917 -5.4472954196 -1.94587817713 0.513446368114
8.27495191447 -2 0.766920687165 -5.44492125932 -1.9484191852 0.522094926956
8.31315907874 -2 0.684911859424 -5.42854463068 -1.96380706096 0.576237199355
8.31680376948 -2 0.677082965027 -5.4268491408 -1.96522966054 0.581408041437
8.34110078331 -2 0.624872748161 -5.41493947345 -1.97450849565 0.615900768011
8.36675251179 -2 0.56974189344 -5.40126633405 -1.98391323536 0.65234971994
8.37695950615 -2 0.547801531349 -5.39549019353 -1.98754203467 0.666859845367
8.3785093881 -2 0.544466677573 -5.39458382528 -1.98808735463 0.66906339651
8.37937431276 -2 0.542614578239 -5.39411020079 -1.98839102028 0.670293133397
8.43110491482 -2 0.431494483339 -5.36181854427 -2.00568945696 0.743859965369
8.43644029193 -2 0.420052013076 -5.35824682669 -2.00737564941 0.75144725839
8.43671604438 -2 0.419456732501 -5.35804573337 -2.00746229405 0.751839386449
8.45290453888 -2 0.384744441033 -5.34684487613 -2.01246163533 0.774857134308
8.45906659685 -2 0.371542062362 -5.34246933643 -2.0143192802 0.783616896739
8.4778549138 -2 0.331304271585 -5.32865558292 -2.01982760281 0.810317152044
8.49603483299 -2 0.292433347935 -5.31473885444 -2.02493219001 0.836136950856
8.51401560083 -2 0.254045752353 -5.30039475825 -2.02976017914 0.861654098538
8.51489092459 -2 0.252184960188 -5.29970600669 -2.02998956358 0.862895721883
8.53371820394 -2 0.212065776821 -5.2840472808 -2.03479541098 0.889586915005
8.55200220063 -2 0.173197053291 -5.26829365516 -2.03922657097 0.915477550697
8.56099213703 -2 0.154116056642 -5.2603274106 -2.04131916844 0.928195130556
8.60284115766 -2 0.0656362381904 -5.2215185972 -2.05030196131 0.987269981411
8.6131145729 -2 0.0440007956741 -5.21152368348 -2.05231375792 1.00173597297
8.65460503478 -2 -0.0429602379291 -5.16939037874 -2.05964778341 1.059987226
8.66600651164 -2 -0.0667304552756 -5.15731919627 -2.06143817794 1.07594132161
8.66767006901 -2 -0.0701906908344 -5.15555228943 -2.06169120992 1.07826706248
8.6691467053 -2 -0.0732667170839 -5.15395862964 -2.06191405616 1.08033102578
8.67810826374 -2 -0.0918977849362 -5.14427019854 -2.06323100642 1.09284774151
8.6813297631 -2 -0.0985864532198 -5.14075434611 -2.06368949517 1.0973432855
8.68211818946 -2 -0.100215875783 -5.13991728525 -2.06380049953 1.09844319545
8.68943660965 -2 -0.115392853514 -5.13184636128 -2.06480819893 1.10864671837
8.68990608027 -2 -0.116362977572 -5.13133552047 -2.06487144207 1.10930088052
8.73021361144 -2 -0.199432519176 -5.08541670952 -2.06966586642 1.16528149583
8.73501694918 -2 -0.209279590403 -5.07975134635 -2.0701526622 1.17192693387
8.74365335499 -2 -0.226940319984 -5.06951864254 -2.07098214829 1.18386085504
8.76012073755 -2 -0.260502312577 -5.04965859889 -2.0723997726 1.20656209006
8.79960839492 -2 -0.340314490931 -5.00030088764 -2.07491143818 1.26069139568
8.81960120897 -2 -0.380334425848 -4.97441571522 -2.07569822891 1.28791956689
8.82439102839 -2 -0.389887179967 -4.96810402259 -2.07583772185 1.29442398232
8.84134231798 -2 -0.42354821947 -4.94555430904 -2.07617802741 1.31738261057
8.86694766824 -2 -0.473996181596 -4.91068735303 -2.07623450138 1.3518754198
8.87427583753 -2 -0.488348877693 -4.90050955406 -2.07614836045 1.36170404255
8.89010998134 -2 -0.519209132334 -4.87828566555 -2.07580533523 1.38287286075
8.90568924817 -2 -0.549374016412 -4.85607776819 -2.07525694244 1.40360726654
8.93585729179 -2 -0.607223238584 -4.81204999757 -2.07359345911 1.4434811828
9.03428877761 -2 -0.790221073823 -4.65977154095 -2.06250008528 1.57077053677
9.03705752612 -2 -0.795234951041 -4.65529182928 -2.06205961494 1.57428324066
9.08119011627 -2 -0.874023525744 -4.58274833014 -2.05406517138 1.62972719242
9.08829433019 -2 -0.886513041431 -4.57083493319 -2.05260543498 1.63855299915
9.18178262748 -2 -1.04544338302 -4.40858783673 -2.02881667345 1.75191783602
9.18482554825 -2 -1.05044390267 -4.40312517769 -2.02789678412 1.75551605228
9.20904950957 -2 -1.08980461794 -4.35939975537 -2.02023961091 1.78394159809
9.21124430627 -2 -1.09333660956 -4.35539686025 -2.01951635778 1.78649757379
9.27665952329 -2 -1.19563040772 -4.23406070551 -1.99567668987 1.86112326158
9.28696951484 -2 -1.21122243757 -4.21455760882 -1.99151105671 1.87260043342
9.33144803412 -2 -1.27678865739 -4.12921752464 -1.97224025488 1.92117735069
9.3345917181 -2 -1.28131531618 -4.12311837097 -1.97079761563 1.92455167708
9.42728405269 -2 -1.40817068835 -3.93946450556 -1.92336914637 2.02032886043
9.67736282143 -2 -1.68084140746 -3.41466312286 -1.74556508463 2.23764792481
9.70157159752 -2 -1.70144569161 -3.36218388414 -1.72427121774 2.25506133238
9.7976934225 -2 -1.77261270925 -3.15198427221 -1.63221814077 2.31708604949
9.97980325532 -2 -1.85972894368 -2.7493976193 -1.42349302186 2.40043804764
10.0335052493 -2 -1.87336254227 -2.63060824088 -1.35296133503 2.41564125184
10.3314664317 -2 -1.85249067514 -1.98345204673 -0.881814978037 2.41077560431
10.5187298595 -2 -1.76458912507 -1.59648041943 -0.511553256818 2.31968634192
10.8992980915 -2 -1.4803513257 -0.879293581634 0.436842190167 1.88216854997
