1.77034980863 -2 1.98811155668 0 0.141565947487 0.398009367278
1.8432278434 -2 1.93035476198 0 0.116162437021 0.415074256429
2.31646863451 -2 1.80746890286 0 0.15392140859 0.466488422867
2.33512630927 -2 1.81042765485 0 0.160803324771 0.466190915741
2.45692219066 -2 1.84234304599 0 0.212483542754 0.459642072455
2.48579163325 -2 1.85291343929 0 0.22624262519 0.456909289438
2.62338254656 -2 1.91700902233 0 0.297990663787 0.437626957164
2.66057751736 -2 1.93801224976 0 0.318802270528 0.430637942017
2.67432180343 -2 1.94615113777 0 0.326612838126 0.427864582296
2.68771619993 -2 1.95422431854 0 0.334281512404 0.425062951323
2.69564571163 -2 1.95904914762 0 0.338846495153 0.423358441422
2.6958551585 -2 1.95923712847 0 0.338967317435 0.423312956418
2.77642195416 -2 2.01204467151 0 0.386247078682 0.404056348109
2.79288973227 -2 2.02354713351 0 0.396073946376 0.399690190659
2.80088896053 -2 2.02924190504 0 0.400862846259 0.39751695606
2.82161402402 -2 2.04412129101 0 0.413311766613 0.391727521822
2.83820738572 -2 2.05630698218 0 0.423316141612 0.386927546298
2.84523511219 -2 2.06159307614 0 0.427561720357 0.384850616028
2.84993723142 -2 2.06508692368 0 0.430404848787 0.383446388418
2.86424727594 -2 2.075923891 0 0.43906824673 0.379101041271
2.87842567569 -2 2.08676275378 0 0.447665362378 0.374689303296
2.91838323924 -2 2.11812139473 0 0.471936259377 0.361689842665
2.99775736577 -2 2.183430264 0 0.520092665489 0.333418615733
3.02880159727 -2 2.20995610448 0 0.538811155081 0.321489454004
3.03939363638 -2 2.21912518465 0 0.545173270462 0.317308736027
3.04759783229 -2 2.22626213645 0 0.550091231218 0.314032085126
3.05192664923 -2 2.23004270135 0 0.552682420625 0.312289733772
3.06671367828 -2 2.24301357709 0 0.561513226244 0.306267983532
3.08083304238 -2 2.25550018784 0 0.569913315002 0.300417567552
3.10046009441 -2 2.27299567125 0 0.581532857454 0.292122935937
3.1095014817 -2 2.28111116619 0 0.586861283283 0.288238897639
3.11363412366 -2 2.284834263 0 0.589291424644 0.286450403127
3.14177250774 -2 2.31034224111 0 0.605742101895 0.274054497809
3.18230002403 -2 2.34759508809 0 0.629110869433 0.255539204871
3.30681810541 -2 2.46512507822 0 0.697917391559 0.193928267668
3.3131140677 -2 2.47115989641 0 0.701256519914 0.190629858931
3.33652743523 -2 2.49367841791 0 0.71354145778 0.178213961061
3.33763982571 -2 2.49473231729 0 0.714119818132 0.177618235035
3.35191143561 -2 2.50846963494 0 0.721496193749 0.169928714388
3.35515579443 -2 2.51161509423 0 0.723161592055 0.168168662446
3.3694538057 -2 2.52550208394 0 0.730449448355 0.160359491362
3.37171981058 -2 2.52766129337 0 0.731596640698 0.159114035489
3.40553697876 -2 2.5605465534 0 0.748455454027 0.14027584166
3.40645287465 -2 2.56138299962 0 0.748905095176 0.139759138762
3.44119637405 -2 2.59523874347 0 0.765680668469 0.119910130821
3.44469822014 -2 2.59871803582 0 0.767340519542 0.117882939232
3.45981080518 -2 2.61347348213 0 0.774437018574 0.109079344684
3.47079374606 -2 2.62425941073 0 0.779525385578 0.102625793985
3.47430388468 -2 2.62763916822 0 0.781139220267 0.100553454834
3.48896379661 -2 2.64201271971 0 0.787813540506 0.091847603502
3.50917349196 -2 2.66180668932 0 0.796837675632 0.0797129999981
3.51126158448 -2 2.6638940941 0 0.797758195824 0.0784505459949
3.51791720477 -2 2.67035331318 0 0.800677273357 0.0744158117551
3.5188040559 -2 2.67127819977 0 0.801064504833 0.0738769556238
3.52359962437 -2 2.6759219323 0 0.803151338191 0.0709581309291
3.52574461775 -2 2.67807993693 0 0.804080867581 0.0696498503894
3.5278124682 -2 2.68014572553 0 0.804974687076 0.0683870283894
3.53076166355 -2 2.68299030711 0 0.806245580788 0.0665832760666
3.54714501159 -2 2.69904484207 0 0.813221840442 0.0565056959407
3.57774043944 -2 2.72911515851 0 0.825862528239 0.0374298293524
3.58974682911 -2 2.74088970579 0 0.830682349005 0.0298545612347
3.59149578805 -2 2.74256689204 0 0.831377730713 0.028746936048
3.5949991145 -2 2.7460910108 0 0.832765478072 0.0265251102702
3.61776138349 -2 2.76840995586 0 0.841612749233 0.0119878262493
3.70990932552 -2 2.85850271688 0 0.874320742341 -0.0485813726524
3.71842160709 -2 2.86690019837 0 0.877081972173 -0.0543089742784
3.74541780764 -2 2.89313743959 0 0.885538475281 -0.0726140957531
3.75623792631 -2 2.90368746741 0 0.88879817186 -0.0800095011732
3.75742376057 -2 2.90481348761 0 0.889150867433 -0.0808220084928
3.76998693964 -2 2.91699305213 0 0.892831936563 -0.08945407299
3.77538044454 -2 2.92234806301 0 0.894380999844 -0.0931732728661
3.7958269861 -2 2.94225965275 0 0.900081536717 -0.107344151941
3.79815603879 -2 2.94444436255 0 0.900713523905 -0.108965432188
3.80477539689 -2 2.95073362661 0 0.902490187623 -0.113581036979
3.80605799408 -2 2.95198202818 0 0.902831099687 -0.114476704323
3.8075555481 -2 2.953517327 0 0.903227771327 -0.115523023311
3.86327547457 -2 3.00734867061 0 0.916921956847 -0.154856323045
3.86460737381 -2 3.00865761159 0 0.917223647102 -0.155805816522
3.8703872649 -2 3.0142565583 0 0.918518833336 -0.159931073142
3.89462669181 -2 3.03764085785 0 0.923700993211 -0.177315609013
3.89912847905 -2 3.04173493737 0 0.924618819767 -0.180558960437
3.91619468167 -2 3.05809154063 0 0.927970477901 -0.192894991391
3.93013256905 -2 3.07144211943 0 0.930556931166 -0.203016277303
3.95334292859 -2 3.09380558234 0 0.934560821671 -0.219960433072
3.9651561036 -2 3.10498463223 0 0.936452169681 -0.228625836305
3.97441749826 -2 3.11398596876 0 0.937865469913 -0.235438361383
3.98352280311 -2 3.1224857344 0 0.939195183015 -0.242151939163
3.98897609924 -2 3.12784679204 0 0.939963111622 -0.246180192762
3.99224726142 -2 3.13072477009 0 0.940413503566 -0.248599164401
4.00234540239 -2 3.14030889689 0 0.941755277004 -0.256078794216
4.00642707744 -2 3.14431271863 0 0.942276748402 -0.259107229295
4.01308960822 -2 3.15050231982 0 0.943102070237 -0.264056830761
4.0136194529 -2 3.15124407545 0 0.943166325491 -0.264450783999
4.03560800673 -2 3.17201452108 0 0.945653143887 -0.280841792485
4.03793743932 -2 3.17412730716 0 0.945895973375 -0.282582925345
4.04593874218 -2 3.18188687605 0 0.946699874523 -0.288570147733
4.04715688756 -2 3.18301728644 0 0.946818157095 -0.289482557111
4.05980842471 -2 3.19497550019 0 0.947982338287 -0.298972439868
4.06048175063 -2 3.19563054895 0 0.94804100537 -0.299478189988
4.06481103895 -2 3.19967302782 0 0.948410258671 -0.302731652712
4.06534562495 -2 3.20013191402 0 0.948454898541 -0.303133589939
4.06814035323 -2 3.20289415359 0 0.948684845145 -0.305235546507
4.07939760334 -2 3.21345447925 0 0.949552801147 -0.313713923813
4.09872665573 -2 3.23153260145 0 0.950824682683 -0.328313558848
4.12292046525 -2 3.25436138768 0 0.952025897325 -0.34665809444
4.14293868056 -2 3.27304666511 0 0.952689762712 -0.361891509067
4.14785201134 -2 3.27789328076 0 0.952806866987 -0.365637591324
4.15898725633 -2 3.28820957893 0 0.953005236602 -0.374137396124
4.1651354135 -2 3.2938823727 0 0.953074852181 -0.378836160846
4.17213240669 -2 3.30045437562 0 0.953119482499 -0.384188438076
4.17382950899 -2 3.30225767965 0 0.953124752699 -0.385487369545
4.1810533603 -2 3.3088372097 0 0.953122902523 -0.391019574624
4.18735627123 -2 3.31472303909 0 0.953089134908 -0.39585063361
4.18993663854 -2 3.31716169133 0 0.953066658571 -0.397829517744
4.20217433625 -2 3.32871375713 0 0.952891539249 -0.407222878588
4.2032098471 -2 3.32956631895 0 0.952871523475 -0.408018321482
4.21428494153 -2 3.34007641004 0 0.952606666551 -0.416531515426
4.22527235766 -2 3.35013555244 0 0.952252028988 -0.424987173934
4.23713353144 -2 3.36144719861 0 0.951766320673 -0.434125563561
4.2371439948 -2 3.36146227893 0 0.95176584501 -0.434133629517
4.25376030421 -2 3.37672621014 0 0.95090539139 -0.446952141308
4.26152573381 -2 3.3840556231 0 0.950431194193 -0.452948794868
4.26941768024 -2 3.39156629526 0 0.949902181687 -0.459046801336
4.26984015933 -2 3.39185231818 0 0.949872522796 -0.459373344964
4.27577006229 -2 3.39750013229 0 0.94944186319 -0.463957724586
4.27627394858 -2 3.39790358649 0 0.949404031591 -0.464347363017
4.29215628116 -2 3.41273536283 0 0.948112242454 -0.476635114091
4.29252480971 -2 3.41294250219 0 0.948079980983 -0.476920376165
4.29982907088 -2 3.41992404885 0 0.947419140605 -0.482575505433
4.31522130383 -2 3.43403874125 0 0.945892993929 -0.49449946775
4.31926538597 -2 3.43793272682 0 0.945461954996 -0.497633706765
4.32287187686 -2 3.44119241939 0 0.945066998254 -0.500429243107
4.32542900103 -2 3.44358691128 0 0.944780928258 -0.50241161083
4.32845814788 -2 3.44666570849 0 0.944435574899 -0.504760149139
4.33143200954 -2 3.4493361094 0 0.944089690245 -0.507066068178
4.37044857715 -2 3.48555021184 0 0.938924222421 -0.537335847433
4.372560093 -2 3.48762737783 0 0.938611400463 -0.538974569129
4.37883228432 -2 3.49343877171 0 0.93766201966 -0.543842484523
4.38290225652 -2 3.4973713008 0 0.937029842126 -0.547001307188
4.38487781601 -2 3.498921271 0 0.936718406495 -0.54853460478
4.39130363436 -2 3.5049567644 0 0.935684722415 -0.55352188301
4.39237409018 -2 3.50618209912 0 0.935509448989 -0.554352689037
4.39338380915 -2 3.50698904344 0 0.935343315469 -0.555136352185
4.39368663008 -2 3.50742909072 0 0.935293338677 -0.555371376834
4.41314584327 -2 3.52547494686 0 0.931934472644 -0.570472641865
4.41324078412 -2 3.52561296328 0 0.931917373487 -0.57054631083
4.4282846582 -2 3.53955902992 0 0.929120677978 -0.582217728869
4.43976336983 -2 3.55030768182 0 0.926870161323 -0.591120121805
4.43986026508 -2 3.55044857945 0 0.926850734624 -0.591195255799
4.44252800522 -2 3.5526777746 0 0.926313051595 -0.59326376152
4.44568288891 -2 3.55561568965 0 0.925670153932 -0.595709731772
4.45029994101 -2 3.56002053751 0 0.924715565839 -0.599288786301
4.45922187577 -2 3.5683785698 0 0.922824719057 -0.606202960211
4.46311322129 -2 3.57205995382 0 0.921980947538 -0.609217736647
4.47058007352 -2 3.57896531597 0 0.920329465764 -0.615000969779
4.47102261252 -2 3.57927957549 0 0.92023024935 -0.615343654969
4.47384897271 -2 3.58207265231 0 0.919593054266 -0.617532085442
4.47977230289 -2 3.58772419368 0 0.918237855841 -0.622117349363
4.4856566048 -2 3.59299185243 0 0.916865051962 -0.626670805999
4.50267712967 -2 3.60887243999 0 0.912745397127 -0.639831951123
4.51181607505 -2 3.61756899578 0 0.910442249541 -0.646891976259
4.53109916846 -2 3.63578406116 0 0.905373954859 -0.661771222046
4.5442577832 -2 3.64805566969 0 0.90175309224 -0.671909726491
4.54982864272 -2 3.65321933312 0 0.900180542729 -0.676198003212
4.55031186996 -2 3.65359612795 0 0.900043026867 -0.676569860448
4.55052813137 -2 3.6539101051 0 0.899981426247 -0.676736273718
4.55464841477 -2 3.65761958144 0 0.898801015602 -0.679906107625
4.57315669334 -2 3.67509208559 0 0.893339963743 -0.694127162469
4.58658367556 -2 3.68779708953 0 0.88921602602 -0.704424435493
4.59923532825 -2 3.69971420538 0 0.88520570406 -0.714110880893
4.61015499787 -2 3.71009527095 0 0.881647432366 -0.722457835447
4.61365989188 -2 3.71325631245 0 0.880486315555 -0.72513421102
4.62550909515 -2 3.72436226401 0 0.876492529186 -0.734172094337
4.63565791097 -2 3.73397267738 0 0.872988136347 -0.741899913929
4.63651373874 -2 3.73489393931 0 0.872689091357 -0.742551013614
4.64800255727 -2 3.74582189978 0 0.868621606304 -0.751282660531
4.65587868465 -2 3.7534279186 0 0.865776187165 -0.757258836817
4.66001595995 -2 3.75720763204 0 0.864262972773 -0.76039479746
4.66478438705 -2 3.76158814585 0 0.862503094827 -0.764006292534
4.66634788083 -2 3.76321957956 0 0.861922372821 -0.765189769827
4.66753301762 -2 3.76430529699 0 0.861480970438 -0.766086627497
4.677983901 -2 3.77439626298 0 0.857543353262 -0.773986865544
4.68246782805 -2 3.77868722276 0 0.855829064562 -0.777371665561
4.6852649798 -2 3.78116918076 0 0.854752109532 -0.779481679573
4.68882723661 -2 3.78475447837 0 0.853372181483 -0.78216717577
4.69224972678 -2 3.78783102433 0 0.852037544822 -0.784745523751
4.69572376417 -2 3.79129160326 0 0.850673943238 -0.787360898687
4.69796585585 -2 3.79328778807 0 0.849789157191 -0.789047846537
4.69921024024 -2 3.79446370603 0 0.849296488591 -0.789983787408
4.70439852351 -2 3.79947248731 0 0.847230053636 -0.793883474744
4.70995898484 -2 3.80471362505 0 0.844993335737 -0.798058215637
4.71508019002 -2 3.80963251683 0 0.842913155599 -0.801898804753
4.71737673187 -2 3.81171378598 0 0.841974054339 -0.803619693164
4.72463768065 -2 3.81879955685 0 0.838979397826 -0.809054912349
4.74061891974 -2 3.83417762527 0 0.832251946597 -0.820986491565
4.74506638394 -2 3.83845004721 0 0.830346494402 -0.824299110803
4.74758805855 -2 3.84086430515 0 0.829259700375 -0.826175785433
4.75138104467 -2 3.84450227859 0 0.827616255414 -0.828996455256
4.75487239004 -2 3.8477104376 0 0.826094235036 -0.831590518736
4.75757192264 -2 3.85038270296 0 0.824911310804 -0.833594748085
4.76894829399 -2 3.86131428715 0 0.819867997022 -0.842026188437
4.7693947062 -2 3.86165687521 0 0.81966817912 -0.842356547074
4.77161136514 -2 3.8639387655 0 0.818673842702 -0.843996383284
4.77550989365 -2 3.86773970622 0 0.816916421328 -0.84687815987
4.77799374177 -2 3.87011026565 0 0.815790983613 -0.848712689488
4.79922951419 -2 3.89047252164 0 0.805987063777 -0.864347607837
4.80797928494 -2 3.89888436435 0 0.801853094921 -0.870763184454
4.81067081713 -2 3.90156232301 0 0.800570387116 -0.872733500419
4.8181252001 -2 3.90871961399 0 0.796990753336 -0.87818247106
4.82204901781 -2 3.91258071234 0 0.795090549779 -0.88104593776
4.83072181197 -2 3.92091249993 0 0.79085155551 -0.887363245267
4.83370479952 -2 3.92401133125 0 0.789381177119 -0.889532268962
4.83574352625 -2 3.92605436101 0 0.788372603417 -0.891013560626
4.84278164209 -2 3.93264918848 0 0.784868100245 -0.896120175381
4.85445356758 -2 3.94413639533 0 0.778978879542 -0.904564218724
4.85708097103 -2 3.94673906017 0 0.77763990654 -0.906460694952
4.86353319223 -2 3.95308519179 0 0.774331073926 -0.911111117743
4.86399945677 -2 3.95346742624 0 0.774090827339 -0.911446798112
4.86604574394 -2 3.95552873899 0 0.773034651859 -0.912919385422
4.86980348937 -2 3.95918022828 0 0.771087450314 -0.915621016596
4.87054211528 -2 3.95994749068 0 0.770703539541 -0.916151655892
4.87110458255 -2 3.96046630467 0 0.770410932593 -0.916555652801
4.88489032755 -2 3.97388669652 0 0.763169968313 -0.926433478387
4.88529190834 -2 3.97418064913 0 0.762957044343 -0.926720525477
4.89694446069 -2 3.9857090981 0 0.756729697859 -0.935032243061
4.89777243435 -2 3.98660383889 0 0.756283614319 -0.935621538964
4.90475650132 -2 3.99346599493 0 0.752501887332 -0.940585406399
4.90477406205 -2 3.99349063938 0 0.752492335893 -0.940597871864
4.90524153632 -2 3.99387985926 0 0.752237993785 -0.940929678943
4.9169373401 -2 4.00523613091 0 0.745825327973 -0.949212838277
4.91827398211 -2 4.00658062642 0 0.745086444035 -0.950157201457
4.92911099962 -2 4.01728367504 0 0.739050391304 -0.957796322454
4.93968670624 -2 4.02763888967 0 0.733082115038 -0.965220884158
4.94744983799 -2 4.03537452907 0 0.728652384293 -0.970651480792
4.95008773073 -2 4.03802473419 0 0.727137814989 -0.972492992748
4.95214355654 -2 4.04012070553 0 0.725954159105 -0.973926820779
4.96015642328 -2 4.04796227166 0 0.721313275676 -0.979504050047
4.96029415244 -2 4.04815377842 0 0.721233124876 -0.979599755881
4.96173281846 -2 4.04964733998 0 0.720395131739 -0.980599140588
4.96855477097 -2 4.05634986887 0 0.71640241008 -0.985330049275
4.97971755713 -2 4.06733340993 0 0.709801338872 -0.993042314165
4.98076777131 -2 4.06853999476 0 0.709175981299 -0.993766028525
4.98493316109 -2 4.0725735899 0 0.706688375017 -0.996633250773
4.98934034515 -2 4.07694505342 0 0.704043698933 -0.999661325578
4.99052439823 -2 4.07809066646 0 0.703330952267 -1.00047387725
4.99075935027 -2 4.07841555552 0 0.703189410183 -1.00063506244
5.01450120593 -2 4.10194825586 0 0.688696916318 -1.01683674467
5.01485128822 -2 4.10243012343 0 0.688480419243 -1.01707435273
5.02677933849 -2 4.11430603778 0 0.681055557223 -1.02514730715
5.03155104457 -2 4.11896884536 0 0.678059077018 -1.02836426969
5.03494625858 -2 4.12245137146 0 0.675917891588 -1.03064882467
5.03611341519 -2 4.12358297579 0 0.675180081787 -1.03143332402
5.04668766614 -2 4.1341068906 0 0.668455067255 -1.03852076093
5.04862711014 -2 4.13606614988 0 0.667213705469 -1.0398167449
5.05021291877 -2 4.13777278401 0 0.666196873169 -1.04087550788
5.05314378588 -2 4.14062760738 0 0.664313277675 -1.04283012797
5.05685556249 -2 4.14432147397 0 0.661919810069 -1.04530148629
5.06314030354 -2 4.15061678932 0 0.657846873578 -1.04947556086
5.06387632979 -2 4.15139318218 0 0.657368208763 -1.04996354
5.06681068638 -2 4.15448559736 0 0.655456414327 -1.05190719191
5.06693710801 -2 4.15443196139 0 0.655373923236 -1.05199086592
5.07008545199 -2 4.15781636139 0 0.653316283746 -1.05407291058
5.07234399995 -2 4.15999039806 0 0.651836252113 -1.0555644625
5.0791647878 -2 4.1668035345 0 0.647346689857 -1.06005843377
5.09235591967 -2 4.18005904414 0 0.638579627446 -1.06870437159
5.0965241057 -2 4.18439082906 0 0.635786334513 -1.07142381216
5.10047422034 -2 4.18842873996 0 0.63312900849 -1.07399536539
5.1045882881 -2 4.19247378453 0 0.630350886887 -1.07666781512
5.11729713512 -2 4.20533404825 0 0.621701525695 -1.08488535128
5.11843278395 -2 4.20643905852 0 0.620923687365 -1.08561684569
5.12397572236 -2 4.21199668496 0 0.617115579719 -1.08918047715
5.12577761878 -2 4.21399853944 0 0.615873504316 -1.09033654135
5.12984090492 -2 4.21799129781 0 0.613065183929 -1.09293912911
5.131774238 -2 4.21996103746 0 0.611725359381 -1.09417533406
5.13299705908 -2 4.22118576862 0 0.610876728379 -1.09495651794
5.13426367858 -2 4.22246945791 0 0.609996721649 -1.09576510233
5.13496165677 -2 4.22319808817 0 0.609511362861 -1.09621042516
5.13938296258 -2 4.22767675546 0 0.606429862818 -1.09902712144
5.14098681734 -2 4.22941290188 0 0.605309037025 -1.10004710582
5.14378131188 -2 4.23212692464 0 0.603352352577 -1.10182200328
5.1444603585 -2 4.23283069396 0 0.602876160471 -1.10225285424
5.14450500768 -2 4.23289042912 0 0.602844839557 -1.10228117785
5.1534091117 -2 4.24194125756 0 0.596574155543 -1.10791465391
5.15480188973 -2 4.24339606611 0 0.595588886603 -1.10879314341
5.16833534265 -2 4.25702632594 0 0.585953330034 -1.11729093652
5.17524459928 -2 4.2640394888 0 0.580991039142 -1.1216022464
5.1763087064 -2 4.26525604778 0 0.580224214072 -1.12226459764
5.1783961222 -2 4.26743886973 0 0.57871797305 -1.12356262727
5.18246647552 -2 4.27147201992 0 0.575773304898 -1.12608883486
5.1831250394 -2 4.27215056546 0 0.57529593158 -1.12649695482
5.19276904243 -2 4.28202206936 0 0.568275383312 -1.13245393406
5.19422369733 -2 4.28356184469 0 0.567211591591 -1.1333492683
5.19447947222 -2 4.28370876718 0 0.567024411952 -1.13350660994
5.19566939646 -2 4.28489910488 0 0.566153093976 -1.13423825822
5.20295124722 -2 4.29242167235 0 0.560802556784 -1.13870335395
5.21250120912 -2 4.30218459398 0 0.553737636129 -1.14452695239
5.21370786216 -2 4.30339922757 0 0.552841125267 -1.14526014993
5.22111848428 -2 4.31091482923 0 0.547316380858 -1.14975006059
5.221347958 -2 4.31121584926 0 0.547144787795 -1.14988873487
5.22203716399 -2 4.3119363297 0 0.546629235525 -1.15030510226
5.22223581514 -2 4.31201353117 0 0.54648058506 -1.15042507647
5.23171445184 -2 4.32169912851 0 0.539360825258 -1.15613076453
5.23335046805 -2 4.32347772493 0 0.538126632026 -1.15711180963
5.23374879973 -2 4.32381830993 0 0.537825898375 -1.15735050292
5.23916205939 -2 4.32945459019 0 0.533729814544 -1.16058775409
5.24279160844 -2 4.33312092666 0 0.530973880935 -1.16275144831
5.24951252306 -2 4.33993320281 0 0.525850510312 -1.16674338655
5.25669570544 -2 4.34735042382 0 0.520345941187 -1.17098876283
5.26116374672 -2 4.35193776919 0 0.516907068605 -1.1736183589
5.26763867453 -2 4.35861212073 0 0.51190331119 -1.17741388451
5.27601439852 -2 4.36706878123 0 0.505395227414 -1.18229677678
5.28154596933 -2 4.37286593054 0 0.501075306904 -1.18550484735
5.28305684807 -2 4.37431344775 0 0.499892372108 -1.18637876418
5.28963891259 -2 4.38113261644 0 0.494723994388 -1.19017423044
5.29312646413 -2 4.38463109849 0 0.491975644069 -1.19217753438
5.30840235321 -2 4.40033908308 0 0.47985765358 -1.20088842898
5.31069481227 -2 4.40279304432 0 0.478027935506 -1.20218664425
5.31973380583 -2 4.41196674325 0 0.470785289464 -1.20728222814
5.32256584987 -2 4.41495119677 0 0.468506842205 -1.20887110076
5.32459495385 -2 4.41706840087 0 0.46687168284 -1.21000724307
5.3331572863 -2 4.4257961416 0 0.459946996577 -1.21478067661
5.33750372734 -2 4.43024421435 0 0.456416638108 -1.21719084136
5.3521825649 -2 4.44536563036 0 0.444418654682 -1.22526546038
5.35246232443 -2 4.4457186358 0 0.444188867317 -1.22541837176
5.35663043366 -2 4.44994333806 0 0.44076034623 -1.22769221284
5.35901573627 -2 4.45236237712 0 0.438794131658 -1.2289897811
5.36370645105 -2 4.45724579338 0 0.434918752056 -1.23153358854
5.36398738435 -2 4.45745417731 0 0.434686280552 -1.23168560868
5.36675115891 -2 4.4603493515 0 0.432397042158 -1.23317915241
5.36678809818 -2 4.46039574379 0 0.432366418004 -1.23319908972
5.36952687377 -2 4.46325901076 0 0.430093858519 -1.23467547844
5.37666771598 -2 4.4704999836 0 0.424150047636 -1.23850797624
5.38044655667 -2 4.47438200461 0 0.420993858334 -1.24052615186
5.38243356616 -2 4.47644493032 0 0.419331266409 -1.24158459048
5.38819942533 -2 4.48238927409 0 0.414495173845 -1.24464510099
5.40022656061 -2 4.49475550965 0 0.404352143572 -1.25097686199
5.40410731546 -2 4.49876266459 0 0.401063469164 -1.25300474234
5.40844463083 -2 4.50320133572 0 0.397378789574 -1.25526238569
5.40915364263 -2 4.50394610379 0 0.396775551604 -1.25563055099
5.41087879897 -2 4.50568283928 0 0.395306695235 -1.25652532188
5.4121820182 -2 4.5070301389 0 0.394196088443 -1.25720026913
5.4169308905 -2 4.51197665527 0 0.390141807908 -1.25965258273
5.42179072656 -2 4.51692810193 0 0.385981005243 -1.26215052014
5.43804356916 -2 4.53370743163 0 0.371980006831 -1.27041794409
5.44859387387 -2 4.54449510648 0 0.362821315182 -1.27571269364
5.45552155671 -2 4.55159619982 0 0.356777695196 -1.27915829908
5.45578658567 -2 4.55191896372 0 0.35654602217 -1.27928962371
5.46151256188 -2 4.55767655186 0 0.351532366857 -1.28211801475
5.46316440684 -2 4.55944354342 0 0.350083059501 -1.28293079132
5.46539495907 -2 4.56167371419 0 0.348123908887 -1.28402606066
5.46714480198 -2 4.56355852115 0 0.346585297167 -1.28488347019
5.46861750846 -2 4.56498824647 0 0.345289224623 -1.28560384514
5.48068513666 -2 4.57736070377 0 0.334629814593 -1.29146385762
5.4834903899 -2 4.58028306899 0 0.332141973824 -1.29281508495
5.48577251104 -2 4.58257432269 0 0.330115321958 -1.29391125653
5.5097455077 -2 4.60707850591 0 0.30867826186 -1.30525817625
5.51122881666 -2 4.60863101787 0 0.307343085422 -1.30595010031
5.51235383903 -2 4.60975601944 0 0.306329739052 -1.30647409822
5.51499850523 -2 4.6124759755 0 0.303945305485 -1.30770319072
5.51592509346 -2 4.61347179699 0 0.303109133252 -1.30813291804
5.52390593602 -2 4.62157441636 0 0.29589080951 -1.31181485275
5.52437798413 -2 4.6220291616 0 0.295462953655 -1.31203154057
5.53130319924 -2 4.62908475959 0 0.289174458841 -1.31519642392
5.53465709884 -2 4.63253361527 0 0.286121144556 -1.31671970261
5.53515132274 -2 4.63301460196 0 0.285670786784 -1.31694364531
5.53644199522 -2 4.63433353754 0 0.284494154421 -1.31752783845
5.55067344148 -2 4.64886689076 0 0.271470883803 -1.32390810694
5.55801038816 -2 4.65628376761 0 0.264721804801 -1.32715327132
5.55869086653 -2 4.65698239584 0 0.264094652604 -1.32745271918
5.55907731481 -2 4.65733694899 0 0.26373839846 -1.32762266172
5.56058535192 -2 4.65890595471 0 0.262347563873 -1.32828502462
5.5630392638 -2 4.66138575805 0 0.260082246377 -1.32936009788
5.57084279918 -2 4.66933530615 0 0.252861070766 -1.33275625908
5.58456925859 -2 4.68321197342 0 0.240095415399 -1.33864612937
5.5869028869 -2 4.68554463866 0 0.237917145885 -1.33963674785
5.58745191302 -2 4.68617950168 0 0.237404335508 -1.3398693535
5.59524373201 -2 4.69399395202 0 0.23011279167 -1.34315180361
5.5953921865 -2 4.69416502233 0 0.22997362106 -1.34321400285
5.61790465471 -2 4.71691431404 0 0.208763138319 -1.35249800986
5.62299113254 -2 4.72203327352 0 0.203942028393 -1.35455458011
5.62593916202 -2 4.72496745315 0 0.201143003076 -1.35573955183
5.63781321369 -2 4.73686554183 0 0.18983375605 -1.36046027373
5.63921356924 -2 4.73828650039 0 0.188496302111 -1.36101148428
5.64041951794 -2 4.73948733025 0 0.187343899521 -1.36148523498
5.64079159541 -2 4.73982684964 0 0.186988226668 -1.36163122851
5.6444712501 -2 4.74357766843 0 0.183467860244 -1.36307057599
5.65660163602 -2 4.75564114671 0 0.171824971962 -1.36775804285
5.6585915176 -2 4.75763916473 0 0.169909592608 -1.36851852137
5.68514721559 -2 4.78406631195 0 0.144203330748 -1.37843707603
5.68977343115 -2 4.78867609935 0 0.139697952723 -1.38012081557
5.69025282913 -2 4.78913381298 0 0.139230622986 -1.38029454102
5.69226676606 -2 4.79114203399 0 0.13726645674 -1.38102280646
5.69454585956 -2 4.79344130444 0 0.135041883325 -1.38184393247
5.69813546706 -2 4.79696957151 0 0.131534277487 -1.38313069764
5.70349851826 -2 4.80223330698 0 0.126284971967 -1.38503828994
5.7048084858 -2 4.8035317505 0 0.125001199164 -1.38550151594
5.70493299322 -2 4.80366825458 0 0.124879149108 -1.38554548818
5.71124916662 -2 4.80989760738 0 0.118680295706 -1.38776347819
5.71640802895 -2 4.81498914937 0 0.113606636397 -1.38955655319
5.73036931409 -2 4.82870872158 0 0.0998286476561 -1.39432516897
5.73224415705 -2 4.83054410237 0 0.0979732156554 -1.39495616358
5.73894777195 -2 4.8370815068 0 0.091329042934 -1.39719407605
5.74380179099 -2 4.84186813923 0 0.0865084136846 -1.39879667494
5.7591751332 -2 4.85680620845 0 0.0711880772076 -1.40377283143
5.75975597958 -2 4.85742598068 0 0.070607679104 -1.40395786648
5.76252662795 -2 4.8600807856 0 0.0678376272049 -1.40483749223
5.76616708474 -2 4.86359995058 0 0.0641940935743 -1.4059857266
5.76630575538 -2 4.86374740085 0 0.0640552193593 -1.40602929514
5.7723708296 -2 4.86965939369 0 0.0579750736651 -1.40792267122
5.77505862138 -2 4.87221704888 0 0.0552767654649 -1.40875410071
5.77580621564 -2 4.87295063158 0 0.0545258294152 -1.40898452288
5.77586990707 -2 4.87301801949 0 0.0544618449212 -1.40900413692
5.78503761662 -2 4.88189846931 0 0.0452383237788 -1.41179977299
5.79581659012 -2 4.89227411947 0 0.0343595029716 -1.41501636422
5.80014683077 -2 4.89642240001 0 0.0299788808703 -1.41628704513
5.80379918721 -2 4.89991147399 0 0.0262795038457 -1.41734918018
5.80471649258 -2 4.90081414331 0 0.0253497417406 -1.41761455384
5.80541762971 -2 4.90143806013 0 0.0246389086888 -1.41781701505
5.80871247881 -2 4.90460219925 0 0.0212964747655 -1.41876407713
5.81174867522 -2 4.90749399127 0 0.0182134911261 -1.41963041505
5.81328369156 -2 4.90898236621 0 0.0166537531101 -1.42006607975
5.81733189065 -2 4.91286543683 0 0.0125369370734 -1.42120750739
5.82169896006 -2 4.91702063518 0 0.00809031876379 -1.42242658892
5.82659473868 -2 4.92166343671 0 0.00309859601477 -1.42377810151
5.82768100582 -2 4.92268119834 0 0.00199007790007 -1.42407579636
5.82924281965 -2 4.92418764658 0 0.000395661990737 -1.42450242904
5.83137354982 -2 4.92617800457 0 -0.00178070314941 -1.42508182834
5.83323620858 -2 4.92799086405 0 -0.0036843455163 -1.42558583255
5.83401558369 -2 4.92869153852 0 -0.00448116985526 -1.42579602577
5.83555145904 -2 4.9301674791 0 -0.00605194968865 -1.42620904599
5.83600793446 -2 4.9305860544 0 -0.00651893130964 -1.42633149287
5.8381222262 -2 4.93260382926 0 -0.00868267392744 -1.42689680738
5.84026813151 -2 4.9346036204 0 -0.010880091763 -1.4274674907
5.8459318366 -2 4.9399973398 0 -0.0166861107321 -1.42895875157
5.85679000014 -2 4.95017739616 0 -0.0278425794447 -1.43175688466
5.85932618451 -2 4.95255856979 0 -0.0304532022654 -1.43239889604
5.8634048844 -2 4.95640256393 0 -0.0346553523063 -1.4334221709
5.86741546565 -2 4.96017122116 0 -0.0387917844311 -1.43441726025
5.86780474176 -2 4.96051786229 0 -0.0391935101389 -1.43451325921
5.86874972703 -2 4.96137847952 0 -0.0401688891492 -1.43474586871
5.8696174669 -2 4.96220600138 0 -0.0410647523015 -1.43495892464
5.87470351668 -2 4.96695444154 0 -0.0463197398636 -1.43619730215
5.88157505016 -2 4.97334539526 0 -0.0534305432373 -1.43784213751
5.88374974565 -2 4.97538490755 0 -0.0556835761837 -1.43835590523
5.88977452304 -2 4.98095255343 0 -0.0619318723067 -1.43976215733
5.89334095195 -2 4.98428044787 0 -0.0656350730691 -1.44058274458
5.89751291292 -2 4.9881183741 0 -0.0699711929972 -1.44153143809
5.90191260696 -2 4.99217420307 0 -0.0745488288688 -1.44251878527
5.90589602586 -2 4.99585317195 0 -0.0786975836352 -1.44340106174
5.90749169587 -2 4.9973008653 0 -0.0803606027676 -1.44375137034
5.90770783533 -2 4.99751330186 0 -0.0805859139399 -1.44379868392
5.90992850239 -2 4.99953331443 0 -0.0829014885132 -1.4442828999
5.91941992738 -2 5.00822846201 0 -0.0928123061941 -1.44631350038
5.92408278405 -2 5.01250041212 0 -0.0976892558159 -1.44728785425
5.92878886727 -2 5.01680465192 0 -0.102616720236 -1.44825567952
5.93030288629 -2 5.01815886511 0 -0.104203083943 -1.44856371399
5.93227448482 -2 5.01995540808 0 -0.106269705872 -1.44896241209
5.93287030721 -2 5.02049446661 0 -0.106894425208 -1.44908235775
5.93556018685 -2 5.02294550878 0 -0.109715801065 -1.44962072642
5.93603365873 -2 5.02336553783 0 -0.110212594413 -1.44971495849
5.93850988888 -2 5.02560673379 0 -0.112811646642 -1.45020519266
5.94165492694 -2 5.02845240152 0 -0.1161147321 -1.45082154979
5.9426703004 -2 5.02939275028 0 -0.117181618731 -1.45101903688
5.94273328454 -2 5.0294533409 0 -0.117247806076 -1.45103126291
5.94301882193 -2 5.0296912943 0 -0.117547876544 -1.45108665397
5.9541461695 -2 5.03974212161 0 -0.129256028486 -1.45319991332
5.95764372272 -2 5.04286644529 0 -0.132941888074 -1.45384585527
5.96091907711 -2 5.04580918198 0 -0.136396040155 -1.45444280188
5.96297993054 -2 5.0476632762 0 -0.138570600479 -1.4548144498
5.96398997107 -2 5.04855288297 0 -0.139636708272 -1.45499548188
5.96411300972 -2 5.0486696635 0 -0.139766591966 -1.45501748424
5.96557583647 -2 5.04998821644 0 -0.141311052533 -1.45527823885
5.97162232017 -2 5.05536820406 0 -0.14769986156 -1.45633968426
5.97462379411 -2 5.0580315489 0 -0.150874167768 -1.45685678189
5.97596851739 -2 5.05923152512 0 -0.152296942182 -1.45708633918
5.98160212528 -2 5.06422873426 0 -0.158261662278 -1.45803381314
5.98179396823 -2 5.06440876212 0 -0.158464897123 -1.45806567256
5.98223129087 -2 5.06478608064 0 -0.158928217102 -1.45813819904
5.9824508742 -2 5.06499205427 0 -0.159160868839 -1.45817456283
5.98692286099 -2 5.06895113387 0 -0.163901165005 -1.45890751871
5.99117927577 -2 5.07269968857 0 -0.168416749704 -1.4595916284
6.00076567098 -2 5.08113541826 0 -0.178600170084 -1.46108398884
6.00224882552 -2 5.08244661041 0 -0.180177316107 -1.46130887574
6.00254419432 -2 5.08268881369 0 -0.180491454577 -1.46135346935
6.00400729051 -2 5.08398015335 0 -0.18204777614 -1.46157341898
6.0054184703 -2 5.0852224236 0 -0.183549267242 -1.46178407688
6.01204391164 -2 5.09099219725 0 -0.190603839183 -1.46275355941
6.01486044003 -2 5.0934590779 0 -0.193605324437 -1.46315591456
6.01597974157 -2 5.09442593517 0 -0.19479854325 -1.46331418975
6.01739413313 -2 5.09566268747 0 -0.196306674811 -1.46351287124
6.02384210479 -2 5.10126164255 0 -0.203186690764 -1.46439991383
6.02396219737 -2 5.101341747 0 -0.203314902614 -1.46441614338
6.02563295094 -2 5.10280646159 0 -0.205098885758 -1.46464082533
6.0268696008 -2 5.10387441212 0 -0.20641967182 -1.46480579837
6.02878226019 -2 5.10552738411 0 -0.208463004289 -1.46505872194
6.033181339 -2 5.10931934126 0 -0.213165116349 -1.46563014458
6.04004002538 -2 5.11520967017 0 -0.220503085854 -1.46649237166
6.04755113669 -2 5.12163443089 0 -0.228548403274 -1.4673964053
6.05053580003 -2 5.12417310512 0 -0.231747997063 -1.4677439377
6.05592465003 -2 5.12877323037 0 -0.237528660407 -1.46835452043
6.05639919767 -2 5.12916959954 0 -0.238037940558 -1.46840724607
6.05955350605 -2 5.13184586678 0 -0.241424047167 -1.46875341647
6.06070967008 -2 5.13282105296 0 -0.242665576746 -1.46887842842
6.07518607526 -2 5.14505290628 0 -0.258228747525 -1.47035849927
6.07967218115 -2 5.14879065886 0 -0.263058190604 -1.47078503856
6.08239902106 -2 5.15107944393 0 -0.26599519909 -1.47103685768
6.08319102608 -2 5.15174753151 0 -0.266848453792 -1.47110894137
6.08397891343 -2 5.15241165995 0 -0.267697364164 -1.47118017806
6.08470997567 -2 5.15300066887 0 -0.26848512985 -1.47124585553
6.08611183638 -2 5.15417543212 0 -0.269995942093 -1.47137066131
6.10024107317 -2 5.16591035007 0 -0.285239001789 -1.4725450753
6.10574667931 -2 5.17044344225 0 -0.291186133311 -1.47296145105
6.10804602646 -2 5.1723497232 0 -0.293671085936 -1.47312847748
6.10922172357 -2 5.17331227699 0 -0.294941957775 -1.47321231574
6.12536653062 -2 5.18648837577 0 -0.312411739118 -1.47425617701
6.12557079925 -2 5.18666159266 0 -0.312632981098 -1.47426809846
6.12793210296 -2 5.18857194078 0 -0.315190861831 -1.47440357002
6.1298589647 -2 5.19013446372 0 -0.317278632508 -1.47451092621
6.13432161171 -2 5.19374414257 0 -0.322115644333 -1.47474854154
6.13494312387 -2 5.19424542139 0 -0.322789480037 -1.47478041149
6.14139111687 -2 5.1994414186 0 -0.329782941129 -1.4750933875
6.14894602222 -2 5.20549333749 0 -0.337982897206 -1.47541901958
6.15052715906 -2 5.20676667473 0 -0.339699823147 -1.47548155062
6.15172175104 -2 5.20771737875 0 -0.340997185161 -1.47552750298
6.15808828837 -2 5.21278434728 0 -0.347913966763 -1.47575363312
6.1602831635 -2 5.21451437888 0 -0.350299510669 -1.47582425541
6.16112457687 -2 5.21518790431 0 -0.351214147215 -1.47585033012
6.16388300076 -2 5.21735759104 0 -0.354213118213 -1.47593192731
6.16473228018 -2 5.21803579309 0 -0.355136610936 -1.47595585079
6.1727213043 -2 5.22434173895 0 -0.36382717351 -1.47615322131
6.17679802263 -2 5.22752775762 0 -0.368264202974 -1.47623462898
6.17687308601 -2 5.22758889067 0 -0.36834591499 -1.4762360054
6.17986250003 -2 5.22992164251 0 -0.371600527148 -1.47628721718
6.18083249056 -2 5.23068969349 0 -0.372656740244 -1.4763023223
6.18179839573 -2 5.23143422232 0 -0.373708587806 -1.47631662728
6.18278054208 -2 5.2322109773 0 -0.374778205968 -1.47633041893
6.18650053745 -2 5.23510455389 0 -0.378830272285 -1.47637575966
6.20374396104 -2 5.24842659127 0 -0.39762788263 -1.47644303174
6.20529438694 -2 5.24960519879 0 -0.39931918859 -1.4764375312
6.20568495275 -2 5.24989737518 0 -0.399745271414 -1.47643584442
6.21115624265 -2 5.25409178797 0 -0.405715270806 -1.47639946369
6.21868954853 -2 5.25981958162 0 -0.413938664677 -1.4763103615
6.22731672217 -2 5.26633279203 0 -0.42336069841 -1.47615266808
6.23344884708 -2 5.27095161792 0 -0.430060564123 -1.47600436193
6.23376232581 -2 5.2711777939 0 -0.430403124716 -1.47599597046
6.23892247809 -2 5.27503842959 0 -0.436042776544 -1.47584650215
6.24305623965 -2 5.27810945424 0 -0.44056169193 -1.47571132742
6.24486736972 -2 5.27946965551 0 -0.442541846444 -1.47564777169
6.24487001667 -2 5.27947169101 0 -0.442544740536 -1.47564767687
6.24569895076 -2 5.28007534366 0 -0.443451090038 -1.47561770531
6.24612654866 -2 5.28040386571 0 -0.443918635212 -1.47560202838
6.25118501644 -2 5.28414765629 0 -0.449450344856 -1.47540538712
6.25788851175 -2 5.28907828622 0 -0.456782778749 -1.47511298047
6.26554065406 -2 5.29468202438 0 -0.465155150469 -1.47473477252
6.26779558358 -2 5.29631905716 0 -0.467622743951 -1.47461427273
6.26934222929 -2 5.29745187805 0 -0.469315360424 -1.47452923778
6.26952015547 -2 5.29758573997 0 -0.469510084468 -1.47451933085
6.27911709316 -2 5.3045393558 0 -0.480014598357 -1.47394686506
6.28639589414 -2 5.30976554956 0 -0.487983549556 -1.47346268965
6.28681671126 -2 5.31006205356 0 -0.488444308779 -1.47343337654
6.28754081438 -2 5.31058291674 0 -0.489237150538 -1.473382599
6.28934624286 -2 5.31187250926 0 -0.491214020658 -1.47325412977
6.29601333221 -2 5.31663315837 0 -0.498514818337 -1.47275664108
6.29990406872 -2 5.31939591561 0 -0.502775760607 -1.47244951692
6.3031524771 -2 5.32169537039 0 -0.50633344447 -1.47218359692
6.30587663264 -2 5.32360690069 0 -0.509317077445 -1.47195392192
6.30596495124 -2 5.32367113962 0 -0.509413810044 -1.47194637382
6.30848480767 -2 5.32544409014 0 -0.512173768911 -1.47172831794
6.3106029973 -2 5.32693650497 0 -0.514493841797 -1.47154098566
6.31132601563 -2 5.32744560381 0 -0.515285780544 -1.47147619797
6.31916897679 -2 5.33291620591 0 -0.523876611861 -1.4707457775
6.32293684492 -2 5.33553398734 0 -0.528003877314 -1.47037685672
6.32989445581 -2 5.34034524024 0 -0.535625183968 -1.46966483354
6.33023787614 -2 5.34058929528 0 -0.536001362297 -1.4696286533
6.3317075562 -2 5.34159213846 0 -0.537611227628 -1.46947271713
6.3498776218 -2 5.35399929029 0 -0.557513200656 -1.46739704917
6.3500290213 -2 5.35410478801 0 -0.55767901572 -1.46737860308
6.35166409627 -2 5.35520448655 0 -0.559469752998 -1.467178176
6.35194187745 -2 5.35539769034 0 -0.559773975347 -1.46714390474
6.35260926602 -2 5.35583601155 0 -0.560504885596 -1.46706130335
6.36463197894 -2 5.36391389466 0 -0.573670482463 -1.46550975464
6.36618837031 -2 5.36494444819 0 -0.575374595771 -1.46530008957
6.36741271145 -2 5.36575850628 0 -0.576715100806 -1.46513373457
6.3677707619 -2 5.36600358119 0 -0.57710711543 -1.46508484858
6.36789590484 -2 5.36607692557 0 -0.577244128471 -1.46506773709
6.36908796812 -2 5.36686758699 0 -0.578549241332 -1.46490408376
6.3742712147 -2 5.37030327863 0 -0.584223589078 -1.46417868769
6.37530880747 -2 5.37099617905 0 -0.585359398024 -1.46403077711
6.37639557571 -2 5.37170968863 0 -0.586549002119 -1.46387489039
6.37693436934 -2 5.3720630522 0 -0.587138765728 -1.46379723889
6.37818721345 -2 5.37288789471 0 -0.588510093641 -1.46361573794
6.37843052443 -2 5.37305260102 0 -0.588776409171 -1.46358033676
6.38766118506 -2 5.37909375523 0 -0.598878312686 -1.46220064343
6.38817933095 -2 5.37942939433 0 -0.599445272509 -1.46212107789
6.38855446163 -2 5.37968067431 0 -0.599855737391 -1.46206333282
6.3952027674 -2 5.3839913149 0 -0.607129326082 -1.46102031964
6.42208362317 -2 5.40115334053 0 -0.636517216118 -1.45642338592
6.4255975544 -2 5.40335637736 0 -0.640355958339 -1.45577732297
6.43405028267 -2 5.40863723226 0 -0.649586850191 -1.45418033881
6.43945655421 -2 5.41198321504 0 -0.655488346791 -1.45312711467
6.44300691686 -2 5.41417899398 0 -0.659362819969 -1.4524219305
6.44623856772 -2 5.4161659646 0 -0.662888693941 -1.45177072304
6.45175280301 -2 5.41953593402 0 -0.668903163502 -1.45063901129
6.46012105999 -2 5.42461781354 0 -0.678026009349 -1.44887200675
6.46041226336 -2 5.42478882549 0 -0.678343368795 -1.44880944085
6.46107913661 -2 5.42519200972 0 -0.679070114448 -1.44866588817
6.46359058014 -2 5.42670562204 0 -0.681806702238 -1.44812185762
6.47316036712 -2 5.43243691991 0 -0.692229388898 -1.44599938588
6.48312715675 -2 5.4383379629 0 -0.703075585116 -1.44370543187
6.48322635952 -2 5.43839768585 0 -0.703183493371 -1.4436821709
6.48377205401 -2 5.43871780572 0 -0.703777057815 -1.44355406592
6.48776101721 -2 5.44106261922 0 -0.708115055051 -1.44260986338
6.48792981051 -2 5.44116366656 0 -0.708298582887 -1.44256960781
6.48898302856 -2 5.44177749918 0 -0.709443675284 -1.44231787226
6.4904806887 -2 5.44265590574 0 -0.711071786442 -1.4419582656
6.49448109291 -2 5.44498162092 0 -0.715419513172 -1.44098825864
6.49572568673 -2 5.44571227813 0 -0.716771826318 -1.44068366377
6.49836459073 -2 5.44723549222 0 -0.71963858693 -1.44003342071
6.49907095241 -2 5.4476450609 0 -0.720405813905 -1.43985835086
6.49941227932 -2 5.44784656974 0 -0.72077653289 -1.43977359984
6.50373950394 -2 5.45034054467 0 -0.725475287211 -1.43869044907
6.50631841937 -2 5.4518222417 0 -0.728274647953 -1.43803723917
6.5078687967 -2 5.45270646216 0 -0.729957194564 -1.4376417842
6.50948590023 -2 5.45363535203 0 -0.731711867282 -1.4372270986
6.5119124018 -2 5.45501854956 0 -0.734344236361 -1.43660061675
6.5139667296 -2 5.45618930102 0 -0.736572326402 -1.43606624779
6.52021247361 -2 5.45972506232 0 -0.743343317476 -1.43441920518
6.52499116253 -2 5.46241037855 0 -0.748520718292 -1.43313624253
6.52514778914 -2 5.46249989448 0 -0.74869036584 -1.4330938574
6.53316897791 -2 5.46697510116 0 -0.7573742861 -1.43089479966
6.53473369442 -2 5.46784648046 0 -0.759067331159 -1.43045931977
6.53835171933 -2 5.46984632012 0 -0.762980868226 -1.42944424188
6.54440740527 -2 5.47318029574 0 -0.769527301171 -1.42771981184
6.54646376477 -2 5.47430124812 0 -0.771749184451 -1.42712698941
6.54845004708 -2 5.47538641032 0 -0.773894801473 -1.42655087767
6.5493739593 -2 5.47589252735 0 -0.774892642698 -1.42628173179
6.5507556313 -2 5.47664540803 0 -0.776384651849 -1.42587784942
6.557600336 -2 5.48035002465 0 -0.783772006901 -1.42385253297
6.56088252745 -2 5.48211680016 0 -0.787312039061 -1.42286686812
6.56192520259 -2 5.48267439271 0 -0.788436297061 -1.42255177981
6.56279936449 -2 5.48314483411 0 -0.789378734266 -1.42228688422
6.56387548744 -2 5.48371927414 0 -0.790538752432 -1.42195987344
6.56570483222 -2 5.48469608827 0 -0.792510321963 -1.42140165604
6.5660925968 -2 5.48490102684 0 -0.792928170082 -1.42128295609
6.56952583821 -2 5.48673049574 0 -0.796626789253 -1.42022626915
6.57480174726 -2 5.48952472445 0 -0.802307032594 -1.41858237873
6.58143411745 -2 5.49300650148 0 -0.809441594412 -1.41648131644
6.60556513291 -2 5.50543442275 0 -0.835339678936 -1.40851176056
6.60574611026 -2 5.50552707893 0 -0.835533538702 -1.40845006043
6.60868355736 -2 5.50701163242 0 -0.838679284015 -1.40744457997
6.61590503855 -2 5.51064066478 0 -0.846406392253 -1.40494043848
6.61689610231 -2 5.51113461489 0 -0.847466121606 -1.40459319466
6.62587074718 -2 5.51558890502 0 -0.857054438131 -1.40140933414
6.62595358178 -2 5.51563006031 0 -0.857142867815 -1.40137961716
6.63150667197 -2 5.51835798488 0 -0.863068116764 -1.39937364798
6.63269193406 -2 5.51893742068 0 -0.864332060814 -1.39894196893
6.63538836305 -2 5.52025315666 0 -0.867206492359 -1.39795529777
6.63932189522 -2 5.52216340216 0 -0.871397190513 -1.39650444126
6.63940881657 -2 5.52220571074 0 -0.871489760817 -1.39647222666
6.64299465995 -2 5.52393699133 0 -0.875307362 -1.39513743424
6.65303694393 -2 5.52874100419 0 -0.885985161863 -1.3913388322
6.6583641203 -2 5.53126232803 0 -0.89164120882 -1.3892875639
6.6672444789 -2 5.53542244909 0 -0.901056757096 -1.38581226328
6.66900694294 -2 5.53624179838 0 -0.902923470244 -1.38511421887
6.66979403023 -2 5.53660705433 0 -0.903756900473 -1.38480159437
6.67152151505 -2 5.53740724375 0 -0.905585634996 -1.38411352619
6.67879166723 -2 5.54075323468 0 -0.913274861222 -1.38118876844
6.68724500863 -2 5.54459891046 0 -0.922200941774 -1.37772902947
6.71370994099 -2 5.55633085232 0 -0.950040802941 -1.36648679533
6.71451275423 -2 5.55667874024 0 -0.950882755186 -1.36613601773
6.72014923559 -2 5.55911415792 0 -0.956789645473 -1.36365706306
6.73227722003 -2 5.56428155296 0 -0.969473042432 -1.35822702896
6.74148487148 -2 5.56814158935 0 -0.979077729576 -1.3540168195
6.74355245008 -2 5.56899906673 0 -0.981231483082 -1.35306100298
6.75749776584 -2 5.57471588283 0 -0.995728912192 -1.34651442363
6.76158874534 -2 5.57636594071 0 -0.9999720869 -1.34456092175
6.77276218112 -2 5.58082502137 0 -1.01153810756 -1.33914908804
6.78207100077 -2 5.5844773077 0 -1.02114770065 -1.33455496183
6.78537798974 -2 5.58575871885 0 -1.02455568514 -1.33290418156
6.7884489056 -2 5.58694474771 0 -1.02771760675 -1.33136246098
6.7918130706 -2 5.58823329277 0 -1.03117837358 -1.32966380741
6.79403324329 -2 5.58907714956 0 -1.03346051539 -1.32853722277
6.79405025138 -2 5.5890912532 0 -1.03347799271 -1.32852857527
6.80072668199 -2 5.59161680502 0 -1.04033212568 -1.32511398958
6.8024737559 -2 5.59227598458 0 -1.04212354963 -1.32421386242
6.80678666615 -2 5.5938913637 0 -1.04654209105 -1.32198003049
6.81519637841 -2 5.5970001972 0 -1.05514184085 -1.31757624392
6.81799580415 -2 5.59802152409 0 -1.0579998044 -1.31609621334
6.8198919147 -2 5.59871309258 0 -1.05993421228 -1.31508975618
6.82260440643 -2 5.59970536207 0 -1.06269958338 -1.3136443447
6.82428607785 -2 5.60030717701 0 -1.06441290655 -1.31274490712
6.82844392566 -2 5.60180780369 0 -1.06864527117 -1.31051017753
6.82972236806 -2 5.60226538742 0 -1.06994555006 -1.30981992476
6.8329208137 -2 5.60340542999 0 -1.07319639806 -1.30808659043
6.84026913206 -2 5.60600493591 0 -1.0806529532 -1.30406945599
6.84275304913 -2 5.60686356962 0 -1.08316959427 -1.30270057603
6.84919215793 -2 5.60910767787 0 -1.08968435226 -1.29912614585
6.85704103209 -2 5.61178975247 0 -1.09760732693 -1.2947186611
6.86110755829 -2 5.61316049531 0 -1.10170432993 -1.29241331488
6.86489917555 -2 5.61443397986 0 -1.1055194496 -1.29025040004
6.86644220109 -2 5.61495704184 0 -1.10707067421 -1.28936647946
6.86647766532 -2 5.61496812068 0 -1.10710631757 -1.2893461386
6.88052491402 -2 5.61958727972 0 -1.12119128674 -1.28120009015
6.89421771303 -2 5.62397457352 0 -1.13485598803 -1.27308844346
6.89424042035 -2 5.6239811725 0 -1.1348785947 -1.27307485123
6.89777255764 -2 5.62508235325 0 -1.13839287516 -1.27095491214
6.89793720091 -2 5.62514582406 0 -1.13855657915 -1.27085582123
6.89945613216 -2 5.62561425633 0 -1.14006639453 -1.26994049638
6.9000630918 -2 5.62580426367 0 -1.14066948388 -1.26957415413
6.90517782667 -2 5.62738895863 0 -1.14574642082 -1.26647386465
6.90548462668 -2 5.62747543805 0 -1.14605065794 -1.26628714843
6.91078028133 -2 5.62910930094 0 -1.15129677 -1.26305087683
6.91402230105 -2 5.63009195921 0 -1.15450348598 -1.26105714031
6.92174733281 -2 5.63240728419 0 -1.162129036 -1.25626829995
6.9246316365 -2 5.63327138426 0 -1.16497060572 -1.25446648812
6.92528256328 -2 5.63346330237 0 -1.16561146536 -1.25405881944
6.92695298082 -2 5.63394396561 0 -1.16725533373 -1.25301090589
6.9281602142 -2 5.63430051896 0 -1.16844273808 -1.25225199817
6.93157510598 -2 5.63531065941 0 -1.17179861479 -1.25009816467
6.94036610217 -2 5.63784940647 0 -1.18041766123 -1.24450514293
6.95201177186 -2 5.64112463355 0 -1.19179056148 -1.23698860339
6.96163076176 -2 5.64376628027 0 -1.20114498247 -1.23068793394
6.96957444459 -2 5.64591660273 0 -1.20884298838 -1.22542173568
6.97142563663 -2 5.64641131492 0 -1.21063335977 -1.22418632976
6.97245771607 -2 5.64667074924 0 -1.21163094161 -1.22349622301
6.97410626681 -2 5.64711587694 0 -1.21322351265 -1.22239191678
6.97802365513 -2 5.64814062256 0 -1.21700354057 -1.21975796853
6.97833762583 -2 5.64823453473 0 -1.21730623702 -1.21954626418
6.98263759154 -2 5.64933317255 0 -1.22144782173 -1.21663793949
6.98568928457 -2 5.65012325703 0 -1.2243825992 -1.2145637863
6.98884806252 -2 5.65093058971 0 -1.22741639311 -1.21240801068
6.99174352403 -2 5.65167536527 0 -1.23019372976 -1.21042404266
6.99493662133 -2 5.65247783103 0 -1.23325259437 -1.20822737595
7.00112551301 -2 5.65399672453 0 -1.2391694021 -1.20394361941
7.01178475288 -2 5.65659327441 0 -1.2493228287 -1.19648474701
7.01285600757 -2 5.65685808234 0 -1.2503406242 -1.19572947129
7.01431581578 -2 5.65719822355 0 -1.25172680653 -1.19469858701
7.01661842449 -2 5.65775487817 0 -1.25391145758 -1.19306863567
7.01800082379 -2 5.6580765057 0 -1.25522196393 -1.19208778141
7.02054276595 -2 5.6586735299 0 -1.25762959772 -1.19027970639
7.0206157438 -2 5.65868742636 0 -1.25769867916 -1.1902277116
7.0238620703 -2 5.65944065288 0 -1.26076938678 -1.18790994045
7.02597598529 -2 5.65994851073 0 -1.26276652748 -1.18639557525
7.02766528773 -2 5.66031847713 0 -1.26436113709 -1.18518250295
7.02949451947 -2 5.66074066429 0 -1.26608645192 -1.18386605305
7.03275342221 -2 5.66147765785 0 -1.26915665209 -1.18151324725
7.04597514507 -2 5.66441895264 0 -1.28156552107 -1.17186966481
7.05104131143 -2 5.66551512512 0 -1.28629993518 -1.16813288485
7.05512642327 -2 5.66640432728 0 -1.29010926956 -1.16510292774
7.05592439848 -2 5.66656530275 0 -1.29085250953 -1.16450931319
7.0849261335 -2 5.67244429732 0 -1.31767013065 -1.14254692077
7.08838164437 -2 5.67309249012 0 -1.32083976781 -1.13987982738
7.09287836759 -2 5.673941587 0 -1.32495617633 -1.13639306205
7.09697771011 -2 5.6747265288 0 -1.32870059155 -1.13319863981
7.10786721559 -2 5.67670322451 0 -1.33860888185 -1.1246398858
7.12498301129 -2 5.67966822923 0 -1.35406823977 -1.11097308313
7.12738085499 -2 5.68007730009 0 -1.3562227418 -1.10903751746
7.12948636992 -2 5.68041341629 0 -1.35811227586 -1.10733368853
7.1342361113 -2 5.68120996584 0 -1.36236684866 -1.10347555775
7.16310456812 -2 5.685599308 0 -1.38798559253 -1.07959352935
7.16374315269 -2 5.68569059558 0 -1.38854756889 -1.07905685707
7.1650183229 -2 5.68587224493 0 -1.38966914377 -1.07798410716
7.16586290143 -2 5.68602133826 0 -1.39041153773 -1.07727280079
7.16899227057 -2 5.68646532744 0 -1.3931591258 -1.07463170877
7.17895278612 -2 5.68779642126 0 -1.40187113997 -1.06616740753
7.18257678182 -2 5.68828933492 0 -1.40502822601 -1.06306593088
7.18425053022 -2 5.68852468873 0 -1.4064840386 -1.06162957449
7.18979974702 -2 5.68920339885 0 -1.41130029706 -1.0568496419
7.19841262055 -2 5.69029094943 0 -1.41874371192 -1.04937671075
7.19968421473 -2 5.69044443616 0 -1.41983934942 -1.04826785026
7.20430630742 -2 5.69098220277 0 -1.42381467354 -1.04422522002
7.21192249722 -2 5.69186106137 0 -1.43034042333 -1.03752263605
7.22279502504 -2 5.69304536668 0 -1.43960257341 -1.02786553512
7.22448686491 -2 5.69324072824 0 -1.44103810785 -1.02635344399
7.22808302073 -2 5.69363127163 0 -1.44408431873 -1.02313097582
7.24226428953 -2 5.695006982 0 -1.45602824752 -1.01031229081
7.24402871374 -2 5.69518294736 0 -1.45750659083 -1.00870502021
7.24832257499 -2 5.69558731724 0 -1.46109707334 -1.00478217252
7.24980366819 -2 5.69570205489 0 -1.46233318187 -1.00342529688
7.25324548811 -2 5.6960354187 0 -1.46520099538 -1.00026469957
7.26314045773 -2 5.69683109915 0 -1.4734089423 -0.99112033652
7.26771712926 -2 5.69718102447 0 -1.47718674771 -0.986861818148
7.26900258708 -2 5.69727874765 0 -1.47824570239 -0.985662421855
7.27823632267 -2 5.69798532704 0 -1.48582490156 -0.977004406126
7.28444666613 -2 5.6984254361 0 -1.49089513937 -0.971139372889
7.28505956767 -2 5.69846830319 0 -1.49139432648 -0.970558725041
7.28698870759 -2 5.69859320704 0 -1.49296413684 -0.968728966324
7.28756829495 -2 5.69863594899 0 -1.49343535017 -0.968178602794
7.29417405379 -2 5.69902721538 0 -1.49879225851 -0.961885231894
7.30485268007 -2 5.69964910603 0 -1.50739857108 -0.951631255807
7.30500456761 -2 5.6996430273 0 -1.50752050395 -0.951484693061
7.30888828898 -2 5.69983976553 0 -1.5106337077 -0.94773031776
7.31329003495 -2 5.70006301574 0 -1.51415146484 -0.94345933952
7.31410329933 -2 5.70014573885 0 -1.51480015652 -0.942668395911
7.31437554823 -2 5.70013276602 0 -1.51501722589 -0.942403490979
7.31453490728 -2 5.70012514427 0 -1.51514426571 -0.942248400852
7.3191873953 -2 5.70038078277 0 -1.518846586 -0.937710840792
7.33754145602 -2 5.70109865132 0 -1.53332673753 -0.919627461988
7.33805999491 -2 5.70106392279 0 -1.53373290196 -0.919112343487
7.34329615447 -2 5.70127326562 0 -1.53782523233 -0.913897731635
7.35272292251 -2 5.70152970782 0 -1.54515089655 -0.904450234572
7.35931612807 -2 5.70164289614 0 -1.55024239139 -0.897797124574
7.36612292044 -2 5.70177461065 0 -1.55547086238 -0.890889349082
7.37711236308 -2 5.70187345551 0 -1.56385176338 -0.879653122919
7.37870311364 -2 5.70191779905 0 -1.56505870968 -0.878018094263
7.37931818754 -2 5.70192368684 0 -1.56552496058 -0.877385320572
7.38275282967 -2 5.70191223069 0 -1.56812421865 -0.87384590391
7.38322497519 -2 5.7019314028 0 -1.56848095129 -0.873358568484
7.38590184951 -2 5.70192326445 0 -1.57050084328 -0.87059197904
7.38725499795 -2 5.70191581966 0 -1.57152018129 -0.869191155596
7.39223936979 -2 5.70192166455 0 -1.57526502803 -0.864017717396
7.39423201584 -2 5.70190573834 0 -1.57675776137 -0.861943569808
7.39622707893 -2 5.70188688975 0 -1.57824979463 -0.859863523185
7.39739083758 -2 5.70189214012 0 -1.57911896454 -0.858648629491
7.39784018508 -2 5.70190987279 0 -1.5794543369 -0.85817922987
7.40039201055 -2 5.70189073344 0 -1.58135647695 -0.855510276358
7.40105215426 -2 5.70188264446 0 -1.58184787832 -0.854818931929
7.40615804978 -2 5.70182909128 0 -1.58563927881 -0.849459222736
7.40663441582 -2 5.70184120642 0 -1.58599215978 -0.848958048992
7.40912446236 -2 5.70181520376 0 -1.58783437301 -0.846335198579
7.41836429901 -2 5.7016228253 0 -1.59463560988 -0.836556695178
7.41838729768 -2 5.70161976164 0 -1.59465247031 -0.836532265668
7.4200550677 -2 5.70161314881 0 -1.59587421239 -0.834759545805
7.42213665668 -2 5.70154851974 0 -1.59739658706 -0.8325436713
7.43258167383 -2 5.70132283109 0 -1.60499325811 -0.821369675715
7.43381935783 -2 5.70129035628 0 -1.60588873377 -0.820039523772
7.44374342902 -2 5.70091640659 0 -1.61303273631 -0.809327486443
7.44942830809 -2 5.70070309552 0 -1.61709600143 -0.803154017276
7.46078038198 -2 5.7002155529 0 -1.62514606045 -0.790745398885
7.46136555271 -2 5.70019364816 0 -1.62555870499 -0.790102850015
7.4670899208 -2 5.69990745562 0 -1.62958332853 -0.783802137912
7.47595429696 -2 5.69942625364 0 -1.6357723719 -0.773991480704
7.47827012672 -2 5.69931879085 0 -1.63738057804 -0.771417683701
7.48462116993 -2 5.69892994461 0 -1.64177244763 -0.764336369101
7.48630607531 -2 5.69884976383 0 -1.64293301732 -0.762452121512
7.48736153645 -2 5.6987288877 0 -1.64365904378 -0.761270592152
7.4882033622 -2 5.69872731819 0 -1.64423757423 -0.760327555464
7.49271643516 -2 5.69841554157 0 -1.64733090333 -0.755261903899
7.49592648711 -2 5.69818712191 0 -1.64952268898 -0.751648585463
7.49787544055 -2 5.69804218742 0 -1.6508499834 -0.749450648505
7.51156011174 -2 5.69694676761 0 -1.66009637775 -0.733929747318
7.51413081018 -2 5.69673130402 0 -1.66181896283 -0.730996961161
7.51983271863 -2 5.69624797239 0 -1.66562341622 -0.724472623269
7.52698412744 -2 5.69567002399 0 -1.67036312103 -0.716252164159
7.53527407895 -2 5.69488160699 0 -1.67581278438 -0.706670810226
7.5427626754 -2 5.69415101489 0 -1.68069424159 -0.697967643918
7.54921874546 -2 5.69346134725 0 -1.6848709347 -0.690427999155
7.55322727476 -2 5.69300087213 0 -1.68744938032 -0.685729732778
7.55526000019 -2 5.69275943982 0 -1.68875255541 -0.683342286774
7.55724706789 -2 5.69261240851 0 -1.69002362183 -0.681005246563
7.55771277578 -2 5.69249695318 0 -1.69032111472 -0.680457055696
7.56035924129 -2 5.69218195703 0 -1.69200873733 -0.677338551005
7.56496291535 -2 5.69171269425 0 -1.69493254824 -0.671900316767
7.57023522877 -2 5.69105695051 0 -1.69826239538 -0.665651328604
7.57163524946 -2 5.69086872435 0 -1.69914326112 -0.663988215486
7.58713840563 -2 5.68894383019 0 -1.70880315809 -0.645466985088
7.59057648646 -2 5.68844634408 0 -1.71092184172 -0.641333648385
7.59872573618 -2 5.68733649143 0 -1.71590938045 -0.631498960002
7.60048763999 -2 5.68710752093 0 -1.716981337 -0.629365739059
7.6506433181 -2 5.67910828983 0 -1.74653452532 -0.567617524747
7.65393081632 -2 5.67850558446 0 -1.74840598465 -0.563501791321
7.66523595056 -2 5.6764504418 0 -1.75477919101 -0.549284946695
7.66598876661 -2 5.67629153044 0 -1.75520014224 -0.548334749926
7.66600825569 -2 5.6762849537 0 -1.75521103419 -0.548310145238
7.6769324914 -2 5.67426512862 0 -1.76127074299 -0.534472694864
7.67968808274 -2 5.67369057839 0 -1.76278487104 -0.530967864112
7.68311680574 -2 5.67297013933 0 -1.76466073749 -0.526598805964
7.68712451575 -2 5.67222860931 0 -1.76684192033 -0.521480646046
7.69330803423 -2 5.67088832212 0 -1.77018300855 -0.513559916297
7.69435127354 -2 5.67070611543 0 -1.77074378343 -0.512220734365
7.69583099763 -2 5.67036523327 0 -1.7715377398 -0.510319836716
7.70913329715 -2 5.66752299908 0 -1.77859894656 -0.493157230597
7.71134747308 -2 5.66708702828 0 -1.77976092741 -0.490287601544
7.71525511542 -2 5.66620519506 0 -1.78180228897 -0.485214244325
7.71935065164 -2 5.66533918493 0 -1.78392899092 -0.479884698656
7.72245603915 -2 5.66454546962 0 -1.78553277449 -0.475835304413
7.72793954334 -2 5.66331799774 0 -1.78834624786 -0.468667356906
7.74575777774 -2 5.65905550533 0 -1.79732462475 -0.445222040071
7.74945363755 -2 5.65816167975 0 -1.79915540467 -0.440329746789
7.75101429688 -2 5.65782814562 0 -1.79992522778 -0.43826086122
7.75950431552 -2 5.6556488239 0 -1.80407904451 -0.426974905637
7.76670968153 -2 5.65375415567 0 -1.80755909114 -0.417355491033
7.77034797168 -2 5.65282811926 0 -1.80930047738 -0.412483939924
7.77384565267 -2 5.65195238515 0 -1.81096452242 -0.407791635431
7.79106342014 -2 5.64725194313 0 -1.81901191089 -0.384564883771
7.79241134089 -2 5.6468629971 0 -1.81963176808 -0.382737580242
7.80614540294 -2 5.64298982143 0 -1.82586311978 -0.36404540896
7.8096304742 -2 5.64192435915 0 -1.82741981959 -0.35928095037
7.81773147617 -2 5.63955525459 0 -1.83099982735 -0.348172984419
7.82455088958 -2 5.63752890125 0 -1.83397159429 -0.338786639356
7.82672378244 -2 5.63682323881 0 -1.83491043476 -0.335789012712
7.82947002219 -2 5.63594797029 0 -1.83609141562 -0.331995717238
7.83602869053 -2 5.6339859645 0 -1.83888660041 -0.322915235515
7.84216915454 -2 5.63198365273 0 -1.8414711812 -0.314386771726
7.84722613235 -2 5.63037490777 0 -1.84357614067 -0.307343643707
7.84960635269 -2 5.6296357217 0 -1.84455951984 -0.304022501037
7.85010175427 -2 5.62949898163 0 -1.84476359822 -0.303330774424
7.85294563413 -2 5.62852704768 0 -1.84593115201 -0.29935662891
7.85678810439 -2 5.62737241473 0 -1.84749792652 -0.293978235388
7.86160519816 -2 5.62572166513 0 -1.84944462174 -0.28722142428
7.8661277653 -2 5.62420096556 0 -1.85125455372 -0.280863391382
7.87287999784 -2 5.62195981425 0 -1.85392475179 -0.271345039137
7.8752682741 -2 5.62117045921 0 -1.854859998 -0.267971022528
7.87660951266 -2 5.62069907628 0 -1.85538311246 -0.266074517613
7.87865813628 -2 5.61997057839 0 -1.85617918774 -0.263175442285
7.88383715056 -2 5.61815879127 0 -1.85817585798 -0.255833908929
7.89117608587 -2 5.61562705627 0 -1.8609662771 -0.245399914965
7.89263566359 -2 5.61507733847 0 -1.86151578158 -0.243320518094
7.89514367604 -2 5.61418912043 0 -1.8624557668 -0.23974416354
7.89814720777 -2 5.61314152005 0 -1.86357441544 -0.235455735616
7.90666364219 -2 5.61000733722 0 -1.86670442809 -0.223263675084
7.95701925429 -2 5.59066707508 0 -1.88393507807 -0.150214487689
7.9584346553 -2 5.59006801998 0 -1.88438759718 -0.148137880339
7.96758803915 -2 5.58627181452 0 -1.88727171759 -0.134678233609
7.99725858025 -2 5.57369140814 0 -1.89611413558 -0.090693324413
8.02973086722 -2 5.55919053188 0 -1.90489672098 -0.0419461221138
8.07853606121 -2 5.53569673397 0 -1.91631515925 0.0324718197959
8.08793049032 -2 5.5308661439 0 -1.91826506523 0.0469499316366
8.09738736462 -2 5.52603191229 0 -1.9201464927 0.0615730305124
8.09782866412 -2 5.52583758728 0 -1.92023228908 0.0622565940166
8.11681404156 -2 5.51589704557 0 -1.92375407854 0.0917634204693
8.15246765073 -2 5.49641001142 0 -1.92946882689 0.147685901164
8.15416217476 -2 5.49549559475 0 -1.92971107356 0.150359913692
8.15556673876 -2 5.49468241696 0 -1.92990984143 0.152577451959
8.15853190818 -2 5.49304597397 0 -1.9303234239 0.157262128931
8.17082501287 -2 5.48599605391 0 -1.93195056605 0.176730574042
8.18245044333 -2 5.47933031344 0 -1.93335931208 0.195209738502
8.18761397834 -2 5.47628655148 0 -1.93394438168 0.203438348405
8.20150668825 -2 5.46804264338 0 -1.93539411656 0.22564070182
8.24188416616 -2 5.44320571802 0 -1.93857283558 0.290673903307
8.25041497794 -2 5.43773318333 0 -1.93904644626 0.304506699201
8.25126069437 -2 5.43715598198 0 -1.93908962174 0.305879750335
8.25919564998 -2 5.43210668211 0 -1.93946149225 0.318777336668
8.2637794069 -2 5.42911123877 0 -1.93964892025 0.326240009768
8.26884015193 -2 5.4258140209 0 -1.93983252702 0.334489492983
8.27495191447 -2 5.42184136456 0 -1.94002159776 0.344466417389
8.31315907874 -2 5.396052806 0 -1.94039081075 0.407176954195
8.31680376948 -2 5.39356146502 0 -1.94035259207 0.413188792341
8.34110078331 -2 5.37646535571 0 -1.93976964241 0.453392229879
8.36675251179 -2 5.35799944415 0 -1.93853297054 0.496065547083
8.37695950615 -2 5.35047228045 0 -1.93786286045 0.513107635944
8.3785093881 -2 5.34927602355 0 -1.9377522275 0.515698386687
8.37937431276 -2 5.34870239868 0 -1.93768946937 0.517144516196
8.43110491482 -2 5.3091779279 0 -1.9326058863 0.604056948624
8.43644029193 -2 5.30505043955 0 -1.93193236433 0.613065313457
8.43671604438 -2 5.30478700287 0 -1.93189679412 0.613531112141
8.45290453888 -2 5.29198438761 0 -1.92967755557 0.64091226816
8.45906659685 -2 5.28696218304 0 -1.92876505175 0.65135271146
8.4778549138 -2 5.27173881857 0 -1.92575182836 0.683244113306
8.49603483299 -2 5.25674520178 0 -1.92250459187 0.714181630692
8.51401560083 -2 5.24159358593 0 -1.91897163442 0.744850810216
8.51489092459 -2 5.24091689213 0 -1.91879148231 0.746345512966
8.53371820394 -2 5.22474097056 0 -1.91473296395 0.778530749115
8.55200220063 -2 5.2088624886 0 -1.91045537885 0.809848446883
8.56099213703 -2 5.20093551322 0 -1.90823057971 0.825267076278
8.60284115766 -2 5.16343130503 0 -1.89681789671 0.897193065417
8.6131145729 -2 5.15397891066 0 -1.89375026702 0.914882340294
8.65460503478 -2 5.11505924066 0 -1.88029399222 0.986417200326
8.66600651164 -2 5.10416046511 0 -1.8762965568 1.00609454915
8.66767006901 -2 5.10260175855 0 -1.8757025029 1.00896611315
8.6691467053 -2 5.10114681429 0 -1.87517289445 1.01151511553
8.67810826374 -2 5.09247934062 0 -1.87191228178 1.02698644217
8.6813297631 -2 5.08934612979 0 -1.87072066111 1.03254868032
8.68211818946 -2 5.08865989915 0 -1.87042745481 1.03391001808
8.68943660965 -2 5.08147281756 0 -1.86767635655 1.04654703493
8.68990608027 -2 5.0810414757 0 -1.86749806019 1.04735772361
8.73021361144 -2 5.04112875464 0 -1.85137424768 1.11696206076
8.73501694918 -2 5.03623073751 0 -1.84934534777 1.12525484607
8.74365335499 -2 5.02753365256 0 -1.84563986985 1.14016314254
8.76012073755 -2 5.01073542867 0 -1.83836977697 1.16857938379
8.79960839492 -2 4.96966970516 0 -1.81984420606 1.23663818655
8.81960120897 -2 4.94854678898 0 -1.80987799147 1.27103498687
8.82439102839 -2 4.94337561216 0 -1.80743188553 1.27926797205
8.84134231798 -2 4.92519380353 0 -1.79859393833 1.30837766792
8.86694766824 -2 4.89740205588 0 -1.78470953678 1.35225798233
8.87427583753 -2 4.88929136224 0 -1.78061775777 1.36479380828
8.89010998134 -2 4.87178451546 0 -1.77159749947 1.39184217167
8.90568924817 -2 4.85445056796 0 -1.76248398667 1.41840028665
8.93585729179 -2 4.82030353577 0 -1.74416626797 1.46965499105
9.03428877761 -2 4.70540670429 0 -1.67831155533 1.63489644799
9.03705752612 -2 4.70204898562 0 -1.6763257056 1.63949205534
9.08119011627 -2 4.64867198753 0 -1.64369870071 1.7122865785
9.08829433019 -2 4.63994774645 0 -1.63827629314 1.72391950348
9.18178262748 -2 4.52303785898 0 -1.56258759467 1.87447179486
9.18482554825 -2 4.51905503165 0 -1.5599903576 1.8792853847
9.20904950957 -2 4.48807033653 0 -1.53901841936 1.9173899628
9.21124430627 -2 4.48518145269 0 -1.53709239448 1.92082306437
9.27665952329 -2 4.39969972442 0 -1.47774039897 2.02156354924
9.28696951484 -2 4.38613873905 0 -1.46804637169 2.03714558551
9.33144803412 -2 4.32662770954 0 -1.42518601044 2.10336627816
9.3345917181 -2 4.32239378987 0 -1.42209350973 2.10798271083
9.42728405269 -2 4.19535972147 0 -1.32726128737 2.23995188327
9.67736282143 -2 3.83457110636 0 -1.03896569282 2.54712655081
9.70157159752 -2 3.79827214157 0 -1.00880243016 2.57231256099
9.7976934225 -2 3.65208491168 0 -0.885634199248 2.66296254495
9.97980325532 -2 3.36559254928 0 -0.639555986613 2.78827133548
10.0335052493 -2 3.27864352448 0 -0.564465811888 2.81205291973
10.3314664317 -2 2.77873172901 0 -0.137068178042 2.81261122527
10.5187298595 -2 2.45004201902 0 0.130553113088 2.67775279295
10.8992980915 -2 1.7565371186 0 0.625059568674 1.99253118114
