1.77034980863 -2 1.13655794802 -1.91149950714 0.0553616386627 0.140423057703
1.8432278434 -2 1.16862614997 -1.89048042348 0.0783400565125 0.144599377003
2.31646863451 -2 1.4528075525 -1.7631769518 0.384236235461 0.25377664116
2.33512630927 -2 1.46329647521 -1.75803695923 0.394097562134 0.256908375238
2.45692219066 -2 1.53043186601 -1.7261073494 0.450539863773 0.272564412581
2.48579163325 -2 1.54571478823 -1.71853056358 0.462057778411 0.27505955993
2.62338254656 -2 1.61614686477 -1.68237787348 0.509236986044 0.280802367544
2.66057751736 -2 1.63474581059 -1.67261496284 0.520294941634 0.280681998635
2.67432180343 -2 1.64186126129 -1.66932419593 0.524249037033 0.280464621739
2.68771619993 -2 1.64826109988 -1.66549534112 0.528042777597 0.28016418145
2.69564571163 -2 1.6522145691 -1.66342716385 0.530263126547 0.279945387993
2.6958551585 -2 1.65258555297 -1.66368791027 0.530321529898 0.279939197883
2.77642195416 -2 1.69250050257 -1.64237673173 0.552062494529 0.276012331627
2.79288973227 -2 1.70076542372 -1.63811355227 0.556381856328 0.274835486945
2.80088896053 -2 1.70479387828 -1.63605101095 0.558471486263 0.274218580583
2.82161402402 -2 1.71525734775 -1.63070902712 0.563867863733 0.272483145431
2.83820738572 -2 1.7236820239 -1.62645249863 0.5681783956 0.270951526241
2.84523511219 -2 1.72725421697 -1.62464388659 0.570003426661 0.270264831211
2.84993723142 -2 1.72966219251 -1.62345111354 0.57122475336 0.269792761346
2.86424727594 -2 1.73698556582 -1.61979534168 0.574944675138 0.268293924395
2.87842567569 -2 1.7442951673 -1.61620474629 0.578638342693 0.26671662096
2.91838323924 -2 1.76511063052 -1.60614781793 0.589126393366 0.261777349889
2.99775736577 -2 1.80770881017 -1.58663480333 0.610569684336 0.249790061818
3.02880159727 -2 1.82490194564 -1.57920820831 0.619265756803 0.244304513385
3.03939363638 -2 1.83084227051 -1.57670251336 0.622279810325 0.242328855416
3.04759783229 -2 1.83547232999 -1.57477450009 0.624631638464 0.240761947963
3.05192664923 -2 1.83792496007 -1.57376102001 0.625878732022 0.239922258629
3.06671367828 -2 1.8463590148 -1.57032512412 0.630171637084 0.236986236898
3.08083304238 -2 1.85449253443 -1.56708062603 0.634319225875 0.234084521874
3.10046009441 -2 1.86592212128 -1.56261956729 0.640165484573 0.229890119317
3.1095014817 -2 1.87121521695 -1.56055924012 0.642890792559 0.227894527602
3.11363412366 -2 1.87367686616 -1.55965940153 0.64414330766 0.226968985063
3.14177250774 -2 1.89059635154 -1.55358376156 0.652786381628 0.220441965209
3.18230002403 -2 1.91541503342 -1.54494395032 0.665589146076 0.210341294181
3.30681810541 -2 1.99623882941 -1.52074279453 0.70742150118 0.173936422499
3.3131140677 -2 2.00052742597 -1.51964071582 0.709627158926 0.171873072867
3.33652743523 -2 2.01664751868 -1.51565320499 0.717895075607 0.164006371549
3.33763982571 -2 2.01741701387 -1.51546448348 0.718290355977 0.163624985107
3.35191143561 -2 2.0273708747 -1.51311185193 0.723380371385 0.158670086199
3.35515579443 -2 2.02994580513 -1.51293918398 0.724542174273 0.157527636018
3.3694538057 -2 2.03977160971 -1.51034711106 0.729681845285 0.152421579106
3.37171981058 -2 2.04135071797 -1.50995769443 0.730499217576 0.151601656901
3.40553697876 -2 2.065723843 -1.50496133251 0.742779466693 0.139014984561
3.40645287465 -2 2.06666703002 -1.50515738892 0.743114010141 0.138664904593
3.44119637405 -2 2.09200501471 -1.50011682576 0.755865756129 0.125023780425
3.44469822014 -2 2.09461059936 -1.49965703395 0.757156702519 0.123609624786
3.45981080518 -2 2.10595722213 -1.49776818424 0.762737080756 0.117423712871
3.47079374606 -2 2.11427900778 -1.49646061071 0.766800289606 0.112843337949
3.47430388468 -2 2.11691095661 -1.49600583417 0.768099965374 0.111364351251
3.48896379661 -2 2.12816205948 -1.49439234271 0.773532098933 0.105108131044
3.50917349196 -2 2.14379577812 -1.49226399835 0.781026059018 0.0962729444744
3.51126158448 -2 2.14542345851 -1.49205571891 0.781800347435 0.0953461260515
3.51791720477 -2 2.15088288836 -1.49170933058 0.784267978166 0.0923744881694
3.5188040559 -2 2.15131356072 -1.49131167366 0.784596732455 0.0919765112263
3.52359962437 -2 2.15509083522 -1.49087339022 0.78637415189 0.0898162876466
3.52574461775 -2 2.15675794424 -1.49065000929 0.787168984414 0.0888455671665
3.5278124682 -2 2.15838827718 -1.49046161516 0.787935107388 0.0879071339274
3.53076166355 -2 2.16070680372 -1.49018424785 0.789027528537 0.0865642695212
3.54714501159 -2 2.17364923208 -1.48870190123 0.795089675822 0.0790088359026
3.57774043944 -2 2.19826438031 -1.4864027834 0.806365491387 0.0644645488771
3.58974682911 -2 2.20802371793 -1.48560336416 0.810767634783 0.0586019703263
3.59149578805 -2 2.20940752701 -1.48544164865 0.811407579114 0.0577406735697
3.5949991145 -2 2.21231772336 -1.48528099212 0.812688371191 0.0560098310078
3.61776138349 -2 2.23105018995 -1.48402115989 0.820971305421 0.0445824507529
3.70990932552 -2 2.30908856664 -1.48164147372 0.853523228543 -0.0048871099907
3.71842160709 -2 2.31653176743 -1.48172988129 0.85642601998 -0.00971510389304
3.74541780764 -2 2.34014546052 -1.48208086223 0.865486384338 -0.0253127173115
3.75623792631 -2 2.34968277937 -1.48233810022 0.869051116164 -0.0316856709689
3.75742376057 -2 2.35067566073 -1.48230552339 0.869439342641 -0.0323883205279
3.76998693964 -2 2.36208120567 -1.48302451037 0.873521618265 -0.0398832862318
3.77538044454 -2 2.36666860874 -1.48297646856 0.875256508048 -0.0431293740314
3.7958269861 -2 2.38495401072 -1.48390652636 0.881732222818 -0.0555892640217
3.79815603879 -2 2.38704174533 -1.48402394592 0.882459360148 -0.0570239626062
3.80477539689 -2 2.39304356506 -1.48444527643 0.884513805906 -0.0611186008109
3.80605799408 -2 2.39419941583 -1.48451971703 0.88490978384 -0.0619149183566
3.8075555481 -2 2.39549943076 -1.48454851123 0.885371253578 -0.0628458927905
3.86327547457 -2 2.44622681374 -1.48883341779 0.901830736528 -0.0983913701625
3.86460737381 -2 2.44745200739 -1.48896196452 0.902206230214 -0.0992623529931
3.8703872649 -2 2.45277139439 -1.48952948697 0.903825430951 -0.103053416875
3.89462669181 -2 2.47517899699 -1.49215054373 0.910428844705 -0.119151583366
3.89912847905 -2 2.47933727949 -1.49265644892 0.911620995652 -0.122176472807
3.91619468167 -2 2.49524892071 -1.49481855954 0.916039362102 -0.133742307115
3.93013256905 -2 2.50828016587 -1.49671263097 0.919525923538 -0.143302441172
3.95334292859 -2 2.53007892905 -1.5001646188 0.925079023877 -0.159446705472
3.9651561036 -2 2.54114365886 -1.5019781533 0.927779809942 -0.167769129186
3.97441749826 -2 2.54998184797 -1.50363899509 0.929836245826 -0.174342796977
3.98352280311 -2 2.55852559994 -1.50513999294 0.93180480699 -0.180847132341
3.98897609924 -2 2.5637830218 -1.5062246854 0.932958175378 -0.184762157332
3.99224726142 -2 2.56695210475 -1.50690073494 0.933640712653 -0.187117538021
4.00234540239 -2 2.57647247493 -1.50871147323 0.935703188075 -0.194421254104
4.00642707744 -2 2.58037695195 -1.50952505157 0.936517561306 -0.19738729126
4.01308960822 -2 2.58673273949 -1.51085130196 0.937822740377 -0.202245753502
4.0136194529 -2 2.58723583144 -1.51095500229 0.937925243839 -0.202633027478
4.03560800673 -2 2.60825001507 -1.5155552379 0.942008599855 -0.218820154538
4.03793743932 -2 2.61082802446 -1.516474661 0.942421420917 -0.220548016101
4.04593874218 -2 2.61815184214 -1.51784501392 0.943810097115 -0.226501687515
4.04715688756 -2 2.61931982898 -1.51811959266 0.944017508849 -0.227410618083
4.05980842471 -2 2.63146703955 -1.52104301495 0.946108429234 -0.236889643086
4.06048175063 -2 2.6321144598 -1.52120239941 0.946216454289 -0.237396101233
4.06481103895 -2 2.63627580668 -1.52223215577 0.946903100531 -0.240657201494
4.06534562495 -2 2.6367891804 -1.5223595443 0.946986934836 -0.241060451477
4.06814035323 -2 2.63947945413 -1.52303598915 0.947421782484 -0.24317059011
4.07939760334 -2 2.65031687243 -1.52581098806 0.949114763312 -0.251704232763
4.09872665573 -2 2.66843701577 -1.53018689906 0.951799466472 -0.266481071554
4.12292046525 -2 2.69234780808 -1.53746896906 0.954755071507 -0.285190737252
4.14293868056 -2 2.71171630125 -1.54330972433 0.956851918559 -0.300843324353
4.14785201134 -2 2.71649899116 -1.54482132307 0.957317455897 -0.304708106383
4.15898725633 -2 2.72730802379 -1.54827703795 0.958299973542 -0.313499567691
4.1651354135 -2 2.73333821264 -1.5502981219 0.958799003882 -0.318372667826
4.17213240669 -2 2.74012887031 -1.55254771711 0.95932902911 -0.323934706638
4.17382950899 -2 2.74169949175 -1.55300855073 0.959451476878 -0.325286321448
4.1810533603 -2 2.74818855821 -1.55476257111 0.959945876517 -0.33105059212
4.18735627123 -2 2.7549145631 -1.55758507031 0.96034161816 -0.336094375236
4.18993663854 -2 2.75773798933 -1.55883219937 0.960494007804 -0.338163073857
4.20217433625 -2 2.7692214599 -1.56256283864 0.961140138287 -0.348003673726
4.2032098471 -2 2.76970405189 -1.56230539999 0.96118898048 -0.348838556964
4.21428494153 -2 2.78097934665 -1.56683929305 0.961654085249 -0.357788904644
4.22527235766 -2 2.79162604384 -1.57079892537 0.96201136777 -0.366705517489
4.23713353144 -2 2.80316035509 -1.57523538867 0.962279646394 -0.376371260124
4.2371439948 -2 2.80317048556 -1.57523930226 0.962279828944 -0.376379804688
4.25376030421 -2 2.81929508124 -1.58161681389 0.96244858266 -0.389987521104
4.26152573381 -2 2.82725314819 -1.58517948481 0.962443981142 -0.396372591377
4.26941768024 -2 2.83447896819 -1.58783524133 0.962384459392 -0.402877789215
4.26984015933 -2 2.83488878574 -1.58800618628 0.962379708842 -0.403226479938
4.27577006229 -2 2.84063591684 -1.59041650539 0.962296209404 -0.408125410758
4.27627394858 -2 2.8411248591 -1.59062347459 0.962287664576 -0.408542093876
4.29215628116 -2 2.85650752665 -1.59723174134 0.96190148009 -0.421707146701
4.29252480971 -2 2.85634791891 -1.59677674387 0.961889821958 -0.422013328606
4.29982907088 -2 2.86393230196 -1.60049962125 0.961633411994 -0.428088242474
4.31522130383 -2 2.8787925363 -1.60718094158 0.960934488026 -0.440928199054
4.31926538597 -2 2.88272057107 -1.60900173167 0.960715021514 -0.44430997101
4.32287187686 -2 2.88623668504 -1.61065424277 0.96050667943 -0.447328608416
4.32542900103 -2 2.88870386619 -1.61180292157 0.960351736521 -0.449470491198
4.32845814788 -2 2.89159236374 -1.61313147063 0.960160429333 -0.45200940182
4.33143200954 -2 2.89446278288 -1.61448541294 0.959964413874 -0.454503694188
4.37044857715 -2 2.93246892498 -1.63346896166 0.956635848183 -0.487373320247
4.372560093 -2 2.93403059963 -1.63395423714 0.956415383577 -0.489159181751
4.37883228432 -2 2.94004568351 -1.63705074529 0.955735958781 -0.494467829413
4.38290225652 -2 2.94394191141 -1.63907355119 0.955275417734 -0.497915516448
4.38487781601 -2 2.9458139395 -1.64003889 0.955046284802 -0.499589830308
4.39130363436 -2 2.95148279764 -1.64270975895 0.954275712887 -0.505039344391
4.39237409018 -2 2.95300734308 -1.64384525598 0.954143585116 -0.505947674153
4.39338380915 -2 2.95397618775 -1.64436235029 0.954017969118 -0.506804597108
4.39368663008 -2 2.95426180166 -1.64451178401 0.953980109666 -0.507061618221
4.41314584327 -2 2.97283706718 -1.65457972257 0.951366602999 -0.523600150692
4.41324078412 -2 2.97292617593 -1.6546280333 0.951352978379 -0.523680943159
4.4282846582 -2 2.98724050845 -1.66263589345 0.949086706641 -0.536493960509
4.43976336983 -2 2.99813029727 -1.66887320142 0.947213761351 -0.546283763749
4.43986026508 -2 2.99822057327 -1.66892451756 0.947197421014 -0.546366445866
4.44252800522 -2 3.00072728102 -1.67036651779 0.94674404674 -0.548643133784
4.44568288891 -2 3.00371435284 -1.6721087379 0.946199192646 -0.551336201131
4.45029994101 -2 3.00795290719 -1.67452104069 0.945384835616 -0.555278592313
4.45922187577 -2 3.01653232768 -1.67970985699 0.943753979718 -0.562900456576
4.46311322129 -2 3.02020173591 -1.68191507157 0.94301905097 -0.566226111623
4.47058007352 -2 3.02725701651 -1.6862112054 0.941568644539 -0.572609463397
4.47102261252 -2 3.02762673717 -1.68641051561 0.941481023682 -0.57298786
4.47384897271 -2 3.0303092524 -1.68806870637 0.94091703543 -0.575404738464
4.47977230289 -2 3.03587004221 -1.6915010853 0.939710482649 -0.580470799038
4.4856566048 -2 3.04136687351 -1.6949182422 0.938478927441 -0.585504498885
4.50267712967 -2 3.05728815281 -1.70505270558 0.934731708893 -0.600068279748
4.51181607505 -2 3.06582974117 -1.71062497281 0.932606318516 -0.607888934612
4.53109916846 -2 3.0837192336 -1.72254798499 0.927862046835 -0.624387745651
4.5442577832 -2 3.09587386956 -1.7308760441 0.924422531433 -0.635641011284
4.54982864272 -2 3.10100609707 -1.73444862355 0.92291705016 -0.640403171661
4.55031186996 -2 3.10197330265 -1.73537785814 0.922785080062 -0.64081618302
4.55052813137 -2 3.10164792073 -1.7348967968 0.922725947318 -0.641001016638
4.55464841477 -2 3.10552360798 -1.73766126151 0.921590896416 -0.644522077209
4.57315669334 -2 3.12220372633 -1.74947210649 0.916294799672 -0.660326335414
4.58658367556 -2 3.1346067533 -1.7586623042 0.912250982222 -0.671776209805
4.59923532825 -2 3.14607177438 -1.76726499382 0.908285938779 -0.682550328561
4.61015499787 -2 3.15591892096 -1.77479457505 0.904743348293 -0.691836366614
4.61365989188 -2 3.15961773404 -1.77787998749 0.903582697012 -0.694814084093
4.62550909515 -2 3.16969587512 -1.78555595693 0.899574157376 -0.704869979968
4.63565791097 -2 3.17875712563 -1.79278114098 0.896037236932 -0.713468237104
4.63651373874 -2 3.17955811781 -1.793440105 0.895734615601 -0.714192654861
4.64800255727 -2 3.18973617488 -1.80169797017 0.891606663553 -0.723906960287
4.65587868465 -2 3.19669732292 -1.80743865442 0.888706488934 -0.730554795405
4.66001595995 -2 3.20035716152 -1.81049036596 0.88716021427 -0.734042808355
4.66478438705 -2 3.20454773617 -1.81400276037 0.885358584667 -0.738059339228
4.66634788083 -2 3.20593218123 -1.81517323414 0.884763326094 -0.73937544298
4.66753301762 -2 3.20677348222 -1.81581639053 0.884310627128 -0.740372771125
4.677983901 -2 3.21612828861 -1.82385823001 0.880263081439 -0.749156552373
4.68246782805 -2 3.22004387 -1.82723672481 0.878495989702 -0.752918990648
4.6852649798 -2 3.22228749932 -1.82912237612 0.877384394206 -0.755264108532
4.68882723661 -2 3.22558438809 -1.83205884904 0.875958468069 -0.758248466722
4.69224972678 -2 3.22860184147 -1.83471844693 0.874577661049 -0.761113348452
4.69572376417 -2 3.23157686455 -1.83733009501 0.873165222475 -0.76401894556
4.69796585585 -2 3.23355996181 -1.8390987658 0.872247868156 -0.765892852006
4.69921024024 -2 3.23463830472 -1.84005691628 0.871736769774 -0.766932436759
4.70439852351 -2 3.23908927606 -1.84402084494 0.869590783242 -0.771263301655
4.70995898484 -2 3.24367534964 -1.84809128968 0.867263982861 -0.775898381105
4.71508019002 -2 3.24828871486 -1.85233783032 0.865096459257 -0.780161244271
4.71737673187 -2 3.25023369861 -1.85410712924 0.864116836743 -0.782070946786
4.72463768065 -2 3.25647724911 -1.85985931266 0.860988599224 -0.788100805614
4.74061891974 -2 3.27007316592 -1.87259893441 0.853938335468 -0.801327839528
4.74506638394 -2 3.27383702926 -1.87618277828 0.85193612461 -0.804997486397
4.74758805855 -2 3.27596771387 -1.87822278967 0.850793150585 -0.807075882175
4.75138104467 -2 3.27916669607 -1.88130071283 0.849063418366 -0.810198980583
4.75487239004 -2 3.2826900566 -1.88483602066 0.847460091618 -0.813070347607
4.75757192264 -2 3.28437804247 -1.88635505712 0.846213073324 -0.815288269593
4.76894829399 -2 3.29389938051 -1.89571542184 0.840888044616 -0.824613107525
4.7693947062 -2 3.29414344974 -1.89593310715 0.84067679366 -0.824978281234
4.77161136514 -2 3.29611457567 -1.89791626134 0.839625267688 -0.826790713737
4.77550989365 -2 3.29935448151 -1.90115232235 0.837765582302 -0.829974906951
4.77799374177 -2 3.30141871692 -1.90322510236 0.836573878603 -0.832001347016
4.79922951419 -2 3.31952367996 -1.92183733274 0.826168910788 -0.849251492071
4.80797928494 -2 3.32617012584 -1.92872737933 0.821769821521 -0.856318595905
4.81067081713 -2 3.32831558547 -1.93098787409 0.820403569569 -0.858487605126
4.8181252001 -2 3.33441056402 -1.93748269637 0.816587755282 -0.864482521948
4.82204901781 -2 3.33726032784 -1.94050880351 0.814560437898 -0.86763074587
4.83072181197 -2 3.34447078709 -1.94835313313 0.810033786943 -0.874570877565
4.83370479952 -2 3.34687009651 -1.9509803198 0.808462372835 -0.876951986431
4.83574352625 -2 3.34849797063 -1.95276901697 0.807384137777 -0.878577588963
4.84278164209 -2 3.35410133855 -1.95896997634 0.803635403092 -0.884178349607
4.85445356758 -2 3.36339068397 -1.96940533716 0.797328646746 -0.893427709731
4.85708097103 -2 3.36546183659 -1.9717576456 0.795893586809 -0.895502969683
4.86353319223 -2 3.37053635054 -1.97756239565 0.792345600818 -0.900588457315
4.86399945677 -2 3.37090867745 -1.97799083267 0.792087898521 -0.900955355838
4.86604574394 -2 3.37250869762 -1.97983456599 0.790954842136 -0.902564593476
4.86980348937 -2 3.3754524253 -1.98324250035 0.788865308539 -0.905515644644
4.87054211528 -2 3.37602590083 -1.98390866408 0.788453247222 -0.906095077035
4.87110458255 -2 3.37646802086 -1.9844228837 0.788139165495 -0.906536178495
4.88489032755 -2 3.38718971487 -1.99703311595 0.780361804243 -0.917309252624
4.88529190834 -2 3.38733793978 -1.99721042645 0.780132971019 -0.917621964727
4.89694446069 -2 3.39647096138 -2.00817331038 0.773437248129 -0.926667951321
4.89777243435 -2 3.39709812309 -2.00893398302 0.772957397563 -0.927308643512
4.90475650132 -2 3.40243389336 -2.01544383064 0.768888349338 -0.932701871657
4.90477406205 -2 3.40244661041 -2.01545946101 0.768878069913 -0.932715407237
4.90524153632 -2 3.40280907287 -2.01590402177 0.768604338398 -0.933075683697
4.9169373401 -2 3.41151149774 -2.02669686905 0.76170035394 -0.942059988883
4.91827398211 -2 3.4133042471 -2.02888728807 0.760904576773 -0.943083103623
4.92911099962 -2 3.42087825673 -2.0385076297 0.754401856901 -0.951350082307
4.93968670624 -2 3.42867712239 -2.04854352559 0.747969286742 -0.959368801596
4.94744983799 -2 3.43417065151 -2.05574110124 0.743193469962 -0.965223628182
4.95008773073 -2 3.43638248969 -2.0586152708 0.741560329589 -0.967206963441
4.95214355654 -2 3.43788619304 -2.06060196411 0.740283933402 -0.96875049474
4.96015642328 -2 3.44380213972 -2.06846981299 0.735278878926 -0.974748345924
4.96029415244 -2 3.44384968075 -2.06854182013 0.735192431845 -0.974851184124
4.96173281846 -2 3.44489084232 -2.06993988455 0.734288597629 -0.975924872642
4.96855477097 -2 3.44984743194 -2.07663394605 0.729981901136 -0.981003170786
4.97971755713 -2 3.45851027498 -2.08838900399 0.722861083397 -0.989266035722
4.98076777131 -2 3.45863129154 -2.08868339528 0.722186463552 -0.990040399497
4.98493316109 -2 3.46161847516 -2.09283317043 0.719502883669 -0.993106539784
4.98934034515 -2 3.46475696769 -2.09722565156 0.71664986362 -0.996341637179
4.99052439823 -2 3.46531439688 -2.09807258055 0.715880973175 -0.99720920209
4.99075935027 -2 3.46575849733 -2.09863541073 0.715728282094 -0.997381272941
5.01450120593 -2 3.48216018343 -2.12224539336 0.700096023683 -1.01462998263
5.01485128822 -2 3.48266583779 -2.12291188544 0.699862541565 -1.01488223539
5.02677933849 -2 3.49090115083 -2.13509027376 0.691856275899 -1.02344014696
5.03155104457 -2 3.49425234468 -2.14008861393 0.688625856459 -1.02684342778
5.03494625858 -2 3.49648531817 -2.14348653439 0.68631778929 -1.02925785741
5.03611341519 -2 3.49698395871 -2.14434038673 0.685522533328 -1.03008648336
5.04668766614 -2 3.50441857063 -2.15561976276 0.678275396619 -1.0375615087
5.04862711014 -2 3.50570842605 -2.1576194324 0.676937971576 -1.03892618545
5.05021291877 -2 3.50679642212 -2.15929809669 0.675842529282 -1.04004056117
5.05314378588 -2 3.50851355232 -2.16206303944 0.67381350619 -1.04209664733
5.05685556249 -2 3.51121119833 -2.16620185068 0.671235614856 -1.04469404734
5.06314030354 -2 3.51539683801 -2.17280477577 0.666849847125 -1.04907523993
5.06387632979 -2 3.51568573334 -2.1733437946 0.666334503435 -1.04958695572
5.06681068638 -2 3.51782521226 -2.17666930372 0.6642763999 -1.05162415337
5.06693710801 -2 3.51790405207 -2.17679709073 0.664187602601 -1.05171181855
5.07008545199 -2 3.51997576912 -2.18011532047 0.661972848563 -1.05389221403
5.07234399995 -2 3.52146803446 -2.18251207022 0.660380031771 -1.05545308251
5.0791647878 -2 3.52655102065 -2.19047852944 0.655549540413 -1.06015008729
5.09235591967 -2 3.53452416209 -2.20388645461 0.646122242586 -1.06916164762
5.0965241057 -2 3.53710487585 -2.20825006101 0.643120220707 -1.07198915904
5.10047422034 -2 3.53961562863 -2.21248644634 0.640265093794 -1.07465980458
5.1045882881 -2 3.54223563122 -2.21692958059 0.63728100166 -1.07743200987
5.11729713512 -2 3.55023196734 -2.23070090527 0.62799598448 -1.08593536568
5.11843278395 -2 3.55157121234 -2.23268237173 0.627161411938 -1.08669075156
5.12397572236 -2 3.55436163688 -2.23794961499 0.623076607959 -1.09036709557
5.12577761878 -2 3.55549169423 -2.23993561278 0.621744669985 -1.09155840439
5.12984090492 -2 3.5576867374 -2.24401411529 0.618733884859 -1.09423794993
5.131774238 -2 3.55926077981 -2.24658999281 0.617297819162 -1.09550954464
5.13299705908 -2 3.56057712363 -2.24860161037 0.616388349263 -1.09631270331
5.13426367858 -2 3.56135306231 -2.24999256572 0.615445352614 -1.09714371514
5.13496165677 -2 3.56121345277 -2.25008908728 0.614925295411 -1.09760125123
5.13938296258 -2 3.56391131764 -2.25495541975 0.611624218605 -1.10049290741
5.14098681734 -2 3.56481105982 -2.25663462979 0.610423838416 -1.10153905632
5.14378131188 -2 3.56618982876 -2.25934621064 0.608328675047 -1.10335823302
5.1444603585 -2 3.56699095787 -2.26055829282 0.607818859901 -1.10379959224
5.14450500768 -2 3.56695364925 -2.26053156027 0.607785328553 -1.10382860335
5.1534091117 -2 3.57230660967 -2.2703952524 0.601074810614 -1.10959067661
5.15480188973 -2 3.57313416245 -2.27193741129 0.600020930671 -1.11048774804
5.16833534265 -2 3.58123184372 -2.28714168104 0.589721705844 -1.11914444126
5.17524459928 -2 3.58517779553 -2.29478800336 0.584422937621 -1.12352169631
5.1763087064 -2 3.58580359462 -2.29599342095 0.583604445987 -1.12419329031
5.1783961222 -2 3.58700786433 -2.29833540389 0.581996977927 -1.12550874216
5.18246647552 -2 3.589439728 -2.30301998791 0.578855412896 -1.12806621973
5.1831250394 -2 3.58974653114 -2.30367776246 0.57834624517 -1.12847906308
5.19276904243 -2 3.59526489418 -2.3145985298 0.570862204198 -1.13449448449
5.19422369733 -2 3.59608432482 -2.31624266703 0.569728857704 -1.13539688973
5.19447947222 -2 3.59631058742 -2.31662931126 0.569529458136 -1.13555542739
5.19566939646 -2 3.59754634222 -2.31864601607 0.568601330008 -1.13629245387
5.20295124722 -2 3.6010125561 -2.32618825869 0.56290460532 -1.14078379129
5.21250120912 -2 3.60633097356 -2.33711518255 0.555389707723 -1.14662441546
5.21370786216 -2 3.60700031406 -2.3385024928 0.554436685029 -1.14735835968
5.22111848428 -2 3.61107420818 -2.3470273036 0.548566650158 -1.15184594539
5.221347958 -2 3.61119731585 -2.34728900453 0.54838441487 -1.15198435796
5.22203716399 -2 3.61157186674 -2.34808116758 0.54783691792 -1.15239987082
5.22223581514 -2 3.61154647057 -2.34815186669 0.547679065118 -1.15251957964
5.23171445184 -2 3.6165849052 -2.35898876953 0.540122957329 -1.15820268232
5.23335046805 -2 3.61770241403 -2.36116620705 0.538814008583 -1.15917786277
5.23374879973 -2 3.61799583892 -2.36172221757 0.538495099265 -1.15941504056
5.23916205939 -2 3.62080734049 -2.36791073351 0.534153020011 -1.16262829666
5.24279160844 -2 3.62274125635 -2.37214265163 0.531233222929 -1.16477235716
5.24951252306 -2 3.62691612659 -2.38073402834 0.525808778149 -1.16872043177
5.25669570544 -2 3.63003202126 -2.38839928237 0.519985931879 -1.17290816165
5.26116374672 -2 3.63234084718 -2.39364504609 0.516350980177 -1.17549629752
5.26763867453 -2 3.63565547257 -2.4012635733 0.511065738347 -1.17922412664
5.27601439852 -2 3.63998530261 -2.41126240502 0.504198382714 -1.18400611042
5.28154596933 -2 3.64267221247 -2.41771976217 0.499644292177 -1.1871393082
5.28305684807 -2 3.64332855217 -2.41939978735 0.498397837092 -1.18799163844
5.28963891259 -2 3.64668759301 -2.4273501165 0.492954989205 -1.1916873875
5.29312646413 -2 3.6484793013 -2.43160321992 0.490062721047 -1.19363411983
5.30840235321 -2 3.65640779559 -2.45054379012 0.477327169589 -1.20206685982
5.31069481227 -2 3.65686843745 -2.45255391273 0.475406629493 -1.20331908179
5.31973380583 -2 3.6608813613 -2.4631555181 0.467810771682 -1.20822256364
5.32256584987 -2 3.66245570962 -2.46687753562 0.465423294004 -1.20974772869
5.32459495385 -2 3.66339437233 -2.46932773435 0.463710504954 -1.21083719637
5.3331572863 -2 3.66696088231 -2.47926861577 0.456462805898 -1.21540423916
5.33750372734 -2 3.66924968955 -2.48492295978 0.452771354452 -1.21770381878
5.3521825649 -2 3.67596122345 -2.5030241479 0.440244102663 -1.22537622315
5.35246232443 -2 3.67599261299 -2.50325808662 0.440004454316 -1.22552104035
5.35663043366 -2 3.67791291279 -2.50847593363 0.436430038073 -1.22767239931
5.35901573627 -2 3.67860600588 -2.51099358141 0.434381199821 -1.22889828561
5.36370645105 -2 3.68089586048 -2.51706598302 0.430345205307 -1.23129776847
5.36398738435 -2 3.68100939376 -2.51740278477 0.430103193424 -1.23144100369
5.36675115891 -2 3.68229292563 -2.52091959887 0.427720578406 -1.23284727463
5.36678809818 -2 3.68221461633 -2.52085374366 0.427688712144 -1.23286603508
5.36952687377 -2 3.68338647027 -2.52423181514 0.425324496838 -1.23425440392
5.37666771598 -2 3.68639382341 -2.53303554563 0.419145807603 -1.23785033864
5.38044655667 -2 3.68798392668 -2.53772367893 0.415867750871 -1.23973921346
5.38243356616 -2 3.68855595886 -2.5398849769 0.41414175988 -1.24072852518
5.38819942533 -2 3.691163424 -2.54731101962 0.409124385478 -1.24358402585
5.40022656061 -2 3.69604181797 -2.56229802693 0.398616306389 -1.24946715416
5.40410731546 -2 3.69770426282 -2.56728448114 0.395213688476 -1.25134426926
5.40844463083 -2 3.6993038648 -2.57257846569 0.391403917074 -1.25342997068
5.40915364263 -2 3.69920154056 -2.57301613823 0.390780458734 -1.25376968503
5.41087879897 -2 3.70026006612 -2.57563101479 0.38926267163 -1.254594827
5.4121820182 -2 3.70086040997 -2.57737352781 0.388115355213 -1.25521679739
5.4169308905 -2 3.7026229023 -2.58324165455 0.38392916467 -1.25747332451
5.42179072656 -2 3.70509116992 -2.59006793299 0.379636413434 -1.25976646843
5.43804356916 -2 3.71055912533 -2.60985588416 0.365216919904 -1.26731681664
5.44859387387 -2 3.71438599245 -2.62323936149 0.355805750627 -1.27211997332
5.45552155671 -2 3.7168431814 -2.63205141388 0.349604738086 -1.2752317943
5.45578658567 -2 3.71693073279 -2.63238231275 0.349367177336 -1.27535017816
5.46151256188 -2 3.7189274453 -2.63968123663 0.344228739067 -1.27789592139
5.46316440684 -2 3.71950302756 -2.64179536242 0.342744298188 -1.27862607613
5.46539495907 -2 3.72034550516 -2.6447337497 0.34073832281 -1.27960901273
5.46714480198 -2 3.7208646118 -2.64687627413 0.339163475753 -1.28037768509
5.46861750846 -2 3.72139192916 -2.64878995753 0.337837247204 -1.28102296025
5.48068513666 -2 3.72599877878 -2.66493007446 0.326942551814 -1.2862533784
5.4834903899 -2 3.72632568074 -2.66783265521 0.324403059898 -1.28745465699
5.48577251104 -2 3.7266508106 -2.67027254399 0.322335243238 -1.28842785383
5.5097455077 -2 3.73432262985 -2.70140199063 0.30051271552 -1.29843037595
5.51122881666 -2 3.73504406001 -2.70364777397 0.299156540878 -1.29903602201
5.51235383903 -2 3.73596426666 -2.70579456304 0.29812749251 -1.29949434607
5.51499850523 -2 3.73616515107 -2.70852702295 0.295706910472 -1.30056825624
5.51592509346 -2 3.73644628324 -2.70973612195 0.294858327042 -1.30094334965
5.52390593602 -2 3.73879549329 -2.72011696314 0.287538581378 -1.30414909136
5.52437798413 -2 3.73951097223 -2.72141593845 0.287105035211 -1.30433730015
5.53130319924 -2 3.74098063417 -2.72983119124 0.280737044291 -1.30708040605
5.53465709884 -2 3.74186384612 -2.73413477657 0.277647921311 -1.30839676564
5.53515132274 -2 3.74257683394 -2.73545984915 0.277192435876 -1.3085900722
5.53644199522 -2 3.74192876905 -2.73595253287 0.276002593399 -1.30909408378
5.55067344148 -2 3.74623523734 -2.75509469597 0.262851095214 -1.31457370161
5.55801038816 -2 3.74827295337 -2.76486285562 0.256048485967 -1.31734292861
5.55869086653 -2 3.74832876797 -2.765615241 0.255416805454 -1.31759784249
5.55907731481 -2 3.74842763207 -2.76612228561 0.25505801271 -1.31774246446
5.56058535192 -2 3.74881670568 -2.76810687986 0.253657500992 -1.31830581559
5.5630392638 -2 3.74901365672 -2.77082733996 0.251377217698 -1.31921908557
5.57084279918 -2 3.75141023841 -2.78163094718 0.244114900447 -1.32209509664
5.58456925859 -2 3.75427171409 -2.79924696563 0.231300831049 -1.32704979804
5.5869028869 -2 3.75525909522 -2.80286157815 0.229117384947 -1.3278789269
5.58745191302 -2 3.75538717657 -2.80358983111 0.228603486117 -1.32807343556
5.59524373201 -2 3.75689203925 -2.81360207995 0.221301820762 -1.33081099745
5.5953921865 -2 3.75731538657 -2.81426060252 0.221162554064 -1.33086273946
5.61790465471 -2 3.7620146405 -2.84410083207 0.199979587085 -1.33852933072
5.62299113254 -2 3.76303698573 -2.85089728159 0.195176322009 -1.34021204852
5.62593916202 -2 3.76361988758 -2.85484197915 0.19238960868 -1.34117897716
5.63781321369 -2 3.76599949652 -2.87089409498 0.18114461434 -1.34501159209
5.63921356924 -2 3.76613669237 -2.87263079047 0.179816288773 -1.34545704488
5.64041951794 -2 3.76635800599 -2.87425067801 0.178672009785 -1.34583955094
5.64079159541 -2 3.76641714234 -2.87474006882 0.178318892393 -1.3459573609
5.6444712501 -2 3.76708659498 -2.8796906517 0.174825043921 -1.34711719587
5.65660163602 -2 3.76917436549 -2.89600659932 0.163285612612 -1.35087328347
5.6585915176 -2 3.76923570088 -2.89837049202 0.16138955569 -1.35147956162
5.68514721559 -2 3.77362795592 -2.93468328245 0.13600461922 -1.35930454287
5.68977343115 -2 3.77417933706 -2.94085843689 0.131567287651 -1.3606171609
5.69025282913 -2 3.77398168491 -2.94119865031 0.131107213845 -1.36075232612
5.69226676606 -2 3.77465424625 -2.94440937937 0.129173948961 -1.36131839439
5.69454585956 -2 3.7748270979 -2.94735380735 0.126985162361 -1.36195556921
5.69813546706 -2 3.77528993357 -2.95223164404 0.123535679285 -1.3629517633
5.70349851826 -2 3.77595303642 -2.95951957386 0.118377215127 -1.36442334734
5.7048084858 -2 3.77584191717 -2.96098278582 0.117116359189 -1.36477974007
5.70493299322 -2 3.775659264 -2.96091839508 0.116996502161 -1.36481355147
5.71124916662 -2 3.77640093841 -2.96951964932 0.110912283211 -1.36651458191
5.71640802895 -2 3.77745448037 -2.97711614594 0.105937171437 -1.3678832843
5.73036931409 -2 3.77889024646 -2.99618671788 0.0924479812371 -1.37149438739
5.73224415705 -2 3.77906944569 -2.99875232367 0.0906337823395 -1.37196898909
5.73894777195 -2 3.77967547906 -3.00792483799 0.0841417702384 -1.37364597826
5.74380179099 -2 3.78009486209 -3.01458262658 0.0794359211606 -1.37484079579
5.7591751332 -2 3.78125928 -3.03569091432 0.0645044801477 -1.37851719854
5.75975597958 -2 3.78129823354 -3.03648890183 0.0639395281673 -1.37865289651
5.76252662795 -2 3.78196382417 -3.04086933653 0.0612439053576 -1.37929696962
5.76616708474 -2 3.78170718674 -3.04530287171 0.0577000505694 -1.38013517984
5.76630575538 -2 3.78220011413 -3.04606682491 0.0575650155011 -1.38016692765
5.7723708296 -2 3.78207338265 -3.05385088916 0.051655807305 -1.38154250974
5.77505862138 -2 3.78221466099 -3.05755027115 0.049035137551 -1.38214400063
5.77580621564 -2 3.7827328798 -3.05914758184 0.0483060015366 -1.38231041717
5.77586990707 -2 3.78239817424 -3.05883550491 0.0482438784273 -1.38232457726
5.78503761662 -2 3.78269561727 -3.07132049239 0.0392950233443 -1.38433364669
5.79581659012 -2 3.78310146836 -3.08621385074 0.0287561564937 -1.38662193795
5.80014683077 -2 3.78323132713 -3.09220253722 0.0245172401082 -1.38751877507
5.80379918721 -2 3.78330973909 -3.09723684186 0.0209396588037 -1.38826523145
5.80471649258 -2 3.78335086627 -3.09852945042 0.0200408120369 -1.38845127286
5.80541762971 -2 3.78336806357 -3.0995013794 0.0193536969726 -1.38859308443
5.80871247881 -2 3.78367428543 -3.10434440802 0.0161237402443 -1.38925499704
5.81174867522 -2 3.78349348111 -3.10827263444 0.0131458883625 -1.38985837988
5.81328369156 -2 3.78349731151 -3.11037609017 0.0116398421681 -1.39016103737
5.81733189065 -2 3.78356981669 -3.1160126137 0.0076663578563 -1.39095150411
5.82169896006 -2 3.78360845237 -3.1220712924 0.00337716872928 -1.39179170558
5.82659473868 -2 3.78361141611 -3.12884655163 -0.00143462059896 -1.39271818519
5.82768100582 -2 3.78335924197 -3.13005513796 -0.0025027240252 -1.39292154013
5.82924281965 -2 3.78363146932 -3.13254660743 -0.00403872079959 -1.39321251376
5.83137354982 -2 3.78363115118 -3.13551122682 -0.00613479503903 -1.39360680543
5.83323620858 -2 3.78362380577 -3.13809953915 -0.00796769015608 -1.39394896383
5.83401558369 -2 3.78334580613 -3.13885869203 -0.00873475827634 -1.39409143085
5.83555145904 -2 3.78360777864 -3.14131515205 -0.0102466334325 -1.39437097656
5.83600793446 -2 3.78310587797 -3.14135997593 -0.0106960402369 -1.39445375135
5.8381222262 -2 3.78358747589 -3.14489117877 -0.012777975617 -1.39483530199
5.84026813151 -2 3.78356390751 -3.14787521656 -0.0148916839969 -1.39521945811
5.8459318366 -2 3.78348715361 -3.15576366378 -0.0204734987873 -1.39621838145
5.85679000014 -2 3.78330707922 -3.17096892682 -0.0311870018205 -1.39807280175
5.85932618451 -2 3.78323317321 -3.17450565216 -0.0336916976399 -1.3984944793
5.8634048844 -2 3.78303305756 -3.1801154034 -0.037721559192 -1.39916353048
5.86741546565 -2 3.78289033703 -3.18571716444 -0.0416862659794 -1.39981048609
5.86780474176 -2 3.78287129932 -3.18625589751 -0.0420712020631 -1.39987270495
5.86874972703 -2 3.7828394687 -3.18758155735 -0.0430057342925 -1.40002332013
5.8696174669 -2 3.78295158431 -3.18896712139 -0.0438639784279 -1.40016109495
5.87470351668 -2 3.78256055706 -3.19586851912 -0.048896340273 -1.40095845773
5.88157505016 -2 3.7826611557 -3.20599157006 -0.0557006278078 -1.40200817398
5.88374974565 -2 3.78212754029 -3.20853947629 -0.0578552938281 -1.40233379657
5.88977452304 -2 3.78206372495 -3.21730449198 -0.0638276898737 -1.40321937723
5.89334095195 -2 3.78155863515 -3.2219629333 -0.067365243866 -1.40373217729
5.89751291292 -2 3.78125812556 -3.22777722664 -0.0715054189695 -1.40432127266
5.90191260696 -2 3.78112398332 -3.23415012943 -0.0758738970006 -1.40492995783
5.90589602586 -2 3.78067064931 -3.23954954533 -0.0798310748495 -1.40546993922
5.90749169587 -2 3.78027922361 -3.24147008578 -0.0814167680957 -1.40568328423
5.90770783533 -2 3.78052801734 -3.24208754255 -0.0816315795941 -1.40571205249
5.90992850239 -2 3.78035751865 -3.24520929824 -0.0838389255076 -1.40600582713
5.91941992738 -2 3.77954473537 -3.25852600249 -0.0932799839373 -1.40722458475
5.92408278405 -2 3.77926581662 -3.26525397787 -0.0979219501061 -1.40780146935
5.92878886727 -2 3.77865094847 -3.27167891928 -0.102609487419 -1.40836913055
5.93030288629 -2 3.77880249377 -3.27416540128 -0.104118077749 -1.40854864716
5.93227448482 -2 3.77778099833 -3.27596595294 -0.106082997008 -1.4087801522
5.93287030721 -2 3.77861913934 -3.27786782825 -0.106676887491 -1.40884960933
5.93556018685 -2 3.77794895759 -3.28119053187 -0.1093585437 -1.40916026612
5.93603365873 -2 3.77828337334 -3.28231155228 -0.109830652307 -1.40921445454
5.93850988888 -2 3.77736559127 -3.2850243596 -0.112300161685 -1.40949545261
5.94165492694 -2 3.77734645038 -3.28983780132 -0.11543764943 -1.40984653036
5.9426703004 -2 3.77716768426 -3.29119040338 -0.116450819686 -1.40995848699
5.94273328454 -2 3.77716197321 -3.29128071255 -0.11651367092 -1.4099654094
5.94301882193 -2 3.77750688936 -3.29212886676 -0.116798611263 -1.40999675933
5.9541461695 -2 3.77579781068 -3.30734078434 -0.127909654157 -1.41117679322
5.95764372272 -2 3.77551353187 -3.31245470684 -0.131404857254 -1.41153094594
5.96091907711 -2 3.77492123587 -3.31687239426 -0.134679199199 -1.41185534658
5.96297993054 -2 3.77465074747 -3.31978002633 -0.136740001142 -1.41205586752
5.96398997107 -2 3.77467679489 -3.32139473763 -0.137750180854 -1.41215313199
5.96411300972 -2 3.77449469127 -3.32137233791 -0.137873243835 -1.41216493482
5.96557583647 -2 3.7743005027 -3.32343911916 -0.139336482341 -1.41230450396
5.97162232017 -2 3.77342646008 -3.33192695382 -0.145387053021 -1.41286660372
5.97462379411 -2 3.77275475698 -3.3358765159 -0.148391972143 -1.41313678887
5.97596851739 -2 3.7723007935 -3.33746874251 -0.149738541635 -1.41325593697
5.98160212528 -2 3.77230596639 -3.34642065167 -0.155381906707 -1.41374232814
5.98179396823 -2 3.77194320608 -3.34629685067 -0.155574139139 -1.41375852863
5.98223129087 -2 3.77161576745 -3.34660574015 -0.156012363693 -1.41379536981
5.9824508742 -2 3.77184168709 -3.3472226987 -0.156232407231 -1.41381382129
5.98692286099 -2 3.77114435551 -3.35353294463 -0.160714832213 -1.41418279959
5.99117927577 -2 3.76994130866 -3.35892484588 -0.164983058221 -1.4145219609
6.00076567098 -2 3.76882880776 -3.37304305375 -0.174602678244 -1.41524294271
6.00224882552 -2 3.76859836531 -3.37516885976 -0.176091784645 -1.41534919231
6.00254419432 -2 3.76888457837 -3.37598543724 -0.17638836454 -1.41537018255
6.00400729051 -2 3.76828473511 -3.37764510386 -0.177857585821 -1.41547332804
6.0054184703 -2 3.76803835609 -3.37964144717 -0.179274871626 -1.41557150749
6.01204391164 -2 3.76716608961 -3.38938472938 -0.185931568128 -1.41601532985
6.01486044003 -2 3.76630773663 -3.39296684527 -0.188762667218 -1.41619545858
6.01597974157 -2 3.76609366573 -3.39454349331 -0.189887970545 -1.41626562891
6.01739413313 -2 3.76582840395 -3.3965442909 -0.191310117548 -1.41635314948
6.02384210479 -2 3.76458265488 -3.40565465741 -0.197795856258 -1.41673589829
6.02396219737 -2 3.76455924793 -3.40582459479 -0.197916689588 -1.41674277444
6.02563295094 -2 3.76422480765 -3.40818028894 -0.199597889556 -1.41683747996
6.0268696008 -2 3.76397719211 -3.40992610922 -0.200842440678 -1.4169064291
6.02878226019 -2 3.76359299446 -3.4126286424 -0.202767603037 -1.4170111442
6.033181339 -2 3.76269323685 -3.41884292766 -0.207196735038 -1.41724312178
6.04004002538 -2 3.76125074164 -3.42853359517 -0.214105856982 -1.41758018517
6.04755113669 -2 3.75909535529 -3.43853307233 -0.221677152722 -1.41791497062
6.05053580003 -2 3.75896084402 -3.44338033763 -0.224687154878 -1.41803805496
6.05592465003 -2 3.75773089853 -3.45099271992 -0.230123787722 -1.41824598042
6.05639919767 -2 3.75792842469 -3.45202663117 -0.23060266797 -1.41826340931
6.05955350605 -2 3.75719467017 -3.45648487946 -0.233786286093 -1.41837563703
6.06070967008 -2 3.75668382757 -3.45783593306 -0.234953415114 -1.41841519638
6.07518607526 -2 3.75312638588 -3.47825230882 -0.249577097545 -1.41883909959
6.07967218115 -2 3.75199624586 -3.48459934472 -0.254112559583 -1.41894367343
6.08239902106 -2 3.7507675736 -3.48782867386 -0.256870250592 -1.41900105791
6.08319102608 -2 3.75108964524 -3.48957155506 -0.257671336296 -1.41901685021
6.08397891343 -2 3.75089187625 -3.49069314283 -0.258468310642 -1.4190321698
6.08470997567 -2 3.75070638754 -3.49173217974 -0.259207852181 -1.41904603613
6.08611183638 -2 3.75071561933 -3.49415816379 -0.260626100751 -1.41907168802
6.10024107317 -2 3.74654814983 -3.51370485243 -0.274929853263 -1.41926152783
6.10574667931 -2 3.74541154148 -3.5219645681 -0.280508022586 -1.41930173025
6.10804602646 -2 3.74437829177 -3.52476437959 -0.282838425111 -1.41931292661
6.10922172357 -2 3.74404153847 -3.52642510955 -0.284030171577 -1.41931737923
6.12536653062 -2 3.73907156647 -3.54899285349 -0.300406929144 -1.41929161652
6.12557079925 -2 3.73925407562 -3.54957073154 -0.3006142696 -1.4192902545
6.12793210296 -2 3.73894358417 -3.55339134695 -0.303011330032 -1.4192726338
6.1298589647 -2 3.73820889768 -3.55594465033 -0.304967706218 -1.41925569753
6.13432161171 -2 3.73605561148 -3.56134108225 -0.309499866473 -1.41920765469
6.13494312387 -2 3.73586232605 -3.56222067718 -0.310131187664 -1.41919998724
6.14139111687 -2 3.73436581347 -3.57197575045 -0.316682784522 -1.41910636812
6.14894602222 -2 3.73190960143 -3.58263812521 -0.324363324868 -1.41896406631
6.15052715906 -2 3.73143401699 -3.58492385306 -0.325971332202 -1.41892983817
6.15172175104 -2 3.73104032542 -3.58661211876 -0.327186357567 -1.41890295824
6.15808828837 -2 3.72893391894 -3.59562895224 -0.33366370471 -1.41874491249
6.1602831635 -2 3.72766290571 -3.59810429482 -0.335897525466 -1.41868465771
6.16112457687 -2 3.72790880628 -3.59992209622 -0.336753969625 -1.41866077528
6.16388300076 -2 3.72698328357 -3.60383879835 -0.339562060584 -1.41857943715
6.16473228018 -2 3.72615578015 -3.60440468674 -0.340426752373 -1.41855345547
6.1727213043 -2 3.72393412804 -3.61635085679 -0.348563528202 -1.41828743759
6.17679802263 -2 3.72268927177 -3.62234479286 -0.352717565938 -1.41813665264
6.17687308601 -2 3.72246312407 -3.62221492133 -0.352794065123 -1.4181337811
6.17986250003 -2 3.72182449037 -3.62694748906 -0.355841016806 -1.41801662551
6.18083249056 -2 3.72106125414 -3.62782760032 -0.356829826161 -1.41797743964
6.18179839573 -2 3.72092503824 -3.62944309807 -0.357814543478 -1.41793784853
6.18278054208 -2 3.72036436819 -3.63058746916 -0.358815892512 -1.41789700836
6.18650053745 -2 3.71901563667 -3.635849021 -0.362609297998 -1.41773699067
6.20374396104 -2 3.71259889313 -3.66025757651 -0.380206937445 -1.41688529622
6.20529438694 -2 3.71219880533 -3.66267873188 -0.381790330254 -1.41679986977
6.20568495275 -2 3.71185867727 -3.66300594111 -0.382189229682 -1.41677812029
6.21115624265 -2 3.70973576435 -3.67073393602 -0.387778486164 -1.41646372291
6.21868954853 -2 3.70677299351 -3.68138504733 -0.395477947426 -1.41600118478
6.22731672217 -2 3.703078018 -3.69330726437 -0.404300690833 -1.4154293569
6.23344884708 -2 3.70081241885 -3.70226119283 -0.410575245642 -1.41499560381
6.23376232581 -2 3.70015038146 -3.70207391278 -0.410896081682 -1.41497282116
6.23892247809 -2 3.69853374375 -3.70998736253 -0.416178405477 -1.41458929319
6.24305623965 -2 3.69681105792 -3.71584324762 -0.420411482228 -1.41427049163
6.24486736972 -2 3.69604098359 -3.71839703262 -0.422266529612 -1.41412757743
6.24487001667 -2 3.69603997852 -3.71840091015 -0.422269240921 -1.41412736712
6.24569895076 -2 3.69544852192 -3.71928827566 -0.423118357734 -1.41406129786
6.24612654866 -2 3.69550614049 -3.72017542882 -0.423556386847 -1.41402705521
6.25118501644 -2 3.69334196634 -3.72731984272 -0.428739295342 -1.41361363095
6.25788851175 -2 3.69039052568 -3.73673449258 -0.43561065003 -1.41304209721
6.26554065406 -2 3.68704753721 -3.74757571922 -0.443458508252 -1.4123567547
6.26779558358 -2 3.68605466787 -3.75077407909 -0.445771944057 -1.41214810863
6.26934222929 -2 3.68534751355 -3.75294026013 -0.447358937917 -1.41200323976
6.26952015547 -2 3.68527559431 -3.75320079188 -0.447541517172 -1.41198648223
6.27911709316 -2 3.6809198808 -3.76674326765 -0.457392920223 -1.41105457082
6.28639589414 -2 3.67750206719 -3.77694964134 -0.46486928305 -1.41031106902
6.28681671126 -2 3.67739830309 -3.77765256798 -0.46530164222 -1.41026711714
6.28754081438 -2 3.67713525419 -3.77876260386 -0.466045636575 -1.41019124149
6.28934624286 -2 3.67621273551 -3.78121743434 -0.467900829778 -1.41000069618
6.29601333221 -2 3.67300232903 -3.79054693133 -0.474753783189 -1.40928020864
6.29990406872 -2 3.67114352352 -3.79603207116 -0.478754505861 -1.40884751104
6.3031524771 -2 3.66957985814 -3.8006109057 -0.482095600584 -1.40847934217
6.30587663264 -2 3.66870969174 -3.80498185159 -0.484898085697 -1.40816574813
6.30596495124 -2 3.6676842226 -3.80394391827 -0.484988952963 -1.40815550733
6.30848480767 -2 3.66645305361 -3.80749049472 -0.487581769512 -1.407861367
6.3106029973 -2 3.66593655851 -3.81109059286 -0.489761652396 -1.40761119045
6.31132601563 -2 3.66558476174 -3.81211298177 -0.490505804862 -1.40752518478
6.31916897679 -2 3.66214752152 -3.8236893844 -0.498580500187 -1.40657226379
6.32293684492 -2 3.65956460107 -3.82817327132 -0.502461311549 -1.4061014676
6.32989445581 -2 3.65630587235 -3.83828213587 -0.509630232431 -1.40520995204
6.33023787614 -2 3.65607741934 -3.83870252036 -0.50998417527 -1.40516520346
6.3317075562 -2 3.65533311006 -3.84077913357 -0.511498985057 -1.40497290948
6.3498776218 -2 3.64581558093 -3.86627819273 -0.530240154949 -1.40248967806
6.3500290213 -2 3.6457420579 -3.86649903627 -0.530396415287 -1.40246816454
6.35166409627 -2 3.64485944811 -3.86878091026 -0.532084093713 -1.40223495851
6.35194187745 -2 3.6447214474 -3.86918300017 -0.532370831207 -1.40219518193
6.35260926602 -2 3.64436612303 -3.87012127922 -0.533059761183 -1.40209942902
6.36463197894 -2 3.63785136836 -3.88697348348 -0.545476151384 -1.40032928555
6.36618837031 -2 3.63694463368 -3.8890917223 -0.547084284101 -1.40009387355
6.36741271145 -2 3.63653773813 -3.89112237841 -0.548349453098 -1.39990767768
6.3677707619 -2 3.63612468801 -3.89136866479 -0.548719464246 -1.39985305817
6.36789590484 -2 3.6360989715 -3.89159514338 -0.548848789813 -1.39983395009
6.36908796812 -2 3.63540024796 -3.89321654386 -0.550080753038 -1.39965146898
6.3742712147 -2 3.63298788415 -3.90102500167 -0.555438706145 -1.39884823381
6.37530880747 -2 3.63193629531 -3.9019188834 -0.556511509597 -1.39868552967
6.37639557571 -2 3.63131944083 -3.90342965283 -0.557635242262 -1.39851443092
6.37693436934 -2 3.6309762271 -3.9041348983 -0.558192394209 -1.39842934498
6.37818721345 -2 3.63054310726 -3.90620775513 -0.559488009073 -1.39823083222
6.37843052443 -2 3.63018353309 -3.90628464125 -0.559739639832 -1.39819217191
6.38766118506 -2 3.62443179404 -3.91858282653 -0.569289151874 -1.39669960283
6.38817933095 -2 3.62443165764 -3.91965770152 -0.569825381772 -1.3966143251
6.38855446163 -2 3.6244359219 -3.92044123997 -0.570213617361 -1.39655248599
6.3952027674 -2 3.62064418197 -3.92977777881 -0.577095894699 -1.39544271288
6.42208362317 -2 3.60463829232 -3.96721508358 -0.604955910203 -1.39068878951
6.4255975544 -2 3.60298443206 -3.97268488614 -0.608601766324 -1.39003571454
6.43405028267 -2 3.59728628207 -3.98386166952 -0.61737555513 -1.38843477369
6.43945655421 -2 3.59396787972 -3.99143569809 -0.622989925263 -1.38738861732
6.44300691686 -2 3.59169256347 -3.9963127959 -0.626678116112 -1.38669216263
6.44623856772 -2 3.58965530682 -4.00080363921 -0.630036026815 -1.38605172515
6.45175280301 -2 3.58613974265 -4.00844529627 -0.635767471071 -1.38494461878
6.46012105999 -2 3.58076396178 -4.02005494353 -0.6444696174 -1.38323000249
6.46041226336 -2 3.58106766087 -4.02104085464 -0.644772532024 -1.38316958702
6.46107913661 -2 3.58013062749 -4.02136766766 -0.645466248159 -1.38303104204
6.46359058014 -2 3.57900443697 -4.02544504155 -0.648079074235 -1.38250690889
6.47316036712 -2 3.57173165506 -4.03751485802 -0.658039407152 -1.38047532464
6.48312715675 -2 3.56559883807 -4.05189198854 -0.668420060383 -1.37830148383
6.48322635952 -2 3.56602047622 -4.05260662844 -0.668523418925 -1.37827954927
6.48377205401 -2 3.56519998238 -4.05282338741 -0.669091986291 -1.37815878668
6.48776101721 -2 3.56270693125 -4.0585633063 -0.673248807041 -1.37727063091
6.48792981051 -2 3.5623503485 -4.0585095081 -0.67342472882 -1.37723283914
6.48898302856 -2 3.56114275235 -4.05937806175 -0.674522473281 -1.37699664611
6.4904806887 -2 3.56062193517 -4.06203042983 -0.676083588447 -1.37665964288
6.49448109291 -2 3.5579062016 -4.06755947044 -0.680254288172 -1.37575290521
6.49572568673 -2 3.55705343899 -4.06927371053 -0.6815521013 -1.37546885374
6.49836459073 -2 3.55527986112 -4.072954503 -0.684304218396 -1.37486351858
6.49907095241 -2 3.55470689471 -4.07382475231 -0.685040969955 -1.37470078071
6.49941227932 -2 3.55451669574 -4.07434798726 -0.685396994798 -1.37462203586
6.50373950394 -2 3.55152231145 -4.0803018743 -0.689911288216 -1.37361769335
6.50631841937 -2 3.54973357966 -4.08385441481 -0.692602337988 -1.37301380114
6.5078687967 -2 3.54845159738 -4.08574890915 -0.694220359631 -1.37264883991
6.50948590023 -2 3.54752449909 -4.08821265792 -0.695908204324 -1.372266637
6.5119124018 -2 3.54582003456 -4.09154388046 -0.698441209844 -1.37169019256
6.5139667296 -2 3.54438373123 -4.09437680491 -0.700586039122 -1.37119940302
6.52021247361 -2 3.53996361518 -4.10295287814 -0.707108806253 -1.36969171038
6.52499116253 -2 3.53636054265 -4.10927949127 -0.712101348589 -1.36852233781
6.52514778914 -2 3.53639521512 -4.10966797011 -0.712265012307 -1.36848377806
6.53316897791 -2 3.53071694924 -4.12077765047 -0.720648944222 -1.366489315
6.53473369442 -2 3.52953676625 -4.12286660491 -0.722284960372 -1.36609573325
6.53835171933 -2 3.5268361163 -4.12773960034 -0.726068519784 -1.36518001963
6.54440740527 -2 3.52247773649 -4.13611655414 -0.732403363708 -1.36362966558
6.54646376477 -2 3.52096895907 -4.13893543046 -0.734555113269 -1.36309816614
6.54845004708 -2 3.51999782948 -4.14223746583 -0.736633820783 -1.36258235197
6.5493739593 -2 3.51880673922 -4.14290003589 -0.737600819896 -1.36234160968
6.5507556313 -2 3.51778751654 -4.14479393372 -0.739047039741 -1.36198062591
6.557600336 -2 3.51267686776 -4.15413134858 -0.746213507172 -1.36017528808
6.56088252745 -2 3.51021682901 -4.15861421764 -0.749651167335 -1.35929951185
6.56192520259 -2 3.5094247207 -4.16002799221 -0.750743390417 -1.35901992986
6.56279936449 -2 3.50877258515 -4.16122824756 -0.751659151584 -1.3587850241
6.56387548744 -2 3.50795090287 -4.16268450001 -0.752786558594 -1.35849520974
6.56570483222 -2 3.50656673036 -4.16517761144 -0.754703270309 -1.35800092774
6.5660925968 -2 3.50628571303 -4.16572114834 -0.755109584221 -1.35789589394
6.56952583821 -2 3.50366416116 -4.17038216971 -0.758707521 -1.35696194236
6.57480174726 -2 3.49963565941 -4.17756745842 -0.764238130103 -1.35551273981
6.58143411745 -2 3.49404649237 -4.18601776035 -0.771193442093 -1.35366686044
6.60556513291 -2 3.47578562126 -4.21957778221 -0.796525086573 -1.34672362115
6.60574611026 -2 3.47538278826 -4.21951705379 -0.796715218906 -1.34667019659
6.60868355736 -2 3.47256540998 -4.22293781667 -0.799801571156 -1.34580023784
6.61590503855 -2 3.46720436729 -4.23323433422 -0.807391600488 -1.34363886958
6.61689610231 -2 3.46626458137 -4.23440990434 -0.808433516755 -1.34333973132
6.62587074718 -2 3.45907211016 -4.24665690778 -0.817871645415 -1.34060315721
6.62595358178 -2 3.45900355429 -4.24676773401 -0.817958782839 -1.34057766631
6.63150667197 -2 3.45469119098 -4.25454753053 -0.823801360537 -1.3388590721
6.63269193406 -2 3.45396402571 -4.25644048428 -0.825048674345 -1.33848976731
6.63538836305 -2 3.45121221364 -4.25945340377 -0.827886611875 -1.33764635148
6.63932189522 -2 3.44793723484 -4.26473556275 -0.832027427406 -1.33640784901
6.63940881657 -2 3.44786840058 -4.26485663119 -0.832118940584 -1.33638037208
6.64299465995 -2 3.4448620979 -4.26966023122 -0.835894641673 -1.33524272603
6.65303694393 -2 3.4366486806 -4.28342037159 -0.846473035358 -1.33201385302
6.6583641203 -2 3.43184791903 -4.29023290902 -0.852087213377 -1.33027530809
6.6672444789 -2 3.42421429999 -4.30208452499 -0.861449965826 -1.32733740385
6.66900694294 -2 3.42268357263 -4.30442676121 -0.863308753118 -1.32674839834
6.66979403023 -2 3.42200790794 -4.30548307261 -0.864138918758 -1.32648472306
6.67152151505 -2 3.42050141565 -4.30777557384 -0.865961084974 -1.32590463749
6.67879166723 -2 3.41417026116 -4.31746416973 -0.873631707443 -1.32344258481
6.68724500863 -2 3.40698225887 -4.32899548747 -0.882554712433 -1.32053755675
6.71370994099 -2 3.38274297754 -4.36346063526 -0.910517071565 -1.31114667234
6.71451275423 -2 3.38212277226 -4.3646520935 -0.911365930849 -1.31085474234
6.72014923559 -2 3.3765907117 -4.37164013731 -0.917326697028 -1.30879335692
6.73227722003 -2 3.36578161422 -4.38806594738 -0.930158265737 -1.30428777702
6.74148487148 -2 3.35715829324 -4.40012944454 -0.939905239233 -1.30080285849
6.74355245008 -2 3.35496632146 -4.40254608297 -0.942094518041 -1.3000126614
6.75749776584 -2 3.34168325998 -4.42071847413 -0.956866197006 -1.29460925488
6.76158874534 -2 3.33799544714 -4.42632841088 -0.961201374021 -1.29299966303
6.77276218112 -2 3.32744161721 -4.44115369504 -0.97304570693 -1.28854662481
6.78207100077 -2 3.31807145953 -4.45290261783 -0.982917695706 -1.28477282158
6.78537798974 -2 3.31437918002 -4.45666401956 -0.986425641118 -1.28341811749
6.7884489056 -2 3.31157286617 -4.4609014305 -0.989683573284 -1.28215350378
6.7918130706 -2 3.30839579966 -4.46543096103 -0.993253052977 -1.28076080048
6.79403324329 -2 3.30618916277 -4.46829532819 -0.995608970149 -1.27983748444
6.79405025138 -2 3.30617333837 -4.46831856478 -0.995627018884 -1.27983039827
6.80072668199 -2 3.29947939196 -4.47688811995 -1.00271281649 -1.27703355782
6.8024737559 -2 3.29733481195 -4.47867184679 -1.00456729263 -1.27629667099
6.80678666615 -2 3.29340578131 -4.48470108199 -1.00914582431 -1.27446862458
6.81519637841 -2 3.28511880265 -4.49576112032 -1.0180753809 -1.2708674483
6.81799580415 -2 3.28198007087 -4.49900589042 -1.02104839148 -1.26965789359
6.8198919147 -2 3.28003882636 -4.50142575946 -1.02306222243 -1.26883556476
6.82260440643 -2 3.27728206201 -4.5049166102 -1.02594332287 -1.26765485755
6.82428607785 -2 3.27552457443 -4.50702662214 -1.02772964507 -1.2669202938
6.82844392566 -2 3.27085533046 -4.51187011648 -1.03214661445 -1.26509570343
6.82972236806 -2 3.26953386788 -4.51349731523 -1.03350483657 -1.26453227031
6.8329208137 -2 3.26687983205 -4.51834543835 -1.03690308961 -1.26311767394
6.84026913206 -2 3.25894323439 -4.52733930852 -1.04471156206 -1.25984064794
6.84275304913 -2 3.25633926217 -4.53048244653 -1.04735135487 -1.25872438425
6.84919215793 -2 3.24956717197 -4.53862757218 -1.05419527767 -1.25581049027
6.85704103209 -2 3.24124478354 -4.54852031802 -1.06253893086 -1.25221909186
6.86110755829 -2 3.23691182769 -4.55363986566 -1.06686233395 -1.25034121907
6.86489917555 -2 3.23285424472 -4.55840420938 -1.07089376339 -1.24857970642
6.86644220109 -2 3.23083415498 -4.559909969 -1.07253446107 -1.24785991433
6.86647766532 -2 3.23144394923 -4.56072092752 -1.07257217068 -1.24784335097
6.88052491402 -2 3.21596817765 -4.57796207596 -1.08751046646 -1.24121185364
6.89421771303 -2 3.20081653874 -4.59483528353 -1.10207440962 -1.23461081206
6.89424042035 -2 3.20144802054 -4.59564016804 -1.10209856318 -1.23459975231
6.89777255764 -2 3.19704165206 -4.59942679145 -1.10585571745 -1.23287482759
6.89793720091 -2 3.19686362401 -4.5996359007 -1.10603085176 -1.23279420189
6.89945613216 -2 3.19510638291 -4.60143017491 -1.1076465781 -1.23204944863
6.9000630918 -2 3.19479294728 -4.60260754895 -1.10829222107 -1.23175137651
6.90517782667 -2 3.18882575187 -4.60860536177 -1.11373301863 -1.22922887044
6.90548462668 -2 3.18848504297 -4.6089861312 -1.11405938125 -1.22907695203
6.91078028133 -2 3.18223024198 -4.61512734654 -1.11969275971 -1.22644379778
6.91402230105 -2 3.17886563423 -4.619446937 -1.12314157029 -1.22482157915
6.92174733281 -2 3.17023144339 -4.62904085103 -1.13135935603 -1.22092486346
6.9246316365 -2 3.16681938823 -4.63241141217 -1.13442761707 -1.21945859128
6.92528256328 -2 3.16673047048 -4.63397869062 -1.13512005568 -1.21912682845
6.92695298082 -2 3.16433444379 -4.63543746054 -1.13689699422 -1.21827400971
6.9281602142 -2 3.16296075937 -4.63691647057 -1.13818120442 -1.21765637101
6.93157510598 -2 3.15892254253 -4.6409254749 -1.1418137996 -1.21590336792
6.94036610217 -2 3.14900366789 -4.65184870047 -1.1511648563 -1.21135039442
6.95201177186 -2 3.13546010054 -4.66592654309 -1.16355120951 -1.20522925694
6.96163076176 -2 3.12430031608 -4.67765851498 -1.17378045745 -1.200095706
6.96957444459 -2 3.11481109602 -4.6870728447 -1.18222675927 -1.19580288386
6.97142563663 -2 3.1127701756 -4.68947467923 -1.18419487799 -1.19479551686
6.97245771607 -2 3.11154439095 -4.6907107599 -1.18529211062 -1.19423274107
6.97410626681 -2 3.10928530013 -4.69233043765 -1.18704467618 -1.19333210844
6.97802365513 -2 3.10494320236 -4.69740059896 -1.19120894793 -1.19118354152
6.97833762583 -2 3.1045686401 -4.69777600543 -1.19154268794 -1.19101082398
6.98263759154 -2 3.09943826016 -4.70292343742 -1.19611312214 -1.18863768504
6.98568928457 -2 3.0957857142 -4.70657059617 -1.19935643512 -1.18694474371
6.98884806252 -2 3.09199662748 -4.7103424718 -1.2027132495 -1.18518475069
6.99174352403 -2 3.08837564856 -4.71363103941 -1.20578995079 -1.1835646231
6.99493662133 -2 3.08515724494 -4.71818077561 -1.20918258318 -1.18177034362
7.00112551301 -2 3.0771741841 -4.72495398148 -1.21575715355 -1.17826984659
7.01178475288 -2 3.06417202483 -4.737562976 -1.22707705416 -1.17216997376
7.01285600757 -2 3.06286371637 -4.73883242254 -1.22821443332 -1.17155195183
7.01431581578 -2 3.06106748706 -4.74054767731 -1.22976426554 -1.17070829749
7.01661842449 -2 3.05816190953 -4.7431704732 -1.23220867075 -1.1693741188
7.01800082379 -2 3.05653397897 -4.74488453885 -1.23367607833 -1.16857109585
7.02054276595 -2 3.05339969417 -4.74787292918 -1.23637409022 -1.16709051889
7.0206157438 -2 3.05331061016 -4.74795985029 -1.23645154404 -1.16704793595
7.0238620703 -2 3.04929859786 -4.75177166142 -1.23989670633 -1.16514937139
7.02597598529 -2 3.04716542598 -4.75482450893 -1.24213980573 -1.16390853464
7.02766528773 -2 3.04458305291 -4.75622788023 -1.24393217419 -1.16291435703
7.02949451947 -2 3.04230868573 -4.75836698399 -1.24587283576 -1.16183523865
7.03275342221 -2 3.03825086942 -4.76217626941 -1.2493298009 -1.15990602927
7.04597514507 -2 3.02166801637 -4.77755783232 -1.26334868664 -1.15199075053
7.05104131143 -2 3.01526583172 -4.78342351584 -1.26871738556 -1.14892011668
7.05512642327 -2 3.01056593119 -4.78871199976 -1.27304518481 -1.14642879168
7.05592439848 -2 3.00907583051 -4.78906950125 -1.27389043066 -1.1459405424
7.0849261335 -2 2.97129588265 -4.82169644938 -1.30457712307 -1.12783751672
7.08838164437 -2 2.96725006495 -4.82615601503 -1.30822870678 -1.12563371351
7.09287836759 -2 2.96136993266 -4.83124183919 -1.3129789447 -1.12275078189
7.09697771011 -2 2.95575494334 -4.83558727037 -1.31730773616 -1.12010771271
7.10786721559 -2 2.94161473582 -4.84809420086 -1.32879868927 -1.1130172736
7.12498301129 -2 2.91877156375 -4.86715444143 -1.3468343621 -1.10166732639
7.12738085499 -2 2.91533077164 -4.86955286258 -1.34935842245 -1.10005704684
7.12948636992 -2 2.91271079152 -4.8721362248 -1.35157420401 -1.09863896514
7.1342361113 -2 2.90617161429 -4.87722865367 -1.35657072244 -1.09542580661
7.16310456812 -2 2.86679832413 -4.90887238896 -1.38687604287 -1.07547048869
7.16374315269 -2 2.86591485164 -4.9095623591 -1.38754510546 -1.07502072513
7.1650183229 -2 2.86414940563 -4.91093924939 -1.38888095735 -1.07412151733
7.16586290143 -2 2.86297977155 -4.91185125091 -1.389765595 -1.07352514942
7.16899227057 -2 2.85863773919 -4.91522375521 -1.39304246784 -1.07130990314
7.17895278612 -2 2.84474766225 -4.92590758063 -1.40346253218 -1.06420049502
7.18257678182 -2 2.83967887487 -4.92978882056 -1.40724986276 -1.0615916696
7.18425053022 -2 2.8373308132 -4.93157517654 -1.40899833291 -1.06038277225
7.18979974702 -2 2.82950555356 -4.9374594491 -1.4147919946 -1.0563565825
7.19841262055 -2 2.81732704653 -4.94658184804 -1.4237739843 -1.05005210822
7.19968421473 -2 2.81552097995 -4.94792205304 -1.42509898737 -1.04911558613
7.20430630742 -2 2.80893141142 -4.95277049726 -1.429912803 -1.04569896347
7.21192249722 -2 2.79804259692 -4.96074442948 -1.43783647619 -1.04002629537
7.22279502504 -2 2.78239422 -4.97204907958 -1.44912908951 -1.03183538831
7.22448686491 -2 2.77994956012 -4.9738013435 -1.45088423968 -1.03055096112
7.22808302073 -2 2.77458792361 -4.97733445736 -1.45461308045 -1.02781193814
7.24226428953 -2 2.75407144986 -4.99206171542 -1.46929183242 -1.01689276201
7.24402871374 -2 2.75149695268 -4.99387402242 -1.47111519526 -1.01552098131
7.24832257499 -2 2.7446413261 -4.99759121986 -1.47554967214 -1.0121703654
7.24980366819 -2 2.74299931631 -4.99973011503 -1.47707833231 -1.01101058299
7.25324548811 -2 2.73792375266 -5.00321355064 -1.48062881164 -1.00830740682
7.26314045773 -2 2.72326969195 -5.01318039487 -1.49082122923 -1.00047323123
7.26771712926 -2 2.71645607956 -5.01776074048 -1.49552779117 -0.996818110687
7.26900258708 -2 2.71453867416 -5.01904432933 -1.49684883793 -0.995787880763
7.27823632267 -2 2.7007201744 -5.02822902164 -1.50632646046 -0.988340823333
7.28444666613 -2 2.69125850495 -5.0342253905 -1.51268896342 -0.983285885111
7.28505956767 -2 2.68989790222 -5.03431297512 -1.51331635294 -0.982784986939
7.28698870759 -2 2.68742381517 -5.03672900027 -1.51529046742 -0.981206005578
7.28756829495 -2 2.68610969979 -5.03677984539 -1.51588338015 -0.980730913703
7.29417405379 -2 2.67665910926 -5.04390600697 -1.52263484587 -0.975293050845
7.30485268007 -2 2.66039534781 -5.05429053623 -1.53352447788 -0.966412333192
7.30500456761 -2 2.66016118409 -5.05443515969 -1.53367914307 -0.966285212561
7.30888828898 -2 2.65421540439 -5.05818505767 -1.53763171853 -0.963027074667
7.31329003495 -2 2.6474597952 -5.06242119439 -1.54210640027 -0.959316407788
7.31410329933 -2 2.64610582548 -5.0630793655 -1.54293254018 -0.958628735895
7.31437554823 -2 2.64579320211 -5.06346611384 -1.5432090572 -0.958398384557
7.31453490728 -2 2.64554585151 -5.0636163673 -1.54337090475 -0.958263516008
7.3191873953 -2 2.63827425592 -5.06794715109 -1.5480928311 -0.954314964716
7.33754145602 -2 2.60978591658 -5.08533056038 -1.56665848244 -0.938528286316
7.33805999491 -2 2.60907610983 -5.08593555266 -1.56718151328 -0.938077399772
7.34329615447 -2 2.60130421283 -5.09133402528 -1.57245832593 -0.933509286696
7.35272292251 -2 2.58607291218 -5.09960581652 -1.58193631086 -0.92521574377
7.35931612807 -2 2.57565204857 -5.10567984365 -1.5885481353 -0.919361828788
7.36612292044 -2 2.56426963638 -5.11122411584 -1.59535890686 -0.913272050296
7.37711236308 -2 2.54731665937 -5.12188340122 -1.60632119272 -0.903340652601
7.37870311364 -2 2.54466910815 -5.12319972096 -1.60790450233 -0.90189283334
7.37931818754 -2 2.54378655821 -5.1238758151 -1.60851645775 -0.901332329986
7.38275282967 -2 2.53827166141 -5.12695876529 -1.61193119614 -0.898195286186
7.38322497519 -2 2.53692539745 -5.12668696941 -1.61240027378 -0.897763103974
7.38590184951 -2 2.53320791745 -5.12977882049 -1.61505822752 -0.895308476099
7.38725499795 -2 2.53102710592 -5.13098548458 -1.61640081908 -0.894064869352
7.39223936979 -2 2.52298640648 -5.13542467143 -1.62134049918 -0.889467736402
7.39423201584 -2 2.51976246954 -5.13718966399 -1.62331270086 -0.887622732755
7.39622707893 -2 2.51653061778 -5.13895288042 -1.62528580582 -0.885771383282
7.39739083758 -2 2.51464688575 -5.139983511 -1.62643606415 -0.884689555755
7.39784018508 -2 2.51421062267 -5.14072588228 -1.62688006203 -0.884271468465
7.40039201055 -2 2.51006899267 -5.14297385722 -1.6294000544 -0.881893205336
7.40105215426 -2 2.50861316377 -5.14310083811 -1.63005155929 -0.881276863364
7.40615804978 -2 2.50041187607 -5.14770453402 -1.63508498288 -0.876494487693
7.40663441582 -2 2.49902779937 -5.14740210304 -1.63555407342 -0.876046924885
7.40912446236 -2 2.49546113898 -5.15016144666 -1.63800464991 -0.873703598562
7.41836429901 -2 2.48042935965 -5.15828456124 -1.64707663336 -0.864951752669
7.41838729768 -2 2.48039108657 -5.15830378418 -1.64709917168 -0.864929857491
7.4200550677 -2 2.47756116041 -5.15963349759 -1.64873298957 -0.863340633952
7.42213665668 -2 2.47422998036 -5.16153150832 -1.65077061991 -0.861352998943
7.43258167383 -2 2.45738566163 -5.17091320014 -1.66096815979 -0.851310838069
7.43381935783 -2 2.45484736261 -5.17138441324 -1.66217350527 -0.850113294589
7.44374342902 -2 2.43844915062 -5.17984899082 -1.6718146972 -0.840452696644
7.44942830809 -2 2.42896039087 -5.18459113411 -1.67731833173 -0.834871856648
7.46078038198 -2 2.40991934742 -5.19396235841 -1.68826553718 -0.823624935712
7.46136555271 -2 2.40893563102 -5.19444321357 -1.68882826094 -0.823041470251
7.4670899208 -2 2.3992824795 -5.19911344116 -1.69432475398 -0.817314526909
7.47595429696 -2 2.38427316945 -5.20627937504 -1.70280615516 -0.808377070451
7.47827012672 -2 2.38062467421 -5.20847522921 -1.70501581094 -0.806028283647
7.48462116993 -2 2.36980940682 -5.21354177729 -1.71106245471 -0.799557313664
7.48630607531 -2 2.36664568165 -5.21453802442 -1.71266332104 -0.797833315204
7.48736153645 -2 2.36484732379 -5.21537924032 -1.71366543122 -0.796751808991
7.4882033622 -2 2.36340467001 -5.21604041864 -1.71446431302 -0.79588835015
7.49271643516 -2 2.3555973406 -5.21949920451 -1.71874120012 -0.791246280851
7.49592648711 -2 2.35055752982 -5.22256741732 -1.72177709616 -0.787931105705
7.49787544055 -2 2.34686236873 -5.2236789589 -1.72361779189 -0.785912898447
7.51156011174 -2 2.32322568898 -5.23421995448 -1.73648779799 -0.771626175227
7.51413081018 -2 2.31877086463 -5.23618349982 -1.73889463899 -0.768919716583
7.51983271863 -2 2.30887006586 -5.24051575957 -1.74422065817 -0.762891040721
7.52698412744 -2 2.2957953591 -5.24517267542 -1.75087604495 -0.755279735069
7.53527407895 -2 2.28218830512 -5.25240382829 -1.75855616272 -0.746386796494
7.5427626754 -2 2.26866892654 -5.25748293678 -1.76546109266 -0.738288853798
7.54921874546 -2 2.25764412176 -5.26260658991 -1.77138853198 -0.731258090591
7.55322727476 -2 2.2502802692 -5.26517356992 -1.77505680961 -0.726869698933
7.55526000019 -2 2.24667606222 -5.26662883145 -1.77691343623 -0.724637592804
7.55724706789 -2 2.24315221871 -5.26805052431 -1.77872603179 -0.722451227512
7.55771277578 -2 2.24232958605 -5.26838754126 -1.77915051452 -0.721938181567
7.56035924129 -2 2.23762734419 -5.27026996801 -1.78156029118 -0.719018173511
7.56496291535 -2 2.22980156601 -5.27396246362 -1.78574236512 -0.713920263363
7.57023522877 -2 2.22004472126 -5.27724978457 -1.79051629892 -0.708053206495
7.57163524946 -2 2.21753951471 -5.27822370637 -1.79178116492 -0.706490098481
7.58713840563 -2 2.1891005957 -5.28817266013 -1.80570736026 -0.689036049232
7.59057648646 -2 2.18353131179 -5.29124847266 -1.80877544637 -0.685129253146
7.59872573618 -2 2.16880205535 -5.29672572167 -1.81601768241 -0.675816608865
7.60048763999 -2 2.16570419007 -5.29801143573 -1.8175778781 -0.673793474824
7.6506433181 -2 2.07356383499 -5.3297354488 -1.8611170651 -0.614750445592
7.65393081632 -2 2.06744950828 -5.33170992865 -1.8639094725 -0.610782285904
7.66523595056 -2 2.04637096284 -5.33841924072 -1.87345174186 -0.597044144553
7.66598876661 -2 2.04495884127 -5.33885491335 -1.87408381257 -0.596124231059
7.66600825569 -2 2.04492167716 -5.33886547249 -1.87410017016 -0.596100407695
7.6769324914 -2 2.02443560826 -5.34517813688 -1.88322419811 -0.582679714842
7.67968808274 -2 2.01951190646 -5.34705407029 -1.88551140303 -0.57927328846
7.68311680574 -2 2.01279869264 -5.34869125949 -1.88834919095 -0.575022866949
7.68712451575 -2 2.00523741105 -5.3509386305 -1.89165467097 -0.570038007346
7.69330803423 -2 1.99354447036 -5.35436571995 -1.89673016234 -0.562311536115
7.69435127354 -2 1.9915772001 -5.35494930177 -1.89758350402 -0.561003757352
7.69583099763 -2 1.98876537696 -5.35575111111 -1.8987924048 -0.559146720901
7.70913329715 -2 1.96347826231 -5.36291767253 -1.90958165462 -0.542342358636
7.71134747308 -2 1.95950657584 -5.36438592038 -1.91136367819 -0.539526024169
7.71525511542 -2 1.95180009422 -5.36614845974 -1.91449887863 -0.534542284053
7.71935065164 -2 1.9439559586 -5.36826577047 -1.91777136163 -0.529300563567
7.72245603915 -2 1.93800577734 -5.36986443828 -1.92024342562 -0.525313585399
7.72793954334 -2 1.92748831027 -5.37266653567 -1.92458895844 -0.518247023968
7.74575777774 -2 1.89311543955 -5.38146195616 -1.93853337045 -0.495052755254
7.74945363755 -2 1.88595888367 -5.38323907713 -1.94139143891 -0.490197414898
7.75101429688 -2 1.88292298055 -5.38397142897 -1.94259473519 -0.488142564772
7.75950431552 -2 1.86632461948 -5.38783973406 -1.94910307192 -0.476916593553
7.76670968153 -2 1.85237766343 -5.39126427921 -1.95457623589 -0.467326311448
7.77034797168 -2 1.84527538592 -5.39291405174 -1.95732208913 -0.462461843748
7.77384565267 -2 1.8384213035 -5.39446341431 -1.95995048244 -0.457771510392
7.79106342014 -2 1.80489782136 -5.40226427974 -1.97272469914 -0.434485018523
7.79241134089 -2 1.80217476763 -5.4027523591 -1.97371306919 -0.432648148142
7.80614540294 -2 1.77477896858 -5.4080873817 -1.98368517691 -0.413817833669
7.8096304742 -2 1.76787261727 -5.4094795779 -1.98618681256 -0.409006511639
7.81773147617 -2 1.75199737638 -5.41290205159 -1.99195611019 -0.39777108954
7.82455088958 -2 1.73815541025 -5.41518980053 -1.99676263033 -0.388257337056
7.82672378244 -2 1.7338229951 -5.41600573767 -1.9982844437 -0.385215245782
7.82947002219 -2 1.72832439832 -5.41700594824 -2.00020105579 -0.381363076252
7.83602869053 -2 1.71547805039 -5.41971517128 -2.00474768612 -0.372129887821
7.84216915454 -2 1.70286500102 -5.42153595264 -2.00896486659 -0.363442978594
7.84722613235 -2 1.6926958044 -5.42327689028 -2.01240894107 -0.356258116198
7.84960635269 -2 1.68790897913 -5.42409052617 -2.01402087381 -0.352866744455
7.85010175427 -2 1.68693737906 -5.42428865131 -2.01435563222 -0.352160117753
7.85294563413 -2 1.68117155122 -5.42520032219 -2.0162724007 -0.348098549898
7.85678810439 -2 1.67341831284 -5.42646816853 -2.01884882801 -0.342596929694
7.86160519816 -2 1.66368944393 -5.42803382688 -2.02205688579 -0.335677343389
7.8661277653 -2 1.65453096709 -5.4294614164 -2.02504650346 -0.329158090801
7.87287999784 -2 1.64073207303 -5.43142007622 -2.02946951842 -0.319383905168
7.8752682741 -2 1.63626080709 -5.43259005283 -2.03102224969 -0.315915062486
7.87660951266 -2 1.63353626914 -5.43299285703 -2.03189155792 -0.313964310402
7.87865813628 -2 1.62909874404 -5.43327922922 -2.03321559818 -0.310980998286
7.88383715056 -2 1.61854981325 -5.43478240781 -2.03654252545 -0.303419080254
7.89117608587 -2 1.60386162427 -5.43718884373 -2.04120675612 -0.292654568323
7.89263566359 -2 1.60059794257 -5.43725781883 -2.04212731908 -0.290506892725
7.89514367604 -2 1.59547170531 -5.43794281161 -2.04370362977 -0.286811243645
7.89814720777 -2 1.58961066689 -5.43908617231 -2.04558218957 -0.282376675795
7.90666364219 -2 1.57186402107 -5.44095862782 -2.05085396188 -0.269750849615
7.95701925429 -2 1.46710351404 -5.45109911422 -2.08031844065 -0.193555701228
7.9584346553 -2 1.46477770195 -5.4520865515 -2.08110327239 -0.191376446821
7.96758803915 -2 1.44566637462 -5.45361562957 -2.08611995382 -0.177234453717
7.99725858025 -2 1.38343477471 -5.45772763178 -2.10166877195 -0.130819537127
8.02973086722 -2 1.31478637243 -5.46063976081 -2.11739945999 -0.079039520345
8.07853606121 -2 1.21062518554 -5.46181642486 -2.13839915808 0.000636690510753
8.08793049032 -2 1.19049651433 -5.46164952329 -2.14206435151 0.0162188524562
8.09738736462 -2 1.17016456055 -5.46129668082 -2.14562794767 0.0319820287212
8.09782866412 -2 1.16922141291 -5.46128432923 -2.14579113361 0.0327194865319
8.11681404156 -2 1.12829253507 -5.46011566059 -2.15254665749 0.0646021894608
8.15246765073 -2 1.05107524837 -5.45629925065 -2.16380752793 0.125275131802
8.15416217476 -2 1.04740172439 -5.45607314389 -2.16429555805 0.128183815698
8.15556673876 -2 1.04434633053 -5.45587049096 -2.16469679431 0.130596456857
8.15853190818 -2 1.03779634668 -5.4553161372 -2.16553404845 0.135694751928
8.17082501287 -2 1.01116218361 -5.45350958795 -2.16886265676 0.156902664229
8.18245044333 -2 0.986038384585 -5.45168881885 -2.17179749592 0.177062238428
8.18761397834 -2 0.974687425912 -5.45059338666 -2.17303405463 0.186047856802
8.20150668825 -2 0.944685601392 -5.44809780305 -2.17615470621 0.210318125354
8.24188416616 -2 0.855853257817 -5.4373233934 -2.18348784605 0.281596584899
8.25041497794 -2 0.837143951745 -5.43480394742 -2.18470089453 0.296788816444
8.25126069437 -2 0.835282420385 -5.43454008436 -2.18481467856 0.298297321354
8.25919564998 -2 0.817950291227 -5.4321684624 -2.18582513576 0.312471574201
8.2637794069 -2 0.807802817869 -5.43059351344 -2.18636164135 0.32067633018
8.26884015193 -2 0.796686636487 -5.42891934661 -2.18691365588 0.329748851348
8.27495191447 -2 0.782713793943 -5.42619477614 -2.18752369163 0.340724742737
8.31315907874 -2 0.699228627936 -5.41235246995 -2.1899170705 0.409786322651
8.31680376948 -2 0.691268542377 -5.41090901625 -2.19001607422 0.416411945992
8.34110078331 -2 0.637728488314 -5.40013883783 -2.19009247626 0.460732156671
8.36675251179 -2 0.581436847318 -5.3879110538 -2.18906003994 0.507782484062
8.37695950615 -2 0.559315062042 -5.38304054874 -2.188327667 0.52656951813
8.3785093881 -2 0.555407914054 -5.38163577226 -2.18820034463 0.529425220609
8.37937431276 -2 0.553485831965 -5.38115550062 -2.18812744016 0.531019200711
8.43110491482 -2 0.439868700668 -5.35142993113 -2.18133447241 0.626724822544
8.43644029193 -2 0.427682918397 -5.34751431515 -2.18035924278 0.636629721283
8.43671604438 -2 0.427567456611 -5.34791888253 -2.18030743223 0.637141778721
8.45290453888 -2 0.391624296335 -5.33689888821 -2.17702275195 0.66722361297
8.45906659685 -2 0.378621866371 -5.33336786395 -2.17564650237 0.678683392346
8.4778549138 -2 0.337569454645 -5.3204531955 -2.17101944874 0.71364764384
8.49603483299 -2 0.297925573772 -5.3073462356 -2.16592162556 0.74749946502
8.51401560083 -2 0.258826960246 -5.29381907334 -2.16027594851 0.780983035484
8.51489092459 -2 0.256930216773 -5.29315050843 -2.15998573434 0.782612831199
8.53371820394 -2 0.216101943441 -5.27832613313 -2.15339689882 0.817656359689
8.55200220063 -2 0.176584310808 -5.26333171703 -2.14636237429 0.851654955126
8.56099213703 -2 0.157202733472 -5.25573978751 -2.14267318276 0.868353811709
8.60284115766 -2 0.0674699775238 -5.21852170419 -2.12349332072 0.945862253803
8.6131145729 -2 0.0456898439486 -5.20904839755 -2.11827884485 0.964816192717
8.65460503478 -2 -0.0422751409567 -5.168186044 -2.09518650237 1.04096675343
8.66600651164 -2 -0.06623353469 -5.15646746335 -2.08826998603 1.06176142305
8.66767006901 -2 -0.0697946199016 -5.15465310329 -2.08724025935 1.06479016156
8.6691467053 -2 -0.0728176678487 -5.15319993254 -2.08632185081 1.06747740657
8.67810826374 -2 -0.0915721270181 -5.14378041699 -2.08065970527 1.08376167577
8.6813297631 -2 -0.0983009356367 -5.14036010283 -2.07858719727 1.08960504069
8.68211818946 -2 -0.0999513008472 -5.13951479257 -2.07807698817 1.09103427205
8.68943660965 -2 -0.115203328722 -5.13167235542 -2.07328506195 1.10428420702
8.68990608027 -2 -0.1161444662 -5.13120869652 -2.07297421365 1.10513313748
8.73021361144 -2 -0.199490849064 -5.08627106897 -2.04473824092 1.17750958553
8.73501694918 -2 -0.209346679025 -5.08072355542 -2.04117000101 1.18606190408
8.74365335499 -2 -0.22645685159 -5.07131812628 -2.03464573864 1.20139675403
8.76012073755 -2 -0.259964584789 -5.0517897485 -2.02181998661 1.23047928576
8.79960839492 -2 -0.339931847425 -5.00243278706 -1.9890164493 1.29930094352
8.81960120897 -2 -0.379958943276 -4.97635833049 -1.97131521713 1.3336039074
8.82439102839 -2 -0.389058813496 -4.9705260678 -1.96696628421 1.34176391927
8.84134231798 -2 -0.422327605758 -4.94811117096 -1.95124175106 1.37045348083
8.86694766824 -2 -0.472027144153 -4.9133710808 -1.92651106831 1.41320359728
8.87427583753 -2 -0.486141054035 -4.90321532807 -1.91921849336 1.42530230071
8.89010998134 -2 -0.516420819809 -4.88100183453 -1.9031380806 1.45122773361
8.90568924817 -2 -0.545943619178 -4.85875896432 -1.88688882634 1.47643696668
8.93585729179 -2 -0.602355768164 -4.81457408031 -1.85423446623 1.5243655387
9.03428877761 -2 -0.778724748721 -4.66075876075 -1.73721074904 1.67168396533
9.03705752612 -2 -0.783586221227 -4.65612924441 -1.73369666672 1.67560920891
9.08119011627 -2 -0.858703656824 -4.5819997452 -1.67612996888 1.73642052305
9.08829433019 -2 -0.870206045344 -4.57020975971 -1.66659633022 1.74589223416
9.18178262748 -2 -1.0186747577 -4.40408269098 -1.53472061612 1.86177566367
9.18482554825 -2 -1.02329813359 -4.3984722039 -1.53023928608 1.8652623333
9.20904950957 -2 -1.05949273523 -4.35351844547 -1.49417148106 1.89234976902
9.21124430627 -2 -1.06274025736 -4.34939428519 -1.49086979697 1.8947447299
9.27665952329 -2 -1.15563552115 -4.22433042212 -1.39006405799 1.96148670494
9.28696951484 -2 -1.16959351194 -4.20424024228 -1.37377996264 1.97117116036
9.33144803412 -2 -1.22808857686 -4.11593296368 -1.30242881059 2.0102816637
9.3345917181 -2 -1.23235161989 -4.1093149326 -1.29732245683 2.01288041545
9.42728405269 -2 -1.34263578192 -3.91933121093 -1.14362911106 2.07953125905
9.67736282143 -2 -1.56697898991 -3.37555878422 -0.714702857413 2.16422960501
9.70157159752 -2 -1.58302470257 -3.32142634043 -0.673428292189 2.16555319338
9.7976934225 -2 -1.63730508538 -3.1054501464 -0.512345325708 2.16061956731
9.97980325532 -2 -1.701691005 -2.69739745309 -0.227143051217 2.11680259086
10.0335052493 -2 -1.71207815545 -2.57881144037 -0.149887961939 2.09860025085
10.3314664317 -2 -1.71421214887 -1.95135676511 0.207144384296 2.00352096298
10.5187298595 -2 -1.67821676094 -1.59151953663 0.370243223654 1.98065543158
10.8992980915 -2 -1.50037857306 -0.903187449388 0.644746056661 1.87571675601
