1.77034980863 -2 1.42626429348 -2.13169489518 0.749098953428 0.165064449412
1.8432278434 -2 1.50023071613 -2.13451128139 0.844854796669 0.125752332765
2.31646863451 -2 1.92626262206 -2.24032897941 1.32189479389 -0.109600421179
2.33512630927 -2 1.94044047312 -2.25139411797 1.33581026099 -0.118171744067
2.45692219066 -2 2.02896793701 -2.33178513019 1.41803447922 -0.172805877892
2.48579163325 -2 2.04900889477 -2.3524741983 1.43536905462 -0.185420553435
2.62338254656 -2 2.14024702938 -2.45591306228 1.50695362208 -0.243776022039
2.66057751736 -2 2.16382737417 -2.48453738315 1.52323728543 -0.259050067586
2.67432180343 -2 2.17243376654 -2.49513262189 1.52893037698 -0.264640158126
2.68771619993 -2 2.18076485133 -2.5054710329 1.5343114139 -0.270059917249
2.69564571163 -2 2.18567051347 -2.51159854177 1.53741954408 -0.273255390776
2.6958551585 -2 2.1858019351 -2.5117489021 1.53750086184 -0.273339663284
2.77642195416 -2 2.23462948267 -2.57375704228 1.56583422553 -0.305254597956
2.79288973227 -2 2.24438582922 -2.58636135304 1.57090945918 -0.311654789834
2.80088896053 -2 2.24909861337 -2.59246947563 1.57328803552 -0.314748596475
2.82161402402 -2 2.26122587481 -2.6082664624 1.57918816245 -0.322718392344
2.83820738572 -2 2.27085240447 -2.62086666003 1.58364036435 -0.329051608477
2.84523511219 -2 2.27490807575 -2.62618577472 1.58545350921 -0.331721094879
2.84993723142 -2 2.27761339001 -2.62974516956 1.5866426433 -0.333502945773
2.86424727594 -2 2.28581168052 -2.64054759094 1.59014347681 -0.338904710393
2.87842567569 -2 2.29388040699 -2.65121940753 1.59343744064 -0.344225641993
2.91838323924 -2 2.31633558484 -2.68109541228 1.60179220124 -0.359054326177
2.99775736577 -2 2.35970870815 -2.73951093587 1.61438451683 -0.387780704647
3.02880159727 -2 2.3762306874 -2.76199609981 1.61788517817 -0.398751691477
3.03939363638 -2 2.38181135998 -2.76961938941 1.61889888354 -0.402460903596
3.04759783229 -2 2.38611427546 -2.77550666661 1.6196212482 -0.405322031622
3.05192664923 -2 2.3883777529 -2.77860670458 1.619980354 -0.406827478952
3.06671367828 -2 2.3960736158 -2.78916444181 1.62109258746 -0.411948222347
3.08083304238 -2 2.40337008785 -2.79919857132 1.62198999186 -0.416806288592
3.10046009441 -2 2.41342876546 -2.81306943963 1.62297186435 -0.423508329104
3.1095014817 -2 2.4180295372 -2.81942878659 1.6233207679 -0.426575704636
3.11363412366 -2 2.42012569621 -2.82232838751 1.62345861105 -0.42797354497
3.14177250774 -2 2.4342831879 -2.8419634579 1.62403813085 -0.437421172426
3.18230002403 -2 2.45432594474 -2.86989245839 1.62378223331 -0.450813982887
3.30681810541 -2 2.51339205467 -2.95279442132 1.61513260898 -0.490378131588
3.3131140677 -2 2.516280956 -2.95685259149 1.61438689878 -0.492315104777
3.33652743523 -2 2.52694469017 -2.97181496922 1.61135846717 -0.499464677075
3.33763982571 -2 2.52744661911 -2.97252952842 1.61120461106 -0.499802256496
3.35191143561 -2 2.53388384242 -2.98153189034 1.60915084124 -0.504116364972
3.35515579443 -2 2.53534042094 -2.98356948213 1.60866334262 -0.505092708268
3.3694538057 -2 2.54173502132 -2.99248040808 1.60642430807 -0.509376153139
3.37171981058 -2 2.54274254893 -2.99389457681 1.60605593344 -0.510052116627
3.40553697876 -2 2.5576789445 -3.01455478932 1.60012171806 -0.520045918092
3.40645287465 -2 2.5580783819 -3.0151164421 1.59994966864 -0.520314135261
3.44119637405 -2 2.57317987763 -3.03569464867 1.59298609296 -0.53039314353
3.44469822014 -2 2.57468643904 -3.03774518559 1.59223722834 -0.531398695808
3.45981080518 -2 2.5811766861 -3.04642909643 1.58890743125 -0.535716574972
3.47079374606 -2 2.5858730047 -3.05261929293 1.58638809974 -0.538832460907
3.47430388468 -2 2.58736448198 -3.05460821394 1.58556534682 -0.539824373446
3.48896379661 -2 2.59358729604 -3.06273301461 1.58203750213 -0.543946509144
3.50917349196 -2 2.60211592347 -3.07363536445 1.57693293069 -0.549574827953
3.51126158448 -2 2.60300069265 -3.07470442785 1.57638966634 -0.550152763839
3.51791720477 -2 2.60579019555 -3.07823246538 1.57463832259 -0.551990399681
3.5188040559 -2 2.60615797521 -3.07871859516 1.57440269354 -0.552234746137
3.52359962437 -2 2.60817194013 -3.08118703132 1.57311933849 -0.553553926981
3.52574461775 -2 2.60906562537 -3.08231811818 1.57254028389 -0.554142831126
3.5278124682 -2 2.60993886887 -3.08333739384 1.57197911662 -0.554709884213
3.53076166355 -2 2.61116443982 -3.08488785006 1.57117378768 -0.555517482036
3.54714501159 -2 2.61799770216 -3.0931071569 1.56659364884 -0.559979425389
3.57774043944 -2 2.6307005193 -3.10760844545 1.55756105237 -0.568201165594
3.58974682911 -2 2.63564686319 -3.11309520103 1.5538473169 -0.571388143274
3.59149578805 -2 2.63637333648 -3.11384238059 1.55329843729 -0.57185053248
3.5949991145 -2 2.63782828636 -3.11532545313 1.55219295095 -0.572775322245
3.61776138349 -2 2.64721809542 -3.12482400621 1.54481512757 -0.578737895089
3.70990932552 -2 2.68535192562 -3.15402123053 1.51155215606 -0.60205970717
3.71842160709 -2 2.688941495 -3.1556567448 1.50820975252 -0.604148031002
3.74541780764 -2 2.70030908609 -3.16015636287 1.49731366548 -0.61069712548
3.75623792631 -2 2.70491525903 -3.16135388393 1.49282112197 -0.613290467544
3.75742376057 -2 2.70542919385 -3.16142363396 1.49232442455 -0.613573588081
3.76998693964 -2 2.71083334262 -3.16224516837 1.48700982361 -0.616559758155
3.77538044454 -2 2.71319221138 -3.16230674973 1.4846989183 -0.617834285866
3.7958269861 -2 2.72208928208 -3.16235958109 1.47577955873 -0.622625232982
3.79815603879 -2 2.72313560968 -3.16214257233 1.47474768631 -0.623166877264
3.80477539689 -2 2.72602546833 -3.16193714514 1.47179737877 -0.624701708091
3.80605799408 -2 2.72659146193 -3.16185603461 1.47122270002 -0.624998322605
3.8075555481 -2 2.72722882691 -3.16188656535 1.4705504719 -0.62534432724
3.86327547457 -2 2.75258283891 -3.15145833703 1.44460107736 -0.637972434611
3.86460737381 -2 2.75319651957 -3.1511056196 1.44395866314 -0.638268431955
3.8703872649 -2 2.75600130356 -3.14876585516 1.44115900201 -0.639549768866
3.89462669181 -2 2.76757389339 -3.13940340743 1.4292092533 -0.644867279921
3.89912847905 -2 2.76975286668 -3.13739701977 1.42695303627 -0.645844882094
3.91619468167 -2 2.77817841126 -3.12858812735 1.41829561813 -0.649522579076
3.93013256905 -2 2.78519112809 -3.12032259884 1.41110362546 -0.652492822145
3.95334292859 -2 2.79721418205 -3.10396953395 1.39888678391 -0.657372609447
3.9651561036 -2 2.80335613226 -3.09518656079 1.39255458364 -0.659824335575
3.97441749826 -2 2.8083788215 -3.0870063219 1.38753670444 -0.661731413726
3.98352280311 -2 2.81326053747 -3.0791366866 1.3825577923 -0.663593457569
3.98897609924 -2 2.81631694117 -3.07363249497 1.37955429236 -0.66470254134
3.99224726142 -2 2.81809435422 -3.07061415585 1.3777449162 -0.665365625551
4.00234540239 -2 2.82373070998 -3.06036855935 1.37212291381 -0.66740217126
4.00642707744 -2 2.82594761512 -3.05651608124 1.36983493049 -0.668220882338
4.01308960822 -2 2.82981354436 -3.04881552595 1.36608106713 -0.669551748286
4.0136194529 -2 2.83014600463 -3.04806303718 1.36578151817 -0.669657292989
4.03560800673 -2 2.84274281733 -3.02300589778 1.35321852078 -0.673999225219
4.03793743932 -2 2.84417999925 -3.01974305258 1.35187261529 -0.674454835493
4.04593874218 -2 2.8490051818 -3.00907831168 1.34722784029 -0.676013425932
4.04715688756 -2 2.84974919087 -3.00739404987 1.34651775355 -0.676249845192
4.05980842471 -2 2.85738953989 -2.9902347299 1.33909694727 -0.678691744273
4.06048175063 -2 2.85778588637 -2.98937050835 1.33869966401 -0.6788210126
4.06481103895 -2 2.86046814253 -2.98306319065 1.33613961534 -0.679650500376
4.06534562495 -2 2.86060906982 -2.98332424212 1.33582282161 -0.679752726119
4.06814035323 -2 2.86245658718 -2.97859873514 1.33416426131 -0.680286428282
4.07939760334 -2 2.86949322817 -2.96165489669 1.32744259262 -0.682424001499
4.09872665573 -2 2.88160886736 -2.93189863306 1.31574922321 -0.686048703574
4.12292046525 -2 2.89730498715 -2.89089000945 1.30084480129 -0.690504495821
4.14293868056 -2 2.91079250669 -2.8535008001 1.28829011983 -0.694123033909
4.14785201134 -2 2.9141918741 -2.8437373915 1.2851781397 -0.695001734953
4.15898725633 -2 2.92164637695 -2.82283207304 1.27808113842 -0.696979387274
4.1651354135 -2 2.92597375075 -2.81004520214 1.27413645727 -0.698063126
4.17213240669 -2 2.93082219595 -2.79583657365 1.26962460681 -0.699289398624
4.17382950899 -2 2.93210042549 -2.79181839589 1.26852666194 -0.69958569032
4.1810533603 -2 2.93704386221 -2.7773864923 1.26383746538 -0.700841911327
4.18735627123 -2 2.94150299627 -2.7639262272 1.25972535861 -0.701931408772
4.18993663854 -2 2.94330747353 -2.75851242215 1.25803633879 -0.702375674186
4.20217433625 -2 2.95192643884 -2.73235553779 1.24998222109 -0.704468675381
4.2032098471 -2 2.95278083202 -2.72944609627 1.24929740514 -0.704644718141
4.21428494153 -2 2.96091242013 -2.70373106988 1.24194100215 -0.70651720713
4.22527235766 -2 2.96877272814 -2.67915596806 1.23458510151 -0.708356183781
4.23713353144 -2 2.97752715512 -2.65093339289 1.2265801267 -0.710320508901
4.2371439948 -2 2.97752945435 -2.6509380951 1.22657303584 -0.710322232159
4.25376030421 -2 2.98968536804 -2.61160917349 1.21524775442 -0.713037546702
4.26152573381 -2 2.99534542697 -2.59318988863 1.20991092313 -0.714291919249
4.26941768024 -2 3.00138317964 -2.5728069477 1.20445855298 -0.715557202122
4.26984015933 -2 3.00147251536 -2.5729937033 1.20416586156 -0.715624665627
4.27577006229 -2 3.0060974623 -2.55712434582 1.20004899364 -0.71656867716
4.27627394858 -2 3.00620319055 -2.5573463584 1.19969842351 -0.716648643459
4.29215628116 -2 3.01835461394 -2.51583984159 1.18858909515 -0.719149091463
4.29252480971 -2 3.01843040705 -2.51600085491 1.18832995411 -0.719206649346
4.29982907088 -2 3.02404121237 -2.49664771256 1.18318106249 -0.720343129882
4.31522130383 -2 3.03541954491 -2.45801992838 1.17225205922 -0.722711096788
4.31926538597 -2 3.03829978262 -2.44840554323 1.1693630028 -0.7233271854
4.32287187686 -2 3.04109089169 -2.43859051277 1.16678040233 -0.723874482777
4.32542900103 -2 3.0429806079 -2.43210741186 1.16494574273 -0.72426132006
4.32845814788 -2 3.04530809369 -2.42392678931 1.16276866182 -0.72471825955
4.33143200954 -2 3.04762278498 -2.41571843168 1.16062735631 -0.725165483109
4.37044857715 -2 3.07611918055 -2.31694793944 1.13217403092 -0.73090667626
4.372560093 -2 3.07753821725 -2.31220652027 1.1306152954 -0.731210685629
4.37883228432 -2 3.08211050545 -2.2961241921 1.12597380457 -0.732109681941
4.38290225652 -2 3.08523747672 -2.28477789345 1.1229529471 -0.732689788014
4.38487781601 -2 3.08661589693 -2.28002413357 1.12148407062 -0.732970450027
4.39130363436 -2 3.09116272414 -2.26417135094 1.11669479725 -0.733879185436
4.39237409018 -2 3.09202980498 -2.26092357922 1.11589525918 -0.734029950024
4.39338380915 -2 3.09254831561 -2.25949777184 1.11514063985 -0.734171998416
4.39368663008 -2 3.09293930747 -2.25778029069 1.11491424043 -0.73421456896
4.41314584327 -2 3.10670644368 -2.20930031013 1.1002845485 -0.736920496873
4.41324078412 -2 3.1067230436 -2.20933919476 1.10021277995 -0.73693355588
4.4282846582 -2 3.11680654504 -2.17450170509 1.08879311866 -0.738985265923
4.43976336983 -2 3.12480040753 -2.14603035015 1.08001654995 -0.740527281871
4.43986026508 -2 3.12481669142 -2.14606945171 1.07994223294 -0.740540212019
4.44252800522 -2 3.12652031631 -2.14026591869 1.07789460519 -0.740895638968
4.44568288891 -2 3.12860854845 -2.13298514326 1.07546929825 -0.741314552571
4.45029994101 -2 3.1315439677 -2.1229614664 1.07191260474 -0.741924850265
4.45922187577 -2 3.13728527337 -2.10311631994 1.06501505106 -0.743094869515
4.46311322129 -2 3.13972389946 -2.0947788402 1.06199651896 -0.74360133515
4.47058007352 -2 3.14448828403 -2.07824596793 1.05618730374 -0.744566621068
4.47102261252 -2 3.14485276365 -2.07681364003 1.0558423024 -0.74462356096
4.47384897271 -2 3.14647369085 -2.07152931152 1.05363702698 -0.744986506222
4.47977230289 -2 3.15030131643 -2.05805478458 1.04900493158 -0.745743151344
4.4856566048 -2 3.15378015773 -2.04638453512 1.04438946244 -0.746489454519
4.50267712967 -2 3.16379565737 -2.01256989799 1.03096165385 -0.74861810412
4.51181607505 -2 3.16883570007 -1.99606859058 1.02370465984 -0.749742623406
4.53109916846 -2 3.17933108796 -1.96156778949 1.00828566237 -0.752073096435
4.5442577832 -2 3.18602321491 -1.94025123736 0.997681534054 -0.753630480288
4.54982864272 -2 3.18855448967 -1.9327952924 0.993172212487 -0.754281773714
4.55031186996 -2 3.18883716823 -1.93180057478 0.992780508872 -0.75433804264
4.55052813137 -2 3.18886741236 -1.93188243419 0.992605178833 -0.754363213327
4.55464841477 -2 3.19092552147 -1.9253125953 0.989261345477 -0.754841396016
4.57315669334 -2 3.19919195846 -1.9008198714 0.974161923164 -0.756957100353
4.58658367556 -2 3.20470073192 -1.88537683975 0.963127833197 -0.758458897804
4.59923532825 -2 3.20953974351 -1.87248358904 0.952669976823 -0.759848538929
4.61015499787 -2 3.21350266838 -1.86231645253 0.943596709173 -0.761028097895
4.61365989188 -2 3.21460511772 -1.8599404604 0.940675276585 -0.76140280414
4.62550909515 -2 3.21838144269 -1.85149071519 0.930765811667 -0.762655569726
4.63565791097 -2 3.22129532996 -1.84582762005 0.92223839573 -0.763711349018
4.63651373874 -2 3.22149475072 -1.84559597088 0.921517620799 -0.76379965453
4.64800255727 -2 3.22444250431 -1.84088888946 0.911816690488 -0.764974153043
4.65587868465 -2 3.22631083306 -1.83837329222 0.905139410173 -0.765767568724
4.66001595995 -2 3.22716920145 -1.83768538226 0.901623192208 -0.766180512699
4.66478438705 -2 3.22817002722 -1.8367950385 0.897563176798 -0.766653178419
4.66634788083 -2 3.22845060433 -1.83675561881 0.896230242589 -0.766807394999
4.66753301762 -2 3.22868507517 -1.83660376125 0.895219307183 -0.76692404087
4.677983901 -2 3.2305466597 -1.83629430725 0.886283603827 -0.767943283146
4.68246782805 -2 3.23124211447 -1.83667262927 0.882438260344 -0.768375423912
4.6852649798 -2 3.23164041392 -1.83708671437 0.880035987748 -0.76864343072
4.68882723661 -2 3.2321384719 -1.83764599993 0.876972761864 -0.768982998961
4.69224972678 -2 3.23257110114 -1.83841522848 0.874025661413 -0.769307401141
4.69572376417 -2 3.23298882817 -1.83929389121 0.871030115142 -0.769634842159
4.69796585585 -2 3.2332349106 -1.83997932416 0.869094669042 -0.769845179638
4.69921024024 -2 3.23336782665 -1.84037628149 0.868019744566 -0.76996158467
4.70439852351 -2 3.23387095672 -1.84228378374 0.863532386312 -0.770444345862
4.70995898484 -2 3.23432440665 -1.84474932025 0.858713111117 -0.770957129837
4.71508019002 -2 3.23467144878 -1.84736224476 0.854265412526 -0.771425188455
4.71737673187 -2 3.23479320602 -1.84870562988 0.852268064339 -0.771633770305
4.72463768065 -2 3.23513053177 -1.85315752952 0.845941584081 -0.77228789096
4.74061891974 -2 3.23529725362 -1.8658074556 0.831956060005 -0.773698964839
4.74506638394 -2 3.23523210787 -1.8698649431 0.828049179866 -0.774084652098
4.74758805855 -2 3.23516967025 -1.87229088868 0.825831166725 -0.774301978665
4.75138104467 -2 3.23504512916 -1.87608815721 0.82249106888 -0.774627024698
4.75487239004 -2 3.23494126671 -1.87950380823 0.819412503172 -0.774924260471
4.75757192264 -2 3.23483066292 -1.88229716054 0.817029453512 -0.775152796807
4.76894829399 -2 3.2340580356 -1.89561751712 0.8069612496 -0.776103549391
4.7693947062 -2 3.23398964154 -1.89634443692 0.806565331673 -0.776140450315
4.77161136514 -2 3.2337422313 -1.89944426887 0.804598468022 -0.776323226683
4.77550989365 -2 3.23338825952 -1.90443229413 0.801135500243 -0.776642844989
4.77799374177 -2 3.23312223914 -1.9078191862 0.79892666188 -0.776845259483
4.79922951419 -2 3.23037030594 -1.9389821577 0.77996343658 -0.778536978628
4.80797928494 -2 3.22885689133 -1.95368773022 0.772109458872 -0.779213790309
4.81067081713 -2 3.22840383036 -1.95811799246 0.769688770294 -0.779419611434
4.8181252001 -2 3.22690748854 -1.97164933894 0.762973001091 -0.779983816383
4.82204901781 -2 3.22612249606 -1.97872120813 0.759431210783 -0.780277359086
4.83072181197 -2 3.22412720405 -1.99568851232 0.75158636822 -0.780917752619
4.83370479952 -2 3.22336369208 -2.00191911794 0.748882945999 -0.781135334
4.83574352625 -2 3.22291161539 -2.0057871882 0.747033762141 -0.781283250993
4.84278164209 -2 3.2211557026 -2.02015795016 0.740640500618 -0.781788966646
4.85445356758 -2 3.2180638672 -2.04479793994 0.73000577771 -0.782610803271
4.85708097103 -2 3.21711790417 -2.0516829266 0.727606349351 -0.782792905983
4.86353319223 -2 3.21523803064 -2.06611631585 0.721705451735 -0.78323558652
4.86399945677 -2 3.21526597936 -2.06625975236 0.721278560252 -0.783267327776
4.86604574394 -2 3.21445896937 -2.07197602578 0.719404325441 -0.783406233706
4.86980348937 -2 3.2132655793 -2.08087524164 0.715959384725 -0.783659635298
4.87054211528 -2 3.21307043153 -2.08240588422 0.71528176575 -0.783709188108
4.87110458255 -2 3.21286422698 -2.08388629735 0.714765650361 -0.783746866397
4.88489032755 -2 3.20846716481 -2.11641267508 0.702087670705 -0.784655089974
4.88529190834 -2 3.20823542856 -2.11792314304 0.701717548405 -0.784681107426
4.89694446069 -2 3.20417905096 -2.14702861896 0.690958000365 -0.785425219447
4.89777243435 -2 3.20368992555 -2.15018846929 0.690192027699 -0.785477295766
4.90475650132 -2 3.20107496325 -2.16852426538 0.683723334232 -0.785912360132
4.90477406205 -2 3.20107583227 -2.16852950468 0.683707052248 -0.785913444578
4.90524153632 -2 3.20082570663 -2.17016518599 0.683273587234 -0.78594229553
4.9169373401 -2 3.19637090306 -2.20109902537 0.672409002989 -0.786653154098
4.91827398211 -2 3.19586449413 -2.20460532736 0.671164959546 -0.78673305082
4.92911099962 -2 3.19143470233 -2.23470043564 0.66106070013 -0.787370654229
4.93968670624 -2 3.18682144847 -2.26547571147 0.651169435596 -0.787975424832
4.94744983799 -2 3.18347943513 -2.28770796836 0.643889652833 -0.788408382963
4.95008773073 -2 3.18235003087 -2.29520620138 0.641412353714 -0.788553385828
4.95214355654 -2 3.1811904271 -2.3025721462 0.639480408641 -0.788665649017
4.96015642328 -2 3.17773215005 -2.32540393805 0.631939757044 -0.789096990484
4.96029415244 -2 3.17773701784 -2.32544330188 0.631809997234 -0.789104318053
4.96173281846 -2 3.1768413897 -2.33103562673 0.630454279421 -0.789180684182
4.96855477097 -2 3.17357626236 -2.35213141083 0.624018308854 -0.789538457111
4.97971755713 -2 3.16844387605 -2.38533571536 0.613461120283 -0.790108404813
4.98076777131 -2 3.16782398064 -2.38919962476 0.612466233259 -0.790161037642
4.98493316109 -2 3.16598498983 -2.40111385224 0.608517508495 -0.790368116607
4.98934034515 -2 3.16380814934 -2.41495454794 0.604334757801 -0.790584303479
4.99052439823 -2 3.16318071401 -2.41890093693 0.603210162431 -0.790641874787
4.99075935027 -2 3.16285663433 -2.42077665428 0.602986966416 -0.790653272977
5.01450120593 -2 3.15104046866 -2.49522997675 0.580361713306 -0.791761171439
5.01485128822 -2 3.15070892133 -2.49718243895 0.580027048556 -0.791776857578
5.02677933849 -2 3.14481476413 -2.53400430377 0.568606376358 -0.792300026953
5.03155104457 -2 3.14215930868 -2.55029931969 0.564027951309 -0.792503172641
5.03494625858 -2 3.14049947182 -2.56061390811 0.560766917213 -0.792645579268
5.03611341519 -2 3.1398308871 -2.56469198953 0.559645246924 -0.79269412319
5.04668766614 -2 3.13412752077 -2.59960000618 0.549468261076 -0.793124351516
5.04862711014 -2 3.13311669856 -2.60578986634 0.547598796541 -0.79320138948
5.05021291877 -2 3.13244561685 -2.60999539908 0.546069546959 -0.793263949467
5.05314378588 -2 3.13075225055 -2.62023838567 0.543241651567 -0.793378551313
5.05685556249 -2 3.12871791685 -2.63258697446 0.539657387213 -0.793521787195
5.06314030354 -2 3.12531802175 -2.65320017222 0.533581209367 -0.793759469178
5.06387632979 -2 3.12497833664 -2.6552897743 0.532869007623 -0.793786906497
5.06681068638 -2 3.12327171244 -2.66554144831 0.530028386056 -0.793895462049
5.06693710801 -2 3.12327274229 -2.66557453005 0.529905958084 -0.793900109144
5.07008545199 -2 3.12156540736 -2.67587998527 0.526855881099 -0.794015043326
5.07234399995 -2 3.12054241493 -2.68215784104 0.524666422228 -0.794096552949
5.0791647878 -2 3.11677495828 -2.70477960798 0.518047192148 -0.794337936711
5.09235591967 -2 3.10956507747 -2.7478975764 0.505215922573 -0.794784411889
5.0965241057 -2 3.10715871375 -2.76216525469 0.501153323952 -0.794919912564
5.10047422034 -2 3.10509604348 -2.77446777947 0.497299705161 -0.795045851824
5.1045882881 -2 3.10303289902 -2.78678778546 0.493282467136 -0.795174460574
5.11729713512 -2 3.09616151514 -2.82739984091 0.480849292967 -0.795555265577
5.11843278395 -2 3.09547586956 -2.83140836496 0.479736567342 -0.795588081783
5.12397572236 -2 3.09239146034 -2.84950792009 0.474301520534 -0.795745398997
5.12577761878 -2 3.09136488262 -2.85551185239 0.472533275226 -0.795795519302
5.12984090492 -2 3.08931038337 -2.86760522772 0.468543324475 -0.795906703551
5.131774238 -2 3.08828484546 -2.87361274532 0.466643649559 -0.795958711813
5.13299705908 -2 3.08760214252 -2.87759582839 0.465441707203 -0.795991309174
5.13426367858 -2 3.08691943138 -2.88158515683 0.464196380056 -0.796024830999
5.13496165677 -2 3.08657761916 -2.88359401089 0.463509990023 -0.796043197684
5.13938296258 -2 3.08419189249 -2.89750829734 0.459159700324 -0.796157795524
5.14098681734 -2 3.08317414106 -2.9033820372 0.457580590452 -0.796198621565
5.14378131188 -2 3.08181163581 -2.9113567428 0.454827922567 -0.796268807698
5.1444603585 -2 3.0814714694 -2.9133423896 0.454158793017 -0.796285680696
5.14450500768 -2 3.08147094945 -2.91335328934 0.45411479254 -0.796286787651
5.1534091117 -2 3.07672841303 -2.94086505299 0.445331775842 -0.796501397714
5.15480188973 -2 3.075722924 -2.94660064126 0.443956455232 -0.79653386134
5.16833534265 -2 3.0686693317 -2.98729228279 0.430571975539 -0.796833733041
5.17524459928 -2 3.06500691093 -3.00828794964 0.423724477733 -0.796975937912
5.1763087064 -2 3.06434720795 -3.01203841759 0.422669032148 -0.796997185032
5.1783961222 -2 3.06334935766 -3.01776786147 0.420597951407 -0.797038357476
5.18246647552 -2 3.0613605388 -3.02915545811 0.416556960237 -0.797116709301
5.1831250394 -2 3.06103013389 -3.03104261322 0.415902838595 -0.79712914616
5.19276904243 -2 3.05579211688 -3.06078556477 0.406314116447 -0.797303611441
5.19422369733 -2 3.05513533356 -3.06452881927 0.404866221234 -0.797328682273
5.19447947222 -2 3.05512910223 -3.0645883732 0.404611592368 -0.7973330568
5.19566939646 -2 3.05447952623 -3.06826242418 0.403426832688 -0.797353275492
5.20295124722 -2 3.05059837586 -3.09018136773 0.396170622871 -0.79747224966
5.21250120912 -2 3.04578368605 -3.11728929537 0.386638887117 -0.797615888828
5.21370786216 -2 3.045147856 -3.12085441175 0.385433304604 -0.797633037219
5.22111848428 -2 3.04164566344 -3.1404922201 0.3780232494 -0.797733430317
5.221347958 -2 3.04134266481 -3.14216427398 0.37779362905 -0.797736403878
5.22203716399 -2 3.0410255993 -3.14393850058 0.377103923603 -0.79774528592
5.22223581514 -2 3.04101935209 -3.14398350524 0.376905112052 -0.79774783241
5.23171445184 -2 3.03632198513 -3.17014734641 0.367410318678 -0.79786226646
5.23335046805 -2 3.03539882238 -3.17526396933 0.365769838012 -0.79788061595
5.23374879973 -2 3.03538513624 -3.17535318331 0.365370345107 -0.797885021149
5.23916205939 -2 3.03261366534 -3.1906983785 0.35993843391 -0.797942461678
5.24279160844 -2 3.03077852095 -3.2008340558 0.356293399058 -0.797978444767
5.24951252306 -2 3.02771815089 -3.2176962071 0.349537545351 -0.798039712379
5.25669570544 -2 3.02439293524 -3.23593474553 0.342308111797 -0.798097494135
5.26116374672 -2 3.02202844765 -3.24885891607 0.337806703886 -0.798129421805
5.26763867453 -2 3.01906435391 -3.26499832452 0.331277226069 -0.798170227725
5.27601439852 -2 3.01525897583 -3.28561668333 0.32282017601 -0.798213423328
5.28154596933 -2 3.01266801691 -3.29959714118 0.317228314128 -0.798236020131
5.28305684807 -2 3.01208262024 -3.30273741661 0.315700065269 -0.798241371854
5.28963891259 -2 3.00896743469 -3.31946828121 0.309037846072 -0.798260579659
5.29312646413 -2 3.00754036941 -3.32708064099 0.305504888229 -0.798268049614
5.30840235321 -2 3.00087602123 -3.3624562119 0.290006501106 -0.798278671409
5.31069481227 -2 2.99979753312 -3.3681615038 0.287677374425 -0.798277160463
5.31973380583 -2 2.99601023171 -3.38802702796 0.278485599349 -0.798263306506
5.32256584987 -2 2.99492585072 -3.39366405685 0.275603016778 -0.798256373999
5.32459495385 -2 2.99389275351 -3.39909762728 0.273536926147 -0.798250646549
5.3331572863 -2 2.99045934722 -3.41688146137 0.26481143564 -0.798219486576
5.33750372734 -2 2.98864967996 -3.42622917579 0.260377829599 -0.798199343477
5.3521825649 -2 2.9827955742 -3.45616157592 0.245383374533 -0.798109785896
5.35246232443 -2 2.98256826845 -3.45736242369 0.245097285286 -0.798107756419
5.35663043366 -2 2.98105032285 -3.46500573927 0.240833494294 -0.798076090167
5.35901573627 -2 2.98007077378 -3.46997425143 0.238392280321 -0.798056763246
5.36370645105 -2 2.97833503548 -3.4786744556 0.233589180609 -0.798016197824
5.36398738435 -2 2.97811469536 -3.47983172101 0.233301414458 -0.798013660627
5.36675115891 -2 2.97712577282 -3.48475495222 0.23046980826 -0.797988051371
5.36678809818 -2 2.97712324869 -3.48476211213 0.230431954887 -0.797987701114
5.36952687377 -2 2.97594360104 -3.49072183196 0.227624856195 -0.797961146065
5.37666771598 -2 2.97330092533 -3.50383210768 0.220300812905 -0.797886469836
5.38044655667 -2 2.97188436947 -3.51083545709 0.216422091208 -0.797843770935
5.38243356616 -2 2.97117348222 -3.51432265704 0.214381754409 -0.797820435521
5.38819942533 -2 2.96907235815 -3.52461513133 0.208458025848 -0.797749275063
5.40022656061 -2 2.96473334411 -3.54567112693 0.196086828183 -0.797584341709
5.40410731546 -2 2.96338073052 -3.55215531119 0.192090862348 -0.797526363815
5.40844463083 -2 2.96183192357 -3.55957637667 0.187622395063 -0.797458816986
5.40915364263 -2 2.96160486997 -3.56064350792 0.186891706095 -0.797447499411
5.41087879897 -2 2.96095743906 -3.56375667932 0.18511352721 -0.79741963792
5.4121820182 -2 2.96051524089 -3.56584848717 0.183769993054 -0.797398286502
5.4169308905 -2 2.95896195809 -3.57312963902 0.178872328106 -0.797318267147
5.42179072656 -2 2.95725121004 -3.58120657863 0.173857181329 -0.797232777963
5.43804356916 -2 2.95178945552 -3.60651880402 0.157063007263 -0.796920420508
5.44859387387 -2 2.94847985961 -3.62142903981 0.146143667682 -0.796695857115
5.45552155671 -2 2.94627558618 -3.63129156604 0.138966308171 -0.79653906651
5.45578658567 -2 2.94611012414 -3.63211162367 0.138691613262 -0.796532921285
5.46151256188 -2 2.94432976244 -3.63997457837 0.132754769703 -0.796397508424
5.46316440684 -2 2.94390193157 -3.64176331763 0.131041375165 -0.796357504605
5.46539495907 -2 2.94314917082 -3.64513025244 0.128727203868 -0.796302818219
5.46714480198 -2 2.94258048202 -3.64764630652 0.126911357495 -0.7962593804
5.46861750846 -2 2.94217393126 -3.64936535903 0.125382826134 -0.79622245629
5.48068513666 -2 2.93854550074 -3.66494584554 0.112848413873 -0.795907296082
5.4834903899 -2 2.93764269024 -3.66885881072 0.109932298161 -0.795830817057
5.48577251104 -2 2.93704528994 -3.67128214857 0.107559343199 -0.795767705002
5.5097455077 -2 2.93015613191 -3.69958828997 0.0825980570683 -0.795056207368
5.51122881666 -2 2.92977984908 -3.70103538769 0.0810516026045 -0.79500927299
5.51235383903 -2 2.92944213779 -3.70241706205 0.0798785358711 -0.79497344917
5.51499850523 -2 2.92872786115 -3.70522104903 0.0771204167718 -0.794888467091
5.51592509346 -2 2.9284141472 -3.70654828047 0.0761539099366 -0.794858437562
5.52390593602 -2 2.92629291805 -3.71474153348 0.0678256487773 -0.794594308178
5.52437798413 -2 2.92613846696 -3.71538163419 0.0673328517471 -0.794578377924
5.53130319924 -2 2.92426601981 -3.72257620752 0.0601007093395 -0.794340722624
5.53465709884 -2 2.92340053893 -3.72580614912 0.0565964799604 -0.794222967699
5.53515132274 -2 2.92324768048 -3.72641923437 0.056080011838 -0.794205468948
5.53644199522 -2 2.92290898708 -3.72768715034 0.0547311375032 -0.794159593118
5.55067344148 -2 2.91914124822 -3.74167011962 0.0398474826564 -0.793636718349
5.55801038816 -2 2.91731427645 -3.74811826755 0.0321669788064 -0.793354953093
5.55869086653 -2 2.91714765747 -3.7486964062 0.0314543902587 -0.793328399661
5.55907731481 -2 2.91701572849 -3.74922868576 0.0310496879316 -0.793313288
5.56058535192 -2 2.91666611146 -3.7503987803 0.0294702905666 -0.793254097509
5.5630392638 -2 2.91603513013 -3.75263483352 0.0268998278244 -0.793157031876
5.57084279918 -2 2.9140253814 -3.75969816742 0.0187221457333 -0.792842188385
5.58456925859 -2 2.91070427247 -3.77071067067 0.00432493952141 -0.792265593193
5.5869028869 -2 2.91011437869 -3.77269089358 0.00187572026426 -0.792164677163
5.58745191302 -2 2.90997161733 -3.77317727876 0.00129943486985 -0.792140812921
5.59524373201 -2 2.9081201492 -3.779071173 -0.00688186574347 -0.791797119426
5.5953921865 -2 2.9081013526 -3.77909227177 -0.00703778784295 -0.79179048029
5.61790465471 -2 2.90277846477 -3.79541734176 -0.0307022682933 -0.790744354622
5.62299113254 -2 2.90160781083 -3.79881669023 -0.0360542340323 -0.790497169818
5.62593916202 -2 2.90091110205 -3.80086744235 -0.0391569783935 -0.790352079966
5.63781321369 -2 2.89825628328 -3.80815567858 -0.0516602851389 -0.789754119582
5.63921356924 -2 2.89795215245 -3.80895104654 -0.0531354806635 -0.789682166559
5.64041951794 -2 2.89767520644 -3.80971578817 -0.054405983782 -0.789619960228
5.64079159541 -2 2.89756882333 -3.81006590643 -0.0547979979339 -0.789600722127
5.6444712501 -2 2.89673297021 -3.81233225257 -0.058675304729 -0.789409317806
5.65660163602 -2 2.89404274367 -3.8192905637 -0.0714634077349 -0.788763547058
5.6585915176 -2 2.89361030942 -3.82036062353 -0.0735620568005 -0.788655447947
5.68514721559 -2 2.88781756846 -3.83414500267 -0.10159142128 -0.787154384221
5.68977343115 -2 2.88683412604 -3.83628857645 -0.106478342091 -0.786881765633
5.69025282913 -2 2.88672122305 -3.83656891679 -0.10698481984 -0.786853326457
5.69226676606 -2 2.88629604626 -3.83747352908 -0.109112647302 -0.786733467181
5.69454585956 -2 2.88579151241 -3.83861732452 -0.111520875824 -0.786597072822
5.69813546706 -2 2.88501086392 -3.84032506162 -0.11531440234 -0.786380625495
5.70349851826 -2 2.883884689 -3.84261766982 -0.120983299273 -0.786053540885
5.7048084858 -2 2.88360828873 -3.84317781073 -0.122368182694 -0.78597297397
5.70493299322 -2 2.8835890457 -3.84319242041 -0.122499814826 -0.785965302623
5.71124916662 -2 2.88224575768 -3.8459108405 -0.129178371851 -0.785573004344
5.71640802895 -2 2.88115766953 -3.84803346847 -0.134634570624 -0.785248022926
5.73036931409 -2 2.87821302037 -3.85356121666 -0.149406301294 -0.784347954961
5.73224415705 -2 2.87781736918 -3.85428063531 -0.151390590047 -0.784224797032
5.73894777195 -2 2.87639684365 -3.85683834033 -0.15848665846 -0.783780004909
5.74380179099 -2 2.87536964643 -3.85863721399 -0.163625908899 -0.783453610386
5.7591751332 -2 2.87216159922 -3.86383452276 -0.179908090796 -0.782395900725
5.75975597958 -2 2.87203813102 -3.86403574551 -0.180523429448 -0.782355223165
5.76252662795 -2 2.87146883678 -3.86488043493 -0.183458752402 -0.782160474539
5.76616708474 -2 2.87070229385 -3.86607281831 -0.187315939882 -0.781902787814
5.76630575538 -2 2.87067869167 -3.86608716518 -0.18746287402 -0.781892931725
5.7723708296 -2 2.86940239321 -3.86802031685 -0.193889919638 -0.781458952611
5.77505862138 -2 2.86884704949 -3.86880174116 -0.196738455295 -0.781264817169
5.77580621564 -2 2.86869512372 -3.86900309699 -0.197530794762 -0.78121062148
5.77586990707 -2 2.86868412736 -3.86900954776 -0.197598298959 -0.781206000285
5.78503761662 -2 2.86675861592 -3.87174606446 -0.207315921931 -0.780534303374
5.79581659012 -2 2.86450755231 -3.87471864044 -0.218744058739 -0.77972797712
5.80014683077 -2 2.86359907734 -3.87588247968 -0.223335803065 -0.779399007356
5.80379918721 -2 2.86284937122 -3.87674983774 -0.227209018108 -0.77911928895
5.80471649258 -2 2.8626470442 -3.87704113462 -0.228181833333 -0.779048713279
5.80541762971 -2 2.86250224212 -3.87720895062 -0.228925409719 -0.778994681684
5.80871247881 -2 2.86181579944 -3.8780196053 -0.232419813342 -0.778739756321
5.81174867522 -2 2.86117571507 -3.87879225462 -0.235640067541 -0.778503361203
5.81328369156 -2 2.86086121084 -3.87912733369 -0.237268197309 -0.778383305451
5.81733189065 -2 2.86000115271 -3.88016044597 -0.24156213893 -0.778064947701
5.82169896006 -2 2.85908202725 -3.88119759513 -0.246194583597 -0.777718680169
5.82659473868 -2 2.85806372277 -3.88225727041 -0.251388177332 -0.777326994807
5.82768100582 -2 2.85783043725 -3.88252734352 -0.25254056461 -0.777239587347
5.82924281965 -2 2.85749309056 -3.88292288062 -0.254197469565 -0.777113595745
5.83137354982 -2 2.85704954268 -3.8833647579 -0.25645797486 -0.776941103067
5.83323620858 -2 2.8566557053 -3.88377837319 -0.258434122525 -0.776789738579
5.83401558369 -2 2.85649466185 -3.88392925272 -0.259260994632 -0.776726245786
5.83555145904 -2 2.85617662125 -3.88422742393 -0.260890488036 -0.776600849584
5.83600793446 -2 2.85607604752 -3.88434843174 -0.261374792057 -0.776563510635
5.8381222262 -2 2.85561956272 -3.88485330023 -0.263618005485 -0.776390145964
5.84026813151 -2 2.8551712988 -3.88527590483 -0.265894801591 -0.776213484288
5.8459318366 -2 2.85397067346 -3.88645133529 -0.271904147215 -0.775743809705
5.85679000014 -2 2.85166399327 -3.88858610377 -0.283425521972 -0.774829543202
5.85932618451 -2 2.85112312617 -3.88906859433 -0.286116691544 -0.774613375391
5.8634048844 -2 2.85025705859 -3.8898020748 -0.290444677128 -0.774263653592
5.86741546565 -2 2.84939062504 -3.89057819424 -0.294700409899 -0.773917271353
5.86780474176 -2 2.84931430524 -3.89060954226 -0.295113481817 -0.773883518663
5.86874972703 -2 2.84910585405 -3.89081156183 -0.296116232767 -0.773801485283
5.8696174669 -2 2.84892395494 -3.89094369876 -0.297037016623 -0.773726036243
5.87470351668 -2 2.84783151285 -3.89183755183 -0.30243396496 -0.773281475206
5.88157505016 -2 2.84634861855 -3.89301655988 -0.30972547252 -0.772674514102
5.88374974565 -2 2.84587285206 -3.89340911416 -0.312033051568 -0.772480907037
5.88977452304 -2 2.84457282184 -3.89435781235 -0.31842586016 -0.771940729449
5.89334095195 -2 2.84379443234 -3.89493996707 -0.322210053816 -0.771618328638
5.89751291292 -2 2.84289123132 -3.89555452787 -0.326636642001 -0.771238699519
5.90191260696 -2 2.84192979455 -3.89622095518 -0.331304710781 -0.770835440293
5.90589602586 -2 2.84105133181 -3.89684099884 -0.335530957821 -0.770467760801
5.90749169587 -2 2.84070566398 -3.89704806284 -0.337223854007 -0.770319790154
5.90770783533 -2 2.84066108355 -3.89706351766 -0.337453161013 -0.770299716787
5.90992850239 -2 2.84016904321 -3.89740415888 -0.339809084292 -0.770093061159
5.91941992738 -2 2.83807525256 -3.89871922918 -0.349877928952 -0.769201217443
5.92408278405 -2 2.83704424407 -3.8993248282 -0.354823997338 -0.768757992759
5.92878886727 -2 2.83599335614 -3.89995678943 -0.359815572225 -0.768307260015
5.93030288629 -2 2.83565857633 -3.9001343511 -0.361421359562 -0.768161526362
5.93227448482 -2 2.83521923732 -3.90037850609 -0.363512401262 -0.767971218048
5.93287030721 -2 2.8350856991 -3.90045525919 -0.364144306018 -0.767913588428
5.93556018685 -2 2.8344855908 -3.90077948742 -0.366997000561 -0.767652734319
5.93603365873 -2 2.83437785599 -3.90084686398 -0.367499117022 -0.767606703381
5.93850988888 -2 2.83382204118 -3.90115151998 -0.370125086201 -0.76736540116
5.94165492694 -2 2.83311515484 -3.90152932359 -0.373460130692 -0.767057562372
5.9426703004 -2 2.83288415431 -3.90166310833 -0.374536804261 -0.766957851145
5.94273328454 -2 2.83287059991 -3.90166710972 -0.37460359017 -0.766951660769
5.94301882193 -2 2.83280913651 -3.90168525021 -0.374906361739 -0.766923589151
5.9541461695 -2 2.83029002258 -3.9029676023 -0.386703915937 -0.76581985186
5.95764372272 -2 2.82949742884 -3.90333346621 -0.39041152554 -0.765468981116
5.96091907711 -2 2.82875132352 -3.9036792524 -0.393883310776 -0.765138690871
5.96297993054 -2 2.82827632365 -3.90391829235 -0.396067614732 -0.764930024379
5.96398997107 -2 2.82804832945 -3.90400660762 -0.397138117823 -0.764827516158
5.96411300972 -2 2.82802118123 -3.90401382999 -0.39726851987 -0.764815018314
5.96557583647 -2 2.82768246729 -3.90418512827 -0.39881885955 -0.764666250541
5.97162232017 -2 2.82629585879 -3.90478273848 -0.405226434527 -0.764047829719
5.97462379411 -2 2.82560234838 -3.90508582297 -0.408406759586 -0.763738751999
5.97596851739 -2 2.82529224301 -3.90521357346 -0.409831524096 -0.763599828122
5.98160212528 -2 2.82398639792 -3.905753479 -0.415799848573 -0.763014787087
5.98179396823 -2 2.82394320127 -3.90576399392 -0.416003072006 -0.76299477835
5.98223129087 -2 2.82384020715 -3.90581251209 -0.416466333027 -0.762949145483
5.9824508742 -2 2.82379072877 -3.90582451285 -0.416698937896 -0.762926221721
5.98692286099 -2 2.82274964538 -3.90623489147 -0.421435773664 -0.762457743832
5.99117927577 -2 2.82175369653 -3.90662300323 -0.425943643803 -0.762008984699
6.00076567098 -2 2.81950067878 -3.90744376376 -0.43609401785 -0.760988048369
6.00224882552 -2 2.81914789905 -3.90758045441 -0.437664124713 -0.760828828961
6.00254419432 -2 2.81907983349 -3.9075952563 -0.437976799997 -0.760797080069
6.00400729051 -2 2.81873489976 -3.90770906075 -0.439525573715 -0.760639615
6.0054184703 -2 2.8183978498 -3.9078393889 -0.441019312443 -0.760487424703
6.01204391164 -2 2.81682495767 -3.90835579822 -0.448031311596 -0.759768791408
6.01486044003 -2 2.81615100479 -3.90858279493 -0.451011628775 -0.759461244384
6.01597974157 -2 2.81588601947 -3.90865384129 -0.452195929044 -0.759338684129
6.01739413313 -2 2.81554503423 -3.90877433274 -0.453692379936 -0.759183536096
6.02384210479 -2 2.813997408 -3.90924489123 -0.460513356141 -0.758472334055
6.02396219737 -2 2.81396907688 -3.90925031453 -0.46064037862 -0.758459027205
6.02563295094 -2 2.81356533177 -3.90937588805 -0.462407475715 -0.758273668796
6.0268696008 -2 2.81326679594 -3.9094642406 -0.463715356011 -0.758136193963
6.02878226019 -2 2.81280471021 -3.90959795573 -0.465738047195 -0.757923104696
6.033181339 -2 2.81173867286 -3.90990076324 -0.470389557823 -0.757430862988
6.04004002538 -2 2.81007077444 -3.91034209639 -0.477639989323 -0.75665744693
6.04755113669 -2 2.80822960751 -3.91081785183 -0.485577460329 -0.755802139429
6.05053580003 -2 2.80749402982 -3.91100316819 -0.488730749559 -0.755459853855
6.05592465003 -2 2.80616342282 -3.91131490111 -0.494422876164 -0.754838373823
6.05639919767 -2 2.80604525391 -3.91134553991 -0.494924056729 -0.754783431142
6.05955350605 -2 2.80526234004 -3.91152593065 -0.498255084524 -0.754417345808
6.06070967008 -2 2.80497446156 -3.91159300758 -0.499475886684 -0.754282778554
6.07518607526 -2 2.80134907392 -3.91236340333 -0.514755263822 -0.752580406348
6.07967218115 -2 2.80021625326 -3.91258430107 -0.519487728234 -0.752046298434
6.08239902106 -2 2.79952588266 -3.91271244606 -0.522363722259 -0.751720129302
6.08319102608 -2 2.79932533821 -3.91274755619 -0.523198963721 -0.751625179293
6.08397891343 -2 2.79912390713 -3.91279203862 -0.524029824485 -0.751530626966
6.08470997567 -2 2.79893839812 -3.91282477724 -0.524800726505 -0.751442808464
6.08611183638 -2 2.79858217605 -3.91288784665 -0.526278890029 -0.751274180098
6.10024107317 -2 2.79496324444 -3.91350208154 -0.541170207451 -0.749557671004
6.10574667931 -2 2.79353993867 -3.91372573033 -0.546969224212 -0.748880481034
6.10804602646 -2 2.79294308499 -3.91381786902 -0.549390503685 -0.748596277594
6.10922172357 -2 2.79263749828 -3.91386388301 -0.550628407038 -0.748450644338
6.12536653062 -2 2.78841167344 -3.91443026361 -0.56761759681 -0.746429233292
6.12557079925 -2 2.78835816975 -3.91443492463 -0.567832428476 -0.746403400366
6.12793210296 -2 2.78773442798 -3.91451263917 -0.570315615033 -0.746104309956
6.1298589647 -2 2.78722473598 -3.91457323234 -0.572341628232 -0.745859610366
6.13432161171 -2 2.78604088021 -3.91470904937 -0.577032840751 -0.745290683347
6.13494312387 -2 2.78587560019 -3.91472761646 -0.577686065438 -0.745211205359
6.14139111687 -2 2.78415583008 -3.91491086907 -0.584461313062 -0.74438313195
6.14894602222 -2 2.78212785001 -3.91511083023 -0.592395509965 -0.743404749134
6.15052715906 -2 2.78170125278 -3.91515283734 -0.594055450865 -0.743198873527
6.15172175104 -2 2.78137878446 -3.9151827743 -0.59530944752 -0.743043073257
6.15808828837 -2 2.77965501335 -3.91533166995 -0.601990614274 -0.742209029806
6.1602831635 -2 2.77905881948 -3.91537827337 -0.604293182318 -0.741920043125
6.16112457687 -2 2.77882926871 -3.91539952953 -0.605175773485 -0.741809062069
6.16388300076 -2 2.77807761884 -3.91545627554 -0.608068774082 -0.741444464896
6.16473228018 -2 2.77784597683 -3.9154724641 -0.608959358311 -0.741331974406
6.1727213043 -2 2.7756557711 -3.91562873185 -0.617333907425 -0.740268352252
6.17679802263 -2 2.77453256328 -3.91569905449 -0.621605219437 -0.739721804412
6.17687308601 -2 2.77451192752 -3.91569984713 -0.621683852097 -0.739711716965
6.17986250003 -2 2.7736852768 -3.91575041812 -0.62481500719 -0.739309276147
6.18083249056 -2 2.77341629407 -3.91576784615 -0.625830818126 -0.739178398016
6.18179839573 -2 2.77314888445 -3.91578127296 -0.626842266983 -0.739047926952
6.18278054208 -2 2.7728761346 -3.91579799431 -0.627870636875 -0.738915114584
6.18650053745 -2 2.77184187039 -3.91585366313 -0.631764918966 -0.738410723502
6.20374396104 -2 2.76700378641 -3.91605894145 -0.649799504969 -0.73604483364
6.20529438694 -2 2.7665653646 -3.91607243108 -0.651419688659 -0.735829860491
6.20568495275 -2 2.76645461589 -3.91607689224 -0.651827790488 -0.735775648435
6.21115624265 -2 2.76490127461 -3.91612379182 -0.657543177445 -0.735013739495
6.21868954853 -2 2.76275104535 -3.91617166716 -0.665407751803 -0.733957130026
6.22731672217 -2 2.76027064694 -3.91621165277 -0.674407286172 -0.73273634788
6.23344884708 -2 2.75849624886 -3.91622880043 -0.680799435097 -0.731861648303
6.23376232581 -2 2.75840544292 -3.91622857101 -0.681126101239 -0.731816777243
6.23892247809 -2 2.75690479373 -3.91623417998 -0.686501844299 -0.731075980214
6.24305623965 -2 2.75569765214 -3.91623478419 -0.690806274669 -0.730479571043
6.24486736972 -2 2.7551674074 -3.91623375113 -0.692691602781 -0.730217435474
6.24487001667 -2 2.75516663381 -3.91623373834 -0.692694357906 -0.730217051996
6.24569895076 -2 2.75492383716 -3.9162320861 -0.693557133329 -0.730096906406
6.24612654866 -2 2.7547983109 -3.91623234149 -0.6940021589 -0.730034889005
6.25118501644 -2 2.75331155029 -3.91622264573 -0.699265285978 -0.729299085901
6.25788851175 -2 2.75133150726 -3.9161994009 -0.706235661602 -0.728317918967
6.26554065406 -2 2.74905728517 -3.91616025304 -0.714186310273 -0.727189432928
6.26779558358 -2 2.74838424454 -3.91614632947 -0.716527936736 -0.726855168935
6.26934222929 -2 2.74792194128 -3.91613566579 -0.71813371084 -0.726625445515
6.26952015547 -2 2.7478685626 -3.91613525958 -0.718318421525 -0.726598994469
6.27911709316 -2 2.74498580969 -3.91605709608 -0.728275860395 -0.72516505234
6.28639589414 -2 2.74278379223 -3.91598353452 -0.735820860201 -0.724068008417
6.28681671126 -2 2.74265610694 -3.915978721 -0.736256874127 -0.724004334044
6.28754081438 -2 2.74243612115 -3.91597128134 -0.737007076736 -0.723894705165
6.28934624286 -2 2.74188742851 -3.91595009595 -0.738877305034 -0.72362101204
6.29601333221 -2 2.73985344992 -3.91586855549 -0.745780262914 -0.722605962733
6.29990406872 -2 2.73866140083 -3.91581542265 -0.749806131469 -0.722010439992
6.3031524771 -2 2.73766319521 -3.91576842105 -0.753165927738 -0.721511445187
6.30587663264 -2 2.73682408402 -3.91572677573 -0.755982480099 -0.721091727604
6.30596495124 -2 2.73679669345 -3.91572624326 -0.756073778691 -0.721078100983
6.30848480767 -2 2.73601864791 -3.91568684496 -0.758678245297 -0.720688807224
6.3106029973 -2 2.73536333938 -3.91565278688 -0.760866938041 -0.72036080975
6.31132601563 -2 2.73513946234 -3.91564056498 -0.761613891554 -0.72024869342
6.31916897679 -2 2.73270191309 -3.91550296501 -0.769712197806 -0.719027329
6.32293684492 -2 2.73152518365 -3.91543256015 -0.773599916223 -0.718437195707
6.32989445581 -2 2.72934272696 -3.91529430329 -0.780773959867 -0.717341723501
6.33023787614 -2 2.72923449859 -3.91528820803 -0.781127897839 -0.717287458847
6.3317075562 -2 2.72877189778 -3.91525685876 -0.78264241181 -0.717055025811
6.3498776218 -2 2.72300492664 -3.91484099246 -0.801342760736 -0.714153879388
6.3500290213 -2 2.7229566213 -3.91483666143 -0.801498389467 -0.714129492146
6.35166409627 -2 2.72243335231 -3.91479619145 -0.80317893701 -0.71386589111
6.35194187745 -2 2.72234448907 -3.91478869665 -0.803464406657 -0.713821067241
6.35260926602 -2 2.72213071617 -3.9147716719 -0.804150223525 -0.71371332615
6.36463197894 -2 2.71825947989 -3.91445186678 -0.81649422883 -0.711760655226
6.36618837031 -2 2.71775541557 -3.91440928891 -0.818090718263 -0.711506244304
6.36741271145 -2 2.71735854953 -3.91437490504 -0.819346359507 -0.711305848519
6.3677707619 -2 2.7172426137 -3.91436370539 -0.819713522915 -0.711247200418
6.36789590484 -2 2.71720211514 -3.91435961926 -0.819841846603 -0.711226697541
6.36908796812 -2 2.71681516512 -3.91432586398 -0.821064095869 -0.711031273994
6.3742712147 -2 2.71512869588 -3.91417396629 -0.826376214049 -0.710178999336
6.37530880747 -2 2.71479005071 -3.91414404094 -0.827439137213 -0.710007891649
6.37639557571 -2 2.71443517807 -3.91411179773 -0.828552268374 -0.709828496529
6.37693436934 -2 2.71425908208 -3.91409597041 -0.829104068277 -0.709739489206
6.37818721345 -2 2.71384948561 -3.91405802885 -0.830386991632 -0.709532349532
6.37843052443 -2 2.71377001983 -3.91404992311 -0.830636117596 -0.709492093511
6.38766118506 -2 2.71073891024 -3.9137610459 -0.840080945542 -0.70795813036
6.38817933095 -2 2.71056850671 -3.9137421439 -0.840610738933 -0.707871634773
6.38855446163 -2 2.71044457791 -3.91373124798 -0.840994277246 -0.707808987293
6.3952027674 -2 2.70824594826 -3.91351276614 -0.847788088114 -0.706695108729
6.42208362317 -2 2.69923875484 -3.91254184193 -0.87518822956 -0.702121918344
6.4255975544 -2 2.69804757193 -3.91240350698 -0.878761673149 -0.701515865552
6.43405028267 -2 2.69516722527 -3.91207063646 -0.88734944253 -0.700050213068
6.43945655421 -2 2.69331571747 -3.91184770731 -0.892836011197 -0.699107021556
6.44300691686 -2 2.69209492415 -3.91170226342 -0.896436501633 -0.698485164932
6.44623856772 -2 2.69098119193 -3.91156593697 -0.899711972604 -0.697917441928
6.45175280301 -2 2.68907390369 -3.91133199227 -0.905296972775 -0.696945005915
6.46012105999 -2 2.6861643517 -3.91096540612 -0.913762874659 -0.695460306542
6.46041226336 -2 2.68606324869 -3.91094980812 -0.914057262664 -0.695408446721
6.46107913661 -2 2.68582951074 -3.91092564947 -0.914731374607 -0.69528963535
6.46359058014 -2 2.68495293283 -3.91080804615 -0.917269399086 -0.694841576538
6.47316036712 -2 2.6815921282 -3.91037907936 -0.926930552541 -0.693125347343
6.48312715675 -2 2.67806726514 -3.90990923654 -0.936975586825 -0.691322908649
6.48322635952 -2 2.6780322433 -3.90990340866 -0.937075480723 -0.691304891391
6.48377205401 -2 2.6778382201 -3.90987859555 -0.937624945865 -0.691205754955
6.48776101721 -2 2.67641783243 -3.90969404166 -0.94163987077 -0.690479684599
6.48792981051 -2 2.67635802213 -3.9096840555 -0.941809700351 -0.690448906769
6.48898302856 -2 2.67598200366 -3.90963614691 -0.942869269941 -0.690256763385
6.4904806887 -2 2.67544792443 -3.90956156312 -0.944375621355 -0.689983243869
6.49448109291 -2 2.67401745349 -3.90936580097 -0.948397273493 -0.689250949451
6.49572568673 -2 2.67357131382 -3.90930560041 -0.949647891884 -0.689022616929
6.49836459073 -2 2.67262430999 -3.90917542984 -0.952298645872 -0.688537694917
6.49907095241 -2 2.67236907852 -3.90914822379 -0.953007965925 -0.688407712521
6.49941227932 -2 2.67224716348 -3.90912702487 -0.953350689991 -0.688344875076
6.50373950394 -2 2.67068813247 -3.90891544879 -0.957693792919 -0.687546686185
6.50631841937 -2 2.66975677998 -3.90878700521 -0.960280547963 -0.687069612888
6.5078687967 -2 2.66919666133 -3.9087057636 -0.961835052122 -0.686782315187
6.50948590023 -2 2.66861018686 -3.90862918558 -0.963455989707 -0.686482257679
6.5119124018 -2 2.66772963669 -3.90850922824 -0.96588734069 -0.686031257944
6.5139667296 -2 2.66698350153 -3.90840372047 -0.967944923609 -0.685648722317
6.52021247361 -2 2.66470622797 -3.90808912596 -0.974195747744 -0.684481707988
6.52499116253 -2 2.66295767408 -3.9078395584 -0.978973395846 -0.683584750663
6.52514778914 -2 2.66289874775 -3.90783959862 -0.979129915625 -0.683555292338
6.53316897791 -2 2.65994835496 -3.90741960877 -0.987139421851 -0.682041610454
6.53473369442 -2 2.65936928752 -3.90734481776 -0.988700432087 -0.68174517578
6.53835171933 -2 2.65802957962 -3.90716080675 -0.992308090872 -0.681058297337
6.54440740527 -2 2.65578115949 -3.90683856964 -0.998340783204 -0.679904115058
6.54646376477 -2 2.65501541247 -3.90672787662 -1.00038771831 -0.679510897575
6.54845004708 -2 2.65427436772 -3.90662206928 -1.00236411546 -0.679130461206
6.5493739593 -2 2.65392779606 -3.90658095206 -1.00328316716 -0.678953295277
6.5507556313 -2 2.6534114828 -3.90650608976 -1.00465725883 -0.678688105467
6.557600336 -2 2.65084275337 -3.90614950657 -1.01145887825 -0.677370033023
6.56088252745 -2 2.64960684963 -3.90597421724 -1.01471712489 -0.676735424813
6.56192520259 -2 2.64921244163 -3.90592467759 -1.01575174532 -0.676533477033
6.56279936449 -2 2.64888339157 -3.9058729398 -1.01661898739 -0.676364038112
6.56387548744 -2 2.64847588099 -3.90582090103 -1.01768638246 -0.67615529125
6.56570483222 -2 2.64778344693 -3.90572643043 -1.01950035924 -0.675800024277
6.5660925968 -2 2.64763836609 -3.90569643266 -1.01988478024 -0.675724652375
6.56952583821 -2 2.64633469595 -3.90552497132 -1.02328710132 -0.675056303265
6.57480174726 -2 2.64432805882 -3.9052421067 -1.02851086354 -0.674025699624
6.58143411745 -2 2.64179071122 -3.90490345113 -1.03506966123 -0.672724033932
6.60556513291 -2 2.63245231867 -3.90365264116 -1.05885634215 -0.667930861056
6.60574611026 -2 2.63238277088 -3.90363701743 -1.05903427623 -0.667894574092
6.60868355736 -2 2.63123203466 -3.9034959481 -1.06192135653 -0.667304893437
6.61590503855 -2 2.62839696428 -3.90312289184 -1.06901119883 -0.665849554328
6.61689610231 -2 2.62800439909 -3.90308417441 -1.06998332519 -0.665649198581
6.62587074718 -2 2.62445374269 -3.9026377571 -1.07877683077 -0.663827968282
6.62595358178 -2 2.62442148421 -3.90263021587 -1.07885791217 -0.663811100762
6.63150667197 -2 2.62220975488 -3.90236856013 -1.08429005665 -0.662677918206
6.63269193406 -2 2.62174114333 -3.90228726176 -1.08544863004 -0.662435433837
6.63538836305 -2 2.62065926017 -3.90218038778 -1.08808319329 -0.661882983613
6.63932189522 -2 2.61908351555 -3.90198963554 -1.09192360125 -0.661075062428
6.63940881657 -2 2.61904936734 -3.90198145769 -1.09200842615 -0.661057182422
6.64299465995 -2 2.61760545653 -3.90182596834 -1.0955063219 -0.660318547387
6.65303694393 -2 2.61354328534 -3.90138048968 -1.10528703464 -0.658239422218
6.6583641203 -2 2.61137772221 -3.90113625325 -1.11046624385 -0.657130186937
6.6672444789 -2 2.60774213648 -3.90076698789 -1.11908560298 -0.655271374025
6.66900694294 -2 2.60701579927 -3.90070471734 -1.12079412083 -0.654901013643
6.66979403023 -2 2.60669347545 -3.90066407408 -1.12155688594 -0.654735462116
6.67152151505 -2 2.60597957455 -3.90060677938 -1.12323048857 -0.654371777751
6.67879166723 -2 2.60297543311 -3.90031080544 -1.13026631195 -0.652836162172
6.68724500863 -2 2.59944945824 -3.90003909797 -1.13843170649 -0.651040383893
6.71370994099 -2 2.58826532851 -3.89923454906 -1.16388565248 -0.645347084414
6.71451275423 -2 2.58791428665 -3.89925684333 -1.16465516584 -0.645172690594
6.72014923559 -2 2.58549373151 -3.89914254059 -1.17005343115 -0.64394548871
6.73227722003 -2 2.58024734208 -3.89893040106 -1.18164241555 -0.641288315542
6.74148487148 -2 2.57623063848 -3.89879398864 -1.19041649879 -0.639255825466
6.74355245008 -2 2.57531310637 -3.89882976596 -1.19238380324 -0.638797632439
6.75749776584 -2 2.56914102397 -3.89879981785 -1.20562458861 -0.63569001596
6.76158874534 -2 2.56732148516 -3.89877992857 -1.20949949695 -0.634772681116
6.77276218112 -2 2.56229130584 -3.89891900355 -1.22006084487 -0.632254072927
6.78207100077 -2 2.55807465151 -3.89902204663 -1.22883496291 -0.630141069124
6.78537798974 -2 2.55654959387 -3.89917308002 -1.23194653226 -0.629387201092
6.7884489056 -2 2.5551565425 -3.89917073283 -1.23483339834 -0.628685638787
6.7918130706 -2 2.55359645572 -3.89933683613 -1.23799307595 -0.627915413599
6.79403324329 -2 2.55258159844 -3.89935579756 -1.24007665331 -0.627406149478
6.79405025138 -2 2.5525742457 -3.8993536022 -1.24009260992 -0.627402245223
6.80072668199 -2 2.54947134638 -3.89964181994 -1.24635033247 -0.625866206054
6.8024737559 -2 2.54865330466 -3.89973860386 -1.24798587172 -0.625463124077
6.80678666615 -2 2.54665587957 -3.89983567499 -1.25201993103 -0.624466041651
6.81519637841 -2 2.54268776569 -3.90033980984 -1.25987146602 -0.622513589196
6.81799580415 -2 2.54137332675 -3.9004467516 -1.26248082503 -0.62186123747
6.8198919147 -2 2.54047444123 -3.90055899097 -1.26424698487 -0.621418699383
6.82260440643 -2 2.53919205184 -3.90069015678 -1.26677186523 -0.620784660255
6.82428607785 -2 2.53838316234 -3.90084128489 -1.26833620984 -0.620391003467
6.82844392566 -2 2.53638611567 -3.90117940575 -1.27220063515 -0.619415835041
6.82972236806 -2 2.53577382834 -3.90126810139 -1.27338789907 -0.619115457408
6.8329208137 -2 2.53423836728 -3.90149822042 -1.27635625231 -0.618362859682
6.84026913206 -2 2.53070305214 -3.90200590182 -1.28316518441 -0.616627817446
6.84275304913 -2 2.52949438714 -3.9022323852 -1.28546337028 -0.616039446521
6.84919215793 -2 2.5263553501 -3.90280459219 -1.29141294875 -0.614509770986
6.85704103209 -2 2.5224749173 -3.90370757013 -1.29864930262 -0.612636545588
6.86110755829 -2 2.52047206871 -3.90409438718 -1.30239160509 -0.611662286067
6.86489917555 -2 2.51858422087 -3.90454257879 -1.30587666709 -0.610751592248
6.86644220109 -2 2.51779620555 -3.90482640521 -1.30729375993 -0.610380344331
6.86647766532 -2 2.51778021913 -3.90482124654 -1.30732632175 -0.610371807414
6.88052491402 -2 2.51070544717 -3.90668401273 -1.32019543178 -0.606975115317
6.89421771303 -2 2.50371110133 -3.90872873477 -1.33268457948 -0.603634847064
6.89424042035 -2 2.50370070461 -3.90872528908 -1.33270524502 -0.603629283754
6.89777255764 -2 2.50185575259 -3.90942622796 -1.33591793038 -0.602762939185
6.89793720091 -2 2.5017802172 -3.90940110931 -1.33606759311 -0.602722509403
6.89945613216 -2 2.50096787238 -3.90979971391 -1.33744794163 -0.602349323661
6.9000630918 -2 2.50065041518 -3.90991877771 -1.33799933295 -0.602200100461
6.90517782667 -2 2.49798233498 -3.91085963453 -1.34264145897 -0.600940368385
6.90548462668 -2 2.49784099564 -3.91081230921 -1.34291966277 -0.600864676936
6.91078028133 -2 2.4950304556 -3.91200239073 -1.34771729133 -0.599555884513
6.91402230105 -2 2.49332130188 -3.91264569719 -1.35065027395 -0.598752502917
6.92174733281 -2 2.48921698246 -3.9142838251 -1.35762618814 -0.596831686768
6.9246316365 -2 2.48769592924 -3.91480830274 -1.3602261678 -0.59611215035
6.92528256328 -2 2.48734756632 -3.91495268977 -1.36081257955 -0.595949588679
6.92695298082 -2 2.48643240675 -3.91543608648 -1.36231684858 -0.595532121665
6.9281602142 -2 2.48577733276 -3.91574799311 -1.36340347577 -0.595230144772
6.93157510598 -2 2.48394940625 -3.91648015459 -1.36647480412 -0.594374728179
6.94036610217 -2 2.4791527599 -3.91877619475 -1.37436493831 -0.59216434668
6.95201177186 -2 2.4726858523 -3.9222416586 -1.3847805137 -0.589217846128
6.96163076176 -2 2.46730265423 -3.92516652109 -1.39335164641 -0.586768351563
6.96957444459 -2 2.4628264388 -3.92763629312 -1.40040806522 -0.584734721471
6.97142563663 -2 2.46176433747 -3.92830099663 -1.40204962537 -0.584259407381
6.97245771607 -2 2.4611512296 -3.92878396674 -1.4029643589 -0.583994180118
6.97410626681 -2 2.46018136819 -3.92950002008 -1.4044247705 -0.583570189285
6.97802365513 -2 2.45793631235 -3.93085754523 -1.40789162368 -0.582560995032
6.97833762583 -2 2.45778583672 -3.9308039389 -1.40816927327 -0.582480007745
6.98263759154 -2 2.45528082972 -3.93248603699 -1.41196863685 -0.58136932195
6.98568928457 -2 2.45349121181 -3.93372629534 -1.4146614603 -0.580579336705
6.98884806252 -2 2.4516417486 -3.93497798707 -1.41744562556 -0.579760118199
6.99174352403 -2 2.44997823831 -3.93593707739 -1.41999487951 -0.579007838464
6.99493662133 -2 2.44809656284 -3.93723727021 -1.42280304216 -0.578176730119
7.00112551301 -2 2.44440282392 -3.93996570622 -1.42823644033 -0.57656139152
7.01178475288 -2 2.43797610624 -3.94487476166 -1.43756520467 -0.573765419267
7.01285600757 -2 2.43730245238 -3.94550998691 -1.43850068715 -0.573483454965
7.01431581578 -2 2.43643767824 -3.94608117894 -1.43977486953 -0.573098934868
7.01661842449 -2 2.43500514982 -3.9473501619 -1.44178325667 -0.572491749393
7.01800082379 -2 2.43417369362 -3.94795137271 -1.44298817599 -0.572126825432
7.02054276595 -2 2.43261533707 -3.94921023178 -1.44520212095 -0.571455037802
7.0206157438 -2 2.43257957218 -3.94919707173 -1.44526565059 -0.571435736413
7.0238620703 -2 2.43058936754 -3.95078924593 -1.44808989949 -0.570576308017
7.02597598529 -2 2.4293090555 -3.95173111708 -1.44992708846 -0.570015799246
7.02766528773 -2 2.42823401946 -3.95276276497 -1.45139418078 -0.569567382018
7.02949451947 -2 2.42708687799 -3.95378186564 -1.45298172375 -0.569081325023
7.03275342221 -2 2.42506385508 -3.95547071588 -1.45580727289 -0.568214102532
7.04597514507 -2 2.41669109171 -3.96305008541 -1.46723426296 -0.564678887308
7.05104131143 -2 2.41344125818 -3.96610713765 -1.47159709678 -0.563317156365
7.05512642327 -2 2.41084458569 -3.96841133513 -1.4751087224 -0.562216240173
7.05592439848 -2 2.41025705074 -3.96929804164 -1.47579401026 -0.562000889636
7.0849261335 -2 2.39097272923 -3.98949262318 -1.50055153725 -0.554107527086
7.08838164437 -2 2.38866832592 -3.99184450357 -1.50348188353 -0.553158398684
7.09287836759 -2 2.38559625687 -3.99527745905 -1.50728892762 -0.551920522657
7.09697771011 -2 2.38270477734 -3.99887618668 -1.51075333747 -0.550789322482
7.10786721559 -2 2.37511528762 -4.00780266439 -1.51992732941 -0.547771815423
7.12498301129 -2 2.36287878918 -4.02312838836 -1.53426119272 -0.542992034638
7.12738085499 -2 2.36110809668 -4.02554642485 -1.53626088226 -0.542318802144
7.12948636992 -2 2.35961614361 -4.02731770295 -1.53801506751 -0.541726914559
7.1342361113 -2 2.35620199248 -4.03155272309 -1.54196635289 -0.540389190311
7.16310456812 -2 2.33438541113 -4.06234124518 -1.56580416559 -0.532183813548
7.16374315269 -2 2.33389365502 -4.063057189 -1.5663279886 -0.53200085386
7.1650183229 -2 2.33290966944 -4.06449587724 -1.56737354045 -0.531635319051
7.16586290143 -2 2.33230780624 -4.06517428856 -1.5680657031 -0.531393077779
7.16899227057 -2 2.32986711259 -4.06883138321 -1.57062801362 -0.530494556112
7.17895278612 -2 2.3219995769 -4.08090803524 -1.57875921187 -0.527624586296
7.18257678182 -2 2.31907449178 -4.08560476927 -1.5817083765 -0.526576592082
7.18425053022 -2 2.31784771342 -4.08708676441 -1.58306877883 -0.526091890611
7.18979974702 -2 2.31335530849 -4.09429555411 -1.58757152586 -0.524481800571
7.19841262055 -2 2.30629372257 -4.10587251312 -1.59453699923 -0.521973395116
7.19968421473 -2 2.30525449996 -4.10755322565 -1.59556297467 -0.521602088168
7.20430630742 -2 2.30150838301 -4.11346873036 -1.59928705512 -0.520250331671
7.21192249722 -2 2.29519032551 -4.12393613241 -1.60540560608 -0.518015748972
7.22279502504 -2 2.28606239948 -4.13931026901 -1.61410131842 -0.514810262202
7.22448686491 -2 2.284558311 -4.14214380471 -1.61545030165 -0.514309827674
7.22808302073 -2 2.28142071162 -4.14782562095 -1.61831397651 -0.513244643582
7.24226428953 -2 2.26920802998 -4.16914926983 -1.62955733829 -0.509024704711
7.24402871374 -2 2.2676147357 -4.17218365431 -1.63095069027 -0.508497493592
7.24832257499 -2 2.26378144605 -4.1793053834 -1.63433637159 -0.507212479499
7.24980366819 -2 2.26254187945 -4.18130230507 -1.6355025083 -0.506768576689
7.25324548811 -2 2.25957607474 -4.1863959341 -1.63820905424 -0.505735712403
7.26314045773 -2 2.25060794749 -4.20335125376 -1.6459638551 -0.502756132333
7.26771712926 -2 2.24650364898 -4.21090055194 -1.6495373824 -0.501372895669
7.26900258708 -2 2.24533825823 -4.21308387155 -1.6505395707 -0.500983802586
7.27823632267 -2 2.23675383819 -4.22985559179 -1.65771892327 -0.498181370186
7.28444666613 -2 2.23093272453 -4.24131795598 -1.6625281233 -0.49628914076
7.28505956767 -2 2.23035216035 -4.24247906084 -1.6630018952 -0.49610207339
7.28698870759 -2 2.22855676477 -4.24595470049 -1.66449211823 -0.495512890905
7.28756829495 -2 2.22799262214 -4.2471331988 -1.66493954175 -0.495335765871
7.29417405379 -2 2.22186878128 -4.25885136681 -1.67002928623 -0.493313350902
7.30485268007 -2 2.21164154374 -4.27943907678 -1.67821931266 -0.490029759622
7.30500456761 -2 2.211556093 -4.27940191588 -1.67833546471 -0.489982928607
7.30888828898 -2 2.20784442353 -4.28679945442 -1.68130220009 -0.488784264496
7.31329003495 -2 2.20356244818 -4.29556607959 -1.68465709595 -0.487422906584
7.31410329933 -2 2.20284440281 -4.29678210677 -1.68527606461 -0.487171055801
7.31437554823 -2 2.20243146716 -4.29813391214 -1.68548320953 -0.48708672329
7.31453490728 -2 2.20234142586 -4.29809457979 -1.68560444611 -0.487037354524
7.3191873953 -2 2.19788384149 -4.30694293801 -1.68913928965 -0.48559430725
7.33754145602 -2 2.17966047556 -4.34500193457 -1.7029958981 -0.479868932545
7.33805999491 -2 2.17908953024 -4.34637643943 -1.70338531647 -0.4797064248
7.34329615447 -2 2.17388203746 -4.35717671355 -1.7073112554 -0.478063112965
7.35272292251 -2 2.16425305957 -4.37789846147 -1.71434987012 -0.475093967704
7.35931612807 -2 2.15730401053 -4.39347998345 -1.71925024554 -0.4730091654
7.36612292044 -2 2.15017254606 -4.40925844002 -1.7242898178 -0.470849793994
7.37711236308 -2 2.13876322085 -4.43400266552 -1.73238396702 -0.467348450461
7.37870311364 -2 2.13723857451 -4.43687339525 -1.73355128477 -0.466840078998
7.37931818754 -2 2.13658031223 -4.43835875082 -1.73400234114 -0.466643409314
7.38275282967 -2 2.1327699558 -4.44737864207 -1.73651806769 -0.465544111239
7.38322497519 -2 2.13219174897 -4.44891504441 -1.73686349251 -0.465392853241
7.38590184951 -2 2.12941503287 -4.45487281856 -1.73882007502 -0.464534631625
7.38725499795 -2 2.12801523652 -4.45785909536 -1.73980792971 -0.46410038388
7.39223936979 -2 2.12264758013 -4.46999147379 -1.74343982561 -0.462498381056
7.39423201584 -2 2.1205549628 -4.47453881666 -1.74488873676 -0.461856862499
7.39622707893 -2 2.11845678519 -4.47910176894 -1.74633766026 -0.46121395244
7.39739083758 -2 2.11715318415 -4.48219685413 -1.74718203788 -0.460838647232
7.39784018508 -2 2.11657844316 -4.48378231385 -1.74750790749 -0.460693679468
7.40039201055 -2 2.11383282364 -4.48994154417 -1.74935682254 -0.459869823227
7.40105215426 -2 2.11313228651 -4.49147984642 -1.74983466024 -0.459656532516
7.40615804978 -2 2.1076150914 -4.50389544389 -1.7535240128 -0.458004561249
7.40663441582 -2 2.10701875726 -4.50549844908 -1.75386763197 -0.457850231851
7.40912446236 -2 2.10460252382 -4.51003340736 -1.7556621538 -0.4570429563
7.41836429901 -2 2.09435496349 -4.53379166041 -1.76229705902 -0.45403903633
7.41838729768 -2 2.09434135925 -4.53378544325 -1.76231352644 -0.454031542918
7.4200550677 -2 2.09238751861 -4.53862942541 -1.763507048 -0.453487933636
7.42213665668 -2 2.09018509432 -4.5433754516 -1.76499497343 -0.452808838455
7.43258167383 -2 2.07876665289 -4.56909419741 -1.77243182097 -0.449391180913
7.43381935783 -2 2.07737274846 -4.57235384424 -1.77330980619 -0.448985090265
7.44374342902 -2 2.06615532737 -4.59862372562 -1.78032474372 -0.445720410304
7.44942830809 -2 2.05974425754 -4.61351966444 -1.78432308326 -0.443843438472
7.46078038198 -2 2.04685107827 -4.6436065133 -1.7922633107 -0.440080422965
7.46136555271 -2 2.04615914843 -4.64530134821 -1.79267101379 -0.439885910484
7.4670899208 -2 2.03964212307 -4.66047323546 -1.7966510436 -0.437980329065
7.47595429696 -2 2.02948129181 -4.68424032975 -1.8027845106 -0.43501950226
7.47827012672 -2 2.02669971411 -4.69112422954 -1.80438091095 -0.434243986303
7.48462116993 -2 2.01938690662 -4.70823046224 -1.80874620566 -0.432112930323
7.48630607531 -2 2.01766881843 -4.71154216499 -1.80990115706 -0.431546526168
7.48736153645 -2 2.01633288468 -4.71503640575 -1.81062397088 -0.431191495375
7.4882033622 -2 2.01547322457 -4.71669473135 -1.81120010855 -0.430908203065
7.49271643516 -2 2.01028928849 -4.72871562921 -1.81428318119 -0.429387594623
7.49592648711 -2 2.0065877762 -4.73732397304 -1.81647031657 -0.428304107145
7.49787544055 -2 2.00400136518 -4.74439908082 -1.81779586355 -0.427645502541
7.51156011174 -2 1.9882580547 -4.78066635284 -1.82705301511 -0.423004584465
7.51413081018 -2 1.9852720218 -4.78760203573 -1.82878214363 -0.422129555186
7.51983271863 -2 1.97859462052 -4.80324453643 -1.83260624956 -0.420185069867
7.52698412744 -2 1.96995269367 -4.824251334 -1.83738066273 -0.417739184156
7.53527407895 -2 1.96023583821 -4.84685084053 -1.84288465627 -0.414894031439
7.5427626754 -2 1.95170568893 -4.86581499173 -1.84782828902 -0.412314798228
7.54921874546 -2 1.94381041025 -4.88505534011 -1.85206862656 -0.410084248506
7.55322727476 -2 1.93919724033 -4.89538516567 -1.85469129072 -0.408696081615
7.55526000019 -2 1.93687218483 -4.90053524083 -1.85601827031 -0.407991195358
7.55724706789 -2 1.93457537609 -4.90569445836 -1.85731350696 -0.40730152598
7.55771277578 -2 1.93393302413 -4.90747248301 -1.85761679354 -0.407139800508
7.56035924129 -2 1.93087209171 -4.91434243341 -1.85933827058 -0.406220132606
7.56496291535 -2 1.92553220539 -4.92634938133 -1.86232475314 -0.404617745858
7.57023522877 -2 1.91907424932 -4.9419335517 -1.86573229089 -0.402778613545
7.57163524946 -2 1.91749552329 -4.94531874976 -1.86663485136 -0.402289526478
7.58713840563 -2 1.89903800087 -4.98793394467 -1.87656502216 -0.396853408274
7.59057648646 -2 1.89513789008 -4.99627402588 -1.87875114663 -0.395642838734
7.59872573618 -2 1.88551148911 -5.01805772466 -1.88390949363 -0.392766157484
7.60048763999 -2 1.88336873517 -5.02308997746 -1.88502041204 -0.392142859999
7.6506433181 -2 1.82518588941 -5.14881720366 -1.91599012625 -0.374198851365
7.65393081632 -2 1.82148566524 -5.15629444523 -1.91797543633 -0.373009150208
7.66523595056 -2 1.80858192647 -5.18285545364 -1.92476015631 -0.368905256381
7.66598876661 -2 1.80778687637 -5.18426513907 -1.92520961454 -0.368631275665
7.66600825569 -2 1.80777411744 -5.18425877882 -1.92522124633 -0.368624181628
7.6769324914 -2 1.79554431881 -5.2084043835 -1.93171026491 -0.364638535648
7.67968808274 -2 1.79227088359 -5.21549678267 -1.93333730434 -0.36363026744
7.68311680574 -2 1.78856532 -5.22229202656 -1.93535627154 -0.362374066255
7.68712451575 -2 1.78420320068 -5.23037933481 -1.93770839192 -0.360903440541
7.69330803423 -2 1.77729711559 -5.24376856216 -1.94132100599 -0.358629545412
7.69435127354 -2 1.77604970128 -5.24647189132 -1.94192852421 -0.358245328737
7.69583099763 -2 1.77451530552 -5.24901675536 -1.94278924401 -0.357700070395
7.70913329715 -2 1.76000479975 -5.27565966153 -1.95047509254 -0.352783193005
7.71134747308 -2 1.75747994074 -5.28066656474 -1.95174533203 -0.351962127029
7.71525511542 -2 1.75331850185 -5.28787074236 -1.95398074686 -0.350511241542
7.71935065164 -2 1.74905129432 -5.29487817638 -1.95631494442 -0.348988065132
7.72245603915 -2 1.74571622993 -5.30071825158 -1.95807886938 -0.347831412282
7.72793954334 -2 1.73982118064 -5.31102521566 -1.9611810535 -0.345785359619
7.74575777774 -2 1.72128875277 -5.34076793962 -1.97115010931 -0.339104855591
7.74945363755 -2 1.71746512151 -5.34676113462 -1.97319648207 -0.337713054723
7.75101429688 -2 1.71597359579 -5.34861119797 -1.97405839066 -0.337124703265
7.75950431552 -2 1.70725507826 -5.36191712077 -1.97872406426 -0.333917480697
7.76670968153 -2 1.70013708311 -5.37157752637 -1.98265301522 -0.331186834694
7.77034797168 -2 1.69648913601 -5.37671793051 -1.98462614475 -0.329804975907
7.77384565267 -2 1.69315149516 -5.38071218894 -1.98651619305 -0.328474597617
7.79106342014 -2 1.67658486531 -5.40083349912 -1.9957222339 -0.321898147866
7.79241134089 -2 1.67516641972 -5.40305377025 -1.9964360444 -0.321381370548
7.80614540294 -2 1.66248173793 -5.41582668214 -2.00365168369 -0.316099919667
7.8096304742 -2 1.65922488831 -5.41922760258 -2.00546598918 -0.314755104616
7.81773147617 -2 1.65188935679 -5.42577011359 -2.00965709889 -0.311621863735
7.82455088958 -2 1.64593309894 -5.4299969578 -2.01315665669 -0.308976461081
7.82672378244 -2 1.64395950568 -5.43174262569 -2.01426624113 -0.308132041049
7.82947002219 -2 1.64160055982 -5.4331964526 -2.01566479992 -0.307063767983
7.83602869053 -2 1.63597535566 -5.43657238954 -2.01898766831 -0.304507774928
7.84216915454 -2 1.63072724764 -5.43956896505 -2.02207659806 -0.302108749387
7.84722613235 -2 1.62648979698 -5.4415274222 -2.02460441767 -0.30012866686
7.84960635269 -2 1.62449587914 -5.44243176103 -2.02578917816 -0.299195316062
7.85010175427 -2 1.62406952294 -5.4426810184 -2.0260353598 -0.299000945454
7.85294563413 -2 1.62176769011 -5.4433063867 -2.02744587187 -0.2978844182
7.85678810439 -2 1.61863813157 -5.44423710693 -2.02934433367 -0.296373856577
7.86160519816 -2 1.61473014743 -5.44528587933 -2.0317124024 -0.294476932525
7.8661277653 -2 1.61114038893 -5.44580209116 -2.03392357731 -0.292692733696
7.87287999784 -2 1.60583754557 -5.44620054906 -2.03720300392 -0.290023039838
7.8752682741 -2 1.60402302729 -5.44598914723 -2.03835665528 -0.289077081529
7.87660951266 -2 1.60295783561 -5.4461192059 -2.03900309426 -0.288545452582
7.87865813628 -2 1.60139973274 -5.4459350121 -2.03998846721 -0.287732900853
7.88383715056 -2 1.59748508068 -5.44530590371 -2.04246870943 -0.285675847042
7.89117608587 -2 1.59202594472 -5.44385726826 -2.04595670955 -0.282753811067
7.89263566359 -2 1.59096030696 -5.44344876655 -2.04664667626 -0.28217168239
7.89514367604 -2 1.58913261202 -5.44272011224 -2.04782935865 -0.281170635529
7.89814720777 -2 1.58696210982 -5.44173385808 -2.04924088414 -0.279970531094
7.90666364219 -2 1.58092924573 -5.43819220943 -2.05321456678 -0.276560103071
7.95701925429 -2 1.54860616909 -5.39651319577 -2.07583516746 -0.256166515704
7.9584346553 -2 1.54775605705 -5.39496226361 -2.07644915426 -0.255587641216
7.96758803915 -2 1.5424503744 -5.38380259161 -2.08039069066 -0.25183660754
7.99725858025 -2 1.52661065449 -5.33925445947 -2.09281826728 -0.239588885772
8.02973086722 -2 1.51119777462 -5.27833432064 -2.10580135785 -0.226029056438
8.07853606121 -2 1.49155773009 -5.16424974912 -2.12407872155 -0.20534308504
8.08793049032 -2 1.48824361788 -5.13929232135 -2.12742416618 -0.201319125149
8.09738736462 -2 1.48500489578 -5.11349087876 -2.13073494784 -0.197254673607
8.09782866412 -2 1.48493784401 -5.11182288856 -2.13088804532 -0.197064671599
8.11681404156 -2 1.47875989383 -5.05779846456 -2.13735596217 -0.188862060711
8.15246765073 -2 1.46808154197 -4.94970527379 -2.14887097351 -0.17330777052
8.15416217476 -2 1.46770872105 -4.94377893994 -2.14939756832 -0.172563636058
8.15556673876 -2 1.46724754917 -4.93969633285 -2.14983262365 -0.171946499264
8.15853190818 -2 1.46652570181 -4.92968854387 -2.15074680467 -0.170642665318
8.17082501287 -2 1.4630458817 -4.89071343927 -2.15447499243 -0.165222723248
8.18245044333 -2 1.459845696 -4.85313324831 -2.15790863465 -0.160075716459
8.18761397834 -2 1.45878189553 -4.83441315231 -2.15940489538 -0.157782945617
8.20150668825 -2 1.45524052142 -4.78755035552 -2.16334224258 -0.151593737861
8.24188416616 -2 1.44488382121 -4.64992253558 -2.17404767906 -0.133436615847
8.25041497794 -2 1.44294746157 -4.61912778705 -2.17616771515 -0.129568276342
8.25126069437 -2 1.44261890821 -4.61681643799 -2.17637517506 -0.129184170613
8.25919564998 -2 1.44080203196 -4.58814206728 -2.178297774 -0.125574917375
8.2637794069 -2 1.43956805152 -4.57254125697 -2.17938867513 -0.123485549221
8.26884015193 -2 1.43829556781 -4.55478508699 -2.18057628183 -0.121174997419
8.27495191447 -2 1.43686854481 -4.53268501066 -2.18198695626 -0.118379324918
8.31315907874 -2 1.42672076502 -4.39987281291 -2.19021704678 -0.100771869273
8.31680376948 -2 1.42580840585 -4.38677487894 -2.19094876324 -0.0990804837115
8.34110078331 -2 1.41880482859 -4.30395355449 -2.19558697436 -0.087752668532
8.36675251179 -2 1.41086902091 -4.21844142727 -2.2000280977 -0.0756944740566
8.37695950615 -2 1.40789882755 -4.18309174904 -2.20166401915 -0.0708682199507
8.3785093881 -2 1.4072502022 -4.17879145336 -2.20190585975 -0.0701339721468
8.37937431276 -2 1.40684993288 -4.17659966856 -2.20204006706 -0.0697240579626
8.43110491482 -2 1.38860899492 -4.01209503057 -2.20907779751 -0.0449975847634
8.43644029193 -2 1.3867085576 -3.99498599889 -2.20969212007 -0.0424238790401
8.43671604438 -2 1.38647384256 -3.99484793362 -2.20972329952 -0.0422907409125
8.45290453888 -2 1.38009911322 -3.94597808221 -2.21145509244 -0.0344541029327
8.45906659685 -2 1.37733470488 -3.92911470042 -2.21206316569 -0.0314605133738
8.4778549138 -2 1.36931581034 -3.87507282319 -2.21374226609 -0.0222968198676
8.49603483299 -2 1.36109702356 -3.82475219317 -2.2151148014 -0.0133780477615
8.51401560083 -2 1.35235970831 -3.77778778788 -2.21622660619 -0.00450684848937
8.51489092459 -2 1.3518366149 -3.77602341124 -2.21627446381 -0.0040737161666
8.53371820394 -2 1.34236340539 -3.72803624807 -2.21716232847 0.00527109604222
8.55200220063 -2 1.33266408254 -3.68361842771 -2.2177644987 0.0143985659273
8.56099213703 -2 1.3276729584 -3.6627963842 -2.21796605603 0.0189052939713
8.60284115766 -2 1.30317980964 -3.57103585421 -2.21807710884 0.0400485739235
8.6131145729 -2 1.29677669445 -3.55021291579 -2.21789460349 0.0452802698032
8.65460503478 -2 1.26976493387 -3.47068270212 -2.2163065465 0.0665747023384
8.66600651164 -2 1.26194279078 -3.45052573415 -2.21562938033 0.0724728524941
8.66767006901 -2 1.2608392258 -3.44736037518 -2.21552184238 0.0733351106065
8.6691467053 -2 1.25976655194 -3.44505678858 -2.21542452092 0.0741008409293
8.67810826374 -2 1.25345542304 -3.42991188725 -2.21479617471 0.0787551936929
8.6813297631 -2 1.25115970658 -3.42458357306 -2.21455444834 0.0804313654006
8.68211818946 -2 1.25056744313 -3.42344350205 -2.21449400986 0.0808418336386
8.68943660965 -2 1.24538208818 -3.41110312432 -2.21390897415 0.0846565023402
8.68990608027 -2 1.24507558617 -3.41016541925 -2.21386996242 0.0849014920713
8.73021361144 -2 1.21503241921 -3.34873614021 -2.20985042521 0.106062392183
8.73501694918 -2 1.21138594687 -3.34160309659 -2.20928261441 0.108600783899
8.74365335499 -2 1.20472796107 -3.32924020976 -2.2082138158 0.113173763234
8.76012073755 -2 1.19175535683 -3.30685189823 -2.20600479474 0.121925118027
8.79960839492 -2 1.15956884639 -3.25728273179 -2.1997863635 0.143080614833
8.81960120897 -2 1.14278526635 -3.23388965187 -2.19613773157 0.153883438364
8.82439102839 -2 1.13867275542 -3.22869023238 -2.19521330649 0.156480698604
8.84134231798 -2 1.12410875777 -3.21004356323 -2.19178485036 0.165700879937
8.86694766824 -2 1.10164892434 -3.18351517633 -2.18613971465 0.179712206216
8.87427583753 -2 1.09515920844 -3.17606535223 -2.18442022641 0.18374080952
8.89010998134 -2 1.08096515083 -3.160610358 -2.18054618737 0.192473780694
8.90568924817 -2 1.0668139642 -3.14602345373 -2.17652182737 0.201103910821
8.93585729179 -2 1.03903751995 -3.11870405845 -2.16812512992 0.217921890359
9.03428877761 -2 0.944920632216 -3.03840078168 -2.13510273939 0.273771046395
9.03705752612 -2 0.942216043789 -3.03622786706 -2.1340475654 0.275363612062
9.08119011627 -2 0.898525759519 -3.00309136994 -2.11628116103 0.30090796309
9.08829433019 -2 0.891417281899 -2.99787515599 -2.11325367671 0.305048010572
9.18178262748 -2 0.796214871896 -2.93068123422 -2.06901925285 0.360254225515
9.18482554825 -2 0.793067959393 -2.92851977875 -2.06744077364 0.362073761011
9.20904950957 -2 0.767904723643 -2.91138718819 -2.05455915069 0.376609569046
9.21124430627 -2 0.765617851359 -2.90982604063 -2.0533642208 0.377931047081
9.27665952329 -2 0.696743599872 -2.86362213835 -2.01560989546 0.41765825488
9.28696951484 -2 0.685775347924 -2.85632583573 -2.0092788426 0.423979790001
9.33144803412 -2 0.63812059557 -2.8247137706 -1.98076374168 0.451439514895
9.3345917181 -2 0.634731803796 -2.82247089609 -1.97867405997 0.453391874617
9.42728405269 -2 0.533622872088 -2.75564557804 -1.91259244685 0.511642572945
9.67736282143 -2 0.249824556289 -2.56610755604 -1.68978300191 0.675408407644
9.70157159752 -2 0.221530558187 -2.54686776252 -1.6646480898 0.691773627665
9.7976934225 -2 0.107847614963 -2.46843213054 -1.55843209349 0.75764405722
9.97980325532 -2 -0.112712263696 -2.30708120125 -1.32835269125 0.886346791311
10.0335052493 -2 -0.178759197052 -2.25473759735 -1.25309415344 0.925275993732
10.3314664317 -2 -0.546700468965 -1.8874300347 -0.771525946218 1.14934987674
10.5187298595 -2 -0.774213133775 -1.5624222017 -0.411018622796 1.29718180393
10.8992980915 -2 -1.25662893776 -0.83638556163 0.468181218941 1.61427545662
