1.77034980863 -2 1.25983349364 -1.9090069965 0.365027780257 0.278157993382
1.8432278434 -2 1.288697877 -1.88643642185 0.373268507311 0.266780128729
2.31646863451 -2 1.46742871347 -1.761626632 0.415084670717 0.260197246881
2.33512630927 -2 1.47480831326 -1.75687702954 0.41755080133 0.260901850235
2.45692219066 -2 1.52467720474 -1.72560413351 0.436637269012 0.264979419535
2.48579163325 -2 1.53698911214 -1.71811702219 0.441966232897 0.265684586204
2.62338254656 -2 1.59873099032 -1.68210498987 0.471805417896 0.266647920042
2.66057751736 -2 1.61637306438 -1.67231234424 0.481134300875 0.266049699553
2.67432180343 -2 1.62300186143 -1.66869251907 0.484715281624 0.265720116111
2.68771619993 -2 1.62951999789 -1.66516528299 0.4882738072 0.265339999177
2.69564571163 -2 1.63340604363 -1.66307764879 0.490412200856 0.265086931082
2.6958551585 -2 1.63350896488 -1.66302251375 0.490469002032 0.265079960153
2.77642195416 -2 1.67418018351 -1.64187188798 0.513507557116 0.261247816131
2.79288973227 -2 1.68276479335 -1.63757203716 0.518500314896 0.260167533119
2.80088896053 -2 1.68696874548 -1.63548751997 0.520959065423 0.259604609134
2.82161402402 -2 1.69796488383 -1.63010115124 0.527429536678 0.258027836562
2.83820738572 -2 1.70687806672 -1.62580546544 0.532712242955 0.256640159891
2.84523511219 -2 1.71068251769 -1.62399116657 0.534976456096 0.256018311787
2.84993723142 -2 1.71323784136 -1.62277903875 0.536500199407 0.255590790943
2.86424727594 -2 1.72106320751 -1.61909946961 0.541180291239 0.254232707287
2.87842567569 -2 1.72888921394 -1.61546857892 0.545879874088 0.252801565324
2.91838323924 -2 1.75133665062 -1.60532663248 0.559446713722 0.248300467692
2.99775736577 -2 1.79766686493 -1.58567736059 0.587693462974 0.237236551487
3.02880159727 -2 1.81642307814 -1.57821512235 0.599159768899 0.232114791728
3.03939363638 -2 1.8229047683 -1.57570235091 0.603120253726 0.23026272267
3.04759783229 -2 1.82795402353 -1.5737683733 0.606203935739 0.228791320796
3.05192664923 -2 1.83062831368 -1.57275238722 0.607836496055 0.228001945502
3.06671367828 -2 1.83981634224 -1.56930569645 0.613441046844 0.225237411882
3.08083304238 -2 1.84866572694 -1.56605032833 0.618831141901 0.222498977452
3.10046009441 -2 1.86109072324 -1.56158598486 0.626382738654 0.21853113238
3.1095014817 -2 1.86686276739 -1.5595542941 0.629883215347 0.216639907822
3.11363412366 -2 1.86951120454 -1.55863103406 0.631487574276 0.21576210212
3.14177250774 -2 1.88771295001 -1.55243808852 0.64247954927 0.209561492137
3.18230002403 -2 1.91444513228 -1.54382375806 0.65849541814 0.199940713373
3.30681810541 -2 2.00033637803 -1.51999523136 0.708559945447 0.165231792694
3.3131140677 -2 2.00482717937 -1.51890996551 0.711107238048 0.163269558408
3.33652743523 -2 2.02164984234 -1.51498568443 0.720579163082 0.155797430292
3.33763982571 -2 2.02245387577 -1.51480369873 0.721029032484 0.155435564201
3.35191143561 -2 2.03280752602 -1.51250562348 0.726798340224 0.150737807407
3.35515579443 -2 2.03517106185 -1.51199281847 0.728109116004 0.149655607522
3.3694538057 -2 2.04563045482 -1.50977610031 0.733881313699 0.144823445997
3.37171981058 -2 2.04729454129 -1.50943132962 0.734795347671 0.144048226497
3.40553697876 -2 2.07233618184 -1.50450491423 0.748402728306 0.132174270445
3.40645287465 -2 2.0730197672 -1.50437731047 0.748770234446 0.131844748975
3.44119637405 -2 2.09915655163 -1.49977208228 0.762659033177 0.119037266953
3.44469822014 -2 2.10181295188 -1.49933386778 0.76405254025 0.11771324406
3.45981080518 -2 2.11332261539 -1.4974987026 0.770050911945 0.111929978206
3.47079374606 -2 2.12173336116 -1.49622289706 0.774393250842 0.107656615529
3.47430388468 -2 2.12442956477 -1.49582557346 0.775777844589 0.106278386546
3.48896379661 -2 2.13573238543 -1.49422150823 0.781542617723 0.100457200308
3.50917349196 -2 2.15142471485 -1.492159237 0.789438600678 0.0922608006383
3.51126158448 -2 2.15305329728 -1.49195617567 0.790250804703 0.0914026529798
3.51791720477 -2 2.15825322626 -1.49132161674 0.792834878542 0.0886533212849
3.5188040559 -2 2.15894713547 -1.4912385267 0.793178646462 0.0882853630914
3.52359962437 -2 2.1627035543 -1.49079522141 0.79503522923 0.0862890965336
3.52574461775 -2 2.16438602075 -1.49060022429 0.795864374665 0.0853926099239
3.5278124682 -2 2.16600930366 -1.49041417134 0.796662941163 0.0845262702012
3.53076166355 -2 2.16832669628 -1.49015211061 0.797800562567 0.0832871308902
3.54714501159 -2 2.18124799103 -1.48876740326 0.804091399732 0.0763275978725
3.57774043944 -2 2.20559115325 -1.48651101643 0.815698377466 0.0629888498575
3.58974682911 -2 2.21521825453 -1.48574570388 0.820198883875 0.057633705446
3.59149578805 -2 2.2166240609 -1.48563997412 0.820851764033 0.0568479877269
3.5949991145 -2 2.21944263195 -1.48543261756 0.822157431179 0.0552698209971
3.61776138349 -2 2.2378397353 -1.48423086923 0.830569843312 0.0448768156716
3.70990932552 -2 2.31373055724 -1.48205966872 0.863197400608 0.000389599393557
3.71842160709 -2 2.32084915527 -1.48208676147 0.866081467435 -0.00391066217553
3.74541780764 -2 2.34353855532 -1.48243833722 0.875066301198 -0.0177562853861
3.75623792631 -2 2.3526795627 -1.48269430468 0.878595850442 -0.0233932965331
3.75742376057 -2 2.3536829745 -1.48272640906 0.878980108375 -0.0240141083798
3.76998693964 -2 2.36433262701 -1.48311605617 0.883019416585 -0.0306276664728
3.77538044454 -2 2.36891523173 -1.48331126078 0.884735536217 -0.0334872710877
3.7958269861 -2 2.38634408752 -1.48420533702 0.891140443788 -0.0444377499308
3.79815603879 -2 2.38833495542 -1.4843227749 0.89185970592 -0.0456960589758
3.80477539689 -2 2.39399924758 -1.48467410203 0.89389216262 -0.0492844037929
3.80605799408 -2 2.39509782022 -1.48474518987 0.894283957777 -0.0499817672726
3.8075555481 -2 2.39638092981 -1.48482943269 0.894740579766 -0.0507968532318
3.86327547457 -2 2.44443130625 -1.4889294848 0.91106627994 -0.0817625717863
3.86460737381 -2 2.44558692076 -1.48905086488 0.911440133602 -0.0825177197229
3.8703872649 -2 2.45060542564 -1.48959045481 0.913053315801 -0.0858026875323
3.89462669181 -2 2.47171405882 -1.49208262773 0.919653138636 -0.0997181559003
3.89912847905 -2 2.47564511715 -1.49258659148 0.920848898638 -0.102327022715
3.91619468167 -2 2.49057689481 -1.49461536037 0.92529469148 -0.112285726297
3.93013256905 -2 2.50280467158 -1.49641222912 0.928821192453 -0.120498428161
3.95334292859 -2 2.52322945605 -1.49968727571 0.934479971097 -0.134330342406
3.9651561036 -2 2.5336530913 -1.50149131248 0.937255088775 -0.141443549302
3.97441749826 -2 2.54183769946 -1.50297098303 0.939380216421 -0.147054220957
3.98352280311 -2 2.54989473941 -1.50448204442 0.941425647122 -0.152599119295
3.98897609924 -2 2.55472498127 -1.50541391387 0.942629636111 -0.155933574666
3.99224726142 -2 2.55762407463 -1.50598259155 0.943344225178 -0.157938580375
4.00234540239 -2 2.56658131971 -1.50778414899 0.945513820574 -0.164150749367
4.00642707744 -2 2.5702050539 -1.50853214536 0.946375072962 -0.166671363632
4.01308960822 -2 2.57612392928 -1.5097776989 0.947761313137 -0.170797602717
4.0136194529 -2 2.57659483489 -1.50987806516 0.947870507909 -0.171126373066
4.03560800673 -2 2.59616227595 -1.51421473495 0.952264396256 -0.184850771494
4.03793743932 -2 2.59823794169 -1.51469386424 0.952713969927 -0.186313813524
4.04593874218 -2 2.60537132703 -1.51636854532 0.954234693155 -0.191352263769
4.04715688756 -2 2.60645783439 -1.5166274438 0.954463005616 -0.192121103307
4.05980842471 -2 2.61774961454 -1.51937813251 0.956783705457 -0.200133552704
4.06048175063 -2 2.61835094098 -1.51952769439 0.95690461749 -0.200561371596
4.06481103895 -2 2.62221814826 -1.52049700431 0.957675735045 -0.203315447359
4.06534562495 -2 2.62269577721 -1.52061761775 0.95777019436 -0.203655922323
4.06814035323 -2 2.62519309951 -1.52125146829 0.958261287718 -0.205437289542
4.07939760334 -2 2.6352582386 -1.5238609364 0.960192863329 -0.212636656501
4.09872665573 -2 2.65256048939 -1.52855308551 0.963333347603 -0.225086296631
4.12292046525 -2 2.67424795113 -1.53480648247 0.966944645598 -0.240821851509
4.14293868056 -2 2.69221292679 -1.54030351553 0.96965836555 -0.253965572296
4.14785201134 -2 2.69662459063 -1.54169775307 0.970285865539 -0.257208298835
4.15898725633 -2 2.7066256256 -1.54492360204 0.971651101991 -0.264581247534
4.1651354135 -2 2.71214895056 -1.54674410153 0.972370842831 -0.2686661062
4.17213240669 -2 2.7184358506 -1.54885016302 0.97316026413 -0.273326873798
4.17382950899 -2 2.71996086231 -1.54936648323 0.973346952671 -0.274459228669
4.1810533603 -2 2.7264527132 -1.5515883185 0.974120617967 -0.27928739563
4.18735627123 -2 2.73211750415 -1.55355882054 0.974767761669 -0.283510794534
4.18993663854 -2 2.73443674517 -1.55437413064 0.975025164981 -0.285242686609
4.20217433625 -2 2.74543656847 -1.55830906486 0.976185985177 -0.293478727252
4.2032098471 -2 2.74636735538 -1.55864720728 0.976279646184 -0.294177307513
4.21428494153 -2 2.75632228366 -1.56231446856 0.97723654897 -0.301664916869
4.22527235766 -2 2.76619765694 -1.56604464611 0.978104352565 -0.309121869586
4.23713353144 -2 2.77685662984 -1.57017468683 0.978949209458 -0.317203073472
4.2371439948 -2 2.77686603161 -1.5701783776 0.978949912354 -0.317210216417
4.25376030421 -2 2.79179334093 -1.57614536359 0.979971165267 -0.328584235392
4.26152573381 -2 2.79876682903 -1.57900671945 0.980382952142 -0.333920395419
4.26941768024 -2 2.80585183612 -1.58196234901 0.980758374756 -0.339356640455
4.26984015933 -2 2.80623105223 -1.58212192964 0.980777243074 -0.33964802765
4.27577006229 -2 2.8115529654 -1.58437637354 0.98102885265 -0.343741841309
4.27627394858 -2 2.81200512157 -1.58456919747 0.981049092815 -0.344090042989
4.29215628116 -2 2.82625098726 -1.59074795285 0.981595062641 -0.355091640772
4.29252480971 -2 2.82658139681 -1.59089365109 0.981605606088 -0.35534751724
4.29982907088 -2 2.83312862947 -1.59380324081 0.981794586052 -0.36042449973
4.31522130383 -2 2.84691537495 -1.60007105497 0.982067568824 -0.371156758942
4.31926538597 -2 2.85053513111 -1.6017486099 0.982110945773 -0.373983873767
4.32287187686 -2 2.85376226579 -1.60325547212 0.982139630146 -0.37650761327
4.32542900103 -2 2.8560498577 -1.60433007928 0.98215424442 -0.378298463527
4.32845814788 -2 2.85875910644 -1.60560970167 0.982165399213 -0.380421414736
4.33143200954 -2 2.86141824671 -1.60687299291 0.982169843198 -0.382507216308
4.37044857715 -2 2.8962374699 -1.62409420102 0.981625528212 -0.410012741693
4.372560093 -2 2.89811782193 -1.62506060804 0.981563851113 -0.411508395587
4.37883228432 -2 2.90370066385 -1.62795221009 0.981360956007 -0.415955269228
4.38290225652 -2 2.90732111996 -1.62984530818 0.981213505462 -0.418844028928
4.38487781601 -2 2.90907784458 -1.63076897597 0.981137441796 -0.420247130314
4.39130363436 -2 2.91478890397 -1.63379488771 0.98086968546 -0.424814952116
4.39237409018 -2 2.915739842 -1.6343021677 0.980822051286 -0.425576480339
4.39338380915 -2 2.91663670528 -1.634781504 0.980776325663 -0.426294952864
4.39368663008 -2 2.91690565744 -1.6349254187 0.980762461919 -0.426510456035
4.41314584327 -2 2.93416571226 -1.64432719749 0.979725589833 -0.440385844866
4.41324078412 -2 2.93424980978 -1.64437381216 0.979719823773 -0.440453670469
4.4282846582 -2 2.94756072947 -1.65185158706 0.978718900718 -0.451216002441
4.43976336983 -2 2.95769657253 -1.65767967278 0.97783802654 -0.459447175501
4.43986026508 -2 2.95778205319 -1.65772932114 0.977830157364 -0.45951672591
4.44252800522 -2 2.96013499418 -1.65909922289 0.977610644996 -0.461432044091
4.44568288891 -2 2.96291626152 -1.66072668281 0.977343927109 -0.463698200172
4.45029994101 -2 2.96698389656 -1.66312288507 0.976939662349 -0.467016730131
4.45922187577 -2 2.97483503189 -1.66780205244 0.976111443657 -0.473436294602
4.46311322129 -2 2.97825548958 -1.66986304558 0.97573075161 -0.476238980112
4.47058007352 -2 2.98481204884 -1.67385206297 0.974967066559 -0.481621414445
4.47102261252 -2 2.98520035496 -1.67408989747 0.974920432596 -0.481940599672
4.47384897271 -2 2.98767959052 -1.67561261484 0.974618967364 -0.483979613337
4.47977230289 -2 2.99287114461 -1.67882484037 0.973966792392 -0.488255493147
4.4856566048 -2 2.99802263083 -1.6820440694 0.973291536097 -0.492506629681
4.50267712967 -2 3.01288937816 -1.69151403522 0.971184108133 -0.504821401905
4.51181607505 -2 3.02085016026 -1.69669597218 0.969957571051 -0.511444138591
4.53109916846 -2 3.03759487542 -1.70785292117 0.9671505766 -0.525439817141
4.5442577832 -2 3.04897855005 -1.71564033103 0.965063652004 -0.535005674519
4.54982864272 -2 3.0537870851 -1.71897980074 0.964138032833 -0.539058879432
4.55031186996 -2 3.05420387565 -1.71927066718 0.964056559986 -0.539410552037
4.55052813137 -2 3.05439038808 -1.71940090204 0.964020036779 -0.539567942605
4.55464841477 -2 3.05794196207 -1.7218894756 0.963316951462 -0.54256712898
4.57315669334 -2 3.07384951542 -1.73323923159 0.9599887337 -0.556050979367
4.58658367556 -2 3.08534091804 -1.74164830273 0.957399576944 -0.565843326403
4.59923532825 -2 3.0961295633 -1.74970677272 0.954824922483 -0.575076845868
4.61015499787 -2 3.10540965183 -1.75676739384 0.952497040101 -0.583050599895
4.61365989188 -2 3.10838192913 -1.75905434113 0.951729046653 -0.585610655227
4.62550909515 -2 3.11840707672 -1.76686044206 0.949057580496 -0.594267710044
4.63565791097 -2 3.12696424716 -1.77363775396 0.946677163827 -0.601684532733
4.63651373874 -2 3.12768459336 -1.77421312603 0.946472526898 -0.602310044825
4.64800255727 -2 3.13733533061 -1.7819951098 0.943666579523 -0.610707772344
4.65587868465 -2 3.14393022182 -1.78739246385 0.941679577686 -0.61646529294
4.66001595995 -2 3.14738745379 -1.79024800034 0.94061512546 -0.619489726299
4.66478438705 -2 3.15136601997 -1.79355653546 0.93937058629 -0.622975518365
4.66634788083 -2 3.15266910283 -1.79464540429 0.938958391275 -0.624118440028
4.66753301762 -2 3.15365637426 -1.79547210569 0.938644585629 -0.62498477335
4.677983901 -2 3.1623446085 -1.80281195175 0.935826555778 -0.632623922868
4.68246782805 -2 3.16606234609 -1.80598848671 0.934589482702 -0.635901142933
4.6852649798 -2 3.16837847607 -1.80797839275 0.933809248641 -0.63794539272
4.68882723661 -2 3.17132470704 -1.81052185994 0.932806106736 -0.640548630583
4.69224972678 -2 3.17415169597 -1.81297530519 0.931832302981 -0.643049521902
4.69572376417 -2 3.17701758184 -1.81547549464 0.930833783237 -0.645587848437
4.69796585585 -2 3.17886519954 -1.81709431654 0.93018397515 -0.647225911471
4.69921024024 -2 3.17988997243 -1.81799455229 0.929821503417 -0.648135005125
4.70439852351 -2 3.18415739764 -1.82176159051 0.928296210866 -0.651924940975
4.70995898484 -2 3.18872151794 -1.82582326383 0.926636381473 -0.655985960502
4.71508019002 -2 3.19291636644 -1.82958641216 0.925084660939 -0.659725373947
4.71737673187 -2 3.1947947541 -1.83128090239 0.924381639938 -0.66140199805
4.72463768065 -2 3.20072235175 -1.83666666299 0.922129673232 -0.666701763583
4.74061891974 -2 3.2137074909 -1.84867206522 0.917016468666 -0.678359164547
4.74506638394 -2 3.2173058614 -1.8520500904 0.915555133357 -0.681601310948
4.74758805855 -2 3.21934310287 -1.85397255502 0.914719140231 -0.683439150709
4.75138104467 -2 3.22240330418 -1.85687398225 0.913451549699 -0.686202933843
4.75487239004 -2 3.22521573471 -1.85955501461 0.912274006877 -0.688746252897
4.75757192264 -2 3.22738741214 -1.86163480238 0.911356450004 -0.690712307727
4.76894829399 -2 3.23651106855 -1.87046450651 0.907421872757 -0.698993008941
4.7693947062 -2 3.2368681447 -1.87081312988 0.907265242754 -0.699317785665
4.77161136514 -2 3.23864014638 -1.87254661416 0.906484994726 -0.700930276485
4.77550989365 -2 3.24175234276 -1.87560503606 0.905102633852 -0.703765458388
4.77799374177 -2 3.24373232811 -1.87756006104 0.904215175436 -0.705571296341
4.79922951419 -2 3.26056752856 -1.89447866511 0.896414051202 -0.720992355443
4.80797928494 -2 3.26745486409 -1.90155574111 0.893088326472 -0.727336086921
4.81067081713 -2 3.26956759496 -1.90374516611 0.892052206666 -0.729286199714
4.8181252001 -2 3.27540431286 -1.90983943387 0.889150447259 -0.734683857952
4.82204901781 -2 3.27846791953 -1.91306531116 0.887604041704 -0.737523047078
4.83072181197 -2 3.28521784006 -1.92023942958 0.884139559612 -0.743793351739
4.83370479952 -2 3.28753253996 -1.92272093462 0.882933166804 -0.745948320938
4.83574352625 -2 3.28911247154 -1.92442103657 0.882104299818 -0.747420627154
4.84278164209 -2 3.29455383288 -1.93031580042 0.87921569013 -0.752500081914
4.85445356758 -2 3.3035331316 -1.94017917875 0.874332310408 -0.760912219615
4.85708097103 -2 3.30554665268 -1.94241451482 0.873217047827 -0.7628037634
4.86353319223 -2 3.3104791032 -1.94792734666 0.870453315058 -0.76744556572
4.86399945677 -2 3.31083486563 -1.94832701608 0.870252223002 -0.767780815041
4.86604574394 -2 3.31239510979 -1.95008309161 0.869367505233 -0.769251815889
4.86980348937 -2 3.3152556844 -1.95331660648 0.867733550126 -0.771951826917
4.87054211528 -2 3.31581725646 -1.95395351424 0.867410964734 -0.772482344396
4.87110458255 -2 3.31624474056 -1.95443881452 0.86716500287 -0.772886291822
4.88489032755 -2 3.32667968886 -1.9664120437 0.861052432425 -0.782774564571
4.88529190834 -2 3.32698242877 -1.96676309287 0.86087194763 -0.783062250745
4.89694446069 -2 3.33573617715 -1.97700516776 0.85557510691 -0.791400718261
4.89777243435 -2 3.33635589766 -1.97773701944 0.855194342863 -0.791992516838
4.90475650132 -2 3.34157117552 -1.98393189619 0.851959341319 -0.796980659014
4.90477406205 -2 3.34158426132 -1.98394752125 0.851951154944 -0.796993192633
4.90524153632 -2 3.3419325604 -1.98436355688 0.851733133631 -0.797326827129
4.9169373401 -2 3.35061460056 -1.99482862908 0.846217943892 -0.805663906363
4.91827398211 -2 3.3516028609 -1.99603149424 0.845580241926 -0.806615432662
4.92911099962 -2 3.35958500771 -2.00583586082 0.840353929311 -0.814320168724
4.93968670624 -2 3.36732207502 -2.01549282867 0.835157471365 -0.821821636259
4.94744983799 -2 3.37296796269 -2.02263736357 0.831282580703 -0.827316723778
4.95008773073 -2 3.3748798955 -2.02507579178 0.829954266377 -0.829181690994
4.95214355654 -2 3.37636764049 -2.02697993628 0.828914961694 -0.830634339255
4.96015642328 -2 3.38214692044 -2.03443308624 0.824829936754 -0.836289428574
4.96029415244 -2 3.38224598622 -2.0345616323 0.824759245729 -0.836386535243
4.96173281846 -2 3.38328023874 -2.03590525836 0.82401987391 -0.837400678598
4.96855477097 -2 3.38817078442 -2.04229847117 0.820490017177 -0.842204696635
4.97971755713 -2 3.39612384344 -2.05283766208 0.814629160958 -0.850047674532
4.98076777131 -2 3.39686890063 -2.05383417749 0.81407233883 -0.850784391464
4.98493316109 -2 3.39981854201 -2.05779498896 0.811854676039 -0.853704374004
4.98934034515 -2 3.40292992951 -2.06200031742 0.809492325471 -0.856790334813
4.99052439823 -2 3.40376418076 -2.06313269433 0.808854851398 -0.857618799031
4.99075935027 -2 3.40392963731 -2.06335752085 0.808728216499 -0.857783159883
5.01450120593 -2 3.42050366854 -2.08629512587 0.795691815756 -0.87433651499
5.01485128822 -2 3.42074588309 -2.08663658363 0.795496038049 -0.874579761747
5.02677933849 -2 3.4289602945 -2.09832669732 0.788763923698 -0.882852636404
5.03155104457 -2 3.43222537628 -2.10303358052 0.786037345421 -0.886153799454
5.03494625858 -2 3.43454120699 -2.10639320911 0.78408567292 -0.888499728018
5.03611341519 -2 3.43533588754 -2.10755015399 0.783412523683 -0.889305605634
5.04668766614 -2 3.44250221495 -2.11807892391 0.777261905943 -0.89659323277
5.04862711014 -2 3.44381004969 -2.12001920389 0.776123654197 -0.897927201392
5.05021291877 -2 3.44487789718 -2.12160780614 0.775190612559 -0.899017313803
5.05314378588 -2 3.44684787127 -2.12454882859 0.773460647666 -0.901030561031
5.05685556249 -2 3.44933599452 -2.12828275423 0.771259447979 -0.903577445157
5.06314030354 -2 3.45353160397 -2.13462862212 0.767506183819 -0.907882644325
5.06387632979 -2 3.45402154007 -2.13537374738 0.767064472255 -0.908386246037
5.06681068638 -2 3.45597181323 -2.13834841778 0.765298988507 -0.910392734608
5.06693710801 -2 3.45605573005 -2.13847672127 0.765222764527 -0.910479135682
5.07008545199 -2 3.45814268838 -2.14167579051 0.763320225869 -0.912629622103
5.07234399995 -2 3.45963642134 -2.14397529632 0.761950306503 -0.914170897259
5.0791647878 -2 3.46413014328 -2.15094290494 0.757787413138 -0.918818189877
5.09235591967 -2 3.47274629797 -2.16451625266 0.749626949164 -0.927774025245
5.0965241057 -2 3.47544824832 -2.16883205232 0.747018390017 -0.93059503203
5.10047422034 -2 3.47799962707 -2.17293391469 0.744533039746 -0.933264443174
5.1045882881 -2 3.4806473302 -2.17721827239 0.741930822187 -0.936040467878
5.11729713512 -2 3.48876423264 -2.19053181322 0.733804061295 -0.944588566323
5.11843278395 -2 3.4894849481 -2.19172726408 0.733071386733 -0.945350375555
5.12397572236 -2 3.49299174342 -2.1975756246 0.729480086023 -0.949063786856
5.12577761878 -2 3.49412781763 -2.19948164047 0.728307189569 -0.950269189692
5.12984090492 -2 3.49668259473 -2.20378840311 0.725652520161 -0.952984199933
5.131774238 -2 3.49789471909 -2.2058418039 0.724384659415 -0.954274460896
5.13299705908 -2 3.49866022799 -2.20714197029 0.723581163588 -0.955090022513
5.13426367858 -2 3.4994522127 -2.20848985104 0.722747596693 -0.955934369073
5.13496165677 -2 3.49988823009 -2.20923310666 0.72228769309 -0.956399465387
5.13938296258 -2 3.50264336812 -2.21394943012 0.719365193622 -0.959342511803
5.14098681734 -2 3.50363990437 -2.21566380561 0.718301086821 -0.960408797508
5.14378131188 -2 3.50537252243 -2.21865531394 0.716442004822 -0.962264961202
5.1444603585 -2 3.50579282609 -2.21938308643 0.715989294715 -0.962715672962
5.14450500768 -2 3.50582045243 -2.21943095114 0.715959514587 -0.962745304026
5.1534091117 -2 3.51130560506 -2.22900504547 0.70998814489 -0.96864333937
5.15480188973 -2 3.51215922106 -2.23050778618 0.709048259892 -0.969563896969
5.16833534265 -2 3.5203916314 -2.24518215102 0.699833390319 -0.978480053964
5.17524459928 -2 3.52455080888 -2.25272431722 0.695071618606 -0.983011617222
5.1763087064 -2 3.52518872518 -2.25388891786 0.694334816183 -0.983708287956
5.1783961222 -2 3.52643804101 -2.25617580341 0.692886801617 -0.98507394834
5.18246647552 -2 3.52886627963 -2.26064399947 0.690053124676 -0.987733201799
5.1831250394 -2 3.52925817791 -2.26136803524 0.689593392318 -0.988162992961
5.19276904243 -2 3.53496574036 -2.27200589741 0.682821043159 -0.994441931664
5.19422369733 -2 3.5358215206 -2.27361615016 0.681793038526 -0.995386574629
5.19447947222 -2 3.53597185488 -2.27389943796 0.681612106606 -0.99555260647
5.19566939646 -2 3.5366706966 -2.27521796316 0.680769678237 -0.996324762701
5.20295124722 -2 3.54092760592 -2.28330844123 0.675589604999 -1.00104058127
5.21250120912 -2 3.54645875424 -2.29397508986 0.668731706666 -1.00720033209
5.21370786216 -2 3.54715342616 -2.29532735925 0.667860014435 -1.00797659213
5.22111848428 -2 3.55139895844 -2.30365444296 0.662481087443 -1.01273385228
5.221347958 -2 3.55152985158 -2.30391290275 0.662313828115 -1.0128808841
5.22203716399 -2 3.55192277157 -2.30468938512 0.661811226217 -1.01332238111
5.22223581514 -2 3.55203596593 -2.30491325309 0.661666290171 -1.01344960639
5.23171445184 -2 3.55740691911 -2.31562675921 0.654714237378 -1.01950538349
5.23335046805 -2 3.55832795644 -2.31748217366 0.653507099047 -1.02054766482
5.23374879973 -2 3.55855193952 -2.31793420195 0.653212868213 -1.02080130371
5.23916205939 -2 3.56158540393 -2.32408797568 0.649201876067 -1.02424305742
5.24279160844 -2 3.56360840749 -2.32822526433 0.646499569157 -1.02654531956
5.24951252306 -2 3.56733120724 -2.33591009439 0.64146822324 -1.03079690631
5.25669570544 -2 3.57127651541 -2.34415742136 0.636051538443 -1.03532415804
5.26116374672 -2 3.57371296806 -2.34930499015 0.632661862281 -1.03813134828
5.26763867453 -2 3.57721972223 -2.35678854342 0.627721939981 -1.0421873004
5.27601439852 -2 3.58171343093 -2.36651072315 0.621283310454 -1.04741241515
5.28154596933 -2 3.58465476165 -2.37295722488 0.617001127975 -1.05084978324
5.28305684807 -2 3.58545447453 -2.37472154642 0.615827374449 -1.05178678173
5.28963891259 -2 3.58891991219 -2.38242539183 0.610693348187 -1.05585931257
5.29312646413 -2 3.59074387958 -2.38651894451 0.607959472884 -1.05801090052
5.30840235321 -2 3.59863260879 -2.40454343991 0.59587440496 -1.06738327192
5.31069481227 -2 3.59980227094 -2.40726155905 0.59404533754 -1.06878242632
5.31973380583 -2 3.60437776434 -2.41801218636 0.586794324853 -1.0742802178
5.32256584987 -2 3.60579933616 -2.42139139688 0.584509664357 -1.0759964838
5.32459495385 -2 3.60681433142 -2.42381571806 0.582868998513 -1.07722430281
5.3331572863 -2 3.6110647624 -2.43407493776 0.575911370041 -1.082388268
5.33750372734 -2 3.61320212386 -2.43930073345 0.572358278852 -1.0849989398
5.3521825649 -2 3.62031883763 -2.45703815821 0.560253560458 -1.0937618763
5.35246232443 -2 3.62045294236 -2.45737753462 0.560021289459 -1.09392807229
5.35663043366 -2 3.62244413924 -2.46243970574 0.556553772272 -1.09640057079
5.35901573627 -2 3.62357789267 -2.4653415689 0.554563560575 -1.09781244082
5.36370645105 -2 3.6257951642 -2.47105850084 0.550637420272 -1.10058232464
5.36398738435 -2 3.62592744258 -2.47140133231 0.550401758366 -1.10074793942
5.36675115891 -2 3.62722565346 -2.47477667558 0.548080227693 -1.102375553
5.36678809818 -2 3.62724296631 -2.47482182103 0.5480491608 -1.10239728625
5.36952687377 -2 3.62852376032 -2.47817138995 0.545742957117 -1.10400712648
5.37666771598 -2 3.63183688996 -2.48692665405 0.539703828023 -1.10819030715
5.38044655667 -2 3.63357471661 -2.4915725816 0.536492752157 -1.11039565053
5.38243356616 -2 3.63448420854 -2.49401905578 0.534800064814 -1.11155294636
5.38819942533 -2 3.63710651917 -2.50113190143 0.52987182328 -1.11490202714
5.40022656061 -2 3.64249545908 -2.51603406004 0.519513499996 -1.12184384529
5.40410731546 -2 3.64421079288 -2.52086121056 0.516148698114 -1.12407089555
5.40844463083 -2 3.64611429389 -2.52626700676 0.512375088876 -1.12655247311
5.40915364263 -2 3.6464240832 -2.52715175644 0.511756927687 -1.12695737778
5.41087879897 -2 3.64717624461 -2.52930577521 0.51025130723 -1.12794169844
5.4121820182 -2 3.64774292568 -2.53093414873 0.509112502189 -1.12868443995
5.4169308905 -2 3.64979681398 -2.53687646038 0.504952366992 -1.13138485658
5.42179072656 -2 3.65188065528 -2.54297153473 0.500678196976 -1.13413841582
5.43804356916 -2 3.65871627312 -2.56345681864 0.486261035882 -1.14327325081
5.44859387387 -2 3.66304271215 -2.57683728554 0.47680169476 -1.14914127299
5.45552155671 -2 3.6658357602 -2.58565838495 0.470547604606 -1.15296762281
5.45578658567 -2 3.66594185612 -2.58599639781 0.470307674295 -1.15311358086
5.46151256188 -2 3.66822041571 -2.5933090238 0.465111923944 -1.15625933651
5.46316440684 -2 3.66887288147 -2.59542207145 0.463608772711 -1.15716409523
5.46539495907 -2 3.66975047128 -2.59827787009 0.461575982108 -1.15838387472
5.46714480198 -2 3.67043614335 -2.60052019126 0.45997885083 -1.15933920421
5.46861750846 -2 3.67101131856 -2.60240872467 0.458633016108 -1.16014215611
5.48068513666 -2 3.67565870348 -2.61792982437 0.447548267798 -1.16668447815
5.4834903899 -2 3.67672219775 -2.62154958156 0.44495706705 -1.16819575166
5.48577251104 -2 3.6775826632 -2.62449755336 0.442845082843 -1.16942252037
5.5097455077 -2 3.68636480408 -2.65563882113 0.420444112146 -1.18216259423
5.51122881666 -2 3.68689268904 -2.65757597666 0.419045250025 -1.18294198058
5.51235383903 -2 3.68729185378 -2.65904601479 0.417983287142 -1.18353241169
5.51499850523 -2 3.68822607489 -2.66250442438 0.415483501621 -1.1849180022
5.51592509346 -2 3.68855201989 -2.66371700843 0.414606560888 -1.18540266933
5.52390593602 -2 3.69132993093 -2.67418024922 0.407029500242 -1.18956013926
5.52437798413 -2 3.6914925785 -2.67480019211 0.406580000098 -1.18980508418
5.53130319924 -2 3.69385733539 -2.68390872207 0.399968510102 -1.19338617782
5.53465709884 -2 3.69498817406 -2.68832913029 0.39675509617 -1.19511214214
5.53515132274 -2 3.69515401486 -2.68898101394 0.396280944022 -1.19536601337
5.53644199522 -2 3.69558614352 -2.69068402284 0.395041927237 -1.19602843921
5.55067344148 -2 3.70025792521 -2.70951977183 0.38130731203 -1.20327837517
5.55801038816 -2 3.70259946485 -2.71927141318 0.374174723028 -1.20697689017
5.55869086653 -2 3.70281431529 -2.72017724643 0.373511424156 -1.20731855556
5.55907731481 -2 3.70293615469 -2.72069178069 0.373134598471 -1.20751248658
5.56058535192 -2 3.70341039088 -2.72270037732 0.371663185536 -1.2082685487
5.5630392638 -2 3.7041779312 -2.72597128927 0.36926572178 -1.2094963937
5.57084279918 -2 3.70658450855 -2.73639322073 0.361615867345 -1.21338085104
5.58456925859 -2 3.71069067704 -2.75479965366 0.348065047744 -1.22013868536
5.5869028869 -2 3.71137257791 -2.75793823499 0.345749356936 -1.22127800172
5.58745191302 -2 3.71153232093 -2.75867703055 0.34520404994 -1.22154563873
5.59524373201 -2 3.71377118032 -2.76917802761 0.337444507533 -1.22532720253
5.5953921865 -2 3.71381332361 -2.76937838732 0.337296297041 -1.22539894637
5.61790465471 -2 3.71998087279 -2.7998851152 0.314661798043 -1.236145366
5.62299113254 -2 3.72131258846 -2.80681124993 0.309504369723 -1.23853643624
5.62593916202 -2 3.7220739396 -2.81083107036 0.306507971239 -1.23991595732
5.63781321369 -2 3.72506228154 -2.82706298781 0.294385598676 -1.24542528571
5.63921356924 -2 3.72540642135 -2.82898157143 0.292950337313 -1.24607002426
5.64041951794 -2 3.72570138018 -2.83063452397 0.291713382962 -1.24662440684
5.64079159541 -2 3.72579212268 -2.83114465203 0.291331562685 -1.24679529457
5.6444712501 -2 3.72668284359 -2.83619295597 0.287551083236 -1.24848124903
5.65660163602 -2 3.72953306753 -2.85287862189 0.275031091971 -1.25398699675
5.6585915176 -2 3.72998795969 -2.85562205406 0.272968966504 -1.25488247903
5.68514721559 -2 3.73571448964 -2.8924004811 0.245227545449 -1.26662314164
5.68977343115 -2 3.7366462062 -2.89883866765 0.240353100056 -1.26862813411
5.69025282913 -2 3.73674163225 -2.899506352 0.239847280138 -1.26883521378
5.69226676606 -2 3.73714020468 -2.90231233369 0.23772091567 -1.26970373008
5.69454585956 -2 3.73758674941 -2.90548981156 0.235311811436 -1.27068382661
5.69813546706 -2 3.73828035304 -2.91049880036 0.231511465321 -1.27222151789
5.70349851826 -2 3.73929445401 -2.91799246881 0.225820012308 -1.27450524162
5.7048084858 -2 3.7395381113 -2.91982466473 0.224427373154 -1.27506056446
5.70493299322 -2 3.73956118725 -2.91999884476 0.224294958048 -1.27511329471
5.71124916662 -2 3.74071294252 -2.92884321935 0.217566263622 -1.27777660635
5.71640802895 -2 3.74162614492 -2.93607910122 0.21205399609 -1.27993490261
5.73036931409 -2 3.74397289438 -2.95571492754 0.197062773727 -1.2856985657
5.73224415705 -2 3.74427412561 -2.9583576788 0.19504151255 -1.28646391671
5.73894777195 -2 3.74532415032 -2.96781822994 0.187798807208 -1.28918363163
5.74380179099 -2 3.7460580186 -2.97467938472 0.182539339477 -1.29113645796
5.7591751332 -2 3.74823505095 -2.99646879863 0.165799133433 -1.29722926143
5.75975597958 -2 3.74831290262 -2.99729380179 0.165164198893 -1.29745670538
5.76252662795 -2 3.74867983172 -3.00123080484 0.162133119375 -1.29853883967
5.76616708474 -2 3.7491508192 -3.00640808616 0.158144384373 -1.29995370143
5.76630575538 -2 3.74916850957 -3.00660539314 0.157992310965 -1.30000743839
5.7723708296 -2 3.74992424135 -3.01524192826 0.151331291985 -1.30234642269
5.77505862138 -2 3.75024788208 -3.01907355399 0.148373333188 -1.30337586835
5.77580621564 -2 3.75033666893 -3.02013976215 0.147549933757 -1.30366142636
5.77586990707 -2 3.75034420834 -3.02023060723 0.147479770847 -1.30368573889
5.78503761662 -2 3.75138874267 -3.03332190841 0.137358951299 -1.30715959434
5.79581659012 -2 3.75251317644 -3.04875190074 0.125404958482 -1.31117843354
5.80014683077 -2 3.75293322618 -3.05496190942 0.120586308872 -1.31277285149
5.80379918721 -2 3.75327336549 -3.06020473401 0.116514772295 -1.31410868293
5.80471649258 -2 3.75335675536 -3.06152220241 0.115491152907 -1.31444288809
5.80541762971 -2 3.7534199419 -3.06252939329 0.114708475754 -1.31469798494
5.80871247881 -2 3.75371046408 -3.06726469156 0.111027210772 -1.31589268294
5.81174867522 -2 3.75396881143 -3.071631472 0.10763022532 -1.31698763211
5.81328369156 -2 3.75409600084 -3.07384036039 0.105911092152 -1.31753902721
5.81733189065 -2 3.75442038664 -3.07966944869 0.101371842456 -1.31898614684
5.82169896006 -2 3.75475234228 -3.08596370293 0.0964661580402 -1.32053578125
5.82659473868 -2 3.75510225427 -3.09302733302 0.0909556636049 -1.32225882344
5.82768100582 -2 3.75517670155 -3.09459564351 0.0897314516348 -1.32263908904
5.82924281965 -2 3.75528170746 -3.09685119043 0.087970318882 -1.32318452678
5.83137354982 -2 3.75542109338 -3.09992960892 0.0855657962061 -1.32392617178
5.83323620858 -2 3.75553928106 -3.10262190333 0.0834620298651 -1.32457216373
5.83401558369 -2 3.75558771885 -3.10374874001 0.0825812839073 -1.32484181022
5.83555145904 -2 3.75568141992 -3.10596989935 0.0808448038615 -1.32537206548
5.83600793446 -2 3.75570882021 -3.10663018972 0.0803284929081 -1.32552937439
5.8381222262 -2 3.75583305029 -3.10968935601 0.0779357796409 -1.32625627383
5.84026813151 -2 3.75595462397 -3.11279568703 0.0755051474896 -1.32699114575
5.8459318366 -2 3.75625362365 -3.12100107919 0.0690796487636 -1.32891665317
5.85679000014 -2 3.75673790895 -3.13675928629 0.0567195966284 -1.33255092014
5.85932618451 -2 3.75683413804 -3.14044506832 0.0538248462957 -1.33338890802
5.8634048844 -2 3.75697544879 -3.14637652315 0.0491633908886 -1.33472788521
5.86741546565 -2 3.7570982082 -3.1522136423 0.0445724836871 -1.33603404021
5.86780474176 -2 3.75710926771 -3.15278045389 0.0441264960542 -1.3361602653
5.86874972703 -2 3.75713548471 -3.15415659586 0.04304355934 -1.3364662746
5.8696174669 -2 3.7571587719 -3.15542047442 0.0420487935196 -1.33674676098
5.87470351668 -2 3.75728010376 -3.16283271505 0.0362114805086 -1.33838095106
5.88157505016 -2 3.75740282054 -3.17285863808 0.0283068150673 -1.34056212608
5.88374974565 -2 3.75743177236 -3.17603436607 0.0258008478701 -1.34124600775
5.88977452304 -2 3.75748710689 -3.1848391714 0.0188475920251 -1.34312447323
5.89334095195 -2 3.75750261223 -3.19005589799 0.0147241658829 -1.34422523091
5.89751291292 -2 3.7575044392 -3.19616266649 0.0098937321319 -1.34550226168
5.90191260696 -2 3.7574872818 -3.20260775689 0.00479161312235 -1.34683656159
5.90589602586 -2 3.75745482151 -3.20844739563 0.000165190434194 -1.34803357232
5.90749169587 -2 3.75743730038 -3.21078777348 -0.00168991793008 -1.34851011766
5.90770783533 -2 3.75743472818 -3.21110483655 -0.00194128104984 -1.34857453754
5.90992850239 -2 3.75740555083 -3.21436310616 -0.00452497115919 -1.34923460488
5.91941992738 -2 3.75722426473 -3.22830337494 -0.0155909891901 -1.35201880042
5.92408278405 -2 3.75710154278 -3.23515997724 -0.0210409056806 -1.35336453777
5.92878886727 -2 3.75695514174 -3.24208548035 -0.0265502636196 -1.35470795747
5.93030288629 -2 3.7569032211 -3.24431464664 -0.0283246002053 -1.35513698926
5.93227448482 -2 3.75683208675 -3.24721834412 -0.0306365649726 -1.35569337166
5.93287030721 -2 3.75680980541 -3.24809602964 -0.0313355518545 -1.35586099618
5.93556018685 -2 3.7567046803 -3.25205943433 -0.0344929299696 -1.35661476517
5.93603365873 -2 3.7566854074 -3.25275724641 -0.0350489875827 -1.35674693747
5.93850988888 -2 3.75658085938 -3.25640760883 -0.0379585783466 -1.35743572078
5.94165492694 -2 3.75643898592 -3.26104593502 -0.0416575003351 -1.35830455222
5.9426703004 -2 3.75639100886 -3.2625438975 -0.0428525219331 -1.35858362154
5.94273328454 -2 3.75638799786 -3.2626368246 -0.042926663003 -1.35860090931
5.94301882193 -2 3.75637429631 -3.26305811906 -0.0432627995104 -1.35867924928
5.9541461695 -2 3.75577487783 -3.27949008641 -0.0563865708873 -1.3616889351
5.95764372272 -2 3.75556005019 -3.28466059858 -0.0605214439674 -1.36261748355
5.96091907711 -2 3.75534738871 -3.28950500607 -0.0643978291897 -1.36347944294
5.96297993054 -2 3.7552078842 -3.29255427267 -0.0668389206167 -1.36401801436
5.96398997107 -2 3.75513790366 -3.29404906804 -0.0680358998488 -1.36428090678
5.96411300972 -2 3.75512930663 -3.29423117195 -0.068181736603 -1.36431288324
5.96557583647 -2 3.75502589139 -3.29639647707 -0.0699160465869 -1.36469225863
5.97162232017 -2 3.75457485212 -3.30535128513 -0.0770931120194 -1.36624473613
5.97462379411 -2 3.75433683533 -3.30979921201 -0.08066080909 -1.36700601059
5.97596851739 -2 3.75422715621 -3.31179256219 -0.0822602808008 -1.36734505575
5.98160212528 -2 3.75374717456 -3.32014742343 -0.088968272681 -1.36875183118
5.98179396823 -2 3.75373024664 -3.32043204332 -0.0891969037551 -1.36879934861
5.98223129087 -2 3.75369151435 -3.32108088573 -0.0897181376023 -1.36890757312
5.9824508742 -2 3.75367199125 -3.32140668885 -0.0899798793561 -1.3689618634
5.98692286099 -2 3.75326342846 -3.32804394037 -0.0953142102755 -1.37006022773
5.99117927577 -2 3.75285513419 -3.33436476511 -0.100398004747 -1.37109269661
6.00076567098 -2 3.75186603238 -3.34861290656 -0.111871112986 -1.37337163039
6.00224882552 -2 3.7517043868 -3.35081877884 -0.113649014838 -1.373718455
6.00254419432 -2 3.75167191917 -3.35125812263 -0.114003172539 -1.3737873401
6.00400729051 -2 3.75150973965 -3.35343461872 -0.115757917785 -1.37412765429
6.0054184703 -2 3.75135118178 -3.35553423903 -0.117451091134 -1.37445446504
6.01204391164 -2 3.7505787268 -3.36539647134 -0.125409517012 -1.37597005386
6.01486044003 -2 3.75023633338 -3.36959123481 -0.128797181364 -1.37660494574
6.01597974157 -2 3.75009794005 -3.37125861933 -0.130144189817 -1.37685569495
6.01739413313 -2 3.74992116896 -3.3733658841 -0.131846915582 -1.377171281
6.02384210479 -2 3.74908850743 -3.38297665423 -0.139617712529 -1.37859198647
6.02396219737 -2 3.74907258202 -3.38315571649 -0.13976257175 -1.37861816647
6.02563295094 -2 3.74884944028 -3.38564710416 -0.141778370829 -1.37898132278
6.0268696008 -2 3.74868237235 -3.38749144809 -0.14327099818 -1.37924884097
6.02878226019 -2 3.74842078595 -3.39034446211 -0.145580537673 -1.37966044885
6.033181339 -2 3.74780441949 -3.39690846083 -0.15089689221 -1.3805972237
6.04004002538 -2 3.74680243205 -3.40714827106 -0.159197983559 -1.38203012744
6.04755113669 -2 3.74564771002 -3.41836988544 -0.168305573925 -1.38356056622
6.05053580003 -2 3.74517216673 -3.42283114957 -0.171929445808 -1.38415742376
6.05592465003 -2 3.7442894794 -3.43088904591 -0.178479242494 -1.38521875286
6.05639919767 -2 3.74421026243 -3.43159881537 -0.17905644313 -1.38531120756
6.05955350605 -2 3.74367758762 -3.43631737549 -0.182894792723 -1.38592160271
6.06070967008 -2 3.74347967739 -3.43804720983 -0.184302422472 -1.38614352574
6.07518607526 -2 3.74088033029 -3.45972037319 -0.201960498926 -1.38883986171
6.07967218115 -2 3.74002913021 -3.46644162336 -0.207444764394 -1.38964435694
6.08239902106 -2 3.73950115064 -3.47052815425 -0.21078108601 -1.3901261504
6.08319102608 -2 3.73934629906 -3.47171522819 -0.211750501604 -1.39026506301
6.08397891343 -2 3.73919158188 -3.47289619648 -0.212715049673 -1.39040279603
6.08470997567 -2 3.73904742498 -3.47399204781 -0.213610184788 -1.39053018708
6.08611183638 -2 3.73876938265 -3.47609357216 -0.215327078392 -1.39077336825
6.10024107317 -2 3.73584854351 -3.49728559548 -0.232661260077 -1.39314344086
6.10574667931 -2 3.73465193198 -3.5055483411 -0.239430047694 -1.39402695479
6.10804602646 -2 3.73414245509 -3.50899995284 -0.242259272475 -1.39438927661
6.10922172357 -2 3.73387973425 -3.51076499546 -0.243706429796 -1.39457301823
6.12536653062 -2 3.73012006852 -3.53501372484 -0.263614077719 -1.39699180712
6.12557079925 -2 3.73007068265 -3.53532064875 -0.263866366039 -1.39702116025
6.12793210296 -2 3.72949648976 -3.53886883126 -0.266783497492 -1.39735820183
6.1298589647 -2 3.72902343327 -3.54176447878 -0.269164913878 -1.3976301286
6.13432161171 -2 3.72791226467 -3.54847175816 -0.274683699886 -1.39824918712
6.13494312387 -2 3.72775578692 -3.54940597709 -0.275452672028 -1.39833421302
6.14139111687 -2 3.72610746371 -3.55909952703 -0.283435803041 -1.39919912717
6.14894602222 -2 3.72411828207 -3.57045998353 -0.292801430832 -1.40017250229
6.15052715906 -2 3.72369405848 -3.57283792282 -0.294763140235 -1.40037073853
6.15172175104 -2 3.7233717275 -3.57463459675 -0.296245630667 -1.400519252
6.15808828837 -2 3.72162745583 -3.58421094547 -0.304151756321 -1.4012924396
6.1602831635 -2 3.72101579377 -3.58751278556 -0.306879427906 -1.40155183909
6.16112457687 -2 3.72077990661 -3.58877860556 -0.307925362021 -1.4016503062
6.16388300076 -2 3.72000113184 -3.59292854725 -0.311355316955 -1.40196932145
6.16473228018 -2 3.71975967265 -3.59420630748 -0.312411672076 -1.40206637096
6.1727213043 -2 3.71744942896 -3.60622705742 -0.322355898487 -1.40295227084
6.17679802263 -2 3.7162434235 -3.61236178134 -0.327435315101 -1.40338547082
6.17687308601 -2 3.71622104576 -3.61247474174 -0.327528871858 -1.40339332745
6.17986250003 -2 3.71532479085 -3.61697350743 -0.331255690113 -1.4037026954
6.18083249056 -2 3.71503185779 -3.61843328269 -0.332465325827 -1.40380159937
6.18179839573 -2 3.71473912565 -3.61988692666 -0.333670048501 -1.40389936653
6.18278054208 -2 3.71444041431 -3.62136502932 -0.334895213008 -1.4039980403
6.18650053745 -2 3.71329934164 -3.62696365319 -0.339537346061 -1.40436503255
6.20374396104 -2 3.70780996466 -3.65291673241 -0.361088711353 -1.40592629098
6.20529438694 -2 3.70730023444 -3.65525030582 -0.363029089205 -1.40605535747
6.20568495275 -2 3.70717140799 -3.65583815178 -0.363517953037 -1.4060875753
6.21115624265 -2 3.70534890794 -3.66407296443 -0.370369009459 -1.40652640292
6.21868954853 -2 3.70278506496 -3.67541079692 -0.379810285501 -1.40709235902
6.22731672217 -2 3.69977129364 -3.68839373884 -0.390633702408 -1.40768588158
6.23344884708 -2 3.69757864756 -3.69762082324 -0.398333893433 -1.40807218756
6.23376232581 -2 3.69746542973 -3.69809248964 -0.398727684548 -1.40809114013
6.23892247809 -2 3.69558597666 -3.7058561031 -0.405211926163 -1.40839197629
6.24305623965 -2 3.6940588798 -3.71207480249 -0.410409171327 -1.40861780008
6.24486736972 -2 3.69338378676 -3.71479920078 -0.412687004139 -1.40871248145
6.24487001667 -2 3.69338279744 -3.71480318236 -0.412690333497 -1.40871261793
6.24569895076 -2 3.69307258743 -3.71605006446 -0.413733024304 -1.40875508431
6.24612654866 -2 3.69291226769 -3.71669324572 -0.414270923622 -1.40877677738
6.25118501644 -2 3.69100014812 -3.72430145067 -0.420636139379 -1.4090224036
6.25788851175 -2 3.68842200819 -3.73438199261 -0.429076558193 -1.40931659744
6.26554065406 -2 3.68541737614 -3.74588614473 -0.438718380346 -1.409608686
6.26779558358 -2 3.68451942353 -3.74927552672 -0.441560987433 -1.40968584387
6.26934222929 -2 3.6839002169 -3.75160010497 -0.443511066379 -1.40973641621
6.26952015547 -2 3.68382881081 -3.75186751479 -0.443735421508 -1.40974211136
6.27911709316 -2 3.67992454827 -3.76628785195 -0.455841970921 -1.41001172693
6.28639589414 -2 3.67689418077 -3.77722051365 -0.465030868137 -1.41016691445
6.28681671126 -2 3.67671715632 -3.77785244919 -0.465562283594 -1.41017458303
6.28754081438 -2 3.67641208148 -3.77893979199 -0.466476736021 -1.41018744455
6.28934624286 -2 3.67564885291 -3.78165071115 -0.468756997205 -1.41021767269
6.29601333221 -2 3.67279852138 -3.79165921663 -0.477180304164 -1.4103065151
6.29990406872 -2 3.67111194478 -3.79749810331 -0.482097850308 -1.41034176612
6.3031524771 -2 3.66969070114 -3.80237196531 -0.486204591222 -1.41036181209
6.30587663264 -2 3.6684896284 -3.80645846819 -0.489649261226 -1.41037203005
6.30596495124 -2 3.66845054847 -3.80659094271 -0.489760949847 -1.41037226059
6.30848480767 -2 3.66733182335 -3.81037030478 -0.492947860738 -1.41037617137
6.3106029973 -2 3.66638586385 -3.81354673912 -0.495627178668 -1.41037546979
6.31132601563 -2 3.66606180916 -3.81463087122 -0.496541813909 -1.41037439567
6.31916897679 -2 3.66250856477 -3.82638746939 -0.506465938138 -1.41033541104
6.32293684492 -2 3.66077674235 -3.83203310345 -0.511235234164 -1.4102988563
6.32989445581 -2 3.65753648936 -3.84245381684 -0.520044581727 -1.41020087922
6.33023787614 -2 3.65737513081 -3.84296802294 -0.520479482861 -1.4101950178
6.3317075562 -2 3.65668307791 -3.84516842464 -0.522340741047 -1.41016884273
6.3498776218 -2 3.64792422218 -3.87234972656 -0.545361991066 -1.40969878831
6.3500290213 -2 3.64784966237 -3.87257602433 -0.545553881802 -1.40969373063
6.35166409627 -2 3.64704277282 -3.87501977538 -0.547626315998 -1.40963790464
6.35194187745 -2 3.64690538864 -3.87543490409 -0.547978411218 -1.40962820128
6.35260926602 -2 3.64657495441 -3.87643223474 -0.548824357895 -1.40960462805
6.36463197894 -2 3.64053539608 -3.8943875353 -0.564066673517 -1.40911692988
6.36618837031 -2 3.63974150049 -3.89671032942 -0.566040220326 -1.40904504878
6.36741271145 -2 3.63911503735 -3.89853729903 -0.567592769421 -1.40898709185
6.3677707619 -2 3.6389315091 -3.89907153979 -0.568046810346 -1.40896990777
6.36789590484 -2 3.63886732928 -3.89925825859 -0.568205503965 -1.40896387665
6.36908796812 -2 3.63825508104 -3.90103674591 -0.569717180128 -1.40890577506
6.3742712147 -2 3.63557408516 -3.90876719845 -0.576290575786 -1.40863942242
6.37530880747 -2 3.63503371283 -3.91031417228 -0.577606528279 -1.40858342133
6.37639557571 -2 3.63446641171 -3.91193427306 -0.578984873719 -1.40852380602
6.37693436934 -2 3.63418465718 -3.91273740771 -0.579668233452 -1.40849388583
6.37818721345 -2 3.63352821787 -3.91460473099 -0.58125725606 -1.40842337907
6.37843052443 -2 3.63340052486 -3.91496734767 -0.58156585875 -1.40840953465
6.38766118506 -2 3.6285061676 -3.92871673808 -0.593274239742 -1.40784786618
6.38817933095 -2 3.62822854414 -3.92948809575 -0.593931500794 -1.40781423062
6.38855446163 -2 3.62802735684 -3.93004651872 -0.594407350658 -1.40778973897
6.3952027674 -2 3.62443507441 -3.93993906024 -0.602840845857 -1.40733616392
6.42208362317 -2 3.60939432055 -3.97985148375 -0.636938524489 -1.40512410155
6.4255975544 -2 3.6073669106 -3.98505813722 -0.641395116682 -1.40478994698
6.43405028267 -2 3.60243192299 -3.99757183485 -0.65211410829 -1.4039433605
6.43945655421 -2 3.59923252242 -4.00556720457 -0.658968696452 -1.40337014731
6.44300691686 -2 3.59711316393 -4.01081426663 -0.663469608916 -1.40298021411
6.44623856772 -2 3.5951714585 -4.01558778729 -0.66756604151 -1.40261597048
6.45175280301 -2 3.59183055252 -4.02372730942 -0.674554817289 -1.40197393312
6.46012105999 -2 3.58669365069 -4.03606572727 -0.685157952341 -1.40095007842
6.46041226336 -2 3.58651344271 -4.03649477894 -0.685526859039 -1.40091337344
6.46107913661 -2 3.58610038781 -4.03747725421 -0.686371659655 -1.40082904385
6.46359058014 -2 3.58454022887 -4.04117626417 -0.689552948948 -1.40050804751
6.47316036712 -2 3.57852871439 -4.05525665838 -0.701671631028 -1.39923542934
6.48312715675 -2 3.57215564196 -4.06989592203 -0.714286447942 -1.39782652257
6.48322635952 -2 3.57209163317 -4.07004149879 -0.714411970518 -1.39781207027
6.48377205401 -2 3.57173933091 -4.07084223985 -0.715102431366 -1.39773241972
6.48776101721 -2 3.5691536151 -4.07669311521 -0.720148909253 -1.39714240152
6.48792981051 -2 3.56904379574 -4.07694059993 -0.720362423293 -1.39711713279
6.48898302856 -2 3.56835781478 -4.07848465185 -0.72169463246 -1.39695890954
6.4904806887 -2 3.56738015748 -4.08067974532 -0.723588856281 -1.39673227295
6.49448109291 -2 3.56475605126 -4.08654001965 -0.728647594184 -1.3961174241
6.49572568673 -2 3.56393588245 -4.0883623395 -0.730221171243 -1.39592331901
6.49836459073 -2 3.56219097299 -4.09222474849 -0.733557160519 -1.39550733654
6.49907095241 -2 3.56172254593 -4.09325827401 -0.734450005929 -1.39539496933
6.49941227932 -2 3.5614959871 -4.09375764162 -0.734881428835 -1.39534051699
6.50373950394 -2 3.55861209794 -4.100085561 -0.740349918836 -1.39464145981
6.50631841937 -2 3.55688309762 -4.10385426989 -0.743608150241 -1.39421713868
6.5078687967 -2 3.55583997312 -4.10611898788 -0.745566601289 -1.39395927756
6.50948590023 -2 3.55474899802 -4.1084804255 -0.747609086138 -1.39368810088
6.5119124018 -2 3.55310630178 -4.11202237054 -0.75067338475 -1.39327694392
6.5139667296 -2 3.55171024731 -4.11501968961 -0.753267209668 -1.39292486033
6.52021247361 -2 3.54743591783 -4.12412460835 -0.761150416496 -1.39183193729
6.52499116253 -2 3.54413516487 -4.13108285664 -0.767179033195 -1.39097284974
6.52514778914 -2 3.54402653284 -4.13131080143 -0.767376583441 -1.39094435619
6.53316897791 -2 3.53842537044 -4.14297409588 -0.77748968974 -1.38945659176
6.53473369442 -2 3.53732407287 -4.14524692011 -0.779461575121 -1.38915983598
6.53835171933 -2 3.53476676031 -4.15049926995 -0.784019906008 -1.38846548392
6.54440740527 -2 3.53045260702 -4.15928093105 -0.791645668891 -1.38727773964
6.54646376477 -2 3.52897799162 -4.16226023102 -0.794234085203 -1.3868671232
6.54845004708 -2 3.52754898942 -4.16513667296 -0.796733749788 -1.38646698861
6.5493739593 -2 3.52688274062 -4.16647419275 -0.797896276108 -1.3862796912
6.5507556313 -2 3.52588455293 -4.16847386562 -0.799634565553 -1.38599820175
6.557600336 -2 3.52090706799 -4.17837061671 -0.808241960969 -1.38457906392
6.56088252745 -2 3.5185010447 -4.18311067163 -0.812367002286 -1.38388398501
6.56192520259 -2 3.51773410181 -4.18461569934 -0.813677097631 -1.38366119626
6.56279936449 -2 3.51709014106 -4.18587720019 -0.814775335058 -1.38347367831
6.56387548744 -2 3.51629619073 -4.18742978637 -0.816127144772 -1.38324191592
6.56570483222 -2 3.5149434511 -4.19006816464 -0.818424737822 -1.38284559948
6.5660925968 -2 3.51465621528 -4.19062726915 -0.818911690988 -1.38276121497
6.56952583821 -2 3.51210546766 -4.19557523924 -0.823222129357 -1.38200831495
6.57480174726 -2 3.50815914527 -4.20317071565 -0.829842429674 -1.38083111501
6.58143411745 -2 3.50315256163 -4.21270484025 -0.838158450199 -1.3793164742
6.60556513291 -2 3.48450776449 -4.24725580492 -0.868351029705 -1.37347786598
6.60574611026 -2 3.48436539015 -4.24751409112 -0.868577066139 -1.37343213039
6.60868355736 -2 3.4820492168 -4.25170455325 -0.87224499423 -1.37268573267
6.61590503855 -2 3.47631270427 -4.26199204004 -0.881255189524 -1.37081821454
6.61689610231 -2 3.4755207332 -4.26340226108 -0.882490929974 -1.37055830447
6.62587074718 -2 3.46829732495 -4.27615460221 -0.893672196675 -1.36816489775
6.62595358178 -2 3.46823022067 -4.27627215205 -0.893775320862 -1.36814247309
6.63150667197 -2 3.46371359088 -4.28414606339 -0.900685299685 -1.36662522034
6.63269193406 -2 3.46274494101 -4.28582503637 -0.902159330577 -1.36629781553
6.63538836305 -2 3.46053525378 -4.28964246207 -0.9055115717 -1.36554831344
6.63932189522 -2 3.45729672083 -4.29520583642 -0.910398959758 -1.36444330828
6.63940881657 -2 3.4572249555 -4.29532869971 -0.910506920576 -1.36441873439
6.64299465995 -2 3.45425675493 -4.30039449933 -0.914959261304 -1.36339908378
6.65303694393 -2 3.44586521735 -4.31455217135 -0.927412718078 -1.36048233392
6.6583641203 -2 3.44136647954 -4.3220446832 -0.934009458452 -1.35889842438
6.6672444789 -2 3.43379435236 -4.33450674815 -0.944991058111 -1.35620149856
6.66900694294 -2 3.4322807142 -4.33697586954 -0.947168257962 -1.35565782831
6.66979403023 -2 3.43160359159 -4.3380780857 -0.948140310611 -1.35541413299
6.67152151505 -2 3.43011495121 -4.34049622681 -0.950273212651 -1.35487732365
6.67879166723 -2 3.42381227957 -4.35065811408 -0.959241320054 -1.35258874943
6.68724500863 -2 3.41640729417 -4.36244314352 -0.969651832089 -1.34986791236
6.71370994099 -2 3.39269253474 -4.39911901561 -1.0021190937 -1.34093292033
6.71451275423 -2 3.39196055833 -4.40022624737 -1.00310090687 -1.34065198261
6.72014923559 -2 3.3868005608 -4.40799099139 -1.00998884097 -1.33866310774
6.73227722003 -2 3.37557409211 -4.42464407105 -1.02477755669 -1.33428599635
6.74148487148 -2 3.36693814724 -4.4372368494 -1.03597525645 -1.33087368557
6.74355245008 -2 3.3649855778 -4.44005849334 -1.03848605764 -1.3300968558
6.75749776584 -2 3.35168803423 -4.45903077931 -1.05538505112 -1.32475571007
6.76158874534 -2 3.34774484037 -4.46457672068 -1.06033047905 -1.32315522835
6.77276218112 -2 3.33687750071 -4.47967755151 -1.07380903279 -1.31870613529
6.78207100077 -2 3.32771475786 -4.4922056719 -1.08500562984 -1.31491243533
6.78537798974 -2 3.3244358488 -4.49664463617 -1.08897596037 -1.31354563866
6.7884489056 -2 3.32137983582 -4.50076118098 -1.09265939199 -1.31226745253
6.7918130706 -2 3.31801965279 -4.50526466783 -1.09669069338 -1.31085730183
6.79403324329 -2 3.31579504125 -4.50823318981 -1.0993489086 -1.30992100014
6.79405025138 -2 3.31577797748 -4.50825591987 -1.09936926551 -1.30991380998
6.80072668199 -2 3.309054232 -4.51716560169 -1.10735211609 -1.30707088298
6.8024737559 -2 3.3072863973 -4.51949280688 -1.10943835016 -1.30632020812
6.80678666615 -2 3.30290736279 -4.52523023521 -1.11458368032 -1.30445507305
6.81519637841 -2 3.29430787039 -4.53638615174 -1.1245964464 -1.30076917606
6.81799580415 -2 3.29142743925 -4.54009043038 -1.12792353573 -1.29952781033
6.8198919147 -2 3.28947140596 -4.54259675827 -1.13017533513 -1.29868291801
6.82260440643 -2 3.28666609494 -4.54617845174 -1.13339424623 -1.29746850977
6.82428607785 -2 3.28492268451 -4.54839678153 -1.13538845038 -1.29671221406
6.82844392566 -2 3.28059841724 -4.55387415171 -1.14031427819 -1.29483115103
6.82972236806 -2 3.27926486372 -4.55555620822 -1.1418274921 -1.29424957216
6.8329208137 -2 3.27592042349 -4.5597600633 -1.14561046606 -1.29278797524
6.84026913206 -2 3.26819278806 -4.56939450409 -1.15428626298 -1.2893943489
6.84275304913 -2 3.2655668281 -4.57264364581 -1.1572139834 -1.28823597578
6.84919215793 -2 3.25872700488 -4.58104856608 -1.1647918629 -1.28520663956
6.85704103209 -2 3.2503263223 -4.59125840819 -1.17400569161 -1.281462389
6.86110755829 -2 3.24594655422 -4.59653279163 -1.17876927584 -1.27950013962
6.86489917555 -2 3.24184606987 -4.60144108609 -1.18320452972 -1.27765679923
6.86644220109 -2 3.24017270959 -4.60343590724 -1.1850077362 -1.27690284043
6.86647766532 -2 3.24013421826 -4.60348173731 -1.18504916836 -1.27688548594
6.88052491402 -2 3.22477660132 -4.62157064321 -1.20141758018 -1.2699200942
6.89421771303 -2 3.20959307477 -4.63907811753 -1.21728939838 -1.26295494009
6.89424042035 -2 3.20956772065 -4.63910704699 -1.21731564944 -1.26294324547
6.89777255764 -2 3.20561683547 -4.64360281959 -1.22139617274 -1.26111833207
6.89793720091 -2 3.20543233224 -4.64381217564 -1.22158623957 -1.26103298591
6.89945613216 -2 3.20372874928 -4.645742745 -1.2233391352 -1.26024443385
6.9000630918 -2 3.20304728113 -4.64651375748 -1.22403929155 -1.25992873409
6.90517782667 -2 3.19728830225 -4.65300100513 -1.22993266391 -1.25725484643
6.90548462668 -2 3.19694192789 -4.65338956735 -1.2302857863 -1.25709368716
6.91078028133 -2 3.19094660156 -4.66008636783 -1.2363741291 -1.25429819047
6.91402230105 -2 3.1872607802 -4.66417666892 -1.24009498129 -1.25257395817
6.92174733281 -2 3.17843099995 -4.67389365672 -1.24894100976 -1.2484262361
6.9246316365 -2 3.17511716033 -4.677511043 -1.25223659055 -1.24686341574
6.92528256328 -2 3.17436801484 -4.67832660561 -1.25297978337 -1.24650965335
6.92695298082 -2 3.17244338852 -4.68041815345 -1.25488604468 -1.24560002574
6.9281602142 -2 3.17105050168 -4.6819285225 -1.25626288994 -1.244941015
6.93157510598 -2 3.16710167343 -4.68619532883 -1.26015375049 -1.24306955794
6.94036610217 -2 3.15687653157 -4.69714137091 -1.27014392031 -1.23820207989
6.95201177186 -2 3.14319899967 -4.71155659102 -1.28331940833 -1.23164357573
6.96163076176 -2 3.13178856435 -4.72338886363 -1.29415059014 -1.22613148952
6.96957444459 -2 3.12228842993 -4.73310903304 -1.30305969626 -1.22151463552
6.97142563663 -2 3.12006452965 -4.7353674913 -1.3051311864 -1.22043030333
6.97245771607 -2 3.11882301876 -4.7366255216 -1.30628531346 -1.21982438229
6.97410626681 -2 3.11683750865 -4.73863333601 -1.30812766075 -1.21885448543
6.97802365513 -2 3.11210742188 -4.74339626583 -1.31249985924 -1.21653962543
6.97833762583 -2 3.11172758458 -4.74377750634 -1.31284993354 -1.21635347679
6.98263759154 -2 3.10651464646 -4.74899128846 -1.31763912504 -1.21379487001
6.98568928457 -2 3.10280269713 -4.75268304081 -1.3210320849 -1.21196859567
6.98884806252 -2 3.09894973302 -4.75649689234 -1.32453888334 -1.21006911851
6.99174352403 -2 3.09540834462 -4.75998614186 -1.32774866551 -1.20831983361
6.99493662133 -2 3.09149227597 -4.76382662984 -1.33128316791 -1.20638169502
7.00112551301 -2 3.08387035081 -4.771247982 -1.33811806452 -1.20259818085
7.01178475288 -2 3.07064491065 -4.78396031516 -1.34984082713 -1.19599825906
7.01285600757 -2 3.06930890245 -4.78523300071 -1.35101549794 -1.19532912235
7.01431581578 -2 3.0674863007 -4.78696585059 -1.35261520557 -1.19441556547
7.01661842449 -2 3.06460673005 -4.78969573165 -1.35513606963 -1.19297054966
7.01800082379 -2 3.06287517382 -4.79133264212 -1.35664807853 -1.19210064747
7.02054276595 -2 3.05968578285 -4.79433863702 -1.35942555086 -1.19049644025
7.0206157438 -2 3.05959411338 -4.79442486209 -1.35950523709 -1.19045029553
7.0238620703 -2 3.05551046247 -4.79825620193 -1.36304694334 -1.1883925945
7.02597598529 -2 3.05284515555 -4.80074655843 -1.36535000213 -1.18704740795
7.02766528773 -2 3.05071173201 -4.80273412827 -1.3671886356 -1.18596943449
7.02949451947 -2 3.04839810241 -4.80488376346 -1.36917773921 -1.18479917588
7.03275342221 -2 3.04426722867 -4.80870684779 -1.37271673762 -1.18270656621
7.04597514507 -2 3.02738999913 -4.82412964667 -1.38701215699 -1.17411526018
7.05104131143 -2 3.02087316519 -4.83000152673 -1.39246279887 -1.17078023254
7.05512642327 -2 3.01559818218 -4.8347209963 -1.39684694849 -1.16807363781
7.05592439848 -2 3.01456568538 -4.83564128133 -1.39770218659 -1.16754312608
7.0849261335 -2 2.97657745194 -4.86872797369 -1.42852585902 -1.14786017204
7.08838164437 -2 2.97199134856 -4.87262286846 -1.43216429085 -1.14546282532
7.09287836759 -2 2.96600435631 -4.87767607593 -1.43688797856 -1.1423264876
7.09697771011 -2 2.96052773754 -4.88226758855 -1.44118325712 -1.13945093157
7.10786721559 -2 2.94589319409 -4.89439389525 -1.45254199234 -1.13173643891
7.12498301129 -2 2.92263819869 -4.91324397235 -1.47024268218 -1.11938834432
7.12738085499 -2 2.91935569014 -4.91586409543 -1.47270737418 -1.11763670415
7.12948636992 -2 2.9164683928 -4.91816056803 -1.47486850146 -1.11609421006
7.1342361113 -2 2.90993801546 -4.92332653546 -1.47973305742 -1.11259944938
7.16310456812 -2 2.86974129297 -4.95428594088 -1.50897757354 -1.09090843303
7.16374315269 -2 2.86884234692 -4.95496216097 -1.5096181429 -1.09041988179
7.1650183229 -2 2.86704600807 -4.9563113571 -1.51089644616 -1.08944317801
7.16586290143 -2 2.86585532145 -4.95720413716 -1.51174248999 -1.08879545223
7.16899227057 -2 2.86143712024 -4.96050634508 -1.51487304391 -1.08638971005
7.17895278612 -2 2.84730721183 -4.97095633452 -1.52479258915 -1.07867206367
7.18257678182 -2 2.84214094479 -4.97473539262 -1.52838467602 -1.07584131785
7.18425053022 -2 2.83975034958 -4.9764765894 -1.53004060707 -1.07452983049
7.18979974702 -2 2.83180394991 -4.98223052481 -1.53551677087 -1.07016312919
7.19841262055 -2 2.81940813896 -4.99110332913 -1.54397346108 -1.06332922661
7.19968421473 -2 2.81757163144 -4.99240731339 -1.54521756101 -1.06231446857
7.20430630742 -2 2.8108822942 -4.99713410862 -1.54973005058 -1.05861335984
7.21192249722 -2 2.79981243984 -5.0048780506 -1.55713240565 -1.0524717058
7.22279502504 -2 2.78390796073 -5.01583570591 -1.56762739931 -1.04361139667
7.22448686491 -2 2.78142239826 -5.01753044599 -1.56925279432 -1.04222286902
7.22808302073 -2 2.77612955163 -5.0211234658 -1.57270078959 -1.03926266534
7.24226428953 -2 2.75513107313 -5.03516835082 -1.58620534471 -1.02747312333
7.24402871374 -2 2.75250439487 -5.03690188605 -1.58787518517 -1.02599332631
7.24832257499 -2 2.7460992139 -5.0411076297 -1.59192919849 -1.02238016262
7.24980366819 -2 2.7438856019 -5.04255406197 -1.59332437225 -1.02112993147
7.25324548811 -2 2.73873310993 -5.04590686155 -1.59656019417 -1.01821680944
7.26314045773 -2 2.72385469002 -5.05547962272 -1.60581334689 -1.00978118416
7.26771712926 -2 2.71694032357 -5.05987382843 -1.6100681254 -1.00584909307
7.26900258708 -2 2.71499455994 -5.06110421552 -1.61126030916 -1.00474122287
7.27823632267 -2 2.7009699575 -5.06989290038 -1.61978694416 -0.996738610359
7.28444666613 -2 2.69149041025 -5.07575484196 -1.62548488623 -0.991312346272
7.28505956767 -2 2.69055282576 -5.0763312103 -1.62604560465 -0.990774911452
7.28698870759 -2 2.68759933619 -5.07814283365 -1.6278085975 -0.989081062981
7.28756829495 -2 2.68671128593 -5.07868636481 -1.62833770462 -0.988571500904
7.29417405379 -2 2.67656675742 -5.08485664345 -1.63434968112 -0.982742137259
7.30485268007 -2 2.66007790446 -5.0947354134 -1.64399630322 -0.973234262261
7.30500456761 -2 2.65984257922 -5.09487506564 -1.64413286577 -0.973098275857
7.30888828898 -2 2.65381781686 -5.09843772144 -1.64761854621 -0.969613991481
7.31329003495 -2 2.64697187996 -5.10245642418 -1.65155472851 -0.965648328991
7.31410329933 -2 2.64570498827 -5.10319668498 -1.65228029276 -0.964913701941
7.31437554823 -2 2.64528074082 -5.10344433935 -1.65252306565 -0.964667643054
7.31453490728 -2 2.64503237741 -5.10358926589 -1.65266514376 -0.964523582813
7.3191873953 -2 2.63777066323 -5.10780857427 -1.65680420016 -0.960307545154
7.33754145602 -2 2.60892145262 -5.12422938544 -1.67296344581 -0.943483158132
7.33805999491 -2 2.60810175003 -5.12468807459 -1.67341602495 -0.943003388755
7.34329615447 -2 2.59981020086 -5.12930366778 -1.67797387409 -0.938145046612
7.35272292251 -2 2.58481750849 -5.13753857363 -1.68612300243 -0.929335802392
7.35931612807 -2 2.57428177886 -5.14324082825 -1.69177919921 -0.923126673226
7.36612292044 -2 2.56336207224 -5.14907800037 -1.6975808967 -0.916675154558
7.37711236308 -2 2.54564136603 -5.15839456508 -1.70686617343 -0.906170993945
7.37870311364 -2 2.54306696943 -5.15973211527 -1.70820186122 -0.904641464934
7.37931818754 -2 2.54207093521 -5.16024853626 -1.70871774325 -0.904049451444
7.38275282967 -2 2.53650254443 -5.1631245758 -1.71159263181 -0.900737316594
7.38322497519 -2 2.53573623066 -5.16351890856 -1.711987053 -0.900281181096
7.38590184951 -2 2.53138765773 -5.16574992868 -1.71421970274 -0.897691283318
7.38725499795 -2 2.52918696298 -5.16687466412 -1.71534599233 -0.896379647621
7.39223936979 -2 2.52106611263 -5.17100004585 -1.71948133543 -0.891533985659
7.39423201584 -2 2.51781319415 -5.17264151436 -1.7211286532 -0.889590545064
7.39622707893 -2 2.51455268904 -5.17428051719 -1.72277458215 -0.887641174047
7.39739083758 -2 2.51264909327 -5.17523451718 -1.72373311697 -0.886502418045
7.39784018508 -2 2.51191375068 -5.1756024663 -1.72410291466 -0.886062399162
7.40039201055 -2 2.50773427622 -5.17768773036 -1.72619970845 -0.883560114057
7.40105215426 -2 2.50665210149 -5.1782259846 -1.7267412312 -0.882911834981
7.40615804978 -2 2.49826859823 -5.18237253304 -1.73091703348 -0.87788450742
7.40663441582 -2 2.49748523173 -5.18275789391 -1.7313054829 -0.877414279876
7.40912446236 -2 2.49338709015 -5.18476806447 -1.73333279687 -0.874953012057
7.41836429901 -2 2.47813104299 -5.19216576468 -1.74080879758 -0.865771466126
7.41838729768 -2 2.47809297338 -5.192184057 -1.74082731371 -0.865748517305
7.4200550677 -2 2.47533105017 -5.19350893436 -1.74216880456 -0.864083102119
7.42213665668 -2 2.4718803088 -5.19515809695 -1.74383976466 -0.862000966707
7.43258167383 -2 2.45450649154 -5.2033583886 -1.75216727029 -0.851494836533
7.43381935783 -2 2.4524413169 -5.20432178091 -1.75314771227 -0.850243467008
7.44374342902 -2 2.43583296303 -5.21198259409 -1.76096041674 -0.840160379881
7.44942830809 -2 2.42627978288 -5.21631959863 -1.76539662367 -0.834344985018
7.46078038198 -2 2.40711804989 -5.22486742122 -1.7741692274 -0.822646542773
7.46136555271 -2 2.40612725089 -5.22530395376 -1.77461831321 -0.822040425323
7.4670899208 -2 2.39641911536 -5.22955307573 -1.77899524626 -0.816095183086
7.47595429696 -2 2.38132954941 -5.23605679371 -1.78571486387 -0.806831687415
7.47827012672 -2 2.37737617817 -5.23774058863 -1.78745867188 -0.804400174154
7.48462116993 -2 2.36651055228 -5.24232563898 -1.79221599809 -0.79770764916
7.48630607531 -2 2.36362213012 -5.24353397982 -1.79347193834 -0.795926196483
7.48736153645 -2 2.36181152039 -5.24428918685 -1.79425736812 -0.794808985264
7.4882033622 -2 2.36036671143 -5.24489058017 -1.79488309082 -0.793917206757
7.49271643516 -2 2.35261068203 -5.24810024854 -1.79822658314 -0.789125726226
7.49592648711 -2 2.34708341043 -5.2503683837 -1.80059338944 -0.785706775238
7.49787544055 -2 2.34372330072 -5.25173943309 -1.80202576161 -0.7836265846
7.51156011174 -2 2.32003956161 -5.26123755889 -1.81198467378 -0.768926839965
7.51413081018 -2 2.31557291082 -5.26299655974 -1.81383615071 -0.766147209928
7.51983271863 -2 2.30564595442 -5.26686946732 -1.81792087445 -0.759961329177
7.52698412744 -2 2.29315710634 -5.27167096504 -1.82300112316 -0.75216292357
7.53527407895 -2 2.27862690308 -5.27715863376 -1.82883020761 -0.743067394096
7.5427626754 -2 2.26545260913 -5.28204327072 -1.83404019556 -0.734799911935
7.54921874546 -2 2.254057941 -5.28619888676 -1.83848925306 -0.727633444316
7.55322727476 -2 2.24696599243 -5.28875311675 -1.84123172929 -0.723165741331
7.55526000019 -2 2.2433646836 -5.29004074776 -1.84261659466 -0.72089487933
7.55724706789 -2 2.23984103257 -5.29129449338 -1.84396654637 -0.718671586342
7.55771277578 -2 2.2390147349 -5.29158762258 -1.84428238873 -0.718150023115
7.56035924129 -2 2.23431583212 -5.29324825249 -1.84607328359 -0.715182609102
7.56496291535 -2 2.22612839129 -5.2961162014 -1.84917267792 -0.710006290018
7.57023522877 -2 2.21673091866 -5.29936815218 -1.85269725799 -0.704055825034
7.57163524946 -2 2.21423176085 -5.30022583148 -1.85362869201 -0.702471724626
7.58713840563 -2 2.1864532446 -5.30955856237 -1.86381643473 -0.684818173549
7.59057648646 -2 2.18026720681 -5.31158714186 -1.86604417166 -0.680875443633
7.59872573618 -2 2.16556756099 -5.31633556024 -1.87127854841 -0.671489899083
7.60048763999 -2 2.16238263019 -5.31735108443 -1.87240171428 -0.669453293479
7.6506433181 -2 2.0707233699 -5.3445860696 -1.90308850496 -0.610381071622
7.65393081632 -2 2.06464961503 -5.34625719839 -1.90501226042 -0.606435659629
7.66523595056 -2 2.04370256993 -5.35189568923 -1.9115445034 -0.592799682724
7.66598876661 -2 2.0423043846 -5.35226518954 -1.91197489881 -0.591887899204
7.66600825569 -2 2.04226818259 -5.35227474534 -1.91198603336 -0.591864288523
7.6769324914 -2 2.02193263298 -5.35755212739 -1.91816659438 -0.578580474239
7.67968808274 -2 2.01678952761 -5.35885837941 -1.91970643148 -0.575214177627
7.68311680574 -2 2.01038249855 -5.36046965041 -1.92161159713 -0.57101686325
7.68712451575 -2 2.00288295039 -5.36233319851 -1.92382324278 -0.566098559218
7.69330803423 -2 1.99128954886 -5.36516650329 -1.9272033227 -0.558484302715
7.69435127354 -2 1.98933093535 -5.3656394878 -1.92776971693 -0.557196600664
7.69583099763 -2 1.98655153887 -5.36630787163 -1.92857116854 -0.555368609586
7.70913329715 -2 1.96149690833 -5.37218474595 -1.93567469764 -0.538855485556
7.71134747308 -2 1.95731463598 -5.37313988303 -1.93683933987 -0.53609292396
7.71525511542 -2 1.94992540819 -5.3748094241 -1.93888234245 -0.531207796045
7.71935065164 -2 1.94216964684 -5.37653713129 -1.9410065746 -0.526074532986
7.72245603915 -2 1.93628131241 -5.37783203252 -1.9426056252 -0.522173285488
7.72793954334 -2 1.9258676872 -5.38008668816 -1.94540471245 -0.515265495957
7.74575777774 -2 1.89189002549 -5.38713082809 -1.95428312056 -0.492652781271
7.74945363755 -2 1.88481598816 -5.38853766847 -1.95608295888 -0.487930729544
7.75101429688 -2 1.88182612229 -5.38912612182 -1.95683866211 -0.485933477659
7.75950431552 -2 1.86553331931 -5.39226878605 -1.96090469591 -0.475034555442
7.76670968153 -2 1.85166917473 -5.39485815717 -1.96429569325 -0.465740080193
7.77034797168 -2 1.84465591032 -5.39613843607 -1.96598703579 -0.461031368339
7.77384565267 -2 1.83790571833 -5.39735199205 -1.9675997565 -0.456494825683
7.79106342014 -2 1.80456444115 -5.4030786295 -1.97534852529 -0.434023574739
7.79241134089 -2 1.80194644433 -5.40350954959 -1.97594177752 -0.432254623863
7.80614540294 -2 1.77520773404 -5.4077555899 -1.98187532225 -0.414150410462
7.8096304742 -2 1.76840437888 -5.40879103417 -1.98334870721 -0.409533229622
7.81773147617 -2 1.75256179528 -5.41113199669 -1.98672293365 -0.398764594342
7.82455088958 -2 1.73919515747 -5.41303099299 -1.98950833713 -0.389660619096
7.82672378244 -2 1.73493031828 -5.41362229265 -1.99038527309 -0.386752333505
7.82947002219 -2 1.72953617055 -5.41436007061 -1.99148627081 -0.383071515505
7.83602869053 -2 1.71663582876 -5.41607888127 -1.99408255741 -0.37425767667
7.84216915454 -2 1.70453544134 -5.41763281921 -1.99647085502 -0.365976317337
7.84722613235 -2 1.69455389909 -5.41887233832 -1.99840685596 -0.359134844914
7.84960635269 -2 1.68985073302 -5.41944315947 -1.99930842487 -0.355908038809
7.85010175427 -2 1.68887144594 -5.41956095133 -1.99949529202 -0.355235900078
7.85294563413 -2 1.68324710579 -5.42023037354 -2.00056281829 -0.351373888692
7.85678810439 -2 1.67564060717 -5.42111652713 -2.00199112693 -0.346146160837
7.86160519816 -2 1.66609306634 -5.42219765225 -2.00375885383 -0.33957685998
7.8661277653 -2 1.65711752851 -5.42318245621 -2.00539531236 -0.333393481364
7.87287999784 -2 1.6436959798 -5.42459820949 -2.00779669809 -0.324133375609
7.8752682741 -2 1.63894278216 -5.42508329201 -2.00863405149 -0.320849978825
7.87660951266 -2 1.63627206056 -5.42535211544 -2.00910154557 -0.319004199539
7.87865813628 -2 1.63219088644 -5.42575772472 -2.00981177102 -0.316182372743
7.88383715056 -2 1.62186339557 -5.42675617477 -2.01158658824 -0.309034883707
7.89117608587 -2 1.60720423109 -5.42810478276 -2.01405080431 -0.298872801997
7.89263566359 -2 1.60428539006 -5.42836372064 -2.0145337808 -0.296847054929
7.89514367604 -2 1.59926728418 -5.42880146124 -2.01535817035 -0.293362554982
7.89814720777 -2 1.59325338621 -5.42931370793 -2.01633625621 -0.289183575924
7.90666364219 -2 1.57617562192 -5.43069505903 -2.01905510051 -0.277298565326
7.95701925429 -2 1.47445743523 -5.43669982197 -2.03347490525 -0.20596459893
7.9584346553 -2 1.47158071938 -5.43681481431 -2.03383906586 -0.203933703209
7.96758803915 -2 1.45295474764 -5.43748702876 -2.03613948142 -0.19076634538
7.99725858025 -2 1.39232141172 -5.43881213317 -2.04294397354 -0.147689055287
8.02973086722 -2 1.32553564625 -5.43875701277 -2.04924244406 -0.0998647870149
8.07853606121 -2 1.22439438352 -5.43568764369 -2.05643487218 -0.026693859249
8.08793049032 -2 1.20482929083 -5.43468232236 -2.05750427876 -0.0124362825293
8.09738736462 -2 1.18510479503 -5.43353451437 -2.05847771987 0.00197121569588
8.09782866412 -2 1.18418365887 -5.4334776208 -2.0585206172 0.00264487542241
8.11681404156 -2 1.14449743935 -5.43074811648 -2.06015242926 0.031738925412
8.15246765073 -2 1.06968422831 -5.42412842389 -2.06208575881 0.0869568023249
8.15416217476 -2 1.06611996071 -5.42376511603 -2.06214082517 0.0895996297319
8.15556673876 -2 1.06316503638 -5.42346061976 -2.06218393328 0.0917914779983
8.15853190818 -2 1.05692525607 -5.42280780543 -2.06226738997 0.0964223939535
8.17082501287 -2 1.03103282682 -5.41995654781 -2.06250405987 0.115674810649
8.18245044333 -2 1.0065135025 -5.41704520303 -2.06256569275 0.133959861656
8.18761397834 -2 0.995613157877 -5.4156849949 -2.06254247021 0.142105434686
8.20150668825 -2 0.966256685462 -5.41182005686 -2.0623253729 0.164094104217
8.24188416616 -2 0.880723335526 -5.39888392321 -2.06041342828 0.228587059073
8.25041497794 -2 0.862616727283 -5.39582572982 -2.05976540272 0.24232114476
8.25126069437 -2 0.860821100753 -5.39551636079 -2.05969651898 0.243684703999
8.25919564998 -2 0.843968574817 -5.39255928096 -2.05900943915 0.25649581642
8.2637794069 -2 0.834229456041 -5.39080623919 -2.05857895245 0.263910665616
8.26884015193 -2 0.82347365987 -5.3888326177 -2.05807510311 0.272109160425
8.27495191447 -2 0.810479801055 -5.38639570618 -2.05742665033 0.282027043503
8.31315907874 -2 0.729159690604 -5.36983541797 -2.05238209038 0.344431465603
8.31680376948 -2 0.721395657912 -5.36813608621 -2.05181165376 0.350419781336
8.34110078331 -2 0.669616620711 -5.35627464343 -2.04761211828 0.390491705369
8.36675251179 -2 0.614925097269 -5.34274514741 -2.04243037006 0.433073927329
8.37695950615 -2 0.593160137228 -5.33707390181 -2.04015512117 0.450093406718
8.3785093881 -2 0.589855231951 -5.33619842036 -2.03979902267 0.452681403032
8.37937431276 -2 0.588010906798 -5.33570820784 -2.03959908285 0.45412607319
8.43110491482 -2 0.477739668202 -5.30424873442 -2.02605961726 0.541052426376
8.43644029193 -2 0.466374277626 -5.30076460186 -2.0244866368 0.550073533096
8.43671604438 -2 0.465786928943 -5.30058331207 -2.02440444417 0.550540047668
8.45290453888 -2 0.431316813173 -5.2897308645 -2.01942517338 0.577973098191
8.45906659685 -2 0.418202366754 -5.28549169389 -2.01745034393 0.588438387905
8.4778549138 -2 0.378241828485 -5.27219807591 -2.01115901478 0.620422843856
8.49603483299 -2 0.339618417877 -5.25880734953 -2.00468523756 0.651475133513
8.51401560083 -2 0.301467381955 -5.24505347377 -1.99791002032 0.682281661298
8.51489092459 -2 0.299611527578 -5.24437098885 -1.99757076555 0.683783653556
8.53371820394 -2 0.259728081895 -5.22940114233 -1.99006237724 0.716139192415
8.55200220063 -2 0.221063219601 -5.2143328077 -1.98238505524 0.747646907665
8.56099213703 -2 0.202079237817 -5.20673256865 -1.97847139636 0.763167823036
8.60284115766 -2 0.113971972256 -5.16969640447 -1.95905498116 0.835646201129
8.6131145729 -2 0.0924165171212 -5.16018871861 -1.95398860897 0.853490115604
8.65460503478 -2 0.00570189088104 -5.12013094618 -1.93233543212 0.925724790504
8.66600651164 -2 -0.0180233284893 -5.10865878546 -1.92605269094 0.945615359429
8.66767006901 -2 -0.0214810085222 -5.10696823355 -1.9251240815 0.948518779972
8.6691467053 -2 -0.0245493075567 -5.10546408038 -1.92429727549 0.951096218165
8.67810826374 -2 -0.0431527436407 -5.09626385555 -1.91922835903 0.966743313587
8.6813297631 -2 -0.0498327312881 -5.09292651779 -1.9173847745 0.972370073723
8.68211818946 -2 -0.0514669653991 -5.09210732338 -1.91693185544 0.973747309909
8.68943660965 -2 -0.0666246725703 -5.0844579661 -1.91269544552 0.986533911219
8.68990608027 -2 -0.0675962950121 -5.08396447383 -1.9124216965 0.987354319285
8.73021361144 -2 -0.150670682439 -5.04034369121 -1.88803048592 1.05784812568
8.73501694918 -2 -0.16052253997 -5.03498120592 -1.88500749327 1.06625407714
8.74365335499 -2 -0.178209146109 -5.02525181679 -1.87951026519 1.0813696354
8.76012073755 -2 -0.211833832221 -5.00638908531 -1.86880899071 1.11019445603
8.79960839492 -2 -0.291902008882 -4.9595034099 -1.8419858805 1.17930320691
8.81960120897 -2 -0.33211846257 -4.9348812602 -1.8277869147 1.21426848017
8.82439102839 -2 -0.341719492943 -4.92889473676 -1.82432408366 1.22264125841
8.84134231798 -2 -0.37558903105 -4.90743749311 -1.81188071028 1.25225668842
8.86694766824 -2 -0.426416631706 -4.87422949836 -1.79253239725 1.29693284875
8.87427583753 -2 -0.440886810188 -4.86455016713 -1.78687373869 1.3097033651
8.89010998134 -2 -0.472032526785 -4.84337102983 -1.77446437013 1.33726911797
8.90568924817 -2 -0.502512034627 -4.82218126447 -1.76201292328 1.36434976849
8.93585729179 -2 -0.561049036086 -4.78016588326 -1.73722797997 1.41665312607
9.03428877761 -2 -0.74718645278 -4.63425657577 -1.65036925178 1.58562529186
9.03705752612 -2 -0.752306413148 -4.62996123675 -1.6477973875 1.59033205849
9.08119011627 -2 -0.832992251594 -4.56012085523 -1.60588697464 1.66493870876
9.08829433019 -2 -0.845813658614 -4.54863919403 -1.59898171443 1.67687002552
9.18178262748 -2 -1.00991728988 -4.3915564986 -1.5041777869 1.83149172919
9.18482554825 -2 -1.01510748518 -4.38626107981 -1.500973068 1.83644150611
9.20904950957 -2 -1.05606761491 -4.34370725564 -1.47520403792 1.87563660858
9.21124430627 -2 -1.05974699381 -4.33981700584 -1.47284691834 1.87916902981
9.27665952329 -2 -1.16689499448 -4.2212910141 -1.40094626234 1.98289742951
9.28696951484 -2 -1.18332508893 -4.20216561486 -1.38933184509 1.99895348401
9.33144803412 -2 -1.25271477401 -4.11832057396 -1.33838695097 2.06721966665
9.3345917181 -2 -1.25752562196 -4.11231405662 -1.33473596721 2.0719804176
9.42728405269 -2 -1.3935573747 -3.93067722843 -1.22429071368 2.20814581305
9.67736282143 -2 -1.69829172524 -3.40325854959 -0.904039512877 2.52483679036
9.70157159752 -2 -1.72248567483 -3.34987988111 -0.871712947547 2.55068658431
9.7976934225 -2 -1.80851905946 -3.13500836955 -0.741780087158 2.64327791833
9.97980325532 -2 -1.92508284091 -2.71952808591 -0.49134301238 2.76815555995
10.0335052493 -2 -1.94723478622 -2.59620815179 -0.417147404704 2.79045265739
10.3314664317 -2 -1.96274558861 -1.92440199374 -0.0118217214488 2.76615605619
10.5187298595 -2 -1.87622649012 -1.53131066313 0.230245609227 2.59540262422
10.8992980915 -2 -1.4740584686 -0.87908416821 0.672453559924 1.75991276512
