1.77034980863 -2 1.32176701408 -1.9615361088 0.365812463965 0.266745274948
1.8432278434 -2 1.33714473483 -1.931821866 0.370382281811 0.264286437023
2.31646863451 -2 1.4813126586 -1.77421187838 0.415178902874 0.261673877772
2.33512630927 -2 1.48826643354 -1.76870369447 0.417906202945 0.261836572151
2.45692219066 -2 1.53587092135 -1.73339342916 0.438213075308 0.262684134545
2.48579163325 -2 1.54772444967 -1.72516237884 0.443706224229 0.262777405023
2.62338254656 -2 1.60735292832 -1.68653115802 0.473750376699 0.26208804259
2.66057751736 -2 1.62440132991 -1.67625276439 0.482999609076 0.261444492927
2.67432180343 -2 1.63080566107 -1.67247337787 0.486539917915 0.261142585275
2.68771619993 -2 1.63710216173 -1.66880030083 0.490053593389 0.260812246262
2.69564571163 -2 1.64085561552 -1.66663064861 0.492163169302 0.260599150658
2.6958551585 -2 1.64095502035 -1.66657338964 0.492219187426 0.260593340696
2.77642195416 -2 1.6802188987 -1.64475176307 0.51488846359 0.257592274248
2.79288973227 -2 1.68850285204 -1.6403463626 0.519793122288 0.25677048434
2.80088896053 -2 1.69255930407 -1.63821390219 0.522208064285 0.256343058935
2.82161402402 -2 1.70316914852 -1.63271275951 0.528562620237 0.255146147591
2.83820738572 -2 1.71176909859 -1.62833430888 0.533750697523 0.254090981114
2.84523511219 -2 1.71543993259 -1.626487226 0.535974520986 0.253617131861
2.84993723142 -2 1.71790556265 -1.62525387992 0.537471173447 0.25329092096
2.86424727594 -2 1.72545663538 -1.62151310891 0.542068652851 0.25225198446
2.87842567569 -2 1.73300913697 -1.61782627972 0.546686439366 0.25115225355
2.91838323924 -2 1.7546793506 -1.6075486017 0.560026278192 0.24765641122
2.99775736577 -2 1.79946564296 -1.58769996019 0.587862424282 0.23880870782
3.02880159727 -2 1.81763089515 -1.5801757103 0.599191580079 0.234593129616
3.03939363638 -2 1.82391406034 -1.57764296285 0.60310905524 0.233051016851
3.04759783229 -2 1.82881085038 -1.57569381315 0.60616083916 0.231819336843
3.05192664923 -2 1.83140518994 -1.57466991003 0.607777080655 0.231156217725
3.06671367828 -2 1.84032291685 -1.57119653136 0.613328631515 0.228821137972
3.08083304238 -2 1.84891865422 -1.56791602051 0.618672207917 0.226489004338
3.10046009441 -2 1.86099923445 -1.56341688917 0.62616603583 0.223077194163
3.1095014817 -2 1.86661615033 -1.56136911126 0.629642675545 0.221437772839
3.11363412366 -2 1.86919447643 -1.56043846608 0.631236732248 0.220674003365
3.14177250774 -2 1.8869332408 -1.55419433653 0.642168620743 0.215229130392
3.18230002403 -2 1.91304881055 -1.54550178866 0.658129276616 0.206616953194
3.30681810541 -2 1.99753423799 -1.52137726127 0.708245850621 0.174107355229
3.3131140677 -2 2.00197758794 -1.52027442069 0.710803589322 0.172209833247
3.33652743523 -2 2.01864666131 -1.51628260797 0.720319596402 0.164931675953
3.33763982571 -2 2.01944431617 -1.51609733064 0.720771751342 0.16457714038
3.35191143561 -2 2.02972373804 -1.51375638354 0.726571766433 0.159957722478
3.35515579443 -2 2.03207239439 -1.51323367056 0.727889861016 0.15888919986
3.3694538057 -2 2.04247521025 -1.5109726075 0.733695645558 0.154098595582
3.37171981058 -2 2.04413169422 -1.51062071068 0.734615186387 0.153327116813
3.40553697876 -2 2.06910563527 -1.50558509866 0.748309357381 0.141412943939
3.40645287465 -2 2.06978860621 -1.50545447061 0.748679306487 0.141079763852
3.44119637405 -2 2.09595138726 -1.50073254569 0.762662188105 0.12802887084
3.44469822014 -2 2.09861584273 -1.50028239925 0.764065188 0.126668741297
3.45981080518 -2 2.11017197339 -1.49839551877 0.770104120857 0.120704625507
3.47079374606 -2 2.11862856644 -1.49708198705 0.774475269282 0.116273948682
3.47430388468 -2 2.12134159302 -1.49667259634 0.775868905711 0.114840781853
3.48896379661 -2 2.13272616732 -1.49501816557 0.781670336022 0.10876542237
3.50917349196 -2 2.14856203561 -1.49288685497 0.789613033324 0.100152128741
3.51126158448 -2 2.15020751203 -1.49267670676 0.790429753731 0.0992464479181
3.51791720477 -2 2.15546389229 -1.49201963778 0.793027777332 0.096339973869
3.5188040559 -2 2.15616562363 -1.49193355819 0.793373350533 0.0959504268283
3.52359962437 -2 2.15996556704 -1.49147413165 0.79523946534 0.0938347615348
3.52574461775 -2 2.16166817336 -1.49127194957 0.796072744601 0.0928834129162
3.5278124682 -2 2.16331126603 -1.4910789862 0.796875217536 0.0919633293378
3.53076166355 -2 2.16565758246 -1.49080709859 0.798018272828 0.0906460843552
3.54714501159 -2 2.17875399913 -1.48936850964 0.804336105229 0.0832212899327
3.57774043944 -2 2.20349055602 -1.48701572153 0.815976332148 0.0688692444511
3.58974682911 -2 2.21329595263 -1.48621452155 0.820482619688 0.0630642719934
3.59149578805 -2 2.21472886543 -1.48610367165 0.821135958209 0.0622105490702
3.5949991145 -2 2.21760260324 -1.4858861462 0.822442237255 0.0604942587884
3.61776138349 -2 2.23638652988 -1.48462142732 0.830847994885 0.0491416760435
3.70990932552 -2 2.31435155587 -1.48227122637 0.863207794286 -0.000346966986339
3.71842160709 -2 2.32170305621 -1.48228978057 0.866043092105 -0.00520029962573
3.74541780764 -2 2.34517707566 -1.48262545295 0.874841005401 -0.0209016769369
3.75623792631 -2 2.35465209523 -1.48288017056 0.878281032868 -0.0273257382646
3.75742376057 -2 2.35569278962 -1.48291232667 0.878654947016 -0.0280343063366
3.76998693964 -2 2.36674560446 -1.48330489102 0.88257802046 -0.0355957189847
3.77538044454 -2 2.37150586099 -1.48350271138 0.884240429979 -0.0388723859003
3.7958269861 -2 2.3896329409 -1.48441452337 0.89042005688 -0.0514588889879
3.79815603879 -2 2.39170581399 -1.48453479474 0.891111416945 -0.0529090456528
3.80477539689 -2 2.39760591255 -1.48489511569 0.893061996514 -0.0570487297388
3.80605799408 -2 2.39875064397 -1.48496810914 0.893437481348 -0.0578539633782
3.8075555481 -2 2.40008784006 -1.4850546446 0.893874874823 -0.0587954243615
3.86327547457 -2 2.45029506319 -1.48929528555 0.90933582781 -0.0947847402241
3.86460737381 -2 2.45150561327 -1.48942142603 0.909685266893 -0.0956675006428
3.8703872649 -2 2.45676430362 -1.48998247843 0.911190368905 -0.0995102425015
3.89462669181 -2 2.4789114643 -1.49257930622 0.917298302203 -0.115834632243
3.89912847905 -2 2.48304087466 -1.49310539006 0.918395664553 -0.118903116488
3.91619468167 -2 2.49873984999 -1.49522594303 0.922447753743 -0.130638306304
3.93013256905 -2 2.51161177823 -1.49710733923 0.925627872698 -0.140341185203
3.95334292859 -2 2.53314331304 -1.50054301383 0.930658582936 -0.156730899047
3.9651561036 -2 2.54414611607 -1.50243866334 0.93308875099 -0.165181489584
3.97441749826 -2 2.55279206296 -1.50399494323 0.934931228194 -0.171856969704
3.98352280311 -2 2.5613087735 -1.50558549989 0.936688147583 -0.178462427443
3.98897609924 -2 2.5664171684 -1.50656699116 0.937714241178 -0.182438460639
3.99224726142 -2 2.56948412283 -1.50716616478 0.938320270411 -0.184830585592
4.00234540239 -2 2.57896427091 -1.50906535452 0.940145917732 -0.192248378029
4.00642707744 -2 2.58280135521 -1.50985432454 0.940864335361 -0.195260779706
4.01308960822 -2 2.58907090491 -1.51116864835 0.942012671282 -0.200195205459
4.0136194529 -2 2.58956982599 -1.51127458477 0.942102692184 -0.200588534623
4.03560800673 -2 2.61031608426 -1.51585574631 0.945667447135 -0.21702847542
4.03793743932 -2 2.61251844077 -1.51636231964 0.946025325111 -0.218783264061
4.04593874218 -2 2.62008955123 -1.51813355198 0.947225390339 -0.22482958111
4.04715688756 -2 2.62124304295 -1.51840746169 0.947404107987 -0.225752634669
4.05980842471 -2 2.63323576484 -1.52131897411 0.949197499109 -0.235378546666
4.06048175063 -2 2.63387466027 -1.52147734814 0.94928971959 -0.235892830187
4.06481103895 -2 2.63798405072 -1.52250393248 0.949874835613 -0.239204256669
4.06534562495 -2 2.63849165939 -1.52263169222 0.949946144054 -0.239613722071
4.06814035323 -2 2.64114597566 -1.52330316794 0.950315551538 -0.241756356312
4.07939760334 -2 2.65184791789 -1.5260687294 0.951745760426 -0.250420887245
4.09872665573 -2 2.67025946784 -1.53104605412 0.953983119697 -0.265422058323
4.12292046525 -2 2.69336174711 -1.53768749319 0.956387794603 -0.284410683221
4.14293868056 -2 2.71251750499 -1.54353218839 0.958038350593 -0.30029149718
4.14785201134 -2 2.71722400853 -1.54501548044 0.958395872899 -0.304211829385
4.15898725633 -2 2.72789675989 -1.54844862808 0.959136021072 -0.313128392542
4.1651354135 -2 2.73379296219 -1.55038685077 0.959502747274 -0.31807005363
4.17213240669 -2 2.74050586615 -1.55262972721 0.959883581419 -0.323709638203
4.17382950899 -2 2.74213445962 -1.55317968788 0.959970070961 -0.325079980738
4.1810533603 -2 2.74906829165 -1.55554671396 0.960312435301 -0.330923597725
4.18735627123 -2 2.75512009193 -1.55764654469 0.960576914762 -0.336036101396
4.18993663854 -2 2.75759812704 -1.5585155142 0.960675950656 -0.338132790627
4.20217433625 -2 2.76935370962 -1.56271058817 0.961072185372 -0.348104946718
4.2032098471 -2 2.77034863919 -1.5630711718 0.961100126008 -0.348950867995
4.21428494153 -2 2.78099134531 -1.56698264314 0.961344143946 -0.358018305524
4.22527235766 -2 2.79155199532 -1.57096268761 0.96148667546 -0.367049252856
4.23713353144 -2 2.8029536597 -1.57537096049 0.961528467894 -0.376836243522
4.2371439948 -2 2.80296371786 -1.5753749006 0.961528453161 -0.376844894005
4.25376030421 -2 2.81893579885 -1.58174650699 0.961389671434 -0.390618395386
4.26152573381 -2 2.82639899823 -1.58480288769 0.961245388169 -0.397079221567
4.26941768024 -2 2.83398247539 -1.58796058375 0.961046624943 -0.403660233193
4.26984015933 -2 2.83438839588 -1.58813109132 0.96103449866 -0.404012948282
4.27577006229 -2 2.84008532084 -1.5905400808 0.96084832285 -0.408967991772
4.27627394858 -2 2.84056935859 -1.59074613814 0.960831126702 -0.409389410599
4.29215628116 -2 2.85582111301 -1.5973501029 0.960178254561 -0.422701059409
4.29252480971 -2 2.85617488144 -1.59750585351 0.960160548023 -0.423010580184
4.29982907088 -2 2.86318520634 -1.60061641664 0.95978558701 -0.429151068444
4.31522130383 -2 2.8779482123 -1.60731851533 0.958845245503 -0.44212536395
4.31926538597 -2 2.88182446382 -1.60911258507 0.958564271306 -0.445541542953
4.32287187686 -2 2.88528031141 -1.61072419783 0.958301760062 -0.44859054565
4.32542900103 -2 2.88773004543 -1.61187355734 0.958108801655 -0.450753774703
4.32845814788 -2 2.89063133478 -1.61324224574 0.957872884765 -0.453317773044
4.33143200954 -2 2.8934789709 -1.61459351973 0.957633522055 -0.455836483877
4.37044857715 -2 2.93076437674 -1.63301824222 0.95377821087 -0.489006365064
4.372560093 -2 2.93277766521 -1.63405235612 0.953531502359 -0.490807374895
4.37883228432 -2 2.93875496149 -1.63714661435 0.952775512953 -0.496160332151
4.38290225652 -2 2.94263100938 -1.63917243751 0.952266408083 -0.499636216368
4.38487781601 -2 2.94451168756 -1.64016087537 0.95201402071 -0.501324058496
4.39130363436 -2 2.95062539727 -1.64339901597 0.951169253768 -0.506816853336
4.39237409018 -2 2.95164332965 -1.6439418806 0.95102498118 -0.507732285203
4.39338380915 -2 2.95260336389 -1.6444548425 0.950887965863 -0.508595878921
4.39368663008 -2 2.95289125716 -1.64460885307 0.950846698366 -0.508854895261
4.41314584327 -2 2.97136401244 -1.65467027243 0.948024569465 -0.525516383732
4.41324078412 -2 2.97145400359 -1.65472015753 0.948009977273 -0.525597750471
4.4282846582 -2 2.98569562282 -1.66272243232 0.945596591964 -0.538498570451
4.43976336983 -2 2.99653700603 -1.66895900399 0.943619715631 -0.548351052329
4.43986026508 -2 2.99662842414 -1.66901213059 0.94360252871 -0.548434247471
4.44252800522 -2 2.99914471152 -1.6704779921 0.94312604838 -0.550724953905
4.44568288891 -2 3.00211883849 -1.67221942161 0.942554372937 -0.553434334639
4.45029994101 -2 3.00646808536 -1.67478335959 0.941701748948 -0.557400080417
4.45922187577 -2 3.01486119316 -1.67978980813 0.940000264593 -0.565065317055
4.46311322129 -2 3.01851708481 -1.68199483282 0.9392359011 -0.568409159851
4.47058007352 -2 3.02552371339 -1.686262382 0.937731345051 -0.574826163457
4.47102261252 -2 3.02593862232 -1.68651681267 0.937640611083 -0.575206502866
4.47384897271 -2 3.02858756885 -1.68814575624 0.937056994178 -0.577635652769
4.47977230289 -2 3.03413369087 -1.69158189534 0.935810728123 -0.582726662867
4.4856566048 -2 3.03963588676 -1.69502527436 0.934541628219 -0.587784114599
4.50267712967 -2 3.05550805506 -1.70515299625 0.930696489058 -0.602410768822
4.51181607505 -2 3.06400283108 -1.71069372034 0.92852504985 -0.610261589334
4.53109916846 -2 3.08185980555 -1.72262007355 0.923698491817 -0.626815767318
4.5442577832 -2 3.09399047444 -1.73094177427 0.920214328557 -0.638100344489
4.54982864272 -2 3.09911216205 -1.73450961768 0.918692734705 -0.642874177433
4.55031186996 -2 3.09955602695 -1.73482035341 0.918559444836 -0.643288156889
4.55052813137 -2 3.09975465146 -1.73495948356 0.918499725467 -0.64347342147
4.55464841477 -2 3.10353643666 -1.73761789315 0.917353972248 -0.647002421719
4.57315669334 -2 3.12046476498 -1.74973876832 0.912020848399 -0.66283599454
4.58658367556 -2 3.13268243011 -1.75871529478 0.907961359776 -0.674300649295
4.59923532825 -2 3.14414384228 -1.7673142742 0.903990034237 -0.68508372734
4.61015499787 -2 3.15399521077 -1.77484570675 0.900448550016 -0.69437364411
4.61365989188 -2 3.15714895595 -1.7772845786 0.899289522263 -0.697351853233
4.62550909515 -2 3.16778059766 -1.7856070787 0.895290984869 -0.707406715458
4.63565791097 -2 3.17684841963 -1.79282993905 0.89176810586 -0.716000799612
4.63651373874 -2 3.17761144836 -1.79344301454 0.891466897055 -0.716724727615
4.64800255727 -2 3.1878293317 -1.80173302394 0.887361308507 -0.726430396127
4.65587868465 -2 3.19480664313 -1.80748059402 0.884480084385 -0.733070106608
4.66001595995 -2 3.19846263507 -1.81052069503 0.882944928677 -0.736553139347
4.66478438705 -2 3.20266844359 -1.81404244082 0.881157099671 -0.7405633253
4.66634788083 -2 3.20404560336 -1.8152013294 0.880566594427 -0.741877208179
4.66753301762 -2 3.20508888237 -1.81608114202 0.880117573305 -0.742872806804
4.677983901 -2 3.21426560892 -1.82389062953 0.876105229847 -0.751639625409
4.68246782805 -2 3.21818992265 -1.82726934142 0.87435475167 -0.755393849956
4.6852649798 -2 3.22063399053 -1.82938556424 0.873253974092 -0.757733561542
4.68882723661 -2 3.22374211382 -1.83209010935 0.871842326408 -0.760710722057
4.69224972678 -2 3.22672353736 -1.83469852659 0.870475763376 -0.763568360183
4.69572376417 -2 3.22974506717 -1.83735622886 0.869078306518 -0.766466277185
4.69796585585 -2 3.23169253391 -1.83907681411 0.868170899274 -0.768335052667
4.69921024024 -2 3.23277251953 -1.84003356484 0.867665415308 -0.769371730872
4.70439852351 -2 3.23726856345 -1.84403649628 0.865543553511 -0.773690026969
4.70995898484 -2 3.24207484417 -1.84835143112 0.863243879969 -0.778310834636
4.71508019002 -2 3.24649007925 -1.85234821541 0.861102490423 -0.782559826363
4.71737673187 -2 3.24846646609 -1.85414758844 0.86013494206 -0.784463083649
4.72463768065 -2 3.25470049105 -1.85986537758 0.857046307556 -0.790471656997
4.74061891974 -2 3.2683414944 -1.87260351833 0.850090698276 -0.803647060091
4.74506638394 -2 3.27211776571 -1.8761858533 0.848116618698 -0.807301189853
4.74758805855 -2 3.27425496935 -1.87822422264 0.846989934143 -0.809370568883
4.75138104467 -2 3.27746428654 -1.88130006534 0.845285161708 -0.812479808974
4.75487239004 -2 3.28041264764 -1.88414171595 0.843705291666 -0.815338108011
4.75757192264 -2 3.28268855081 -1.88634573745 0.842476723981 -0.817545722395
4.76894829399 -2 3.2922429538 -1.89569929983 0.837232405712 -0.826825200043
4.7693947062 -2 3.29261665085 -1.89606848724 0.837024417905 -0.827188531185
4.77161136514 -2 3.2944708661 -1.89790408798 0.835989201012 -0.828991745197
4.77550989365 -2 3.29772636849 -1.90114212414 0.834158623994 -0.832159447422
4.77799374177 -2 3.29979679843 -1.90321159295 0.832985746007 -0.834175197137
4.79922951419 -2 3.31737758325 -1.92110838537 0.822750369133 -0.851328254873
4.80797928494 -2 3.32455748122 -1.9285880734 0.818425495566 -0.858352481872
4.81067081713 -2 3.32675846347 -1.93090126054 0.817082563241 -0.860507975239
4.8181252001 -2 3.33283528012 -1.93733803389 0.813332509886 -0.866464673194
4.82204901781 -2 3.33602270412 -1.94074402116 0.811340489209 -0.869592322836
4.83072181197 -2 3.34303996798 -1.94831572362 0.806893479009 -0.876485886911
4.83370479952 -2 3.34544459286 -1.95093379429 0.805349963399 -0.878850637621
4.83574352625 -2 3.34708538363 -1.9527271734 0.804290941862 -0.880464961301
4.84278164209 -2 3.3527330814 -1.95894355491 0.800609433369 -0.886026177387
4.85445356758 -2 3.36204160387 -1.96933878561 0.794417138526 -0.895207935409
4.85708097103 -2 3.36412698733 -1.97169355427 0.793008339696 -0.897267639853
4.86353319223 -2 3.36923238315 -1.97749918516 0.789525591436 -0.902314415402
4.86399945677 -2 3.36960044832 -1.977919985 0.789272643999 -0.902678488636
4.86604574394 -2 3.37121437353 -1.97976874818 0.788160518793 -0.904275283269
4.86980348937 -2 3.37417220129 -1.9831722674 0.7861096896 -0.907203300788
4.87054211528 -2 3.37475268728 -1.98384255941 0.785705276254 -0.907778177976
4.87110458255 -2 3.37519452979 -1.98435327477 0.785397027275 -0.908215804573
4.88489032755 -2 3.38596927164 -1.99694736151 0.777764933722 -0.918902114598
4.88529190834 -2 3.386281559 -1.99731643415 0.777540396945 -0.919212254345
4.89694446069 -2 3.39530362771 -2.00807982272 0.770970862833 -0.928182540747
4.89777243435 -2 3.39594177021 -2.00884858873 0.770500087619 -0.928817777936
4.90475650132 -2 3.40130902339 -2.01535412899 0.766508143926 -0.934164604909
4.90477406205 -2 3.40132248361 -2.01537053354 0.766498059598 -0.934178022958
4.90524153632 -2 3.40168073541 -2.01580731638 0.76622952386 -0.934535169123
4.9169373401 -2 3.41060281069 -2.0267894587 0.759456890427 -0.943440200241
4.91827398211 -2 3.41161740058 -2.02805116209 0.758676285674 -0.944454141328
4.92911099962 -2 3.41980461855 -2.03833052202 0.752297730204 -0.952645924626
4.93968670624 -2 3.42772731813 -2.04844732447 0.745988195628 -0.960589929152
4.94744983799 -2 3.43350029915 -2.05592691692 0.741303775392 -0.966389132555
4.95008773073 -2 3.43545364293 -2.05847869618 0.739701887229 -0.968353425422
4.95214355654 -2 3.43697303549 -2.06047099955 0.738449913522 -0.969882068025
4.96015642328 -2 3.44287042108 -2.06826621235 0.733540580505 -0.975821500985
4.96029415244 -2 3.4429714438 -2.06840061599 0.733455785875 -0.975923329838
4.96173281846 -2 3.44402598978 -2.06980538275 0.73256922648 -0.97698646488
4.96855477097 -2 3.44900908185 -2.07648737475 0.728344781009 -0.982014472498
4.97971755713 -2 3.45710041372 -2.08749488302 0.721359662821 -0.990194222821
4.98076777131 -2 3.45785763646 -2.08853518018 0.720697875475 -0.99096071799
4.98493316109 -2 3.46085409709 -2.09266915528 0.718065295563 -0.993995571802
4.98934034515 -2 3.46401252775 -2.09705684244 0.715266407645 -0.997197436731
4.99052439823 -2 3.46485898021 -2.09823806006 0.714512089231 -0.998056051472
4.99075935027 -2 3.46502683581 -2.09847257031 0.714362291083 -0.998226345269
5.01450120593 -2 3.48180551466 -2.12237493404 0.699024437681 -1.01529387428
5.01485128822 -2 3.48205018556 -2.12273040568 0.698795322883 -1.0155434347
5.02677933849 -2 3.49033850899 -2.13489412688 0.69093819993 -1.02400933122
5.03155104457 -2 3.49362782857 -2.13978831322 0.687767598113 -1.02737566983
5.03494625858 -2 3.49595904758 -2.14328044168 0.685502134504 -1.02976377628
5.03611341519 -2 3.4967586611 -2.14448278532 0.684721531045 -1.03058334675
5.04668766614 -2 3.50396134896 -2.15541929131 0.677607262884 -1.03797620826
5.04862711014 -2 3.50527422271 -2.15743364499 0.676294223563 -1.03932579622
5.05021291877 -2 3.5063458147 -2.15908264801 0.675218722509 -1.04042783124
5.05314378588 -2 3.50832181933 -2.16213490495 0.67322655732 -1.04246110329
5.05685556249 -2 3.5108159217 -2.16600895536 0.670695345242 -1.04502960201
5.06314030354 -2 3.51501742762 -2.1725901468 0.666388598758 -1.04936184976
5.06387632979 -2 3.51550770644 -2.17336267043 0.665882507015 -1.04986783353
5.06681068638 -2 3.51745862081 -2.17644623171 0.663861281229 -1.05188218073
5.06693710801 -2 3.5175425392 -2.17657921431 0.663774072442 -1.05196886152
5.07008545199 -2 3.51962884227 -2.17989448099 0.661598868537 -1.05412474552
5.07234399995 -2 3.52112128266 -2.18227695199 0.660034411474 -1.05566803487
5.0791647878 -2 3.52560692923 -2.18949309841 0.6552894859 -1.0603119868
5.09235591967 -2 3.53418968088 -2.20353830167 0.646027200596 -1.06922118629
5.0965241057 -2 3.53687620176 -2.20800072316 0.643077154281 -1.07201644563
5.10047422034 -2 3.53941079846 -2.2122404141 0.640271195686 -1.07465657755
5.1045882881 -2 3.54203878913 -2.2166671455 0.637338213034 -1.0773970616
5.11729713512 -2 3.55008041103 -2.23041276227 0.628210343764 -1.08580287182
5.11843278395 -2 3.55079334229 -2.23164624428 0.627389753797 -1.08654957801
5.12397572236 -2 3.55425965707 -2.23767884154 0.623373040547 -1.09018365512
5.12577761878 -2 3.55538168318 -2.23964424894 0.622063179311 -1.09136126028
5.12984090492 -2 3.5579031825 -2.24408402979 0.619102066985 -1.09400997357
5.131774238 -2 3.55909869554 -2.2462002755 0.617689580318 -1.0952669333
5.13299705908 -2 3.55985343915 -2.24754004153 0.616795004944 -1.09606084753
5.13426367858 -2 3.56063406166 -2.24892881774 0.615867420443 -1.09688229391
5.13496165677 -2 3.56106372596 -2.24969455561 0.615355849208 -1.09733456336
5.13938296258 -2 3.56377710491 -2.25455240461 0.612108408029 -1.10019293383
5.14098681734 -2 3.56475784596 -2.25631773835 0.610927432654 -1.10122704134
5.14378131188 -2 3.56646212095 -2.25939754608 0.608866011362 -1.10302528135
5.1444603585 -2 3.56687537971 -2.26014668071 0.608364382039 -1.10346156165
5.14450500768 -2 3.56690254067 -2.26019594875 0.608331388746 -1.10349023892
5.1534091117 -2 3.57228956392 -2.27004668435 0.601727700884 -1.10918604213
5.15480188973 -2 3.57312687374 -2.27159211348 0.600690443536 -1.11007280451
5.16833534265 -2 3.58118739499 -2.2866728909 0.590551406553 -1.11863019481
5.17524459928 -2 3.58524944073 -2.29441657677 0.585333427166 -1.12295740295
5.1763087064 -2 3.58587183581 -2.29561184931 0.584527314797 -1.12362133071
5.1783961222 -2 3.58709026926 -2.29795861784 0.582944080373 -1.12492177717
5.18246647552 -2 3.58945663304 -2.30254249149 0.579849574681 -1.12745012372
5.1831250394 -2 3.58983831472 -2.30328510707 0.579347996294 -1.1278582701
5.19276904243 -2 3.59538972141 -2.31419065734 0.571974280141 -1.13380544765
5.19422369733 -2 3.59622088642 -2.31584056664 0.570857438733 -1.13469764937
5.19447947222 -2 3.59636686383 -2.31613080765 0.570660937514 -1.13485439544
5.19566939646 -2 3.59704532359 -2.31748160327 0.569746278249 -1.1355830969
5.20295124722 -2 3.6011734624 -2.32576676523 0.564131431973 -1.14002385147
5.21250120912 -2 3.60652523382 -2.33668135384 0.55672244049 -1.1457991206
5.21370786216 -2 3.60719639623 -2.33806434726 0.555782675757 -1.1465248895
5.22111848428 -2 3.61129340246 -2.34657711545 0.549993435741 -1.1509626869
5.221347958 -2 3.61141958286 -2.34684124205 0.549813684772 -1.15109956948
5.22203716399 -2 3.61179830758 -2.34763471405 0.549273642848 -1.15151049143
5.22223581514 -2 3.61190739901 -2.34786347057 0.549117937028 -1.15162887821
5.23171445184 -2 3.61707666345 -2.35880583407 0.541663322501 -1.15724953587
5.23335046805 -2 3.61796171894 -2.36069987088 0.540371699569 -1.15821406695
5.23374879973 -2 3.61817688926 -2.36116126338 0.540056999963 -1.15844865772
5.23916205939 -2 3.62108857332 -2.3674407569 0.535771787398 -1.16162698647
5.24279160844 -2 3.62302782482 -2.37166072563 0.532889756216 -1.16374787195
5.24951252306 -2 3.62659110571 -2.3794952022 0.527534455617 -1.16765356203
5.25669570544 -2 3.63035958478 -2.38789745738 0.521784348572 -1.17179677231
5.26116374672 -2 3.63268275843 -2.39313875363 0.518194020669 -1.174357634
5.26763867453 -2 3.63602089715 -2.40075450267 0.512972579603 -1.17804652125
5.27601439852 -2 3.64028870994 -2.41064124307 0.506186194146 -1.18277918122
5.28154596933 -2 3.64307606706 -2.41719239614 0.501684588716 -1.18588047049
5.28305684807 -2 3.64383306502 -2.41898473995 0.50045232977 -1.18672417923
5.28963891259 -2 3.64710913165 -2.4268078297 0.495070616957 -1.19038284694
5.29312646413 -2 3.64883060089 -2.43096268571 0.49221026754 -1.1923102506
5.30840235321 -2 3.65625289693 -2.4492401631 0.479610545319 -1.20066100643
5.31069481227 -2 3.65735012197 -2.451994042 0.477709817649 -1.20190130954
5.31973380583 -2 3.66163385328 -2.4628799872 0.470190586112 -1.20675879997
5.32256584987 -2 3.66296200392 -2.46629971802 0.467826619916 -1.2082698891
5.32459495385 -2 3.66390947851 -2.46875251708 0.466130528782 -1.20934937083
5.3331572863 -2 3.66786962517 -2.47912678137 0.45895191739 -1.21387519788
5.33750372734 -2 3.66985633181 -2.48440778459 0.455294675493 -1.2161544334
5.3521825649 -2 3.67644800367 -2.50231558165 0.442878571088 -1.22376107214
5.35246232443 -2 3.67657186017 -2.50265796231 0.442640974331 -1.22390468065
5.35663043366 -2 3.67840930769 -2.50776380946 0.439096824508 -1.22603823214
5.35901573627 -2 3.6794541814 -2.51068975074 0.437065052704 -1.2272540978
5.36370645105 -2 3.68149478355 -2.51645207778 0.433062075183 -1.22963423894
5.36398738435 -2 3.68161640181 -2.51679754553 0.432822017708 -1.22977633115
5.36675115891 -2 3.68280926506 -2.52019832568 0.430458490348 -1.23117145051
5.36678809818 -2 3.68282516405 -2.52024380497 0.430426877485 -1.23119006305
5.36952687377 -2 3.68400070305 -2.52361767402 0.428081323018 -1.23256755093
5.37666771598 -2 3.68703544871 -2.53243208802 0.421950104209 -1.2361359058
5.38044655667 -2 3.68862366142 -2.53710684325 0.418696469326 -1.23801065167
5.38243356616 -2 3.6894538487 -2.53956778575 0.416983124307 -1.23899266435
5.38819942533 -2 3.69184357508 -2.54671991194 0.412001676839 -1.2418274966
5.40022656061 -2 3.69673569897 -2.561690977 0.401564814267 -1.24766998726
5.40410731546 -2 3.69828739827 -2.56653657512 0.398184087827 -1.24953471159
5.40844463083 -2 3.70000611158 -2.57196078871 0.394398148415 -1.25160698505
5.40915364263 -2 3.70028550399 -2.57284832754 0.393778521809 -1.25194454673
5.41087879897 -2 3.70096348192 -2.57500887227 0.392269982602 -1.25276450075
5.4121820182 -2 3.70147391477 -2.5766419305 0.39112958123 -1.25338259901
5.4169308905 -2 3.70332132539 -2.58259952355 0.386968069698 -1.25562535923
5.42179072656 -2 3.70519142272 -2.58870731932 0.382699726256 -1.25790497423
5.43804356916 -2 3.71129452748 -2.60921354948 0.368355555764 -1.26541422803
5.44859387387 -2 3.71513115663 -2.62258965633 0.358988016072 -1.27019416399
5.45552155671 -2 3.7175965756 -2.63140013491 0.352813368141 -1.27329223068
5.45578658567 -2 3.71769004409 -2.63173761876 0.352576779822 -1.27341011197
5.46151256188 -2 3.71969411865 -2.63903660081 0.34745869702 -1.27594542289
5.46316440684 -2 3.72026681045 -2.64114492416 0.345979895424 -1.27667271968
5.46539495907 -2 3.72103626183 -2.64399378197 0.343981368989 -1.27765190496
5.46714480198 -2 3.72163676682 -2.64623020603 0.342412231799 -1.27841772133
5.46861750846 -2 3.72214003697 -2.64811346784 0.341090717522 -1.27906065208
5.48068513666 -2 3.7261904982 -2.66358071482 0.330231495455 -1.28427390429
5.4834903899 -2 3.72711328175 -2.66718522273 0.327699440267 -1.28547171568
5.48577251104 -2 3.72785874074 -2.67012002639 0.325637447301 -1.28644223774
5.5097455077 -2 3.73540432842 -2.70108138745 0.303863755063 -1.29642458639
5.51122881666 -2 3.73585403154 -2.70300490411 0.302509857826 -1.29702946013
5.51235383903 -2 3.7361937717 -2.70446440201 0.301482478673 -1.29748723541
5.51499850523 -2 3.73698786904 -2.7078973683 0.299065623053 -1.29855998119
5.51592509346 -2 3.7372645778 -2.70910081689 0.298218279614 -1.29893470835
5.52390593602 -2 3.73961538102 -2.71948061353 0.290907802797 -1.30213819102
5.52437798413 -2 3.73975259746 -2.72009535339 0.290474725555 -1.30232631644
5.53130319924 -2 3.74174212718 -2.72912410942 0.284112594244 -1.30506884348
5.53465709884 -2 3.74268981657 -2.73350356268 0.28102562215 -1.30638535595
5.53515132274 -2 3.74282859094 -2.7341492831 0.280570415738 -1.3065787089
5.53644199522 -2 3.74318994126 -2.73583604127 0.279381255976 -1.30708287056
5.55067344148 -2 3.74707241062 -2.75447767261 0.266232875067 -1.31256690844
5.55801038816 -2 3.74900079178 -2.76411851204 0.259428710907 -1.31534038802
5.55869086653 -2 3.74917711265 -2.76501369805 0.258796777134 -1.31559576409
5.55907731481 -2 3.74927705506 -2.76552215764 0.258437832321 -1.31574065366
5.56058535192 -2 3.74966573361 -2.7675068547 0.257036670082 -1.31630508443
5.5630392638 -2 3.75029368308 -2.77073821506 0.254755133944 -1.31722023161
5.57084279918 -2 3.75225334875 -2.78102891709 0.247487233414 -1.32010320069
5.58456925859 -2 3.75556255903 -2.79918433795 0.234657445406 -1.32507376776
5.5869028869 -2 3.7561076287 -2.80227768096 0.232470580318 -1.32590605066
5.58745191302 -2 3.75623512422 -2.80300572503 0.231955845629 -1.32610132054
5.59524373201 -2 3.75801406721 -2.81334968191 0.224641026361 -1.32885047076
5.5953921865 -2 3.75804740734 -2.81354696877 0.224501485649 -1.32890244776
5.61790465471 -2 3.76286304214 -2.84355267667 0.203266884115 -1.33661074317
5.62299113254 -2 3.76388479268 -2.85035595996 0.198449192062 -1.33830453408
5.62593916202 -2 3.76446576073 -2.85430294827 0.195653654211 -1.33927815499
5.63781321369 -2 3.76672224964 -2.87022940059 0.184369693275 -1.3431397437
5.63921356924 -2 3.76697953051 -2.87211068002 0.183036412173 -1.34358882482
5.64041951794 -2 3.76719959783 -2.87373129087 0.181887804975 -1.34397449095
5.64079159541 -2 3.76726721675 -2.87423139998 0.181533340862 -1.3440932825
5.6444712501 -2 3.76792883108 -2.8791795955 0.178025887075 -1.34526299225
5.65660163602 -2 3.77001842113 -2.89552204675 0.166437931929 -1.34905376364
5.6585915176 -2 3.77034777325 -2.89820724492 0.164533380193 -1.34966603994
5.68514721559 -2 3.7743795511 -2.93415644985 0.139020861155 -1.3575791595
5.68977343115 -2 3.77501253858 -2.94044028741 0.134558635303 -1.35890863287
5.69025282913 -2 3.77507695241 -2.94109180962 0.134095937158 -1.35904556956
5.69226676606 -2 3.77534513005 -2.94382955117 0.132151556241 -1.3596191303
5.69454585956 -2 3.77564389308 -2.94692913534 0.129950012666 -1.36026488221
5.69813546706 -2 3.77610427367 -2.95181400084 0.126480056713 -1.3612747952
5.70349851826 -2 3.77676889153 -2.95911894514 0.121290142982 -1.36276734928
5.7048084858 -2 3.77692699988 -2.96090444749 0.120021449137 -1.36312894946
5.70493299322 -2 3.77694194101 -2.96107417731 0.119900843968 -1.36316325754
5.71124916662 -2 3.7776801866 -2.96969002462 0.113777951688 -1.3648898758
5.71640802895 -2 3.77825445942 -2.976735225 0.108770210876 -1.36628004081
5.73036931409 -2 3.77967890675 -2.99583690679 0.0951880908389 -1.36995170047
5.73224415705 -2 3.77985574612 -2.99840591951 0.0933609046924 -1.37043470296
5.73894777195 -2 3.78046001499 -3.00759893444 0.086821486968 -1.37214223673
5.74380179099 -2 3.78087018704 -3.01426259141 0.0820803755642 -1.37335965793
5.7591751332 -2 3.78201723778 -3.03540564993 0.0670321654901 -1.37711025592
5.75975597958 -2 3.78205603944 -3.03620561272 0.0664626524451 -1.37724883271
5.76252662795 -2 3.78223657189 -3.04002255408 0.0637451260012 -1.37790671158
5.76616708474 -2 3.78246233291 -3.0450405291 0.0601721232336 -1.37876324509
5.76630575538 -2 3.78247067535 -3.04523173303 0.0600359696568 -1.37879569494
5.7723708296 -2 3.78281707583 -3.05359884175 0.054077256025 -1.38020227087
5.77505862138 -2 3.7829590278 -3.05730951096 0.0514342846357 -1.38081767489
5.77580621564 -2 3.78299724833 -3.058341906 0.0506989062717 -1.38098798042
5.77586990707 -2 3.78300047913 -3.05842986695 0.0506362505567 -1.38100247221
5.78503761662 -2 3.78342387474 -3.07110045022 0.0416094544457 -1.38305990421
5.79581659012 -2 3.78381575115 -3.08602167098 0.0309757635262 -1.38540657301
5.80014683077 -2 3.78394089409 -3.09202302003 0.0266978079084 -1.38632730364
5.80379918721 -2 3.78403204228 -3.09708795522 0.0230868858051 -1.38709410297
5.80471649258 -2 3.78405286248 -3.09836047409 0.0221796065457 -1.38728528043
5.80541762971 -2 3.78406821517 -3.09933323458 0.0214860303282 -1.38743102489
5.80871247881 -2 3.78413384964 -3.10390588267 0.0182255281438 -1.38811150192
5.81174867522 -2 3.78418481972 -3.10812154021 0.0152192642365 -1.38873211064
5.81328369156 -2 3.7842071149 -3.11025357293 0.0136987580581 -1.38904351972
5.81733189065 -2 3.78425471711 -3.11587852166 0.00968683439236 -1.38985720135
5.82169896006 -2 3.78428785472 -3.12195020023 0.00535568817671 -1.3907226609
5.82659473868 -2 3.78430251069 -3.12876141091 0.000496267513822 -1.39167771343
5.82768100582 -2 3.78430253746 -3.13027330109 -0.000582488355737 -1.391887444
5.82924281965 -2 3.78430052242 -3.13244746508 -0.00213385399768 -1.39218760685
5.83137354982 -2 3.78429386571 -3.13541435619 -0.00425099563848 -1.39259447728
5.83323620858 -2 3.784284351 -3.13800868333 -0.00610240162499 -1.39294767123
5.83401558369 -2 3.78427934655 -3.13909439816 -0.00687724093108 -1.39309476652
5.83555145904 -2 3.78426771698 -3.14123429601 -0.00840447476433 -1.39338345131
5.83600793446 -2 3.78426380843 -3.14187037733 -0.00885845761028 -1.39346894699
5.8381222262 -2 3.78424300211 -3.14481706992 -0.010961655396 -1.39386312777
5.84026813151 -2 3.7842173375 -3.14780866974 -0.0130970563948 -1.39426014873
5.8459318366 -2 3.78412758808 -3.1557084738 -0.0187366602952 -1.39529324227
5.85679000014 -2 3.78386615314 -3.17086962659 -0.0295630665038 -1.39721400204
5.85932618451 -2 3.78378814791 -3.17441384539 -0.032094521992 -1.39765132308
5.8634048844 -2 3.7836492324 -3.18011597436 -0.0361677184013 -1.39834564346
5.86741546565 -2 3.78349643399 -3.1857256049 -0.0401753904998 -1.39901757528
5.86780474176 -2 3.78348074724 -3.18627023105 -0.040564515322 -1.399082225
5.86874972703 -2 3.7834420368 -3.18759243979 -0.0415092293412 -1.39923874597
5.8696174669 -2 3.78340570441 -3.18880669769 -0.042376839683 -1.39938194972
5.87470351668 -2 3.78317760946 -3.19592625403 -0.047464416856 -1.40021124365
5.88157505016 -2 3.78282832873 -3.20555176306 -0.0543441448819 -1.40130438628
5.88374974565 -2 3.7827079386 -3.20859958219 -0.0565228823604 -1.40164381687
5.88977452304 -2 3.78234965679 -3.21704706754 -0.0625624439944 -1.40256780255
5.89334095195 -2 3.78212041857 -3.22205023405 -0.0661400804218 -1.40310343591
5.89751291292 -2 3.78183606209 -3.22790526749 -0.0703274395296 -1.40371932851
5.90191260696 -2 3.78151725264 -3.23408265545 -0.0747460139068 -1.40435636894
5.90589602586 -2 3.78121183458 -3.23967795974 -0.0787488379571 -1.4049221011
5.90749169587 -2 3.78108501732 -3.2419199422 -0.080352891493 -1.4051457809
5.90770783533 -2 3.78106764261 -3.24222365441 -0.0805701932327 -1.40517594988
5.90992850239 -2 3.78088641038 -3.24534443925 -0.0828031692234 -1.40548412695
5.91941992738 -2 3.78005588369 -3.25869064468 -0.092354666117 -1.4067646524
5.92408278405 -2 3.77961464817 -3.2652516093 -0.0970513946296 -1.40737199072
5.92878886727 -2 3.77914710959 -3.2718762234 -0.101794523331 -1.40797044875
5.93030288629 -2 3.77899194865 -3.27400805566 -0.103321064735 -1.40815988466
5.93227448482 -2 3.77878642865 -3.27678461433 -0.105309407702 -1.40840431447
5.93287030721 -2 3.77872354852 -3.27762379203 -0.105910387289 -1.40847767911
5.93556018685 -2 3.778435214 -3.28141285436 -0.10862410681 -1.40880598508
5.93603365873 -2 3.77838370583 -3.2820798948 -0.109101869083 -1.40886328148
5.93850988888 -2 3.77811063545 -3.28556891518 -0.11160099415 -1.40916054012
5.94165492694 -2 3.7777548879 -3.2900013374 -0.114776208796 -1.40953228337
5.9426703004 -2 3.77763790226 -3.29143258939 -0.115801585379 -1.40965091457
5.94273328454 -2 3.77763061129 -3.29152137464 -0.115865194193 -1.40965825105
5.94301882193 -2 3.77759750753 -3.2919238866 -0.116153569616 -1.4096914782
5.9541461695 -2 3.77624329794 -3.30761691592 -0.12739921807 -1.41094471742
5.95764372272 -2 3.7757917835 -3.3125523732 -0.130937012172 -1.41132188928
5.96091907711 -2 3.77535773114 -3.3171754601 -0.134251352728 -1.41166784491
5.96297993054 -2 3.77507906004 -3.32008488051 -0.136337375859 -1.41188192595
5.96398997107 -2 3.77494091107 -3.32151097 -0.137359931481 -1.41198583541
5.96411300972 -2 3.77492401179 -3.32168469702 -0.137484502697 -1.41199844766
5.96557583647 -2 3.77472191901 -3.32375028395 -0.138965683618 -1.41214763917
5.97162232017 -2 3.77386358831 -3.33229050119 -0.14509062101 -1.41274948983
5.97462379411 -2 3.77342375366 -3.33653119081 -0.148132570802 -1.41303938976
5.97596851739 -2 3.77322373624 -3.3384313876 -0.149495754194 -1.41316736584
5.98160212528 -2 3.77236584622 -3.34639393943 -0.155208870229 -1.41369070413
5.98179396823 -2 3.77233606543 -3.34666514184 -0.155403481947 -1.41370816163
5.98223129087 -2 3.77226803794 -3.34728338372 -0.155847131245 -1.41374786795
5.9824508742 -2 3.7722338076 -3.34759381461 -0.156069899089 -1.41376775788
5.98692286099 -2 3.77152603419 -3.35391691722 -0.160607876602 -1.41416600564
5.99117927577 -2 3.770833522 -3.3599368329 -0.164929093369 -1.41453297538
6.00076567098 -2 3.76920643072 -3.3735005415 -0.174668419184 -1.41531637422
6.00224882552 -2 3.76894635301 -3.37559969937 -0.176176084369 -1.4154322506
6.00254419432 -2 3.76889429172 -3.37601776497 -0.176476361323 -1.41545515696
6.00400729051 -2 3.76863510039 -3.37808873286 -0.177963900988 -1.41556778862
6.0054184703 -2 3.76838304373 -3.38008636874 -0.179398863018 -1.41567510919
6.01204391164 -2 3.76717256281 -3.38946716948 -0.186138639989 -1.41616173075
6.01486044003 -2 3.76664444603 -3.39345597504 -0.189005096035 -1.41635999075
6.01597974157 -2 3.76643232758 -3.39504129763 -0.190144455712 -1.41643735543
6.01739413313 -2 3.7661624623 -3.39704469303 -0.191584368734 -1.41653395777
6.02384210479 -2 3.76490637525 -3.40617951167 -0.198151143925 -1.41695797096
6.02396219737 -2 3.76488257902 -3.40634967184 -0.198273487087 -1.41696561342
6.02563295094 -2 3.76454999627 -3.40871707015 -0.199975693625 -1.4170709712
6.0268696008 -2 3.76430199476 -3.41046947054 -0.201235794781 -1.41714779414
6.02878226019 -2 3.7639153544 -3.41317999715 -0.203185009356 -1.41726466883
6.033181339 -2 3.7630119353 -3.41941497943 -0.207669464386 -1.41752452551
6.04004002538 -2 3.76156402106 -3.42913824145 -0.214664826776 -1.41790479786
6.04755113669 -2 3.75992330133 -3.43978925358 -0.222330497525 -1.4182865143
6.05053580003 -2 3.75925534141 -3.44402237277 -0.22537796811 -1.41842812739
6.05592465003 -2 3.75802628306 -3.4516663515 -0.230882185931 -1.41866932421
6.05639919767 -2 3.75791662937 -3.45233954865 -0.231367013195 -1.41868967142
6.05955350605 -2 3.75718191398 -3.45681451427 -0.234590139661 -1.41882124813
6.06070967008 -2 3.75691006803 -3.45845484637 -0.235771739998 -1.41886787789
6.07518607526 -2 3.75339054187 -3.47899768944 -0.250576068047 -1.41937927036
6.07967218115 -2 3.75225634733 -3.48536510219 -0.255167262199 -1.41951054318
6.08239902106 -2 3.75155686774 -3.48923574995 -0.257958761761 -1.41958405538
6.08319102608 -2 3.75135227824 -3.49036000777 -0.258769656954 -1.41960451734
6.08397891343 -2 3.75114811492 -3.49147843612 -0.259576385134 -1.41962447574
6.08470997567 -2 3.75095810784 -3.49251621326 -0.260324972809 -1.41964264039
6.08611183638 -2 3.75059222507 -3.49450625607 -0.261760556389 -1.41967651858
6.10024107317 -2 3.74679207893 -3.51456597862 -0.276238092028 -1.41994805005
6.10574667931 -2 3.74525589009 -3.52238332726 -0.281883462197 -1.42001945515
6.10804602646 -2 3.74460511438 -3.5256482467 -0.284241835204 -1.42004357363
6.10922172357 -2 3.74427026497 -3.52731767747 -0.285447860938 -1.42005460825
6.12536653062 -2 3.73952853345 -3.550243238 -0.302019028122 -1.42011743251
6.12557079925 -2 3.73946682477 -3.55053330137 -0.30222880689 -1.42011716915
6.12793210296 -2 3.73875037261 -3.55388636774 -0.304654012151 -1.42011220742
6.1298589647 -2 3.73816149078 -3.55662251033 -0.306633297383 -1.42010554408
6.13432161171 -2 3.7367829763 -3.56295939401 -0.311218310697 -1.42008109396
6.13494312387 -2 3.7365893667 -3.56384192045 -0.311856969509 -1.4200766899
6.14139111687 -2 3.73455729272 -3.57299764955 -0.318484344391 -1.42001659912
6.14894602222 -2 3.73212197193 -3.58372448401 -0.326252828053 -1.41991280247
6.15052715906 -2 3.73160486176 -3.58596935087 -0.327879120187 -1.41988652415
6.15172175104 -2 3.73121246474 -3.58766537997 -0.32910793174 -1.41986562519
6.15808828837 -2 3.7290964236 -3.59670384215 -0.335658328067 -1.41973908249
6.1602831635 -2 3.72835724171 -3.59981966659 -0.337917162878 -1.41968954121
6.16112457687 -2 3.7280725583 -3.60101409931 -0.338783172617 -1.41966974557
6.16388300076 -2 3.72713416139 -3.60492971198 -0.341622529351 -1.41960172592
6.16473228018 -2 3.72684366453 -3.60613523417 -0.342496818327 -1.41957982019
6.1727213043 -2 3.72407464148 -3.61747438426 -0.350723183383 -1.41935156861
6.17679802263 -2 3.72263629448 -3.62325988343 -0.354922442195 -1.41921964834
6.17687308601 -2 3.72260965003 -3.6233664049 -0.354999770795 -1.41921712154
6.17986250003 -2 3.72154380797 -3.62760848458 -0.358079657723 -1.41911361753
6.18083249056 -2 3.72119598912 -3.62898486573 -0.359079112984 -1.41907882862
6.18179839573 -2 3.72084867129 -3.63035541569 -0.360074411309 -1.41904359998
6.18278054208 -2 3.72049452718 -3.63174897516 -0.361086498612 -1.41900717923
6.18650053745 -2 3.71914414615 -3.63702691084 -0.364920385445 -1.41886374976
6.20374396104 -2 3.71269823402 -3.66148415087 -0.382701538147 -1.41808575876
6.20529438694 -2 3.71210362096 -3.66368250661 -0.384301083412 -1.41800669655
6.20568495275 -2 3.71195344145 -3.66423627204 -0.384704042403 -1.41798654332
6.21115624265 -2 3.70983307672 -3.67199291237 -0.39034976554 -1.41769421084
6.21868954853 -2 3.70686300554 -3.68267013176 -0.398125716576 -1.41726113765
6.22731672217 -2 3.70338965354 -3.6948935194 -0.40703419931 -1.41672172651
6.23344884708 -2 3.70087405745 -3.70357886301 -0.413368447153 -1.41631013871
6.23376232581 -2 3.70074441403 -3.70402279535 -0.413692306182 -1.41628846939
6.23892247809 -2 3.69859576174 -3.71132934012 -0.419023984843 -1.41592298899
6.24305623965 -2 3.6968546287 -3.7171811692 -0.423296038819 -1.41561826351
6.24486736972 -2 3.69608621637 -3.71974463578 -0.425168003684 -1.41548140871
6.24487001667 -2 3.69608509086 -3.71974838207 -0.425170739646 -1.41548120721
6.24569895076 -2 3.69573226306 -3.7209215687 -0.42602756657 -1.41541788923
6.24612654866 -2 3.69554998227 -3.72152672542 -0.426469564794 -1.41538506039
6.25118501644 -2 3.69337925361 -3.72868462392 -0.431699006741 -1.41498808081
6.25788851175 -2 3.69046180981 -3.73816711244 -0.438630811529 -1.41443753641
6.26554065406 -2 3.68707465957 -3.74898687067 -0.446545935948 -1.41377502197
6.26779558358 -2 3.68606497319 -3.75217424846 -0.44887883258 -1.41357287067
6.26934222929 -2 3.68536939028 -3.75436019041 -0.450479078116 -1.41343239505
6.26952015547 -2 3.68528921154 -3.75461164726 -0.450663176788 -1.41341613971
6.27911709316 -2 3.6809159795 -3.76817027726 -0.460594966779 -1.41251032687
6.28639589414 -2 3.67753548493 -3.77844786642 -0.468130205859 -1.41178531553
6.28681671126 -2 3.67733836636 -3.77904189275 -0.468565912593 -1.41174239801
6.28754081438 -2 3.67699875349 -3.78006399586 -0.469315652584 -1.41166829328
6.28934624286 -2 3.67614962029 -3.78261220186 -0.471185091186 -1.4114821144
6.29601333221 -2 3.67298467125 -3.79201926181 -0.478089646016 -1.41077714216
6.29990406872 -2 3.67111640338 -3.79750676832 -0.482119742175 -1.41035305396
6.3031524771 -2 3.66954455077 -3.80208705615 -0.48548493745 -1.40999182079
6.30587663264 -2 3.66821794156 -3.80592722986 -0.488307333417 -1.4096838655
6.30596495124 -2 3.6681748034 -3.80605171629 -0.488398841594 -1.40967380479
6.30848480767 -2 3.66694060238 -3.8096031166 -0.491009821616 -1.40938473081
6.3106029973 -2 3.66589804014 -3.81258785418 -0.493204788564 -1.40913870527
6.31132601563 -2 3.66554110902 -3.81360653843 -0.49395405109 -1.40905409393
6.31916897679 -2 3.66163444949 -3.82465275515 -0.502082899352 -1.40811555781
6.32293684492 -2 3.65973494562 -3.82995685962 -0.505988884415 -1.40765118887
6.32989445581 -2 3.65618867755 -3.8397465639 -0.513202829563 -1.40677071362
6.33023787614 -2 3.65601233664 -3.84022961377 -0.513558945201 -1.40672648211
6.3317075562 -2 3.65525629649 -3.84229667161 -0.515083000508 -1.4065363712
6.3498776218 -2 3.64572395591 -3.8678285237 -0.533931252008 -1.40407614333
6.3500290213 -2 3.64564308912 -3.86804107393 -0.534088347549 -1.40405479041
6.35166409627 -2 3.6447682323 -3.87033635457 -0.535784984967 -1.40382328616
6.35194187745 -2 3.6446193279 -3.87072625975 -0.536073233382 -1.40378379273
6.35260926602 -2 3.6442612472 -3.87166298917 -0.536765780237 -1.40368871303
6.36463197894 -2 3.63773135038 -3.88852670843 -0.54924409997 -1.40192898353
6.36618837031 -2 3.63687505069 -3.89070822718 -0.550859798191 -1.40169468217
6.36741271145 -2 3.63619967081 -3.89242407045 -0.552130845135 -1.40150932174
6.3677707619 -2 3.63600186611 -3.89292581455 -0.552502562995 -1.40145494017
6.36789590484 -2 3.63593269958 -3.89310117555 -0.552632483768 -1.40143591458
6.36908796812 -2 3.63527303024 -3.89477147733 -0.553870082665 -1.40125420156
6.3742712147 -2 3.63238753449 -3.90203163214 -0.559251820962 -1.4004539348
6.37530880747 -2 3.63180655654 -3.90348448453 -0.560329244572 -1.40029175237
6.37639557571 -2 3.63119684425 -3.90500601256 -0.561457765618 -1.40012117412
6.37693436934 -2 3.63089410843 -3.90576028093 -0.562017272246 -1.4000363364
6.37818721345 -2 3.6301889976 -3.90751398651 -0.563318312888 -1.39983837561
6.37843052443 -2 3.63005187105 -3.9078545395 -0.56357098933 -1.3997998184
6.38766118506 -2 3.62480415721 -3.92076733595 -0.573158228164 -1.39831017999
6.38817933095 -2 3.62450696127 -3.92149176202 -0.573696462819 -1.39822501016
6.38855446163 -2 3.62429162122 -3.92201620927 -0.574086142285 -1.39816324541
6.3952027674 -2 3.62045095498 -3.93130692819 -0.5809929539 -1.39705426774
6.42208362317 -2 3.60445348169 -3.96879394004 -0.608931428634 -1.39229353265
6.4255975544 -2 3.6023066997 -3.9736847099 -0.612585037749 -1.39163838808
6.43405028267 -2 3.59709000693 -3.98543989611 -0.621375063468 -1.39003136362
6.43945655421 -2 3.59371447864 -3.99295120324 -0.626998018519 -1.38898050219
6.44300691686 -2 3.59148117938 -3.99788086411 -0.630691078031 -1.38828061425
6.44623856772 -2 3.58943695299 -4.00236582896 -0.634052887821 -1.38763681614
6.45175280301 -2 3.58592374146 -4.01001379366 -0.639789808297 -1.38652345965
6.46012105999 -2 3.58053170463 -4.02160831122 -0.64849741399 -1.38479812498
6.46041226336 -2 3.58034275652 -4.0220115234 -0.648800456424 -1.38473730993
6.46107913661 -2 3.5799097213 -4.02293483698 -0.649494449455 -1.38459784316
6.46359058014 -2 3.57827475498 -4.02641119959 -0.652108120774 -1.38407015491
6.47316036712 -2 3.57198455292 -4.03964554268 -0.662068802876 -1.38202381986
6.48312715675 -2 3.56533198531 -4.05340785745 -0.672444955666 -1.37983261243
6.48322635952 -2 3.56526524992 -4.05354472837 -0.672548244352 -1.37981049485
6.48377205401 -2 3.56489796865 -4.05429758861 -0.673116418596 -1.37968872197
6.48776101721 -2 3.56220376181 -4.059798889 -0.677269910175 -1.37879299873
6.48792981051 -2 3.5620893906 -4.06003159825 -0.67744567339 -1.3787548797
6.48898302856 -2 3.56137507906 -4.06148348701 -0.67854239599 -1.3785166317
6.4904806887 -2 3.5603573484 -4.06354761924 -0.68010196164 -1.37817666815
6.49448109291 -2 3.55762742534 -4.06905862896 -0.684267966524 -1.37726180421
6.49572568673 -2 3.55677469844 -4.07077245145 -0.685564153811 -1.37697515982
6.49836459073 -2 3.5549613271 -4.07440507782 -0.688312563954 -1.37636422594
6.49907095241 -2 3.55447470636 -4.07537715833 -0.689048263342 -1.37619996623
6.49941227932 -2 3.55423937596 -4.07584684396 -0.689403770683 -1.3761204825
6.50373950394 -2 3.55124541057 -4.08179900177 -0.693910990365 -1.37510657554
6.50631841937 -2 3.5494518017 -4.08534424702 -0.696597371613 -1.37449681029
6.5078687967 -2 3.5483701938 -4.08747480049 -0.698212423728 -1.3741282566
6.50948590023 -2 3.54723936527 -4.08969644197 -0.699897040633 -1.37374225742
6.5119124018 -2 3.54553741657 -4.09302889617 -0.702424952721 -1.3731600228
6.5139667296 -2 3.5440917126 -4.0958491187 -0.704565235031 -1.37266424361
6.52021247361 -2 3.53966933622 -4.10441712722 -0.711072854557 -1.37114089215
6.52499116253 -2 3.53625826231 -4.1109661597 -0.716052460734 -1.36995904756
6.52514778914 -2 3.53614605773 -4.11118071572 -0.716215680681 -1.36992007189
6.53316897791 -2 3.53036561664 -4.12216040535 -0.72457520686 -1.36790370988
6.53473369442 -2 3.52923018836 -4.12430035746 -0.726206077964 -1.36750572059
6.53835171933 -2 3.52659500963 -4.12924608884 -0.729977260268 -1.36657964818
6.54440740527 -2 3.52215381737 -4.13751650966 -0.736289886753 -1.36501143877
6.54646376477 -2 3.52063699977 -4.14032277624 -0.738433664343 -1.36447373056
6.54845004708 -2 3.51916768467 -4.14303236126 -0.740504465805 -1.3639518499
6.5493739593 -2 3.51848283553 -4.14429236261 -0.741467718557 -1.36370826272
6.5507556313 -2 3.51745701081 -4.1461762227 -0.742908254268 -1.36334299731
6.557600336 -2 3.51234577765 -4.1555012699 -0.750045120925 -1.36151597228
6.56088252745 -2 3.5098774865 -4.15996839788 -0.753467736119 -1.36062951905
6.56192520259 -2 3.5090910159 -4.16138689141 -0.754555064428 -1.36034650806
6.56279936449 -2 3.50843077756 -4.16257590647 -0.755466679056 -1.36010871378
6.56387548744 -2 3.50761690686 -4.16403933954 -0.756588927887 -1.35981532641
6.56570483222 -2 3.50623060229 -4.16652636503 -0.758496735187 -1.35931492737
6.5660925968 -2 3.50593630002 -4.16705342031 -0.758901139676 -1.35920858999
6.56952583821 -2 3.50332372319 -4.17171813471 -0.762481835597 -1.35826299124
6.57480174726 -2 3.49928496638 -4.17888012602 -0.767984778343 -1.35679552556
6.58143411745 -2 3.49416661402 -4.18787247743 -0.774903299807 -1.35492607305
6.60556513291 -2 3.47515672309 -4.22048360277 -0.800082291501 -1.34789157705
6.60574611026 -2 3.4750118564 -4.22072753444 -0.800271168236 -1.34783743705
6.60868355736 -2 3.47265574003 -4.2246854262 -0.803336911731 -1.34695580431
6.61590503855 -2 3.466825114 -4.23440455315 -0.810874446099 -1.34476525061
6.61689610231 -2 3.46602067938 -4.2357371556 -0.811908955642 -1.34446205415
6.62587074718 -2 3.45868936798 -4.24779090647 -0.821277799317 -1.34168816842
6.62595358178 -2 3.45862130933 -4.24790204486 -0.821364278747 -1.34166232851
6.63150667197 -2 3.45404243072 -4.2553476904 -0.827161977433 -1.33992015004
6.63269193406 -2 3.45306093545 -4.25693565144 -0.828399516611 -1.33954576421
6.63538836305 -2 3.45082260264 -4.26054655546 -0.831214961776 -1.33869072861
6.63932189522 -2 3.44754371821 -4.26580998311 -0.835322331016 -1.33743512689
6.63940881657 -2 3.44747108044 -4.26592623622 -0.835413096632 -1.33740727014
6.64299465995 -2 3.44446761208 -4.27072002076 -0.839157639198 -1.33625388281
6.65303694393 -2 3.4359848082 -4.28412308575 -0.849645479409 -1.33298019516
6.6583641203 -2 3.4314421285 -4.29121968406 -0.855209667344 -1.33121745999
6.6672444789 -2 3.42380360912 -4.30302870067 -0.864486110145 -1.32823862761
6.66900694294 -2 3.42227781045 -4.30536926156 -0.866327328757 -1.32764141344
6.66979403023 -2 3.42159536558 -4.3064141782 -0.867149601831 -1.32737406344
6.67152151505 -2 3.42009527852 -4.30870680612 -0.868954344758 -1.3267858937
6.67879166723 -2 3.41374795638 -4.31834422076 -0.876550130848 -1.32428954178
6.68724500863 -2 3.40629818167 -4.3295271776 -0.885383082381 -1.32134410104
6.71370994099 -2 3.3824921948 -4.36437426261 -0.913042948654 -1.31182353401
6.71451275423 -2 3.38175859945 -4.36542739144 -0.913882156751 -1.311527606
6.72014923559 -2 3.37658911961 -4.37281462668 -0.919774394659 -1.30943806123
6.73227722003 -2 3.36535336082 -4.3886695508 -0.932454021559 -1.30487141562
6.74148487148 -2 3.35672039723 -4.4006695344 -0.942081641535 -1.30133977715
6.74355245008 -2 3.35476967741 -4.40335965862 -0.944243655281 -1.30053905433
6.75749776584 -2 3.34149579888 -4.42146042976 -0.958827101871 -1.29506440163
6.76158874534 -2 3.33756321339 -4.42675592257 -0.963105656616 -1.29343384684
6.77276218112 -2 3.32673321219 -4.44118504117 -0.974792203093 -1.28892348133
6.78207100077 -2 3.3176108197 -4.45316756176 -0.984529331708 -1.28510190361
6.78537798974 -2 3.31434824419 -4.45741581798 -0.987988644854 -1.28373023862
6.7884489056 -2 3.31130832966 -4.46135674805 -0.991201084211 -1.28244988443
6.7918130706 -2 3.30796680608 -4.46566949613 -0.994720364634 -1.28103995119
6.79403324329 -2 3.30575509237 -4.46851308846 -0.997042948008 -1.28010527364
6.79405025138 -2 3.30573812919 -4.46853486439 -0.997060740759 -1.28009810047
6.80072668199 -2 3.29905595729 -4.47707345724 -1.00404533026 -1.27726714944
6.8024737559 -2 3.29729968544 -4.47930469869 -1.00587308743 -1.27652135252
6.80678666615 -2 3.29295040149 -4.48480727091 -1.01038525017 -1.27467134319
6.81519637841 -2 3.28441381456 -4.4955136889 -1.01918375812 -1.27102749832
6.81799580415 -2 3.28155574571 -4.499070839 -1.02211267773 -1.26980379291
6.8198919147 -2 3.27961525919 -4.50147822871 -1.02409651528 -1.26897189613
6.82260440643 -2 3.27683274814 -4.5049193941 -1.02693452893 -1.26777752608
6.82428607785 -2 3.27510380245 -4.50705119865 -1.02869403354 -1.26703450694
6.82844392566 -2 3.27081637485 -4.51231661541 -1.03304435851 -1.26518906392
6.82972236806 -2 3.26949445535 -4.51393406905 -1.03438199322 -1.26461923492
6.8329208137 -2 3.26617974962 -4.51797747462 -1.03772854602 -1.26318867141
6.84026913206 -2 3.25852380115 -4.52724969537 -1.04541721369 -1.25987515973
6.84275304913 -2 3.25592312655 -4.53037843135 -1.04801619515 -1.25874662979
6.84919215793 -2 3.24915130081 -4.53847604896 -1.05475360842 -1.25580110774
6.85704103209 -2 3.24083822597 -4.54832081591 -1.06296609395 -1.25217151381
6.86110755829 -2 3.23650586036 -4.55341020062 -1.06722098559 -1.25027401801
6.86489917555 -2 3.2324507965 -4.55814857409 -1.07118820868 -1.24849431735
6.86644220109 -2 3.23079625566 -4.56007495844 -1.07280268922 -1.2477671545
6.86647766532 -2 3.23075819914 -4.56011922046 -1.07283979567 -1.24775042195
6.88052491402 -2 3.2155807274 -4.57760435909 -1.08753719603 -1.24105270675
6.89421771303 -2 3.20058764893 -4.59455702964 -1.10186282401 -1.23438878626
6.89424042035 -2 3.2005626225 -4.59458506706 -1.10188657977 -1.23437762372
6.89777255764 -2 3.19666318298 -4.59894322104 -1.10558175651 -1.23263677094
6.89793720091 -2 3.19648110054 -4.59914621756 -1.10575399718 -1.23255540583
6.89945613216 -2 3.19479994594 -4.60101834921 -1.10734300875 -1.23180384403
6.9000630918 -2 3.19412748799 -4.60176612775 -1.10797796697 -1.23150305781
6.90517782667 -2 3.18844551503 -4.60806026226 -1.11332851473 -1.22895783213
6.90548462668 -2 3.18810382071 -4.6084373933 -1.11364945216 -1.22880455965
6.91078028133 -2 3.18219035165 -4.61493961228 -1.11918898819 -1.22614819257
6.91402230105 -2 3.17855563796 -4.61891334766 -1.12258017094 -1.22451191478
6.92174733281 -2 3.1698506284 -4.62836046671 -1.13066014472 -1.22058217989
6.9246316365 -2 3.16658443932 -4.63187995487 -1.13367678509 -1.21910375782
6.92528256328 -2 3.16584612665 -4.63267364023 -1.13435756239 -1.21876926674
6.92695298082 -2 3.16394943215 -4.6347094115 -1.13610455666 -1.21790947006
6.9281602142 -2 3.16257685025 -4.63617979771 -1.13736710922 -1.21728680936
6.93157510598 -2 3.15868599178 -4.64033499719 -1.14093836994 -1.21551969735
6.94036610217 -2 3.148613652 -4.65100392555 -1.15013109386 -1.21093107668
6.95201177186 -2 3.13514623511 -4.66507486586 -1.16230691889 -1.20476427134
6.96163076176 -2 3.12391571434 -4.676642599 -1.17236181688 -1.19959440024
6.96957444459 -2 3.1145683341 -4.68615796202 -1.18066396279 -1.19527257931
6.97142563663 -2 3.11238055953 -4.68837047902 -1.18259847749 -1.19425858723
6.97245771607 -2 3.11115927478 -4.68960319033 -1.18367697466 -1.19369213992
6.97410626681 -2 3.10920619792 -4.6915710001 -1.18539961384 -1.19278567571
6.97802365513 -2 3.10455379565 -4.69624103209 -1.18949277757 -1.19062341556
6.97833762583 -2 3.10418022173 -4.6966149591 -1.189820819 -1.1904496106
6.98263759154 -2 3.09905361029 -4.70173055733 -1.19431322322 -1.18806173094
6.98568928457 -2 3.09540353838 -4.70535486992 -1.19750118091 -1.18635850137
6.98884806252 -2 3.09161514854 -4.7091008814 -1.20080072481 -1.18458801241
6.99174352403 -2 3.08813341418 -4.7125297077 -1.20382495978 -1.18295840214
6.99493662133 -2 3.0842836369 -4.71630552035 -1.20715977246 -1.18115382016
7.00112551301 -2 3.07679167599 -4.72360738946 -1.21362242087 -1.17763382322
7.01178475288 -2 3.06379448594 -4.7361321947 -1.22475013458 -1.17150184255
7.01285600757 -2 3.06248171541 -4.73738731749 -1.22586824761 -1.17088069884
7.01431581578 -2 3.0606908654 -4.73909661322 -1.2273918418 -1.17003282168
7.01661842449 -2 3.05786157665 -4.74179023066 -1.22979490007 -1.16869205573
7.01800082379 -2 3.05616032342 -4.74340589336 -1.23123750856 -1.16788512149
7.02054276595 -2 3.05302687697 -4.74637384482 -1.23388996952 -1.16639743796
7.0206157438 -2 3.05293681789 -4.74645899735 -1.23396611656 -1.16635465264
7.0238620703 -2 3.04892503944 -4.75024373817 -1.23735320604 -1.16444717829
7.02597598529 -2 3.04630677987 -4.75270492136 -1.23955855255 -1.16320063801
7.02766528773 -2 3.04421109091 -4.75466984267 -1.24132078846 -1.16220195852
7.02949451947 -2 3.04193845755 -4.75679562024 -1.24322886002 -1.1611180217
7.03275342221 -2 3.03788096654 -4.76057792147 -1.2466278671 -1.1591803738
7.04597514507 -2 3.02130580686 -4.77585796601 -1.260413116 -1.15123279943
7.05104131143 -2 3.0149064714 -4.78168484631 -1.26569300637 -1.14815062709
7.05512642327 -2 3.0097269015 -4.78637196187 -1.26994951389 -1.14565033977
7.05592439848 -2 3.00871311021 -4.78728633755 -1.27078086851 -1.14516037564
7.0849261335 -2 2.97141831726 -4.820249888 -1.30097148533 -1.12700309288
7.08838164437 -2 2.96691641812 -4.82414206777 -1.30456524198 -1.12479388583
7.09287836759 -2 2.96103944108 -4.82919557604 -1.30924068559 -1.12190426436
7.09697771011 -2 2.95566352616 -4.83379114717 -1.31350175866 -1.11925543488
7.10786721559 -2 2.94129823465 -4.84594580759 -1.32481510217 -1.11215126779
7.12498301129 -2 2.91847077045 -4.86489224704 -1.3425788715 -1.10078438714
7.12738085499 -2 2.91524850635 -4.86753094197 -1.34506560029 -1.09917218985
7.12948636992 -2 2.91241416902 -4.86984475204 -1.34724876321 -1.09775251638
7.1342361113 -2 2.90600345274 -4.87505336929 -1.35217226489 -1.09453608355
7.16310456812 -2 2.86653788382 -4.90637772456 -1.3820519309 -1.07457027159
7.16374315269 -2 2.86565515214 -4.90706407391 -1.38271195307 -1.07412045762
7.1650183229 -2 2.86389119258 -4.9084337635 -1.38402980372 -1.07322117257
7.16586290143 -2 2.86272195229 -4.90934031255 -1.38490255647 -1.07262477063
7.16899227057 -2 2.85838321626 -4.91269489696 -1.38813565768 -1.07040951718
7.17895278612 -2 2.84450615463 -4.92332584857 -1.39841924096 -1.0633013276
7.18257678182 -2 2.83943180637 -4.92717612966 -1.40215801595 -1.06069341158
7.18425053022 -2 2.83708364302 -4.92895119041 -1.40388426366 -1.0594850177
7.18979974702 -2 2.82927780533 -4.93482178212 -1.40960518081 -1.05546087275
7.19841262055 -2 2.81709969405 -4.94388898086 -1.41847716905 -1.04916070691
7.19968421473 -2 2.81529526899 -4.94522303883 -1.41978623752 -1.04822493696
7.20430630742 -2 2.80872239955 -4.95006212424 -1.42454280903 -1.04481129779
7.21192249722 -2 2.79784388286 -4.95800127293 -1.43237451245 -1.03914439311
7.22279502504 -2 2.78221105366 -4.96925952244 -1.44354106807 -1.03096351444
7.22448686491 -2 2.7797675802 -4.97100335305 -1.44527717029 -1.02968083553
7.22808302073 -2 2.77456401824 -4.97470278886 -1.44896604053 -1.02694569468
7.24226428953 -2 2.75391498336 -4.98919471832 -1.46349418805 -1.01604399349
7.24402871374 -2 2.75133145713 -4.99098692701 -1.46529961315 -1.01467462465
7.24832257499 -2 2.74503095999 -4.99533827387 -1.46969119347 -1.0113300938
7.24980366819 -2 2.74285334484 -4.99683585491 -1.47120530787 -1.01017248069
7.25324548811 -2 2.73778427318 -5.00030934736 -1.47472248638 -1.00747448371
7.26314045773 -2 2.72314377725 -5.01024333088 -1.48482312907 -0.999656256338
7.26771712926 -2 2.7163384362 -5.0148117415 -1.48948926647 -0.996009032788
7.26900258708 -2 2.71442317209 -5.01609186738 -1.49079919282 -0.994981079023
7.27823632267 -2 2.70061599327 -5.02524824963 -1.50019998914 -0.987551106621
7.28444666613 -2 2.69128095007 -5.03136774906 -1.50651388204 -0.982508368773
7.28505956767 -2 2.69035754768 -5.03196998188 -1.50713660954 -0.982008704901
7.28698870759 -2 2.68744860194 -5.03386353726 -1.50909620992 -0.980433643567
7.28756829495 -2 2.68657390591 -5.03443183868 -1.50968480959 -0.979959739748
7.29417405379 -2 2.67658062808 -5.04088947602 -1.51638868072 -0.974535750046
7.30485268007 -2 2.66033239821 -5.05125232598 -1.52720753771 -0.965678715024
7.30500456761 -2 2.66010045929 -5.05139903715 -1.52736125193 -0.965551942105
7.30888828898 -2 2.654161927 -5.05514383703 -1.53129004747 -0.962302795872
7.31329003495 -2 2.64741287361 -5.05937280945 -1.53573903335 -0.958602550724
7.31410329933 -2 2.64616378131 -5.06015236415 -1.53656057271 -0.957916830703
7.31437554823 -2 2.64574548529 -5.06041320351 -1.53683555993 -0.957687134591
7.31453490728 -2 2.64550060385 -5.06056585499 -1.53699651442 -0.957552649997
7.3191873953 -2 2.6383399996 -5.06501303357 -1.54169315016 -0.953615444077
7.33754145602 -2 2.60987883405 -5.08237669348 -1.56017401729 -0.937875958906
7.33805999491 -2 2.60906983097 -5.08286303143 -1.56069500541 -0.937426459065
7.34329615447 -2 2.60088547388 -5.0877609141 -1.56595229253 -0.932872503307
7.35272292251 -2 2.58608174696 -5.09651816571 -1.57540022328 -0.924605127282
7.35931612807 -2 2.57567499431 -5.10259648917 -1.58199496901 -0.918770000465
7.36612292044 -2 2.56488557907 -5.10883111676 -1.58879155318 -0.912700008356
7.37711236308 -2 2.54736883312 -5.11880894459 -1.59973840815 -0.90280131837
7.37870311364 -2 2.54482328573 -5.12024420457 -1.60132025581 -0.901358305699
7.37931818754 -2 2.54383835956 -5.12079853998 -1.60193169858 -0.900799665448
7.38275282967 -2 2.53833151486 -5.12388767207 -1.60534411513 -0.897673071378
7.38322497519 -2 2.53757359713 -5.12431147968 -1.60581294546 -0.897242331606
7.38590184951 -2 2.53327232903 -5.12671043967 -1.6084698263 -0.894795908136
7.38725499795 -2 2.53109535305 -5.12792060364 -1.60981208893 -0.89355646533
7.39223936979 -2 2.52306073525 -5.13236375678 -1.61475179802 -0.888974762228
7.39423201584 -2 2.51984178458 -5.1341336202 -1.61672455908 -0.887135965622
7.39622707893 -2 2.51661499517 -5.13590194729 -1.61869853864 -0.885290851584
7.39739083758 -2 2.51473092992 -5.13693174134 -1.61984945275 -0.884212670632
7.39784018508 -2 2.51400310135 -5.13732902611 -1.62029373258 -0.883795993144
7.40039201055 -2 2.50986601128 -5.13958162696 -1.62281563037 -0.881425754658
7.40105215426 -2 2.50879472119 -5.14016337516 -1.62346771252 -0.880811493593
7.40615804978 -2 2.50049428241 -5.14464916275 -1.62850677514 -0.876045277694
7.40663441582 -2 2.49971856332 -5.14506642903 -1.62897649808 -0.875599228134
7.40912446236 -2 2.49566010893 -5.14724408146 -1.63143067621 -0.873263826317
7.41836429901 -2 2.48054704941 -5.15527357488 -1.64052038416 -0.864541576008
7.41838729768 -2 2.48050932716 -5.15529345995 -1.6405429752 -0.864519754825
7.4200550677 -2 2.47777247915 -5.15673410326 -1.64218073013 -0.86293590101
7.42213665668 -2 2.47435271624 -5.15852849069 -1.64422359077 -0.860954978197
7.43258167383 -2 2.45712890994 -5.16746972087 -1.65445269882 -0.850946634394
7.43381935783 -2 2.45508090062 -5.16852225335 -1.65566237528 -0.849753109627
7.44374342902 -2 2.43860539015 -5.1769079918 -1.66534283831 -0.840124780308
7.44942830809 -2 2.42912439592 -5.18166834308 -1.67087262119 -0.834562434328
7.46078038198 -2 2.41009803372 -5.19107890933 -1.68188003973 -0.823352368579
7.46136555271 -2 2.4091138899 -5.19156053535 -1.68244615692 -0.82277079791
7.4670899208 -2 2.39946915874 -5.19625395951 -1.68797734663 -0.8170623524
7.47595429696 -2 2.38447160121 -5.20345698042 -1.6965178582 -0.808153368379
7.47827012672 -2 2.38054101071 -5.20532570598 -1.69874403558 -0.805811977319
7.48462116993 -2 2.3697351444 -5.21042262333 -1.70483828525 -0.799361180648
7.48630607531 -2 2.36686190193 -5.21176790999 -1.70645234631 -0.797642504565
7.48736153645 -2 2.36506065587 -5.21260914699 -1.7074628427 -0.796564325598
7.4882033622 -2 2.36362323482 -5.2132792915 -1.70826847995 -0.795703516667
7.49271643516 -2 2.35590558833 -5.21685956548 -1.71258259243 -0.791075592169
7.49592648711 -2 2.35040435246 -5.21939337178 -1.71564600131 -0.787770410745
7.49787544055 -2 2.34705953271 -5.22092655395 -1.71750382103 -0.78575824197
7.51156011174 -2 2.32347196844 -5.23158059766 -1.73050299241 -0.771513221092
7.51413081018 -2 2.31902116711 -5.23356011356 -1.73293583979 -0.768814445469
7.51983271863 -2 2.30912681882 -5.23792587855 -1.73832150583 -0.762802620504
7.52698412744 -2 2.2966738468 -5.24335274013 -1.74505552311 -0.755212051098
7.53527407895 -2 2.28217812757 -5.24957521712 -1.75283209641 -0.746342542871
7.5427626754 -2 2.26902831839 -5.2551325854 -1.75982903892 -0.738265152654
7.54921874546 -2 2.25764960163 -5.25987487173 -1.76583950778 -0.731251602445
7.55322727476 -2 2.25056512507 -5.2627964321 -1.76956105698 -0.726873648069
7.55526000019 -2 2.24696688749 -5.26427122534 -1.77144519941 -0.724646758503
7.55724706789 -2 2.24344576941 -5.26570850325 -1.77328501847 -0.72246544182
7.55771277578 -2 2.24261999809 -5.26604472855 -1.77371592809 -0.721953571754
7.56035924129 -2 2.2379235995 -5.26795084612 -1.77616256165 -0.719040191956
7.56496291535 -2 2.22973853249 -5.27124819445 -1.78041010501 -0.713953588778
7.57023522877 -2 2.22034066224 -5.27499554841 -1.78526112279 -0.708099120401
7.57163524946 -2 2.217840836 -5.27598542351 -1.7865468343 -0.706539288447
7.58713840563 -2 2.19003892541 -5.28679973183 -1.80071434465 -0.689119535526
7.59057648646 -2 2.18384368005 -5.2891611825 -1.80383853166 -0.685219828061
7.59872573618 -2 2.16911629629 -5.29470466526 -1.81121745114 -0.675923188488
7.60048763999 -2 2.16592426737 -5.29589319029 -1.8128078801 -0.673903362994
7.6506433181 -2 2.07389407553 -5.32820596532 -1.85730624313 -0.614929097901
7.65393081632 -2 2.06778434586 -5.33021950134 -1.86016794854 -0.610963563122
7.66523595056 -2 2.04670237219 -5.33704361995 -1.86995428406 -0.597232504778
7.66598876661 -2 2.04529458154 -5.33749250902 -1.87060292041 -0.596312953819
7.66600825569 -2 2.04525812983 -5.33750412076 -1.87061970736 -0.596289139657
7.6769324914 -2 2.02477438605 -5.34393944635 -1.87998844972 -0.582872123924
7.67968808274 -2 2.01959129362 -5.34553948305 -1.88233864074 -0.57946615051
7.68311680574 -2 2.01313303672 -5.34751722907 -1.88525549714 -0.575216020356
7.68712451575 -2 2.00557153448 -5.34981041116 -1.88865436617 -0.570231114301
7.69330803423 -2 1.99387813927 -5.35330922308 -1.89387596806 -0.562503741032
7.69435127354 -2 1.99190212714 -5.35389479376 -1.8947541993 -0.561195709573
7.69583099763 -2 1.9890977904 -5.35472301812 -1.89599852043 -0.559338264488
7.70913329715 -2 1.9638050953 -5.36204439355 -1.9071122508 -0.542527543019
7.71134747308 -2 1.95958076687 -5.36324124253 -1.90894932256 -0.539709673305
7.71525511542 -2 1.95211561873 -5.36533821023 -1.91218237951 -0.534722885987
7.71935065164 -2 1.94427795491 -5.36751502656 -1.91555837889 -0.529477504975
7.72245603915 -2 1.93832592523 -5.36915120819 -1.9181095746 -0.525487429871
7.72793954334 -2 1.92779646318 -5.37201002285 -1.92259616693 -0.518414716142
7.74575777774 -2 1.89341263583 -5.38102979365 -1.9370102135 -0.495194310175
7.74945363755 -2 1.88624863328 -5.38284861228 -1.93996776381 -0.490332349665
7.75101429688 -2 1.88322018624 -5.38361124165 -1.94121327409 -0.488274578549
7.75950431552 -2 1.86671134322 -5.38770349345 -1.94795334304 -0.477031401525
7.76670968153 -2 1.85265567818 -5.3911013257 -1.95362585466 -0.467424757301
7.77034797168 -2 1.84554285408 -5.39279065233 -1.95647326718 -0.462551407808
7.77384565267 -2 1.83869514427 -5.39439793423 -1.95919984794 -0.457852141151
7.79106342014 -2 1.80484800968 -5.40206887577 -1.97246489892 -0.434515976488
7.79241134089 -2 1.80218860005 -5.40265238753 -1.973492194 -0.432674814426
7.80614540294 -2 1.77501295694 -5.40845569405 -1.98386471374 -0.413797403618
7.8096304742 -2 1.76809439461 -5.40988691794 -1.98646900063 -0.408973150573
7.81773147617 -2 1.75197724829 -5.41314860198 -1.9924784219 -0.397706129948
7.82455088958 -2 1.73837216351 -5.41582327854 -1.99748861867 -0.388164103552
7.82672378244 -2 1.73402994415 -5.41666182214 -1.99907560832 -0.385112681175
7.82947002219 -2 1.72853702994 -5.41771212691 -2.00107477805 -0.381248495543
7.83602869053 -2 1.71539644237 -5.42017745687 -2.00581936741 -0.371985602637
7.84216915454 -2 1.70306556041 -5.42243036374 -2.01022282989 -0.363269596007
7.84722613235 -2 1.69289016384 -5.42424545662 -2.01382094759 -0.356059836461
7.84960635269 -2 1.68809449756 -5.42508714607 -2.01550556912 -0.352656454419
7.85010175427 -2 1.68709585718 -5.42526130991 -2.01585547057 -0.351947304524
7.85294563413 -2 1.68135974607 -5.42625430265 -2.01785925972 -0.347871095893
7.85678810439 -2 1.67360041352 -5.42757752914 -2.02055349994 -0.342349271674
7.86160519816 -2 1.66385833231 -5.42920635422 -2.02390960896 -0.335403672276
7.8661277653 -2 1.65469718023 -5.43070507834 -2.02703855361 -0.328859305782
7.87287999784 -2 1.64099317977 -5.43288747062 -2.03167010422 -0.319046383507
7.8752682741 -2 1.63613855638 -5.43364349916 -2.03329672619 -0.315563484952
7.87660951266 -2 1.63341052708 -5.4340644293 -2.03420755786 -0.313604758181
7.87865813628 -2 1.62924133861 -5.43470228839 -2.03559505656 -0.310609153173
7.88383715056 -2 1.61868875264 -5.43628741459 -2.0390825793 -0.303015554856
7.89117608587 -2 1.60370428787 -5.43846610624 -2.04397471766 -0.292204677867
7.89263566359 -2 1.60071987013 -5.43888993725 -2.04494064321 -0.290047576491
7.89514367604 -2 1.59558840333 -5.43961085363 -2.04659492205 -0.286335573216
7.89814720777 -2 1.58943761953 -5.44046194273 -2.04856688236 -0.281881158458
7.90666364219 -2 1.57196507142 -5.44280226551 -2.05410356921 -0.269197518153
7.95701925429 -2 1.46771715921 -5.45440421887 -2.08512525225 -0.192615943994
7.9584346553 -2 1.46476465258 -5.4546742911 -2.08595334329 -0.190424781573
7.96758803915 -2 1.44564257691 -5.45634584968 -2.09124872229 -0.176204486826
7.99725858025 -2 1.38333206167 -5.46086334827 -2.10768522965 -0.129521211603
8.02973086722 -2 1.31459648592 -5.46420555013 -2.12435026115 -0.0774250176041
8.07853606121 -2 1.21032378733 -5.46600957524 -2.1466514585 0.0027595276104
8.08793049032 -2 1.19013125413 -5.4659055068 -2.15054966541 0.0184426496966
8.09738736462 -2 1.16976790485 -5.46565180802 -2.15434130996 0.0343080769852
8.09782866412 -2 1.16881678546 -5.46563630795 -2.15451497249 0.0350503185187
8.11681404156 -2 1.12782693337 -5.46465881841 -2.16170657215 0.0671394723398
8.15246765073 -2 1.05050133632 -5.46116765473 -2.17370213382 0.128199445638
8.15416217476 -2 1.04681585762 -5.46094747406 -2.17422212029 0.13112636019
8.15556673876 -2 1.04376035318 -5.46076121653 -2.17464963053 0.133554094177
8.15853190818 -2 1.0373079173 -5.46035682694 -2.17554170945 0.138684193923
8.17082501287 -2 1.01052946932 -5.45851802988 -2.17908812833 0.160022992709
8.18245044333 -2 0.985166400439 -5.45653764599 -2.18221444507 0.180304578541
8.18761397834 -2 0.973889699703 -5.45558246281 -2.18353138148 0.18934372647
8.20150668825 -2 0.943516477535 -5.45278075227 -2.18685357231 0.21375562379
8.24188416616 -2 0.855006014812 -5.4427053943 -2.19464353903 0.285419760897
8.25041497794 -2 0.836268767592 -5.44020602218 -2.19592720353 0.300687270545
8.25126069437 -2 0.834410629934 -5.43995115852 -2.19604747662 0.302203100849
8.25919564998 -2 0.816971789102 -5.43749753764 -2.19711426684 0.316444816419
8.2637794069 -2 0.80689421807 -5.43602873767 -2.19767953152 0.324687460416
8.26884015193 -2 0.795765045824 -5.4343632753 -2.19826004241 0.333800847728
8.27495191447 -2 0.782320795311 -5.43229053252 -2.19889989188 0.344824688293
8.31315907874 -2 0.698207179495 -5.41780357562 -2.201362193 0.414146917248
8.31680376948 -2 0.69017945797 -5.41628328947 -2.20145691766 0.420793505563
8.34110078331 -2 0.636660029024 -5.40552961774 -2.20145500029 0.46523380504
8.36675251179 -2 0.580171956214 -5.39300434577 -2.20024402213 0.512370259455
8.37695950615 -2 0.557706394409 -5.38768447982 -2.19941271295 0.531178827675
8.3785093881 -2 0.554295896988 -5.38685992583 -2.19926896597 0.534037131616
8.37937431276 -2 0.552392739054 -5.38639785452 -2.19918673453 0.535632485559
8.43110491482 -2 0.438742793717 -5.35625267131 -2.19162436442 0.631311587677
8.43644029193 -2 0.427046760376 -5.35286229365 -2.19054597886 0.641200751712
8.43671604438 -2 0.426442424375 -5.35268563477 -2.19048871562 0.641711925775
8.45290453888 -2 0.390993255774 -5.34206795018 -2.18686306627 0.671729561283
8.45906659685 -2 0.37751593937 -5.33789891141 -2.18534626608 0.683158393778
8.4778549138 -2 0.336484769264 -5.32475337985 -2.18025420266 0.718005326765
8.49603483299 -2 0.296880315645 -5.31141136417 -2.17465453826 0.751709569802
8.51401560083 -2 0.257816603823 -5.29761393708 -2.16846298414 0.785012916119
8.51489092459 -2 0.255917858873 -5.29692700222 -2.16814495296 0.786633047668
8.53371820394 -2 0.215148237018 -5.28180911172 -2.1609302592 0.821448254258
8.55200220063 -2 0.175692496879 -5.2665014498 -2.15323840292 0.855186966244
8.56099213703 -2 0.156346259729 -5.25874912435 -2.14920853286 0.871743966724
8.60284115766 -2 0.0668017083434 -5.22070890092 -2.12829769285 0.948466947506
8.6131145729 -2 0.0449600995966 -5.21088097981 -2.12262345948 0.967196092327
8.65460503478 -2 -0.0426186397595 -5.16924045689 -2.09754684293 1.04230909483
8.66600651164 -2 -0.06649499883 -5.15725361334 -2.09005190821 1.06278226922
8.66767006901 -2 -0.0699714842854 -5.15548514488 -2.08893668057 1.06576279597
8.6691467053 -2 -0.0730557754086 -5.15391123162 -2.08794214767 1.06840696914
8.67810826374 -2 -0.09174201173 -5.14427562573 -2.08181345361 1.08442426133
8.6813297631 -2 -0.0984457242122 -5.14077676475 -2.07957136316 1.09016932096
8.68211818946 -2 -0.100085273628 -5.13991763774 -2.07901950361 1.09157430598
8.68943660965 -2 -0.115283029732 -5.13189011498 -2.07383826397 1.10459567765
8.68990608027 -2 -0.116256645398 -5.13137190336 -2.07350227779 1.10542973081
8.73021361144 -2 -0.199234837766 -5.08542658209 -2.04304157282 1.17643402812
8.73501694918 -2 -0.209038960109 -5.07976106445 -2.03920038906 1.18481061813
8.74365335499 -2 -0.226619675842 -5.06947330831 -2.03218179419 1.1998231813
8.76012073755 -2 -0.259969796884 -5.0494986915 -2.01840201079 1.22826917866
8.79960839492 -2 -0.338977906598 -4.99970559121 -1.98326491536 1.29545378285
8.81960120897 -2 -0.378433517093 -4.9734892198 -1.96436776004 1.32887356508
8.82439102839 -2 -0.387829265998 -4.96710924968 -1.95973177278 1.33681707276
8.84134231798 -2 -0.420899720556 -4.94422533151 -1.94299155946 1.36472632757
8.86694766824 -2 -0.470301983903 -4.90876617717 -1.91673377729 1.40626038754
8.87427583753 -2 -0.484315080071 -4.89842252446 -1.90900726695 1.41800385251
8.89010998134 -2 -0.514397370063 -4.87577942797 -1.89199630723 1.44315248409
8.90568924817 -2 -0.543728363278 -4.85311328362 -1.87484342649 1.46758706311
8.93585729179 -2 -0.599748906141 -4.8081472863 -1.84048434097 1.51399578192
9.03428877761 -2 -0.774930453888 -4.65199303681 -1.71856006739 1.65640569476
9.03705752612 -2 -0.779680747679 -4.64740057965 -1.71492777434 1.66019918148
9.08119011627 -2 -0.854019675996 -4.57279865095 -1.65566165701 1.71900396149
9.08829433019 -2 -0.865739759084 -4.5605487136 -1.64588944219 1.72817242105
9.18178262748 -2 -1.01333730784 -4.39350012344 -1.51193817337 1.84081317294
9.18482554825 -2 -1.01792888503 -4.38788911445 -1.50742576166 1.84422313296
9.20904950957 -2 -1.05399072901 -4.34285387192 -1.47120009374 1.87077922242
9.21124430627 -2 -1.05721477644 -4.33874174551 -1.46789210937 1.87313331369
9.27665952329 -2 -1.14994937539 -4.21388318059 -1.36753750673 1.93928431289
9.28696951484 -2 -1.16396531693 -4.19381731409 -1.35144074949 1.94899688487
9.33144803412 -2 -1.22252945943 -4.1061324432 -1.28127205534 1.98865546847
9.3345917181 -2 -1.22655107948 -4.09986895801 -1.27627244285 1.99132050819
9.42728405269 -2 -1.33806610385 -3.91165397611 -1.12709448363 2.06172751832
9.67736282143 -2 -1.57015359105 -3.378603895 -0.721273165864 2.1755670755
9.70157159752 -2 -1.58734405358 -3.32573319445 -0.682727529447 2.18107063044
9.7976934225 -2 -1.64669996005 -3.11468033654 -0.532390597682 2.19423259697
9.97980325532 -2 -1.72197752403 -2.71305103522 -0.262995164242 2.18501607052
10.0335052493 -2 -1.73550874886 -2.59489759208 -0.188147857645 2.17490071414
10.3314664317 -2 -1.75045122788 -1.94763295413 0.183156061025 2.07418299182
10.5187298595 -2 -1.72183270822 -1.54886719845 0.375418622297 1.98858368854
10.8992980915 -2 -1.65331011893 -0.728579318919 0.673512839928 1.82460011632
