0	0.0911985
0.0012	0.0911986
0.0024	0.0911988
0.0036	0.0911993
0.0048	0.0911999
0.006	0.0912006
0.0072	0.0912015
0.0084	0.0912026
0.0096	0.0912039
0.0108	0.0912053
0.012	0.0912069
0.0132	0.0912087
0.0144	0.0912106
0.0156	0.0912127
0.0168	0.091215
0.018	0.0912175
0.0192	0.0912201
0.0204	0.0912228
0.0216	0.0912258
0.0228	0.0912289
0.024	0.0912322
0.0252	0.0912356
0.0264	0.0912393
0.0276	0.091243
0.0288	0.091247
0.03	0.0912511
0.0312	0.0912554
0.0324	0.0912599
0.0336	0.0912645
0.0348	0.0912693
0.036	0.0912743
0.0372	0.0912794
0.0384	0.0912847
0.0396	0.0912902
0.0408	0.0912958
0.042	0.0913016
0.0432	0.0913076
0.0444	0.0913138
0.0456	0.0913201
0.0468	0.0913266
0.048	0.0913332
0.0492	0.09134
0.0504	0.091347
0.0516	0.0913542
0.0528	0.0913615
0.054	0.091369
0.0552	0.0913766
0.0564	0.0913845
0.0576	0.0913925
0.0588	0.0914006
0.06	0.091409
0.0612	0.0914175
0.0624	0.0914261
0.0636	0.091435
0.0648	0.091444
0.066	0.0914532
0.0672	0.0914625
0.0684	0.091472
0.0696	0.0914817
0.0708	0.0914916
0.072	0.0915016
0.0732	0.0915118
0.0744	0.0915221
0.0756	0.0915326
0.0768	0.0915433
0.078	0.0915542
0.0792	0.0915652
0.0804	0.0915764
0.0816	0.0915878
0.0828	0.0915993
0.084	0.091611
0.0852	0.0916229
0.0864	0.0916349
0.0876	0.0916471
0.0888	0.0916595
0.09	0.091672
0.0912	0.0916847
0.0924	0.0916976
0.0936	0.0917107
0.0948	0.0917239
0.096	0.0917373
0.0972	0.0917508
0.0984	0.0917645
0.0996	0.0917784
0.1008	0.0917925
0.102	0.0918067
0.1032	0.0918211
0.1044	0.0918356
0.1056	0.0918504
0.1068	0.0918653
0.108	0.0918803
0.1092	0.0918956
0.1104	0.091911
0.1116	0.0919265
0.1128	0.0919423
0.114	0.0919582
0.1152	0.0919743
0.1164	0.0919905
0.1176	0.0920069
0.1188	0.0920235
0.12	0.0920402
0.1212	0.0920571
0.1224	0.0920742
0.1236	0.0920915
0.1248	0.0921089
0.126	0.0921265
0.1272	0.0921442
0.1284	0.0921622
0.1296	0.0921803
0.1308	0.0921985
0.132	0.092217
0.1332	0.0922355
0.1344	0.0922543
0.1356	0.0922732
0.1368	0.0922923
0.138	0.0923116
0.1392	0.0923311
0.1404	0.0923507
0.1416	0.0923704
0.1428	0.0923904
0.144	0.0924105
0.1452	0.0924308
0.1464	0.0924512
0.1476	0.0924718
0.1488	0.0924926
0.15	0.0925136
0.1512	0.0925347
0.1524	0.092556
0.1536	0.0925774
0.1548	0.092599
0.156	0.0926208
0.1572	0.0926428
0.1584	0.0926649
0.1596	0.0926872
0.1608	0.0927097
0.162	0.0927323
0.1632	0.0927551
0.1644	0.0927781
0.1656	0.0928012
0.1668	0.0928245
0.168	0.092848
0.1692	0.0928716
0.1704	0.0928954
0.1716	0.0929194
0.1728	0.0929435
0.174	0.0929678
0.1752	0.0929923
0.1764	0.093017
0.1776	0.0930418
0.1788	0.0930667
0.18	0.0930919
0.1812	0.0931172
0.1824	0.0931427
0.1836	0.0931684
0.1848	0.0931942
0.186	0.0932202
0.1872	0.0932463
0.1884	0.0932726
0.1896	0.0932991
0.1908	0.0933258
0.192	0.0933526
0.1932	0.0933796
0.1944	0.0934068
0.1956	0.0934341
0.1968	0.0934616
0.198	0.0934893
0.1992	0.0935171
0.2004	0.0935451
0.2016	0.0935733
0.2028	0.0936016
0.204	0.0936301
0.2052	0.0936588
0.2064	0.0936877
0.2076	0.0937167
0.2088	0.0937458
0.21	0.0937752
0.2112	0.0938047
0.2124	0.0938344
0.2136	0.0938642
0.2148	0.0938942
0.216	0.0939244
0.2172	0.0939548
0.2184	0.0939853
0.2196	0.094016
0.2208	0.0940468
0.222	0.0940779
0.2232	0.094109
0.2244	0.0941404
0.2256	0.0941719
0.2268	0.0942036
0.228	0.0942355
0.2292	0.0942675
0.2304	0.0942997
0.2316	0.0943321
0.2328	0.0943646
0.234	0.0943973
0.2352	0.0944302
0.2364	0.0944632
0.2376	0.0944964
0.2388	0.0945298
0.24	0.0945633
0.2412	0.094597
0.2424	0.0946309
0.2436	0.0946649
0.2448	0.0946991
0.246	0.0947335
0.2472	0.094768
0.2484	0.0948027
0.2496	0.0948376
0.2508	0.0948727
0.252	0.0949079
0.2532	0.0949433
0.2544	0.0949788
0.2556	0.0950145
0.2568	0.0950504
0.258	0.0950864
0.2592	0.0951227
0.2604	0.095159
0.2616	0.0951956
0.2628	0.0952323
0.264	0.0952692
0.2652	0.0953062
0.2664	0.0953435
0.2676	0.0953809
0.2688	0.0954184
0.27	0.0954561
0.2712	0.095494
0.2724	0.0955321
0.2736	0.0955703
0.2748	0.0956087
0.276	0.0956472
0.2772	0.095686
0.2784	0.0957249
0.2796	0.0957639
0.2808	0.0958032
0.282	0.0958425
0.2832	0.0958821
0.2844	0.0959218
0.2856	0.0959617
0.2868	0.0960018
0.288	0.096042
0.2892	0.0960824
0.2904	0.096123
0.2916	0.0961637
0.2928	0.0962046
0.294	0.0962457
0.2952	0.0962869
0.2964	0.0963283
0.2976	0.0963699
0.2988	0.0964116
0.3	0.0964535
0.3012	0.0964956
0.3024	0.0965378
0.3036	0.0965802
0.3048	0.0966228
0.306	0.0966655
0.3072	0.0967084
0.3084	0.0967515
0.3096	0.0967947
0.3108	0.0968382
0.312	0.0968817
0.3132	0.0969255
0.3144	0.0969694
0.3156	0.0970134
0.3168	0.0970577
0.318	0.0971021
0.3192	0.0971467
0.3204	0.0971914
0.3216	0.0972363
0.3228	0.0972814
0.324	0.0973266
0.3252	0.097372
0.3264	0.0974176
0.3276	0.0974633
0.3288	0.0975093
0.33	0.0975553
0.3312	0.0976016
0.3324	0.097648
0.3336	0.0976946
0.3348	0.0977413
0.336	0.0977882
0.3372	0.0978353
0.3384	0.0978825
0.3396	0.0979299
0.3408	0.0979775
0.342	0.0980252
0.3432	0.0980732
0.3444	0.0981212
0.3456	0.0981695
0.3468	0.0982179
0.348	0.0982665
0.3492	0.0983152
0.3504	0.0983641
0.3516	0.0984132
0.3528	0.0984624
0.354	0.0985118
0.3552	0.0985614
0.3564	0.0986111
0.3576	0.0986611
0.3588	0.0987111
0.36	0.0987614
0.3612	0.0988118
0.3624	0.0988624
0.3636	0.0989131
0.3648	0.098964
0.366	0.0990151
0.3672	0.0990663
0.3684	0.0991177
0.3696	0.0991693
0.3708	0.099221
0.372	0.0992729
0.3732	0.099325
0.3744	0.0993772
0.3756	0.0994296
0.3768	0.0994822
0.378	0.099535
0.3792	0.0995879
0.3804	0.0996409
0.3816	0.0996942
0.3828	0.0997476
0.384	0.0998011
0.3852	0.0998549
0.3864	0.0999088
0.3876	0.0999628
0.3888	0.100017
0.39	0.100071
0.3912	0.100126
0.3924	0.100181
0.3936	0.100236
0.3948	0.100291
0.396	0.100346
0.3972	0.100401
0.3984	0.100457
0.3996	0.100513
0.4008	0.100569
0.402	0.100625
0.4032	0.100681
0.4044	0.100737
0.4056	0.100794
0.4068	0.10085
0.408	0.100907
0.4092	0.100964
0.4104	0.101022
0.4116	0.101079
0.4128	0.101137
0.414	0.101194
0.4152	0.101252
0.4164	0.10131
0.4176	0.101368
0.4188	0.101427
0.42	0.101485
0.4212	0.101544
0.4224	0.101603
0.4236	0.101662
0.4248	0.101721
0.426	0.101781
0.4272	0.10184
0.4284	0.1019
0.4296	0.10196
0.4308	0.10202
0.432	0.10208
0.4332	0.10214
0.4344	0.102201
0.4356	0.102262
0.4368	0.102322
0.438	0.102384
0.4392	0.102445
0.4404	0.102506
0.4416	0.102568
0.4428	0.102629
0.444	0.102691
0.4452	0.102753
0.4464	0.102815
0.4476	0.102878
0.4488	0.10294
0.45	0.103003
0.4512	0.103066
0.4524	0.103129
0.4536	0.103192
0.4548	0.103255
0.456	0.103319
0.4572	0.103383
0.4584	0.103446
0.4596	0.10351
0.4608	0.103575
0.462	0.103639
0.4632	0.103703
0.4644	0.103768
0.4656	0.103833
0.4668	0.103898
0.468	0.103963
0.4692	0.104028
0.4704	0.104094
0.4716	0.10416
0.4728	0.104225
0.474	0.104291
0.4752	0.104358
0.4764	0.104424
0.4776	0.10449
0.4788	0.104557
0.48	0.104624
0.4812	0.104691
0.4824	0.104758
0.4836	0.104825
0.4848	0.104893
0.486	0.10496
0.4872	0.105028
0.4884	0.105096
0.4896	0.105164
0.4908	0.105233
0.492	0.105301
0.4932	0.10537
0.4944	0.105439
0.4956	0.105508
0.4968	0.105577
0.498	0.105646
0.4992	0.105715
0.5004	0.105785
0.5016	0.105855
0.5028	0.105925
0.504	0.105995
0.5052	0.106065
0.5064	0.106136
0.5076	0.106206
0.5088	0.106277
0.51	0.106348
0.5112	0.106419
0.5124	0.10649
0.5136	0.106562
0.5148	0.106633
0.516	0.106705
0.5172	0.106777
0.5184	0.106849
0.5196	0.106921
0.5208	0.106994
0.522	0.107066
0.5232	0.107139
0.5244	0.107212
0.5256	0.107285
0.5268	0.107358
0.528	0.107432
0.5292	0.107505
0.5304	0.107579
0.5316	0.107653
0.5328	0.107727
0.534	0.107801
0.5352	0.107876
0.5364	0.10795
0.5376	0.108025
0.5388	0.1081
0.54	0.108175
0.5412	0.10825
0.5424	0.108326
0.5436	0.108401
0.5448	0.108477
0.546	0.108553
0.5472	0.108629
0.5484	0.108705
0.5496	0.108781
0.5508	0.108858
0.552	0.108934
0.5532	0.109011
0.5544	0.109088
0.5556	0.109166
0.5568	0.109243
0.558	0.10932
0.5592	0.109398
0.5604	0.109476
0.5616	0.109554
0.5628	0.109632
0.564	0.10971
0.5652	0.109789
0.5664	0.109868
0.5676	0.109946
0.5688	0.110025
0.57	0.110104
0.5712	0.110184
0.5724	0.110263
0.5736	0.110343
0.5748	0.110423
0.576	0.110503
0.5772	0.110583
0.5784	0.110663
0.5796	0.110744
0.5808	0.110824
0.582	0.110905
0.5832	0.110986
0.5844	0.111067
0.5856	0.111148
0.5868	0.11123
0.588	0.111311
0.5892	0.111393
0.5904	0.111475
0.5916	0.111557
0.5928	0.111639
0.594	0.111722
0.5952	0.111804
0.5964	0.111887
0.5976	0.11197
0.5988	0.112053
0.6	0.112136
0.6012	0.11222
0.6024	0.112303
0.6036	0.112387
0.6048	0.112471
0.606	0.112555
0.6072	0.112639
0.6084	0.112723
0.6096	0.112808
0.6108	0.112893
0.612	0.112978
0.6132	0.113063
0.6144	0.113148
0.6156	0.113233
0.6168	0.113319
0.618	0.113404
0.6192	0.11349
0.6204	0.113576
0.6216	0.113662
0.6228	0.113749
0.624	0.113835
0.6252	0.113922
0.6264	0.114009
0.6276	0.114096
0.6288	0.114183
0.63	0.11427
0.6312	0.114357
0.6324	0.114445
0.6336	0.114533
0.6348	0.114621
0.636	0.114709
0.6372	0.114797
0.6384	0.114886
0.6396	0.114974
0.6408	0.115063
0.642	0.115152
0.6432	0.115241
0.6444	0.11533
0.6456	0.11542
0.6468	0.115509
0.648	0.115599
0.6492	0.115689
0.6504	0.115779
0.6516	0.115869
0.6528	0.11596
0.654	0.11605
0.6552	0.116141
0.6564	0.116232
0.6576	0.116323
0.6588	0.116414
0.66	0.116505
0.6612	0.116597
0.6624	0.116689
0.6636	0.11678
0.6648	0.116872
0.666	0.116965
0.6672	0.117057
0.6684	0.117149
0.6696	0.117242
0.6708	0.117335
0.672	0.117428
0.6732	0.117521
0.6744	0.117614
0.6756	0.117708
0.6768	0.117801
0.678	0.117895
0.6792	0.117989
0.6804	0.118083
0.6816	0.118178
0.6828	0.118272
0.684	0.118367
0.6852	0.118461
0.6864	0.118556
0.6876	0.118651
0.6888	0.118747
0.69	0.118842
0.6912	0.118938
0.6924	0.119033
0.6936	0.119129
0.6948	0.119225
0.696	0.119322
0.6972	0.119418
0.6984	0.119514
0.6996	0.119611
0.7008	0.119708
0.702	0.119805
0.7032	0.119902
0.7044	0.12
0.7056	0.120097
0.7068	0.120195
0.708	0.120293
0.7092	0.120391
0.7104	0.120489
0.7116	0.120587
0.7128	0.120685
0.714	0.120784
0.7152	0.120883
0.7164	0.120982
0.7176	0.121081
0.7188	0.12118
0.72	0.12128
0.7212	0.121379
0.7224	0.121479
0.7236	0.121579
0.7248	0.121679
0.726	0.121779
0.7272	0.12188
0.7284	0.12198
0.7296	0.122081
0.7308	0.122182
0.732	0.122283
0.7332	0.122384
0.7344	0.122485
0.7356	0.122587
0.7368	0.122689
0.738	0.12279
0.7392	0.122892
0.7404	0.122995
0.7416	0.123097
0.7428	0.123199
0.744	0.123302
0.7452	0.123405
0.7464	0.123508
0.7476	0.123611
0.7488	0.123714
0.75	0.123818
0.7512	0.123921
0.7524	0.124025
0.7536	0.124129
0.7548	0.124233
0.756	0.124337
0.7572	0.124442
0.7584	0.124546
0.7596	0.124651
0.7608	0.124756
0.762	0.124861
0.7632	0.124966
0.7644	0.125072
0.7656	0.125177
0.7668	0.125283
0.768	0.125389
0.7692	0.125495
0.7704	0.125601
0.7716	0.125707
0.7728	0.125814
0.774	0.12592
0.7752	0.126027
0.7764	0.126134
0.7776	0.126241
0.7788	0.126349
0.78	0.126456
0.7812	0.126564
0.7824	0.126671
0.7836	0.126779
0.7848	0.126887
0.786	0.126996
0.7872	0.127104
0.7884	0.127213
0.7896	0.127321
0.7908	0.12743
0.792	0.127539
0.7932	0.127648
0.7944	0.127758
0.7956	0.127867
0.7968	0.127977
0.798	0.128087
0.7992	0.128197
0.8004	0.128307
0.8016	0.128417
0.8028	0.128528
0.804	0.128638
0.8052	0.128749
0.8064	0.12886
0.8076	0.128971
0.8088	0.129083
0.81	0.129194
0.8112	0.129306
0.8124	0.129417
0.8136	0.129529
0.8148	0.129641
0.816	0.129754
0.8172	0.129866
0.8184	0.129978
0.8196	0.130091
0.8208	0.130204
0.822	0.130317
0.8232	0.13043
0.8244	0.130544
0.8256	0.130657
0.8268	0.130771
0.828	0.130884
0.8292	0.130998
0.8304	0.131113
0.8316	0.131227
0.8328	0.131341
0.834	0.131456
0.8352	0.131571
0.8364	0.131686
0.8376	0.131801
0.8388	0.131916
0.84	0.132031
0.8412	0.132147
0.8424	0.132263
0.8436	0.132378
0.8448	0.132494
0.846	0.132611
0.8472	0.132727
0.8484	0.132843
0.8496	0.13296
0.8508	0.133077
0.852	0.133194
0.8532	0.133311
0.8544	0.133428
0.8556	0.133546
0.8568	0.133663
0.858	0.133781
0.8592	0.133899
0.8604	0.134017
0.8616	0.134135
0.8628	0.134254
0.864	0.134372
0.8652	0.134491
0.8664	0.13461
0.8676	0.134729
0.8688	0.134848
0.87	0.134967
0.8712	0.135087
0.8724	0.135207
0.8736	0.135326
0.8748	0.135446
0.876	0.135567
0.8772	0.135687
0.8784	0.135807
0.8796	0.135928
0.8808	0.136049
0.882	0.136169
0.8832	0.136291
0.8844	0.136412
0.8856	0.136533
0.8868	0.136655
0.888	0.136776
0.8892	0.136898
0.8904	0.13702
0.8916	0.137142
0.8928	0.137265
0.894	0.137387
0.8952	0.13751
0.8964	0.137633
0.8976	0.137756
0.8988	0.137879
0.9	0.138002
0.9012	0.138125
0.9024	0.138249
0.9036	0.138373
0.9048	0.138497
0.906	0.138621
0.9072	0.138745
0.9084	0.138869
0.9096	0.138994
0.9108	0.139118
0.912	0.139243
0.9132	0.139368
0.9144	0.139493
0.9156	0.139619
0.9168	0.139744
0.918	0.13987
0.9192	0.139996
0.9204	0.140122
0.9216	0.140248
0.9228	0.140374
0.924	0.1405
0.9252	0.140627
0.9264	0.140753
0.9276	0.14088
0.9288	0.141007
0.93	0.141135
0.9312	0.141262
0.9324	0.141389
0.9336	0.141517
0.9348	0.141645
0.936	0.141773
0.9372	0.141901
0.9384	0.142029
0.9396	0.142158
0.9408	0.142286
0.942	0.142415
0.9432	0.142544
0.9444	0.142673
0.9456	0.142802
0.9468	0.142931
0.948	0.143061
0.9492	0.143191
0.9504	0.14332
0.9516	0.14345
0.9528	0.14358
0.954	0.143711
0.9552	0.143841
0.9564	0.143972
0.9576	0.144103
0.9588	0.144233
0.96	0.144365
0.9612	0.144496
0.9624	0.144627
0.9636	0.144759
0.9648	0.14489
0.966	0.145022
0.9672	0.145154
0.9684	0.145286
0.9696	0.145419
0.9708	0.145551
0.972	0.145684
0.9732	0.145816
0.9744	0.145949
0.9756	0.146082
0.9768	0.146216
0.978	0.146349
0.9792	0.146483
0.9804	0.146616
0.9816	0.14675
0.9828	0.146884
0.984	0.147018
0.9852	0.147153
0.9864	0.147287
0.9876	0.147422
0.9888	0.147556
0.99	0.147691
0.9912	0.147827
0.9924	0.147962
0.9936	0.148097
0.9948	0.148233
0.996	0.148368
0.9972	0.148504
0.9984	0.14864
0.9996	0.148776
1.0008	0.148913
1.002	0.149049
1.0032	0.149186
1.0044	0.149323
1.0056	0.14946
1.0068	0.149597
1.008	0.149734
1.0092	0.149871
1.0104	0.150009
1.0116	0.150147
1.0128	0.150284
1.014	0.150422
1.0152	0.150561
1.0164	0.150699
1.0176	0.150837
1.0188	0.150976
1.02	0.151115
1.0212	0.151254
1.0224	0.151393
1.0236	0.151532
1.0248	0.151671
1.026	0.151811
1.0272	0.151951
1.0284	0.152091
1.0296	0.152231
1.0308	0.152371
1.032	0.152511
1.0332	0.152652
1.0344	0.152792
1.0356	0.152933
1.0368	0.153074
1.038	0.153215
1.0392	0.153356
1.0404	0.153498
1.0416	0.153639
1.0428	0.153781
1.044	0.153923
1.0452	0.154065
1.0464	0.154207
1.0476	0.154349
1.0488	0.154491
1.05	0.154634
1.0512	0.154777
1.0524	0.15492
1.0536	0.155063
1.0548	0.155206
1.056	0.155349
1.0572	0.155493
1.0584	0.155637
1.0596	0.15578
1.0608	0.155924
1.062	0.156069
1.0632	0.156213
1.0644	0.156357
1.0656	0.156502
1.0668	0.156647
1.068	0.156792
1.0692	0.156937
1.0704	0.157082
1.0716	0.157227
1.0728	0.157373
1.074	0.157518
1.0752	0.157664
1.0764	0.15781
1.0776	0.157956
1.0788	0.158102
1.08	0.158249
1.0812	0.158395
1.0824	0.158542
1.0836	0.158689
1.0848	0.158836
1.086	0.158983
1.0872	0.15913
1.0884	0.159278
1.0896	0.159426
1.0908	0.159573
1.092	0.159721
1.0932	0.159869
1.0944	0.160018
1.0956	0.160166
1.0968	0.160314
1.098	0.160463
1.0992	0.160612
1.1004	0.160761
1.1016	0.16091
1.1028	0.161059
1.104	0.161209
1.1052	0.161358
1.1064	0.161508
1.1076	0.161658
1.1088	0.161808
1.11	0.161958
1.1112	0.162109
1.1124	0.162259
1.1136	0.16241
1.1148	0.162561
1.116	0.162712
1.1172	0.162863
1.1184	0.163014
1.1196	0.163165
1.1208	0.163317
1.122	0.163469
1.1232	0.16362
1.1244	0.163772
1.1256	0.163925
1.1268	0.164077
1.128	0.164229
1.1292	0.164382
1.1304	0.164535
1.1316	0.164688
1.1328	0.164841
1.134	0.164994
1.1352	0.165147
1.1364	0.165301
1.1376	0.165454
1.1388	0.165608
1.14	0.165762
1.1412	0.165916
1.1424	0.16607
1.1436	0.166225
1.1448	0.166379
1.146	0.166534
1.1472	0.166689
1.1484	0.166844
1.1496	0.166999
1.1508	0.167154
1.152	0.16731
1.1532	0.167465
1.1544	0.167621
1.1556	0.167777
1.1568	0.167933
1.158	0.168089
1.1592	0.168246
1.1604	0.168402
1.1616	0.168559
1.1628	0.168716
1.164	0.168873
1.1652	0.16903
1.1664	0.169187
1.1676	0.169344
1.1688	0.169502
1.17	0.169659
1.1712	0.169817
1.1724	0.169975
1.1736	0.170133
1.1748	0.170292
1.176	0.17045
1.1772	0.170609
1.1784	0.170767
1.1796	0.170926
1.1808	0.171085
1.182	0.171245
1.1832	0.171404
1.1844	0.171563
1.1856	0.171723
1.1868	0.171883
1.188	0.172043
1.1892	0.172203
1.1904	0.172363
1.1916	0.172523
1.1928	0.172684
1.194	0.172844
1.1952	0.173005
1.1964	0.173166
1.1976	0.173327
1.1988	0.173489
1.2	0.17365
1.2012	0.173812
1.2024	0.173973
1.2036	0.174135
1.2048	0.174297
1.206	0.174459
1.2072	0.174621
1.2084	0.174784
1.2096	0.174946
1.2108	0.175109
1.212	0.175272
1.2132	0.175435
1.2144	0.175598
1.2156	0.175762
1.2168	0.175925
1.218	0.176089
1.2192	0.176252
1.2204	0.176416
1.2216	0.17658
1.2228	0.176745
1.224	0.176909
1.2252	0.177073
1.2264	0.177238
1.2276	0.177403
1.2288	0.177568
1.23	0.177733
1.2312	0.177898
1.2324	0.178064
1.2336	0.178229
1.2348	0.178395
1.236	0.178561
1.2372	0.178727
1.2384	0.178893
1.2396	0.179059
1.2408	0.179225
1.242	0.179392
1.2432	0.179559
1.2444	0.179725
1.2456	0.179892
1.2468	0.18006
1.248	0.180227
1.2492	0.180394
1.2504	0.180562
1.2516	0.18073
1.2528	0.180897
1.254	0.181065
1.2552	0.181234
1.2564	0.181402
1.2576	0.18157
1.2588	0.181739
1.26	0.181908
1.2612	0.182077
1.2624	0.182246
1.2636	0.182415
1.2648	0.182584
1.266	0.182754
1.2672	0.182923
1.2684	0.183093
1.2696	0.183263
1.2708	0.183433
1.272	0.183603
1.2732	0.183774
1.2744	0.183944
1.2756	0.184115
1.2768	0.184285
1.278	0.184456
1.2792	0.184628
1.2804	0.184799
1.2816	0.18497
1.2828	0.185142
1.284	0.185313
1.2852	0.185485
1.2864	0.185657
1.2876	0.185829
1.2888	0.186001
1.29	0.186174
1.2912	0.186346
1.2924	0.186519
1.2936	0.186692
1.2948	0.186865
1.296	0.187038
1.2972	0.187211
1.2984	0.187384
1.2996	0.187558
1.3008	0.187732
1.302	0.187906
1.3032	0.18808
1.3044	0.188254
1.3056	0.188428
1.3068	0.188602
1.308	0.188777
1.3092	0.188952
1.3104	0.189126
1.3116	0.189301
1.3128	0.189477
1.314	0.189652
1.3152	0.189827
1.3164	0.190003
1.3176	0.190178
1.3188	0.190354
1.32	0.19053
1.3212	0.190706
1.3224	0.190883
1.3236	0.191059
1.3248	0.191236
1.326	0.191412
1.3272	0.191589
1.3284	0.191766
1.3296	0.191943
1.3308	0.192121
1.332	0.192298
1.3332	0.192476
1.3344	0.192653
1.3356	0.192831
1.3368	0.193009
1.338	0.193187
1.3392	0.193366
1.3404	0.193544
1.3416	0.193723
1.3428	0.193901
1.344	0.19408
1.3452	0.194259
1.3464	0.194438
1.3476	0.194618
1.3488	0.194797
1.35	0.194977
1.3512	0.195156
1.3524	0.195336
1.3536	0.195516
1.3548	0.195697
1.356	0.195877
1.3572	0.196057
1.3584	0.196238
1.3596	0.196419
1.3608	0.196599
1.362	0.19678
1.3632	0.196962
1.3644	0.197143
1.3656	0.197324
1.3668	0.197506
1.368	0.197688
1.3692	0.197869
1.3704	0.198051
1.3716	0.198234
1.3728	0.198416
1.374	0.198598
1.3752	0.198781
1.3764	0.198963
1.3776	0.199146
1.3788	0.199329
1.38	0.199512
1.3812	0.199696
1.3824	0.199879
1.3836	0.200063
1.3848	0.200246
1.386	0.20043
1.3872	0.200614
1.3884	0.200798
1.3896	0.200983
1.3908	0.201167
1.392	0.201352
1.3932	0.201536
1.3944	0.201721
1.3956	0.201906
1.3968	0.202091
1.398	0.202276
1.3992	0.202462
1.4004	0.202647
1.4016	0.202833
1.4028	0.203019
1.404	0.203205
1.4052	0.203391
1.4064	0.203577
1.4076	0.203763
1.4088	0.20395
1.41	0.204137
1.4112	0.204323
1.4124	0.20451
1.4136	0.204697
1.4148	0.204885
1.416	0.205072
1.4172	0.20526
1.4184	0.205447
1.4196	0.205635
1.4208	0.205823
1.422	0.206011
1.4232	0.206199
1.4244	0.206388
1.4256	0.206576
1.4268	0.206765
1.428	0.206953
1.4292	0.207142
1.4304	0.207331
1.4316	0.207521
1.4328	0.20771
1.434	0.207899
1.4352	0.208089
1.4364	0.208279
1.4376	0.208469
1.4388	0.208659
1.44	0.208849
1.4412	0.209039
1.4424	0.209229
1.4436	0.20942
1.4448	0.209611
1.446	0.209802
1.4472	0.209993
1.4484	0.210184
1.4496	0.210375
1.4508	0.210566
1.452	0.210758
1.4532	0.21095
1.4544	0.211142
1.4556	0.211333
1.4568	0.211526
1.458	0.211718
1.4592	0.21191
1.4604	0.212103
1.4616	0.212295
1.4628	0.212488
1.464	0.212681
1.4652	0.212874
1.4664	0.213067
1.4676	0.213261
1.4688	0.213454
1.47	0.213648
1.4712	0.213842
1.4724	0.214036
1.4736	0.21423
1.4748	0.214424
1.476	0.214618
1.4772	0.214813
1.4784	0.215007
1.4796	0.215202
1.4808	0.215397
1.482	0.215592
1.4832	0.215787
1.4844	0.215982
1.4856	0.216178
1.4868	0.216373
1.488	0.216569
1.4892	0.216765
1.4904	0.216961
1.4916	0.217157
1.4928	0.217353
1.494	0.21755
1.4952	0.217746
1.4964	0.217943
1.4976	0.218139
1.4988	0.218336
1.5	0.218533
1.5012	0.218731
1.5024	0.218928
1.5036	0.219126
1.5048	0.219323
1.506	0.219521
1.5072	0.219719
1.5084	0.219917
1.5096	0.220115
1.5108	0.220313
1.512	0.220512
1.5132	0.22071
1.5144	0.220909
1.5156	0.221108
1.5168	0.221307
1.518	0.221506
1.5192	0.221705
1.5204	0.221905
1.5216	0.222104
1.5228	0.222304
1.524	0.222504
1.5252	0.222704
1.5264	0.222904
1.5276	0.223104
1.5288	0.223304
1.53	0.223505
1.5312	0.223705
1.5324	0.223906
1.5336	0.224107
1.5348	0.224308
1.536	0.224509
1.5372	0.224711
1.5384	0.224912
1.5396	0.225114
1.5408	0.225315
1.542	0.225517
1.5432	0.225719
1.5444	0.225921
1.5456	0.226123
1.5468	0.226326
1.548	0.226528
1.5492	0.226731
1.5504	0.226934
1.5516	0.227137
1.5528	0.22734
1.554	0.227543
1.5552	0.227746
1.5564	0.22795
1.5576	0.228153
1.5588	0.228357
1.56	0.228561
1.5612	0.228765
1.5624	0.228969
1.5636	0.229173
1.5648	0.229378
1.566	0.229582
1.5672	0.229787
1.5684	0.229992
1.5696	0.230197
1.5708	0.230402
1.572	0.230607
1.5732	0.230812
1.5744	0.231018
1.5756	0.231223
1.5768	0.231429
1.578	0.231635
1.5792	0.231841
1.5804	0.232047
1.5816	0.232254
1.5828	0.23246
1.584	0.232666
1.5852	0.232873
1.5864	0.23308
1.5876	0.233287
1.5888	0.233494
1.59	0.233701
1.5912	0.233909
1.5924	0.234116
1.5936	0.234324
1.5948	0.234531
1.596	0.234739
1.5972	0.234947
1.5984	0.235156
1.5996	0.235364
1.6008	0.235572
1.602	0.235781
1.6032	0.235989
1.6044	0.236198
1.6056	0.236407
1.6068	0.236616
1.608	0.236826
1.6092	0.237035
1.6104	0.237244
1.6116	0.237454
1.6128	0.237664
1.614	0.237874
1.6152	0.238084
1.6164	0.238294
1.6176	0.238504
1.6188	0.238714
1.62	0.238925
1.6212	0.239136
1.6224	0.239346
1.6236	0.239557
1.6248	0.239768
1.626	0.23998
1.6272	0.240191
1.6284	0.240402
1.6296	0.240614
1.6308	0.240826
1.632	0.241038
1.6332	0.24125
1.6344	0.241462
1.6356	0.241674
1.6368	0.241886
1.638	0.242099
1.6392	0.242312
1.6404	0.242524
1.6416	0.242737
1.6428	0.24295
1.644	0.243163
1.6452	0.243377
1.6464	0.24359
1.6476	0.243804
1.6488	0.244017
1.65	0.244231
1.6512	0.244445
1.6524	0.244659
1.6536	0.244874
1.6548	0.245088
1.656	0.245302
1.6572	0.245517
1.6584	0.245732
1.6596	0.245947
1.6608	0.246162
1.662	0.246377
1.6632	0.246592
1.6644	0.246807
1.6656	0.247023
1.6668	0.247239
1.668	0.247454
1.6692	0.24767
1.6704	0.247886
1.6716	0.248103
1.6728	0.248319
1.674	0.248535
1.6752	0.248752
1.6764	0.248969
1.6776	0.249185
1.6788	0.249402
1.68	0.249619
1.6812	0.249837
1.6824	0.250054
1.6836	0.250272
1.6848	0.250489
1.686	0.250707
1.6872	0.250925
1.6884	0.251143
1.6896	0.251361
1.6908	0.251579
1.692	0.251797
1.6932	0.252016
1.6944	0.252235
1.6956	0.252453
1.6968	0.252672
1.698	0.252891
1.6992	0.253111
1.7004	0.25333
1.7016	0.253549
1.7028	0.253769
1.704	0.253988
1.7052	0.254208
1.7064	0.254428
1.7076	0.254648
1.7088	0.254868
1.71	0.255089
1.7112	0.255309
1.7124	0.25553
1.7136	0.25575
1.7148	0.255971
1.716	0.256192
1.7172	0.256413
1.7184	0.256634
1.7196	0.256856
1.7208	0.257077
1.722	0.257299
1.7232	0.257521
1.7244	0.257742
1.7256	0.257964
1.7268	0.258187
1.728	0.258409
1.7292	0.258631
1.7304	0.258854
1.7316	0.259076
1.7328	0.259299
1.734	0.259522
1.7352	0.259745
1.7364	0.259968
1.7376	0.260191
1.7388	0.260415
1.74	0.260638
1.7412	0.260862
1.7424	0.261085
1.7436	0.261309
1.7448	0.261533
1.746	0.261758
1.7472	0.261982
1.7484	0.262206
1.7496	0.262431
1.7508	0.262655
1.752	0.26288
1.7532	0.263105
1.7544	0.26333
1.7556	0.263555
1.7568	0.263781
1.758	0.264006
1.7592	0.264231
1.7604	0.264457
1.7616	0.264683
1.7628	0.264909
1.764	0.265135
1.7652	0.265361
1.7664	0.265587
1.7676	0.265814
1.7688	0.26604
1.77	0.266267
1.7712	0.266494
1.7724	0.266721
1.7736	0.266948
1.7748	0.267175
1.776	0.267402
1.7772	0.26763
1.7784	0.267857
1.7796	0.268085
1.7808	0.268313
1.782	0.26854
1.7832	0.268769
1.7844	0.268997
1.7856	0.269225
1.7868	0.269453
1.788	0.269682
1.7892	0.269911
1.7904	0.270139
1.7916	0.270368
1.7928	0.270597
1.794	0.270827
1.7952	0.271056
1.7964	0.271285
1.7976	0.271515
1.7988	0.271744
1.8	0.271974
1.8012	0.272204
1.8024	0.272434
1.8036	0.272664
1.8048	0.272895
1.806	0.273125
1.8072	0.273356
1.8084	0.273586
1.8096	0.273817
1.8108	0.274048
1.812	0.274279
1.8132	0.27451
1.8144	0.274741
1.8156	0.274973
1.8168	0.275204
1.818	0.275436
1.8192	0.275668
1.8204	0.2759
1.8216	0.276132
1.8228	0.276364
1.824	0.276596
1.8252	0.276829
1.8264	0.277061
1.8276	0.277294
1.8288	0.277526
1.83	0.277759
1.8312	0.277992
1.8324	0.278225
1.8336	0.278459
1.8348	0.278692
1.836	0.278926
1.8372	0.279159
1.8384	0.279393
1.8396	0.279627
1.8408	0.279861
1.842	0.280095
1.8432	0.280329
1.8444	0.280564
1.8456	0.280798
1.8468	0.281033
1.848	0.281267
1.8492	0.281502
1.8504	0.281737
1.8516	0.281972
1.8528	0.282207
1.854	0.282443
1.8552	0.282678
1.8564	0.282914
1.8576	0.28315
1.8588	0.283385
1.86	0.283621
1.8612	0.283857
1.8624	0.284094
1.8636	0.28433
1.8648	0.284566
1.866	0.284803
1.8672	0.28504
1.8684	0.285276
1.8696	0.285513
1.8708	0.28575
1.872	0.285987
1.8732	0.286225
1.8744	0.286462
1.8756	0.2867
1.8768	0.286937
1.878	0.287175
1.8792	0.287413
1.8804	0.287651
1.8816	0.287889
1.8828	0.288127
1.884	0.288366
1.8852	0.288604
1.8864	0.288843
1.8876	0.289081
1.8888	0.28932
1.89	0.289559
1.8912	0.289798
1.8924	0.290038
1.8936	0.290277
1.8948	0.290516
1.896	0.290756
1.8972	0.290996
1.8984	0.291235
1.8996	0.291475
1.9008	0.291715
1.902	0.291956
1.9032	0.292196
1.9044	0.292436
1.9056	0.292677
1.9068	0.292917
1.908	0.293158
1.9092	0.293399
1.9104	0.29364
1.9116	0.293881
1.9128	0.294122
1.914	0.294364
1.9152	0.294605
1.9164	0.294847
1.9176	0.295089
1.9188	0.29533
1.92	0.295572
1.9212	0.295814
1.9224	0.296057
1.9236	0.296299
1.9248	0.296541
1.926	0.296784
1.9272	0.297027
1.9284	0.297269
1.9296	0.297512
1.9308	0.297755
1.932	0.297998
1.9332	0.298242
1.9344	0.298485
1.9356	0.298729
1.9368	0.298972
1.938	0.299216
1.9392	0.29946
1.9404	0.299704
1.9416	0.299948
1.9428	0.300192
1.944	0.300436
1.9452	0.300681
1.9464	0.300925
1.9476	0.30117
1.9488	0.301415
1.95	0.30166
1.9512	0.301905
1.9524	0.30215
1.9536	0.302395
1.9548	0.302641
1.956	0.302886
1.9572	0.303132
1.9584	0.303377
1.9596	0.303623
1.9608	0.303869
1.962	0.304115
1.9632	0.304361
1.9644	0.304608
1.9656	0.304854
1.9668	0.305101
1.968	0.305347
1.9692	0.305594
1.9704	0.305841
1.9716	0.306088
1.9728	0.306335
1.974	0.306582
1.9752	0.30683
1.9764	0.307077
1.9776	0.307325
1.9788	0.307573
1.98	0.30782
1.9812	0.308068
1.9824	0.308316
1.9836	0.308565
1.9848	0.308813
1.986	0.309061
1.9872	0.30931
1.9884	0.309558
1.9896	0.309807
1.9908	0.310056
1.992	0.310305
1.9932	0.310554
1.9944	0.310803
1.9956	0.311053
1.9968	0.311302
1.998	0.311552
1.9992	0.311801
2.0004	0.312051
2.0016	0.312301
2.0028	0.312551
2.004	0.312801
2.0052	0.313052
2.0064	0.313302
2.0076	0.313552
2.0088	0.313803
2.01	0.314054
2.0112	0.314304
2.0124	0.314555
2.0136	0.314806
2.0148	0.315058
2.016	0.315309
2.0172	0.31556
2.0184	0.315812
2.0196	0.316063
2.0208	0.316315
2.022	0.316567
2.0232	0.316819
2.0244	0.317071
2.0256	0.317323
2.0268	0.317576
2.028	0.317828
2.0292	0.318081
2.0304	0.318333
2.0316	0.318586
2.0328	0.318839
2.034	0.319092
2.0352	0.319345
2.0364	0.319598
2.0376	0.319851
2.0388	0.320105
2.04	0.320358
2.0412	0.320612
2.0424	0.320866
2.0436	0.32112
2.0448	0.321374
2.046	0.321628
2.0472	0.321882
2.0484	0.322137
2.0496	0.322391
2.0508	0.322646
2.052	0.3229
2.0532	0.323155
2.0544	0.32341
2.0556	0.323665
2.0568	0.32392
2.058	0.324175
2.0592	0.324431
2.0604	0.324686
2.0616	0.324942
2.0628	0.325197
2.064	0.325453
2.0652	0.325709
2.0664	0.325965
2.0676	0.326221
2.0688	0.326478
2.07	0.326734
2.0712	0.32699
2.0724	0.327247
2.0736	0.327504
2.0748	0.32776
2.076	0.328017
2.0772	0.328274
2.0784	0.328532
2.0796	0.328789
2.0808	0.329046
2.082	0.329304
2.0832	0.329561
2.0844	0.329819
2.0856	0.330077
2.0868	0.330335
2.088	0.330593
2.0892	0.330851
2.0904	0.331109
2.0916	0.331367
2.0928	0.331626
2.094	0.331885
2.0952	0.332143
2.0964	0.332402
2.0976	0.332661
2.0988	0.33292
2.1	0.333179
2.1012	0.333438
2.1024	0.333698
2.1036	0.333957
2.1048	0.334217
2.106	0.334476
2.1072	0.334736
2.1084	0.334996
2.1096	0.335256
2.1108	0.335516
2.112	0.335777
2.1132	0.336037
2.1144	0.336297
2.1156	0.336558
2.1168	0.336819
2.118	0.337079
2.1192	0.33734
2.1204	0.337601
2.1216	0.337862
2.1228	0.338124
2.124	0.338385
2.1252	0.338646
2.1264	0.338908
2.1276	0.33917
2.1288	0.339431
2.13	0.339693
2.1312	0.339955
2.1324	0.340217
2.1336	0.340479
2.1348	0.340742
2.136	0.341004
2.1372	0.341267
2.1384	0.341529
2.1396	0.341792
2.1408	0.342055
2.142	0.342318
2.1432	0.342581
2.1444	0.342844
2.1456	0.343107
2.1468	0.343371
2.148	0.343634
2.1492	0.343898
2.1504	0.344162
2.1516	0.344425
2.1528	0.344689
2.154	0.344953
2.1552	0.345217
2.1564	0.345482
2.1576	0.345746
2.1588	0.34601
2.16	0.346275
2.1612	0.34654
2.1624	0.346804
2.1636	0.347069
2.1648	0.347334
2.166	0.347599
2.1672	0.347865
2.1684	0.34813
2.1696	0.348395
2.1708	0.348661
2.172	0.348927
2.1732	0.349192
2.1744	0.349458
2.1756	0.349724
2.1768	0.34999
2.178	0.350256
2.1792	0.350523
2.1804	0.350789
2.1816	0.351056
2.1828	0.351322
2.184	0.351589
2.1852	0.351856
2.1864	0.352123
2.1876	0.35239
2.1888	0.352657
2.19	0.352924
2.1912	0.353191
2.1924	0.353459
2.1936	0.353726
2.1948	0.353994
2.196	0.354262
2.1972	0.354529
2.1984	0.354797
2.1996	0.355065
2.2008	0.355334
2.202	0.355602
2.2032	0.35587
2.2044	0.356139
2.2056	0.356407
2.2068	0.356676
2.208	0.356945
2.2092	0.357214
2.2104	0.357483
2.2116	0.357752
2.2128	0.358021
2.214	0.358291
2.2152	0.35856
2.2164	0.358829
2.2176	0.359099
2.2188	0.359369
2.22	0.359639
2.2212	0.359909
2.2224	0.360179
2.2236	0.360449
2.2248	0.360719
2.226	0.36099
2.2272	0.36126
2.2284	0.361531
2.2296	0.361801
2.2308	0.362072
2.232	0.362343
2.2332	0.362614
2.2344	0.362885
2.2356	0.363156
2.2368	0.363428
2.238	0.363699
2.2392	0.36397
2.2404	0.364242
2.2416	0.364514
2.2428	0.364786
2.244	0.365057
2.2452	0.365329
2.2464	0.365602
2.2476	0.365874
2.2488	0.366146
2.25	0.366419
2.2512	0.366691
2.2524	0.366964
2.2536	0.367237
2.2548	0.367509
2.256	0.367782
2.2572	0.368055
2.2584	0.368328
2.2596	0.368602
2.2608	0.368875
2.262	0.369149
2.2632	0.369422
2.2644	0.369696
2.2656	0.36997
2.2668	0.370243
2.268	0.370517
2.2692	0.370791
2.2704	0.371066
2.2716	0.37134
2.2728	0.371614
2.274	0.371889
2.2752	0.372163
2.2764	0.372438
2.2776	0.372713
2.2788	0.372988
2.28	0.373263
2.2812	0.373538
2.2824	0.373813
2.2836	0.374088
2.2848	0.374363
2.286	0.374639
2.2872	0.374915
2.2884	0.37519
2.2896	0.375466
2.2908	0.375742
2.292	0.376018
2.2932	0.376294
2.2944	0.37657
2.2956	0.376846
2.2968	0.377123
2.298	0.377399
2.2992	0.377676
2.3004	0.377953
2.3016	0.378229
2.3028	0.378506
2.304	0.378783
2.3052	0.37906
2.3064	0.379337
2.3076	0.379615
2.3088	0.379892
2.31	0.38017
2.3112	0.380447
2.3124	0.380725
2.3136	0.381003
2.3148	0.381281
2.316	0.381559
2.3172	0.381837
2.3184	0.382115
2.3196	0.382393
2.3208	0.382671
2.322	0.38295
2.3232	0.383228
2.3244	0.383507
2.3256	0.383786
2.3268	0.384065
2.328	0.384344
2.3292	0.384623
2.3304	0.384902
2.3316	0.385181
2.3328	0.385461
2.334	0.38574
2.3352	0.38602
2.3364	0.386299
2.3376	0.386579
2.3388	0.386859
2.34	0.387139
2.3412	0.387419
2.3424	0.387699
2.3436	0.387979
2.3448	0.38826
2.346	0.38854
2.3472	0.388821
2.3484	0.389101
2.3496	0.389382
2.3508	0.389663
2.352	0.389944
2.3532	0.390225
2.3544	0.390506
2.3556	0.390787
2.3568	0.391068
2.358	0.39135
2.3592	0.391631
2.3604	0.391913
2.3616	0.392195
2.3628	0.392476
2.364	0.392758
2.3652	0.39304
2.3664	0.393322
2.3676	0.393605
2.3688	0.393887
2.37	0.394169
2.3712	0.394452
2.3724	0.394734
2.3736	0.395017
2.3748	0.3953
2.376	0.395582
2.3772	0.395865
2.3784	0.396149
2.3796	0.396432
2.3808	0.396715
2.382	0.396998
2.3832	0.397282
2.3844	0.397565
2.3856	0.397849
2.3868	0.398133
2.388	0.398416
2.3892	0.3987
2.3904	0.398984
2.3916	0.399268
2.3928	0.399553
2.394	0.399837
2.3952	0.400121
2.3964	0.400406
2.3976	0.40069
2.3988	0.400975
2.4	0.40126
2.4012	0.401545
2.4024	0.40183
2.4036	0.402115
2.4048	0.4024
2.406	0.402685
2.4072	0.40297
2.4084	0.403256
2.4096	0.403541
2.4108	0.403827
2.412	0.404113
2.4132	0.404398
2.4144	0.404684
2.4156	0.40497
2.4168	0.405256
2.418	0.405542
2.4192	0.405829
2.4204	0.406115
2.4216	0.406402
2.4228	0.406688
2.424	0.406975
2.4252	0.407262
2.4264	0.407548
2.4276	0.407835
2.4288	0.408122
2.43	0.408409
2.4312	0.408697
2.4324	0.408984
2.4336	0.409271
2.4348	0.409559
2.436	0.409846
2.4372	0.410134
2.4384	0.410422
2.4396	0.41071
2.4408	0.410998
2.442	0.411286
2.4432	0.411574
2.4444	0.411862
2.4456	0.41215
2.4468	0.412439
2.448	0.412727
2.4492	0.413016
2.4504	0.413304
2.4516	0.413593
2.4528	0.413882
2.454	0.414171
2.4552	0.41446
2.4564	0.414749
2.4576	0.415039
2.4588	0.415328
2.46	0.415617
2.4612	0.415907
2.4624	0.416196
2.4636	0.416486
2.4648	0.416776
2.466	0.417066
2.4672	0.417356
2.4684	0.417646
2.4696	0.417936
2.4708	0.418226
2.472	0.418517
2.4732	0.418807
2.4744	0.419097
2.4756	0.419388
2.4768	0.419679
2.478	0.41997
2.4792	0.42026
2.4804	0.420551
2.4816	0.420842
2.4828	0.421134
2.484	0.421425
2.4852	0.421716
2.4864	0.422008
2.4876	0.422299
2.4888	0.422591
2.49	0.422882
2.4912	0.423174
2.4924	0.423466
2.4936	0.423758
2.4948	0.42405
2.496	0.424342
2.4972	0.424634
2.4984	0.424927
2.4996	0.425219
2.5008	0.425512
2.502	0.425804
2.5032	0.426097
2.5044	0.42639
2.5056	0.426682
2.5068	0.426975
2.508	0.427268
2.5092	0.427562
2.5104	0.427855
2.5116	0.428148
2.5128	0.428441
2.514	0.428735
2.5152	0.429028
2.5164	0.429322
2.5176	0.429616
2.5188	0.42991
2.52	0.430204
2.5212	0.430498
2.5224	0.430792
2.5236	0.431086
2.5248	0.43138
2.526	0.431674
2.5272	0.431969
2.5284	0.432263
2.5296	0.432558
2.5308	0.432853
2.532	0.433148
2.5332	0.433442
2.5344	0.433737
2.5356	0.434033
2.5368	0.434328
2.538	0.434623
2.5392	0.434918
2.5404	0.435214
2.5416	0.435509
2.5428	0.435805
2.544	0.4361
2.5452	0.436396
2.5464	0.436692
2.5476	0.436988
2.5488	0.437284
2.55	0.43758
2.5512	0.437876
2.5524	0.438172
2.5536	0.438469
2.5548	0.438765
2.556	0.439062
2.5572	0.439358
2.5584	0.439655
2.5596	0.439952
2.5608	0.440249
2.562	0.440546
2.5632	0.440843
2.5644	0.44114
2.5656	0.441437
2.5668	0.441735
2.568	0.442032
2.5692	0.442329
2.5704	0.442627
2.5716	0.442925
2.5728	0.443222
2.574	0.44352
2.5752	0.443818
2.5764	0.444116
2.5776	0.444414
2.5788	0.444712
2.58	0.445011
2.5812	0.445309
2.5824	0.445607
2.5836	0.445906
2.5848	0.446204
2.586	0.446503
2.5872	0.446802
2.5884	0.447101
2.5896	0.4474
2.5908	0.447699
2.592	0.447998
2.5932	0.448297
2.5944	0.448596
2.5956	0.448896
2.5968	0.449195
2.598	0.449494
2.5992	0.449794
2.6004	0.450094
2.6016	0.450394
2.6028	0.450693
2.604	0.450993
2.6052	0.451293
2.6064	0.451593
2.6076	0.451894
2.6088	0.452194
2.61	0.452494
2.6112	0.452795
2.6124	0.453095
2.6136	0.453396
2.6148	0.453696
2.616	0.453997
2.6172	0.454298
2.6184	0.454599
2.6196	0.4549
2.6208	0.455201
2.622	0.455502
2.6232	0.455804
2.6244	0.456105
2.6256	0.456406
2.6268	0.456708
2.628	0.45701
2.6292	0.457311
2.6304	0.457613
2.6316	0.457915
2.6328	0.458217
2.634	0.458519
2.6352	0.458821
2.6364	0.459123
2.6376	0.459425
2.6388	0.459728
2.64	0.46003
2.6412	0.460333
2.6424	0.460635
2.6436	0.460938
2.6448	0.461241
2.646	0.461543
2.6472	0.461846
2.6484	0.462149
2.6496	0.462452
2.6508	0.462755
2.652	0.463059
2.6532	0.463362
2.6544	0.463665
2.6556	0.463969
2.6568	0.464272
2.658	0.464576
2.6592	0.46488
2.6604	0.465184
2.6616	0.465488
2.6628	0.465791
2.664	0.466096
2.6652	0.4664
2.6664	0.466704
2.6676	0.467008
2.6688	0.467312
2.67	0.467617
2.6712	0.467921
2.6724	0.468226
2.6736	0.468531
2.6748	0.468836
2.676	0.46914
2.6772	0.469445
2.6784	0.46975
2.6796	0.470055
2.6808	0.470361
2.682	0.470666
2.6832	0.470971
2.6844	0.471276
2.6856	0.471582
2.6868	0.471888
2.688	0.472193
2.6892	0.472499
2.6904	0.472805
2.6916	0.473111
2.6928	0.473417
2.694	0.473723
2.6952	0.474029
2.6964	0.474335
2.6976	0.474641
2.6988	0.474947
2.7	0.475254
2.7012	0.47556
2.7024	0.475867
2.7036	0.476174
2.7048	0.47648
2.706	0.476787
2.7072	0.477094
2.7084	0.477401
2.7096	0.477708
2.7108	0.478015
2.712	0.478322
2.7132	0.47863
2.7144	0.478937
2.7156	0.479245
2.7168	0.479552
2.718	0.47986
2.7192	0.480167
2.7204	0.480475
2.7216	0.480783
2.7228	0.481091
2.724	0.481399
2.7252	0.481707
2.7264	0.482015
2.7276	0.482323
2.7288	0.482631
2.73	0.48294
2.7312	0.483248
2.7324	0.483557
2.7336	0.483865
2.7348	0.484174
2.736	0.484483
2.7372	0.484792
2.7384	0.485101
2.7396	0.48541
2.7408	0.485719
2.742	0.486028
2.7432	0.486337
2.7444	0.486646
2.7456	0.486956
2.7468	0.487265
2.748	0.487575
2.7492	0.487884
2.7504	0.488194
2.7516	0.488504
2.7528	0.488813
2.754	0.489123
2.7552	0.489433
2.7564	0.489743
2.7576	0.490053
2.7588	0.490364
2.76	0.490674
2.7612	0.490984
2.7624	0.491295
2.7636	0.491605
2.7648	0.491916
2.766	0.492226
2.7672	0.492537
2.7684	0.492848
2.7696	0.493159
2.7708	0.49347
2.772	0.493781
2.7732	0.494092
2.7744	0.494403
2.7756	0.494714
2.7768	0.495025
2.778	0.495337
2.7792	0.495648
2.7804	0.49596
2.7816	0.496271
2.7828	0.496583
2.784	0.496895
2.7852	0.497207
2.7864	0.497519
2.7876	0.497831
2.7888	0.498143
2.79	0.498455
2.7912	0.498767
2.7924	0.499079
2.7936	0.499392
2.7948	0.499704
2.796	0.500016
2.7972	0.500329
2.7984	0.500642
2.7996	0.500954
2.8008	0.501267
2.802	0.50158
2.8032	0.501893
2.8044	0.502206
2.8056	0.502519
2.8068	0.502832
2.808	0.503145
2.8092	0.503459
2.8104	0.503772
2.8116	0.504085
2.8128	0.504399
2.814	0.504713
2.8152	0.505026
2.8164	0.50534
2.8176	0.505654
2.8188	0.505968
2.82	0.506282
2.8212	0.506596
2.8224	0.50691
2.8236	0.507224
2.8248	0.507538
2.826	0.507852
2.8272	0.508167
2.8284	0.508481
2.8296	0.508796
2.8308	0.50911
2.832	0.509425
2.8332	0.50974
2.8344	0.510054
2.8356	0.510369
2.8368	0.510684
2.838	0.510999
2.8392	0.511314
2.8404	0.511629
2.8416	0.511945
2.8428	0.51226
2.844	0.512575
2.8452	0.512891
2.8464	0.513206
2.8476	0.513522
2.8488	0.513838
2.85	0.514153
2.8512	0.514469
2.8524	0.514785
2.8536	0.515101
2.8548	0.515417
2.856	0.515733
2.8572	0.516049
2.8584	0.516365
2.8596	0.516682
2.8608	0.516998
2.862	0.517314
2.8632	0.517631
2.8644	0.517947
2.8656	0.518264
2.8668	0.518581
2.868	0.518897
2.8692	0.519214
2.8704	0.519531
2.8716	0.519848
2.8728	0.520165
2.874	0.520482
2.8752	0.520799
2.8764	0.521117
2.8776	0.521434
2.8788	0.521751
2.88	0.522069
2.8812	0.522386
2.8824	0.522704
2.8836	0.523022
2.8848	0.523339
2.886	0.523657
2.8872	0.523975
2.8884	0.524293
2.8896	0.524611
2.8908	0.524929
2.892	0.525247
2.8932	0.525565
2.8944	0.525883
2.8956	0.526202
2.8968	0.52652
2.898	0.526839
2.8992	0.527157
2.9004	0.527476
2.9016	0.527795
2.9028	0.528113
2.904	0.528432
2.9052	0.528751
2.9064	0.52907
2.9076	0.529389
2.9088	0.529708
2.91	0.530027
2.9112	0.530346
2.9124	0.530666
2.9136	0.530985
2.9148	0.531304
2.916	0.531624
2.9172	0.531943
2.9184	0.532263
2.9196	0.532583
2.9208	0.532902
2.922	0.533222
2.9232	0.533542
2.9244	0.533862
2.9256	0.534182
2.9268	0.534502
2.928	0.534822
2.9292	0.535142
2.9304	0.535463
2.9316	0.535783
2.9328	0.536103
2.934	0.536424
2.9352	0.536744
2.9364	0.537065
2.9376	0.537386
2.9388	0.537706
2.94	0.538027
2.9412	0.538348
2.9424	0.538669
2.9436	0.53899
2.9448	0.539311
2.946	0.539632
2.9472	0.539953
2.9484	0.540274
2.9496	0.540596
2.9508	0.540917
2.952	0.541239
2.9532	0.54156
2.9544	0.541882
2.9556	0.542203
2.9568	0.542525
2.958	0.542847
2.9592	0.543169
2.9604	0.54349
2.9616	0.543812
2.9628	0.544134
2.964	0.544457
2.9652	0.544779
2.9664	0.545101
2.9676	0.545423
2.9688	0.545745
2.97	0.546068
2.9712	0.54639
2.9724	0.546713
2.9736	0.547035
2.9748	0.547358
2.976	0.547681
2.9772	0.548004
2.9784	0.548326
2.9796	0.548649
2.9808	0.548972
2.982	0.549295
2.9832	0.549618
2.9844	0.549942
2.9856	0.550265
2.9868	0.550588
2.988	0.550911
2.9892	0.551235
2.9904	0.551558
2.9916	0.551882
2.9928	0.552205
2.994	0.552529
2.9952	0.552853
2.9964	0.553177
2.9976	0.5535
2.9988	0.553824
3	0.554148
3.0012	0.554472
3.0024	0.554796
3.0036	0.55512
3.0048	0.555445
3.006	0.555769
3.0072	0.556093
3.0084	0.556418
3.0096	0.556742
3.0108	0.557067
3.012	0.557391
3.0132	0.557716
3.0144	0.558041
3.0156	0.558365
3.0168	0.55869
3.018	0.559015
3.0192	0.55934
3.0204	0.559665
3.0216	0.55999
3.0228	0.560315
3.024	0.56064
3.0252	0.560966
3.0264	0.561291
3.0276	0.561616
3.0288	0.561942
3.03	0.562267
3.0312	0.562593
3.0324	0.562918
3.0336	0.563244
3.0348	0.56357
3.036	0.563896
3.0372	0.564221
3.0384	0.564547
3.0396	0.564873
3.0408	0.565199
3.042	0.565525
3.0432	0.565851
3.0444	0.566178
3.0456	0.566504
3.0468	0.56683
3.048	0.567157
3.0492	0.567483
3.0504	0.56781
3.0516	0.568136
3.0528	0.568463
3.054	0.568789
3.0552	0.569116
3.0564	0.569443
3.0576	0.56977
3.0588	0.570097
3.06	0.570424
3.0612	0.570751
3.0624	0.571078
3.0636	0.571405
3.0648	0.571732
3.066	0.572059
3.0672	0.572387
3.0684	0.572714
3.0696	0.573042
3.0708	0.573369
3.072	0.573697
3.0732	0.574024
3.0744	0.574352
3.0756	0.57468
3.0768	0.575007
3.078	0.575335
3.0792	0.575663
3.0804	0.575991
3.0816	0.576319
3.0828	0.576647
3.084	0.576975
3.0852	0.577303
3.0864	0.577632
3.0876	0.57796
3.0888	0.578288
3.09	0.578617
3.0912	0.578945
3.0924	0.579274
3.0936	0.579602
3.0948	0.579931
3.096	0.58026
3.0972	0.580588
3.0984	0.580917
3.0996	0.581246
3.1008	0.581575
3.102	0.581904
3.1032	0.582233
3.1044	0.582562
3.1056	0.582891
3.1068	0.58322
3.108	0.58355
3.1092	0.583879
3.1104	0.584208
3.1116	0.584538
3.1128	0.584867
3.114	0.585197
3.1152	0.585526
3.1164	0.585856
3.1176	0.586186
3.1188	0.586515
3.12	0.586845
3.1212	0.587175
3.1224	0.587505
3.1236	0.587835
3.1248	0.588165
3.126	0.588495
3.1272	0.588825
3.1284	0.589155
3.1296	0.589486
3.1308	0.589816
3.132	0.590146
3.1332	0.590477
3.1344	0.590807
3.1356	0.591138
3.1368	0.591468
3.138	0.591799
3.1392	0.592129
3.1404	0.59246
3.1416	0.592791
3.1428	0.593122
3.144	0.593453
3.1452	0.593784
3.1464	0.594115
3.1476	0.594446
3.1488	0.594777
3.15	0.595108
3.1512	0.595439
3.1524	0.59577
3.1536	0.596102
3.1548	0.596433
3.156	0.596765
3.1572	0.597096
3.1584	0.597428
3.1596	0.597759
3.1608	0.598091
3.162	0.598422
3.1632	0.598754
3.1644	0.599086
3.1656	0.599418
3.1668	0.59975
3.168	0.600082
3.1692	0.600414
3.1704	0.600746
3.1716	0.601078
3.1728	0.60141
3.174	0.601742
3.1752	0.602074
3.1764	0.602407
3.1776	0.602739
3.1788	0.603072
3.18	0.603404
3.1812	0.603737
3.1824	0.604069
3.1836	0.604402
3.1848	0.604734
3.186	0.605067
3.1872	0.6054
3.1884	0.605733
3.1896	0.606066
3.1908	0.606399
3.192	0.606732
3.1932	0.607065
3.1944	0.607398
3.1956	0.607731
3.1968	0.608064
3.198	0.608397
3.1992	0.608731
3.2004	0.609064
3.2016	0.609397
3.2028	0.609731
3.204	0.610064
3.2052	0.610398
3.2064	0.610731
3.2076	0.611065
3.2088	0.611399
3.21	0.611732
3.2112	0.612066
3.2124	0.6124
3.2136	0.612734
3.2148	0.613068
3.216	0.613402
3.2172	0.613736
3.2184	0.61407
3.2196	0.614404
3.2208	0.614738
3.222	0.615073
3.2232	0.615407
3.2244	0.615741
3.2256	0.616076
3.2268	0.61641
3.228	0.616745
3.2292	0.617079
3.2304	0.617414
3.2316	0.617748
3.2328	0.618083
3.234	0.618418
3.2352	0.618753
3.2364	0.619087
3.2376	0.619422
3.2388	0.619757
3.24	0.620092
3.2412	0.620427
3.2424	0.620762
3.2436	0.621097
3.2448	0.621433
3.246	0.621768
3.2472	0.622103
3.2484	0.622438
3.2496	0.622774
3.2508	0.623109
3.252	0.623445
3.2532	0.62378
3.2544	0.624116
3.2556	0.624451
3.2568	0.624787
3.258	0.625122
3.2592	0.625458
3.2604	0.625794
3.2616	0.62613
3.2628	0.626466
3.264	0.626802
3.2652	0.627138
3.2664	0.627474
3.2676	0.62781
3.2688	0.628146
3.27	0.628482
3.2712	0.628818
3.2724	0.629154
3.2736	0.629491
3.2748	0.629827
3.276	0.630163
3.2772	0.6305
3.2784	0.630836
3.2796	0.631173
3.2808	0.63151
3.282	0.631846
3.2832	0.632183
3.2844	0.63252
3.2856	0.632856
3.2868	0.633193
3.288	0.63353
3.2892	0.633867
3.2904	0.634204
3.2916	0.634541
3.2928	0.634878
3.294	0.635215
3.2952	0.635552
3.2964	0.635889
3.2976	0.636226
3.2988	0.636564
3.3	0.636901
3.3012	0.637238
3.3024	0.637576
3.3036	0.637913
3.3048	0.638251
3.306	0.638588
3.3072	0.638926
3.3084	0.639263
3.3096	0.639601
3.3108	0.639939
3.312	0.640277
3.3132	0.640614
3.3144	0.640952
3.3156	0.64129
3.3168	0.641628
3.318	0.641966
3.3192	0.642304
3.3204	0.642642
3.3216	0.64298
3.3228	0.643318
3.324	0.643656
3.3252	0.643995
3.3264	0.644333
3.3276	0.644671
3.3288	0.64501
3.33	0.645348
3.3312	0.645687
3.3324	0.646025
3.3336	0.646364
3.3348	0.646702
3.336	0.647041
3.3372	0.647379
3.3384	0.647718
3.3396	0.648057
3.3408	0.648396
3.342	0.648735
3.3432	0.649073
3.3444	0.649412
3.3456	0.649751
3.3468	0.65009
3.348	0.650429
3.3492	0.650768
3.3504	0.651108
3.3516	0.651447
3.3528	0.651786
3.354	0.652125
3.3552	0.652465
3.3564	0.652804
3.3576	0.653143
3.3588	0.653483
3.36	0.653822
3.3612	0.654162
3.3624	0.654501
3.3636	0.654841
3.3648	0.655181
3.366	0.65552
3.3672	0.65586
3.3684	0.6562
3.3696	0.656539
3.3708	0.656879
3.372	0.657219
3.3732	0.657559
3.3744	0.657899
3.3756	0.658239
3.3768	0.658579
3.378	0.658919
3.3792	0.659259
3.3804	0.6596
3.3816	0.65994
3.3828	0.66028
3.384	0.66062
3.3852	0.660961
3.3864	0.661301
3.3876	0.661641
3.3888	0.661982
3.39	0.662322
3.3912	0.662663
3.3924	0.663003
3.3936	0.663344
3.3948	0.663685
3.396	0.664025
3.3972	0.664366
3.3984	0.664707
3.3996	0.665048
3.4008	0.665389
3.402	0.665729
3.4032	0.66607
3.4044	0.666411
3.4056	0.666752
3.4068	0.667093
3.408	0.667434
3.4092	0.667776
3.4104	0.668117
3.4116	0.668458
3.4128	0.668799
3.414	0.66914
3.4152	0.669482
3.4164	0.669823
3.4176	0.670165
3.4188	0.670506
3.42	0.670847
3.4212	0.671189
3.4224	0.671531
3.4236	0.671872
3.4248	0.672214
3.426	0.672555
3.4272	0.672897
3.4284	0.673239
3.4296	0.673581
3.4308	0.673922
3.432	0.674264
3.4332	0.674606
3.4344	0.674948
3.4356	0.67529
3.4368	0.675632
3.438	0.675974
3.4392	0.676316
3.4404	0.676658
3.4416	0.677
3.4428	0.677343
3.444	0.677685
3.4452	0.678027
3.4464	0.678369
3.4476	0.678712
3.4488	0.679054
3.45	0.679397
3.4512	0.679739
3.4524	0.680081
3.4536	0.680424
3.4548	0.680767
3.456	0.681109
3.4572	0.681452
3.4584	0.681794
3.4596	0.682137
3.4608	0.68248
3.462	0.682823
3.4632	0.683165
3.4644	0.683508
3.4656	0.683851
3.4668	0.684194
3.468	0.684537
3.4692	0.68488
3.4704	0.685223
3.4716	0.685566
3.4728	0.685909
3.474	0.686252
3.4752	0.686595
3.4764	0.686939
3.4776	0.687282
3.4788	0.687625
3.48	0.687968
3.4812	0.688312
3.4824	0.688655
3.4836	0.688999
3.4848	0.689342
3.486	0.689685
3.4872	0.690029
3.4884	0.690373
3.4896	0.690716
3.4908	0.69106
3.492	0.691403
3.4932	0.691747
3.4944	0.692091
3.4956	0.692435
3.4968	0.692778
3.498	0.693122
3.4992	0.693466
3.5004	0.69381
3.5016	0.694154
3.5028	0.694498
3.504	0.694842
3.5052	0.695186
3.5064	0.69553
3.5076	0.695874
3.5088	0.696218
3.51	0.696562
3.5112	0.696906
3.5124	0.697251
3.5136	0.697595
3.5148	0.697939
3.516	0.698284
3.5172	0.698628
3.5184	0.698972
3.5196	0.699317
3.5208	0.699661
3.522	0.700006
3.5232	0.70035
3.5244	0.700695
3.5256	0.701039
3.5268	0.701384
3.528	0.701729
3.5292	0.702073
3.5304	0.702418
3.5316	0.702763
3.5328	0.703108
3.534	0.703452
3.5352	0.703797
3.5364	0.704142
3.5376	0.704487
3.5388	0.704832
3.54	0.705177
3.5412	0.705522
3.5424	0.705867
3.5436	0.706212
3.5448	0.706557
3.546	0.706902
3.5472	0.707247
3.5484	0.707593
3.5496	0.707938
3.5508	0.708283
3.552	0.708628
3.5532	0.708974
3.5544	0.709319
3.5556	0.709664
3.5568	0.71001
3.558	0.710355
3.5592	0.710701
3.5604	0.711046
3.5616	0.711392
3.5628	0.711737
3.564	0.712083
3.5652	0.712429
3.5664	0.712774
3.5676	0.71312
3.5688	0.713466
3.57	0.713811
3.5712	0.714157
3.5724	0.714503
3.5736	0.714849
3.5748	0.715195
3.576	0.71554
3.5772	0.715886
3.5784	0.716232
3.5796	0.716578
3.5808	0.716924
3.582	0.71727
3.5832	0.717616
3.5844	0.717963
3.5856	0.718309
3.5868	0.718655
3.588	0.719001
3.5892	0.719347
3.5904	0.719694
3.5916	0.72004
3.5928	0.720386
3.594	0.720732
3.5952	0.721079
3.5964	0.721425
3.5976	0.721772
3.5988	0.722118
3.6	0.722465
3.6012	0.722811
3.6024	0.723158
3.6036	0.723504
3.6048	0.723851
3.606	0.724197
3.6072	0.724544
3.6084	0.724891
3.6096	0.725237
3.6108	0.725584
3.612	0.725931
3.6132	0.726278
3.6144	0.726624
3.6156	0.726971
3.6168	0.727318
3.618	0.727665
3.6192	0.728012
3.6204	0.728359
3.6216	0.728706
3.6228	0.729053
3.624	0.7294
3.6252	0.729747
3.6264	0.730094
3.6276	0.730441
3.6288	0.730788
3.63	0.731136
3.6312	0.731483
3.6324	0.73183
3.6336	0.732177
3.6348	0.732524
3.636	0.732872
3.6372	0.733219
3.6384	0.733566
3.6396	0.733914
3.6408	0.734261
3.642	0.734609
3.6432	0.734956
3.6444	0.735304
3.6456	0.735651
3.6468	0.735999
3.648	0.736346
3.6492	0.736694
3.6504	0.737041
3.6516	0.737389
3.6528	0.737737
3.654	0.738084
3.6552	0.738432
3.6564	0.73878
3.6576	0.739128
3.6588	0.739475
3.66	0.739823
3.6612	0.740171
3.6624	0.740519
3.6636	0.740867
3.6648	0.741215
3.666	0.741563
3.6672	0.741911
3.6684	0.742259
3.6696	0.742607
3.6708	0.742955
3.672	0.743303
3.6732	0.743651
3.6744	0.743999
3.6756	0.744347
3.6768	0.744695
3.678	0.745043
3.6792	0.745392
3.6804	0.74574
3.6816	0.746088
3.6828	0.746436
3.684	0.746785
3.6852	0.747133
3.6864	0.747481
3.6876	0.74783
3.6888	0.748178
3.69	0.748527
3.6912	0.748875
3.6924	0.749224
3.6936	0.749572
3.6948	0.749921
3.696	0.750269
3.6972	0.750618
3.6984	0.750966
3.6996	0.751315
3.7008	0.751664
3.702	0.752012
3.7032	0.752361
3.7044	0.75271
3.7056	0.753058
3.7068	0.753407
3.708	0.753756
3.7092	0.754105
3.7104	0.754454
3.7116	0.754802
3.7128	0.755151
3.714	0.7555
3.7152	0.755849
3.7164	0.756198
3.7176	0.756547
3.7188	0.756896
3.72	0.757245
3.7212	0.757594
3.7224	0.757943
3.7236	0.758292
3.7248	0.758641
3.726	0.75899
3.7272	0.759339
3.7284	0.759688
3.7296	0.760038
3.7308	0.760387
3.732	0.760736
3.7332	0.761085
3.7344	0.761435
3.7356	0.761784
3.7368	0.762133
3.738	0.762482
3.7392	0.762832
3.7404	0.763181
3.7416	0.76353
3.7428	0.76388
3.744	0.764229
3.7452	0.764579
3.7464	0.764928
3.7476	0.765278
3.7488	0.765627
3.75	0.765977
3.7512	0.766326
3.7524	0.766676
3.7536	0.767025
3.7548	0.767375
3.756	0.767725
3.7572	0.768074
3.7584	0.768424
3.7596	0.768774
3.7608	0.769123
3.762	0.769473
3.7632	0.769823
3.7644	0.770173
3.7656	0.770522
3.7668	0.770872
3.768	0.771222
3.7692	0.771572
3.7704	0.771922
3.7716	0.772272
3.7728	0.772622
3.774	0.772971
3.7752	0.773321
3.7764	0.773671
3.7776	0.774021
3.7788	0.774371
3.78	0.774721
3.7812	0.775071
3.7824	0.775421
3.7836	0.775772
3.7848	0.776122
3.786	0.776472
3.7872	0.776822
3.7884	0.777172
3.7896	0.777522
3.7908	0.777872
3.792	0.778223
3.7932	0.778573
3.7944	0.778923
3.7956	0.779273
3.7968	0.779624
3.798	0.779974
3.7992	0.780324
3.8004	0.780674
3.8016	0.781025
3.8028	0.781375
3.804	0.781726
3.8052	0.782076
3.8064	0.782426
3.8076	0.782777
3.8088	0.783127
3.81	0.783478
3.8112	0.783828
3.8124	0.784179
3.8136	0.784529
3.8148	0.78488
3.816	0.78523
3.8172	0.785581
3.8184	0.785931
3.8196	0.786282
3.8208	0.786633
3.822	0.786983
3.8232	0.787334
3.8244	0.787685
3.8256	0.788035
3.8268	0.788386
3.828	0.788737
3.8292	0.789087
3.8304	0.789438
3.8316	0.789789
3.8328	0.79014
3.834	0.790491
3.8352	0.790841
3.8364	0.791192
3.8376	0.791543
3.8388	0.791894
3.84	0.792245
3.8412	0.792596
3.8424	0.792947
3.8436	0.793297
3.8448	0.793648
3.846	0.793999
3.8472	0.79435
3.8484	0.794701
3.8496	0.795052
3.8508	0.795403
3.852	0.795754
3.8532	0.796105
3.8544	0.796456
3.8556	0.796808
3.8568	0.797159
3.858	0.79751
3.8592	0.797861
3.8604	0.798212
3.8616	0.798563
3.8628	0.798914
3.864	0.799265
3.8652	0.799617
3.8664	0.799968
3.8676	0.800319
3.8688	0.80067
3.87	0.801022
3.8712	0.801373
3.8724	0.801724
3.8736	0.802075
3.8748	0.802427
3.876	0.802778
3.8772	0.803129
3.8784	0.803481
3.8796	0.803832
3.8808	0.804183
3.882	0.804535
3.8832	0.804886
3.8844	0.805238
3.8856	0.805589
3.8868	0.80594
3.888	0.806292
3.8892	0.806643
3.8904	0.806995
3.8916	0.807346
3.8928	0.807698
3.894	0.808049
3.8952	0.808401
3.8964	0.808752
3.8976	0.809104
3.8988	0.809456
3.9	0.809807
3.9012	0.810159
3.9024	0.81051
3.9036	0.810862
3.9048	0.811214
3.906	0.811565
3.9072	0.811917
3.9084	0.812268
3.9096	0.81262
3.9108	0.812972
3.912	0.813324
3.9132	0.813675
3.9144	0.814027
3.9156	0.814379
3.9168	0.81473
3.918	0.815082
3.9192	0.815434
3.9204	0.815786
3.9216	0.816138
3.9228	0.816489
3.924	0.816841
3.9252	0.817193
3.9264	0.817545
3.9276	0.817897
3.9288	0.818249
3.93	0.8186
3.9312	0.818952
3.9324	0.819304
3.9336	0.819656
3.9348	0.820008
3.936	0.82036
3.9372	0.820712
3.9384	0.821064
3.9396	0.821416
3.9408	0.821768
3.942	0.82212
3.9432	0.822472
3.9444	0.822824
3.9456	0.823176
3.9468	0.823528
3.948	0.82388
3.9492	0.824232
3.9504	0.824584
3.9516	0.824936
3.9528	0.825288
3.954	0.82564
3.9552	0.825992
3.9564	0.826344
3.9576	0.826696
3.9588	0.827048
3.96	0.827401
3.9612	0.827753
3.9624	0.828105
3.9636	0.828457
3.9648	0.828809
3.966	0.829161
3.9672	0.829514
3.9684	0.829866
3.9696	0.830218
3.9708	0.83057
3.972	0.830922
3.9732	0.831275
3.9744	0.831627
3.9756	0.831979
3.9768	0.832331
3.978	0.832684
3.9792	0.833036
3.9804	0.833388
3.9816	0.83374
3.9828	0.834093
3.984	0.834445
3.9852	0.834797
3.9864	0.83515
3.9876	0.835502
3.9888	0.835854
3.99	0.836207
3.9912	0.836559
3.9924	0.836911
3.9936	0.837264
3.9948	0.837616
3.996	0.837968
3.9972	0.838321
3.9984	0.838673
3.9996	0.839026
4.0008	0.839378
4.002	0.83973
4.0032	0.840083
4.0044	0.840435
4.0056	0.840788
4.0068	0.84114
4.008	0.841493
4.0092	0.841845
4.0104	0.842198
4.0116	0.84255
4.0128	0.842902
4.014	0.843255
4.0152	0.843607
4.0164	0.84396
4.0176	0.844312
4.0188	0.844665
4.02	0.845017
4.0212	0.84537
4.0224	0.845723
4.0236	0.846075
4.0248	0.846428
4.026	0.84678
4.0272	0.847133
4.0284	0.847485
4.0296	0.847838
4.0308	0.84819
4.032	0.848543
4.0332	0.848896
4.0344	0.849248
4.0356	0.849601
4.0368	0.849953
4.038	0.850306
4.0392	0.850659
4.0404	0.851011
4.0416	0.851364
4.0428	0.851716
4.044	0.852069
4.0452	0.852422
4.0464	0.852774
4.0476	0.853127
4.0488	0.85348
4.05	0.853832
4.0512	0.854185
4.0524	0.854538
4.0536	0.85489
4.0548	0.855243
4.056	0.855596
4.0572	0.855948
4.0584	0.856301
4.0596	0.856654
4.0608	0.857006
4.062	0.857359
4.0632	0.857712
4.0644	0.858065
4.0656	0.858417
4.0668	0.85877
4.068	0.859123
4.0692	0.859475
4.0704	0.859828
4.0716	0.860181
4.0728	0.860534
4.074	0.860886
4.0752	0.861239
4.0764	0.861592
4.0776	0.861945
4.0788	0.862297
4.08	0.86265
4.0812	0.863003
4.0824	0.863356
4.0836	0.863708
4.0848	0.864061
4.086	0.864414
4.0872	0.864767
4.0884	0.86512
4.0896	0.865472
4.0908	0.865825
4.092	0.866178
4.0932	0.866531
4.0944	0.866883
4.0956	0.867236
4.0968	0.867589
4.098	0.867942
4.0992	0.868295
4.1004	0.868648
4.1016	0.869
4.1028	0.869353
4.104	0.869706
4.1052	0.870059
4.1064	0.870412
4.1076	0.870764
4.1088	0.871117
4.11	0.87147
4.1112	0.871823
4.1124	0.872176
4.1136	0.872529
4.1148	0.872881
4.116	0.873234
4.1172	0.873587
4.1184	0.87394
4.1196	0.874293
4.1208	0.874646
4.122	0.874998
4.1232	0.875351
4.1244	0.875704
4.1256	0.876057
4.1268	0.87641
4.128	0.876763
4.1292	0.877115
4.1304	0.877468
4.1316	0.877821
4.1328	0.878174
4.134	0.878527
4.1352	0.87888
4.1364	0.879232
4.1376	0.879585
4.1388	0.879938
4.14	0.880291
4.1412	0.880644
4.1424	0.880997
4.1436	0.88135
4.1448	0.881702
4.146	0.882055
4.1472	0.882408
4.1484	0.882761
4.1496	0.883114
4.1508	0.883467
4.152	0.88382
4.1532	0.884172
4.1544	0.884525
4.1556	0.884878
4.1568	0.885231
4.158	0.885584
4.1592	0.885937
4.1604	0.886289
4.1616	0.886642
4.1628	0.886995
4.164	0.887348
4.1652	0.887701
4.1664	0.888054
4.1676	0.888406
4.1688	0.888759
4.17	0.889112
4.1712	0.889465
4.1724	0.889818
4.1736	0.890171
4.1748	0.890524
4.176	0.890876
4.1772	0.891229
4.1784	0.891582
4.1796	0.891935
4.1808	0.892288
4.182	0.89264
4.1832	0.892993
4.1844	0.893346
4.1856	0.893699
4.1868	0.894052
4.188	0.894405
4.1892	0.894757
4.1904	0.89511
4.1916	0.895463
4.1928	0.895816
4.194	0.896169
4.1952	0.896521
4.1964	0.896874
4.1976	0.897227
4.1988	0.89758
4.2	0.897933
4.2012	0.898285
4.2024	0.898638
4.2036	0.898991
4.2048	0.899344
4.206	0.899697
4.2072	0.900049
4.2084	0.900402
4.2096	0.900755
4.2108	0.901108
4.212	0.90146
4.2132	0.901813
4.2144	0.902166
4.2156	0.902519
4.2168	0.902871
4.218	0.903224
4.2192	0.903577
4.2204	0.90393
4.2216	0.904282
4.2228	0.904635
4.224	0.904988
4.2252	0.905341
4.2264	0.905693
4.2276	0.906046
4.2288	0.906399
4.23	0.906751
4.2312	0.907104
4.2324	0.907457
4.2336	0.907809
4.2348	0.908162
4.236	0.908515
4.2372	0.908868
4.2384	0.90922
4.2396	0.909573
4.2408	0.909926
4.242	0.910278
4.2432	0.910631
4.2444	0.910984
4.2456	0.911336
4.2468	0.911689
4.248	0.912041
4.2492	0.912394
4.2504	0.912747
4.2516	0.913099
4.2528	0.913452
4.254	0.913805
4.2552	0.914157
4.2564	0.91451
4.2576	0.914862
4.2588	0.915215
4.26	0.915568
4.2612	0.91592
4.2624	0.916273
4.2636	0.916625
4.2648	0.916978
4.266	0.91733
4.2672	0.917683
4.2684	0.918036
4.2696	0.918388
4.2708	0.918741
4.272	0.919093
4.2732	0.919446
4.2744	0.919798
4.2756	0.920151
4.2768	0.920503
4.278	0.920856
4.2792	0.921208
4.2804	0.921561
4.2816	0.921913
4.2828	0.922266
4.284	0.922618
4.2852	0.922971
4.2864	0.923323
4.2876	0.923675
4.2888	0.924028
4.29	0.92438
4.2912	0.924733
4.2924	0.925085
4.2936	0.925438
4.2948	0.92579
4.296	0.926142
4.2972	0.926495
4.2984	0.926847
4.2996	0.9272
4.3008	0.927552
4.302	0.927904
4.3032	0.928257
4.3044	0.928609
4.3056	0.928961
4.3068	0.929314
4.308	0.929666
4.3092	0.930018
4.3104	0.930371
4.3116	0.930723
4.3128	0.931075
4.314	0.931427
4.3152	0.93178
4.3164	0.932132
4.3176	0.932484
4.3188	0.932837
4.32	0.933189
4.3212	0.933541
4.3224	0.933893
4.3236	0.934245
4.3248	0.934598
4.326	0.93495
4.3272	0.935302
4.3284	0.935654
4.3296	0.936006
4.3308	0.936359
4.332	0.936711
4.3332	0.937063
4.3344	0.937415
4.3356	0.937767
4.3368	0.938119
4.338	0.938471
4.3392	0.938823
4.3404	0.939176
4.3416	0.939528
4.3428	0.93988
4.344	0.940232
4.3452	0.940584
4.3464	0.940936
4.3476	0.941288
4.3488	0.94164
4.35	0.941992
4.3512	0.942344
4.3524	0.942696
4.3536	0.943048
4.3548	0.9434
4.356	0.943752
4.3572	0.944104
4.3584	0.944456
4.3596	0.944808
4.3608	0.94516
4.362	0.945512
4.3632	0.945863
4.3644	0.946215
4.3656	0.946567
4.3668	0.946919
4.368	0.947271
4.3692	0.947623
4.3704	0.947975
4.3716	0.948326
4.3728	0.948678
4.374	0.94903
4.3752	0.949382
4.3764	0.949734
4.3776	0.950085
4.3788	0.950437
4.38	0.950789
4.3812	0.951141
4.3824	0.951492
4.3836	0.951844
4.3848	0.952196
4.386	0.952548
4.3872	0.952899
4.3884	0.953251
4.3896	0.953603
4.3908	0.953954
4.392	0.954306
4.3932	0.954658
4.3944	0.955009
4.3956	0.955361
4.3968	0.955712
4.398	0.956064
4.3992	0.956415
4.4004	0.956767
4.4016	0.957119
4.4028	0.95747
4.404	0.957822
4.4052	0.958173
4.4064	0.958525
4.4076	0.958876
4.4088	0.959228
4.41	0.959579
4.4112	0.95993
4.4124	0.960282
4.4136	0.960633
4.4148	0.960985
4.416	0.961336
4.4172	0.961688
4.4184	0.962039
4.4196	0.96239
4.4208	0.962742
4.422	0.963093
4.4232	0.963444
4.4244	0.963796
4.4256	0.964147
4.4268	0.964498
4.428	0.964849
4.4292	0.965201
4.4304	0.965552
4.4316	0.965903
4.4328	0.966254
4.434	0.966605
4.4352	0.966957
4.4364	0.967308
4.4376	0.967659
4.4388	0.96801
4.44	0.968361
4.4412	0.968712
4.4424	0.969063
4.4436	0.969415
4.4448	0.969766
4.446	0.970117
4.4472	0.970468
4.4484	0.970819
4.4496	0.97117
4.4508	0.971521
4.452	0.971872
4.4532	0.972223
4.4544	0.972574
4.4556	0.972925
4.4568	0.973276
4.458	0.973626
4.4592	0.973977
4.4604	0.974328
4.4616	0.974679
4.4628	0.97503
4.464	0.975381
4.4652	0.975732
4.4664	0.976082
4.4676	0.976433
4.4688	0.976784
4.47	0.977135
4.4712	0.977485
4.4724	0.977836
4.4736	0.978187
4.4748	0.978538
4.476	0.978888
4.4772	0.979239
4.4784	0.97959
4.4796	0.97994
4.4808	0.980291
4.482	0.980641
4.4832	0.980992
4.4844	0.981343
4.4856	0.981693
4.4868	0.982044
4.488	0.982394
4.4892	0.982745
4.4904	0.983095
4.4916	0.983446
4.4928	0.983796
4.494	0.984147
4.4952	0.984497
4.4964	0.984847
4.4976	0.985198
4.4988	0.985548
4.5	0.985899
4.5012	0.986249
4.5024	0.986599
4.5036	0.98695
4.5048	0.9873
4.506	0.98765
4.5072	0.988
4.5084	0.988351
4.5096	0.988701
4.5108	0.989051
4.512	0.989401
4.5132	0.989752
4.5144	0.990102
4.5156	0.990452
4.5168	0.990802
4.518	0.991152
4.5192	0.991502
4.5204	0.991852
4.5216	0.992202
4.5228	0.992552
4.524	0.992902
4.5252	0.993252
4.5264	0.993602
4.5276	0.993952
4.5288	0.994302
4.53	0.994652
4.5312	0.995002
4.5324	0.995352
4.5336	0.995702
4.5348	0.996052
4.536	0.996402
4.5372	0.996751
4.5384	0.997101
4.5396	0.997451
4.5408	0.997801
4.542	0.99815
4.5432	0.9985
4.5444	0.99885
4.5456	0.9992
4.5468	0.999549
4.548	0.999899
4.5492	1.00025
4.5504	1.0006
4.5516	1.00095
4.5528	1.0013
4.554	1.00165
4.5552	1.002
4.5564	1.00235
4.5576	1.0027
4.5588	1.00305
4.56	1.00339
4.5612	1.00374
4.5624	1.00409
4.5636	1.00444
4.5648	1.00479
4.566	1.00514
4.5672	1.00549
4.5684	1.00584
4.5696	1.00619
4.5708	1.00654
4.572	1.00689
4.5732	1.00724
4.5744	1.00759
4.5756	1.00794
4.5768	1.00828
4.578	1.00863
4.5792	1.00898
4.5804	1.00933
4.5816	1.00968
4.5828	1.01003
4.584	1.01038
4.5852	1.01073
4.5864	1.01108
4.5876	1.01143
4.5888	1.01178
4.59	1.01212
4.5912	1.01247
4.5924	1.01282
4.5936	1.01317
4.5948	1.01352
4.596	1.01387
4.5972	1.01422
4.5984	1.01457
4.5996	1.01492
4.6008	1.01526
4.602	1.01561
4.6032	1.01596
4.6044	1.01631
4.6056	1.01666
4.6068	1.01701
4.608	1.01736
4.6092	1.01771
4.6104	1.01805
4.6116	1.0184
4.6128	1.01875
4.614	1.0191
4.6152	1.01945
4.6164	1.0198
4.6176	1.02015
4.6188	1.02049
4.62	1.02084
4.6212	1.02119
4.6224	1.02154
4.6236	1.02189
4.6248	1.02224
4.626	1.02258
4.6272	1.02293
4.6284	1.02328
4.6296	1.02363
4.6308	1.02398
4.632	1.02433
4.6332	1.02467
4.6344	1.02502
4.6356	1.02537
4.6368	1.02572
4.638	1.02607
4.6392	1.02641
4.6404	1.02676
4.6416	1.02711
4.6428	1.02746
4.644	1.02781
4.6452	1.02815
4.6464	1.0285
4.6476	1.02885
4.6488	1.0292
4.65	1.02955
4.6512	1.02989
4.6524	1.03024
4.6536	1.03059
4.6548	1.03094
4.656	1.03128
4.6572	1.03163
4.6584	1.03198
4.6596	1.03233
4.6608	1.03268
4.662	1.03302
4.6632	1.03337
4.6644	1.03372
4.6656	1.03407
4.6668	1.03441
4.668	1.03476
4.6692	1.03511
4.6704	1.03546
4.6716	1.0358
4.6728	1.03615
4.674	1.0365
4.6752	1.03685
4.6764	1.03719
4.6776	1.03754
4.6788	1.03789
4.68	1.03824
4.6812	1.03858
4.6824	1.03893
4.6836	1.03928
4.6848	1.03962
4.686	1.03997
4.6872	1.04032
4.6884	1.04067
4.6896	1.04101
4.6908	1.04136
4.692	1.04171
4.6932	1.04205
4.6944	1.0424
4.6956	1.04275
4.6968	1.04309
4.698	1.04344
4.6992	1.04379
4.7004	1.04414
4.7016	1.04448
4.7028	1.04483
4.704	1.04518
4.7052	1.04552
4.7064	1.04587
4.7076	1.04622
4.7088	1.04656
4.71	1.04691
4.7112	1.04726
4.7124	1.0476
4.7136	1.04795
4.7148	1.0483
4.716	1.04864
4.7172	1.04899
4.7184	1.04933
4.7196	1.04968
4.7208	1.05003
4.722	1.05037
4.7232	1.05072
4.7244	1.05107
4.7256	1.05141
4.7268	1.05176
4.728	1.05211
4.7292	1.05245
4.7304	1.0528
4.7316	1.05314
4.7328	1.05349
4.734	1.05384
4.7352	1.05418
4.7364	1.05453
4.7376	1.05487
4.7388	1.05522
4.74	1.05557
4.7412	1.05591
4.7424	1.05626
4.7436	1.0566
4.7448	1.05695
4.746	1.0573
4.7472	1.05764
4.7484	1.05799
4.7496	1.05833
4.7508	1.05868
4.752	1.05903
4.7532	1.05937
4.7544	1.05972
4.7556	1.06006
4.7568	1.06041
4.758	1.06075
4.7592	1.0611
4.7604	1.06144
4.7616	1.06179
4.7628	1.06214
4.764	1.06248
4.7652	1.06283
4.7664	1.06317
4.7676	1.06352
4.7688	1.06386
4.77	1.06421
4.7712	1.06455
4.7724	1.0649
4.7736	1.06524
4.7748	1.06559
4.776	1.06593
4.7772	1.06628
4.7784	1.06662
4.7796	1.06697
4.7808	1.06731
4.782	1.06766
4.7832	1.068
4.7844	1.06835
4.7856	1.06869
4.7868	1.06904
4.788	1.06938
4.7892	1.06973
4.7904	1.07007
4.7916	1.07042
4.7928	1.07076
4.794	1.07111
4.7952	1.07145
4.7964	1.0718
4.7976	1.07214
4.7988	1.07249
4.8	1.07283
4.8012	1.07318
4.8024	1.07352
4.8036	1.07387
4.8048	1.07421
4.806	1.07455
4.8072	1.0749
4.8084	1.07524
4.8096	1.07559
4.8108	1.07593
4.812	1.07628
4.8132	1.07662
4.8144	1.07696
4.8156	1.07731
4.8168	1.07765
4.818	1.078
4.8192	1.07834
4.8204	1.07869
4.8216	1.07903
4.8228	1.07937
4.824	1.07972
4.8252	1.08006
4.8264	1.08041
4.8276	1.08075
4.8288	1.08109
4.83	1.08144
4.8312	1.08178
4.8324	1.08212
4.8336	1.08247
4.8348	1.08281
4.836	1.08316
4.8372	1.0835
4.8384	1.08384
4.8396	1.08419
4.8408	1.08453
4.842	1.08487
4.8432	1.08522
4.8444	1.08556
4.8456	1.0859
4.8468	1.08625
4.848	1.08659
4.8492	1.08693
4.8504	1.08728
4.8516	1.08762
4.8528	1.08796
4.854	1.08831
4.8552	1.08865
4.8564	1.08899
4.8576	1.08934
4.8588	1.08968
4.86	1.09002
4.8612	1.09037
4.8624	1.09071
4.8636	1.09105
4.8648	1.0914
4.866	1.09174
4.8672	1.09208
4.8684	1.09242
4.8696	1.09277
4.8708	1.09311
4.872	1.09345
4.8732	1.09379
4.8744	1.09414
4.8756	1.09448
4.8768	1.09482
4.878	1.09517
4.8792	1.09551
4.8804	1.09585
4.8816	1.09619
4.8828	1.09654
4.884	1.09688
4.8852	1.09722
4.8864	1.09756
4.8876	1.0979
4.8888	1.09825
4.89	1.09859
4.8912	1.09893
4.8924	1.09927
4.8936	1.09962
4.8948	1.09996
4.896	1.1003
4.8972	1.10064
4.8984	1.10098
4.8996	1.10133
4.9008	1.10167
4.902	1.10201
4.9032	1.10235
4.9044	1.10269
4.9056	1.10304
4.9068	1.10338
4.908	1.10372
4.9092	1.10406
4.9104	1.1044
4.9116	1.10474
4.9128	1.10509
4.914	1.10543
4.9152	1.10577
4.9164	1.10611
4.9176	1.10645
4.9188	1.10679
4.92	1.10714
4.9212	1.10748
4.9224	1.10782
4.9236	1.10816
4.9248	1.1085
4.926	1.10884
4.9272	1.10918
4.9284	1.10952
4.9296	1.10987
4.9308	1.11021
4.932	1.11055
4.9332	1.11089
4.9344	1.11123
4.9356	1.11157
4.9368	1.11191
4.938	1.11225
4.9392	1.11259
4.9404	1.11293
4.9416	1.11328
4.9428	1.11362
4.944	1.11396
4.9452	1.1143
4.9464	1.11464
4.9476	1.11498
4.9488	1.11532
4.95	1.11566
4.9512	1.116
4.9524	1.11634
4.9536	1.11668
4.9548	1.11702
4.956	1.11736
4.9572	1.1177
4.9584	1.11804
4.9596	1.11838
4.9608	1.11872
4.962	1.11906
4.9632	1.1194
4.9644	1.11974
4.9656	1.12008
4.9668	1.12042
4.968	1.12076
4.9692	1.1211
4.9704	1.12144
4.9716	1.12178
4.9728	1.12212
4.974	1.12246
4.9752	1.1228
4.9764	1.12314
4.9776	1.12348
4.9788	1.12382
4.98	1.12416
4.9812	1.1245
4.9824	1.12484
4.9836	1.12518
4.9848	1.12552
4.986	1.12586
4.9872	1.1262
4.9884	1.12654
4.9896	1.12688
4.9908	1.12722
4.992	1.12756
4.9932	1.1279
4.9944	1.12824
4.9956	1.12857
4.9968	1.12891
4.998	1.12925
4.9992	1.12959
5.0004	1.12993
5.0016	1.13027
5.0028	1.13061
5.004	1.13095
5.0052	1.13129
5.0064	1.13163
5.0076	1.13196
5.0088	1.1323
5.01	1.13264
5.0112	1.13298
5.0124	1.13332
5.0136	1.13366
5.0148	1.134
5.016	1.13434
5.0172	1.13467
5.0184	1.13501
5.0196	1.13535
5.0208	1.13569
5.022	1.13603
5.0232	1.13637
5.0244	1.1367
5.0256	1.13704
5.0268	1.13738
5.028	1.13772
5.0292	1.13806
5.0304	1.1384
5.0316	1.13873
5.0328	1.13907
5.034	1.13941
5.0352	1.13975
5.0364	1.14009
5.0376	1.14042
5.0388	1.14076
5.04	1.1411
5.0412	1.14144
5.0424	1.14177
5.0436	1.14211
5.0448	1.14245
5.046	1.14279
5.0472	1.14313
5.0484	1.14346
5.0496	1.1438
5.0508	1.14414
5.052	1.14448
5.0532	1.14481
5.0544	1.14515
5.0556	1.14549
5.0568	1.14582
5.058	1.14616
5.0592	1.1465
5.0604	1.14684
5.0616	1.14717
5.0628	1.14751
5.064	1.14785
5.0652	1.14818
5.0664	1.14852
5.0676	1.14886
5.0688	1.14919
5.07	1.14953
5.0712	1.14987
5.0724	1.15021
5.0736	1.15054
5.0748	1.15088
5.076	1.15122
5.0772	1.15155
5.0784	1.15189
5.0796	1.15222
5.0808	1.15256
5.082	1.1529
5.0832	1.15323
5.0844	1.15357
5.0856	1.15391
5.0868	1.15424
5.088	1.15458
5.0892	1.15492
5.0904	1.15525
5.0916	1.15559
5.0928	1.15592
5.094	1.15626
5.0952	1.1566
5.0964	1.15693
5.0976	1.15727
5.0988	1.1576
5.1	1.15794
5.1012	1.15828
5.1024	1.15861
5.1036	1.15895
5.1048	1.15928
5.106	1.15962
5.1072	1.15995
5.1084	1.16029
5.1096	1.16062
5.1108	1.16096
5.112	1.1613
5.1132	1.16163
5.1144	1.16197
5.1156	1.1623
5.1168	1.16264
5.118	1.16297
5.1192	1.16331
5.1204	1.16364
5.1216	1.16398
5.1228	1.16431
5.124	1.16465
5.1252	1.16498
5.1264	1.16532
5.1276	1.16565
5.1288	1.16599
5.13	1.16632
5.1312	1.16666
5.1324	1.16699
5.1336	1.16733
5.1348	1.16766
5.136	1.168
5.1372	1.16833
5.1384	1.16866
5.1396	1.169
5.1408	1.16933
5.142	1.16967
5.1432	1.17
5.1444	1.17034
5.1456	1.17067
5.1468	1.17101
5.148	1.17134
5.1492	1.17167
5.1504	1.17201
5.1516	1.17234
5.1528	1.17268
5.154	1.17301
5.1552	1.17334
5.1564	1.17368
5.1576	1.17401
5.1588	1.17435
5.16	1.17468
5.1612	1.17501
5.1624	1.17535
5.1636	1.17568
5.1648	1.17601
5.166	1.17635
5.1672	1.17668
5.1684	1.17701
5.1696	1.17735
5.1708	1.17768
5.172	1.17801
5.1732	1.17835
5.1744	1.17868
5.1756	1.17901
5.1768	1.17935
5.178	1.17968
5.1792	1.18001
5.1804	1.18035
5.1816	1.18068
5.1828	1.18101
5.184	1.18135
5.1852	1.18168
5.1864	1.18201
5.1876	1.18234
5.1888	1.18268
5.19	1.18301
5.1912	1.18334
5.1924	1.18367
5.1936	1.18401
5.1948	1.18434
5.196	1.18467
5.1972	1.185
5.1984	1.18534
5.1996	1.18567
5.2008	1.186
5.202	1.18633
5.2032	1.18667
5.2044	1.187
5.2056	1.18733
5.2068	1.18766
5.208	1.18799
5.2092	1.18833
5.2104	1.18866
5.2116	1.18899
5.2128	1.18932
5.214	1.18965
5.2152	1.18999
5.2164	1.19032
5.2176	1.19065
5.2188	1.19098
5.22	1.19131
5.2212	1.19164
5.2224	1.19197
5.2236	1.19231
5.2248	1.19264
5.226	1.19297
5.2272	1.1933
5.2284	1.19363
5.2296	1.19396
5.2308	1.19429
5.232	1.19462
5.2332	1.19496
5.2344	1.19529
5.2356	1.19562
5.2368	1.19595
5.238	1.19628
5.2392	1.19661
5.2404	1.19694
5.2416	1.19727
5.2428	1.1976
5.244	1.19793
5.2452	1.19826
5.2464	1.19859
5.2476	1.19893
5.2488	1.19926
5.25	1.19959
5.2512	1.19992
5.2524	1.20025
5.2536	1.20058
5.2548	1.20091
5.256	1.20124
5.2572	1.20157
5.2584	1.2019
5.2596	1.20223
5.2608	1.20256
5.262	1.20289
5.2632	1.20322
5.2644	1.20355
5.2656	1.20388
5.2668	1.20421
5.268	1.20454
5.2692	1.20487
5.2704	1.2052
5.2716	1.20553
5.2728	1.20586
5.274	1.20619
5.2752	1.20652
5.2764	1.20684
5.2776	1.20717
5.2788	1.2075
5.28	1.20783
5.2812	1.20816
5.2824	1.20849
5.2836	1.20882
5.2848	1.20915
5.286	1.20948
5.2872	1.20981
5.2884	1.21014
5.2896	1.21047
5.2908	1.21079
5.292	1.21112
5.2932	1.21145
5.2944	1.21178
5.2956	1.21211
5.2968	1.21244
5.298	1.21277
5.2992	1.2131
5.3004	1.21342
5.3016	1.21375
5.3028	1.21408
5.304	1.21441
5.3052	1.21474
5.3064	1.21507
5.3076	1.21539
5.3088	1.21572
5.31	1.21605
5.3112	1.21638
5.3124	1.21671
5.3136	1.21703
5.3148	1.21736
5.316	1.21769
5.3172	1.21802
5.3184	1.21835
5.3196	1.21867
5.3208	1.219
5.322	1.21933
5.3232	1.21966
5.3244	1.21998
5.3256	1.22031
5.3268	1.22064
5.328	1.22097
5.3292	1.22129
5.3304	1.22162
5.3316	1.22195
5.3328	1.22228
5.334	1.2226
5.3352	1.22293
5.3364	1.22326
5.3376	1.22358
5.3388	1.22391
5.34	1.22424
5.3412	1.22456
5.3424	1.22489
5.3436	1.22522
5.3448	1.22554
5.346	1.22587
5.3472	1.2262
5.3484	1.22652
5.3496	1.22685
5.3508	1.22718
5.352	1.2275
5.3532	1.22783
5.3544	1.22816
5.3556	1.22848
5.3568	1.22881
5.358	1.22914
5.3592	1.22946
5.3604	1.22979
5.3616	1.23011
5.3628	1.23044
5.364	1.23077
5.3652	1.23109
5.3664	1.23142
5.3676	1.23174
5.3688	1.23207
5.37	1.2324
5.3712	1.23272
5.3724	1.23305
5.3736	1.23337
5.3748	1.2337
5.376	1.23402
5.3772	1.23435
5.3784	1.23467
5.3796	1.235
5.3808	1.23532
5.382	1.23565
5.3832	1.23597
5.3844	1.2363
5.3856	1.23662
5.3868	1.23695
5.388	1.23727
5.3892	1.2376
5.3904	1.23792
5.3916	1.23825
5.3928	1.23857
5.394	1.2389
5.3952	1.23922
5.3964	1.23955
5.3976	1.23987
5.3988	1.2402
5.4	1.24052
5.4012	1.24085
5.4024	1.24117
5.4036	1.24149
5.4048	1.24182
5.406	1.24214
5.4072	1.24247
5.4084	1.24279
5.4096	1.24312
5.4108	1.24344
5.412	1.24376
5.4132	1.24409
5.4144	1.24441
5.4156	1.24473
5.4168	1.24506
5.418	1.24538
5.4192	1.24571
5.4204	1.24603
5.4216	1.24635
5.4228	1.24668
5.424	1.247
5.4252	1.24732
5.4264	1.24765
5.4276	1.24797
5.4288	1.24829
5.43	1.24862
5.4312	1.24894
5.4324	1.24926
5.4336	1.24959
5.4348	1.24991
5.436	1.25023
5.4372	1.25055
5.4384	1.25088
5.4396	1.2512
5.4408	1.25152
5.442	1.25185
5.4432	1.25217
5.4444	1.25249
5.4456	1.25281
5.4468	1.25314
5.448	1.25346
5.4492	1.25378
5.4504	1.2541
5.4516	1.25443
5.4528	1.25475
5.454	1.25507
5.4552	1.25539
5.4564	1.25571
5.4576	1.25604
5.4588	1.25636
5.46	1.25668
5.4612	1.257
5.4624	1.25732
5.4636	1.25765
5.4648	1.25797
5.466	1.25829
5.4672	1.25861
5.4684	1.25893
5.4696	1.25925
5.4708	1.25957
5.472	1.2599
5.4732	1.26022
5.4744	1.26054
5.4756	1.26086
5.4768	1.26118
5.478	1.2615
5.4792	1.26182
5.4804	1.26214
5.4816	1.26247
5.4828	1.26279
5.484	1.26311
5.4852	1.26343
5.4864	1.26375
5.4876	1.26407
5.4888	1.26439
5.49	1.26471
5.4912	1.26503
5.4924	1.26535
5.4936	1.26567
5.4948	1.26599
5.496	1.26631
5.4972	1.26663
5.4984	1.26695
5.4996	1.26727
5.5008	1.26759
5.502	1.26791
5.5032	1.26823
5.5044	1.26855
5.5056	1.26887
5.5068	1.26919
5.508	1.26951
5.5092	1.26983
5.5104	1.27015
5.5116	1.27047
5.5128	1.27079
5.514	1.27111
5.5152	1.27143
5.5164	1.27175
5.5176	1.27207
5.5188	1.27239
5.52	1.27271
5.5212	1.27303
5.5224	1.27335
5.5236	1.27367
5.5248	1.27398
5.526	1.2743
5.5272	1.27462
5.5284	1.27494
5.5296	1.27526
5.5308	1.27558
5.532	1.2759
5.5332	1.27622
5.5344	1.27654
5.5356	1.27685
5.5368	1.27717
5.538	1.27749
5.5392	1.27781
5.5404	1.27813
5.5416	1.27845
5.5428	1.27876
5.544	1.27908
5.5452	1.2794
5.5464	1.27972
5.5476	1.28004
5.5488	1.28035
5.55	1.28067
5.5512	1.28099
5.5524	1.28131
5.5536	1.28163
5.5548	1.28194
5.556	1.28226
5.5572	1.28258
5.5584	1.2829
5.5596	1.28321
5.5608	1.28353
5.562	1.28385
5.5632	1.28417
5.5644	1.28448
5.5656	1.2848
5.5668	1.28512
5.568	1.28543
5.5692	1.28575
5.5704	1.28607
5.5716	1.28639
5.5728	1.2867
5.574	1.28702
5.5752	1.28734
5.5764	1.28765
5.5776	1.28797
5.5788	1.28829
5.58	1.2886
5.5812	1.28892
5.5824	1.28924
5.5836	1.28955
5.5848	1.28987
5.586	1.29018
5.5872	1.2905
5.5884	1.29082
5.5896	1.29113
5.5908	1.29145
5.592	1.29177
5.5932	1.29208
5.5944	1.2924
5.5956	1.29271
5.5968	1.29303
5.598	1.29334
5.5992	1.29366
5.6004	1.29398
5.6016	1.29429
5.6028	1.29461
5.604	1.29492
5.6052	1.29524
5.6064	1.29555
5.6076	1.29587
5.6088	1.29618
5.61	1.2965
5.6112	1.29681
5.6124	1.29713
5.6136	1.29744
5.6148	1.29776
5.616	1.29807
5.6172	1.29839
5.6184	1.2987
5.6196	1.29902
5.6208	1.29933
5.622	1.29965
5.6232	1.29996
5.6244	1.30028
5.6256	1.30059
5.6268	1.3009
5.628	1.30122
5.6292	1.30153
5.6304	1.30185
5.6316	1.30216
5.6328	1.30248
5.634	1.30279
5.6352	1.3031
5.6364	1.30342
5.6376	1.30373
5.6388	1.30405
5.64	1.30436
5.6412	1.30467
5.6424	1.30499
5.6436	1.3053
5.6448	1.30561
5.646	1.30593
5.6472	1.30624
5.6484	1.30655
5.6496	1.30687
5.6508	1.30718
5.652	1.30749
5.6532	1.30781
5.6544	1.30812
5.6556	1.30843
5.6568	1.30875
5.658	1.30906
5.6592	1.30937
5.6604	1.30968
5.6616	1.31
5.6628	1.31031
5.664	1.31062
5.6652	1.31093
5.6664	1.31125
5.6676	1.31156
5.6688	1.31187
5.67	1.31218
5.6712	1.3125
5.6724	1.31281
5.6736	1.31312
5.6748	1.31343
5.676	1.31375
5.6772	1.31406
5.6784	1.31437
5.6796	1.31468
5.6808	1.31499
5.682	1.3153
5.6832	1.31562
5.6844	1.31593
5.6856	1.31624
5.6868	1.31655
5.688	1.31686
5.6892	1.31717
5.6904	1.31749
5.6916	1.3178
5.6928	1.31811
5.694	1.31842
5.6952	1.31873
5.6964	1.31904
5.6976	1.31935
5.6988	1.31966
5.7	1.31997
5.7012	1.32028
5.7024	1.3206
5.7036	1.32091
5.7048	1.32122
5.706	1.32153
5.7072	1.32184
5.7084	1.32215
5.7096	1.32246
5.7108	1.32277
5.712	1.32308
5.7132	1.32339
5.7144	1.3237
5.7156	1.32401
5.7168	1.32432
5.718	1.32463
5.7192	1.32494
5.7204	1.32525
5.7216	1.32556
5.7228	1.32587
5.724	1.32618
5.7252	1.32649
5.7264	1.3268
5.7276	1.32711
5.7288	1.32742
5.73	1.32773
5.7312	1.32804
5.7324	1.32835
5.7336	1.32865
5.7348	1.32896
5.736	1.32927
5.7372	1.32958
5.7384	1.32989
5.7396	1.3302
5.7408	1.33051
5.742	1.33082
5.7432	1.33113
5.7444	1.33143
5.7456	1.33174
5.7468	1.33205
5.748	1.33236
5.7492	1.33267
5.7504	1.33298
5.7516	1.33329
5.7528	1.33359
5.754	1.3339
5.7552	1.33421
5.7564	1.33452
5.7576	1.33483
5.7588	1.33513
5.76	1.33544
5.7612	1.33575
5.7624	1.33606
5.7636	1.33637
5.7648	1.33667
5.766	1.33698
5.7672	1.33729
5.7684	1.3376
5.7696	1.3379
5.7708	1.33821
5.772	1.33852
5.7732	1.33883
5.7744	1.33913
5.7756	1.33944
5.7768	1.33975
5.778	1.34005
5.7792	1.34036
5.7804	1.34067
5.7816	1.34098
5.7828	1.34128
5.784	1.34159
5.7852	1.3419
5.7864	1.3422
5.7876	1.34251
5.7888	1.34281
5.79	1.34312
5.7912	1.34343
5.7924	1.34373
5.7936	1.34404
5.7948	1.34435
5.796	1.34465
5.7972	1.34496
5.7984	1.34526
5.7996	1.34557
5.8008	1.34588
5.802	1.34618
5.8032	1.34649
5.8044	1.34679
5.8056	1.3471
5.8068	1.3474
5.808	1.34771
5.8092	1.34802
5.8104	1.34832
5.8116	1.34863
5.8128	1.34893
5.814	1.34924
5.8152	1.34954
5.8164	1.34985
5.8176	1.35015
5.8188	1.35046
5.82	1.35076
5.8212	1.35107
5.8224	1.35137
5.8236	1.35168
5.8248	1.35198
5.826	1.35229
5.8272	1.35259
5.8284	1.35289
5.8296	1.3532
5.8308	1.3535
5.832	1.35381
5.8332	1.35411
5.8344	1.35442
5.8356	1.35472
5.8368	1.35502
5.838	1.35533
5.8392	1.35563
5.8404	1.35594
5.8416	1.35624
5.8428	1.35654
5.844	1.35685
5.8452	1.35715
5.8464	1.35745
5.8476	1.35776
5.8488	1.35806
5.85	1.35837
5.8512	1.35867
5.8524	1.35897
5.8536	1.35927
5.8548	1.35958
5.856	1.35988
5.8572	1.36018
5.8584	1.36049
5.8596	1.36079
5.8608	1.36109
5.862	1.3614
5.8632	1.3617
5.8644	1.362
5.8656	1.3623
5.8668	1.36261
5.868	1.36291
5.8692	1.36321
5.8704	1.36351
5.8716	1.36382
5.8728	1.36412
5.874	1.36442
5.8752	1.36472
5.8764	1.36502
5.8776	1.36533
5.8788	1.36563
5.88	1.36593
5.8812	1.36623
5.8824	1.36653
5.8836	1.36683
5.8848	1.36714
5.886	1.36744
5.8872	1.36774
5.8884	1.36804
5.8896	1.36834
5.8908	1.36864
5.892	1.36894
5.8932	1.36925
5.8944	1.36955
5.8956	1.36985
5.8968	1.37015
5.898	1.37045
5.8992	1.37075
5.9004	1.37105
5.9016	1.37135
5.9028	1.37165
5.904	1.37195
5.9052	1.37225
5.9064	1.37255
5.9076	1.37285
5.9088	1.37315
5.91	1.37345
5.9112	1.37376
5.9124	1.37406
5.9136	1.37436
5.9148	1.37466
5.916	1.37496
5.9172	1.37526
5.9184	1.37555
5.9196	1.37585
5.9208	1.37615
5.922	1.37645
5.9232	1.37675
5.9244	1.37705
5.9256	1.37735
5.9268	1.37765
5.928	1.37795
5.9292	1.37825
5.9304	1.37855
5.9316	1.37885
5.9328	1.37915
5.934	1.37945
5.9352	1.37975
5.9364	1.38004
5.9376	1.38034
5.9388	1.38064
5.94	1.38094
5.9412	1.38124
5.9424	1.38154
5.9436	1.38184
5.9448	1.38214
5.946	1.38243
5.9472	1.38273
5.9484	1.38303
5.9496	1.38333
5.9508	1.38363
5.952	1.38392
5.9532	1.38422
5.9544	1.38452
5.9556	1.38482
5.9568	1.38512
5.958	1.38541
5.9592	1.38571
5.9604	1.38601
5.9616	1.38631
5.9628	1.3866
5.964	1.3869
5.9652	1.3872
5.9664	1.3875
5.9676	1.38779
5.9688	1.38809
5.97	1.38839
5.9712	1.38868
5.9724	1.38898
5.9736	1.38928
5.9748	1.38958
5.976	1.38987
5.9772	1.39017
5.9784	1.39047
5.9796	1.39076
5.9808	1.39106
5.982	1.39135
5.9832	1.39165
5.9844	1.39195
5.9856	1.39224
5.9868	1.39254
5.988	1.39284
5.9892	1.39313
5.9904	1.39343
5.9916	1.39372
5.9928	1.39402
5.994	1.39432
5.9952	1.39461
5.9964	1.39491
5.9976	1.3952
5.9988	1.3955
6	1.39579
