1.8432278434 -1 -0.318732270694 2.6567898994
2.68771619993 -1 -1.86308949667 4.29927904458
2.62338254656 -1 -1.8026296959 4.21556124623
2.31646863451 -1 -1.38436404776 3.72216824477
2.67432180343 -1 -1.85127910616 4.28241174346
2.33512630927 -1 -1.41591922696 3.75659934285
2.45692219066 -1 -1.60241648012 3.96724954493
2.48579163325 -1 -1.64166590414 4.01359170892
2.6958551585 -1 -1.87006624859 4.30938368295
2.69564571163 -1 -1.86988860224 4.30912502174
1.77034980863 -1 -0.109276294899 2.45988803276
2.66057751736 -1 -1.8387351787 4.26479609828
4.95214355654 -1 1.5282284239 3.16796246679
3.86460737381 -1 -1.3045895738 4.62559306304
4.74061891974 -1 0.91072152394 3.52380114649
3.50917349196 -1 -1.80595835729 4.76792767059
4.29252480971 -1 -0.344426649027 4.19182978323
3.35515579443 -1 -1.93380488779 4.76486949566
3.74541780764 -1 -1.50480135467 4.69655376857
4.77799374177 -1 1.01999140094 3.46207663468
3.1095014817 -1 -2.02584223338 4.67899010424
2.91838323924 -1 -2.00232937283 4.54330728425
4.06048175063 -1 -0.906980976359 4.45902992832
3.7958269861 -1 -1.42407595612 4.66940264584
4.93968670624 -1 1.49209278447 3.18926220083
4.09872665573 -1 -0.820366242892 4.41980150689
3.30681810541 -1 -1.96278326943 4.75583983241
4.41324078412 -1 -0.0223236970992 4.02831714066
3.10046009441 -1 -2.0266057203 4.67392942085
4.47384897271 -1 0.145085535495 3.94096043836
4.84278164209 -1 1.20954717608 3.35374106631
4.86980348937 -1 1.28852538164 3.30812964595
3.99224726142 -1 -1.05461360653 4.52379250131
4.06481103895 -1 -0.897311247446 4.45469243935
4.17213240669 -1 -0.646956630452 4.33895721284
4.74758805855 -1 0.931083685616 3.51233918266
2.84993723142 -1 -1.97366460418 4.48005713939
2.84523511219 -1 -1.97130346287 4.47542819917
4.38290225652 -1 -0.104799577304 4.07078248074
4.90475650132 -1 1.3904974169 3.24882258284
4.62550909515 -1 0.576158577258 3.7094633618
4.7693947062 -1 0.994838186738 3.47633222386
4.66478438705 -1 0.689834164638 3.64694830013
2.80088896053 -1 -1.94655683888 4.42997769733
4.31522130383 -1 -0.285166410906 4.16223453421
4.75487239004 -1 0.952374129086 3.50033496064
5.03611341519 -1 1.77005790137 3.02382028409
3.44469822014 -1 -1.86605626893 4.77141053045
4.677983901 -1 0.728166993277 3.6257346636
3.33652743523 -1 -1.94560318948 4.76184624498
4.41314584327 -1 -0.0225832465518 4.0284513857
5.03494625858 -1 1.76672136641 3.0258283923
4.74506638394 -1 0.923715112105 3.51648912018
4.71737673187 -1 0.8428742585 3.56185939097
4.51181607505 -1 0.251549535756 3.8846373638
4.77550989365 -1 1.0127252783 3.46619759743
4.31926538597 -1 -0.274539897198 4.15690305894
5.05314378588 -1 1.81864963648 2.99451196683
4.69921024024 -1 0.789924171743 3.59141831295
4.43986026508 -1 0.0507909974754 3.9903515225
3.40645287465 -1 -1.89722854743 4.77023531584
4.83072181197 -1 1.17427323442 3.37402217156
4.87054211528 -1 1.29068272789 3.30687980314
4.45029994101 -1 0.0796454448346 3.97528807901
3.5278124682 -1 -1.78681959115 4.76564272448
4.07939760334 -1 -0.864475379335 4.43988319463
4.66001595995 -1 0.676000859599 3.65458737651
3.89462669181 -1 -1.24905997948 4.60402536095
3.33763982571 -1 -1.9449208573 4.7620428533
4.26152573381 -1 -0.424285929482 4.23133344547
4.68246782805 -1 0.741201688175 3.61850603685
4.85708097103 -1 1.25135265477 3.32963248907
5.05021291877 -1 1.8102998026 2.99955665684
4.72463768065 -1 0.864058827599 3.54999816693
5.04862711014 -1 1.80577971815 3.00228607167
4.1651354135 -1 -0.663871705798 4.34696656783
4.39237409018 -1 -0.0791518081477 4.05761881191
4.90477406205 -1 1.39054857962 3.24879270792
4.26941768024 -1 -0.404076544212 4.22137885237
4.06814035323 -1 -0.88985125376 4.45133872658
4.37044857715 -1 -0.138376301762 4.08795733542
3.58974682911 -1 -1.71753825104 4.75393313482
4.69224972678 -1 0.769658551139 3.60269814834
4.8181252001 -1 1.13741884576 3.39515265082
4.39338380915 -1 -0.0764121692518 4.05621044085
4.81067081713 -1 1.11560628076 3.40763038811
3.97441749826 -1 -1.09165261779 4.53956652644
3.8703872649 -1 -1.2940575996 4.62155602478
4.15898725633 -1 -0.678669687978 4.35395265537
4.89777243435 -1 1.37014345345 3.26069819025
3.05192664923 -1 -2.02752002642 4.64445871137
3.06671367828 -1 -2.02781006507 4.65384945545
3.04759783229 -1 -2.02734082917 4.64164135574
3.47079374606 -1 -1.84287364833 4.77082718127
3.77538044454 -1 -1.45751718165 4.68092088851
4.32287187686 -1 -0.265046366073 4.15213383273
4.98076777131 -1 1.61103576445 3.11892136398
3.02880159727 -1 -2.02606744639 4.62904945685
4.87110458255 -1 1.29232549631 3.30592793655
4.4282846582 -1 0.018914008785 4.00694027598
4.89694446069 -1 1.36772967297 3.26210526866
3.9651561036 -1 -1.110630503 4.54756671162
4.75757192264 -1 0.96026596822 3.4958801739
4.44252800522 -1 0.0581550208299 3.986511415
4.85445356758 -1 1.2436730207 3.33406709088
3.51126158448 -1 -1.80385365404 4.7677002046
5.07008545199 -1 1.86680751639 2.96534740327
4.46311322129 -1 0.115192876265 3.95666921639
4.70439852351 -1 0.805038291897 3.58299379697
4.39368663008 -1 -0.0755903288623 4.0557878714
4.29215628116 -1 -0.345383471952 4.19230570261
4.79922951419 -1 1.08212596459 3.42674140477
3.76998693964 -1 -1.46617969177 4.68384425389
4.96015642328 -1 1.5514423361 3.15424708211
4.90524153632 -1 1.39191052462 3.2479973974
4.20217433625 -1 -0.5734554941 4.30386922884
4.75138104467 -1 0.942168841617 3.50609153807
4.5442577832 -1 0.343366180801 3.83560472141
4.04593874218 -1 -0.939205274785 4.4734043156
4.59923532825 -1 0.500491663486 3.75074528821
4.61365989188 -1 0.541992379114 3.72813657261
3.14177250774 -1 -2.0215980166 4.69595306362
4.38487781601 -1 -0.0994579591872 4.06804406534
4.04715688756 -1 -0.936521518588 4.47221196273
4.63651373874 -1 0.607946219343 3.69204165563
4.63565791097 -1 0.605472227571 3.6933992352
5.06681068638 -1 1.85751339802 2.97098518352
4.86604574394 -1 1.27754854228 3.31448574993
3.75623792631 -1 -1.48796208863 4.69107929932
3.53076166355 -1 -1.78371876782 4.76522865624
4.06534562495 -1 -0.896114790322 4.45415499408
4.4856566048 -1 0.178073385899 3.92357096016
4.00642707744 -1 -1.02469177313 4.51090212944
4.88529190834 -1 1.33374275925 3.28188933443
4.372560093 -1 -0.132695182561 4.08505607588
4.05980842471 -1 -0.908481739152 4.45970213306
4.97971755713 -1 1.60800368003 3.12072278775
3.35191143561 -1 -1.93591658014 4.7643841371
4.55464841477 -1 0.372923603556 3.81973206717
5.03155104457 -1 1.75701101787 3.03166945716
4.82204901781 -1 1.14889975307 3.38857656064
4.57315669334 -1 0.425738932503 3.79126451784
4.47977230289 -1 0.161619734886 3.93225152931
3.8075555481 -1 -1.40446337311 4.66248420508
2.77642195416 -1 -1.93098496416 4.40351233911
3.54714501159 -1 -1.7661321903 4.76266711654
4.69796585585 -1 0.786300167531 3.59343678666
5.05685556249 -1 1.82921647382 2.98812277732
4.71508019002 -1 0.836176209886 3.56560545131
4.53109916846 -1 0.306036693322 3.85559003095
4.29982907088 -1 -0.325426385706 4.18236632615
2.82161402402 -1 -1.95867993854 4.45162276479
4.54982864272 -1 0.359204562569 3.82710462358
4.83370479952 -1 1.18299929501 3.36901021034
3.47430388468 -1 -1.83963691403 4.77066297796
4.99075935027 -1 1.63985755422 3.10177581144
4.43976336983 -1 0.0505236507339 3.9904908801
5.01450120593 -1 1.70815029171 3.06098990899
4.6852649798 -1 0.749336091158 3.61399107098
4.17382950899 -1 -0.64284213925 4.33700519247
3.57774043944 -1 -1.7316519632 4.75669768073
4.77161136514 -1 1.00132162886 3.47266041987
3.70990932552 -1 -1.55818843065 4.71316217376
4.47102261252 -1 0.137206379932 3.94510553618
3.71842160709 -1 -1.54565204748 4.70937030843
4.91827398211 -1 1.4298560138 3.22580492485
4.1810533603 -1 -0.625277441399 4.32865556692
5.09235591967 -1 1.92981798606 2.92700745672
4.68882723661 -1 0.75969887997 3.6082349295
4.2032098471 -1 -0.570897190456 4.30263984479
3.80605799408 -1 -1.40698505175 4.66338022239
5.04668766614 -1 1.80024954713 3.00562401823
4.58658367556 -1 0.464179911861 3.77046087294
4.98934034515 -1 1.63576708657 3.10421157782
3.11363412366 -1 -2.02543122151 4.68125832684
4.14293868056 -1 -0.717005862961 4.37195853721
4.55052813137 -1 0.361194676573 3.82603571111
3.48896379661 -1 -1.82581533854 4.76975742897
4.96855477097 -1 1.57574585791 3.13986076701
4.45922187577 -1 0.104382093321 3.96233874926
4.99052439823 -1 1.63918033958 3.10217913051
3.5949991145 -1 -1.71126081136 4.75264897721
4.94744983799 -1 1.51461912435 3.17599146069
2.86424727594 -1 -1.98054029805 4.49392001721
4.70995898484 -1 0.821244105 3.57394940231
5.0965241057 -1 1.94157193009 2.91983253905
4.39130363436 -1 -0.0820550871205 4.05911083223
4.18735627123 -1 -0.609885020691 4.32131686693
4.27627394858 -1 -0.386451104628 4.21267339948
4.03793743932 -1 -0.956762643903 4.48118278321
3.91619468167 -1 -1.20789758185 4.58761265172
3.98897609924 -1 -1.0614581702 4.52672294609
4.64800255727 -1 0.641186925874 3.67377388984
5.06387632979 -1 1.84917935573 2.97603681627
3.03939363638 -1 -2.02688404114 4.63621692728
4.98493316109 -1 1.62305683474 3.11177508144
4.01308960822 -1 -1.01049265573 4.50474102346
3.51791720477 -1 -1.79707877711 4.76692716372
2.83820738572 -1 -1.96768060031 4.46844183504
5.0791647878 -1 1.89253769496 2.94971632859
4.18993663854 -1 -0.603565620104 4.31829814799
5.06693710801 -1 1.85787232794 2.97076754022
4.21428494153 -1 -0.543434374015 4.28940942888
3.18230002403 -1 -2.01290609089 4.71482186807
4.92911099962 -1 1.4613722213 3.20732234494
4.66753301762 -1 0.697811640724 3.64253899924
4.96173281846 -1 1.55600634289 3.15154757045
4.86353319223 -1 1.27020782663 3.31873334114
4.32845814788 -1 -0.250310269769 4.14471944583
3.44119637405 -1 -1.86904912148 4.77140330219
3.40553697876 -1 -1.89793418806 4.77017758031
2.79288973227 -1 -1.9416158816 4.42143380896
3.75742376057 -1 -1.48610036131 4.69046757726
3.86327547457 -1 -1.30700573427 4.62651553018
3.93013256905 -1 -1.18074185536 4.57660274431
2.99775736577 -1 -2.02220124492 4.60697590516
4.66634788083 -1 0.694371642355 3.6444407051
4.69572376417 -1 0.779771601291 3.59707153574
4.80797928494 -1 1.10773019622 3.41213064807
4.00234540239 -1 -1.03334655727 4.51464373832
4.61015499787 -1 0.531899027239 3.73364261999
4.86399945677 -1 1.27157014624 3.31794523927
4.95008773073 -1 1.52226861473 3.17147960379
4.47058007352 -1 0.135973302207 3.94575394455
3.61776138349 -1 -1.68332913314 4.7465576196
4.32542900103 -1 -0.258305566095 4.14874396187
3.79815603879 -1 -1.42020624325 4.66804684627
4.23713353144 -1 -0.486204614886 4.26164795929
4.50267712967 -1 0.225820675948 3.89830181919
3.3694538057 -1 -1.92421277681 4.76680155604
3.3131140677 -1 -1.9593104585 4.75723431983
4.2371439948 -1 -0.486178233694 4.26163510411
3.52359962437 -1 -1.7912146506 4.76620931644
5.07234399995 -1 1.87321331855 2.96145907852
3.98352280311 -1 -1.07281970004 4.53157193385
4.14785201134 -1 -0.705314206905 4.3664815081
4.26984015933 -1 -0.402992298511 4.22084396058
4.25376030421 -1 -0.444088206605 4.24105900754
4.27577006229 -1 -0.387748586351 4.21331498823
3.80477539689 -1 -1.40914070901 4.66414468474
4.83574352625 -1 1.1889627527 3.36558304126
4.22527235766 -1 -0.516008779323 4.27613724265
5.01485128822 -1 1.70915513746 3.06038810078
4.65587868465 -1 0.664005214558 3.6612046073
5.06314030354 -1 1.84708803578 2.97730390007
4.0136194529 -1 -1.00935964725 4.50424820817
4.76894829399 -1 0.993532539384 3.47707143256
4.55031186996 -1 0.360579358179 3.82636622606
4.44568288891 -1 0.0668721194617 3.98196192689
2.87842567569 -1 -1.98689248326 4.50732212032
3.52574461775 -1 -1.78898193526 4.76592449233
3.89912847905 -1 -1.24055551298 4.60066278942
3.45981080518 -1 -1.85281975189 4.77120963584
3.5188040559 -1 -1.79616841323 4.76681863859
4.96029415244 -1 1.55184113113 3.15401124252
3.59149578805 -1 -1.71545490763 4.75351057813
4.33143200954 -1 -0.242450195478 4.14075902289
4.9169373401 -1 1.42596638266 3.22808281765
3.37171981058 -1 -1.92264981237 4.76707679003
3.95334292859 -1 -1.13457384122 4.55757702159
5.02677933849 -1 1.74335272975 3.03987740883
4.37883228432 -1 -0.115791093929 4.07641208949
3.08083304238 -1 -2.02762194412 4.66247946333
4.03560800673 -1 -0.96185097045 4.48342984982
4.12292046525 -1 -0.764221752151 4.39394501143
4.88489032755 -1 1.33257095237 3.2825705183
5.83555145904 -1 3.65342463176 1.75040381006
5.8459318366 -1 3.66973533153 1.73680443248
5.51592509346 -1 3.02774091867 2.21782422162
5.46151256188 -1 2.90069239704 2.30495822124
5.82768100582 -1 3.64087084136 1.76079169288
6.53835171933 -1 3.98967063354 1.16577639009
5.98179396823 -1 3.85607154768 1.57014610735
5.1444603585 -1 2.07578119418 2.8373804196
7.40105215426 -1 2.37618663901 1.41455623052
5.51499850523 -1 3.02562074096 2.21929332751
7.30888828898 -1 2.62253243176 1.34815151273
6.17687308601 -1 4.02616620429 1.37283630658
7.38275282967 -1 2.42609680217 1.4007587641
6.24486736972 -1 4.05545121724 1.31736814838
6.60556513291 -1 3.93317623676 1.15038356405
7.1342361113 -1 3.05080255162 1.24491086208
5.85932618451 -1 3.69036322172 1.71942898791
5.55869086653 -1 3.12388586471 2.15061559905
5.24279160844 -1 2.34460579764 2.66911658217
6.78207100077 -1 3.71956112451 1.14133169217
5.59524373201 -1 3.20331236104 2.09415092382
5.58745191302 -1 3.18660070415 2.10610775596
7.26771712926 -1 2.72830029249 1.32105609114
7.37711236308 -1 2.44138443275 1.39656595397
5.22111848428 -1 2.28618961156 2.70605461305
5.98692286099 -1 3.86207196719 1.56429279964
6.3500290213 -1 4.06748348289 1.24664665917
5.36370645105 -1 2.66025498061 2.46546813055
6.29601333221 -1 4.06645504274 1.2806245458
6.5507556313 -1 3.98033272804 1.16241991072
6.93157510598 -1 3.47157615494 1.16676662229
6.22731672217 -1 4.04946837968 1.33097624528
6.61689610231 -1 3.92224935505 1.14845634918
6.10574667931 -1 3.97842061451 1.43850602449
7.22808302073 -1 2.82742398299 1.29654137705
5.14450500768 -1 2.07590532408 2.83730370161
5.40915364263 -1 2.77380032103 2.39032276146
6.37530880747 -1 4.06427202525 1.23243751111
6.37818721345 -1 4.06375944595 1.2308872259
7.37931818754 -1 2.43541134515 1.39820225235
7.27823632267 -1 2.70154226603 1.32782302831
6.98568928457 -1 3.36816399046 1.18292291067
6.97833762583 -1 3.38261469675 1.18051976115
5.90749169587 -1 3.7605524281 1.65860414016
7.47827012672 -1 2.16058481804 1.47596168217
5.3521825649 -1 2.63099109248 2.4846606966
6.26952015547 -1 4.06196224561 1.29910947516
6.08397891343 -1 3.96044829852 1.46009024227
6.00400729051 -1 3.88149166049 1.54503932121
5.31069481227 -1 2.52414445102 2.55416921152
6.56088252745 -1 3.97234023837 1.15985399845
6.3677707619 -1 4.06547255364 1.23656274687
6.5078687967 -1 4.01048095912 1.17503315681
5.70493299322 -1 3.42516539087 1.93084137073
7.36612292044 -1 2.47103694562 1.38847907344
5.98160212528 -1 3.85584558822 1.57036569748
6.10922172357 -1 3.98114647703 1.4351233759
7.40912446236 -1 2.35402050653 1.42073642635
7.01285600757 -1 3.31369571158 1.19236164303
7.17895278612 -1 2.9464230362 1.26836193475
6.32989445581 -1 4.06836795281 1.25873203669
7.44942830809 -1 2.24202610307 1.4524355467
6.52499116253 -1 3.9991679347 1.16965643605
7.35272292251 -1 2.50695294512 1.37876632162
5.81733189065 -1 3.62412033005 1.77455056799
5.88157505016 -1 3.72356953533 1.69100550193
5.20295124722 -1 2.23684127641 2.73709224487
5.57084279918 -1 3.15057922222 2.13173998071
5.6585915176 -1 3.33457856709 1.99864553247
7.01178475288 -1 3.31587504864 1.19197292422
5.77580621564 -1 3.5541856914 1.83086457276
5.52437798413 -1 3.04701104017 2.20444683554
7.40039201055 -1 2.37799534807 1.4140533479
7.0849261335 -1 3.16132403152 1.22156263881
6.73227722003 -1 3.78895533681 1.13944000796
6.04755113669 -1 3.92696463313 1.49770505248
6.5119124018 -1 4.00789675779 1.17372226035
5.87470351668 -1 3.71345604872 1.699724955
6.9246316365 -1 3.48434157173 1.16495329151
5.21250120912 -1 2.26282453758 2.72076879146
6.12793210296 -1 3.99513747318 1.41721330879
5.89751291292 -1 3.74653159965 1.67098815705
5.15480188973 -1 2.10448568161 2.81961663145
5.28963891259 -1 2.46906505873 2.58967030724
5.91941992738 -1 3.77694864707 1.64395360858
6.23376232581 -1 4.05179476806 1.32592027065
6.08239902106 -1 3.95908404777 1.4616831126
6.49448109291 -1 4.01864826684 1.17955573472
6.38766118506 -1 4.06186180087 1.22588166334
7.33754145602 -1 2.54731787171 1.36796098847
6.82972236806 -1 3.64680649313 1.14628088206
5.9824508742 -1 3.85684444707 1.5693945448
6.94036610217 -1 3.45524755541 1.16914797845
6.00224882552 -1 3.87953338581 1.5470035861
6.1727213043 -1 4.02385162833 1.37645939285
6.3106029973 -1 4.06780581771 1.27095663026
5.3331572863 -1 2.58227826961 2.51645855081
6.65303694393 -1 3.88476357237 1.14357154974
6.02563295094 -1 3.9048053968 1.52121485206
5.45552155671 -1 2.88639661005 2.3146542328
5.24951252306 -1 2.36261650603 2.65768375749
5.63781321369 -1 3.29244439735 2.02962674873
5.26763867453 -1 2.41093586209 2.62690602964
5.19276904243 -1 2.2090368306 2.7545143695
5.12984090492 -1 2.03504671404 2.86250984564
6.62595358178 -1 3.91322959555 1.14705231059
5.14098681734 -1 2.06611911895 2.84334938063
6.98884806252 -1 3.36191686467 1.18397533748
6.07518607526 -1 3.95275355065 1.4690000745
6.82260440643 -1 3.65805922255 1.14534987821
6.96163076176 -1 3.4149890532 1.1753004675
7.4200550677 -1 2.32386259198 1.42919545926
5.46861750846 -1 2.91756911393 2.29348463883
5.131774238 -1 2.04044384492 2.85918559633
6.08470997567 -1 3.96107685176 1.45935437098
7.16374315269 -1 2.982356596 1.26014681993
7.44374342902 -1 2.2579534114 1.447880417
5.8381222262 -1 3.65749029741 1.74702505806
5.13426367858 -1 2.04738886427 2.85490559299
6.7884489056 -1 3.7101777232 1.14181805375
7.28756829495 -1 2.67765021727 1.3339163168
7.41836429901 -1 2.32853814238 1.42788022545
6.44300691686 -1 4.04440896999 1.1995836441
5.98223129087 -1 3.85658623335 1.56964570775
7.18425053022 -1 2.93380455021 1.27128045613
6.30848480767 -1 4.06765937324 1.27233759698
5.48068513666 -1 2.94603959628 2.27406114065
6.50373950394 -1 4.01306384345 1.17639817305
6.49836459073 -1 4.01634073283 1.17821491248
6.20529438694 -1 4.0403992085 1.34875554739
6.86644220109 -1 3.5866574785 1.15213604157
6.36463197894 -1 4.06591174874 1.23830839395
6.01597974157 -1 3.8945751266 1.5317732847
6.18650053745 -1 4.03130352499 1.36453761123
5.64079159541 -1 3.29854020235 2.02516463484
7.28698870759 -1 2.67913827933 1.3335354223
7.29417405379 -1 2.66065140006 1.33828037222
6.97245771607 -1 3.3940827138 1.1786444268
6.25788851175 -1 4.05916771256 1.30759854303
5.92878886727 -1 3.7895465917 1.63256460794
6.53473369442 -1 3.99230011993 1.16679992544
5.55067344148 -1 3.10612038766 2.1631241317
6.8329208137 -1 3.64170667372 1.14672093929
7.05512642327 -1 3.22568231775 1.20876680808
6.68724500863 -1 3.84565882513 1.14069334691
7.02597598529 -1 3.28679754039 1.19723150552
6.37693436934 -1 4.06398622118 1.23156030566
5.73224415705 -1 3.47628393742 1.89176170039
6.76158874534 -1 3.74894108191 1.14014251102
5.53515132274 -1 3.07138280527 2.18746259124
5.40844463083 -1 2.77205250766 2.3914879926
5.5953921865 -1 3.20362958975 2.09392354326
5.86780474176 -1 3.70317424936 1.70853230091
6.01204391164 -1 3.89032217483 1.53611359352
6.36908796812 -1 4.06527759963 1.23583507384
5.92408278405 -1 3.78324954112 1.63827230278
6.4904806887 -1 4.02097240261 1.18096169787
7.12948636992 -1 3.0616612707 1.24254587214
5.38819942533 -1 2.72182547729 2.42485746503
6.12536653062 -1 3.99328778117 1.41963873347
6.24569895076 -1 4.05570703742 1.31673586599
7.0238620703 -1 3.29115721075 1.19643326629
6.44623856772 -1 4.04305855598 1.19820179328
5.78503761662 -1 3.570104142 1.81819545044
6.46012105999 -1 4.03684779619 1.19245636073
5.19422369733 -1 2.21301532658 2.75202431884
5.65660163602 -1 3.33058341122 2.00159740422
5.19566939646 -1 2.21696726577 2.749549949
5.23335046805 -1 2.31922119588 2.68519459526
5.69813546706 -1 3.41217708343 1.94067160967
6.99493662133 -1 3.3498112096 1.18603747033
6.24612654866 -1 4.05583760141 1.31641118962
5.11843278395 -1 2.00313766187 2.88213092669
6.38855446163 -1 4.06166625953 1.22541736514
5.4834903899 -1 2.95262244567 2.26955772276
6.97142563663 -1 3.39608738655 1.17831955312
7.19841262055 -1 2.89981639691 1.27922589576
5.69226676606 -1 3.40087970555 1.94919115685
5.16833534265 -1 2.14190650264 2.7963883472
5.56058535192 -1 3.12806595933 2.14766623073
6.5660925968 -1 3.96809992602 1.15859469002
7.48736153645 -1 2.13469861179 1.48351966016
6.90517782667 -1 3.51948217017 1.16019265153
7.39622707893 -1 2.38939265117 1.41088943702
7.19968421473 -1 2.89674656206 1.27994947693
6.89945613216 -1 3.52964069097 1.15888277387
5.69454585956 -1 3.4052761991 1.9458790546
6.0268696008 -1 3.90609528161 1.51987119615
6.15052715906 -1 4.01047418333 1.39627539511
7.31453490728 -1 2.60781210003 1.35199426
7.05104131143 -1 3.23435787695 1.2070913229
6.97802365513 -1 3.38322907775 1.18041857238
6.26779558358 -1 4.06157938028 1.3003538382
5.51235383903 -1 3.01956087574 2.22348935926
6.15172175104 -1 4.01123704675 1.39518972909
5.13496165677 -1 2.04933515304 2.85370567624
5.90770783533 -1 3.76085306173 1.65833718618
7.08838164437 -1 3.15374066014 1.22311115286
6.28639589414 -1 4.0651268784 1.28719712394
7.18257678182 -1 2.93779685468 1.27035521806
5.77586990707 -1 3.55429623726 1.83077687451
5.8696174669 -1 3.70588829686 1.70621292935
6.46107913661 -1 4.03639474709 1.19207122966
6.50631841937 -1 4.01145737642 1.17554253998
6.49941227932 -1 4.01570956433 1.17785723889
5.88977452304 -1 3.73546954735 1.68067099638
6.04004002538 -1 3.91953921224 1.50568846112
5.63921356924 -1 3.29531280887 2.02752790674
5.23916205939 -1 2.33485850158 2.67529519034
5.84026813151 -1 3.66087085188 1.74421012145
6.36789590484 -1 4.06545430212 1.23649348893
6.21868954853 -1 4.04612141593 1.33784857654
5.1045882881 -1 1.96427572531 2.90595280862
7.43258167383 -1 2.2891022251 1.43901647471
5.80379918721 -1 3.60180463514 1.79271009783
6.97410626681 -1 3.39087550216 1.17916601503
6.89777255764 -1 3.53261434197 1.15850520896
5.71124916662 -1 3.43713990605 1.921743853
6.54440740527 -1 3.9851741551 1.16410826459
7.05592439848 -1 3.22398347673 1.2090963211
5.97462379411 -1 3.84755212738 1.57838510154
5.33750372734 -1 2.59345019758 2.50918223108
5.9541461695 -1 3.82238883238 1.60227097881
6.30587663264 -1 4.06745591671 1.2740485739
7.09287836759 -1 3.14383525327 1.22514623712
6.91078028133 -1 3.50945711339 1.16151511766
7.37870311364 -1 2.43707759307 1.39774554736
6.60868355736 -1 3.93020874599 1.14983418499
5.8634048844 -1 3.69655007075 1.71417708845
5.96297993054 -1 3.8333943232 1.59190276408
6.29990406872 -1 4.06689363042 1.27801058517
6.79405025138 -1 3.70184561189 1.14229038086
6.16112457687 -1 4.01707203582 1.38671978286
6.6583641203 -1 3.87890321888 1.14301255826
5.93850988888 -1 3.80235481286 1.62085884387
6.54646376477 -1 3.9836201785 1.16355460613
6.82428607785 -1 3.65541274039 1.14556380918
5.43804356916 -1 2.84435557245 2.34304953787
5.53465709884 -1 3.07026941566 2.18824011145
6.75749776584 -1 3.75467028109 1.13997349845
6.06070967008 -1 3.93954604561 1.48390515124
5.61790465471 -1 3.25122218756 2.05963128663
5.1783961222 -1 2.16961648786 2.77913575988
5.71640802895 -1 3.44685265911 1.91433969233
6.1298589647 -1 3.9965122319 1.41539810107
5.51122881666 -1 3.01697926205 2.22527562487
5.12577761878 -1 2.02369357665 2.86949734392
7.12738085499 -1 3.06646054282 1.24150532697
5.46714480198 -1 2.91407784385 2.29586059728
7.43381935783 -1 2.28565635937 1.43999413583
6.23892247809 -1 4.05354929939 1.32192130827
6.36741271145 -1 4.06552446003 1.23676104727
6.35194187745 -1 4.06732192287 1.24553406247
7.26314045773 -1 2.7398840865 1.31814575601
6.71451275423 -1 3.81202253034 1.13959402254
5.86741546565 -1 3.70259026755 1.70903085479
5.38044655667 -1 2.70243011916 2.43768459234
5.1831250394 -1 2.18260829317 2.77103142479
5.96398997107 -1 3.83463818306 1.59072345533
5.23171445184 -1 2.31481253471 2.68798273368
5.22203716399 -1 2.2886759621 2.70448683016
6.86647766532 -1 3.58659770715 1.15214254138
7.01431581578 -1 3.31072178293 1.19289352427
6.8198919147 -1 3.66231216443 1.14501268413
7.12498301129 -1 3.07191541396 1.24032618524
7.24980366819 -1 2.7734370542 1.30978259007
6.9281602142 -1 3.47786892004 1.16586733204
5.31973380583 -1 2.54761685242 2.5389733242
6.02396219737 -1 3.90305524154 1.52303341518
5.62593916202 -1 3.26795725909 2.04748536311
6.74355245008 -1 3.77384883494 1.13957000448
6.24305623965 -1 4.05488536588 1.3187491483
5.76252662795 -1 3.53092092263 1.84923616921
6.43945655421 -1 4.04585086749 1.20112116672
6.01486044003 -1 3.89337044926 1.53300553645
6.43405028267 -1 4.04796243467 1.20350148089
7.30500456761 -1 2.63262751087 1.34552603802
5.40410731546 -1 2.76134377366 2.39862129136
6.80678666615 -1 3.68258453797 1.14352090232
5.55907731481 -1 3.12473910001 2.15001377139
5.94273328454 -1 3.80783538456 1.61580877803
7.38590184951 -1 2.41754195881 1.40311192951
5.88374974565 -1 3.7267435565 1.68825709523
6.00076567098 -1 3.87787444168 1.54866344952
6.1602831635 -1 4.01656218362 1.38747224237
5.53130319924 -1 3.06270186507 2.19352066988
6.30596495124 -1 4.06746322426 1.27399044562
7.48462116993 -1 2.14251193774 1.48123441014
6.56279936449 -1 3.97079029689 1.15938589285
6.18083249056 -1 4.02831795538 1.369405939
5.52390593602 -1 3.0459383154 2.20519270971
5.10047422034 -1 1.95269910718 2.91303347882
5.70349851826 -1 3.42243319228 1.93291244924
5.13299705908 -1 2.0438559028 2.85708318225
6.18179839573 -1 4.02883462873 1.36857278316
6.28934624286 -1 4.06557118127 1.28516406434
5.40022656061 -1 2.75173814442 2.40501108388
7.16310456812 -1 2.98385568041 1.25980724778
7.38322497519 -1 2.42481504527 1.40111102053
7.28505956767 -1 2.68408727347 1.33226996326
6.48792981051 -1 4.02242632645 1.18187136865
6.33023787614 -1 4.06836541517 1.25852015613
7.22279502504 -1 2.84044181342 1.2933896083
5.38243356616 -1 2.70740939484 2.4343946018
5.30840235321 -1 2.51817474125 2.55802751165
5.86874972703 -1 3.70459020035 1.70732274075
6.53316897791 -1 3.99342408102 1.16724882612
6.10804602646 -1 3.98022869002 1.43626585354
5.46539495907 -1 2.90992486729 2.29868521915
5.35246232443 -1 2.63170370646 2.4841941479
7.16899227057 -1 2.97000479041 1.26295443581
7.22448686491 -1 2.83628229593 1.29439490316
5.79581659012 -1 3.58842431505 1.80351002429
6.98263759154 -1 3.37417760862 1.1819174936
6.3498776218 -1 4.06749569779 1.24673498212
5.18246647552 -1 2.18080028863 2.77215986015
6.56570483222 -1 3.96841850896 1.15868699611
6.16388300076 -1 4.01872649992 1.38426055361
6.67879166723 -1 3.8556451977 1.14124841061
6.92174733281 -1 3.4896099811 1.16421763278
7.24226428953 -1 2.79226950695 1.30513294239
7.00112551301 -1 3.33741972287 1.18817874728
5.81174867522 -1 3.61496983651 1.78201975473
7.33805999491 -1 2.54594495347 1.36832654725
5.80541762971 -1 3.60449790391 1.7905283779
6.37843052443 -1 4.0637147487 1.23075681137
6.78537798974 -1 3.71470960064 1.14157702438
6.48776101721 -1 4.02252176128 1.18193192382
5.35663043366 -1 2.64230802213 2.47724671208
6.01739413313 -1 3.89609192674 1.53021853232
7.09697771011 -1 3.1347688718 1.22702110655
7.39223936979 -1 2.40028211352 1.40787449187
7.04597514507 -1 3.24506700747 1.20504003238
5.93227448482 -1 3.79417010804 1.62835423863
6.28681671126 -1 4.0651922413 1.28690623649
5.4169308905 -1 2.7929217808 2.37755676679
5.64041951794 -1 3.29777969909 2.02572168476
5.32256584987 -1 2.55494931651 2.53421796275
6.033181339 -1 3.91260518082 1.51304520008
6.84026913206 -1 3.62988851899 1.14778277763
5.53644199522 -1 3.07428831337 2.185432831
5.44859387387 -1 2.86979224516 2.32589007007
6.54845004708 -1 3.98210615008 1.16302596427
7.40615804978 -1 2.36217662566 1.41845870057
7.46136555271 -1 2.2084460902 1.46208885088
5.93030288629 -1 3.79155910916 1.63073399201
5.29312646413 -1 2.47822616558 2.58378057625
6.26554065406 -1 4.06106221633 1.30198839275
5.81328369156 -1 3.61749353188 1.77996299667
5.37666771598 -1 2.6929448512 2.44394606794
7.3191873953 -1 2.59564544172 1.35518309737
6.84919215793 -1 3.61534866823 1.14916701211
6.56387548744 -1 3.96991498916 1.15912554232
5.58456925859 -1 3.18038762111 2.11054239765
6.52514778914 -1 3.99905998545 1.169609353
5.5630392638 -1 3.13347022305 2.14384957542
6.27911709316 -1 4.06389174188 1.29227612204
6.86489917555 -1 3.58925498448 1.15185480669
6.50948590023 -1 4.00945400706 1.17450584822
5.19447947222 -1 2.21371465854 2.75158652467
7.49592648711 -1 2.11021983482 1.49070141737
5.96091907711 -1 3.83084714918 1.59431293001
7.01661842449 -1 3.30602123564 1.1937375642
5.23374879973 -1 2.32029416356 2.68451583854
6.66900694294 -1 3.86694068354 1.14201855345
7.40663441582 -1 2.36086768286 1.41882395462
5.75975597958 -1 3.52601304048 1.85309078207
5.82924281965 -1 3.64337477089 1.75872509267
5.74380179099 -1 3.49739377539 1.87542941333
6.45175280301 -1 4.04067101407 1.19588267402
6.48898302856 -1 4.02182867673 1.18149453727
7.38725499795 -1 2.41386154466 1.40412580792
6.32293684492 -1 4.06832508684 1.26306782901
6.5493739593 -1 3.98139755397 1.16278212561
6.48322635952 -1 4.02504969615 1.18357557024
7.31410329933 -1 2.60893905815 1.35169946898
7.4882033622 -1 2.1322965729 1.4842229023
6.80072668199 -1 3.69180341341 1.14290836668
6.82844392566 -1 3.64883740891 1.14610874976
6.5139667296 -1 4.00656310082 1.17306602895
6.26934222929 -1 4.06192325309 1.29923762698
6.05639919767 -1 3.93548476594 1.48839948927
6.20568495275 -1 4.0405750536 1.34843348398
5.97162232017 -1 3.84394074629 1.58185329846
6.24487001667 -1 4.05545203551 1.31736613401
6.61590503855 -1 3.92322094345 1.14861732584
5.13938296258 -1 2.0616543368 2.8461058375
6.15808828837 -1 4.01522081477 1.38944015117
6.63269193406 -1 3.90635590928 1.14608607276
5.45578658567 -1 2.88703027477 2.31422489498
7.39739083758 -1 2.38621048543 1.41177195399
6.9000630918 -1 3.52856691144 1.15901977024
6.85704103209 -1 3.60238878662 1.15047020654
7.02766528773 -1 3.28330649042 1.19787314895
7.48630607531 -1 2.13770901882 1.48263876536
6.05053580003 -1 3.92986619868 1.49455406698
5.32459495385 -1 2.56019643835 2.5308125511
5.83401558369 -1 3.65098744197 1.75242577537
5.1534091117 -1 2.10062526566 2.82200836233
7.26900258708 -1 2.7250403764 1.32187721881
5.25669570544 -1 2.38180988661 2.64547681482
5.68977343115 -1 3.39605660583 1.95281976115
5.76630575538 -1 3.53758528944 1.84399047961
5.5869028869 -1 3.185418633 2.1069519115
5.35901573627 -1 2.64836572313 2.47327395439
6.46359058014 -1 4.03519223832 1.19106862548
5.42179072656 -1 2.80482299488 2.36959426407
5.83137354982 -1 3.64678062757 1.75590986584
5.22223581514 -1 2.28921348241 2.70414784272
6.8024737559 -1 3.68915576087 1.14307992841
6.08611183638 -1 3.96227731652 1.45794540836
6.18278054208 -1 4.02935666666 1.36772710475
6.36618837031 -1 4.06569843883 1.23744074493
5.85679000014 -1 3.68649383582 1.72270392407
6.58143411745 -1 3.95511098494 1.15512520492
6.60574611026 -1 3.93300484553 1.15035128605
5.36678809818 -1 2.66804895265 2.46034480132
5.26116374672 -1 2.39371879179 2.63789052563
6.52021247361 -1 4.00242268158 1.17111121022
7.24402871374 -1 2.78787101668 1.30621600782
6.23344884708 -1 4.05168508444 1.32616460487
6.12557079925 -1 3.99343585601 1.41944526732
6.56192520259 -1 3.97149859975 1.15959867698
6.49907095241 -1 4.01591559592 1.17797357652
6.21115624265 -1 4.04298166467 1.34394731232
6.13432161171 -1 3.99964851099 1.41121517766
7.39784018508 -1 2.38498128648 1.41211302861
5.46316440684 -1 2.90462360211 2.30228824053
6.3031524771 -1 4.06721611086 1.27584809357
7.31437554823 -1 2.60822823185 1.35188539624
7.21192249722 -1 2.86705063363 1.2869985913
6.35260926602 -1 4.06726240344 1.24514732841
5.7723708296 -1 3.54820836343 1.83560074155
5.76616708474 -1 3.53734135989 1.84418271953
6.49572568673 -1 4.01791424093 1.17912344632
6.71370994099 -1 3.81304362907 1.13961140768
5.73894777195 -1 3.48856631063 1.88227355906
6.02878226019 -1 3.90808098949 1.51779706198
5.96557583647 -1 3.83658514764 1.58887439127
7.30485268007 -1 2.63302182616 1.34542365037
5.14378131188 -1 2.07389315495 2.83854720827
5.93603365873 -1 3.7991177466 1.62382982361
7.34329615447 -1 2.53205830638 1.3720318687
6.10024107317 -1 3.97402086447 1.44390099708
5.90191260696 -1 3.75274743566 1.6655137292
5.5097455077 -1 3.01357203147 2.22763194781
6.96957444459 -1 3.39967687086 1.17774006359
6.00254419432 -1 3.87986296972 1.54667336766
6.56952583821 -1 3.96525825414 1.15778736007
5.7048084858 -1 3.4249284307 1.93102106105
6.46041226336 -1 4.03671042642 1.19233914668
6.25118501644 -1 4.05733166602 1.31259312407
5.77505862138 -1 3.55288738846 1.83189425144
7.24832257499 -1 2.77714440469 1.30886470793
7.42213665668 -1 2.31810096831 1.43081810009
5.4121820182 -1 2.78125704549 2.38534841353
5.97596851739 -1 3.84916148152 1.57683496499
6.77276218112 -1 3.73305697785 1.14072055335
6.6672444789 -1 3.86894505043 1.14217188503
6.67152151505 -1 3.86406498081 1.14180752057
6.47316036712 -1 4.03041277395 1.18734031842
7.41838729768 -1 2.3284745693 1.42789809932
6.64299465995 -1 3.89557838719 1.14473730319
6.16473228018 -1 4.01923063599 1.38350573254
5.17524459928 -1 2.16094653636 2.78453859387
6.14139111687 -1 4.00448004282 1.40464947023
5.9426703004 -1 3.80775402764 1.61588393109
6.08319102608 -1 3.95976895719 1.46088416008
6.88052491402 -1 3.5626712873 1.15484403267
6.81799580415 -1 3.66527351727 1.1447827532
6.37639557571 -1 4.06408200724 1.23185056956
5.41087879897 -1 2.77804986762 2.38748852515
5.36398738435 -1 2.66096606154 2.46500091063
7.16586290143 -1 2.97737488529 1.26127710938
6.14894602222 -1 4.00945702451 1.3977156729
7.10786721559 -1 3.11051778837 1.23209202554
6.99174352403 -1 3.35617046344 1.18495049452
5.90992850239 -1 3.76393430798 1.65559760445
6.05592465003 -1 3.93503406383 1.48889584534
7.20430630742 -1 2.88556317121 1.28259365668
7.46078038198 -1 2.21009643945 1.46161286518
7.28444666613 -1 2.68565832198 1.33186867096
6.05955350605 -1 3.93846248953 1.48510811338
7.25324548811 -1 2.76480718857 1.31192401572
5.48577251104 -1 2.95796776316 2.26589744282
5.28305684807 -1 2.45173478866 2.60079594369
6.57480174726 -1 3.96081815353 1.15658149443
5.82169896006 -1 3.63122216164 1.76873096248
6.62587074718 -1 3.91331322824 1.14706460359
7.03275342221 -1 3.27275361159 1.19982581287
5.82659473868 -1 3.63912560476 1.76223056728
5.1763087064 -1 2.16387497636 2.78271417656
6.4255975544 -1 4.0510597697 1.20731789386
6.31916897679 -1 4.06822670917 1.26545024184
5.94165492694 -1 3.80644089358 1.6170961474
7.49787544055 -1 2.10463742868 1.49234389947
6.89421771303 -1 3.5388700403 1.15771975005
6.07967218115 -1 3.95671047826 1.46444065352
5.6444712501 -1 3.30604544083 2.01966162987
5.90589602586 -1 3.7583289521 1.66057664164
6.3317075562 -1 4.06834961812 1.25761566565
5.93556018685 -1 3.79849680359 1.6243987397
5.80014683077 -1 3.59570246079 1.79764344724
7.18979974702 -1 2.92053098467 1.2743689345
6.63940881657 -1 3.89936611463 1.14518914205
5.68514721559 -1 3.38707092058 1.95956658877
6.92528256328 -1 3.48314981104 1.16512074449
6.81519637841 -1 3.66962822131 1.14445198544
6.17986250003 -1 4.02779583762 1.3702440764
6.79403324329 -1 3.70187104045 1.14228888286
6.66979403023 -1 3.86604258001 1.14195152103
7.4670899208 -1 2.1922789213 1.46676013561
5.80471649258 -1 3.60333194482 1.79147320711
6.13494312387 -1 4.0000800062 1.41063496941
5.36675115891 -1 2.66795560705 2.460406191
6.92695298082 -1 3.48008680154 1.16555287218
6.89424042035 -1 3.53883018047 1.15772471661
6.7918130706 -1 3.70518366636 1.14209667444
5.83600793446 -1 3.65414780341 1.74980334979
5.21370786216 -1 2.26610092571 2.71870752318
5.89334095195 -1 3.7405882042 1.67619987076
6.84275304913 -1 3.62586181498 1.14815768054
6.86110755829 -1 3.59561189768 1.15117677241
6.557600336 -1 3.97496680882 1.16066850936
6.28754081438 -1 4.06530316198 1.28640640962
7.02949451947 -1 3.27951918122 1.19857168635
5.36952687377 -1 2.67496444128 2.45579476876
6.3952027674 -1 4.06012126206 1.22200315857
7.39423201584 -1 2.39484348828 1.40937929435
5.83323620858 -1 3.64974835419 1.75345277697
7.1650183229 -1 2.97936079131 1.2608261942
6.48377205401 -1 4.02474915879 1.18337605805
6.63150667197 -1 3.90757504578 1.14625120216
6.91402230105 -1 3.50362061806 1.16229837425
5.95764372272 -1 3.82677339534 1.59815431752
5.93287030721 -1 3.79495698413 1.62763599077
7.01800082379 -1 3.30319353314 1.19424728016
6.74148487148 -1 3.77664585351 1.13953298998
5.11729713512 -1 1.99995549015 2.88408462155
5.96411300972 -1 3.83478950074 1.59057988415
6.72014923559 -1 3.80480132786 1.13949740282
6.31132601563 -1 4.0678519533 1.27048701256
6.48312715675 -1 4.02510422338 1.18361189045
5.99117927577 -1 3.86699209887 1.55946076374
6.42208362317 -1 4.05227385211 1.2089385516
5.62299113254 -1 3.2618322776 2.05193619762
5.12397572236 -1 2.0186546407 2.87259638664
6.35166409627 -1 4.06734621573 1.24569524987
6.38817933095 -1 4.06174872501 1.22561218614
6.90548462668 -1 3.518935181 1.16026405185
7.0206157438 -1 3.29783309174 1.1952175682
6.20374396104 -1 4.03969584325 1.35003642679
5.94301882193 -1 3.80820407173 1.61546813374
5.80871247881 -1 3.6099604528 1.78609510644
7.02054276595 -1 3.29798289814 1.19519038065
6.63932189522 -1 3.89945744491 1.14520032766
7.35931612807 -1 2.48931454399 1.38352486499
6.3742712147 -1 4.0644494674 1.232999726
6.0054184703 -1 3.88305642331 1.54346590217
7.49271643516 -1 2.1194045382 1.48800281926
5.28154596933 -1 2.44774930467 2.6033515751
5.221347958 -1 2.2868107514 2.70566298593
5.55801038816 -1 3.12238275271 2.15167557512
5.7591751332 -1 3.52498179128 1.85389981043
6.02384210479 -1 3.90292911074 1.52316427555
5.27601439852 -1 2.43313441877 2.6127137622
6.95201177186 -1 3.43333240103 1.17244896329
6.89793720091 -1 3.53232384736 1.15854197462
5.69025282913 -1 3.39698503113 1.9521216656
6.63538836305 -1 3.90356643992 1.14571807724
6.17679802263 -1 4.02612488627 1.37290157486
7.31329003495 -1 2.6110617454 1.35114448249
7.47595429696 -1 2.16716255407 1.47404725948
5.73036931409 -1 3.47282999515 1.89442274746
8.25126069437 -1 -0.237596548113 2.30167304576
8.93585729179 -1 -2.17996391275 3.15995274917
9.27665952329 -1 -2.91761564823 3.57297958852
7.8096304742 -1 1.16447363212 1.79055170597
7.82455088958 -1 1.11770131238 1.80638781027
7.89263566359 -1 0.903012096515 1.88018036194
7.75101429688 -1 1.34704392397 1.72958235281
8.17082501287 -1 0.0168727328212 2.20332719524
8.15416217476 -1 0.0698381092247 2.18317569939
7.76670968153 -1 1.2983561705 1.7457084248
7.74945363755 -1 1.35187664764 1.72798704668
7.85294563413 -1 1.02839852198 1.83686422845
8.6813297631 -1 -1.52262011359 2.84282744385
9.18178262748 -1 -2.72864740702 3.45932902806
7.87287999784 -1 0.965497731054 1.8585178342
7.84216915454 -1 1.06233380142 1.82524615299
7.55526000019 -1 1.93831566726 1.54205017982
7.51156011174 -1 2.06531411494 1.50396239545
8.74365335499 -1 -1.6919893703 2.92116252725
7.88383715056 -1 0.930858322144 1.87050801259
8.09782866412 -1 0.249311904315 2.11569126773
8.18761397834 -1 -0.0364195552194 2.22371268812
7.89814720777 -1 0.885555362559 1.88625915084
7.59057648646 -1 1.83418732882 1.57389536466
8.66600651164 -1 -1.48015346974 2.82350350046
7.74575777774 -1 1.36331493 1.72421508991
8.66767006901 -1 -1.48477909597 2.82560244232
7.68311680574 -1 1.55573636602 1.66159328309
7.89117608587 -1 0.907633324931 1.87857311772
7.72793954334 -1 1.41833324304 1.70614854434
8.25919564998 -1 -0.262564948946 2.31146147966
7.80614540294 -1 1.17538231461 1.78687081512
8.31315907874 -1 -0.431554526629 2.37838208034
8.11681404156 -1 0.188769319449 2.13831886386
8.20150668825 -1 -0.0804549982827 2.24064074745
7.69583099763 -1 1.51691378373 1.67409929778
8.6691467053 -1 -1.48888188138 2.82746533476
7.58713840563 -1 1.84437995683 1.57075447649
7.52698412744 -1 2.02073295962 1.51723575339
8.53371820394 -1 -1.10135255306 2.65610535301
8.15556673876 -1 0.065370910957 2.18487113745
8.43671604438 -1 -0.811675608172 2.53340084218
7.86160519816 -1 1.0010937829 1.84624497084
9.7976934225 -1 -3.72996380263 4.17877677728
8.08793049032 -1 0.280892337318 2.10394331171
8.15853190818 -1 0.0559417273786 2.18845232255
7.71525511542 -1 1.45736651258 1.69340869951
8.67810826374 -1 -1.51371843407 2.83876671226
9.08119011627 -1 -2.51448424825 3.33770841718
7.77034797168 -1 1.28704834454 1.74946772498
7.6506433181 -1 1.6543047243 1.63014152638
8.51401560083 -1 -1.04324754025 2.63114982685
8.43644029193 -1 -0.810839972494 2.53305285997
7.60048763999 -1 1.80473939807 1.58299820238
7.57163524946 -1 1.89019360229 1.55669997787
9.08829433019 -1 -2.53007574273 3.34633566092
7.55771277578 -1 1.93112561758 1.54423160368
8.55200220063 -1 -1.15491100443 2.67926862847
8.87427583753 -1 -2.02926861933 3.08390481829
8.51489092459 -1 -1.04583735246 2.63225833485
7.75950431552 -1 1.32072662906 1.73828684202
8.26884015193 -1 -0.292874071582 2.32337761563
8.68990608027 -1 -1.54624905262 2.85363284754
7.65393081632 -1 1.64436597364 1.63329303512
7.68712451575 -1 1.54351243357 1.66552388241
8.18245044333 -1 -0.0200377507447 2.21743453134
7.55322727476 -1 1.94426953444 1.54024580258
7.57023522877 -1 1.89431877318 1.55543958758
7.66598876661 -1 1.60783424249 1.644915382
7.81773147617 -1 1.13909250341 1.7991344024
9.70157159752 -1 -3.60878760957 4.06935122782
7.71935065164 -1 1.44477592321 1.6975109777
7.67968808274 -1 1.56618428124 1.6582389793
8.65460503478 -1 -1.44835229697 2.80911164953
7.79241134089 -1 1.21830881638 1.77243263093
9.3345917181 -1 -3.02678238555 3.64186924889
7.82947002219 -1 1.10225694107 1.81163603234
8.02973086722 -1 0.466678994263 2.03559212513
8.31680376948 -1 -0.442911997505 2.38292228347
7.87865813628 -1 0.94723649902 1.8648330436
7.70913329715 -1 1.47616380728 1.68729678176
7.72245603915 -1 1.43522132141 1.70062858158
8.89010998134 -1 -2.06852496997 3.10350004583
7.54921874546 -1 1.95599758889 1.53669680923
8.79960839492 -1 -1.83940504086 2.99111551809
7.83602869053 -1 1.0816472442 1.81865419855
7.5427626754 -1 1.97485014733 1.53100672869
7.56035924129 -1 1.92336064233 1.54659040829
7.84722613235 -1 1.04641558696 1.83069028892
8.60284115766 -1 -1.30188260289 2.74365787237
8.27495191447 -1 -0.312058352252 2.33093932876
8.90568924817 -1 -2.10680567382 3.12275189294
8.76012073755 -1 -1.73583005073 2.94178661388
9.03428877761 -1 -2.40977157997 3.28060745856
8.73021361144 -1 -1.65592677048 2.90430735189
7.51413081018 -1 2.05790276367 1.50616160573
7.85678810439 -1 1.01628653412 1.84102180014
7.56496291535 -1 1.90983548216 1.5507062995
9.67736282143 -1 -3.57622264754 4.04162539804
7.59872573618 -1 1.80998135107 1.5813747594
8.43110491482 -1 -0.794659269412 2.52632127415
8.09738736462 -1 0.25071967848 2.11516677037
8.2637794069 -1 -0.27697539612 2.31712233973
8.36675251179 -1 -0.597742114711 2.44536681784
8.4778549138 -1 -0.935604173421 2.58538068976
7.55724706789 -1 1.93249128146 1.54381706589
7.95701925429 -1 0.698547094043 1.95210929492
9.42728405269 -1 -3.1916440693 3.75129595731
8.24188416616 -1 -0.208056668406 2.29012489909
8.73501694918 -1 -1.6688446101 2.91033372843
7.69330803423 -1 1.52462753708 1.67160919784
8.68211818946 -1 -1.52479654703 2.84382110591
7.71134747308 -1 1.46936823135 1.68950460447
7.66600825569 -1 1.60777509866 1.64493424693
8.82439102839 -1 -1.90329041145 3.02198355639
8.37695950615 -1 -0.629179710614 2.4581735309
9.21124430627 -1 -2.78868051524 3.49473052126
8.15246765073 -1 0.0752281186186 2.18113104828
7.85010175427 -1 1.03735881038 1.83379220215
8.07853606121 -1 0.310873261483 2.09282526201
7.82672378244 -1 1.11088060909 1.80870441962
8.34110078331 -1 -0.518424246517 2.41324798303
8.37937431276 -1 -0.636606622666 2.46120543911
7.84960635269 -1 1.03891933252 1.83325749987
8.6131145729 -1 -1.33121622514 2.7566601773
7.89514367604 -1 0.895069705487 1.88294461168
7.51983271863 -1 2.04143696148 1.51105819914
8.3785093881 -1 -0.63394696094 2.46011939556
7.8752682741 -1 0.957951332527 1.86112601012
7.69435127354 -1 1.52143850821 1.67263834328
7.87660951266 -1 0.953712392698 1.86259203396
9.03705752612 -1 -2.41603895858 3.28398530762
9.18482554825 -1 -2.73490433369 3.46299003
7.96758803915 -1 0.664889841461 1.96410173387
7.90666364219 -1 0.858561963543 1.89568182409
8.49603483299 -1 -0.989879953437 2.60838448517
7.79106342014 -1 1.22251628265 1.77102146109
8.86694766824 -1 -2.01098124151 3.07482629094
7.8661277653 -1 0.986821420444 1.85115990637
8.45290453888 -1 -0.8606198961 2.5538407465
7.66523595056 -1 1.6101185858 1.64418687184
7.77384565267 -1 1.27617003956 1.75308917992
8.56099213703 -1 -1.18111253404 2.69065777162
8.45906659685 -1 -0.879190718604 2.56162638968
8.68943660965 -1 -1.54495821562 2.85304155433
8.81960120897 -1 -1.89101034271 3.01602306269
7.99725858025 -1 0.570305102996 1.99803201573
8.25041497794 -1 -0.23493374683 2.30063062585
7.6769324914 -1 1.57457427011 1.65554886585
9.28696951484 -1 -2.93738853815 3.58526769537
9.33144803412 -1 -3.02097944376 3.63814080037
8.84134231798 -1 -1.94649101866 3.04305683415
7.53527407895 -1 1.99666080345 1.52444685055
9.20904950957 -1 -2.78425028409 3.49209664757
7.9584346553 -1 0.694040846221 1.95371243754
10.5187298595 -1 -4.22508863279 4.96594318592
10.8992980915 -1 -4.19195027895 5.35746157769
10.3314664317 -1 -4.16670630858 4.76721602111
10.0335052493 -1 -3.97226137747 4.44275379341
9.97980325532 -1 -3.92395154712 4.38319645005
