0	0.000118688
0.0012	0.000118688
0.0024	0.000118689
0.0036	0.00011869
0.0048	0.000118691
0.006	0.000118693
0.0072	0.000118695
0.0084	0.000118697
0.0096	0.000118699
0.0108	0.000118703
0.012	0.000118706
0.0132	0.00011871
0.0144	0.000118714
0.0156	0.000118718
0.0168	0.000118723
0.018	0.000118728
0.0192	0.000118734
0.0204	0.000118739
0.0216	0.000118746
0.0228	0.000118752
0.024	0.000118759
0.0252	0.000118766
0.0264	0.000118774
0.0276	0.000118782
0.0288	0.00011879
0.03	0.000118799
0.0312	0.000118808
0.0324	0.000118818
0.0336	0.000118827
0.0348	0.000118837
0.036	0.000118848
0.0372	0.000118859
0.0384	0.00011887
0.0396	0.000118881
0.0408	0.000118893
0.042	0.000118906
0.0432	0.000118918
0.0444	0.000118931
0.0456	0.000118945
0.0468	0.000118958
0.048	0.000118972
0.0492	0.000118987
0.0504	0.000119001
0.0516	0.000119016
0.0528	0.000119032
0.054	0.000119048
0.0552	0.000119064
0.0564	0.00011908
0.0576	0.000119097
0.0588	0.000119114
0.06	0.000119132
0.0612	0.00011915
0.0624	0.000119168
0.0636	0.000119187
0.0648	0.000119206
0.066	0.000119225
0.0672	0.000119245
0.0684	0.000119265
0.0696	0.000119285
0.0708	0.000119306
0.072	0.000119327
0.0732	0.000119349
0.0744	0.000119371
0.0756	0.000119393
0.0768	0.000119415
0.078	0.000119438
0.0792	0.000119462
0.0804	0.000119485
0.0816	0.000119509
0.0828	0.000119533
0.084	0.000119558
0.0852	0.000119583
0.0864	0.000119609
0.0876	0.000119634
0.0888	0.00011966
0.09	0.000119687
0.0912	0.000119714
0.0924	0.000119741
0.0936	0.000119768
0.0948	0.000119796
0.096	0.000119824
0.0972	0.000119853
0.0984	0.000119882
0.0996	0.000119911
0.1008	0.000119941
0.102	0.000119971
0.1032	0.000120001
0.1044	0.000120032
0.1056	0.000120063
0.1068	0.000120094
0.108	0.000120126
0.1092	0.000120158
0.1104	0.000120191
0.1116	0.000120224
0.1128	0.000120257
0.114	0.00012029
0.1152	0.000120324
0.1164	0.000120359
0.1176	0.000120393
0.1188	0.000120428
0.12	0.000120463
0.1212	0.000120499
0.1224	0.000120535
0.1236	0.000120572
0.1248	0.000120608
0.126	0.000120645
0.1272	0.000120683
0.1284	0.000120721
0.1296	0.000120759
0.1308	0.000120797
0.132	0.000120836
0.1332	0.000120875
0.1344	0.000120915
0.1356	0.000120955
0.1368	0.000120995
0.138	0.000121036
0.1392	0.000121077
0.1404	0.000121118
0.1416	0.00012116
0.1428	0.000121202
0.144	0.000121244
0.1452	0.000121287
0.1464	0.00012133
0.1476	0.000121374
0.1488	0.000121418
0.15	0.000121462
0.1512	0.000121506
0.1524	0.000121551
0.1536	0.000121596
0.1548	0.000121642
0.156	0.000121688
0.1572	0.000121734
0.1584	0.000121781
0.1596	0.000121828
0.1608	0.000121875
0.162	0.000121923
0.1632	0.000121971
0.1644	0.00012202
0.1656	0.000122068
0.1668	0.000122118
0.168	0.000122167
0.1692	0.000122217
0.1704	0.000122267
0.1716	0.000122318
0.1728	0.000122369
0.174	0.00012242
0.1752	0.000122472
0.1764	0.000122524
0.1776	0.000122576
0.1788	0.000122629
0.18	0.000122682
0.1812	0.000122735
0.1824	0.000122789
0.1836	0.000122843
0.1848	0.000122897
0.186	0.000122952
0.1872	0.000123007
0.1884	0.000123063
0.1896	0.000123119
0.1908	0.000123175
0.192	0.000123232
0.1932	0.000123289
0.1944	0.000123346
0.1956	0.000123404
0.1968	0.000123462
0.198	0.00012352
0.1992	0.000123579
0.2004	0.000123638
0.2016	0.000123697
0.2028	0.000123757
0.204	0.000123817
0.2052	0.000123877
0.2064	0.000123938
0.2076	0.000123999
0.2088	0.000124061
0.21	0.000124123
0.2112	0.000124185
0.2124	0.000124248
0.2136	0.000124311
0.2148	0.000124374
0.216	0.000124438
0.2172	0.000124502
0.2184	0.000124566
0.2196	0.000124631
0.2208	0.000124696
0.222	0.000124761
0.2232	0.000124827
0.2244	0.000124893
0.2256	0.00012496
0.2268	0.000125027
0.228	0.000125094
0.2292	0.000125161
0.2304	0.000125229
0.2316	0.000125298
0.2328	0.000125366
0.234	0.000125435
0.2352	0.000125504
0.2364	0.000125574
0.2376	0.000125644
0.2388	0.000125715
0.24	0.000125785
0.2412	0.000125856
0.2424	0.000125928
0.2436	0.000126
0.2448	0.000126072
0.246	0.000126144
0.2472	0.000126217
0.2484	0.00012629
0.2496	0.000126364
0.2508	0.000126438
0.252	0.000126512
0.2532	0.000126587
0.2544	0.000126662
0.2556	0.000126737
0.2568	0.000126813
0.258	0.000126889
0.2592	0.000126965
0.2604	0.000127042
0.2616	0.000127119
0.2628	0.000127196
0.264	0.000127274
0.2652	0.000127352
0.2664	0.000127431
0.2676	0.00012751
0.2688	0.000127589
0.27	0.000127669
0.2712	0.000127748
0.2724	0.000127829
0.2736	0.000127909
0.2748	0.00012799
0.276	0.000128072
0.2772	0.000128153
0.2784	0.000128235
0.2796	0.000128318
0.2808	0.000128401
0.282	0.000128484
0.2832	0.000128567
0.2844	0.000128651
0.2856	0.000128735
0.2868	0.00012882
0.288	0.000128904
0.2892	0.00012899
0.2904	0.000129075
0.2916	0.000129161
0.2928	0.000129247
0.294	0.000129334
0.2952	0.000129421
0.2964	0.000129508
0.2976	0.000129596
0.2988	0.000129684
0.3	0.000129772
0.3012	0.000129861
0.3024	0.00012995
0.3036	0.00013004
0.3048	0.00013013
0.306	0.00013022
0.3072	0.00013031
0.3084	0.000130401
0.3096	0.000130492
0.3108	0.000130584
0.312	0.000130676
0.3132	0.000130768
0.3144	0.000130861
0.3156	0.000130954
0.3168	0.000131047
0.318	0.000131141
0.3192	0.000131235
0.3204	0.000131329
0.3216	0.000131424
0.3228	0.000131519
0.324	0.000131614
0.3252	0.00013171
0.3264	0.000131806
0.3276	0.000131903
0.3288	0.000131999
0.33	0.000132097
0.3312	0.000132194
0.3324	0.000132292
0.3336	0.00013239
0.3348	0.000132489
0.336	0.000132588
0.3372	0.000132687
0.3384	0.000132787
0.3396	0.000132887
0.3408	0.000132987
0.342	0.000133088
0.3432	0.000133189
0.3444	0.00013329
0.3456	0.000133392
0.3468	0.000133494
0.348	0.000133597
0.3492	0.0001337
0.3504	0.000133803
0.3516	0.000133906
0.3528	0.00013401
0.354	0.000134114
0.3552	0.000134219
0.3564	0.000134324
0.3576	0.000134429
0.3588	0.000134535
0.36	0.000134641
0.3612	0.000134747
0.3624	0.000134854
0.3636	0.000134961
0.3648	0.000135068
0.366	0.000135176
0.3672	0.000135284
0.3684	0.000135393
0.3696	0.000135501
0.3708	0.00013561
0.372	0.00013572
0.3732	0.00013583
0.3744	0.00013594
0.3756	0.000136051
0.3768	0.000136161
0.378	0.000136273
0.3792	0.000136384
0.3804	0.000136496
0.3816	0.000136609
0.3828	0.000136721
0.384	0.000136834
0.3852	0.000136948
0.3864	0.000137061
0.3876	0.000137175
0.3888	0.00013729
0.39	0.000137405
0.3912	0.00013752
0.3924	0.000137635
0.3936	0.000137751
0.3948	0.000137867
0.396	0.000137984
0.3972	0.0001381
0.3984	0.000138218
0.3996	0.000138335
0.4008	0.000138453
0.402	0.000138571
0.4032	0.00013869
0.4044	0.000138809
0.4056	0.000138928
0.4068	0.000139048
0.408	0.000139168
0.4092	0.000139288
0.4104	0.000139409
0.4116	0.00013953
0.4128	0.000139652
0.414	0.000139773
0.4152	0.000139895
0.4164	0.000140018
0.4176	0.000140141
0.4188	0.000140264
0.42	0.000140387
0.4212	0.000140511
0.4224	0.000140635
0.4236	0.00014076
0.4248	0.000140885
0.426	0.00014101
0.4272	0.000141136
0.4284	0.000141262
0.4296	0.000141388
0.4308	0.000141515
0.432	0.000141642
0.4332	0.000141769
0.4344	0.000141897
0.4356	0.000142025
0.4368	0.000142153
0.438	0.000142282
0.4392	0.000142411
0.4404	0.000142541
0.4416	0.000142671
0.4428	0.000142801
0.444	0.000142931
0.4452	0.000143062
0.4464	0.000143193
0.4476	0.000143325
0.4488	0.000143457
0.45	0.000143589
0.4512	0.000143722
0.4524	0.000143855
0.4536	0.000143988
0.4548	0.000144121
0.456	0.000144255
0.4572	0.00014439
0.4584	0.000144525
0.4596	0.00014466
0.4608	0.000144795
0.462	0.000144931
0.4632	0.000145067
0.4644	0.000145203
0.4656	0.00014534
0.4668	0.000145477
0.468	0.000145615
0.4692	0.000145753
0.4704	0.000145891
0.4716	0.000146029
0.4728	0.000146168
0.474	0.000146307
0.4752	0.000146447
0.4764	0.000146587
0.4776	0.000146727
0.4788	0.000146868
0.48	0.000147009
0.4812	0.00014715
0.4824	0.000147292
0.4836	0.000147434
0.4848	0.000147576
0.486	0.000147719
0.4872	0.000147862
0.4884	0.000148005
0.4896	0.000148149
0.4908	0.000148293
0.492	0.000148438
0.4932	0.000148583
0.4944	0.000148728
0.4956	0.000148873
0.4968	0.000149019
0.498	0.000149165
0.4992	0.000149312
0.5004	0.000149459
0.5016	0.000149606
0.5028	0.000149753
0.504	0.000149901
0.5052	0.00015005
0.5064	0.000150198
0.5076	0.000150347
0.5088	0.000150497
0.51	0.000150646
0.5112	0.000150796
0.5124	0.000150947
0.5136	0.000151097
0.5148	0.000151249
0.516	0.0001514
0.5172	0.000151552
0.5184	0.000151704
0.5196	0.000151856
0.5208	0.000152009
0.522	0.000152162
0.5232	0.000152316
0.5244	0.00015247
0.5256	0.000152624
0.5268	0.000152778
0.528	0.000152933
0.5292	0.000153088
0.5304	0.000153244
0.5316	0.0001534
0.5328	0.000153556
0.534	0.000153713
0.5352	0.00015387
0.5364	0.000154027
0.5376	0.000154185
0.5388	0.000154343
0.54	0.000154501
0.5412	0.00015466
0.5424	0.000154819
0.5436	0.000154978
0.5448	0.000155138
0.546	0.000155298
0.5472	0.000155458
0.5484	0.000155619
0.5496	0.00015578
0.5508	0.000155942
0.552	0.000156104
0.5532	0.000156266
0.5544	0.000156428
0.5556	0.000156591
0.5568	0.000156754
0.558	0.000156918
0.5592	0.000157082
0.5604	0.000157246
0.5616	0.000157411
0.5628	0.000157576
0.564	0.000157741
0.5652	0.000157906
0.5664	0.000158072
0.5676	0.000158239
0.5688	0.000158405
0.57	0.000158572
0.5712	0.00015874
0.5724	0.000158907
0.5736	0.000159075
0.5748	0.000159244
0.576	0.000159413
0.5772	0.000159582
0.5784	0.000159751
0.5796	0.000159921
0.5808	0.000160091
0.582	0.000160261
0.5832	0.000160432
0.5844	0.000160603
0.5856	0.000160775
0.5868	0.000160947
0.588	0.000161119
0.5892	0.000161291
0.5904	0.000161464
0.5916	0.000161638
0.5928	0.000161811
0.594	0.000161985
0.5952	0.000162159
0.5964	0.000162334
0.5976	0.000162509
0.5988	0.000162684
0.6	0.00016286
0.6012	0.000163036
0.6024	0.000163212
0.6036	0.000163389
0.6048	0.000163566
0.606	0.000163743
0.6072	0.000163921
0.6084	0.000164099
0.6096	0.000164277
0.6108	0.000164456
0.612	0.000164635
0.6132	0.000164814
0.6144	0.000164994
0.6156	0.000165174
0.6168	0.000165355
0.618	0.000165535
0.6192	0.000165717
0.6204	0.000165898
0.6216	0.00016608
0.6228	0.000166262
0.624	0.000166445
0.6252	0.000166627
0.6264	0.000166811
0.6276	0.000166994
0.6288	0.000167178
0.63	0.000167362
0.6312	0.000167547
0.6324	0.000167732
0.6336	0.000167917
0.6348	0.000168103
0.636	0.000168289
0.6372	0.000168475
0.6384	0.000168662
0.6396	0.000168849
0.6408	0.000169036
0.642	0.000169224
0.6432	0.000169412
0.6444	0.0001696
0.6456	0.000169789
0.6468	0.000169978
0.648	0.000170167
0.6492	0.000170357
0.6504	0.000170547
0.6516	0.000170737
0.6528	0.000170928
0.654	0.000171119
0.6552	0.000171311
0.6564	0.000171502
0.6576	0.000171694
0.6588	0.000171887
0.66	0.00017208
0.6612	0.000172273
0.6624	0.000172466
0.6636	0.00017266
0.6648	0.000172854
0.666	0.000173049
0.6672	0.000173244
0.6684	0.000173439
0.6696	0.000173635
0.6708	0.00017383
0.672	0.000174027
0.6732	0.000174223
0.6744	0.00017442
0.6756	0.000174617
0.6768	0.000174815
0.678	0.000175013
0.6792	0.000175211
0.6804	0.00017541
0.6816	0.000175609
0.6828	0.000175808
0.684	0.000176008
0.6852	0.000176208
0.6864	0.000176408
0.6876	0.000176609
0.6888	0.00017681
0.69	0.000177011
0.6912	0.000177213
0.6924	0.000177415
0.6936	0.000177617
0.6948	0.00017782
0.696	0.000178023
0.6972	0.000178226
0.6984	0.00017843
0.6996	0.000178634
0.7008	0.000178839
0.702	0.000179043
0.7032	0.000179248
0.7044	0.000179454
0.7056	0.00017966
0.7068	0.000179866
0.708	0.000180072
0.7092	0.000180279
0.7104	0.000180486
0.7116	0.000180694
0.7128	0.000180902
0.714	0.00018111
0.7152	0.000181318
0.7164	0.000181527
0.7176	0.000181736
0.7188	0.000181946
0.72	0.000182156
0.7212	0.000182366
0.7224	0.000182576
0.7236	0.000182787
0.7248	0.000182999
0.726	0.00018321
0.7272	0.000183422
0.7284	0.000183634
0.7296	0.000183847
0.7308	0.00018406
0.732	0.000184273
0.7332	0.000184487
0.7344	0.000184701
0.7356	0.000184915
0.7368	0.00018513
0.738	0.000185344
0.7392	0.00018556
0.7404	0.000185775
0.7416	0.000185991
0.7428	0.000186208
0.744	0.000186424
0.7452	0.000186641
0.7464	0.000186859
0.7476	0.000187076
0.7488	0.000187294
0.75	0.000187513
0.7512	0.000187731
0.7524	0.00018795
0.7536	0.00018817
0.7548	0.00018839
0.756	0.00018861
0.7572	0.00018883
0.7584	0.000189051
0.7596	0.000189272
0.7608	0.000189493
0.762	0.000189715
0.7632	0.000189937
0.7644	0.000190159
0.7656	0.000190382
0.7668	0.000190605
0.768	0.000190829
0.7692	0.000191052
0.7704	0.000191277
0.7716	0.000191501
0.7728	0.000191726
0.774	0.000191951
0.7752	0.000192176
0.7764	0.000192402
0.7776	0.000192628
0.7788	0.000192855
0.78	0.000193082
0.7812	0.000193309
0.7824	0.000193536
0.7836	0.000193764
0.7848	0.000193992
0.786	0.000194221
0.7872	0.000194449
0.7884	0.000194679
0.7896	0.000194908
0.7908	0.000195138
0.792	0.000195368
0.7932	0.000195599
0.7944	0.00019583
0.7956	0.000196061
0.7968	0.000196292
0.798	0.000196524
0.7992	0.000196756
0.8004	0.000196989
0.8016	0.000197222
0.8028	0.000197455
0.804	0.000197688
0.8052	0.000197922
0.8064	0.000198157
0.8076	0.000198391
0.8088	0.000198626
0.81	0.000198861
0.8112	0.000199097
0.8124	0.000199333
0.8136	0.000199569
0.8148	0.000199805
0.816	0.000200042
0.8172	0.00020028
0.8184	0.000200517
0.8196	0.000200755
0.8208	0.000200993
0.822	0.000201232
0.8232	0.000201471
0.8244	0.00020171
0.8256	0.00020195
0.8268	0.00020219
0.828	0.00020243
0.8292	0.00020267
0.8304	0.000202911
0.8316	0.000203153
0.8328	0.000203394
0.834	0.000203636
0.8352	0.000203878
0.8364	0.000204121
0.8376	0.000204364
0.8388	0.000204607
0.84	0.000204851
0.8412	0.000205095
0.8424	0.000205339
0.8436	0.000205584
0.8448	0.000205829
0.846	0.000206074
0.8472	0.00020632
0.8484	0.000206565
0.8496	0.000206812
0.8508	0.000207058
0.852	0.000207305
0.8532	0.000207553
0.8544	0.0002078
0.8556	0.000208048
0.8568	0.000208296
0.858	0.000208545
0.8592	0.000208794
0.8604	0.000209043
0.8616	0.000209293
0.8628	0.000209543
0.864	0.000209793
0.8652	0.000210044
0.8664	0.000210295
0.8676	0.000210546
0.8688	0.000210798
0.87	0.00021105
0.8712	0.000211302
0.8724	0.000211555
0.8736	0.000211807
0.8748	0.000212061
0.876	0.000212314
0.8772	0.000212568
0.8784	0.000212823
0.8796	0.000213077
0.8808	0.000213332
0.882	0.000213587
0.8832	0.000213843
0.8844	0.000214099
0.8856	0.000214355
0.8868	0.000214612
0.888	0.000214869
0.8892	0.000215126
0.8904	0.000215384
0.8916	0.000215642
0.8928	0.0002159
0.894	0.000216159
0.8952	0.000216418
0.8964	0.000216677
0.8976	0.000216936
0.8988	0.000217196
0.9	0.000217457
0.9012	0.000217717
0.9024	0.000217978
0.9036	0.000218239
0.9048	0.000218501
0.906	0.000218763
0.9072	0.000219025
0.9084	0.000219288
0.9096	0.000219551
0.9108	0.000219814
0.912	0.000220077
0.9132	0.000220341
0.9144	0.000220606
0.9156	0.00022087
0.9168	0.000221135
0.918	0.0002214
0.9192	0.000221666
0.9204	0.000221932
0.9216	0.000222198
0.9228	0.000222465
0.924	0.000222731
0.9252	0.000222999
0.9264	0.000223266
0.9276	0.000223534
0.9288	0.000223802
0.93	0.000224071
0.9312	0.00022434
0.9324	0.000224609
0.9336	0.000224878
0.9348	0.000225148
0.936	0.000225418
0.9372	0.000225689
0.9384	0.00022596
0.9396	0.000226231
0.9408	0.000226503
0.942	0.000226774
0.9432	0.000227047
0.9444	0.000227319
0.9456	0.000227592
0.9468	0.000227865
0.948	0.000228138
0.9492	0.000228412
0.9504	0.000228686
0.9516	0.000228961
0.9528	0.000229236
0.954	0.000229511
0.9552	0.000229786
0.9564	0.000230062
0.9576	0.000230338
0.9588	0.000230615
0.96	0.000230891
0.9612	0.000231168
0.9624	0.000231446
0.9636	0.000231724
0.9648	0.000232002
0.966	0.00023228
0.9672	0.000232559
0.9684	0.000232838
0.9696	0.000233117
0.9708	0.000233397
0.972	0.000233677
0.9732	0.000233957
0.9744	0.000234238
0.9756	0.000234519
0.9768	0.000234801
0.978	0.000235082
0.9792	0.000235364
0.9804	0.000235647
0.9816	0.000235929
0.9828	0.000236212
0.984	0.000236496
0.9852	0.000236779
0.9864	0.000237063
0.9876	0.000237348
0.9888	0.000237632
0.99	0.000237917
0.9912	0.000238202
0.9924	0.000238488
0.9936	0.000238774
0.9948	0.00023906
0.996	0.000239347
0.9972	0.000239634
0.9984	0.000239921
0.9996	0.000240209
1.0008	0.000240496
1.002	0.000240785
1.0032	0.000241073
1.0044	0.000241362
1.0056	0.000241651
1.0068	0.000241941
1.008	0.000242231
1.0092	0.000242521
1.0104	0.000242811
1.0116	0.000243102
1.0128	0.000243393
1.014	0.000243685
1.0152	0.000243977
1.0164	0.000244269
1.0176	0.000244561
1.0188	0.000244854
1.02	0.000245147
1.0212	0.000245441
1.0224	0.000245734
1.0236	0.000246028
1.0248	0.000246323
1.026	0.000246618
1.0272	0.000246913
1.0284	0.000247208
1.0296	0.000247504
1.0308	0.0002478
1.032	0.000248096
1.0332	0.000248393
1.0344	0.00024869
1.0356	0.000248987
1.0368	0.000249285
1.038	0.000249583
1.0392	0.000249881
1.0404	0.00025018
1.0416	0.000250479
1.0428	0.000250778
1.044	0.000251078
1.0452	0.000251377
1.0464	0.000251678
1.0476	0.000251978
1.0488	0.000252279
1.05	0.00025258
1.0512	0.000252882
1.0524	0.000253184
1.0536	0.000253486
1.0548	0.000253788
1.056	0.000254091
1.0572	0.000254394
1.0584	0.000254698
1.0596	0.000255002
1.0608	0.000255306
1.062	0.00025561
1.0632	0.000255915
1.0644	0.00025622
1.0656	0.000256526
1.0668	0.000256831
1.068	0.000257137
1.0692	0.000257444
1.0704	0.00025775
1.0716	0.000258057
1.0728	0.000258365
1.074	0.000258672
1.0752	0.00025898
1.0764	0.000259289
1.0776	0.000259597
1.0788	0.000259906
1.08	0.000260216
1.0812	0.000260525
1.0824	0.000260835
1.0836	0.000261145
1.0848	0.000261456
1.086	0.000261767
1.0872	0.000262078
1.0884	0.00026239
1.0896	0.000262701
1.0908	0.000263014
1.092	0.000263326
1.0932	0.000263639
1.0944	0.000263952
1.0956	0.000264265
1.0968	0.000264579
1.098	0.000264893
1.0992	0.000265208
1.1004	0.000265523
1.1016	0.000265838
1.1028	0.000266153
1.104	0.000266469
1.1052	0.000266785
1.1064	0.000267101
1.1076	0.000267418
1.1088	0.000267735
1.11	0.000268052
1.1112	0.00026837
1.1124	0.000268687
1.1136	0.000269006
1.1148	0.000269324
1.116	0.000269643
1.1172	0.000269962
1.1184	0.000270282
1.1196	0.000270602
1.1208	0.000270922
1.122	0.000271242
1.1232	0.000271563
1.1244	0.000271884
1.1256	0.000272206
1.1268	0.000272528
1.128	0.00027285
1.1292	0.000273172
1.1304	0.000273495
1.1316	0.000273818
1.1328	0.000274141
1.134	0.000274465
1.1352	0.000274789
1.1364	0.000275113
1.1376	0.000275438
1.1388	0.000275763
1.14	0.000276088
1.1412	0.000276414
1.1424	0.000276739
1.1436	0.000277066
1.1448	0.000277392
1.146	0.000277719
1.1472	0.000278046
1.1484	0.000278374
1.1496	0.000278702
1.1508	0.00027903
1.152	0.000279358
1.1532	0.000279687
1.1544	0.000280016
1.1556	0.000280345
1.1568	0.000280675
1.158	0.000281005
1.1592	0.000281335
1.1604	0.000281666
1.1616	0.000281997
1.1628	0.000282328
1.164	0.00028266
1.1652	0.000282992
1.1664	0.000283324
1.1676	0.000283657
1.1688	0.000283989
1.17	0.000284323
1.1712	0.000284656
1.1724	0.00028499
1.1736	0.000285324
1.1748	0.000285659
1.176	0.000285993
1.1772	0.000286328
1.1784	0.000286664
1.1796	0.000287
1.1808	0.000287336
1.182	0.000287672
1.1832	0.000288009
1.1844	0.000288346
1.1856	0.000288683
1.1868	0.00028902
1.188	0.000289358
1.1892	0.000289697
1.1904	0.000290035
1.1916	0.000290374
1.1928	0.000290713
1.194	0.000291053
1.1952	0.000291392
1.1964	0.000291733
1.1976	0.000292073
1.1988	0.000292414
1.2	0.000292755
1.2012	0.000293096
1.2024	0.000293438
1.2036	0.00029378
1.2048	0.000294122
1.206	0.000294465
1.2072	0.000294808
1.2084	0.000295151
1.2096	0.000295495
1.2108	0.000295838
1.212	0.000296183
1.2132	0.000296527
1.2144	0.000296872
1.2156	0.000297217
1.2168	0.000297563
1.218	0.000297908
1.2192	0.000298254
1.2204	0.000298601
1.2216	0.000298947
1.2228	0.000299294
1.224	0.000299642
1.2252	0.000299989
1.2264	0.000300337
1.2276	0.000300686
1.2288	0.000301034
1.23	0.000301383
1.2312	0.000301732
1.2324	0.000302082
1.2336	0.000302432
1.2348	0.000302782
1.236	0.000303132
1.2372	0.000303483
1.2384	0.000303834
1.2396	0.000304185
1.2408	0.000304537
1.242	0.000304889
1.2432	0.000305241
1.2444	0.000305594
1.2456	0.000305947
1.2468	0.0003063
1.248	0.000306654
1.2492	0.000307008
1.2504	0.000307362
1.2516	0.000307716
1.2528	0.000308071
1.254	0.000308426
1.2552	0.000308782
1.2564	0.000309137
1.2576	0.000309493
1.2588	0.00030985
1.26	0.000310206
1.2612	0.000310563
1.2624	0.000310921
1.2636	0.000311278
1.2648	0.000311636
1.266	0.000311994
1.2672	0.000312353
1.2684	0.000312712
1.2696	0.000313071
1.2708	0.00031343
1.272	0.00031379
1.2732	0.00031415
1.2744	0.00031451
1.2756	0.000314871
1.2768	0.000315232
1.278	0.000315593
1.2792	0.000315955
1.2804	0.000316317
1.2816	0.000316679
1.2828	0.000317042
1.284	0.000317404
1.2852	0.000317768
1.2864	0.000318131
1.2876	0.000318495
1.2888	0.000318859
1.29	0.000319223
1.2912	0.000319588
1.2924	0.000319953
1.2936	0.000320318
1.2948	0.000320684
1.296	0.00032105
1.2972	0.000321416
1.2984	0.000321783
1.2996	0.000322149
1.3008	0.000322516
1.302	0.000322884
1.3032	0.000323252
1.3044	0.00032362
1.3056	0.000323988
1.3068	0.000324357
1.308	0.000324726
1.3092	0.000325095
1.3104	0.000325465
1.3116	0.000325835
1.3128	0.000326205
1.314	0.000326575
1.3152	0.000326946
1.3164	0.000327317
1.3176	0.000327689
1.3188	0.00032806
1.32	0.000328433
1.3212	0.000328805
1.3224	0.000329178
1.3236	0.00032955
1.3248	0.000329924
1.326	0.000330297
1.3272	0.000330671
1.3284	0.000331045
1.3296	0.00033142
1.3308	0.000331795
1.332	0.00033217
1.3332	0.000332545
1.3344	0.000332921
1.3356	0.000333297
1.3368	0.000333673
1.338	0.00033405
1.3392	0.000334427
1.3404	0.000334804
1.3416	0.000335182
1.3428	0.000335559
1.344	0.000335937
1.3452	0.000336316
1.3464	0.000336695
1.3476	0.000337074
1.3488	0.000337453
1.35	0.000337833
1.3512	0.000338213
1.3524	0.000338593
1.3536	0.000338974
1.3548	0.000339354
1.356	0.000339736
1.3572	0.000340117
1.3584	0.000340499
1.3596	0.000340881
1.3608	0.000341263
1.362	0.000341646
1.3632	0.000342029
1.3644	0.000342412
1.3656	0.000342796
1.3668	0.00034318
1.368	0.000343564
1.3692	0.000343949
1.3704	0.000344333
1.3716	0.000344718
1.3728	0.000345104
1.374	0.00034549
1.3752	0.000345876
1.3764	0.000346262
1.3776	0.000346649
1.3788	0.000347035
1.38	0.000347423
1.3812	0.00034781
1.3824	0.000348198
1.3836	0.000348586
1.3848	0.000348975
1.386	0.000349363
1.3872	0.000349752
1.3884	0.000350142
1.3896	0.000350531
1.3908	0.000350921
1.392	0.000351311
1.3932	0.000351702
1.3944	0.000352093
1.3956	0.000352484
1.3968	0.000352875
1.398	0.000353267
1.3992	0.000353659
1.4004	0.000354051
1.4016	0.000354444
1.4028	0.000354837
1.404	0.00035523
1.4052	0.000355624
1.4064	0.000356018
1.4076	0.000356412
1.4088	0.000356806
1.41	0.000357201
1.4112	0.000357596
1.4124	0.000357991
1.4136	0.000358387
1.4148	0.000358783
1.416	0.000359179
1.4172	0.000359575
1.4184	0.000359972
1.4196	0.000360369
1.4208	0.000360767
1.422	0.000361164
1.4232	0.000361562
1.4244	0.000361961
1.4256	0.000362359
1.4268	0.000362758
1.428	0.000363157
1.4292	0.000363557
1.4304	0.000363957
1.4316	0.000364357
1.4328	0.000364757
1.434	0.000365158
1.4352	0.000365559
1.4364	0.00036596
1.4376	0.000366362
1.4388	0.000366764
1.44	0.000367166
1.4412	0.000367568
1.4424	0.000367971
1.4436	0.000368374
1.4448	0.000368777
1.446	0.000369181
1.4472	0.000369585
1.4484	0.000369989
1.4496	0.000370394
1.4508	0.000370799
1.452	0.000371204
1.4532	0.000371609
1.4544	0.000372015
1.4556	0.000372421
1.4568	0.000372827
1.458	0.000373234
1.4592	0.000373641
1.4604	0.000374048
1.4616	0.000374455
1.4628	0.000374863
1.464	0.000375271
1.4652	0.00037568
1.4664	0.000376088
1.4676	0.000376497
1.4688	0.000376907
1.47	0.000377316
1.4712	0.000377726
1.4724	0.000378136
1.4736	0.000378547
1.4748	0.000378957
1.476	0.000379368
1.4772	0.00037978
1.4784	0.000380191
1.4796	0.000380603
1.4808	0.000381015
1.482	0.000381428
1.4832	0.000381841
1.4844	0.000382254
1.4856	0.000382667
1.4868	0.000383081
1.488	0.000383495
1.4892	0.000383909
1.4904	0.000384324
1.4916	0.000384738
1.4928	0.000385154
1.494	0.000385569
1.4952	0.000385985
1.4964	0.000386401
1.4976	0.000386817
1.4988	0.000387234
1.5	0.00038765
1.5012	0.000388068
1.5024	0.000388485
1.5036	0.000388903
1.5048	0.000389321
1.506	0.000389739
1.5072	0.000390158
1.5084	0.000390577
1.5096	0.000390996
1.5108	0.000391416
1.512	0.000391835
1.5132	0.000392255
1.5144	0.000392676
1.5156	0.000393097
1.5168	0.000393517
1.518	0.000393939
1.5192	0.00039436
1.5204	0.000394782
1.5216	0.000395204
1.5228	0.000395627
1.524	0.000396049
1.5252	0.000396472
1.5264	0.000396896
1.5276	0.000397319
1.5288	0.000397743
1.53	0.000398167
1.5312	0.000398592
1.5324	0.000399016
1.5336	0.000399441
1.5348	0.000399867
1.536	0.000400292
1.5372	0.000400718
1.5384	0.000401144
1.5396	0.000401571
1.5408	0.000401998
1.542	0.000402425
1.5432	0.000402852
1.5444	0.00040328
1.5456	0.000403708
1.5468	0.000404136
1.548	0.000404564
1.5492	0.000404993
1.5504	0.000405422
1.5516	0.000405851
1.5528	0.000406281
1.554	0.000406711
1.5552	0.000407141
1.5564	0.000407572
1.5576	0.000408003
1.5588	0.000408434
1.56	0.000408865
1.5612	0.000409297
1.5624	0.000409729
1.5636	0.000410161
1.5648	0.000410593
1.566	0.000411026
1.5672	0.000411459
1.5684	0.000411893
1.5696	0.000412326
1.5708	0.00041276
1.572	0.000413194
1.5732	0.000413629
1.5744	0.000414064
1.5756	0.000414499
1.5768	0.000414934
1.578	0.00041537
1.5792	0.000415806
1.5804	0.000416242
1.5816	0.000416678
1.5828	0.000417115
1.584	0.000417552
1.5852	0.00041799
1.5864	0.000418427
1.5876	0.000418865
1.5888	0.000419304
1.59	0.000419742
1.5912	0.000420181
1.5924	0.00042062
1.5936	0.000421059
1.5948	0.000421499
1.596	0.000421939
1.5972	0.000422379
1.5984	0.00042282
1.5996	0.00042326
1.6008	0.000423701
1.602	0.000424143
1.6032	0.000424584
1.6044	0.000425026
1.6056	0.000425469
1.6068	0.000425911
1.608	0.000426354
1.6092	0.000426797
1.6104	0.00042724
1.6116	0.000427684
1.6128	0.000428128
1.614	0.000428572
1.6152	0.000429016
1.6164	0.000429461
1.6176	0.000429906
1.6188	0.000430351
1.62	0.000430797
1.6212	0.000431243
1.6224	0.000431689
1.6236	0.000432136
1.6248	0.000432582
1.626	0.000433029
1.6272	0.000433477
1.6284	0.000433924
1.6296	0.000434372
1.6308	0.00043482
1.632	0.000435268
1.6332	0.000435717
1.6344	0.000436166
1.6356	0.000436615
1.6368	0.000437065
1.638	0.000437515
1.6392	0.000437965
1.6404	0.000438415
1.6416	0.000438866
1.6428	0.000439317
1.644	0.000439768
1.6452	0.000440219
1.6464	0.000440671
1.6476	0.000441123
1.6488	0.000441576
1.65	0.000442028
1.6512	0.000442481
1.6524	0.000442934
1.6536	0.000443388
1.6548	0.000443842
1.656	0.000444296
1.6572	0.00044475
1.6584	0.000445204
1.6596	0.000445659
1.6608	0.000446114
1.662	0.00044657
1.6632	0.000447025
1.6644	0.000447481
1.6656	0.000447938
1.6668	0.000448394
1.668	0.000448851
1.6692	0.000449308
1.6704	0.000449765
1.6716	0.000450223
1.6728	0.000450681
1.674	0.000451139
1.6752	0.000451598
1.6764	0.000452056
1.6776	0.000452515
1.6788	0.000452975
1.68	0.000453434
1.6812	0.000453894
1.6824	0.000454354
1.6836	0.000454815
1.6848	0.000455275
1.686	0.000455736
1.6872	0.000456197
1.6884	0.000456659
1.6896	0.000457121
1.6908	0.000457583
1.692	0.000458045
1.6932	0.000458508
1.6944	0.000458971
1.6956	0.000459434
1.6968	0.000459897
1.698	0.000460361
1.6992	0.000460825
1.7004	0.000461289
1.7016	0.000461754
1.7028	0.000462218
1.704	0.000462684
1.7052	0.000463149
1.7064	0.000463615
1.7076	0.00046408
1.7088	0.000464547
1.71	0.000465013
1.7112	0.00046548
1.7124	0.000465947
1.7136	0.000466414
1.7148	0.000466882
1.716	0.00046735
1.7172	0.000467818
1.7184	0.000468286
1.7196	0.000468755
1.7208	0.000469224
1.722	0.000469693
1.7232	0.000470162
1.7244	0.000470632
1.7256	0.000471102
1.7268	0.000471572
1.728	0.000472043
1.7292	0.000472514
1.7304	0.000472985
1.7316	0.000473456
1.7328	0.000473928
1.734	0.0004744
1.7352	0.000474872
1.7364	0.000475344
1.7376	0.000475817
1.7388	0.00047629
1.74	0.000476763
1.7412	0.000477237
1.7424	0.000477711
1.7436	0.000478185
1.7448	0.000478659
1.746	0.000479134
1.7472	0.000479609
1.7484	0.000480084
1.7496	0.000480559
1.7508	0.000481035
1.752	0.000481511
1.7532	0.000481987
1.7544	0.000482464
1.7556	0.000482941
1.7568	0.000483418
1.758	0.000483895
1.7592	0.000484373
1.7604	0.000484851
1.7616	0.000485329
1.7628	0.000485807
1.764	0.000486286
1.7652	0.000486765
1.7664	0.000487244
1.7676	0.000487724
1.7688	0.000488203
1.77	0.000488684
1.7712	0.000489164
1.7724	0.000489644
1.7736	0.000490125
1.7748	0.000490606
1.776	0.000491088
1.7772	0.000491569
1.7784	0.000492051
1.7796	0.000492534
1.7808	0.000493016
1.782	0.000493499
1.7832	0.000493982
1.7844	0.000494465
1.7856	0.000494949
1.7868	0.000495432
1.788	0.000495916
1.7892	0.000496401
1.7904	0.000496885
1.7916	0.00049737
1.7928	0.000497855
1.794	0.000498341
1.7952	0.000498826
1.7964	0.000499312
1.7976	0.000499798
1.7988	0.000500285
1.8	0.000500772
1.8012	0.000501259
1.8024	0.000501746
1.8036	0.000502233
1.8048	0.000502721
1.806	0.000503209
1.8072	0.000503698
1.8084	0.000504186
1.8096	0.000504675
1.8108	0.000505164
1.812	0.000505654
1.8132	0.000506143
1.8144	0.000506633
1.8156	0.000507123
1.8168	0.000507614
1.818	0.000508105
1.8192	0.000508595
1.8204	0.000509087
1.8216	0.000509578
1.8228	0.00051007
1.824	0.000510562
1.8252	0.000511054
1.8264	0.000511547
1.8276	0.00051204
1.8288	0.000512533
1.83	0.000513026
1.8312	0.00051352
1.8324	0.000514014
1.8336	0.000514508
1.8348	0.000515002
1.836	0.000515497
1.8372	0.000515992
1.8384	0.000516487
1.8396	0.000516982
1.8408	0.000517478
1.842	0.000517974
1.8432	0.00051847
1.8444	0.000518967
1.8456	0.000519464
1.8468	0.000519961
1.848	0.000520458
1.8492	0.000520956
1.8504	0.000521453
1.8516	0.000521951
1.8528	0.00052245
1.854	0.000522948
1.8552	0.000523447
1.8564	0.000523946
1.8576	0.000524446
1.8588	0.000524945
1.86	0.000525445
1.8612	0.000525945
1.8624	0.000526446
1.8636	0.000526947
1.8648	0.000527447
1.866	0.000527949
1.8672	0.00052845
1.8684	0.000528952
1.8696	0.000529454
1.8708	0.000529956
1.872	0.000530459
1.8732	0.000530961
1.8744	0.000531464
1.8756	0.000531968
1.8768	0.000532471
1.878	0.000532975
1.8792	0.000533479
1.8804	0.000533983
1.8816	0.000534488
1.8828	0.000534993
1.884	0.000535498
1.8852	0.000536003
1.8864	0.000536509
1.8876	0.000537015
1.8888	0.000537521
1.89	0.000538027
1.8912	0.000538534
1.8924	0.000539041
1.8936	0.000539548
1.8948	0.000540055
1.896	0.000540563
1.8972	0.000541071
1.8984	0.000541579
1.8996	0.000542088
1.9008	0.000542596
1.902	0.000543105
1.9032	0.000543614
1.9044	0.000544124
1.9056	0.000544634
1.9068	0.000545144
1.908	0.000545654
1.9092	0.000546164
1.9104	0.000546675
1.9116	0.000547186
1.9128	0.000547697
1.914	0.000548209
1.9152	0.000548721
1.9164	0.000549233
1.9176	0.000549745
1.9188	0.000550257
1.92	0.00055077
1.9212	0.000551283
1.9224	0.000551797
1.9236	0.00055231
1.9248	0.000552824
1.926	0.000553338
1.9272	0.000553852
1.9284	0.000554367
1.9296	0.000554882
1.9308	0.000555397
1.932	0.000555912
1.9332	0.000556428
1.9344	0.000556944
1.9356	0.00055746
1.9368	0.000557976
1.938	0.000558493
1.9392	0.00055901
1.9404	0.000559527
1.9416	0.000560044
1.9428	0.000560562
1.944	0.00056108
1.9452	0.000561598
1.9464	0.000562116
1.9476	0.000562635
1.9488	0.000563154
1.95	0.000563673
1.9512	0.000564192
1.9524	0.000564712
1.9536	0.000565232
1.9548	0.000565752
1.956	0.000566272
1.9572	0.000566793
1.9584	0.000567314
1.9596	0.000567835
1.9608	0.000568356
1.962	0.000568878
1.9632	0.0005694
1.9644	0.000569922
1.9656	0.000570444
1.9668	0.000570967
1.968	0.00057149
1.9692	0.000572013
1.9704	0.000572536
1.9716	0.00057306
1.9728	0.000573584
1.974	0.000574108
1.9752	0.000574632
1.9764	0.000575157
1.9776	0.000575682
1.9788	0.000576207
1.98	0.000576733
1.9812	0.000577258
1.9824	0.000577784
1.9836	0.00057831
1.9848	0.000578837
1.986	0.000579363
1.9872	0.00057989
1.9884	0.000580417
1.9896	0.000580945
1.9908	0.000581472
1.992	0.000582
1.9932	0.000582528
1.9944	0.000583057
1.9956	0.000583585
1.9968	0.000584114
1.998	0.000584643
1.9992	0.000585173
2.0004	0.000585702
2.0016	0.000586232
2.0028	0.000586762
2.004	0.000587293
2.0052	0.000587823
2.0064	0.000588354
2.0076	0.000588885
2.0088	0.000589417
2.01	0.000589948
2.0112	0.00059048
2.0124	0.000591012
2.0136	0.000591544
2.0148	0.000592077
2.016	0.00059261
2.0172	0.000593143
2.0184	0.000593676
2.0196	0.00059421
2.0208	0.000594744
2.022	0.000595278
2.0232	0.000595812
2.0244	0.000596346
2.0256	0.000596881
2.0268	0.000597416
2.028	0.000597952
2.0292	0.000598487
2.0304	0.000599023
2.0316	0.000599559
2.0328	0.000600095
2.034	0.000600632
2.0352	0.000601168
2.0364	0.000601705
2.0376	0.000602243
2.0388	0.00060278
2.04	0.000603318
2.0412	0.000603856
2.0424	0.000604394
2.0436	0.000604932
2.0448	0.000605471
2.046	0.00060601
2.0472	0.000606549
2.0484	0.000607088
2.0496	0.000607628
2.0508	0.000608168
2.052	0.000608708
2.0532	0.000609249
2.0544	0.000609789
2.0556	0.00061033
2.0568	0.000610871
2.058	0.000611412
2.0592	0.000611954
2.0604	0.000612496
2.0616	0.000613038
2.0628	0.00061358
2.064	0.000614123
2.0652	0.000614666
2.0664	0.000615209
2.0676	0.000615752
2.0688	0.000616295
2.07	0.000616839
2.0712	0.000617383
2.0724	0.000617927
2.0736	0.000618472
2.0748	0.000619017
2.076	0.000619562
2.0772	0.000620107
2.0784	0.000620652
2.0796	0.000621198
2.0808	0.000621744
2.082	0.00062229
2.0832	0.000622836
2.0844	0.000623383
2.0856	0.00062393
2.0868	0.000624477
2.088	0.000625024
2.0892	0.000625572
2.0904	0.00062612
2.0916	0.000626668
2.0928	0.000627216
2.094	0.000627765
2.0952	0.000628313
2.0964	0.000628862
2.0976	0.000629412
2.0988	0.000629961
2.1	0.000630511
2.1012	0.000631061
2.1024	0.000631611
2.1036	0.000632161
2.1048	0.000632712
2.106	0.000633263
2.1072	0.000633814
2.1084	0.000634366
2.1096	0.000634917
2.1108	0.000635469
2.112	0.000636021
2.1132	0.000636573
2.1144	0.000637126
2.1156	0.000637679
2.1168	0.000638232
2.118	0.000638785
2.1192	0.000639339
2.1204	0.000639892
2.1216	0.000640446
2.1228	0.000641001
2.124	0.000641555
2.1252	0.00064211
2.1264	0.000642665
2.1276	0.00064322
2.1288	0.000643775
2.13	0.000644331
2.1312	0.000644887
2.1324	0.000645443
2.1336	0.000645999
2.1348	0.000646556
2.136	0.000647112
2.1372	0.000647669
2.1384	0.000648227
2.1396	0.000648784
2.1408	0.000649342
2.142	0.0006499
2.1432	0.000650458
2.1444	0.000651016
2.1456	0.000651575
2.1468	0.000652134
2.148	0.000652693
2.1492	0.000653252
2.1504	0.000653812
2.1516	0.000654372
2.1528	0.000654932
2.154	0.000655492
2.1552	0.000656053
2.1564	0.000656613
2.1576	0.000657174
2.1588	0.000657736
2.16	0.000658297
2.1612	0.000658859
2.1624	0.000659421
2.1636	0.000659983
2.1648	0.000660545
2.166	0.000661108
2.1672	0.000661671
2.1684	0.000662234
2.1696	0.000662797
2.1708	0.00066336
2.172	0.000663924
2.1732	0.000664488
2.1744	0.000665052
2.1756	0.000665617
2.1768	0.000666181
2.178	0.000666746
2.1792	0.000667311
2.1804	0.000667877
2.1816	0.000668442
2.1828	0.000669008
2.184	0.000669574
2.1852	0.00067014
2.1864	0.000670707
2.1876	0.000671274
2.1888	0.000671841
2.19	0.000672408
2.1912	0.000672975
2.1924	0.000673543
2.1936	0.000674111
2.1948	0.000674679
2.196	0.000675247
2.1972	0.000675816
2.1984	0.000676384
2.1996	0.000676953
2.2008	0.000677523
2.202	0.000678092
2.2032	0.000678662
2.2044	0.000679232
2.2056	0.000679802
2.2068	0.000680372
2.208	0.000680943
2.2092	0.000681514
2.2104	0.000682085
2.2116	0.000682656
2.2128	0.000683227
2.214	0.000683799
2.2152	0.000684371
2.2164	0.000684943
2.2176	0.000685516
2.2188	0.000686088
2.22	0.000686661
2.2212	0.000687234
2.2224	0.000687807
2.2236	0.000688381
2.2248	0.000688955
2.226	0.000689529
2.2272	0.000690103
2.2284	0.000690677
2.2296	0.000691252
2.2308	0.000691827
2.232	0.000692402
2.2332	0.000692977
2.2344	0.000693553
2.2356	0.000694128
2.2368	0.000694704
2.238	0.000695281
2.2392	0.000695857
2.2404	0.000696434
2.2416	0.00069701
2.2428	0.000697588
2.244	0.000698165
2.2452	0.000698742
2.2464	0.00069932
2.2476	0.000699898
2.2488	0.000700476
2.25	0.000701055
2.2512	0.000701633
2.2524	0.000702212
2.2536	0.000702791
2.2548	0.000703371
2.256	0.00070395
2.2572	0.00070453
2.2584	0.00070511
2.2596	0.00070569
2.2608	0.000706271
2.262	0.000706851
2.2632	0.000707432
2.2644	0.000708013
2.2656	0.000708594
2.2668	0.000709176
2.268	0.000709758
2.2692	0.00071034
2.2704	0.000710922
2.2716	0.000711504
2.2728	0.000712087
2.274	0.00071267
2.2752	0.000713253
2.2764	0.000713836
2.2776	0.00071442
2.2788	0.000715003
2.28	0.000715587
2.2812	0.000716171
2.2824	0.000716756
2.2836	0.00071734
2.2848	0.000717925
2.286	0.00071851
2.2872	0.000719095
2.2884	0.000719681
2.2896	0.000720267
2.2908	0.000720852
2.292	0.000721439
2.2932	0.000722025
2.2944	0.000722611
2.2956	0.000723198
2.2968	0.000723785
2.298	0.000724372
2.2992	0.00072496
2.3004	0.000725547
2.3016	0.000726135
2.3028	0.000726723
2.304	0.000727312
2.3052	0.0007279
2.3064	0.000728489
2.3076	0.000729078
2.3088	0.000729667
2.31	0.000730256
2.3112	0.000730846
2.3124	0.000731436
2.3136	0.000732026
2.3148	0.000732616
2.316	0.000733206
2.3172	0.000733797
2.3184	0.000734388
2.3196	0.000734979
2.3208	0.00073557
2.322	0.000736162
2.3232	0.000736753
2.3244	0.000737345
2.3256	0.000737937
2.3268	0.00073853
2.328	0.000739122
2.3292	0.000739715
2.3304	0.000740308
2.3316	0.000740901
2.3328	0.000741495
2.334	0.000742088
2.3352	0.000742682
2.3364	0.000743276
2.3376	0.000743871
2.3388	0.000744465
2.34	0.00074506
2.3412	0.000745655
2.3424	0.00074625
2.3436	0.000746845
2.3448	0.000747441
2.346	0.000748037
2.3472	0.000748633
2.3484	0.000749229
2.3496	0.000749825
2.3508	0.000750422
2.352	0.000751019
2.3532	0.000751616
2.3544	0.000752213
2.3556	0.00075281
2.3568	0.000753408
2.358	0.000754006
2.3592	0.000754604
2.3604	0.000755202
2.3616	0.000755801
2.3628	0.0007564
2.364	0.000756998
2.3652	0.000757598
2.3664	0.000758197
2.3676	0.000758796
2.3688	0.000759396
2.37	0.000759996
2.3712	0.000760596
2.3724	0.000761197
2.3736	0.000761797
2.3748	0.000762398
2.376	0.000762999
2.3772	0.0007636
2.3784	0.000764202
2.3796	0.000764804
2.3808	0.000765405
2.382	0.000766007
2.3832	0.00076661
2.3844	0.000767212
2.3856	0.000767815
2.3868	0.000768418
2.388	0.000769021
2.3892	0.000769624
2.3904	0.000770228
2.3916	0.000770831
2.3928	0.000771435
2.394	0.000772039
2.3952	0.000772644
2.3964	0.000773248
2.3976	0.000773853
2.3988	0.000774458
2.4	0.000775063
2.4012	0.000775669
2.4024	0.000776274
2.4036	0.00077688
2.4048	0.000777486
2.406	0.000778092
2.4072	0.000778698
2.4084	0.000779305
2.4096	0.000779912
2.4108	0.000780519
2.412	0.000781126
2.4132	0.000781734
2.4144	0.000782341
2.4156	0.000782949
2.4168	0.000783557
2.418	0.000784165
2.4192	0.000784774
2.4204	0.000785382
2.4216	0.000785991
2.4228	0.0007866
2.424	0.000787209
2.4252	0.000787819
2.4264	0.000788429
2.4276	0.000789038
2.4288	0.000789649
2.43	0.000790259
2.4312	0.000790869
2.4324	0.00079148
2.4336	0.000792091
2.4348	0.000792702
2.436	0.000793313
2.4372	0.000793925
2.4384	0.000794536
2.4396	0.000795148
2.4408	0.00079576
2.442	0.000796373
2.4432	0.000796985
2.4444	0.000797598
2.4456	0.000798211
2.4468	0.000798824
2.448	0.000799437
2.4492	0.000800051
2.4504	0.000800664
2.4516	0.000801278
2.4528	0.000801892
2.454	0.000802507
2.4552	0.000803121
2.4564	0.000803736
2.4576	0.000804351
2.4588	0.000804966
2.46	0.000805581
2.4612	0.000806196
2.4624	0.000806812
2.4636	0.000807428
2.4648	0.000808044
2.466	0.00080866
2.4672	0.000809277
2.4684	0.000809894
2.4696	0.00081051
2.4708	0.000811128
2.472	0.000811745
2.4732	0.000812362
2.4744	0.00081298
2.4756	0.000813598
2.4768	0.000814216
2.478	0.000814834
2.4792	0.000815453
2.4804	0.000816071
2.4816	0.00081669
2.4828	0.000817309
2.484	0.000817928
2.4852	0.000818548
2.4864	0.000819168
2.4876	0.000819787
2.4888	0.000820407
2.49	0.000821028
2.4912	0.000821648
2.4924	0.000822269
2.4936	0.00082289
2.4948	0.000823511
2.496	0.000824132
2.4972	0.000824753
2.4984	0.000825375
2.4996	0.000825997
2.5008	0.000826619
2.502	0.000827241
2.5032	0.000827863
2.5044	0.000828486
2.5056	0.000829109
2.5068	0.000829731
2.508	0.000830355
2.5092	0.000830978
2.5104	0.000831602
2.5116	0.000832225
2.5128	0.000832849
2.514	0.000833473
2.5152	0.000834098
2.5164	0.000834722
2.5176	0.000835347
2.5188	0.000835972
2.52	0.000836597
2.5212	0.000837222
2.5224	0.000837848
2.5236	0.000838473
2.5248	0.000839099
2.526	0.000839725
2.5272	0.000840351
2.5284	0.000840978
2.5296	0.000841605
2.5308	0.000842231
2.532	0.000842858
2.5332	0.000843486
2.5344	0.000844113
2.5356	0.000844741
2.5368	0.000845368
2.538	0.000845996
2.5392	0.000846625
2.5404	0.000847253
2.5416	0.000847881
2.5428	0.00084851
2.544	0.000849139
2.5452	0.000849768
2.5464	0.000850397
2.5476	0.000851027
2.5488	0.000851657
2.55	0.000852287
2.5512	0.000852917
2.5524	0.000853547
2.5536	0.000854177
2.5548	0.000854808
2.556	0.000855439
2.5572	0.00085607
2.5584	0.000856701
2.5596	0.000857332
2.5608	0.000857964
2.562	0.000858596
2.5632	0.000859228
2.5644	0.00085986
2.5656	0.000860492
2.5668	0.000861125
2.568	0.000861757
2.5692	0.00086239
2.5704	0.000863023
2.5716	0.000863656
2.5728	0.00086429
2.574	0.000864924
2.5752	0.000865557
2.5764	0.000866191
2.5776	0.000866826
2.5788	0.00086746
2.58	0.000868094
2.5812	0.000868729
2.5824	0.000869364
2.5836	0.000869999
2.5848	0.000870635
2.586	0.00087127
2.5872	0.000871906
2.5884	0.000872542
2.5896	0.000873178
2.5908	0.000873814
2.592	0.00087445
2.5932	0.000875087
2.5944	0.000875724
2.5956	0.000876361
2.5968	0.000876998
2.598	0.000877635
2.5992	0.000878273
2.6004	0.00087891
2.6016	0.000879548
2.6028	0.000880186
2.604	0.000880825
2.6052	0.000881463
2.6064	0.000882102
2.6076	0.000882741
2.6088	0.00088338
2.61	0.000884019
2.6112	0.000884658
2.6124	0.000885298
2.6136	0.000885937
2.6148	0.000886577
2.616	0.000887217
2.6172	0.000887858
2.6184	0.000888498
2.6196	0.000889139
2.6208	0.00088978
2.622	0.000890421
2.6232	0.000891062
2.6244	0.000891703
2.6256	0.000892345
2.6268	0.000892986
2.628	0.000893628
2.6292	0.00089427
2.6304	0.000894913
2.6316	0.000895555
2.6328	0.000896198
2.634	0.00089684
2.6352	0.000897483
2.6364	0.000898127
2.6376	0.00089877
2.6388	0.000899413
2.64	0.000900057
2.6412	0.000900701
2.6424	0.000901345
2.6436	0.000901989
2.6448	0.000902634
2.646	0.000903278
2.6472	0.000903923
2.6484	0.000904568
2.6496	0.000905213
2.6508	0.000905859
2.652	0.000906504
2.6532	0.00090715
2.6544	0.000907796
2.6556	0.000908442
2.6568	0.000909088
2.658	0.000909734
2.6592	0.000910381
2.6604	0.000911027
2.6616	0.000911674
2.6628	0.000912321
2.664	0.000912969
2.6652	0.000913616
2.6664	0.000914264
2.6676	0.000914912
2.6688	0.000915559
2.67	0.000916208
2.6712	0.000916856
2.6724	0.000917504
2.6736	0.000918153
2.6748	0.000918802
2.676	0.000919451
2.6772	0.0009201
2.6784	0.00092075
2.6796	0.000921399
2.6808	0.000922049
2.682	0.000922699
2.6832	0.000923349
2.6844	0.000923999
2.6856	0.000924649
2.6868	0.0009253
2.688	0.000925951
2.6892	0.000926602
2.6904	0.000927253
2.6916	0.000927904
2.6928	0.000928556
2.694	0.000929207
2.6952	0.000929859
2.6964	0.000930511
2.6976	0.000931163
2.6988	0.000931816
2.7	0.000932468
2.7012	0.000933121
2.7024	0.000933774
2.7036	0.000934427
2.7048	0.00093508
2.706	0.000935733
2.7072	0.000936387
2.7084	0.00093704
2.7096	0.000937694
2.7108	0.000938348
2.712	0.000939003
2.7132	0.000939657
2.7144	0.000940312
2.7156	0.000940966
2.7168	0.000941621
2.718	0.000942276
2.7192	0.000942932
2.7204	0.000943587
2.7216	0.000944243
2.7228	0.000944898
2.724	0.000945554
2.7252	0.00094621
2.7264	0.000946867
2.7276	0.000947523
2.7288	0.00094818
2.73	0.000948836
2.7312	0.000949493
2.7324	0.00095015
2.7336	0.000950808
2.7348	0.000951465
2.736	0.000952123
2.7372	0.000952781
2.7384	0.000953439
2.7396	0.000954097
2.7408	0.000954755
2.742	0.000955413
2.7432	0.000956072
2.7444	0.000956731
2.7456	0.00095739
2.7468	0.000958049
2.748	0.000958708
2.7492	0.000959368
2.7504	0.000960027
2.7516	0.000960687
2.7528	0.000961347
2.754	0.000962007
2.7552	0.000962668
2.7564	0.000963328
2.7576	0.000963989
2.7588	0.00096465
2.76	0.000965311
2.7612	0.000965972
2.7624	0.000966633
2.7636	0.000967294
2.7648	0.000967956
2.766	0.000968618
2.7672	0.00096928
2.7684	0.000969942
2.7696	0.000970604
2.7708	0.000971267
2.772	0.000971929
2.7732	0.000972592
2.7744	0.000973255
2.7756	0.000973918
2.7768	0.000974581
2.778	0.000975245
2.7792	0.000975908
2.7804	0.000976572
2.7816	0.000977236
2.7828	0.0009779
2.784	0.000978564
2.7852	0.000979229
2.7864	0.000979893
2.7876	0.000980558
2.7888	0.000981223
2.79	0.000981888
2.7912	0.000982553
2.7924	0.000983219
2.7936	0.000983884
2.7948	0.00098455
2.796	0.000985216
2.7972	0.000985882
2.7984	0.000986548
2.7996	0.000987215
2.8008	0.000987881
2.802	0.000988548
2.8032	0.000989215
2.8044	0.000989882
2.8056	0.000990549
2.8068	0.000991216
2.808	0.000991884
2.8092	0.000992551
2.8104	0.000993219
2.8116	0.000993887
2.8128	0.000994555
2.814	0.000995223
2.8152	0.000995892
2.8164	0.000996561
2.8176	0.000997229
2.8188	0.000997898
2.82	0.000998567
2.8212	0.000999237
2.8224	0.000999906
2.8236	0.00100058
2.8248	0.00100125
2.826	0.00100192
2.8272	0.00100259
2.8284	0.00100326
2.8296	0.00100393
2.8308	0.0010046
2.832	0.00100527
2.8332	0.00100594
2.8344	0.00100661
2.8356	0.00100728
2.8368	0.00100795
2.838	0.00100862
2.8392	0.00100929
2.8404	0.00100997
2.8416	0.00101064
2.8428	0.00101131
2.844	0.00101198
2.8452	0.00101265
2.8464	0.00101333
2.8476	0.001014
2.8488	0.00101467
2.85	0.00101535
2.8512	0.00101602
2.8524	0.00101669
2.8536	0.00101737
2.8548	0.00101804
2.856	0.00101871
2.8572	0.00101939
2.8584	0.00102006
2.8596	0.00102074
2.8608	0.00102141
2.862	0.00102208
2.8632	0.00102276
2.8644	0.00102343
2.8656	0.00102411
2.8668	0.00102478
2.868	0.00102546
2.8692	0.00102614
2.8704	0.00102681
2.8716	0.00102749
2.8728	0.00102816
2.874	0.00102884
2.8752	0.00102951
2.8764	0.00103019
2.8776	0.00103087
2.8788	0.00103154
2.88	0.00103222
2.8812	0.0010329
2.8824	0.00103358
2.8836	0.00103425
2.8848	0.00103493
2.886	0.00103561
2.8872	0.00103629
2.8884	0.00103696
2.8896	0.00103764
2.8908	0.00103832
2.892	0.001039
2.8932	0.00103968
2.8944	0.00104036
2.8956	0.00104103
2.8968	0.00104171
2.898	0.00104239
2.8992	0.00104307
2.9004	0.00104375
2.9016	0.00104443
2.9028	0.00104511
2.904	0.00104579
2.9052	0.00104647
2.9064	0.00104715
2.9076	0.00104783
2.9088	0.00104851
2.91	0.00104919
2.9112	0.00104987
2.9124	0.00105055
2.9136	0.00105124
2.9148	0.00105192
2.916	0.0010526
2.9172	0.00105328
2.9184	0.00105396
2.9196	0.00105464
2.9208	0.00105532
2.922	0.00105601
2.9232	0.00105669
2.9244	0.00105737
2.9256	0.00105805
2.9268	0.00105874
2.928	0.00105942
2.9292	0.0010601
2.9304	0.00106079
2.9316	0.00106147
2.9328	0.00106215
2.934	0.00106284
2.9352	0.00106352
2.9364	0.0010642
2.9376	0.00106489
2.9388	0.00106557
2.94	0.00106626
2.9412	0.00106694
2.9424	0.00106762
2.9436	0.00106831
2.9448	0.00106899
2.946	0.00106968
2.9472	0.00107036
2.9484	0.00107105
2.9496	0.00107174
2.9508	0.00107242
2.952	0.00107311
2.9532	0.00107379
2.9544	0.00107448
2.9556	0.00107517
2.9568	0.00107585
2.958	0.00107654
2.9592	0.00107722
2.9604	0.00107791
2.9616	0.0010786
2.9628	0.00107929
2.964	0.00107997
2.9652	0.00108066
2.9664	0.00108135
2.9676	0.00108203
2.9688	0.00108272
2.97	0.00108341
2.9712	0.0010841
2.9724	0.00108479
2.9736	0.00108547
2.9748	0.00108616
2.976	0.00108685
2.9772	0.00108754
2.9784	0.00108823
2.9796	0.00108892
2.9808	0.00108961
2.982	0.0010903
2.9832	0.00109099
2.9844	0.00109168
2.9856	0.00109237
2.9868	0.00109306
2.988	0.00109375
2.9892	0.00109444
2.9904	0.00109513
2.9916	0.00109582
2.9928	0.00109651
2.994	0.0010972
2.9952	0.00109789
2.9964	0.00109858
2.9976	0.00109927
2.9988	0.00109996
3	0.00110065
3.0012	0.00110134
3.0024	0.00110204
3.0036	0.00110273
3.0048	0.00110342
3.006	0.00110411
3.0072	0.0011048
3.0084	0.0011055
3.0096	0.00110619
3.0108	0.00110688
3.012	0.00110757
3.0132	0.00110827
3.0144	0.00110896
3.0156	0.00110965
3.0168	0.00111035
3.018	0.00111104
3.0192	0.00111173
3.0204	0.00111243
3.0216	0.00111312
3.0228	0.00111382
3.024	0.00111451
3.0252	0.0011152
3.0264	0.0011159
3.0276	0.00111659
3.0288	0.00111729
3.03	0.00111798
3.0312	0.00111868
3.0324	0.00111937
3.0336	0.00112007
3.0348	0.00112076
3.036	0.00112146
3.0372	0.00112215
3.0384	0.00112285
3.0396	0.00112355
3.0408	0.00112424
3.042	0.00112494
3.0432	0.00112563
3.0444	0.00112633
3.0456	0.00112703
3.0468	0.00112772
3.048	0.00112842
3.0492	0.00112912
3.0504	0.00112982
3.0516	0.00113051
3.0528	0.00113121
3.054	0.00113191
3.0552	0.0011326
3.0564	0.0011333
3.0576	0.001134
3.0588	0.0011347
3.06	0.0011354
3.0612	0.00113609
3.0624	0.00113679
3.0636	0.00113749
3.0648	0.00113819
3.066	0.00113889
3.0672	0.00113959
3.0684	0.00114029
3.0696	0.00114099
3.0708	0.00114169
3.072	0.00114239
3.0732	0.00114308
3.0744	0.00114378
3.0756	0.00114448
3.0768	0.00114518
3.078	0.00114588
3.0792	0.00114658
3.0804	0.00114728
3.0816	0.00114799
3.0828	0.00114869
3.084	0.00114939
3.0852	0.00115009
3.0864	0.00115079
3.0876	0.00115149
3.0888	0.00115219
3.09	0.00115289
3.0912	0.00115359
3.0924	0.0011543
3.0936	0.001155
3.0948	0.0011557
3.096	0.0011564
3.0972	0.0011571
3.0984	0.00115781
3.0996	0.00115851
3.1008	0.00115921
3.102	0.00115991
3.1032	0.00116062
3.1044	0.00116132
3.1056	0.00116202
3.1068	0.00116272
3.108	0.00116343
3.1092	0.00116413
3.1104	0.00116484
3.1116	0.00116554
3.1128	0.00116624
3.114	0.00116695
3.1152	0.00116765
3.1164	0.00116835
3.1176	0.00116906
3.1188	0.00116976
3.12	0.00117047
3.1212	0.00117117
3.1224	0.00117188
3.1236	0.00117258
3.1248	0.00117329
3.126	0.00117399
3.1272	0.0011747
3.1284	0.0011754
3.1296	0.00117611
3.1308	0.00117681
3.132	0.00117752
3.1332	0.00117823
3.1344	0.00117893
3.1356	0.00117964
3.1368	0.00118034
3.138	0.00118105
3.1392	0.00118176
3.1404	0.00118246
3.1416	0.00118317
3.1428	0.00118388
3.144	0.00118458
3.1452	0.00118529
3.1464	0.001186
3.1476	0.00118671
3.1488	0.00118741
3.15	0.00118812
3.1512	0.00118883
3.1524	0.00118954
3.1536	0.00119025
3.1548	0.00119095
3.156	0.00119166
3.1572	0.00119237
3.1584	0.00119308
3.1596	0.00119379
3.1608	0.0011945
3.162	0.0011952
3.1632	0.00119591
3.1644	0.00119662
3.1656	0.00119733
3.1668	0.00119804
3.168	0.00119875
3.1692	0.00119946
3.1704	0.00120017
3.1716	0.00120088
3.1728	0.00120159
3.174	0.0012023
3.1752	0.00120301
3.1764	0.00120372
3.1776	0.00120443
3.1788	0.00120514
3.18	0.00120585
3.1812	0.00120656
3.1824	0.00120727
3.1836	0.00120798
3.1848	0.00120869
3.186	0.00120941
3.1872	0.00121012
3.1884	0.00121083
3.1896	0.00121154
3.1908	0.00121225
3.192	0.00121296
3.1932	0.00121367
3.1944	0.00121439
3.1956	0.0012151
3.1968	0.00121581
3.198	0.00121652
3.1992	0.00121724
3.2004	0.00121795
3.2016	0.00121866
3.2028	0.00121937
3.204	0.00122009
3.2052	0.0012208
3.2064	0.00122151
3.2076	0.00122223
3.2088	0.00122294
3.21	0.00122365
3.2112	0.00122437
3.2124	0.00122508
3.2136	0.00122579
3.2148	0.00122651
3.216	0.00122722
3.2172	0.00122794
3.2184	0.00122865
3.2196	0.00122937
3.2208	0.00123008
3.222	0.00123079
3.2232	0.00123151
3.2244	0.00123222
3.2256	0.00123294
3.2268	0.00123365
3.228	0.00123437
3.2292	0.00123508
3.2304	0.0012358
3.2316	0.00123652
3.2328	0.00123723
3.234	0.00123795
3.2352	0.00123866
3.2364	0.00123938
3.2376	0.00124009
3.2388	0.00124081
3.24	0.00124153
3.2412	0.00124224
3.2424	0.00124296
3.2436	0.00124368
3.2448	0.00124439
3.246	0.00124511
3.2472	0.00124583
3.2484	0.00124654
3.2496	0.00124726
3.2508	0.00124798
3.252	0.0012487
3.2532	0.00124941
3.2544	0.00125013
3.2556	0.00125085
3.2568	0.00125157
3.258	0.00125228
3.2592	0.001253
3.2604	0.00125372
3.2616	0.00125444
3.2628	0.00125516
3.264	0.00125588
3.2652	0.00125659
3.2664	0.00125731
3.2676	0.00125803
3.2688	0.00125875
3.27	0.00125947
3.2712	0.00126019
3.2724	0.00126091
3.2736	0.00126163
3.2748	0.00126235
3.276	0.00126307
3.2772	0.00126379
3.2784	0.00126451
3.2796	0.00126523
3.2808	0.00126595
3.282	0.00126667
3.2832	0.00126739
3.2844	0.00126811
3.2856	0.00126883
3.2868	0.00126955
3.288	0.00127027
3.2892	0.00127099
3.2904	0.00127171
3.2916	0.00127243
3.2928	0.00127315
3.294	0.00127387
3.2952	0.00127459
3.2964	0.00127532
3.2976	0.00127604
3.2988	0.00127676
3.3	0.00127748
3.3012	0.0012782
3.3024	0.00127892
3.3036	0.00127965
3.3048	0.00128037
3.306	0.00128109
3.3072	0.00128181
3.3084	0.00128253
3.3096	0.00128326
3.3108	0.00128398
3.312	0.0012847
3.3132	0.00128543
3.3144	0.00128615
3.3156	0.00128687
3.3168	0.00128759
3.318	0.00128832
3.3192	0.00128904
3.3204	0.00128976
3.3216	0.00129049
3.3228	0.00129121
3.324	0.00129193
3.3252	0.00129266
3.3264	0.00129338
3.3276	0.00129411
3.3288	0.00129483
3.33	0.00129555
3.3312	0.00129628
3.3324	0.001297
3.3336	0.00129773
3.3348	0.00129845
3.336	0.00129918
3.3372	0.0012999
3.3384	0.00130063
3.3396	0.00130135
3.3408	0.00130208
3.342	0.0013028
3.3432	0.00130353
3.3444	0.00130425
3.3456	0.00130498
3.3468	0.0013057
3.348	0.00130643
3.3492	0.00130716
3.3504	0.00130788
3.3516	0.00130861
3.3528	0.00130933
3.354	0.00131006
3.3552	0.00131079
3.3564	0.00131151
3.3576	0.00131224
3.3588	0.00131297
3.36	0.00131369
3.3612	0.00131442
3.3624	0.00131515
3.3636	0.00131587
3.3648	0.0013166
3.366	0.00131733
3.3672	0.00131805
3.3684	0.00131878
3.3696	0.00131951
3.3708	0.00132024
3.372	0.00132096
3.3732	0.00132169
3.3744	0.00132242
3.3756	0.00132315
3.3768	0.00132388
3.378	0.0013246
3.3792	0.00132533
3.3804	0.00132606
3.3816	0.00132679
3.3828	0.00132752
3.384	0.00132825
3.3852	0.00132897
3.3864	0.0013297
3.3876	0.00133043
3.3888	0.00133116
3.39	0.00133189
3.3912	0.00133262
3.3924	0.00133335
3.3936	0.00133408
3.3948	0.00133481
3.396	0.00133554
3.3972	0.00133627
3.3984	0.001337
3.3996	0.00133773
3.4008	0.00133846
3.402	0.00133919
3.4032	0.00133992
3.4044	0.00134065
3.4056	0.00134138
3.4068	0.00134211
3.408	0.00134284
3.4092	0.00134357
3.4104	0.0013443
3.4116	0.00134503
3.4128	0.00134576
3.414	0.00134649
3.4152	0.00134722
3.4164	0.00134795
3.4176	0.00134868
3.4188	0.00134941
3.42	0.00135015
3.4212	0.00135088
3.4224	0.00135161
3.4236	0.00135234
3.4248	0.00135307
3.426	0.0013538
3.4272	0.00135454
3.4284	0.00135527
3.4296	0.001356
3.4308	0.00135673
3.432	0.00135746
3.4332	0.0013582
3.4344	0.00135893
3.4356	0.00135966
3.4368	0.00136039
3.438	0.00136113
3.4392	0.00136186
3.4404	0.00136259
3.4416	0.00136333
3.4428	0.00136406
3.444	0.00136479
3.4452	0.00136552
3.4464	0.00136626
3.4476	0.00136699
3.4488	0.00136772
3.45	0.00136846
3.4512	0.00136919
3.4524	0.00136993
3.4536	0.00137066
3.4548	0.00137139
3.456	0.00137213
3.4572	0.00137286
3.4584	0.0013736
3.4596	0.00137433
3.4608	0.00137506
3.462	0.0013758
3.4632	0.00137653
3.4644	0.00137727
3.4656	0.001378
3.4668	0.00137874
3.468	0.00137947
3.4692	0.00138021
3.4704	0.00138094
3.4716	0.00138168
3.4728	0.00138241
3.474	0.00138315
3.4752	0.00138388
3.4764	0.00138462
3.4776	0.00138535
3.4788	0.00138609
3.48	0.00138682
3.4812	0.00138756
3.4824	0.0013883
3.4836	0.00138903
3.4848	0.00138977
3.486	0.0013905
3.4872	0.00139124
3.4884	0.00139198
3.4896	0.00139271
3.4908	0.00139345
3.492	0.00139419
3.4932	0.00139492
3.4944	0.00139566
3.4956	0.0013964
3.4968	0.00139713
3.498	0.00139787
3.4992	0.00139861
3.5004	0.00139934
3.5016	0.00140008
3.5028	0.00140082
3.504	0.00140156
3.5052	0.00140229
3.5064	0.00140303
3.5076	0.00140377
3.5088	0.00140451
3.51	0.00140524
3.5112	0.00140598
3.5124	0.00140672
3.5136	0.00140746
3.5148	0.00140819
3.516	0.00140893
3.5172	0.00140967
3.5184	0.00141041
3.5196	0.00141115
3.5208	0.00141189
3.522	0.00141262
3.5232	0.00141336
3.5244	0.0014141
3.5256	0.00141484
3.5268	0.00141558
3.528	0.00141632
3.5292	0.00141706
3.5304	0.0014178
3.5316	0.00141853
3.5328	0.00141927
3.534	0.00142001
3.5352	0.00142075
3.5364	0.00142149
3.5376	0.00142223
3.5388	0.00142297
3.54	0.00142371
3.5412	0.00142445
3.5424	0.00142519
3.5436	0.00142593
3.5448	0.00142667
3.546	0.00142741
3.5472	0.00142815
3.5484	0.00142889
3.5496	0.00142963
3.5508	0.00143037
3.552	0.00143111
3.5532	0.00143185
3.5544	0.00143259
3.5556	0.00143333
3.5568	0.00143407
3.558	0.00143481
3.5592	0.00143556
3.5604	0.0014363
3.5616	0.00143704
3.5628	0.00143778
3.564	0.00143852
3.5652	0.00143926
3.5664	0.00144
3.5676	0.00144074
3.5688	0.00144148
3.57	0.00144223
3.5712	0.00144297
3.5724	0.00144371
3.5736	0.00144445
3.5748	0.00144519
3.576	0.00144594
3.5772	0.00144668
3.5784	0.00144742
3.5796	0.00144816
3.5808	0.0014489
3.582	0.00144965
3.5832	0.00145039
3.5844	0.00145113
3.5856	0.00145187
3.5868	0.00145262
3.588	0.00145336
3.5892	0.0014541
3.5904	0.00145484
3.5916	0.00145559
3.5928	0.00145633
3.594	0.00145707
3.5952	0.00145781
3.5964	0.00145856
3.5976	0.0014593
3.5988	0.00146004
3.6	0.00146079
3.6012	0.00146153
3.6024	0.00146227
3.6036	0.00146302
3.6048	0.00146376
3.606	0.0014645
3.6072	0.00146525
3.6084	0.00146599
3.6096	0.00146674
3.6108	0.00146748
3.612	0.00146822
3.6132	0.00146897
3.6144	0.00146971
3.6156	0.00147046
3.6168	0.0014712
3.618	0.00147195
3.6192	0.00147269
3.6204	0.00147343
3.6216	0.00147418
3.6228	0.00147492
3.624	0.00147567
3.6252	0.00147641
3.6264	0.00147716
3.6276	0.0014779
3.6288	0.00147865
3.63	0.00147939
3.6312	0.00148014
3.6324	0.00148088
3.6336	0.00148163
3.6348	0.00148237
3.636	0.00148312
3.6372	0.00148386
3.6384	0.00148461
3.6396	0.00148535
3.6408	0.0014861
3.642	0.00148685
3.6432	0.00148759
3.6444	0.00148834
3.6456	0.00148908
3.6468	0.00148983
3.648	0.00149057
3.6492	0.00149132
3.6504	0.00149207
3.6516	0.00149281
3.6528	0.00149356
3.654	0.00149431
3.6552	0.00149505
3.6564	0.0014958
3.6576	0.00149654
3.6588	0.00149729
3.66	0.00149804
3.6612	0.00149878
3.6624	0.00149953
3.6636	0.00150028
3.6648	0.00150102
3.666	0.00150177
3.6672	0.00150252
3.6684	0.00150327
3.6696	0.00150401
3.6708	0.00150476
3.672	0.00150551
3.6732	0.00150625
3.6744	0.001507
3.6756	0.00150775
3.6768	0.0015085
3.678	0.00150924
3.6792	0.00150999
3.6804	0.00151074
3.6816	0.00151149
3.6828	0.00151223
3.684	0.00151298
3.6852	0.00151373
3.6864	0.00151448
3.6876	0.00151523
3.6888	0.00151597
3.69	0.00151672
3.6912	0.00151747
3.6924	0.00151822
3.6936	0.00151897
3.6948	0.00151972
3.696	0.00152046
3.6972	0.00152121
3.6984	0.00152196
3.6996	0.00152271
3.7008	0.00152346
3.702	0.00152421
3.7032	0.00152496
3.7044	0.0015257
3.7056	0.00152645
3.7068	0.0015272
3.708	0.00152795
3.7092	0.0015287
3.7104	0.00152945
3.7116	0.0015302
3.7128	0.00153095
3.714	0.0015317
3.7152	0.00153245
3.7164	0.0015332
3.7176	0.00153395
3.7188	0.00153469
3.72	0.00153544
3.7212	0.00153619
3.7224	0.00153694
3.7236	0.00153769
3.7248	0.00153844
3.726	0.00153919
3.7272	0.00153994
3.7284	0.00154069
3.7296	0.00154144
3.7308	0.00154219
3.732	0.00154294
3.7332	0.00154369
3.7344	0.00154444
3.7356	0.00154519
3.7368	0.00154594
3.738	0.00154669
3.7392	0.00154744
3.7404	0.0015482
3.7416	0.00154895
3.7428	0.0015497
3.744	0.00155045
3.7452	0.0015512
3.7464	0.00155195
3.7476	0.0015527
3.7488	0.00155345
3.75	0.0015542
3.7512	0.00155495
3.7524	0.0015557
3.7536	0.00155645
3.7548	0.00155721
3.756	0.00155796
3.7572	0.00155871
3.7584	0.00155946
3.7596	0.00156021
3.7608	0.00156096
3.762	0.00156171
3.7632	0.00156246
3.7644	0.00156322
3.7656	0.00156397
3.7668	0.00156472
3.768	0.00156547
3.7692	0.00156622
3.7704	0.00156697
3.7716	0.00156773
3.7728	0.00156848
3.774	0.00156923
3.7752	0.00156998
3.7764	0.00157073
3.7776	0.00157149
3.7788	0.00157224
3.78	0.00157299
3.7812	0.00157374
3.7824	0.0015745
3.7836	0.00157525
3.7848	0.001576
3.786	0.00157675
3.7872	0.0015775
3.7884	0.00157826
3.7896	0.00157901
3.7908	0.00157976
3.792	0.00158052
3.7932	0.00158127
3.7944	0.00158202
3.7956	0.00158277
3.7968	0.00158353
3.798	0.00158428
3.7992	0.00158503
3.8004	0.00158579
3.8016	0.00158654
3.8028	0.00158729
3.804	0.00158804
3.8052	0.0015888
3.8064	0.00158955
3.8076	0.0015903
3.8088	0.00159106
3.81	0.00159181
3.8112	0.00159256
3.8124	0.00159332
3.8136	0.00159407
3.8148	0.00159482
3.816	0.00159558
3.8172	0.00159633
3.8184	0.00159709
3.8196	0.00159784
3.8208	0.00159859
3.822	0.00159935
3.8232	0.0016001
3.8244	0.00160086
3.8256	0.00160161
3.8268	0.00160236
3.828	0.00160312
3.8292	0.00160387
3.8304	0.00160463
3.8316	0.00160538
3.8328	0.00160613
3.834	0.00160689
3.8352	0.00160764
3.8364	0.0016084
3.8376	0.00160915
3.8388	0.00160991
3.84	0.00161066
3.8412	0.00161141
3.8424	0.00161217
3.8436	0.00161292
3.8448	0.00161368
3.846	0.00161443
3.8472	0.00161519
3.8484	0.00161594
3.8496	0.0016167
3.8508	0.00161745
3.852	0.00161821
3.8532	0.00161896
3.8544	0.00161972
3.8556	0.00162047
3.8568	0.00162123
3.858	0.00162198
3.8592	0.00162274
3.8604	0.00162349
3.8616	0.00162425
3.8628	0.001625
3.864	0.00162576
3.8652	0.00162651
3.8664	0.00162727
3.8676	0.00162802
3.8688	0.00162878
3.87	0.00162954
3.8712	0.00163029
3.8724	0.00163105
3.8736	0.0016318
3.8748	0.00163256
3.876	0.00163331
3.8772	0.00163407
3.8784	0.00163483
3.8796	0.00163558
3.8808	0.00163634
3.882	0.00163709
3.8832	0.00163785
3.8844	0.00163861
3.8856	0.00163936
3.8868	0.00164012
3.888	0.00164087
3.8892	0.00164163
3.8904	0.00164239
3.8916	0.00164314
3.8928	0.0016439
3.894	0.00164465
3.8952	0.00164541
3.8964	0.00164617
3.8976	0.00164692
3.8988	0.00164768
3.9	0.00164844
3.9012	0.00164919
3.9024	0.00164995
3.9036	0.00165071
3.9048	0.00165146
3.906	0.00165222
3.9072	0.00165298
3.9084	0.00165373
3.9096	0.00165449
3.9108	0.00165525
3.912	0.001656
3.9132	0.00165676
3.9144	0.00165752
3.9156	0.00165827
3.9168	0.00165903
3.918	0.00165979
3.9192	0.00166054
3.9204	0.0016613
3.9216	0.00166206
3.9228	0.00166282
3.924	0.00166357
3.9252	0.00166433
3.9264	0.00166509
3.9276	0.00166584
3.9288	0.0016666
3.93	0.00166736
3.9312	0.00166812
3.9324	0.00166887
3.9336	0.00166963
3.9348	0.00167039
3.936	0.00167115
3.9372	0.0016719
3.9384	0.00167266
3.9396	0.00167342
3.9408	0.00167418
3.942	0.00167493
3.9432	0.00167569
3.9444	0.00167645
3.9456	0.00167721
3.9468	0.00167796
3.948	0.00167872
3.9492	0.00167948
3.9504	0.00168024
3.9516	0.001681
3.9528	0.00168175
3.954	0.00168251
3.9552	0.00168327
3.9564	0.00168403
3.9576	0.00168479
3.9588	0.00168554
3.96	0.0016863
3.9612	0.00168706
3.9624	0.00168782
3.9636	0.00168858
3.9648	0.00168934
3.966	0.00169009
3.9672	0.00169085
3.9684	0.00169161
3.9696	0.00169237
3.9708	0.00169313
3.972	0.00169389
3.9732	0.00169464
3.9744	0.0016954
3.9756	0.00169616
3.9768	0.00169692
3.978	0.00169768
3.9792	0.00169844
3.9804	0.00169919
3.9816	0.00169995
3.9828	0.00170071
3.984	0.00170147
3.9852	0.00170223
3.9864	0.00170299
3.9876	0.00170375
3.9888	0.00170451
3.99	0.00170526
3.9912	0.00170602
3.9924	0.00170678
3.9936	0.00170754
3.9948	0.0017083
3.996	0.00170906
3.9972	0.00170982
3.9984	0.00171058
3.9996	0.00171134
4.0008	0.00171209
4.002	0.00171285
4.0032	0.00171361
4.0044	0.00171437
4.0056	0.00171513
4.0068	0.00171589
4.008	0.00171665
4.0092	0.00171741
4.0104	0.00171817
4.0116	0.00171893
4.0128	0.00171969
4.014	0.00172045
4.0152	0.00172121
4.0164	0.00172196
4.0176	0.00172272
4.0188	0.00172348
4.02	0.00172424
4.0212	0.001725
4.0224	0.00172576
4.0236	0.00172652
4.0248	0.00172728
4.026	0.00172804
4.0272	0.0017288
4.0284	0.00172956
4.0296	0.00173032
4.0308	0.00173108
4.032	0.00173184
4.0332	0.0017326
4.0344	0.00173336
4.0356	0.00173412
4.0368	0.00173488
4.038	0.00173564
4.0392	0.0017364
4.0404	0.00173716
4.0416	0.00173792
4.0428	0.00173868
4.044	0.00173944
4.0452	0.0017402
4.0464	0.00174096
4.0476	0.00174172
4.0488	0.00174248
4.05	0.00174324
4.0512	0.001744
4.0524	0.00174476
4.0536	0.00174552
4.0548	0.00174628
4.056	0.00174704
4.0572	0.0017478
4.0584	0.00174856
4.0596	0.00174932
4.0608	0.00175008
4.062	0.00175084
4.0632	0.0017516
4.0644	0.00175236
4.0656	0.00175312
4.0668	0.00175388
4.068	0.00175464
4.0692	0.0017554
4.0704	0.00175616
4.0716	0.00175692
4.0728	0.00175768
4.074	0.00175844
4.0752	0.0017592
4.0764	0.00175996
4.0776	0.00176072
4.0788	0.00176148
4.08	0.00176224
4.0812	0.001763
4.0824	0.00176376
4.0836	0.00176452
4.0848	0.00176528
4.086	0.00176604
4.0872	0.0017668
4.0884	0.00176756
4.0896	0.00176833
4.0908	0.00176909
4.092	0.00176985
4.0932	0.00177061
4.0944	0.00177137
4.0956	0.00177213
4.0968	0.00177289
4.098	0.00177365
4.0992	0.00177441
4.1004	0.00177517
4.1016	0.00177593
4.1028	0.00177669
4.104	0.00177745
4.1052	0.00177821
4.1064	0.00177897
4.1076	0.00177974
4.1088	0.0017805
4.11	0.00178126
4.1112	0.00178202
4.1124	0.00178278
4.1136	0.00178354
4.1148	0.0017843
4.116	0.00178506
4.1172	0.00178582
4.1184	0.00178658
4.1196	0.00178734
4.1208	0.0017881
4.122	0.00178887
4.1232	0.00178963
4.1244	0.00179039
4.1256	0.00179115
4.1268	0.00179191
4.128	0.00179267
4.1292	0.00179343
4.1304	0.00179419
4.1316	0.00179495
4.1328	0.00179571
4.134	0.00179648
4.1352	0.00179724
4.1364	0.001798
4.1376	0.00179876
4.1388	0.00179952
4.14	0.00180028
4.1412	0.00180104
4.1424	0.0018018
4.1436	0.00180256
4.1448	0.00180333
4.146	0.00180409
4.1472	0.00180485
4.1484	0.00180561
4.1496	0.00180637
4.1508	0.00180713
4.152	0.00180789
4.1532	0.00180865
4.1544	0.00180942
4.1556	0.00181018
4.1568	0.00181094
4.158	0.0018117
4.1592	0.00181246
4.1604	0.00181322
4.1616	0.00181398
4.1628	0.00181474
4.164	0.00181551
4.1652	0.00181627
4.1664	0.00181703
4.1676	0.00181779
4.1688	0.00181855
4.17	0.00181931
4.1712	0.00182007
4.1724	0.00182083
4.1736	0.0018216
4.1748	0.00182236
4.176	0.00182312
4.1772	0.00182388
4.1784	0.00182464
4.1796	0.0018254
4.1808	0.00182616
4.182	0.00182693
4.1832	0.00182769
4.1844	0.00182845
4.1856	0.00182921
4.1868	0.00182997
4.188	0.00183073
4.1892	0.00183149
4.1904	0.00183226
4.1916	0.00183302
4.1928	0.00183378
4.194	0.00183454
4.1952	0.0018353
4.1964	0.00183606
4.1976	0.00183682
4.1988	0.00183759
4.2	0.00183835
4.2012	0.00183911
4.2024	0.00183987
4.2036	0.00184063
4.2048	0.00184139
4.206	0.00184216
4.2072	0.00184292
4.2084	0.00184368
4.2096	0.00184444
4.2108	0.0018452
4.212	0.00184596
4.2132	0.00184672
4.2144	0.00184749
4.2156	0.00184825
4.2168	0.00184901
4.218	0.00184977
4.2192	0.00185053
4.2204	0.00185129
4.2216	0.00185206
4.2228	0.00185282
4.224	0.00185358
4.2252	0.00185434
4.2264	0.0018551
4.2276	0.00185586
4.2288	0.00185662
4.23	0.00185739
4.2312	0.00185815
4.2324	0.00185891
4.2336	0.00185967
4.2348	0.00186043
4.236	0.00186119
4.2372	0.00186196
4.2384	0.00186272
4.2396	0.00186348
4.2408	0.00186424
4.242	0.001865
4.2432	0.00186576
4.2444	0.00186653
4.2456	0.00186729
4.2468	0.00186805
4.248	0.00186881
4.2492	0.00186957
4.2504	0.00187033
4.2516	0.00187109
4.2528	0.00187186
4.254	0.00187262
4.2552	0.00187338
4.2564	0.00187414
4.2576	0.0018749
4.2588	0.00187566
4.26	0.00187643
4.2612	0.00187719
4.2624	0.00187795
4.2636	0.00187871
4.2648	0.00187947
4.266	0.00188023
4.2672	0.00188099
4.2684	0.00188176
4.2696	0.00188252
4.2708	0.00188328
4.272	0.00188404
4.2732	0.0018848
4.2744	0.00188556
4.2756	0.00188633
4.2768	0.00188709
4.278	0.00188785
4.2792	0.00188861
4.2804	0.00188937
4.2816	0.00189013
4.2828	0.00189089
4.284	0.00189166
4.2852	0.00189242
4.2864	0.00189318
4.2876	0.00189394
4.2888	0.0018947
4.29	0.00189546
4.2912	0.00189623
4.2924	0.00189699
4.2936	0.00189775
4.2948	0.00189851
4.296	0.00189927
4.2972	0.00190003
4.2984	0.00190079
4.2996	0.00190156
4.3008	0.00190232
4.302	0.00190308
4.3032	0.00190384
4.3044	0.0019046
4.3056	0.00190536
4.3068	0.00190612
4.308	0.00190689
4.3092	0.00190765
4.3104	0.00190841
4.3116	0.00190917
4.3128	0.00190993
4.314	0.00191069
4.3152	0.00191145
4.3164	0.00191221
4.3176	0.00191298
4.3188	0.00191374
4.32	0.0019145
4.3212	0.00191526
4.3224	0.00191602
4.3236	0.00191678
4.3248	0.00191754
4.326	0.00191831
4.3272	0.00191907
4.3284	0.00191983
4.3296	0.00192059
4.3308	0.00192135
4.332	0.00192211
4.3332	0.00192287
4.3344	0.00192363
4.3356	0.0019244
4.3368	0.00192516
4.338	0.00192592
4.3392	0.00192668
4.3404	0.00192744
4.3416	0.0019282
4.3428	0.00192896
4.344	0.00192972
4.3452	0.00193048
4.3464	0.00193125
4.3476	0.00193201
4.3488	0.00193277
4.35	0.00193353
4.3512	0.00193429
4.3524	0.00193505
4.3536	0.00193581
4.3548	0.00193657
4.356	0.00193733
4.3572	0.0019381
4.3584	0.00193886
4.3596	0.00193962
4.3608	0.00194038
4.362	0.00194114
4.3632	0.0019419
4.3644	0.00194266
4.3656	0.00194342
4.3668	0.00194418
4.368	0.00194494
4.3692	0.0019457
4.3704	0.00194647
4.3716	0.00194723
4.3728	0.00194799
4.374	0.00194875
4.3752	0.00194951
4.3764	0.00195027
4.3776	0.00195103
4.3788	0.00195179
4.38	0.00195255
4.3812	0.00195331
4.3824	0.00195407
4.3836	0.00195483
4.3848	0.0019556
4.386	0.00195636
4.3872	0.00195712
4.3884	0.00195788
4.3896	0.00195864
4.3908	0.0019594
4.392	0.00196016
4.3932	0.00196092
4.3944	0.00196168
4.3956	0.00196244
4.3968	0.0019632
4.398	0.00196396
4.3992	0.00196472
4.4004	0.00196548
4.4016	0.00196624
4.4028	0.001967
4.404	0.00196777
4.4052	0.00196853
4.4064	0.00196929
4.4076	0.00197005
4.4088	0.00197081
4.41	0.00197157
4.4112	0.00197233
4.4124	0.00197309
4.4136	0.00197385
4.4148	0.00197461
4.416	0.00197537
4.4172	0.00197613
4.4184	0.00197689
4.4196	0.00197765
4.4208	0.00197841
4.422	0.00197917
4.4232	0.00197993
4.4244	0.00198069
4.4256	0.00198145
4.4268	0.00198221
4.428	0.00198297
4.4292	0.00198373
4.4304	0.00198449
4.4316	0.00198525
4.4328	0.00198601
4.434	0.00198677
4.4352	0.00198753
4.4364	0.00198829
4.4376	0.00198905
4.4388	0.00198981
4.44	0.00199057
4.4412	0.00199133
4.4424	0.00199209
4.4436	0.00199285
4.4448	0.00199361
4.446	0.00199437
4.4472	0.00199513
4.4484	0.00199589
4.4496	0.00199665
4.4508	0.00199741
4.452	0.00199817
4.4532	0.00199893
4.4544	0.00199969
4.4556	0.00200045
4.4568	0.00200121
4.458	0.00200197
4.4592	0.00200273
4.4604	0.00200349
4.4616	0.00200425
4.4628	0.00200501
4.464	0.00200577
4.4652	0.00200653
4.4664	0.00200729
4.4676	0.00200805
4.4688	0.0020088
4.47	0.00200956
4.4712	0.00201032
4.4724	0.00201108
4.4736	0.00201184
4.4748	0.0020126
4.476	0.00201336
4.4772	0.00201412
4.4784	0.00201488
4.4796	0.00201564
4.4808	0.0020164
4.482	0.00201716
4.4832	0.00201792
4.4844	0.00201868
4.4856	0.00201943
4.4868	0.00202019
4.488	0.00202095
4.4892	0.00202171
4.4904	0.00202247
4.4916	0.00202323
4.4928	0.00202399
4.494	0.00202475
4.4952	0.00202551
4.4964	0.00202627
4.4976	0.00202702
4.4988	0.00202778
4.5	0.00202854
4.5012	0.0020293
4.5024	0.00203006
4.5036	0.00203082
4.5048	0.00203158
4.506	0.00203234
4.5072	0.0020331
4.5084	0.00203385
4.5096	0.00203461
4.5108	0.00203537
4.512	0.00203613
4.5132	0.00203689
4.5144	0.00203765
4.5156	0.00203841
4.5168	0.00203916
4.518	0.00203992
4.5192	0.00204068
4.5204	0.00204144
4.5216	0.0020422
4.5228	0.00204296
4.524	0.00204371
4.5252	0.00204447
4.5264	0.00204523
4.5276	0.00204599
4.5288	0.00204675
4.53	0.00204751
4.5312	0.00204826
4.5324	0.00204902
4.5336	0.00204978
4.5348	0.00205054
4.536	0.0020513
4.5372	0.00205205
4.5384	0.00205281
4.5396	0.00205357
4.5408	0.00205433
4.542	0.00205509
4.5432	0.00205584
4.5444	0.0020566
4.5456	0.00205736
4.5468	0.00205812
4.548	0.00205887
4.5492	0.00205963
4.5504	0.00206039
4.5516	0.00206115
4.5528	0.0020619
4.554	0.00206266
4.5552	0.00206342
4.5564	0.00206418
4.5576	0.00206494
4.5588	0.00206569
4.56	0.00206645
4.5612	0.00206721
4.5624	0.00206796
4.5636	0.00206872
4.5648	0.00206948
4.566	0.00207024
4.5672	0.00207099
4.5684	0.00207175
4.5696	0.00207251
4.5708	0.00207327
4.572	0.00207402
4.5732	0.00207478
4.5744	0.00207554
4.5756	0.00207629
4.5768	0.00207705
4.578	0.00207781
4.5792	0.00207856
4.5804	0.00207932
4.5816	0.00208008
4.5828	0.00208084
4.584	0.00208159
4.5852	0.00208235
4.5864	0.00208311
4.5876	0.00208386
4.5888	0.00208462
4.59	0.00208538
4.5912	0.00208613
4.5924	0.00208689
4.5936	0.00208765
4.5948	0.0020884
4.596	0.00208916
4.5972	0.00208991
4.5984	0.00209067
4.5996	0.00209143
4.6008	0.00209218
4.602	0.00209294
4.6032	0.0020937
4.6044	0.00209445
4.6056	0.00209521
4.6068	0.00209596
4.608	0.00209672
4.6092	0.00209748
4.6104	0.00209823
4.6116	0.00209899
4.6128	0.00209974
4.614	0.0021005
4.6152	0.00210126
4.6164	0.00210201
4.6176	0.00210277
4.6188	0.00210352
4.62	0.00210428
4.6212	0.00210504
4.6224	0.00210579
4.6236	0.00210655
4.6248	0.0021073
4.626	0.00210806
4.6272	0.00210881
4.6284	0.00210957
4.6296	0.00211032
4.6308	0.00211108
4.632	0.00211184
4.6332	0.00211259
4.6344	0.00211335
4.6356	0.0021141
4.6368	0.00211486
4.638	0.00211561
4.6392	0.00211637
4.6404	0.00211712
4.6416	0.00211788
4.6428	0.00211863
4.644	0.00211939
4.6452	0.00212014
4.6464	0.0021209
4.6476	0.00212165
4.6488	0.00212241
4.65	0.00212316
4.6512	0.00212392
4.6524	0.00212467
4.6536	0.00212543
4.6548	0.00212618
4.656	0.00212694
4.6572	0.00212769
4.6584	0.00212844
4.6596	0.0021292
4.6608	0.00212995
4.662	0.00213071
4.6632	0.00213146
4.6644	0.00213222
4.6656	0.00213297
4.6668	0.00213372
4.668	0.00213448
4.6692	0.00213523
4.6704	0.00213599
4.6716	0.00213674
4.6728	0.0021375
4.674	0.00213825
4.6752	0.002139
4.6764	0.00213976
4.6776	0.00214051
4.6788	0.00214127
4.68	0.00214202
4.6812	0.00214277
4.6824	0.00214353
4.6836	0.00214428
4.6848	0.00214503
4.686	0.00214579
4.6872	0.00214654
4.6884	0.00214729
4.6896	0.00214805
4.6908	0.0021488
4.692	0.00214955
4.6932	0.00215031
4.6944	0.00215106
4.6956	0.00215181
4.6968	0.00215257
4.698	0.00215332
4.6992	0.00215407
4.7004	0.00215483
4.7016	0.00215558
4.7028	0.00215633
4.704	0.00215709
4.7052	0.00215784
4.7064	0.00215859
4.7076	0.00215934
4.7088	0.0021601
4.71	0.00216085
4.7112	0.0021616
4.7124	0.00216236
4.7136	0.00216311
4.7148	0.00216386
4.716	0.00216461
4.7172	0.00216537
4.7184	0.00216612
4.7196	0.00216687
4.7208	0.00216762
4.722	0.00216837
4.7232	0.00216913
4.7244	0.00216988
4.7256	0.00217063
4.7268	0.00217138
4.728	0.00217214
4.7292	0.00217289
4.7304	0.00217364
4.7316	0.00217439
4.7328	0.00217514
4.734	0.00217589
4.7352	0.00217665
4.7364	0.0021774
4.7376	0.00217815
4.7388	0.0021789
4.74	0.00217965
4.7412	0.0021804
4.7424	0.00218116
4.7436	0.00218191
4.7448	0.00218266
4.746	0.00218341
4.7472	0.00218416
4.7484	0.00218491
4.7496	0.00218566
4.7508	0.00218642
4.752	0.00218717
4.7532	0.00218792
4.7544	0.00218867
4.7556	0.00218942
4.7568	0.00219017
4.758	0.00219092
4.7592	0.00219167
4.7604	0.00219242
4.7616	0.00219317
4.7628	0.00219392
4.764	0.00219467
4.7652	0.00219543
4.7664	0.00219618
4.7676	0.00219693
4.7688	0.00219768
4.77	0.00219843
4.7712	0.00219918
4.7724	0.00219993
4.7736	0.00220068
4.7748	0.00220143
4.776	0.00220218
4.7772	0.00220293
4.7784	0.00220368
4.7796	0.00220443
4.7808	0.00220518
4.782	0.00220593
4.7832	0.00220668
4.7844	0.00220743
4.7856	0.00220818
4.7868	0.00220893
4.788	0.00220968
4.7892	0.00221043
4.7904	0.00221118
4.7916	0.00221192
4.7928	0.00221267
4.794	0.00221342
4.7952	0.00221417
4.7964	0.00221492
4.7976	0.00221567
4.7988	0.00221642
4.8	0.00221717
4.8012	0.00221792
4.8024	0.00221867
4.8036	0.00221942
4.8048	0.00222017
4.806	0.00222091
4.8072	0.00222166
4.8084	0.00222241
4.8096	0.00222316
4.8108	0.00222391
4.812	0.00222466
4.8132	0.00222541
4.8144	0.00222615
4.8156	0.0022269
4.8168	0.00222765
4.818	0.0022284
4.8192	0.00222915
4.8204	0.0022299
4.8216	0.00223064
4.8228	0.00223139
4.824	0.00223214
4.8252	0.00223289
4.8264	0.00223364
4.8276	0.00223438
4.8288	0.00223513
4.83	0.00223588
4.8312	0.00223663
4.8324	0.00223737
4.8336	0.00223812
4.8348	0.00223887
4.836	0.00223962
4.8372	0.00224036
4.8384	0.00224111
4.8396	0.00224186
4.8408	0.00224261
4.842	0.00224335
4.8432	0.0022441
4.8444	0.00224485
4.8456	0.00224559
4.8468	0.00224634
4.848	0.00224709
4.8492	0.00224784
4.8504	0.00224858
4.8516	0.00224933
4.8528	0.00225008
4.854	0.00225082
4.8552	0.00225157
4.8564	0.00225232
4.8576	0.00225306
4.8588	0.00225381
4.86	0.00225455
4.8612	0.0022553
4.8624	0.00225605
4.8636	0.00225679
4.8648	0.00225754
4.866	0.00225829
4.8672	0.00225903
4.8684	0.00225978
4.8696	0.00226052
4.8708	0.00226127
4.872	0.00226201
4.8732	0.00226276
4.8744	0.00226351
4.8756	0.00226425
4.8768	0.002265
4.878	0.00226574
4.8792	0.00226649
4.8804	0.00226723
4.8816	0.00226798
4.8828	0.00226872
4.884	0.00226947
4.8852	0.00227021
4.8864	0.00227096
4.8876	0.0022717
4.8888	0.00227245
4.89	0.00227319
4.8912	0.00227394
4.8924	0.00227468
4.8936	0.00227543
4.8948	0.00227617
4.896	0.00227692
4.8972	0.00227766
4.8984	0.00227841
4.8996	0.00227915
4.9008	0.00227989
4.902	0.00228064
4.9032	0.00228138
4.9044	0.00228213
4.9056	0.00228287
4.9068	0.00228362
4.908	0.00228436
4.9092	0.0022851
4.9104	0.00228585
4.9116	0.00228659
4.9128	0.00228733
4.914	0.00228808
4.9152	0.00228882
4.9164	0.00228957
4.9176	0.00229031
4.9188	0.00229105
4.92	0.0022918
4.9212	0.00229254
4.9224	0.00229328
4.9236	0.00229403
4.9248	0.00229477
4.926	0.00229551
4.9272	0.00229625
4.9284	0.002297
4.9296	0.00229774
4.9308	0.00229848
4.932	0.00229923
4.9332	0.00229997
4.9344	0.00230071
4.9356	0.00230145
4.9368	0.0023022
4.938	0.00230294
4.9392	0.00230368
4.9404	0.00230442
4.9416	0.00230516
4.9428	0.00230591
4.944	0.00230665
4.9452	0.00230739
4.9464	0.00230813
4.9476	0.00230887
4.9488	0.00230962
4.95	0.00231036
4.9512	0.0023111
4.9524	0.00231184
4.9536	0.00231258
4.9548	0.00231332
4.956	0.00231407
4.9572	0.00231481
4.9584	0.00231555
4.9596	0.00231629
4.9608	0.00231703
4.962	0.00231777
4.9632	0.00231851
4.9644	0.00231925
4.9656	0.00232
4.9668	0.00232074
4.968	0.00232148
4.9692	0.00232222
4.9704	0.00232296
4.9716	0.0023237
4.9728	0.00232444
4.974	0.00232518
4.9752	0.00232592
4.9764	0.00232666
4.9776	0.0023274
4.9788	0.00232814
4.98	0.00232888
4.9812	0.00232962
4.9824	0.00233036
4.9836	0.0023311
4.9848	0.00233184
4.986	0.00233258
4.9872	0.00233332
4.9884	0.00233406
4.9896	0.0023348
4.9908	0.00233554
4.992	0.00233628
4.9932	0.00233702
4.9944	0.00233776
4.9956	0.0023385
4.9968	0.00233923
4.998	0.00233997
4.9992	0.00234071
5.0004	0.00234145
5.0016	0.00234219
5.0028	0.00234293
5.004	0.00234367
5.0052	0.00234441
5.0064	0.00234515
5.0076	0.00234588
5.0088	0.00234662
5.01	0.00234736
5.0112	0.0023481
5.0124	0.00234884
5.0136	0.00234958
5.0148	0.00235031
5.016	0.00235105
5.0172	0.00235179
5.0184	0.00235253
5.0196	0.00235327
5.0208	0.002354
5.022	0.00235474
5.0232	0.00235548
5.0244	0.00235622
5.0256	0.00235695
5.0268	0.00235769
5.028	0.00235843
5.0292	0.00235917
5.0304	0.0023599
5.0316	0.00236064
5.0328	0.00236138
5.034	0.00236211
5.0352	0.00236285
5.0364	0.00236359
5.0376	0.00236432
5.0388	0.00236506
5.04	0.0023658
5.0412	0.00236653
5.0424	0.00236727
5.0436	0.00236801
5.0448	0.00236874
5.046	0.00236948
5.0472	0.00237022
5.0484	0.00237095
5.0496	0.00237169
5.0508	0.00237242
5.052	0.00237316
5.0532	0.0023739
5.0544	0.00237463
5.0556	0.00237537
5.0568	0.0023761
5.058	0.00237684
5.0592	0.00237757
5.0604	0.00237831
5.0616	0.00237904
5.0628	0.00237978
5.064	0.00238051
5.0652	0.00238125
5.0664	0.00238198
5.0676	0.00238272
5.0688	0.00238345
5.07	0.00238419
5.0712	0.00238492
5.0724	0.00238566
5.0736	0.00238639
5.0748	0.00238713
5.076	0.00238786
5.0772	0.0023886
5.0784	0.00238933
5.0796	0.00239006
5.0808	0.0023908
5.082	0.00239153
5.0832	0.00239227
5.0844	0.002393
5.0856	0.00239373
5.0868	0.00239447
5.088	0.0023952
5.0892	0.00239594
5.0904	0.00239667
5.0916	0.0023974
5.0928	0.00239814
5.094	0.00239887
5.0952	0.0023996
5.0964	0.00240033
5.0976	0.00240107
5.0988	0.0024018
5.1	0.00240253
5.1012	0.00240327
5.1024	0.002404
5.1036	0.00240473
5.1048	0.00240546
5.106	0.0024062
5.1072	0.00240693
5.1084	0.00240766
5.1096	0.00240839
5.1108	0.00240913
5.112	0.00240986
5.1132	0.00241059
5.1144	0.00241132
5.1156	0.00241205
5.1168	0.00241279
5.118	0.00241352
5.1192	0.00241425
5.1204	0.00241498
5.1216	0.00241571
5.1228	0.00241644
5.124	0.00241718
5.1252	0.00241791
5.1264	0.00241864
5.1276	0.00241937
5.1288	0.0024201
5.13	0.00242083
5.1312	0.00242156
5.1324	0.00242229
5.1336	0.00242302
5.1348	0.00242375
5.136	0.00242448
5.1372	0.00242521
5.1384	0.00242595
5.1396	0.00242668
5.1408	0.00242741
5.142	0.00242814
5.1432	0.00242887
5.1444	0.0024296
5.1456	0.00243033
5.1468	0.00243106
5.148	0.00243179
5.1492	0.00243251
5.1504	0.00243324
5.1516	0.00243397
5.1528	0.0024347
5.154	0.00243543
5.1552	0.00243616
5.1564	0.00243689
5.1576	0.00243762
5.1588	0.00243835
5.16	0.00243908
5.1612	0.00243981
5.1624	0.00244054
5.1636	0.00244126
5.1648	0.00244199
5.166	0.00244272
5.1672	0.00244345
5.1684	0.00244418
5.1696	0.00244491
5.1708	0.00244564
5.172	0.00244636
5.1732	0.00244709
5.1744	0.00244782
5.1756	0.00244855
5.1768	0.00244927
5.178	0.00245
5.1792	0.00245073
5.1804	0.00245146
5.1816	0.00245219
5.1828	0.00245291
5.184	0.00245364
5.1852	0.00245437
5.1864	0.00245509
5.1876	0.00245582
5.1888	0.00245655
5.19	0.00245728
5.1912	0.002458
5.1924	0.00245873
5.1936	0.00245946
5.1948	0.00246018
5.196	0.00246091
5.1972	0.00246163
5.1984	0.00246236
5.1996	0.00246309
5.2008	0.00246381
5.202	0.00246454
5.2032	0.00246527
5.2044	0.00246599
5.2056	0.00246672
5.2068	0.00246744
5.208	0.00246817
5.2092	0.00246889
5.2104	0.00246962
5.2116	0.00247034
5.2128	0.00247107
5.214	0.0024718
5.2152	0.00247252
5.2164	0.00247325
5.2176	0.00247397
5.2188	0.0024747
5.22	0.00247542
5.2212	0.00247614
5.2224	0.00247687
5.2236	0.00247759
5.2248	0.00247832
5.226	0.00247904
5.2272	0.00247977
5.2284	0.00248049
5.2296	0.00248121
5.2308	0.00248194
5.232	0.00248266
5.2332	0.00248339
5.2344	0.00248411
5.2356	0.00248483
5.2368	0.00248556
5.238	0.00248628
5.2392	0.002487
5.2404	0.00248773
5.2416	0.00248845
5.2428	0.00248917
5.244	0.0024899
5.2452	0.00249062
5.2464	0.00249134
5.2476	0.00249207
5.2488	0.00249279
5.25	0.00249351
5.2512	0.00249423
5.2524	0.00249496
5.2536	0.00249568
5.2548	0.0024964
5.256	0.00249712
5.2572	0.00249784
5.2584	0.00249857
5.2596	0.00249929
5.2608	0.00250001
5.262	0.00250073
5.2632	0.00250145
5.2644	0.00250218
5.2656	0.0025029
5.2668	0.00250362
5.268	0.00250434
5.2692	0.00250506
5.2704	0.00250578
5.2716	0.0025065
5.2728	0.00250722
5.274	0.00250794
5.2752	0.00250867
5.2764	0.00250939
5.2776	0.00251011
5.2788	0.00251083
5.28	0.00251155
5.2812	0.00251227
5.2824	0.00251299
5.2836	0.00251371
5.2848	0.00251443
5.286	0.00251515
5.2872	0.00251587
5.2884	0.00251659
5.2896	0.00251731
5.2908	0.00251803
5.292	0.00251875
5.2932	0.00251947
5.2944	0.00252019
5.2956	0.0025209
5.2968	0.00252162
5.298	0.00252234
5.2992	0.00252306
5.3004	0.00252378
5.3016	0.0025245
5.3028	0.00252522
5.304	0.00252594
5.3052	0.00252665
5.3064	0.00252737
5.3076	0.00252809
5.3088	0.00252881
5.31	0.00252953
5.3112	0.00253025
5.3124	0.00253096
5.3136	0.00253168
5.3148	0.0025324
5.316	0.00253312
5.3172	0.00253383
5.3184	0.00253455
5.3196	0.00253527
5.3208	0.00253599
5.322	0.0025367
5.3232	0.00253742
5.3244	0.00253814
5.3256	0.00253885
5.3268	0.00253957
5.328	0.00254029
5.3292	0.002541
5.3304	0.00254172
5.3316	0.00254244
5.3328	0.00254315
5.334	0.00254387
5.3352	0.00254459
5.3364	0.0025453
5.3376	0.00254602
5.3388	0.00254673
5.34	0.00254745
5.3412	0.00254817
5.3424	0.00254888
5.3436	0.0025496
5.3448	0.00255031
5.346	0.00255103
5.3472	0.00255174
5.3484	0.00255246
5.3496	0.00255317
5.3508	0.00255389
5.352	0.0025546
5.3532	0.00255532
5.3544	0.00255603
5.3556	0.00255675
5.3568	0.00255746
5.358	0.00255818
5.3592	0.00255889
5.3604	0.0025596
5.3616	0.00256032
5.3628	0.00256103
5.364	0.00256175
5.3652	0.00256246
5.3664	0.00256317
5.3676	0.00256389
5.3688	0.0025646
5.37	0.00256531
5.3712	0.00256603
5.3724	0.00256674
5.3736	0.00256745
5.3748	0.00256817
5.376	0.00256888
5.3772	0.00256959
5.3784	0.00257031
5.3796	0.00257102
5.3808	0.00257173
5.382	0.00257244
5.3832	0.00257316
5.3844	0.00257387
5.3856	0.00257458
5.3868	0.00257529
5.388	0.002576
5.3892	0.00257672
5.3904	0.00257743
5.3916	0.00257814
5.3928	0.00257885
5.394	0.00257956
5.3952	0.00258027
5.3964	0.00258099
5.3976	0.0025817
5.3988	0.00258241
5.4	0.00258312
5.4012	0.00258383
5.4024	0.00258454
5.4036	0.00258525
5.4048	0.00258596
5.406	0.00258667
5.4072	0.00258738
5.4084	0.00258809
5.4096	0.0025888
5.4108	0.00258951
5.412	0.00259022
5.4132	0.00259093
5.4144	0.00259164
5.4156	0.00259235
5.4168	0.00259306
5.418	0.00259377
5.4192	0.00259448
5.4204	0.00259519
5.4216	0.0025959
5.4228	0.00259661
5.424	0.00259732
5.4252	0.00259803
5.4264	0.00259874
5.4276	0.00259944
5.4288	0.00260015
5.43	0.00260086
5.4312	0.00260157
5.4324	0.00260228
5.4336	0.00260299
5.4348	0.00260369
5.436	0.0026044
5.4372	0.00260511
5.4384	0.00260582
5.4396	0.00260653
5.4408	0.00260723
5.442	0.00260794
5.4432	0.00260865
5.4444	0.00260936
5.4456	0.00261006
5.4468	0.00261077
5.448	0.00261148
5.4492	0.00261218
5.4504	0.00261289
5.4516	0.0026136
5.4528	0.0026143
5.454	0.00261501
5.4552	0.00261572
5.4564	0.00261642
5.4576	0.00261713
5.4588	0.00261784
5.46	0.00261854
5.4612	0.00261925
5.4624	0.00261995
5.4636	0.00262066
5.4648	0.00262136
5.466	0.00262207
5.4672	0.00262278
5.4684	0.00262348
5.4696	0.00262419
5.4708	0.00262489
5.472	0.0026256
5.4732	0.0026263
5.4744	0.00262701
5.4756	0.00262771
5.4768	0.00262842
5.478	0.00262912
5.4792	0.00262982
5.4804	0.00263053
5.4816	0.00263123
5.4828	0.00263194
5.484	0.00263264
5.4852	0.00263334
5.4864	0.00263405
5.4876	0.00263475
5.4888	0.00263546
5.49	0.00263616
5.4912	0.00263686
5.4924	0.00263757
5.4936	0.00263827
5.4948	0.00263897
5.496	0.00263967
5.4972	0.00264038
5.4984	0.00264108
5.4996	0.00264178
5.5008	0.00264248
5.502	0.00264319
5.5032	0.00264389
5.5044	0.00264459
5.5056	0.00264529
5.5068	0.002646
5.508	0.0026467
5.5092	0.0026474
5.5104	0.0026481
5.5116	0.0026488
5.5128	0.0026495
5.514	0.00265021
5.5152	0.00265091
5.5164	0.00265161
5.5176	0.00265231
5.5188	0.00265301
5.52	0.00265371
5.5212	0.00265441
5.5224	0.00265511
5.5236	0.00265581
5.5248	0.00265651
5.526	0.00265721
5.5272	0.00265791
5.5284	0.00265861
5.5296	0.00265931
5.5308	0.00266001
5.532	0.00266071
5.5332	0.00266141
5.5344	0.00266211
5.5356	0.00266281
5.5368	0.00266351
5.538	0.00266421
5.5392	0.00266491
5.5404	0.00266561
5.5416	0.00266631
5.5428	0.00266701
5.544	0.0026677
5.5452	0.0026684
5.5464	0.0026691
5.5476	0.0026698
5.5488	0.0026705
5.55	0.0026712
5.5512	0.00267189
5.5524	0.00267259
5.5536	0.00267329
5.5548	0.00267399
5.556	0.00267469
5.5572	0.00267538
5.5584	0.00267608
5.5596	0.00267678
5.5608	0.00267748
5.562	0.00267817
5.5632	0.00267887
5.5644	0.00267957
5.5656	0.00268026
5.5668	0.00268096
5.568	0.00268166
5.5692	0.00268235
5.5704	0.00268305
5.5716	0.00268374
5.5728	0.00268444
5.574	0.00268514
5.5752	0.00268583
5.5764	0.00268653
5.5776	0.00268722
5.5788	0.00268792
5.58	0.00268862
5.5812	0.00268931
5.5824	0.00269001
5.5836	0.0026907
5.5848	0.0026914
5.586	0.00269209
5.5872	0.00269279
5.5884	0.00269348
5.5896	0.00269418
5.5908	0.00269487
5.592	0.00269556
5.5932	0.00269626
5.5944	0.00269695
5.5956	0.00269765
5.5968	0.00269834
5.598	0.00269903
5.5992	0.00269973
5.6004	0.00270042
5.6016	0.00270111
5.6028	0.00270181
5.604	0.0027025
5.6052	0.00270319
5.6064	0.00270389
5.6076	0.00270458
5.6088	0.00270527
5.61	0.00270597
5.6112	0.00270666
5.6124	0.00270735
5.6136	0.00270804
5.6148	0.00270874
5.616	0.00270943
5.6172	0.00271012
5.6184	0.00271081
5.6196	0.0027115
5.6208	0.0027122
5.622	0.00271289
5.6232	0.00271358
5.6244	0.00271427
5.6256	0.00271496
5.6268	0.00271565
5.628	0.00271634
5.6292	0.00271703
5.6304	0.00271772
5.6316	0.00271842
5.6328	0.00271911
5.634	0.0027198
5.6352	0.00272049
5.6364	0.00272118
5.6376	0.00272187
5.6388	0.00272256
5.64	0.00272325
5.6412	0.00272394
5.6424	0.00272463
5.6436	0.00272532
5.6448	0.00272601
5.646	0.0027267
5.6472	0.00272738
5.6484	0.00272807
5.6496	0.00272876
5.6508	0.00272945
5.652	0.00273014
5.6532	0.00273083
5.6544	0.00273152
5.6556	0.00273221
5.6568	0.00273289
5.658	0.00273358
5.6592	0.00273427
5.6604	0.00273496
5.6616	0.00273565
5.6628	0.00273633
5.664	0.00273702
5.6652	0.00273771
5.6664	0.0027384
5.6676	0.00273908
5.6688	0.00273977
5.67	0.00274046
5.6712	0.00274115
5.6724	0.00274183
5.6736	0.00274252
5.6748	0.00274321
5.676	0.00274389
5.6772	0.00274458
5.6784	0.00274526
5.6796	0.00274595
5.6808	0.00274664
5.682	0.00274732
5.6832	0.00274801
5.6844	0.00274869
5.6856	0.00274938
5.6868	0.00275007
5.688	0.00275075
5.6892	0.00275144
5.6904	0.00275212
5.6916	0.00275281
5.6928	0.00275349
5.694	0.00275418
5.6952	0.00275486
5.6964	0.00275555
5.6976	0.00275623
5.6988	0.00275691
5.7	0.0027576
5.7012	0.00275828
5.7024	0.00275897
5.7036	0.00275965
5.7048	0.00276033
5.706	0.00276102
5.7072	0.0027617
5.7084	0.00276238
5.7096	0.00276307
5.7108	0.00276375
5.712	0.00276443
5.7132	0.00276512
5.7144	0.0027658
5.7156	0.00276648
5.7168	0.00276716
5.718	0.00276785
5.7192	0.00276853
5.7204	0.00276921
5.7216	0.00276989
5.7228	0.00277058
5.724	0.00277126
5.7252	0.00277194
5.7264	0.00277262
5.7276	0.0027733
5.7288	0.00277398
5.73	0.00277467
5.7312	0.00277535
5.7324	0.00277603
5.7336	0.00277671
5.7348	0.00277739
5.736	0.00277807
5.7372	0.00277875
5.7384	0.00277943
5.7396	0.00278011
5.7408	0.00278079
5.742	0.00278147
5.7432	0.00278215
5.7444	0.00278283
5.7456	0.00278351
5.7468	0.00278419
5.748	0.00278487
5.7492	0.00278555
5.7504	0.00278623
5.7516	0.00278691
5.7528	0.00278759
5.754	0.00278827
5.7552	0.00278894
5.7564	0.00278962
5.7576	0.0027903
5.7588	0.00279098
5.76	0.00279166
5.7612	0.00279234
5.7624	0.00279302
5.7636	0.00279369
5.7648	0.00279437
5.766	0.00279505
5.7672	0.00279573
5.7684	0.0027964
5.7696	0.00279708
5.7708	0.00279776
5.772	0.00279844
5.7732	0.00279911
5.7744	0.00279979
5.7756	0.00280047
5.7768	0.00280114
5.778	0.00280182
5.7792	0.0028025
5.7804	0.00280317
5.7816	0.00280385
5.7828	0.00280452
5.784	0.0028052
5.7852	0.00280588
5.7864	0.00280655
5.7876	0.00280723
5.7888	0.0028079
5.79	0.00280858
5.7912	0.00280925
5.7924	0.00280993
5.7936	0.0028106
5.7948	0.00281128
5.796	0.00281195
5.7972	0.00281263
5.7984	0.0028133
5.7996	0.00281398
5.8008	0.00281465
5.802	0.00281532
5.8032	0.002816
5.8044	0.00281667
5.8056	0.00281735
5.8068	0.00281802
5.808	0.00281869
5.8092	0.00281937
5.8104	0.00282004
5.8116	0.00282071
5.8128	0.00282139
5.814	0.00282206
5.8152	0.00282273
5.8164	0.0028234
5.8176	0.00282408
5.8188	0.00282475
5.82	0.00282542
5.8212	0.00282609
5.8224	0.00282677
5.8236	0.00282744
5.8248	0.00282811
5.826	0.00282878
5.8272	0.00282945
5.8284	0.00283012
5.8296	0.0028308
5.8308	0.00283147
5.832	0.00283214
5.8332	0.00283281
5.8344	0.00283348
5.8356	0.00283415
5.8368	0.00283482
5.838	0.00283549
5.8392	0.00283616
5.8404	0.00283683
5.8416	0.0028375
5.8428	0.00283817
5.844	0.00283884
5.8452	0.00283951
5.8464	0.00284018
5.8476	0.00284085
5.8488	0.00284152
5.85	0.00284219
5.8512	0.00284286
5.8524	0.00284353
5.8536	0.0028442
5.8548	0.00284486
5.856	0.00284553
5.8572	0.0028462
5.8584	0.00284687
5.8596	0.00284754
5.8608	0.00284821
5.862	0.00284887
5.8632	0.00284954
5.8644	0.00285021
5.8656	0.00285088
5.8668	0.00285155
5.868	0.00285221
5.8692	0.00285288
5.8704	0.00285355
5.8716	0.00285421
5.8728	0.00285488
5.874	0.00285555
5.8752	0.00285621
5.8764	0.00285688
5.8776	0.00285755
5.8788	0.00285821
5.88	0.00285888
5.8812	0.00285955
5.8824	0.00286021
5.8836	0.00286088
5.8848	0.00286154
5.886	0.00286221
5.8872	0.00286287
5.8884	0.00286354
5.8896	0.0028642
5.8908	0.00286487
5.892	0.00286553
5.8932	0.0028662
5.8944	0.00286686
5.8956	0.00286753
5.8968	0.00286819
5.898	0.00286886
5.8992	0.00286952
5.9004	0.00287018
5.9016	0.00287085
5.9028	0.00287151
5.904	0.00287217
5.9052	0.00287284
5.9064	0.0028735
5.9076	0.00287416
5.9088	0.00287483
5.91	0.00287549
5.9112	0.00287615
5.9124	0.00287682
5.9136	0.00287748
5.9148	0.00287814
5.916	0.0028788
5.9172	0.00287947
5.9184	0.00288013
5.9196	0.00288079
5.9208	0.00288145
5.922	0.00288211
5.9232	0.00288278
5.9244	0.00288344
5.9256	0.0028841
5.9268	0.00288476
5.928	0.00288542
5.9292	0.00288608
5.9304	0.00288674
5.9316	0.0028874
5.9328	0.00288806
5.934	0.00288872
5.9352	0.00288938
5.9364	0.00289004
5.9376	0.0028907
5.9388	0.00289136
5.94	0.00289202
5.9412	0.00289268
5.9424	0.00289334
5.9436	0.002894
5.9448	0.00289466
5.946	0.00289532
5.9472	0.00289598
5.9484	0.00289664
5.9496	0.0028973
5.9508	0.00289796
5.952	0.00289861
5.9532	0.00289927
5.9544	0.00289993
5.9556	0.00290059
5.9568	0.00290125
5.958	0.0029019
5.9592	0.00290256
5.9604	0.00290322
5.9616	0.00290388
5.9628	0.00290453
5.964	0.00290519
5.9652	0.00290585
5.9664	0.00290651
5.9676	0.00290716
5.9688	0.00290782
5.97	0.00290848
5.9712	0.00290913
5.9724	0.00290979
5.9736	0.00291045
5.9748	0.0029111
5.976	0.00291176
5.9772	0.00291241
5.9784	0.00291307
5.9796	0.00291372
5.9808	0.00291438
5.982	0.00291503
5.9832	0.00291569
5.9844	0.00291634
5.9856	0.002917
5.9868	0.00291765
5.988	0.00291831
5.9892	0.00291896
5.9904	0.00291962
5.9916	0.00292027
5.9928	0.00292093
5.994	0.00292158
5.9952	0.00292223
5.9964	0.00292289
5.9976	0.00292354
5.9988	0.00292419
6	0.00292485
