0	0
0.0012	1.96757e-10
0.0024	7.87027e-10
0.0036	1.77081e-09
0.0048	3.14811e-09
0.006	4.91892e-09
0.0072	7.08324e-09
0.0084	9.64107e-09
0.0096	1.25924e-08
0.0108	1.59373e-08
0.012	1.96756e-08
0.0132	2.38075e-08
0.0144	2.83329e-08
0.0156	3.32518e-08
0.0168	3.85642e-08
0.018	4.42701e-08
0.0192	5.03695e-08
0.0204	5.68624e-08
0.0216	6.37488e-08
0.0228	7.10287e-08
0.024	7.87021e-08
0.0252	8.6769e-08
0.0264	9.52294e-08
0.0276	1.04083e-07
0.0288	1.13331e-07
0.03	1.22971e-07
0.0312	1.33006e-07
0.0324	1.43434e-07
0.0336	1.54255e-07
0.0348	1.6547e-07
0.036	1.77078e-07
0.0372	1.8908e-07
0.0384	2.01475e-07
0.0396	2.14263e-07
0.0408	2.27446e-07
0.042	2.41021e-07
0.0432	2.5499e-07
0.0444	2.69353e-07
0.0456	2.84109e-07
0.0468	2.99258e-07
0.048	3.14801e-07
0.0492	3.30737e-07
0.0504	3.47067e-07
0.0516	3.6379e-07
0.0528	3.80906e-07
0.054	3.98416e-07
0.0552	4.1632e-07
0.0564	4.34617e-07
0.0576	4.53307e-07
0.0588	4.7239e-07
0.06	4.91867e-07
0.0612	5.11738e-07
0.0624	5.32002e-07
0.0636	5.52659e-07
0.0648	5.73709e-07
0.066	5.95153e-07
0.0672	6.16991e-07
0.0684	6.39221e-07
0.0696	6.61845e-07
0.0708	6.84863e-07
0.072	7.08273e-07
0.0732	7.32078e-07
0.0744	7.56275e-07
0.0756	7.80866e-07
0.0768	8.0585e-07
0.078	8.31227e-07
0.0792	8.56998e-07
0.0804	8.83162e-07
0.0816	9.09719e-07
0.0828	9.3667e-07
0.084	9.64014e-07
0.0852	9.91751e-07
0.0864	1.01988e-06
0.0876	1.04841e-06
0.0888	1.07732e-06
0.09	1.10663e-06
0.0912	1.13634e-06
0.0924	1.16643e-06
0.0936	1.19692e-06
0.0948	1.22781e-06
0.096	1.25908e-06
0.0972	1.29075e-06
0.0984	1.32281e-06
0.0996	1.35527e-06
0.1008	1.38812e-06
0.102	1.42136e-06
0.1032	1.455e-06
0.1044	1.48903e-06
0.1056	1.52345e-06
0.1068	1.55826e-06
0.108	1.59347e-06
0.1092	1.62907e-06
0.1104	1.66507e-06
0.1116	1.70146e-06
0.1128	1.73824e-06
0.114	1.77541e-06
0.1152	1.81298e-06
0.1164	1.85094e-06
0.1176	1.88929e-06
0.1188	1.92804e-06
0.12	1.96717e-06
0.1212	2.00671e-06
0.1224	2.04663e-06
0.1236	2.08695e-06
0.1248	2.12766e-06
0.126	2.16877e-06
0.1272	2.21026e-06
0.1284	2.25215e-06
0.1296	2.29444e-06
0.1308	2.33711e-06
0.132	2.38018e-06
0.1332	2.42364e-06
0.1344	2.4675e-06
0.1356	2.51175e-06
0.1368	2.55639e-06
0.138	2.60142e-06
0.1392	2.64685e-06
0.1404	2.69267e-06
0.1416	2.73888e-06
0.1428	2.78548e-06
0.144	2.83248e-06
0.1452	2.87987e-06
0.1464	2.92766e-06
0.1476	2.97583e-06
0.1488	3.0244e-06
0.15	3.07336e-06
0.1512	3.12272e-06
0.1524	3.17247e-06
0.1536	3.22261e-06
0.1548	3.27314e-06
0.156	3.32407e-06
0.1572	3.37538e-06
0.1584	3.4271e-06
0.1596	3.4792e-06
0.1608	3.5317e-06
0.162	3.58459e-06
0.1632	3.63787e-06
0.1644	3.69154e-06
0.1656	3.74561e-06
0.1668	3.80007e-06
0.168	3.85492e-06
0.1692	3.91017e-06
0.1704	3.9658e-06
0.1716	4.02183e-06
0.1728	4.07826e-06
0.174	4.13507e-06
0.1752	4.19228e-06
0.1764	4.24988e-06
0.1776	4.30787e-06
0.1788	4.36626e-06
0.18	4.42504e-06
0.1812	4.48421e-06
0.1824	4.54377e-06
0.1836	4.60372e-06
0.1848	4.66407e-06
0.186	4.72481e-06
0.1872	4.78594e-06
0.1884	4.84747e-06
0.1896	4.90939e-06
0.1908	4.97169e-06
0.192	5.0344e-06
0.1932	5.09749e-06
0.1944	5.16098e-06
0.1956	5.22485e-06
0.1968	5.28913e-06
0.198	5.35379e-06
0.1992	5.41884e-06
0.2004	5.48429e-06
0.2016	5.55013e-06
0.2028	5.61636e-06
0.204	5.68299e-06
0.2052	5.75e-06
0.2064	5.81741e-06
0.2076	5.88521e-06
0.2088	5.9534e-06
0.21	6.02199e-06
0.2112	6.09096e-06
0.2124	6.16033e-06
0.2136	6.23009e-06
0.2148	6.30025e-06
0.216	6.37079e-06
0.2172	6.44173e-06
0.2184	6.51306e-06
0.2196	6.58478e-06
0.2208	6.65689e-06
0.222	6.72939e-06
0.2232	6.80229e-06
0.2244	6.87558e-06
0.2256	6.94926e-06
0.2268	7.02333e-06
0.228	7.09779e-06
0.2292	7.17265e-06
0.2304	7.2479e-06
0.2316	7.32354e-06
0.2328	7.39957e-06
0.234	7.47599e-06
0.2352	7.5528e-06
0.2364	7.63001e-06
0.2376	7.70761e-06
0.2388	7.7856e-06
0.24	7.86398e-06
0.2412	7.94275e-06
0.2424	8.02192e-06
0.2436	8.10147e-06
0.2448	8.18142e-06
0.246	8.26176e-06
0.2472	8.34249e-06
0.2484	8.42361e-06
0.2496	8.50512e-06
0.2508	8.58703e-06
0.252	8.66933e-06
0.2532	8.75201e-06
0.2544	8.83509e-06
0.2556	8.91856e-06
0.2568	9.00243e-06
0.258	9.08668e-06
0.2592	9.17132e-06
0.2604	9.25636e-06
0.2616	9.34179e-06
0.2628	9.42761e-06
0.264	9.51382e-06
0.2652	9.60042e-06
0.2664	9.68741e-06
0.2676	9.77479e-06
0.2688	9.86257e-06
0.27	9.95073e-06
0.2712	1.00393e-05
0.2724	1.01282e-05
0.2736	1.02176e-05
0.2748	1.03073e-05
0.276	1.03974e-05
0.2772	1.04879e-05
0.2784	1.05788e-05
0.2796	1.06701e-05
0.2808	1.07618e-05
0.282	1.08539e-05
0.2832	1.09464e-05
0.2844	1.10392e-05
0.2856	1.11325e-05
0.2868	1.12261e-05
0.288	1.13201e-05
0.2892	1.14146e-05
0.2904	1.15094e-05
0.2916	1.16046e-05
0.2928	1.17002e-05
0.294	1.17962e-05
0.2952	1.18925e-05
0.2964	1.19893e-05
0.2976	1.20865e-05
0.2988	1.2184e-05
0.3	1.22819e-05
0.3012	1.23803e-05
0.3024	1.2479e-05
0.3036	1.25781e-05
0.3048	1.26776e-05
0.306	1.27775e-05
0.3072	1.28778e-05
0.3084	1.29784e-05
0.3096	1.30795e-05
0.3108	1.3181e-05
0.312	1.32828e-05
0.3132	1.3385e-05
0.3144	1.34876e-05
0.3156	1.35907e-05
0.3168	1.36941e-05
0.318	1.37979e-05
0.3192	1.3902e-05
0.3204	1.40066e-05
0.3216	1.41116e-05
0.3228	1.42169e-05
0.324	1.43227e-05
0.3252	1.44288e-05
0.3264	1.45353e-05
0.3276	1.46423e-05
0.3288	1.47496e-05
0.33	1.48572e-05
0.3312	1.49653e-05
0.3324	1.50738e-05
0.3336	1.51827e-05
0.3348	1.52919e-05
0.336	1.54016e-05
0.3372	1.55116e-05
0.3384	1.5622e-05
0.3396	1.57328e-05
0.3408	1.5844e-05
0.342	1.59556e-05
0.3432	1.60676e-05
0.3444	1.618e-05
0.3456	1.62928e-05
0.3468	1.64059e-05
0.348	1.65194e-05
0.3492	1.66334e-05
0.3504	1.67477e-05
0.3516	1.68624e-05
0.3528	1.69775e-05
0.354	1.7093e-05
0.3552	1.72089e-05
0.3564	1.73251e-05
0.3576	1.74418e-05
0.3588	1.75588e-05
0.36	1.76763e-05
0.3612	1.77941e-05
0.3624	1.79123e-05
0.3636	1.80309e-05
0.3648	1.81499e-05
0.366	1.82693e-05
0.3672	1.83891e-05
0.3684	1.85092e-05
0.3696	1.86298e-05
0.3708	1.87507e-05
0.372	1.8872e-05
0.3732	1.89937e-05
0.3744	1.91159e-05
0.3756	1.92383e-05
0.3768	1.93612e-05
0.378	1.94845e-05
0.3792	1.96082e-05
0.3804	1.97322e-05
0.3816	1.98566e-05
0.3828	1.99815e-05
0.384	2.01067e-05
0.3852	2.02323e-05
0.3864	2.03583e-05
0.3876	2.04847e-05
0.3888	2.06114e-05
0.39	2.07386e-05
0.3912	2.08661e-05
0.3924	2.09941e-05
0.3936	2.11224e-05
0.3948	2.12511e-05
0.396	2.13802e-05
0.3972	2.15097e-05
0.3984	2.16396e-05
0.3996	2.17698e-05
0.4008	2.19005e-05
0.402	2.20315e-05
0.4032	2.2163e-05
0.4044	2.22948e-05
0.4056	2.2427e-05
0.4068	2.25596e-05
0.408	2.26926e-05
0.4092	2.2826e-05
0.4104	2.29597e-05
0.4116	2.30939e-05
0.4128	2.32284e-05
0.414	2.33633e-05
0.4152	2.34986e-05
0.4164	2.36343e-05
0.4176	2.37704e-05
0.4188	2.39069e-05
0.42	2.40438e-05
0.4212	2.4181e-05
0.4224	2.43186e-05
0.4236	2.44567e-05
0.4248	2.45951e-05
0.426	2.47339e-05
0.4272	2.48731e-05
0.4284	2.50126e-05
0.4296	2.51526e-05
0.4308	2.5293e-05
0.432	2.54337e-05
0.4332	2.55748e-05
0.4344	2.57163e-05
0.4356	2.58582e-05
0.4368	2.60005e-05
0.438	2.61432e-05
0.4392	2.62863e-05
0.4404	2.64297e-05
0.4416	2.65736e-05
0.4428	2.67178e-05
0.444	2.68624e-05
0.4452	2.70074e-05
0.4464	2.71528e-05
0.4476	2.72985e-05
0.4488	2.74447e-05
0.45	2.75913e-05
0.4512	2.77382e-05
0.4524	2.78855e-05
0.4536	2.80332e-05
0.4548	2.81813e-05
0.456	2.83298e-05
0.4572	2.84787e-05
0.4584	2.86279e-05
0.4596	2.87775e-05
0.4608	2.89276e-05
0.462	2.9078e-05
0.4632	2.92288e-05
0.4644	2.938e-05
0.4656	2.95316e-05
0.4668	2.96835e-05
0.468	2.98359e-05
0.4692	2.99886e-05
0.4704	3.01417e-05
0.4716	3.02952e-05
0.4728	3.04491e-05
0.474	3.06034e-05
0.4752	3.0758e-05
0.4764	3.09131e-05
0.4776	3.10685e-05
0.4788	3.12244e-05
0.48	3.13806e-05
0.4812	3.15372e-05
0.4824	3.16941e-05
0.4836	3.18515e-05
0.4848	3.20093e-05
0.486	3.21674e-05
0.4872	3.23259e-05
0.4884	3.24848e-05
0.4896	3.26441e-05
0.4908	3.28038e-05
0.492	3.29639e-05
0.4932	3.31243e-05
0.4944	3.32852e-05
0.4956	3.34464e-05
0.4968	3.3608e-05
0.498	3.377e-05
0.4992	3.39324e-05
0.5004	3.40951e-05
0.5016	3.42583e-05
0.5028	3.44218e-05
0.504	3.45857e-05
0.5052	3.475e-05
0.5064	3.49147e-05
0.5076	3.50798e-05
0.5088	3.52453e-05
0.51	3.54111e-05
0.5112	3.55774e-05
0.5124	3.5744e-05
0.5136	3.5911e-05
0.5148	3.60784e-05
0.516	3.62461e-05
0.5172	3.64143e-05
0.5184	3.65828e-05
0.5196	3.67518e-05
0.5208	3.69211e-05
0.522	3.70908e-05
0.5232	3.72608e-05
0.5244	3.74313e-05
0.5256	3.76022e-05
0.5268	3.77734e-05
0.528	3.7945e-05
0.5292	3.8117e-05
0.5304	3.82894e-05
0.5316	3.84622e-05
0.5328	3.86353e-05
0.534	3.88089e-05
0.5352	3.89828e-05
0.5364	3.91571e-05
0.5376	3.93318e-05
0.5388	3.95069e-05
0.54	3.96823e-05
0.5412	3.98582e-05
0.5424	4.00344e-05
0.5436	4.0211e-05
0.5448	4.0388e-05
0.546	4.05654e-05
0.5472	4.07431e-05
0.5484	4.09213e-05
0.5496	4.10998e-05
0.5508	4.12787e-05
0.552	4.1458e-05
0.5532	4.16377e-05
0.5544	4.18178e-05
0.5556	4.19982e-05
0.5568	4.21791e-05
0.558	4.23603e-05
0.5592	4.25419e-05
0.5604	4.27239e-05
0.5616	4.29062e-05
0.5628	4.3089e-05
0.564	4.32721e-05
0.5652	4.34556e-05
0.5664	4.36395e-05
0.5676	4.38238e-05
0.5688	4.40085e-05
0.57	4.41935e-05
0.5712	4.4379e-05
0.5724	4.45648e-05
0.5736	4.4751e-05
0.5748	4.49376e-05
0.576	4.51245e-05
0.5772	4.53119e-05
0.5784	4.54996e-05
0.5796	4.56877e-05
0.5808	4.58762e-05
0.582	4.60651e-05
0.5832	4.62543e-05
0.5844	4.6444e-05
0.5856	4.6634e-05
0.5868	4.68244e-05
0.588	4.70152e-05
0.5892	4.72063e-05
0.5904	4.73979e-05
0.5916	4.75898e-05
0.5928	4.77822e-05
0.594	4.79748e-05
0.5952	4.81679e-05
0.5964	4.83614e-05
0.5976	4.85552e-05
0.5988	4.87495e-05
0.6	4.89441e-05
0.6012	4.91391e-05
0.6024	4.93344e-05
0.6036	4.95302e-05
0.6048	4.97263e-05
0.606	4.99228e-05
0.6072	5.01197e-05
0.6084	5.0317e-05
0.6096	5.05147e-05
0.6108	5.07127e-05
0.612	5.09111e-05
0.6132	5.11099e-05
0.6144	5.13091e-05
0.6156	5.15087e-05
0.6168	5.17087e-05
0.618	5.1909e-05
0.6192	5.21097e-05
0.6204	5.23108e-05
0.6216	5.25123e-05
0.6228	5.27141e-05
0.624	5.29164e-05
0.6252	5.3119e-05
0.6264	5.3322e-05
0.6276	5.35253e-05
0.6288	5.37291e-05
0.63	5.39332e-05
0.6312	5.41378e-05
0.6324	5.43427e-05
0.6336	5.45479e-05
0.6348	5.47536e-05
0.636	5.49596e-05
0.6372	5.51661e-05
0.6384	5.53729e-05
0.6396	5.55801e-05
0.6408	5.57876e-05
0.642	5.59956e-05
0.6432	5.62039e-05
0.6444	5.64126e-05
0.6456	5.66217e-05
0.6468	5.68311e-05
0.648	5.7041e-05
0.6492	5.72512e-05
0.6504	5.74618e-05
0.6516	5.76728e-05
0.6528	5.78841e-05
0.654	5.80959e-05
0.6552	5.8308e-05
0.6564	5.85205e-05
0.6576	5.87334e-05
0.6588	5.89466e-05
0.66	5.91603e-05
0.6612	5.93743e-05
0.6624	5.95887e-05
0.6636	5.98035e-05
0.6648	6.00186e-05
0.666	6.02342e-05
0.6672	6.04501e-05
0.6684	6.06664e-05
0.6696	6.08831e-05
0.6708	6.11001e-05
0.672	6.13175e-05
0.6732	6.15354e-05
0.6744	6.17535e-05
0.6756	6.19721e-05
0.6768	6.21911e-05
0.678	6.24104e-05
0.6792	6.26301e-05
0.6804	6.28502e-05
0.6816	6.30706e-05
0.6828	6.32915e-05
0.684	6.35127e-05
0.6852	6.37343e-05
0.6864	6.39563e-05
0.6876	6.41786e-05
0.6888	6.44013e-05
0.69	6.46244e-05
0.6912	6.48479e-05
0.6924	6.50718e-05
0.6936	6.5296e-05
0.6948	6.55207e-05
0.696	6.57457e-05
0.6972	6.5971e-05
0.6984	6.61968e-05
0.6996	6.64229e-05
0.7008	6.66494e-05
0.702	6.68763e-05
0.7032	6.71036e-05
0.7044	6.73312e-05
0.7056	6.75592e-05
0.7068	6.77876e-05
0.708	6.80164e-05
0.7092	6.82456e-05
0.7104	6.84751e-05
0.7116	6.8705e-05
0.7128	6.89353e-05
0.714	6.91659e-05
0.7152	6.9397e-05
0.7164	6.96284e-05
0.7176	6.98602e-05
0.7188	7.00923e-05
0.72	7.03249e-05
0.7212	7.05578e-05
0.7224	7.07911e-05
0.7236	7.10248e-05
0.7248	7.12588e-05
0.726	7.14933e-05
0.7272	7.17281e-05
0.7284	7.19632e-05
0.7296	7.21988e-05
0.7308	7.24347e-05
0.732	7.2671e-05
0.7332	7.29077e-05
0.7344	7.31448e-05
0.7356	7.33822e-05
0.7368	7.362e-05
0.738	7.38582e-05
0.7392	7.40968e-05
0.7404	7.43357e-05
0.7416	7.45751e-05
0.7428	7.48147e-05
0.744	7.50548e-05
0.7452	7.52953e-05
0.7464	7.55361e-05
0.7476	7.57773e-05
0.7488	7.60188e-05
0.75	7.62608e-05
0.7512	7.65031e-05
0.7524	7.67458e-05
0.7536	7.69889e-05
0.7548	7.72323e-05
0.756	7.74761e-05
0.7572	7.77203e-05
0.7584	7.79649e-05
0.7596	7.82099e-05
0.7608	7.84552e-05
0.762	7.87009e-05
0.7632	7.89469e-05
0.7644	7.91934e-05
0.7656	7.94402e-05
0.7668	7.96874e-05
0.768	7.9935e-05
0.7692	8.01829e-05
0.7704	8.04312e-05
0.7716	8.06799e-05
0.7728	8.0929e-05
0.774	8.11784e-05
0.7752	8.14282e-05
0.7764	8.16784e-05
0.7776	8.1929e-05
0.7788	8.21799e-05
0.78	8.24312e-05
0.7812	8.26829e-05
0.7824	8.2935e-05
0.7836	8.31874e-05
0.7848	8.34402e-05
0.786	8.36934e-05
0.7872	8.3947e-05
0.7884	8.42009e-05
0.7896	8.44552e-05
0.7908	8.47099e-05
0.792	8.49649e-05
0.7932	8.52203e-05
0.7944	8.54761e-05
0.7956	8.57323e-05
0.7968	8.59888e-05
0.798	8.62457e-05
0.7992	8.6503e-05
0.8004	8.67607e-05
0.8016	8.70187e-05
0.8028	8.72771e-05
0.804	8.75359e-05
0.8052	8.7795e-05
0.8064	8.80545e-05
0.8076	8.83144e-05
0.8088	8.85747e-05
0.81	8.88353e-05
0.8112	8.90964e-05
0.8124	8.93577e-05
0.8136	8.96195e-05
0.8148	8.98816e-05
0.816	9.01441e-05
0.8172	9.0407e-05
0.8184	9.06702e-05
0.8196	9.09339e-05
0.8208	9.11978e-05
0.822	9.14622e-05
0.8232	9.17269e-05
0.8244	9.1992e-05
0.8256	9.22575e-05
0.8268	9.25233e-05
0.828	9.27896e-05
0.8292	9.30562e-05
0.8304	9.33231e-05
0.8316	9.35904e-05
0.8328	9.38581e-05
0.834	9.41262e-05
0.8352	9.43947e-05
0.8364	9.46635e-05
0.8376	9.49327e-05
0.8388	9.52022e-05
0.84	9.54721e-05
0.8412	9.57424e-05
0.8424	9.60131e-05
0.8436	9.62842e-05
0.8448	9.65556e-05
0.846	9.68273e-05
0.8472	9.70995e-05
0.8484	9.7372e-05
0.8496	9.76449e-05
0.8508	9.79182e-05
0.852	9.81918e-05
0.8532	9.84658e-05
0.8544	9.87402e-05
0.8556	9.90149e-05
0.8568	9.929e-05
0.858	9.95655e-05
0.8592	9.98414e-05
0.8604	0.000100118
0.8616	0.000100394
0.8628	0.000100671
0.864	0.000100948
0.8652	0.000101226
0.8664	0.000101504
0.8676	0.000101783
0.8688	0.000102061
0.87	0.000102341
0.8712	0.00010262
0.8724	0.0001029
0.8736	0.00010318
0.8748	0.000103461
0.876	0.000103742
0.8772	0.000104023
0.8784	0.000104305
0.8796	0.000104587
0.8808	0.00010487
0.882	0.000105153
0.8832	0.000105436
0.8844	0.00010572
0.8856	0.000106004
0.8868	0.000106288
0.888	0.000106573
0.8892	0.000106858
0.8904	0.000107143
0.8916	0.000107429
0.8928	0.000107715
0.894	0.000108002
0.8952	0.000108289
0.8964	0.000108576
0.8976	0.000108863
0.8988	0.000109151
0.9	0.00010944
0.9012	0.000109729
0.9024	0.000110018
0.9036	0.000110307
0.9048	0.000110597
0.906	0.000110887
0.9072	0.000111178
0.9084	0.000111469
0.9096	0.00011176
0.9108	0.000112052
0.912	0.000112344
0.9132	0.000112636
0.9144	0.000112929
0.9156	0.000113222
0.9168	0.000113516
0.918	0.00011381
0.9192	0.000114104
0.9204	0.000114399
0.9216	0.000114694
0.9228	0.000114989
0.924	0.000115285
0.9252	0.000115581
0.9264	0.000115877
0.9276	0.000116174
0.9288	0.000116471
0.93	0.000116769
0.9312	0.000117067
0.9324	0.000117365
0.9336	0.000117664
0.9348	0.000117963
0.936	0.000118262
0.9372	0.000118562
0.9384	0.000118862
0.9396	0.000119162
0.9408	0.000119463
0.942	0.000119764
0.9432	0.000120066
0.9444	0.000120368
0.9456	0.00012067
0.9468	0.000120973
0.948	0.000121276
0.9492	0.000121579
0.9504	0.000121883
0.9516	0.000122187
0.9528	0.000122492
0.954	0.000122796
0.9552	0.000123102
0.9564	0.000123407
0.9576	0.000123713
0.9588	0.00012402
0.96	0.000124326
0.9612	0.000124633
0.9624	0.000124941
0.9636	0.000125248
0.9648	0.000125557
0.966	0.000125865
0.9672	0.000126174
0.9684	0.000126483
0.9696	0.000126793
0.9708	0.000127103
0.972	0.000127413
0.9732	0.000127724
0.9744	0.000128035
0.9756	0.000128346
0.9768	0.000128658
0.978	0.00012897
0.9792	0.000129282
0.9804	0.000129595
0.9816	0.000129908
0.9828	0.000130222
0.984	0.000130536
0.9852	0.00013085
0.9864	0.000131165
0.9876	0.00013148
0.9888	0.000131795
0.99	0.000132111
0.9912	0.000132427
0.9924	0.000132744
0.9936	0.00013306
0.9948	0.000133378
0.996	0.000133695
0.9972	0.000134013
0.9984	0.000134331
0.9996	0.00013465
1.0008	0.000134969
1.002	0.000135288
1.0032	0.000135608
1.0044	0.000135928
1.0056	0.000136249
1.0068	0.00013657
1.008	0.000136891
1.0092	0.000137212
1.0104	0.000137534
1.0116	0.000137856
1.0128	0.000138179
1.014	0.000138502
1.0152	0.000138825
1.0164	0.000139149
1.0176	0.000139473
1.0188	0.000139797
1.02	0.000140122
1.0212	0.000140447
1.0224	0.000140773
1.0236	0.000141099
1.0248	0.000141425
1.026	0.000141752
1.0272	0.000142078
1.0284	0.000142406
1.0296	0.000142733
1.0308	0.000143061
1.032	0.00014339
1.0332	0.000143719
1.0344	0.000144048
1.0356	0.000144377
1.0368	0.000144707
1.038	0.000145037
1.0392	0.000145368
1.0404	0.000145699
1.0416	0.00014603
1.0428	0.000146361
1.044	0.000146693
1.0452	0.000147026
1.0464	0.000147358
1.0476	0.000147691
1.0488	0.000148025
1.05	0.000148359
1.0512	0.000148693
1.0524	0.000149027
1.0536	0.000149362
1.0548	0.000149697
1.056	0.000150033
1.0572	0.000150369
1.0584	0.000150705
1.0596	0.000151042
1.0608	0.000151379
1.062	0.000151716
1.0632	0.000152054
1.0644	0.000152392
1.0656	0.00015273
1.0668	0.000153069
1.068	0.000153408
1.0692	0.000153747
1.0704	0.000154087
1.0716	0.000154427
1.0728	0.000154768
1.074	0.000155109
1.0752	0.00015545
1.0764	0.000155792
1.0776	0.000156134
1.0788	0.000156476
1.08	0.000156819
1.0812	0.000157162
1.0824	0.000157505
1.0836	0.000157849
1.0848	0.000158193
1.086	0.000158538
1.0872	0.000158882
1.0884	0.000159228
1.0896	0.000159573
1.0908	0.000159919
1.092	0.000160265
1.0932	0.000160612
1.0944	0.000160959
1.0956	0.000161306
1.0968	0.000161654
1.098	0.000162002
1.0992	0.00016235
1.1004	0.000162699
1.1016	0.000163048
1.1028	0.000163398
1.104	0.000163747
1.1052	0.000164098
1.1064	0.000164448
1.1076	0.000164799
1.1088	0.00016515
1.11	0.000165502
1.1112	0.000165854
1.1124	0.000166206
1.1136	0.000166559
1.1148	0.000166912
1.116	0.000167265
1.1172	0.000167619
1.1184	0.000167973
1.1196	0.000168327
1.1208	0.000168682
1.122	0.000169037
1.1232	0.000169392
1.1244	0.000169748
1.1256	0.000170104
1.1268	0.000170461
1.128	0.000170818
1.1292	0.000171175
1.1304	0.000171533
1.1316	0.000171891
1.1328	0.000172249
1.134	0.000172608
1.1352	0.000172967
1.1364	0.000173326
1.1376	0.000173686
1.1388	0.000174046
1.14	0.000174406
1.1412	0.000174767
1.1424	0.000175128
1.1436	0.000175489
1.1448	0.000175851
1.146	0.000176213
1.1472	0.000176576
1.1484	0.000176939
1.1496	0.000177302
1.1508	0.000177666
1.152	0.000178029
1.1532	0.000178394
1.1544	0.000178758
1.1556	0.000179123
1.1568	0.000179489
1.158	0.000179854
1.1592	0.00018022
1.1604	0.000180587
1.1616	0.000180954
1.1628	0.000181321
1.164	0.000181688
1.1652	0.000182056
1.1664	0.000182424
1.1676	0.000182792
1.1688	0.000183161
1.17	0.00018353
1.1712	0.0001839
1.1724	0.00018427
1.1736	0.00018464
1.1748	0.000185011
1.176	0.000185382
1.1772	0.000185753
1.1784	0.000186125
1.1796	0.000186497
1.1808	0.000186869
1.182	0.000187242
1.1832	0.000187615
1.1844	0.000187988
1.1856	0.000188362
1.1868	0.000188736
1.188	0.00018911
1.1892	0.000189485
1.1904	0.00018986
1.1916	0.000190236
1.1928	0.000190611
1.194	0.000190988
1.1952	0.000191364
1.1964	0.000191741
1.1976	0.000192118
1.1988	0.000192496
1.2	0.000192874
1.2012	0.000193252
1.2024	0.00019363
1.2036	0.000194009
1.2048	0.000194389
1.206	0.000194768
1.2072	0.000195148
1.2084	0.000195529
1.2096	0.000195909
1.2108	0.00019629
1.212	0.000196672
1.2132	0.000197054
1.2144	0.000197436
1.2156	0.000197818
1.2168	0.000198201
1.218	0.000198584
1.2192	0.000198967
1.2204	0.000199351
1.2216	0.000199735
1.2228	0.00020012
1.224	0.000200505
1.2252	0.00020089
1.2264	0.000201275
1.2276	0.000201661
1.2288	0.000202048
1.23	0.000202434
1.2312	0.000202821
1.2324	0.000203208
1.2336	0.000203596
1.2348	0.000203984
1.236	0.000204372
1.2372	0.000204761
1.2384	0.00020515
1.2396	0.000205539
1.2408	0.000205929
1.242	0.000206319
1.2432	0.000206709
1.2444	0.0002071
1.2456	0.000207491
1.2468	0.000207883
1.248	0.000208274
1.2492	0.000208666
1.2504	0.000209059
1.2516	0.000209452
1.2528	0.000209845
1.254	0.000210238
1.2552	0.000210632
1.2564	0.000211026
1.2576	0.000211421
1.2588	0.000211816
1.26	0.000212211
1.2612	0.000212606
1.2624	0.000213002
1.2636	0.000213398
1.2648	0.000213795
1.266	0.000214192
1.2672	0.000214589
1.2684	0.000214987
1.2696	0.000215385
1.2708	0.000215783
1.272	0.000216182
1.2732	0.00021658
1.2744	0.00021698
1.2756	0.000217379
1.2768	0.000217779
1.278	0.00021818
1.2792	0.00021858
1.2804	0.000218981
1.2816	0.000219383
1.2828	0.000219785
1.284	0.000220187
1.2852	0.000220589
1.2864	0.000220992
1.2876	0.000221395
1.2888	0.000221798
1.29	0.000222202
1.2912	0.000222606
1.2924	0.00022301
1.2936	0.000223415
1.2948	0.00022382
1.296	0.000224226
1.2972	0.000224632
1.2984	0.000225038
1.2996	0.000225444
1.3008	0.000225851
1.302	0.000226258
1.3032	0.000226666
1.3044	0.000227073
1.3056	0.000227482
1.3068	0.00022789
1.308	0.000228299
1.3092	0.000228708
1.3104	0.000229118
1.3116	0.000229528
1.3128	0.000229938
1.314	0.000230348
1.3152	0.000230759
1.3164	0.00023117
1.3176	0.000231582
1.3188	0.000231994
1.32	0.000232406
1.3212	0.000232819
1.3224	0.000233232
1.3236	0.000233645
1.3248	0.000234058
1.326	0.000234472
1.3272	0.000234887
1.3284	0.000235301
1.3296	0.000235716
1.3308	0.000236132
1.332	0.000236547
1.3332	0.000236963
1.3344	0.000237379
1.3356	0.000237796
1.3368	0.000238213
1.338	0.00023863
1.3392	0.000239048
1.3404	0.000239466
1.3416	0.000239884
1.3428	0.000240303
1.344	0.000240722
1.3452	0.000241141
1.3464	0.000241561
1.3476	0.000241981
1.3488	0.000242401
1.35	0.000242822
1.3512	0.000243243
1.3524	0.000243664
1.3536	0.000244086
1.3548	0.000244508
1.356	0.00024493
1.3572	0.000245353
1.3584	0.000245776
1.3596	0.0002462
1.3608	0.000246623
1.362	0.000247047
1.3632	0.000247472
1.3644	0.000247896
1.3656	0.000248321
1.3668	0.000248747
1.368	0.000249173
1.3692	0.000249599
1.3704	0.000250025
1.3716	0.000250452
1.3728	0.000250879
1.374	0.000251306
1.3752	0.000251734
1.3764	0.000252162
1.3776	0.00025259
1.3788	0.000253019
1.38	0.000253448
1.3812	0.000253877
1.3824	0.000254307
1.3836	0.000254737
1.3848	0.000255168
1.386	0.000255598
1.3872	0.000256029
1.3884	0.000256461
1.3896	0.000256893
1.3908	0.000257325
1.392	0.000257757
1.3932	0.00025819
1.3944	0.000258623
1.3956	0.000259056
1.3968	0.00025949
1.398	0.000259924
1.3992	0.000260358
1.4004	0.000260793
1.4016	0.000261228
1.4028	0.000261663
1.404	0.000262099
1.4052	0.000262535
1.4064	0.000262972
1.4076	0.000263408
1.4088	0.000263845
1.41	0.000264283
1.4112	0.00026472
1.4124	0.000265158
1.4136	0.000265597
1.4148	0.000266035
1.416	0.000266475
1.4172	0.000266914
1.4184	0.000267354
1.4196	0.000267794
1.4208	0.000268234
1.422	0.000268675
1.4232	0.000269116
1.4244	0.000269557
1.4256	0.000269999
1.4268	0.000270441
1.428	0.000270883
1.4292	0.000271326
1.4304	0.000271769
1.4316	0.000272212
1.4328	0.000272656
1.434	0.0002731
1.4352	0.000273544
1.4364	0.000273988
1.4376	0.000274433
1.4388	0.000274879
1.44	0.000275324
1.4412	0.00027577
1.4424	0.000276217
1.4436	0.000276663
1.4448	0.00027711
1.446	0.000277557
1.4472	0.000278005
1.4484	0.000278453
1.4496	0.000278901
1.4508	0.00027935
1.452	0.000279799
1.4532	0.000280248
1.4544	0.000280697
1.4556	0.000281147
1.4568	0.000281597
1.458	0.000282048
1.4592	0.000282499
1.4604	0.00028295
1.4616	0.000283402
1.4628	0.000283853
1.464	0.000284306
1.4652	0.000284758
1.4664	0.000285211
1.4676	0.000285664
1.4688	0.000286118
1.47	0.000286571
1.4712	0.000287026
1.4724	0.00028748
1.4736	0.000287935
1.4748	0.00028839
1.476	0.000288845
1.4772	0.000289301
1.4784	0.000289757
1.4796	0.000290214
1.4808	0.00029067
1.482	0.000291127
1.4832	0.000291585
1.4844	0.000292042
1.4856	0.000292501
1.4868	0.000292959
1.488	0.000293418
1.4892	0.000293877
1.4904	0.000294336
1.4916	0.000294796
1.4928	0.000295256
1.494	0.000295716
1.4952	0.000296177
1.4964	0.000296637
1.4976	0.000297099
1.4988	0.00029756
1.5	0.000298022
1.5012	0.000298485
1.5024	0.000298947
1.5036	0.00029941
1.5048	0.000299873
1.506	0.000300337
1.5072	0.000300801
1.5084	0.000301265
1.5096	0.000301729
1.5108	0.000302194
1.512	0.000302659
1.5132	0.000303125
1.5144	0.000303591
1.5156	0.000304057
1.5168	0.000304523
1.518	0.00030499
1.5192	0.000305457
1.5204	0.000305924
1.5216	0.000306392
1.5228	0.00030686
1.524	0.000307329
1.5252	0.000307797
1.5264	0.000308266
1.5276	0.000308736
1.5288	0.000309205
1.53	0.000309675
1.5312	0.000310146
1.5324	0.000310616
1.5336	0.000311087
1.5348	0.000311558
1.536	0.00031203
1.5372	0.000312502
1.5384	0.000312974
1.5396	0.000313447
1.5408	0.00031392
1.542	0.000314393
1.5432	0.000314866
1.5444	0.00031534
1.5456	0.000315814
1.5468	0.000316289
1.548	0.000316764
1.5492	0.000317239
1.5504	0.000317714
1.5516	0.00031819
1.5528	0.000318666
1.554	0.000319142
1.5552	0.000319619
1.5564	0.000320096
1.5576	0.000320573
1.5588	0.000321051
1.56	0.000321529
1.5612	0.000322007
1.5624	0.000322486
1.5636	0.000322965
1.5648	0.000323444
1.566	0.000323923
1.5672	0.000324403
1.5684	0.000324884
1.5696	0.000325364
1.5708	0.000325845
1.572	0.000326326
1.5732	0.000326808
1.5744	0.000327289
1.5756	0.000327771
1.5768	0.000328254
1.578	0.000328737
1.5792	0.00032922
1.5804	0.000329703
1.5816	0.000330187
1.5828	0.000330671
1.584	0.000331155
1.5852	0.00033164
1.5864	0.000332124
1.5876	0.00033261
1.5888	0.000333095
1.59	0.000333581
1.5912	0.000334067
1.5924	0.000334554
1.5936	0.000335041
1.5948	0.000335528
1.596	0.000336015
1.5972	0.000336503
1.5984	0.000336991
1.5996	0.00033748
1.6008	0.000337968
1.602	0.000338457
1.6032	0.000338947
1.6044	0.000339436
1.6056	0.000339926
1.6068	0.000340417
1.608	0.000340907
1.6092	0.000341398
1.6104	0.000341889
1.6116	0.000342381
1.6128	0.000342873
1.614	0.000343365
1.6152	0.000343858
1.6164	0.00034435
1.6176	0.000344843
1.6188	0.000345337
1.62	0.000345831
1.6212	0.000346325
1.6224	0.000346819
1.6236	0.000347314
1.6248	0.000347809
1.626	0.000348304
1.6272	0.0003488
1.6284	0.000349296
1.6296	0.000349792
1.6308	0.000350288
1.632	0.000350785
1.6332	0.000351282
1.6344	0.00035178
1.6356	0.000352278
1.6368	0.000352776
1.638	0.000353274
1.6392	0.000353773
1.6404	0.000354272
1.6416	0.000354771
1.6428	0.000355271
1.644	0.000355771
1.6452	0.000356271
1.6464	0.000356772
1.6476	0.000357273
1.6488	0.000357774
1.65	0.000358275
1.6512	0.000358777
1.6524	0.000359279
1.6536	0.000359782
1.6548	0.000360284
1.656	0.000360788
1.6572	0.000361291
1.6584	0.000361795
1.6596	0.000362299
1.6608	0.000362803
1.662	0.000363307
1.6632	0.000363812
1.6644	0.000364318
1.6656	0.000364823
1.6668	0.000365329
1.668	0.000365835
1.6692	0.000366342
1.6704	0.000366848
1.6716	0.000367355
1.6728	0.000367863
1.674	0.00036837
1.6752	0.000368878
1.6764	0.000369387
1.6776	0.000369895
1.6788	0.000370404
1.68	0.000370914
1.6812	0.000371423
1.6824	0.000371933
1.6836	0.000372443
1.6848	0.000372954
1.686	0.000373464
1.6872	0.000373975
1.6884	0.000374487
1.6896	0.000374998
1.6908	0.00037551
1.692	0.000376023
1.6932	0.000376535
1.6944	0.000377048
1.6956	0.000377561
1.6968	0.000378075
1.698	0.000378589
1.6992	0.000379103
1.7004	0.000379617
1.7016	0.000380132
1.7028	0.000380647
1.704	0.000381162
1.7052	0.000381678
1.7064	0.000382194
1.7076	0.00038271
1.7088	0.000383227
1.71	0.000383744
1.7112	0.000384261
1.7124	0.000384778
1.7136	0.000385296
1.7148	0.000385814
1.716	0.000386332
1.7172	0.000386851
1.7184	0.00038737
1.7196	0.000387889
1.7208	0.000388409
1.722	0.000388929
1.7232	0.000389449
1.7244	0.000389969
1.7256	0.00039049
1.7268	0.000391011
1.728	0.000391533
1.7292	0.000392055
1.7304	0.000392577
1.7316	0.000393099
1.7328	0.000393621
1.734	0.000394144
1.7352	0.000394668
1.7364	0.000395191
1.7376	0.000395715
1.7388	0.000396239
1.74	0.000396763
1.7412	0.000397288
1.7424	0.000397813
1.7436	0.000398339
1.7448	0.000398864
1.746	0.00039939
1.7472	0.000399916
1.7484	0.000400443
1.7496	0.00040097
1.7508	0.000401497
1.752	0.000402024
1.7532	0.000402552
1.7544	0.00040308
1.7556	0.000403608
1.7568	0.000404137
1.758	0.000404666
1.7592	0.000405195
1.7604	0.000405725
1.7616	0.000406254
1.7628	0.000406784
1.764	0.000407315
1.7652	0.000407846
1.7664	0.000408377
1.7676	0.000408908
1.7688	0.00040944
1.77	0.000409971
1.7712	0.000410504
1.7724	0.000411036
1.7736	0.000411569
1.7748	0.000412102
1.776	0.000412635
1.7772	0.000413169
1.7784	0.000413703
1.7796	0.000414237
1.7808	0.000414772
1.782	0.000415307
1.7832	0.000415842
1.7844	0.000416378
1.7856	0.000416913
1.7868	0.000417449
1.788	0.000417986
1.7892	0.000418522
1.7904	0.000419059
1.7916	0.000419597
1.7928	0.000420134
1.794	0.000420672
1.7952	0.00042121
1.7964	0.000421749
1.7976	0.000422287
1.7988	0.000422826
1.8	0.000423366
1.8012	0.000423905
1.8024	0.000424445
1.8036	0.000424985
1.8048	0.000425526
1.806	0.000426067
1.8072	0.000426608
1.8084	0.000427149
1.8096	0.000427691
1.8108	0.000428233
1.812	0.000428775
1.8132	0.000429318
1.8144	0.00042986
1.8156	0.000430404
1.8168	0.000430947
1.818	0.000431491
1.8192	0.000432035
1.8204	0.000432579
1.8216	0.000433124
1.8228	0.000433669
1.824	0.000434214
1.8252	0.000434759
1.8264	0.000435305
1.8276	0.000435851
1.8288	0.000436397
1.83	0.000436944
1.8312	0.000437491
1.8324	0.000438038
1.8336	0.000438586
1.8348	0.000439134
1.836	0.000439682
1.8372	0.00044023
1.8384	0.000440779
1.8396	0.000441328
1.8408	0.000441877
1.842	0.000442427
1.8432	0.000442977
1.8444	0.000443527
1.8456	0.000444077
1.8468	0.000444628
1.848	0.000445179
1.8492	0.00044573
1.8504	0.000446282
1.8516	0.000446834
1.8528	0.000447386
1.854	0.000447938
1.8552	0.000448491
1.8564	0.000449044
1.8576	0.000449597
1.8588	0.000450151
1.86	0.000450705
1.8612	0.000451259
1.8624	0.000451814
1.8636	0.000452368
1.8648	0.000452924
1.866	0.000453479
1.8672	0.000454035
1.8684	0.00045459
1.8696	0.000455147
1.8708	0.000455703
1.872	0.00045626
1.8732	0.000456817
1.8744	0.000457374
1.8756	0.000457932
1.8768	0.00045849
1.878	0.000459048
1.8792	0.000459607
1.8804	0.000460166
1.8816	0.000460725
1.8828	0.000461284
1.884	0.000461844
1.8852	0.000462404
1.8864	0.000462964
1.8876	0.000463524
1.8888	0.000464085
1.89	0.000464646
1.8912	0.000465208
1.8924	0.000465769
1.8936	0.000466331
1.8948	0.000466894
1.896	0.000467456
1.8972	0.000468019
1.8984	0.000468582
1.8996	0.000469145
1.9008	0.000469709
1.902	0.000470273
1.9032	0.000470837
1.9044	0.000471402
1.9056	0.000471967
1.9068	0.000472532
1.908	0.000473097
1.9092	0.000473663
1.9104	0.000474229
1.9116	0.000474795
1.9128	0.000475361
1.914	0.000475928
1.9152	0.000476495
1.9164	0.000477063
1.9176	0.00047763
1.9188	0.000478198
1.92	0.000478766
1.9212	0.000479335
1.9224	0.000479904
1.9236	0.000480473
1.9248	0.000481042
1.926	0.000481612
1.9272	0.000482181
1.9284	0.000482752
1.9296	0.000483322
1.9308	0.000483893
1.932	0.000484464
1.9332	0.000485035
1.9344	0.000485607
1.9356	0.000486179
1.9368	0.000486751
1.938	0.000487323
1.9392	0.000487896
1.9404	0.000488469
1.9416	0.000489042
1.9428	0.000489616
1.944	0.000490189
1.9452	0.000490764
1.9464	0.000491338
1.9476	0.000491913
1.9488	0.000492487
1.95	0.000493063
1.9512	0.000493638
1.9524	0.000494214
1.9536	0.00049479
1.9548	0.000495366
1.956	0.000495943
1.9572	0.00049652
1.9584	0.000497097
1.9596	0.000497675
1.9608	0.000498252
1.962	0.00049883
1.9632	0.000499409
1.9644	0.000499987
1.9656	0.000500566
1.9668	0.000501145
1.968	0.000501724
1.9692	0.000502304
1.9704	0.000502884
1.9716	0.000503464
1.9728	0.000504045
1.974	0.000504626
1.9752	0.000505207
1.9764	0.000505788
1.9776	0.00050637
1.9788	0.000506952
1.98	0.000507534
1.9812	0.000508116
1.9824	0.000508699
1.9836	0.000509282
1.9848	0.000509865
1.986	0.000510449
1.9872	0.000511032
1.9884	0.000511617
1.9896	0.000512201
1.9908	0.000512786
1.992	0.000513371
1.9932	0.000513956
1.9944	0.000514541
1.9956	0.000515127
1.9968	0.000515713
1.998	0.000516299
1.9992	0.000516886
2.0004	0.000517473
2.0016	0.00051806
2.0028	0.000518647
2.004	0.000519235
2.0052	0.000519823
2.0064	0.000520411
2.0076	0.000520999
2.0088	0.000521588
2.01	0.000522177
2.0112	0.000522766
2.0124	0.000523356
2.0136	0.000523946
2.0148	0.000524536
2.016	0.000525126
2.0172	0.000525717
2.0184	0.000526308
2.0196	0.000526899
2.0208	0.000527491
2.022	0.000528082
2.0232	0.000528674
2.0244	0.000529267
2.0256	0.000529859
2.0268	0.000530452
2.028	0.000531045
2.0292	0.000531639
2.0304	0.000532232
2.0316	0.000532826
2.0328	0.00053342
2.034	0.000534015
2.0352	0.00053461
2.0364	0.000535205
2.0376	0.0005358
2.0388	0.000536395
2.04	0.000536991
2.0412	0.000537587
2.0424	0.000538184
2.0436	0.00053878
2.0448	0.000539377
2.046	0.000539974
2.0472	0.000540572
2.0484	0.000541169
2.0496	0.000541767
2.0508	0.000542366
2.052	0.000542964
2.0532	0.000543563
2.0544	0.000544162
2.0556	0.000544761
2.0568	0.000545361
2.058	0.000545961
2.0592	0.000546561
2.0604	0.000547161
2.0616	0.000547762
2.0628	0.000548363
2.064	0.000548964
2.0652	0.000549565
2.0664	0.000550167
2.0676	0.000550769
2.0688	0.000551371
2.07	0.000551974
2.0712	0.000552576
2.0724	0.000553179
2.0736	0.000553783
2.0748	0.000554386
2.076	0.00055499
2.0772	0.000555594
2.0784	0.000556199
2.0796	0.000556803
2.0808	0.000557408
2.082	0.000558013
2.0832	0.000558619
2.0844	0.000559224
2.0856	0.00055983
2.0868	0.000560437
2.088	0.000561043
2.0892	0.00056165
2.0904	0.000562257
2.0916	0.000562864
2.0928	0.000563472
2.094	0.000564079
2.0952	0.000564688
2.0964	0.000565296
2.0976	0.000565904
2.0988	0.000566513
2.1	0.000567122
2.1012	0.000567732
2.1024	0.000568341
2.1036	0.000568951
2.1048	0.000569562
2.106	0.000570172
2.1072	0.000570783
2.1084	0.000571394
2.1096	0.000572005
2.1108	0.000572616
2.112	0.000573228
2.1132	0.00057384
2.1144	0.000574452
2.1156	0.000575065
2.1168	0.000575678
2.118	0.000576291
2.1192	0.000576904
2.1204	0.000577518
2.1216	0.000578131
2.1228	0.000578745
2.124	0.00057936
2.1252	0.000579974
2.1264	0.000580589
2.1276	0.000581204
2.1288	0.00058182
2.13	0.000582436
2.1312	0.000583051
2.1324	0.000583668
2.1336	0.000584284
2.1348	0.000584901
2.136	0.000585518
2.1372	0.000586135
2.1384	0.000586752
2.1396	0.00058737
2.1408	0.000587988
2.142	0.000588606
2.1432	0.000589225
2.1444	0.000589844
2.1456	0.000590463
2.1468	0.000591082
2.148	0.000591701
2.1492	0.000592321
2.1504	0.000592941
2.1516	0.000593561
2.1528	0.000594182
2.154	0.000594803
2.1552	0.000595424
2.1564	0.000596045
2.1576	0.000596667
2.1588	0.000597289
2.16	0.000597911
2.1612	0.000598533
2.1624	0.000599156
2.1636	0.000599779
2.1648	0.000600402
2.166	0.000601025
2.1672	0.000601649
2.1684	0.000602273
2.1696	0.000602897
2.1708	0.000603521
2.172	0.000604146
2.1732	0.000604771
2.1744	0.000605396
2.1756	0.000606021
2.1768	0.000606647
2.178	0.000607273
2.1792	0.000607899
2.1804	0.000608525
2.1816	0.000609152
2.1828	0.000609779
2.184	0.000610406
2.1852	0.000611034
2.1864	0.000611661
2.1876	0.000612289
2.1888	0.000612918
2.19	0.000613546
2.1912	0.000614175
2.1924	0.000614804
2.1936	0.000615433
2.1948	0.000616062
2.196	0.000616692
2.1972	0.000617322
2.1984	0.000617952
2.1996	0.000618583
2.2008	0.000619214
2.202	0.000619845
2.2032	0.000620476
2.2044	0.000621107
2.2056	0.000621739
2.2068	0.000622371
2.208	0.000623003
2.2092	0.000623636
2.2104	0.000624268
2.2116	0.000624901
2.2128	0.000625535
2.214	0.000626168
2.2152	0.000626802
2.2164	0.000627436
2.2176	0.00062807
2.2188	0.000628705
2.22	0.000629339
2.2212	0.000629974
2.2224	0.000630609
2.2236	0.000631245
2.2248	0.000631881
2.226	0.000632517
2.2272	0.000633153
2.2284	0.000633789
2.2296	0.000634426
2.2308	0.000635063
2.232	0.0006357
2.2332	0.000636338
2.2344	0.000636975
2.2356	0.000637613
2.2368	0.000638252
2.238	0.00063889
2.2392	0.000639529
2.2404	0.000640168
2.2416	0.000640807
2.2428	0.000641446
2.244	0.000642086
2.2452	0.000642726
2.2464	0.000643366
2.2476	0.000644007
2.2488	0.000644647
2.25	0.000645288
2.2512	0.000645929
2.2524	0.000646571
2.2536	0.000647212
2.2548	0.000647854
2.256	0.000648497
2.2572	0.000649139
2.2584	0.000649782
2.2596	0.000650424
2.2608	0.000651068
2.262	0.000651711
2.2632	0.000652355
2.2644	0.000652998
2.2656	0.000653643
2.2668	0.000654287
2.268	0.000654931
2.2692	0.000655576
2.2704	0.000656221
2.2716	0.000656867
2.2728	0.000657512
2.274	0.000658158
2.2752	0.000658804
2.2764	0.00065945
2.2776	0.000660097
2.2788	0.000660744
2.28	0.000661391
2.2812	0.000662038
2.2824	0.000662686
2.2836	0.000663333
2.2848	0.000663981
2.286	0.00066463
2.2872	0.000665278
2.2884	0.000665927
2.2896	0.000666576
2.2908	0.000667225
2.292	0.000667874
2.2932	0.000668524
2.2944	0.000669174
2.2956	0.000669824
2.2968	0.000670474
2.298	0.000671125
2.2992	0.000671776
2.3004	0.000672427
2.3016	0.000673078
2.3028	0.00067373
2.304	0.000674382
2.3052	0.000675034
2.3064	0.000675686
2.3076	0.000676339
2.3088	0.000676992
2.31	0.000677645
2.3112	0.000678298
2.3124	0.000678952
2.3136	0.000679605
2.3148	0.000680259
2.316	0.000680913
2.3172	0.000681568
2.3184	0.000682223
2.3196	0.000682878
2.3208	0.000683533
2.322	0.000684188
2.3232	0.000684844
2.3244	0.0006855
2.3256	0.000686156
2.3268	0.000686812
2.328	0.000687469
2.3292	0.000688126
2.3304	0.000688783
2.3316	0.00068944
2.3328	0.000690098
2.334	0.000690755
2.3352	0.000691413
2.3364	0.000692072
2.3376	0.00069273
2.3388	0.000693389
2.34	0.000694048
2.3412	0.000694707
2.3424	0.000695366
2.3436	0.000696026
2.3448	0.000696686
2.346	0.000697346
2.3472	0.000698007
2.3484	0.000698667
2.3496	0.000699328
2.3508	0.000699989
2.352	0.00070065
2.3532	0.000701312
2.3544	0.000701974
2.3556	0.000702636
2.3568	0.000703298
2.358	0.00070396
2.3592	0.000704623
2.3604	0.000705286
2.3616	0.000705949
2.3628	0.000706613
2.364	0.000707276
2.3652	0.00070794
2.3664	0.000708604
2.3676	0.000709269
2.3688	0.000709933
2.37	0.000710598
2.3712	0.000711263
2.3724	0.000711928
2.3736	0.000712594
2.3748	0.000713259
2.376	0.000713925
2.3772	0.000714592
2.3784	0.000715258
2.3796	0.000715925
2.3808	0.000716592
2.382	0.000717259
2.3832	0.000717926
2.3844	0.000718594
2.3856	0.000719261
2.3868	0.000719929
2.388	0.000720598
2.3892	0.000721266
2.3904	0.000721935
2.3916	0.000722604
2.3928	0.000723273
2.394	0.000723942
2.3952	0.000724612
2.3964	0.000725282
2.3976	0.000725952
2.3988	0.000726622
2.4	0.000727293
2.4012	0.000727964
2.4024	0.000728635
2.4036	0.000729306
2.4048	0.000729977
2.406	0.000730649
2.4072	0.000731321
2.4084	0.000731993
2.4096	0.000732665
2.4108	0.000733338
2.412	0.000734011
2.4132	0.000734684
2.4144	0.000735357
2.4156	0.000736031
2.4168	0.000736704
2.418	0.000737378
2.4192	0.000738053
2.4204	0.000738727
2.4216	0.000739402
2.4228	0.000740076
2.424	0.000740751
2.4252	0.000741427
2.4264	0.000742102
2.4276	0.000742778
2.4288	0.000743454
2.43	0.00074413
2.4312	0.000744807
2.4324	0.000745483
2.4336	0.00074616
2.4348	0.000746837
2.436	0.000747515
2.4372	0.000748192
2.4384	0.00074887
2.4396	0.000749548
2.4408	0.000750226
2.442	0.000750905
2.4432	0.000751583
2.4444	0.000752262
2.4456	0.000752941
2.4468	0.000753621
2.448	0.0007543
2.4492	0.00075498
2.4504	0.00075566
2.4516	0.00075634
2.4528	0.000757021
2.454	0.000757701
2.4552	0.000758382
2.4564	0.000759063
2.4576	0.000759745
2.4588	0.000760426
2.46	0.000761108
2.4612	0.00076179
2.4624	0.000762472
2.4636	0.000763155
2.4648	0.000763837
2.466	0.00076452
2.4672	0.000765203
2.4684	0.000765886
2.4696	0.00076657
2.4708	0.000767254
2.472	0.000767938
2.4732	0.000768622
2.4744	0.000769306
2.4756	0.000769991
2.4768	0.000770676
2.478	0.000771361
2.4792	0.000772046
2.4804	0.000772732
2.4816	0.000773417
2.4828	0.000774103
2.484	0.000774789
2.4852	0.000775476
2.4864	0.000776162
2.4876	0.000776849
2.4888	0.000777536
2.49	0.000778224
2.4912	0.000778911
2.4924	0.000779599
2.4936	0.000780287
2.4948	0.000780975
2.496	0.000781663
2.4972	0.000782352
2.4984	0.00078304
2.4996	0.000783729
2.5008	0.000784419
2.502	0.000785108
2.5032	0.000785798
2.5044	0.000786487
2.5056	0.000787177
2.5068	0.000787868
2.508	0.000788558
2.5092	0.000789249
2.5104	0.00078994
2.5116	0.000790631
2.5128	0.000791322
2.514	0.000792014
2.5152	0.000792706
2.5164	0.000793398
2.5176	0.00079409
2.5188	0.000794782
2.52	0.000795475
2.5212	0.000796168
2.5224	0.000796861
2.5236	0.000797554
2.5248	0.000798248
2.526	0.000798941
2.5272	0.000799635
2.5284	0.000800329
2.5296	0.000801024
2.5308	0.000801718
2.532	0.000802413
2.5332	0.000803108
2.5344	0.000803803
2.5356	0.000804499
2.5368	0.000805194
2.538	0.00080589
2.5392	0.000806586
2.5404	0.000807282
2.5416	0.000807979
2.5428	0.000808675
2.544	0.000809372
2.5452	0.000810069
2.5464	0.000810767
2.5476	0.000811464
2.5488	0.000812162
2.55	0.00081286
2.5512	0.000813558
2.5524	0.000814256
2.5536	0.000814955
2.5548	0.000815654
2.556	0.000816353
2.5572	0.000817052
2.5584	0.000817751
2.5596	0.000818451
2.5608	0.00081915
2.562	0.00081985
2.5632	0.000820551
2.5644	0.000821251
2.5656	0.000821952
2.5668	0.000822653
2.568	0.000823354
2.5692	0.000824055
2.5704	0.000824756
2.5716	0.000825458
2.5728	0.00082616
2.574	0.000826862
2.5752	0.000827564
2.5764	0.000828267
2.5776	0.00082897
2.5788	0.000829673
2.58	0.000830376
2.5812	0.000831079
2.5824	0.000831783
2.5836	0.000832486
2.5848	0.00083319
2.586	0.000833894
2.5872	0.000834599
2.5884	0.000835303
2.5896	0.000836008
2.5908	0.000836713
2.592	0.000837418
2.5932	0.000838124
2.5944	0.000838829
2.5956	0.000839535
2.5968	0.000840241
2.598	0.000840947
2.5992	0.000841654
2.6004	0.00084236
2.6016	0.000843067
2.6028	0.000843774
2.604	0.000844481
2.6052	0.000845189
2.6064	0.000845896
2.6076	0.000846604
2.6088	0.000847312
2.61	0.00084802
2.6112	0.000848729
2.6124	0.000849438
2.6136	0.000850146
2.6148	0.000850855
2.616	0.000851565
2.6172	0.000852274
2.6184	0.000852984
2.6196	0.000853694
2.6208	0.000854404
2.622	0.000855114
2.6232	0.000855824
2.6244	0.000856535
2.6256	0.000857246
2.6268	0.000857957
2.628	0.000858668
2.6292	0.00085938
2.6304	0.000860091
2.6316	0.000860803
2.6328	0.000861515
2.634	0.000862227
2.6352	0.00086294
2.6364	0.000863653
2.6376	0.000864365
2.6388	0.000865078
2.64	0.000865792
2.6412	0.000866505
2.6424	0.000867219
2.6436	0.000867933
2.6448	0.000868647
2.646	0.000869361
2.6472	0.000870075
2.6484	0.00087079
2.6496	0.000871505
2.6508	0.00087222
2.652	0.000872935
2.6532	0.000873651
2.6544	0.000874366
2.6556	0.000875082
2.6568	0.000875798
2.658	0.000876514
2.6592	0.000877231
2.6604	0.000877947
2.6616	0.000878664
2.6628	0.000879381
2.664	0.000880098
2.6652	0.000880816
2.6664	0.000881533
2.6676	0.000882251
2.6688	0.000882969
2.67	0.000883687
2.6712	0.000884406
2.6724	0.000885124
2.6736	0.000885843
2.6748	0.000886562
2.676	0.000887281
2.6772	0.000888
2.6784	0.00088872
2.6796	0.00088944
2.6808	0.00089016
2.682	0.00089088
2.6832	0.0008916
2.6844	0.00089232
2.6856	0.000893041
2.6868	0.000893762
2.688	0.000894483
2.6892	0.000895204
2.6904	0.000895926
2.6916	0.000896648
2.6928	0.000897369
2.694	0.000898091
2.6952	0.000898814
2.6964	0.000899536
2.6976	0.000900259
2.6988	0.000900982
2.7	0.000901705
2.7012	0.000902428
2.7024	0.000903151
2.7036	0.000903875
2.7048	0.000904598
2.706	0.000905322
2.7072	0.000906047
2.7084	0.000906771
2.7096	0.000907495
2.7108	0.00090822
2.712	0.000908945
2.7132	0.00090967
2.7144	0.000910395
2.7156	0.000911121
2.7168	0.000911847
2.718	0.000912572
2.7192	0.000913298
2.7204	0.000914025
2.7216	0.000914751
2.7228	0.000915478
2.724	0.000916205
2.7252	0.000916932
2.7264	0.000917659
2.7276	0.000918386
2.7288	0.000919114
2.73	0.000919841
2.7312	0.000920569
2.7324	0.000921297
2.7336	0.000922026
2.7348	0.000922754
2.736	0.000923483
2.7372	0.000924212
2.7384	0.000924941
2.7396	0.00092567
2.7408	0.000926399
2.742	0.000927129
2.7432	0.000927859
2.7444	0.000928589
2.7456	0.000929319
2.7468	0.000930049
2.748	0.00093078
2.7492	0.000931511
2.7504	0.000932241
2.7516	0.000932973
2.7528	0.000933704
2.754	0.000934435
2.7552	0.000935167
2.7564	0.000935899
2.7576	0.000936631
2.7588	0.000937363
2.76	0.000938095
2.7612	0.000938828
2.7624	0.000939561
2.7636	0.000940294
2.7648	0.000941027
2.766	0.00094176
2.7672	0.000942493
2.7684	0.000943227
2.7696	0.000943961
2.7708	0.000944695
2.772	0.000945429
2.7732	0.000946164
2.7744	0.000946898
2.7756	0.000947633
2.7768	0.000948368
2.778	0.000949103
2.7792	0.000949838
2.7804	0.000950574
2.7816	0.000951309
2.7828	0.000952045
2.784	0.000952781
2.7852	0.000953518
2.7864	0.000954254
2.7876	0.00095499
2.7888	0.000955727
2.79	0.000956464
2.7912	0.000957201
2.7924	0.000957939
2.7936	0.000958676
2.7948	0.000959414
2.796	0.000960151
2.7972	0.000960889
2.7984	0.000961628
2.7996	0.000962366
2.8008	0.000963105
2.802	0.000963843
2.8032	0.000964582
2.8044	0.000965321
2.8056	0.000966061
2.8068	0.0009668
2.808	0.00096754
2.8092	0.000968279
2.8104	0.000969019
2.8116	0.000969759
2.8128	0.0009705
2.814	0.00097124
2.8152	0.000971981
2.8164	0.000972722
2.8176	0.000973463
2.8188	0.000974204
2.82	0.000974945
2.8212	0.000975687
2.8224	0.000976429
2.8236	0.000977171
2.8248	0.000977913
2.826	0.000978655
2.8272	0.000979397
2.8284	0.00098014
2.8296	0.000980883
2.8308	0.000981626
2.832	0.000982369
2.8332	0.000983112
2.8344	0.000983856
2.8356	0.000984599
2.8368	0.000985343
2.838	0.000986087
2.8392	0.000986831
2.8404	0.000987576
2.8416	0.00098832
2.8428	0.000989065
2.844	0.00098981
2.8452	0.000990555
2.8464	0.0009913
2.8476	0.000992045
2.8488	0.000992791
2.85	0.000993537
2.8512	0.000994283
2.8524	0.000995029
2.8536	0.000995775
2.8548	0.000996521
2.856	0.000997268
2.8572	0.000998015
2.8584	0.000998762
2.8596	0.000999509
2.8608	0.00100026
2.862	0.001001
2.8632	0.00100175
2.8644	0.0010025
2.8656	0.00100325
2.8668	0.001004
2.868	0.00100474
2.8692	0.00100549
2.8704	0.00100624
2.8716	0.00100699
2.8728	0.00100774
2.874	0.00100849
2.8752	0.00100924
2.8764	0.00100999
2.8776	0.00101074
2.8788	0.00101149
2.88	0.00101224
2.8812	0.00101299
2.8824	0.00101374
2.8836	0.00101449
2.8848	0.00101524
2.886	0.00101599
2.8872	0.00101674
2.8884	0.00101749
2.8896	0.00101824
2.8908	0.00101899
2.892	0.00101974
2.8932	0.0010205
2.8944	0.00102125
2.8956	0.001022
2.8968	0.00102275
2.898	0.00102351
2.8992	0.00102426
2.9004	0.00102501
2.9016	0.00102576
2.9028	0.00102652
2.904	0.00102727
2.9052	0.00102802
2.9064	0.00102878
2.9076	0.00102953
2.9088	0.00103029
2.91	0.00103104
2.9112	0.00103179
2.9124	0.00103255
2.9136	0.0010333
2.9148	0.00103406
2.916	0.00103481
2.9172	0.00103557
2.9184	0.00103632
2.9196	0.00103708
2.9208	0.00103783
2.922	0.00103859
2.9232	0.00103935
2.9244	0.0010401
2.9256	0.00104086
2.9268	0.00104162
2.928	0.00104237
2.9292	0.00104313
2.9304	0.00104389
2.9316	0.00104464
2.9328	0.0010454
2.934	0.00104616
2.9352	0.00104692
2.9364	0.00104767
2.9376	0.00104843
2.9388	0.00104919
2.94	0.00104995
2.9412	0.00105071
2.9424	0.00105146
2.9436	0.00105222
2.9448	0.00105298
2.946	0.00105374
2.9472	0.0010545
2.9484	0.00105526
2.9496	0.00105602
2.9508	0.00105678
2.952	0.00105754
2.9532	0.0010583
2.9544	0.00105906
2.9556	0.00105982
2.9568	0.00106058
2.958	0.00106134
2.9592	0.0010621
2.9604	0.00106286
2.9616	0.00106362
2.9628	0.00106438
2.964	0.00106515
2.9652	0.00106591
2.9664	0.00106667
2.9676	0.00106743
2.9688	0.00106819
2.97	0.00106896
2.9712	0.00106972
2.9724	0.00107048
2.9736	0.00107124
2.9748	0.00107201
2.976	0.00107277
2.9772	0.00107353
2.9784	0.0010743
2.9796	0.00107506
2.9808	0.00107582
2.982	0.00107659
2.9832	0.00107735
2.9844	0.00107811
2.9856	0.00107888
2.9868	0.00107964
2.988	0.00108041
2.9892	0.00108117
2.9904	0.00108194
2.9916	0.0010827
2.9928	0.00108347
2.994	0.00108423
2.9952	0.001085
2.9964	0.00108576
2.9976	0.00108653
2.9988	0.0010873
3	0.00108806
3.0012	0.00108883
3.0024	0.00108959
3.0036	0.00109036
3.0048	0.00109113
3.006	0.00109189
3.0072	0.00109266
3.0084	0.00109343
3.0096	0.0010942
3.0108	0.00109496
3.012	0.00109573
3.0132	0.0010965
3.0144	0.00109727
3.0156	0.00109803
3.0168	0.0010988
3.018	0.00109957
3.0192	0.00110034
3.0204	0.00110111
3.0216	0.00110188
3.0228	0.00110265
3.024	0.00110342
3.0252	0.00110418
3.0264	0.00110495
3.0276	0.00110572
3.0288	0.00110649
3.03	0.00110726
3.0312	0.00110803
3.0324	0.0011088
3.0336	0.00110957
3.0348	0.00111034
3.036	0.00111111
3.0372	0.00111189
3.0384	0.00111266
3.0396	0.00111343
3.0408	0.0011142
3.042	0.00111497
3.0432	0.00111574
3.0444	0.00111651
3.0456	0.00111728
3.0468	0.00111806
3.048	0.00111883
3.0492	0.0011196
3.0504	0.00112037
3.0516	0.00112115
3.0528	0.00112192
3.054	0.00112269
3.0552	0.00112346
3.0564	0.00112424
3.0576	0.00112501
3.0588	0.00112578
3.06	0.00112656
3.0612	0.00112733
3.0624	0.00112811
3.0636	0.00112888
3.0648	0.00112965
3.066	0.00113043
3.0672	0.0011312
3.0684	0.00113198
3.0696	0.00113275
3.0708	0.00113353
3.072	0.0011343
3.0732	0.00113508
3.0744	0.00113585
3.0756	0.00113663
3.0768	0.0011374
3.078	0.00113818
3.0792	0.00113895
3.0804	0.00113973
3.0816	0.00114051
3.0828	0.00114128
3.084	0.00114206
3.0852	0.00114284
3.0864	0.00114361
3.0876	0.00114439
3.0888	0.00114517
3.09	0.00114594
3.0912	0.00114672
3.0924	0.0011475
3.0936	0.00114828
3.0948	0.00114905
3.096	0.00114983
3.0972	0.00115061
3.0984	0.00115139
3.0996	0.00115217
3.1008	0.00115295
3.102	0.00115372
3.1032	0.0011545
3.1044	0.00115528
3.1056	0.00115606
3.1068	0.00115684
3.108	0.00115762
3.1092	0.0011584
3.1104	0.00115918
3.1116	0.00115996
3.1128	0.00116074
3.114	0.00116152
3.1152	0.0011623
3.1164	0.00116308
3.1176	0.00116386
3.1188	0.00116464
3.12	0.00116542
3.1212	0.0011662
3.1224	0.00116698
3.1236	0.00116776
3.1248	0.00116854
3.126	0.00116932
3.1272	0.00117011
3.1284	0.00117089
3.1296	0.00117167
3.1308	0.00117245
3.132	0.00117323
3.1332	0.00117402
3.1344	0.0011748
3.1356	0.00117558
3.1368	0.00117636
3.138	0.00117715
3.1392	0.00117793
3.1404	0.00117871
3.1416	0.00117949
3.1428	0.00118028
3.144	0.00118106
3.1452	0.00118184
3.1464	0.00118263
3.1476	0.00118341
3.1488	0.0011842
3.15	0.00118498
3.1512	0.00118576
3.1524	0.00118655
3.1536	0.00118733
3.1548	0.00118812
3.156	0.0011889
3.1572	0.00118969
3.1584	0.00119047
3.1596	0.00119126
3.1608	0.00119204
3.162	0.00119283
3.1632	0.00119361
3.1644	0.0011944
3.1656	0.00119518
3.1668	0.00119597
3.168	0.00119676
3.1692	0.00119754
3.1704	0.00119833
3.1716	0.00119912
3.1728	0.0011999
3.174	0.00120069
3.1752	0.00120148
3.1764	0.00120226
3.1776	0.00120305
3.1788	0.00120384
3.18	0.00120462
3.1812	0.00120541
3.1824	0.0012062
3.1836	0.00120699
3.1848	0.00120778
3.186	0.00120856
3.1872	0.00120935
3.1884	0.00121014
3.1896	0.00121093
3.1908	0.00121172
3.192	0.00121251
3.1932	0.00121329
3.1944	0.00121408
3.1956	0.00121487
3.1968	0.00121566
3.198	0.00121645
3.1992	0.00121724
3.2004	0.00121803
3.2016	0.00121882
3.2028	0.00121961
3.204	0.0012204
3.2052	0.00122119
3.2064	0.00122198
3.2076	0.00122277
3.2088	0.00122356
3.21	0.00122435
3.2112	0.00122514
3.2124	0.00122593
3.2136	0.00122672
3.2148	0.00122751
3.216	0.00122831
3.2172	0.0012291
3.2184	0.00122989
3.2196	0.00123068
3.2208	0.00123147
3.222	0.00123226
3.2232	0.00123306
3.2244	0.00123385
3.2256	0.00123464
3.2268	0.00123543
3.228	0.00123622
3.2292	0.00123702
3.2304	0.00123781
3.2316	0.0012386
3.2328	0.0012394
3.234	0.00124019
3.2352	0.00124098
3.2364	0.00124177
3.2376	0.00124257
3.2388	0.00124336
3.24	0.00124416
3.2412	0.00124495
3.2424	0.00124574
3.2436	0.00124654
3.2448	0.00124733
3.246	0.00124813
3.2472	0.00124892
3.2484	0.00124971
3.2496	0.00125051
3.2508	0.0012513
3.252	0.0012521
3.2532	0.00125289
3.2544	0.00125369
3.2556	0.00125448
3.2568	0.00125528
3.258	0.00125608
3.2592	0.00125687
3.2604	0.00125767
3.2616	0.00125846
3.2628	0.00125926
3.264	0.00126005
3.2652	0.00126085
3.2664	0.00126165
3.2676	0.00126244
3.2688	0.00126324
3.27	0.00126404
3.2712	0.00126483
3.2724	0.00126563
3.2736	0.00126643
3.2748	0.00126723
3.276	0.00126802
3.2772	0.00126882
3.2784	0.00126962
3.2796	0.00127042
3.2808	0.00127121
3.282	0.00127201
3.2832	0.00127281
3.2844	0.00127361
3.2856	0.00127441
3.2868	0.0012752
3.288	0.001276
3.2892	0.0012768
3.2904	0.0012776
3.2916	0.0012784
3.2928	0.0012792
3.294	0.00128
3.2952	0.0012808
3.2964	0.00128159
3.2976	0.00128239
3.2988	0.00128319
3.3	0.00128399
3.3012	0.00128479
3.3024	0.00128559
3.3036	0.00128639
3.3048	0.00128719
3.306	0.00128799
3.3072	0.00128879
3.3084	0.00128959
3.3096	0.00129039
3.3108	0.00129119
3.312	0.001292
3.3132	0.0012928
3.3144	0.0012936
3.3156	0.0012944
3.3168	0.0012952
3.318	0.001296
3.3192	0.0012968
3.3204	0.0012976
3.3216	0.00129841
3.3228	0.00129921
3.324	0.00130001
3.3252	0.00130081
3.3264	0.00130161
3.3276	0.00130242
3.3288	0.00130322
3.33	0.00130402
3.3312	0.00130482
3.3324	0.00130563
3.3336	0.00130643
3.3348	0.00130723
3.336	0.00130803
3.3372	0.00130884
3.3384	0.00130964
3.3396	0.00131044
3.3408	0.00131125
3.342	0.00131205
3.3432	0.00131285
3.3444	0.00131366
3.3456	0.00131446
3.3468	0.00131527
3.348	0.00131607
3.3492	0.00131687
3.3504	0.00131768
3.3516	0.00131848
3.3528	0.00131929
3.354	0.00132009
3.3552	0.0013209
3.3564	0.0013217
3.3576	0.00132251
3.3588	0.00132331
3.36	0.00132412
3.3612	0.00132492
3.3624	0.00132573
3.3636	0.00132653
3.3648	0.00132734
3.366	0.00132815
3.3672	0.00132895
3.3684	0.00132976
3.3696	0.00133056
3.3708	0.00133137
3.372	0.00133218
3.3732	0.00133298
3.3744	0.00133379
3.3756	0.00133459
3.3768	0.0013354
3.378	0.00133621
3.3792	0.00133702
3.3804	0.00133782
3.3816	0.00133863
3.3828	0.00133944
3.384	0.00134024
3.3852	0.00134105
3.3864	0.00134186
3.3876	0.00134267
3.3888	0.00134347
3.39	0.00134428
3.3912	0.00134509
3.3924	0.0013459
3.3936	0.00134671
3.3948	0.00134751
3.396	0.00134832
3.3972	0.00134913
3.3984	0.00134994
3.3996	0.00135075
3.4008	0.00135156
3.402	0.00135237
3.4032	0.00135317
3.4044	0.00135398
3.4056	0.00135479
3.4068	0.0013556
3.408	0.00135641
3.4092	0.00135722
3.4104	0.00135803
3.4116	0.00135884
3.4128	0.00135965
3.414	0.00136046
3.4152	0.00136127
3.4164	0.00136208
3.4176	0.00136289
3.4188	0.0013637
3.42	0.00136451
3.4212	0.00136532
3.4224	0.00136613
3.4236	0.00136694
3.4248	0.00136775
3.426	0.00136856
3.4272	0.00136937
3.4284	0.00137019
3.4296	0.001371
3.4308	0.00137181
3.432	0.00137262
3.4332	0.00137343
3.4344	0.00137424
3.4356	0.00137505
3.4368	0.00137587
3.438	0.00137668
3.4392	0.00137749
3.4404	0.0013783
3.4416	0.00137911
3.4428	0.00137993
3.444	0.00138074
3.4452	0.00138155
3.4464	0.00138236
3.4476	0.00138318
3.4488	0.00138399
3.45	0.0013848
3.4512	0.00138561
3.4524	0.00138643
3.4536	0.00138724
3.4548	0.00138805
3.456	0.00138887
3.4572	0.00138968
3.4584	0.00139049
3.4596	0.00139131
3.4608	0.00139212
3.462	0.00139293
3.4632	0.00139375
3.4644	0.00139456
3.4656	0.00139538
3.4668	0.00139619
3.468	0.001397
3.4692	0.00139782
3.4704	0.00139863
3.4716	0.00139945
3.4728	0.00140026
3.474	0.00140108
3.4752	0.00140189
3.4764	0.00140271
3.4776	0.00140352
3.4788	0.00140434
3.48	0.00140515
3.4812	0.00140597
3.4824	0.00140678
3.4836	0.0014076
3.4848	0.00140841
3.486	0.00140923
3.4872	0.00141004
3.4884	0.00141086
3.4896	0.00141168
3.4908	0.00141249
3.492	0.00141331
3.4932	0.00141412
3.4944	0.00141494
3.4956	0.00141576
3.4968	0.00141657
3.498	0.00141739
3.4992	0.00141821
3.5004	0.00141902
3.5016	0.00141984
3.5028	0.00142066
3.504	0.00142147
3.5052	0.00142229
3.5064	0.00142311
3.5076	0.00142393
3.5088	0.00142474
3.51	0.00142556
3.5112	0.00142638
3.5124	0.0014272
3.5136	0.00142801
3.5148	0.00142883
3.516	0.00142965
3.5172	0.00143047
3.5184	0.00143128
3.5196	0.0014321
3.5208	0.00143292
3.522	0.00143374
3.5232	0.00143456
3.5244	0.00143538
3.5256	0.00143619
3.5268	0.00143701
3.528	0.00143783
3.5292	0.00143865
3.5304	0.00143947
3.5316	0.00144029
3.5328	0.00144111
3.534	0.00144193
3.5352	0.00144275
3.5364	0.00144356
3.5376	0.00144438
3.5388	0.0014452
3.54	0.00144602
3.5412	0.00144684
3.5424	0.00144766
3.5436	0.00144848
3.5448	0.0014493
3.546	0.00145012
3.5472	0.00145094
3.5484	0.00145176
3.5496	0.00145258
3.5508	0.0014534
3.552	0.00145422
3.5532	0.00145504
3.5544	0.00145586
3.5556	0.00145669
3.5568	0.00145751
3.558	0.00145833
3.5592	0.00145915
3.5604	0.00145997
3.5616	0.00146079
3.5628	0.00146161
3.564	0.00146243
3.5652	0.00146325
3.5664	0.00146407
3.5676	0.0014649
3.5688	0.00146572
3.57	0.00146654
3.5712	0.00146736
3.5724	0.00146818
3.5736	0.001469
3.5748	0.00146983
3.576	0.00147065
3.5772	0.00147147
3.5784	0.00147229
3.5796	0.00147312
3.5808	0.00147394
3.582	0.00147476
3.5832	0.00147558
3.5844	0.00147641
3.5856	0.00147723
3.5868	0.00147805
3.588	0.00147887
3.5892	0.0014797
3.5904	0.00148052
3.5916	0.00148134
3.5928	0.00148217
3.594	0.00148299
3.5952	0.00148381
3.5964	0.00148464
3.5976	0.00148546
3.5988	0.00148628
3.6	0.00148711
3.6012	0.00148793
3.6024	0.00148875
3.6036	0.00148958
3.6048	0.0014904
3.606	0.00149123
3.6072	0.00149205
3.6084	0.00149287
3.6096	0.0014937
3.6108	0.00149452
3.612	0.00149535
3.6132	0.00149617
3.6144	0.001497
3.6156	0.00149782
3.6168	0.00149864
3.618	0.00149947
3.6192	0.00150029
3.6204	0.00150112
3.6216	0.00150194
3.6228	0.00150277
3.624	0.00150359
3.6252	0.00150442
3.6264	0.00150524
3.6276	0.00150607
3.6288	0.00150689
3.63	0.00150772
3.6312	0.00150855
3.6324	0.00150937
3.6336	0.0015102
3.6348	0.00151102
3.636	0.00151185
3.6372	0.00151267
3.6384	0.0015135
3.6396	0.00151433
3.6408	0.00151515
3.642	0.00151598
3.6432	0.00151681
3.6444	0.00151763
3.6456	0.00151846
3.6468	0.00151928
3.648	0.00152011
3.6492	0.00152094
3.6504	0.00152176
3.6516	0.00152259
3.6528	0.00152342
3.654	0.00152425
3.6552	0.00152507
3.6564	0.0015259
3.6576	0.00152673
3.6588	0.00152755
3.66	0.00152838
3.6612	0.00152921
3.6624	0.00153004
3.6636	0.00153086
3.6648	0.00153169
3.666	0.00153252
3.6672	0.00153335
3.6684	0.00153417
3.6696	0.001535
3.6708	0.00153583
3.672	0.00153666
3.6732	0.00153749
3.6744	0.00153831
3.6756	0.00153914
3.6768	0.00153997
3.678	0.0015408
3.6792	0.00154163
3.6804	0.00154245
3.6816	0.00154328
3.6828	0.00154411
3.684	0.00154494
3.6852	0.00154577
3.6864	0.0015466
3.6876	0.00154743
3.6888	0.00154826
3.69	0.00154908
3.6912	0.00154991
3.6924	0.00155074
3.6936	0.00155157
3.6948	0.0015524
3.696	0.00155323
3.6972	0.00155406
3.6984	0.00155489
3.6996	0.00155572
3.7008	0.00155655
3.702	0.00155738
3.7032	0.00155821
3.7044	0.00155904
3.7056	0.00155987
3.7068	0.0015607
3.708	0.00156153
3.7092	0.00156236
3.7104	0.00156319
3.7116	0.00156402
3.7128	0.00156485
3.714	0.00156568
3.7152	0.00156651
3.7164	0.00156734
3.7176	0.00156817
3.7188	0.001569
3.72	0.00156983
3.7212	0.00157066
3.7224	0.00157149
3.7236	0.00157232
3.7248	0.00157315
3.726	0.00157398
3.7272	0.00157481
3.7284	0.00157564
3.7296	0.00157648
3.7308	0.00157731
3.732	0.00157814
3.7332	0.00157897
3.7344	0.0015798
3.7356	0.00158063
3.7368	0.00158146
3.738	0.00158229
3.7392	0.00158313
3.7404	0.00158396
3.7416	0.00158479
3.7428	0.00158562
3.744	0.00158645
3.7452	0.00158728
3.7464	0.00158812
3.7476	0.00158895
3.7488	0.00158978
3.75	0.00159061
3.7512	0.00159144
3.7524	0.00159228
3.7536	0.00159311
3.7548	0.00159394
3.756	0.00159477
3.7572	0.00159561
3.7584	0.00159644
3.7596	0.00159727
3.7608	0.0015981
3.762	0.00159894
3.7632	0.00159977
3.7644	0.0016006
3.7656	0.00160143
3.7668	0.00160227
3.768	0.0016031
3.7692	0.00160393
3.7704	0.00160477
3.7716	0.0016056
3.7728	0.00160643
3.774	0.00160727
3.7752	0.0016081
3.7764	0.00160893
3.7776	0.00160977
3.7788	0.0016106
3.78	0.00161143
3.7812	0.00161227
3.7824	0.0016131
3.7836	0.00161393
3.7848	0.00161477
3.786	0.0016156
3.7872	0.00161643
3.7884	0.00161727
3.7896	0.0016181
3.7908	0.00161894
3.792	0.00161977
3.7932	0.0016206
3.7944	0.00162144
3.7956	0.00162227
3.7968	0.00162311
3.798	0.00162394
3.7992	0.00162477
3.8004	0.00162561
3.8016	0.00162644
3.8028	0.00162728
3.804	0.00162811
3.8052	0.00162895
3.8064	0.00162978
3.8076	0.00163062
3.8088	0.00163145
3.81	0.00163229
3.8112	0.00163312
3.8124	0.00163396
3.8136	0.00163479
3.8148	0.00163563
3.816	0.00163646
3.8172	0.0016373
3.8184	0.00163813
3.8196	0.00163897
3.8208	0.0016398
3.822	0.00164064
3.8232	0.00164147
3.8244	0.00164231
3.8256	0.00164314
3.8268	0.00164398
3.828	0.00164481
3.8292	0.00164565
3.8304	0.00164648
3.8316	0.00164732
3.8328	0.00164816
3.834	0.00164899
3.8352	0.00164983
3.8364	0.00165066
3.8376	0.0016515
3.8388	0.00165234
3.84	0.00165317
3.8412	0.00165401
3.8424	0.00165484
3.8436	0.00165568
3.8448	0.00165652
3.846	0.00165735
3.8472	0.00165819
3.8484	0.00165902
3.8496	0.00165986
3.8508	0.0016607
3.852	0.00166153
3.8532	0.00166237
3.8544	0.00166321
3.8556	0.00166404
3.8568	0.00166488
3.858	0.00166572
3.8592	0.00166655
3.8604	0.00166739
3.8616	0.00166823
3.8628	0.00166906
3.864	0.0016699
3.8652	0.00167074
3.8664	0.00167158
3.8676	0.00167241
3.8688	0.00167325
3.87	0.00167409
3.8712	0.00167492
3.8724	0.00167576
3.8736	0.0016766
3.8748	0.00167744
3.876	0.00167827
3.8772	0.00167911
3.8784	0.00167995
3.8796	0.00168079
3.8808	0.00168162
3.882	0.00168246
3.8832	0.0016833
3.8844	0.00168414
3.8856	0.00168497
3.8868	0.00168581
3.888	0.00168665
3.8892	0.00168749
3.8904	0.00168832
3.8916	0.00168916
3.8928	0.00169
3.894	0.00169084
3.8952	0.00169168
3.8964	0.00169251
3.8976	0.00169335
3.8988	0.00169419
3.9	0.00169503
3.9012	0.00169587
3.9024	0.00169671
3.9036	0.00169754
3.9048	0.00169838
3.906	0.00169922
3.9072	0.00170006
3.9084	0.0017009
3.9096	0.00170174
3.9108	0.00170257
3.912	0.00170341
3.9132	0.00170425
3.9144	0.00170509
3.9156	0.00170593
3.9168	0.00170677
3.918	0.00170761
3.9192	0.00170845
3.9204	0.00170928
3.9216	0.00171012
3.9228	0.00171096
3.924	0.0017118
3.9252	0.00171264
3.9264	0.00171348
3.9276	0.00171432
3.9288	0.00171516
3.93	0.001716
3.9312	0.00171684
3.9324	0.00171767
3.9336	0.00171851
3.9348	0.00171935
3.936	0.00172019
3.9372	0.00172103
3.9384	0.00172187
3.9396	0.00172271
3.9408	0.00172355
3.942	0.00172439
3.9432	0.00172523
3.9444	0.00172607
3.9456	0.00172691
3.9468	0.00172775
3.948	0.00172859
3.9492	0.00172943
3.9504	0.00173027
3.9516	0.00173111
3.9528	0.00173195
3.954	0.00173279
3.9552	0.00173363
3.9564	0.00173447
3.9576	0.00173531
3.9588	0.00173615
3.96	0.00173699
3.9612	0.00173783
3.9624	0.00173867
3.9636	0.00173951
3.9648	0.00174035
3.966	0.00174119
3.9672	0.00174203
3.9684	0.00174287
3.9696	0.00174371
3.9708	0.00174455
3.972	0.00174539
3.9732	0.00174623
3.9744	0.00174707
3.9756	0.00174791
3.9768	0.00174875
3.978	0.00174959
3.9792	0.00175043
3.9804	0.00175127
3.9816	0.00175211
3.9828	0.00175295
3.984	0.00175379
3.9852	0.00175463
3.9864	0.00175547
3.9876	0.00175632
3.9888	0.00175716
3.99	0.001758
3.9912	0.00175884
3.9924	0.00175968
3.9936	0.00176052
3.9948	0.00176136
3.996	0.0017622
3.9972	0.00176304
3.9984	0.00176388
3.9996	0.00176472
4.0008	0.00176557
4.002	0.00176641
4.0032	0.00176725
4.0044	0.00176809
4.0056	0.00176893
4.0068	0.00176977
4.008	0.00177061
4.0092	0.00177145
4.0104	0.0017723
4.0116	0.00177314
4.0128	0.00177398
4.014	0.00177482
4.0152	0.00177566
4.0164	0.0017765
4.0176	0.00177734
4.0188	0.00177818
4.02	0.00177903
4.0212	0.00177987
4.0224	0.00178071
4.0236	0.00178155
4.0248	0.00178239
4.026	0.00178323
4.0272	0.00178408
4.0284	0.00178492
4.0296	0.00178576
4.0308	0.0017866
4.032	0.00178744
4.0332	0.00178828
4.0344	0.00178913
4.0356	0.00178997
4.0368	0.00179081
4.038	0.00179165
4.0392	0.00179249
4.0404	0.00179334
4.0416	0.00179418
4.0428	0.00179502
4.044	0.00179586
4.0452	0.0017967
4.0464	0.00179754
4.0476	0.00179839
4.0488	0.00179923
4.05	0.00180007
4.0512	0.00180091
4.0524	0.00180176
4.0536	0.0018026
4.0548	0.00180344
4.056	0.00180428
4.0572	0.00180512
4.0584	0.00180597
4.0596	0.00180681
4.0608	0.00180765
4.062	0.00180849
4.0632	0.00180934
4.0644	0.00181018
4.0656	0.00181102
4.0668	0.00181186
4.068	0.0018127
4.0692	0.00181355
4.0704	0.00181439
4.0716	0.00181523
4.0728	0.00181607
4.074	0.00181692
4.0752	0.00181776
4.0764	0.0018186
4.0776	0.00181944
4.0788	0.00182029
4.08	0.00182113
4.0812	0.00182197
4.0824	0.00182282
4.0836	0.00182366
4.0848	0.0018245
4.086	0.00182534
4.0872	0.00182619
4.0884	0.00182703
4.0896	0.00182787
4.0908	0.00182871
4.092	0.00182956
4.0932	0.0018304
4.0944	0.00183124
4.0956	0.00183209
4.0968	0.00183293
4.098	0.00183377
4.0992	0.00183461
4.1004	0.00183546
4.1016	0.0018363
4.1028	0.00183714
4.104	0.00183799
4.1052	0.00183883
4.1064	0.00183967
4.1076	0.00184051
4.1088	0.00184136
4.11	0.0018422
4.1112	0.00184304
4.1124	0.00184389
4.1136	0.00184473
4.1148	0.00184557
4.116	0.00184642
4.1172	0.00184726
4.1184	0.0018481
4.1196	0.00184894
4.1208	0.00184979
4.122	0.00185063
4.1232	0.00185147
4.1244	0.00185232
4.1256	0.00185316
4.1268	0.001854
4.128	0.00185485
4.1292	0.00185569
4.1304	0.00185653
4.1316	0.00185738
4.1328	0.00185822
4.134	0.00185906
4.1352	0.00185991
4.1364	0.00186075
4.1376	0.00186159
4.1388	0.00186244
4.14	0.00186328
4.1412	0.00186412
4.1424	0.00186497
4.1436	0.00186581
4.1448	0.00186665
4.146	0.0018675
4.1472	0.00186834
4.1484	0.00186918
4.1496	0.00187003
4.1508	0.00187087
4.152	0.00187171
4.1532	0.00187256
4.1544	0.0018734
4.1556	0.00187424
4.1568	0.00187509
4.158	0.00187593
4.1592	0.00187678
4.1604	0.00187762
4.1616	0.00187846
4.1628	0.00187931
4.164	0.00188015
4.1652	0.00188099
4.1664	0.00188184
4.1676	0.00188268
4.1688	0.00188352
4.17	0.00188437
4.1712	0.00188521
4.1724	0.00188605
4.1736	0.0018869
4.1748	0.00188774
4.176	0.00188859
4.1772	0.00188943
4.1784	0.00189027
4.1796	0.00189112
4.1808	0.00189196
4.182	0.0018928
4.1832	0.00189365
4.1844	0.00189449
4.1856	0.00189533
4.1868	0.00189618
4.188	0.00189702
4.1892	0.00189787
4.1904	0.00189871
4.1916	0.00189955
4.1928	0.0019004
4.194	0.00190124
4.1952	0.00190208
4.1964	0.00190293
4.1976	0.00190377
4.1988	0.00190462
4.2	0.00190546
4.2012	0.0019063
4.2024	0.00190715
4.2036	0.00190799
4.2048	0.00190883
4.206	0.00190968
4.2072	0.00191052
4.2084	0.00191137
4.2096	0.00191221
4.2108	0.00191305
4.212	0.0019139
4.2132	0.00191474
4.2144	0.00191559
4.2156	0.00191643
4.2168	0.00191727
4.218	0.00191812
4.2192	0.00191896
4.2204	0.0019198
4.2216	0.00192065
4.2228	0.00192149
4.224	0.00192234
4.2252	0.00192318
4.2264	0.00192402
4.2276	0.00192487
4.2288	0.00192571
4.23	0.00192656
4.2312	0.0019274
4.2324	0.00192824
4.2336	0.00192909
4.2348	0.00192993
4.236	0.00193077
4.2372	0.00193162
4.2384	0.00193246
4.2396	0.00193331
4.2408	0.00193415
4.242	0.00193499
4.2432	0.00193584
4.2444	0.00193668
4.2456	0.00193753
4.2468	0.00193837
4.248	0.00193921
4.2492	0.00194006
4.2504	0.0019409
4.2516	0.00194174
4.2528	0.00194259
4.254	0.00194343
4.2552	0.00194428
4.2564	0.00194512
4.2576	0.00194596
4.2588	0.00194681
4.26	0.00194765
4.2612	0.0019485
4.2624	0.00194934
4.2636	0.00195018
4.2648	0.00195103
4.266	0.00195187
4.2672	0.00195271
4.2684	0.00195356
4.2696	0.0019544
4.2708	0.00195525
4.272	0.00195609
4.2732	0.00195693
4.2744	0.00195778
4.2756	0.00195862
4.2768	0.00195946
4.278	0.00196031
4.2792	0.00196115
4.2804	0.001962
4.2816	0.00196284
4.2828	0.00196368
4.284	0.00196453
4.2852	0.00196537
4.2864	0.00196622
4.2876	0.00196706
4.2888	0.0019679
4.29	0.00196875
4.2912	0.00196959
4.2924	0.00197043
4.2936	0.00197128
4.2948	0.00197212
4.296	0.00197297
4.2972	0.00197381
4.2984	0.00197465
4.2996	0.0019755
4.3008	0.00197634
4.302	0.00197718
4.3032	0.00197803
4.3044	0.00197887
4.3056	0.00197971
4.3068	0.00198056
4.308	0.0019814
4.3092	0.00198225
4.3104	0.00198309
4.3116	0.00198393
4.3128	0.00198478
4.314	0.00198562
4.3152	0.00198646
4.3164	0.00198731
4.3176	0.00198815
4.3188	0.00198899
4.32	0.00198984
4.3212	0.00199068
4.3224	0.00199153
4.3236	0.00199237
4.3248	0.00199321
4.326	0.00199406
4.3272	0.0019949
4.3284	0.00199574
4.3296	0.00199659
4.3308	0.00199743
4.332	0.00199827
4.3332	0.00199912
4.3344	0.00199996
4.3356	0.0020008
4.3368	0.00200165
4.338	0.00200249
4.3392	0.00200333
4.3404	0.00200418
4.3416	0.00200502
4.3428	0.00200586
4.344	0.00200671
4.3452	0.00200755
4.3464	0.00200839
4.3476	0.00200924
4.3488	0.00201008
4.35	0.00201092
4.3512	0.00201177
4.3524	0.00201261
4.3536	0.00201345
4.3548	0.0020143
4.356	0.00201514
4.3572	0.00201598
4.3584	0.00201683
4.3596	0.00201767
4.3608	0.00201851
4.362	0.00201936
4.3632	0.0020202
4.3644	0.00202104
4.3656	0.00202189
4.3668	0.00202273
4.368	0.00202357
4.3692	0.00202442
4.3704	0.00202526
4.3716	0.0020261
4.3728	0.00202695
4.374	0.00202779
4.3752	0.00202863
4.3764	0.00202947
4.3776	0.00203032
4.3788	0.00203116
4.38	0.002032
4.3812	0.00203285
4.3824	0.00203369
4.3836	0.00203453
4.3848	0.00203538
4.386	0.00203622
4.3872	0.00203706
4.3884	0.0020379
4.3896	0.00203875
4.3908	0.00203959
4.392	0.00204043
4.3932	0.00204128
4.3944	0.00204212
4.3956	0.00204296
4.3968	0.0020438
4.398	0.00204465
4.3992	0.00204549
4.4004	0.00204633
4.4016	0.00204717
4.4028	0.00204802
4.404	0.00204886
4.4052	0.0020497
4.4064	0.00205055
4.4076	0.00205139
4.4088	0.00205223
4.41	0.00205307
4.4112	0.00205392
4.4124	0.00205476
4.4136	0.0020556
4.4148	0.00205644
4.416	0.00205729
4.4172	0.00205813
4.4184	0.00205897
4.4196	0.00205981
4.4208	0.00206066
4.422	0.0020615
4.4232	0.00206234
4.4244	0.00206318
4.4256	0.00206402
4.4268	0.00206487
4.428	0.00206571
4.4292	0.00206655
4.4304	0.00206739
4.4316	0.00206824
4.4328	0.00206908
4.434	0.00206992
4.4352	0.00207076
4.4364	0.0020716
4.4376	0.00207245
4.4388	0.00207329
4.44	0.00207413
4.4412	0.00207497
4.4424	0.00207581
4.4436	0.00207666
4.4448	0.0020775
4.446	0.00207834
4.4472	0.00207918
4.4484	0.00208002
4.4496	0.00208087
4.4508	0.00208171
4.452	0.00208255
4.4532	0.00208339
4.4544	0.00208423
4.4556	0.00208508
4.4568	0.00208592
4.458	0.00208676
4.4592	0.0020876
4.4604	0.00208844
4.4616	0.00208928
4.4628	0.00209013
4.464	0.00209097
4.4652	0.00209181
4.4664	0.00209265
4.4676	0.00209349
4.4688	0.00209433
4.47	0.00209518
4.4712	0.00209602
4.4724	0.00209686
4.4736	0.0020977
4.4748	0.00209854
4.476	0.00209938
4.4772	0.00210022
4.4784	0.00210106
4.4796	0.00210191
4.4808	0.00210275
4.482	0.00210359
4.4832	0.00210443
4.4844	0.00210527
4.4856	0.00210611
4.4868	0.00210695
4.488	0.00210779
4.4892	0.00210864
4.4904	0.00210948
4.4916	0.00211032
4.4928	0.00211116
4.494	0.002112
4.4952	0.00211284
4.4964	0.00211368
4.4976	0.00211452
4.4988	0.00211536
4.5	0.0021162
4.5012	0.00211704
4.5024	0.00211789
4.5036	0.00211873
4.5048	0.00211957
4.506	0.00212041
4.5072	0.00212125
4.5084	0.00212209
4.5096	0.00212293
4.5108	0.00212377
4.512	0.00212461
4.5132	0.00212545
4.5144	0.00212629
4.5156	0.00212713
4.5168	0.00212797
4.518	0.00212881
4.5192	0.00212965
4.5204	0.00213049
4.5216	0.00213133
4.5228	0.00213217
4.524	0.00213301
4.5252	0.00213385
4.5264	0.00213469
4.5276	0.00213553
4.5288	0.00213638
4.53	0.00213722
4.5312	0.00213806
4.5324	0.0021389
4.5336	0.00213974
4.5348	0.00214058
4.536	0.00214142
4.5372	0.00214226
4.5384	0.00214309
4.5396	0.00214393
4.5408	0.00214477
4.542	0.00214561
4.5432	0.00214645
4.5444	0.00214729
4.5456	0.00214813
4.5468	0.00214897
4.548	0.00214981
4.5492	0.00215065
4.5504	0.00215149
4.5516	0.00215233
4.5528	0.00215317
4.554	0.00215401
4.5552	0.00215485
4.5564	0.00215569
4.5576	0.00215653
4.5588	0.00215737
4.56	0.00215821
4.5612	0.00215905
4.5624	0.00215989
4.5636	0.00216072
4.5648	0.00216156
4.566	0.0021624
4.5672	0.00216324
4.5684	0.00216408
4.5696	0.00216492
4.5708	0.00216576
4.572	0.0021666
4.5732	0.00216744
4.5744	0.00216828
4.5756	0.00216911
4.5768	0.00216995
4.578	0.00217079
4.5792	0.00217163
4.5804	0.00217247
4.5816	0.00217331
4.5828	0.00217415
4.584	0.00217499
4.5852	0.00217582
4.5864	0.00217666
4.5876	0.0021775
4.5888	0.00217834
4.59	0.00217918
4.5912	0.00218002
4.5924	0.00218085
4.5936	0.00218169
4.5948	0.00218253
4.596	0.00218337
4.5972	0.00218421
4.5984	0.00218504
4.5996	0.00218588
4.6008	0.00218672
4.602	0.00218756
4.6032	0.0021884
4.6044	0.00218923
4.6056	0.00219007
4.6068	0.00219091
4.608	0.00219175
4.6092	0.00219259
4.6104	0.00219342
4.6116	0.00219426
4.6128	0.0021951
4.614	0.00219594
4.6152	0.00219677
4.6164	0.00219761
4.6176	0.00219845
4.6188	0.00219929
4.62	0.00220012
4.6212	0.00220096
4.6224	0.0022018
4.6236	0.00220264
4.6248	0.00220347
4.626	0.00220431
4.6272	0.00220515
4.6284	0.00220599
4.6296	0.00220682
4.6308	0.00220766
4.632	0.0022085
4.6332	0.00220933
4.6344	0.00221017
4.6356	0.00221101
4.6368	0.00221184
4.638	0.00221268
4.6392	0.00221352
4.6404	0.00221435
4.6416	0.00221519
4.6428	0.00221603
4.644	0.00221686
4.6452	0.0022177
4.6464	0.00221854
4.6476	0.00221937
4.6488	0.00222021
4.65	0.00222105
4.6512	0.00222188
4.6524	0.00222272
4.6536	0.00222355
4.6548	0.00222439
4.656	0.00222523
4.6572	0.00222606
4.6584	0.0022269
4.6596	0.00222774
4.6608	0.00222857
4.662	0.00222941
4.6632	0.00223024
4.6644	0.00223108
4.6656	0.00223191
4.6668	0.00223275
4.668	0.00223359
4.6692	0.00223442
4.6704	0.00223526
4.6716	0.00223609
4.6728	0.00223693
4.674	0.00223776
4.6752	0.0022386
4.6764	0.00223943
4.6776	0.00224027
4.6788	0.00224111
4.68	0.00224194
4.6812	0.00224278
4.6824	0.00224361
4.6836	0.00224445
4.6848	0.00224528
4.686	0.00224612
4.6872	0.00224695
4.6884	0.00224779
4.6896	0.00224862
4.6908	0.00224946
4.692	0.00225029
4.6932	0.00225113
4.6944	0.00225196
4.6956	0.00225279
4.6968	0.00225363
4.698	0.00225446
4.6992	0.0022553
4.7004	0.00225613
4.7016	0.00225697
4.7028	0.0022578
4.704	0.00225864
4.7052	0.00225947
4.7064	0.0022603
4.7076	0.00226114
4.7088	0.00226197
4.71	0.00226281
4.7112	0.00226364
4.7124	0.00226447
4.7136	0.00226531
4.7148	0.00226614
4.716	0.00226698
4.7172	0.00226781
4.7184	0.00226864
4.7196	0.00226948
4.7208	0.00227031
4.722	0.00227114
4.7232	0.00227198
4.7244	0.00227281
4.7256	0.00227364
4.7268	0.00227448
4.728	0.00227531
4.7292	0.00227614
4.7304	0.00227698
4.7316	0.00227781
4.7328	0.00227864
4.734	0.00227948
4.7352	0.00228031
4.7364	0.00228114
4.7376	0.00228198
4.7388	0.00228281
4.74	0.00228364
4.7412	0.00228447
4.7424	0.00228531
4.7436	0.00228614
4.7448	0.00228697
4.746	0.0022878
4.7472	0.00228864
4.7484	0.00228947
4.7496	0.0022903
4.7508	0.00229113
4.752	0.00229197
4.7532	0.0022928
4.7544	0.00229363
4.7556	0.00229446
4.7568	0.00229529
4.758	0.00229613
4.7592	0.00229696
4.7604	0.00229779
4.7616	0.00229862
4.7628	0.00229945
4.764	0.00230029
4.7652	0.00230112
4.7664	0.00230195
4.7676	0.00230278
4.7688	0.00230361
4.77	0.00230444
4.7712	0.00230527
4.7724	0.00230611
4.7736	0.00230694
4.7748	0.00230777
4.776	0.0023086
4.7772	0.00230943
4.7784	0.00231026
4.7796	0.00231109
4.7808	0.00231192
4.782	0.00231275
4.7832	0.00231359
4.7844	0.00231442
4.7856	0.00231525
4.7868	0.00231608
4.788	0.00231691
4.7892	0.00231774
4.7904	0.00231857
4.7916	0.0023194
4.7928	0.00232023
4.794	0.00232106
4.7952	0.00232189
4.7964	0.00232272
4.7976	0.00232355
4.7988	0.00232438
4.8	0.00232521
4.8012	0.00232604
4.8024	0.00232687
4.8036	0.0023277
4.8048	0.00232853
4.806	0.00232936
4.8072	0.00233019
4.8084	0.00233102
4.8096	0.00233185
4.8108	0.00233268
4.812	0.00233351
4.8132	0.00233434
4.8144	0.00233517
4.8156	0.002336
4.8168	0.00233682
4.818	0.00233765
4.8192	0.00233848
4.8204	0.00233931
4.8216	0.00234014
4.8228	0.00234097
4.824	0.0023418
4.8252	0.00234263
4.8264	0.00234346
4.8276	0.00234428
4.8288	0.00234511
4.83	0.00234594
4.8312	0.00234677
4.8324	0.0023476
4.8336	0.00234843
4.8348	0.00234926
4.836	0.00235008
4.8372	0.00235091
4.8384	0.00235174
4.8396	0.00235257
4.8408	0.0023534
4.842	0.00235422
4.8432	0.00235505
4.8444	0.00235588
4.8456	0.00235671
4.8468	0.00235753
4.848	0.00235836
4.8492	0.00235919
4.8504	0.00236002
4.8516	0.00236084
4.8528	0.00236167
4.854	0.0023625
4.8552	0.00236333
4.8564	0.00236415
4.8576	0.00236498
4.8588	0.00236581
4.86	0.00236664
4.8612	0.00236746
4.8624	0.00236829
4.8636	0.00236912
4.8648	0.00236994
4.866	0.00237077
4.8672	0.0023716
4.8684	0.00237242
4.8696	0.00237325
4.8708	0.00237407
4.872	0.0023749
4.8732	0.00237573
4.8744	0.00237655
4.8756	0.00237738
4.8768	0.00237821
4.878	0.00237903
4.8792	0.00237986
4.8804	0.00238068
4.8816	0.00238151
4.8828	0.00238234
4.884	0.00238316
4.8852	0.00238399
4.8864	0.00238481
4.8876	0.00238564
4.8888	0.00238646
4.89	0.00238729
4.8912	0.00238811
4.8924	0.00238894
4.8936	0.00238976
4.8948	0.00239059
4.896	0.00239141
4.8972	0.00239224
4.8984	0.00239306
4.8996	0.00239389
4.9008	0.00239471
4.902	0.00239554
4.9032	0.00239636
4.9044	0.00239719
4.9056	0.00239801
4.9068	0.00239884
4.908	0.00239966
4.9092	0.00240048
4.9104	0.00240131
4.9116	0.00240213
4.9128	0.00240296
4.914	0.00240378
4.9152	0.00240461
4.9164	0.00240543
4.9176	0.00240625
4.9188	0.00240708
4.92	0.0024079
4.9212	0.00240872
4.9224	0.00240955
4.9236	0.00241037
4.9248	0.00241119
4.926	0.00241202
4.9272	0.00241284
4.9284	0.00241366
4.9296	0.00241449
4.9308	0.00241531
4.932	0.00241613
4.9332	0.00241696
4.9344	0.00241778
4.9356	0.0024186
4.9368	0.00241942
4.938	0.00242025
4.9392	0.00242107
4.9404	0.00242189
4.9416	0.00242271
4.9428	0.00242354
4.944	0.00242436
4.9452	0.00242518
4.9464	0.002426
4.9476	0.00242682
4.9488	0.00242765
4.95	0.00242847
4.9512	0.00242929
4.9524	0.00243011
4.9536	0.00243093
4.9548	0.00243176
4.956	0.00243258
4.9572	0.0024334
4.9584	0.00243422
4.9596	0.00243504
4.9608	0.00243586
4.962	0.00243668
4.9632	0.0024375
4.9644	0.00243833
4.9656	0.00243915
4.9668	0.00243997
4.968	0.00244079
4.9692	0.00244161
4.9704	0.00244243
4.9716	0.00244325
4.9728	0.00244407
4.974	0.00244489
4.9752	0.00244571
4.9764	0.00244653
4.9776	0.00244735
4.9788	0.00244817
4.98	0.00244899
4.9812	0.00244981
4.9824	0.00245063
4.9836	0.00245145
4.9848	0.00245227
4.986	0.00245309
4.9872	0.00245391
4.9884	0.00245473
4.9896	0.00245555
4.9908	0.00245637
4.992	0.00245719
4.9932	0.00245801
4.9944	0.00245883
4.9956	0.00245965
4.9968	0.00246046
4.998	0.00246128
4.9992	0.0024621
5.0004	0.00246292
5.0016	0.00246374
5.0028	0.00246456
5.004	0.00246538
5.0052	0.0024662
5.0064	0.00246701
5.0076	0.00246783
5.0088	0.00246865
5.01	0.00246947
5.0112	0.00247029
5.0124	0.0024711
5.0136	0.00247192
5.0148	0.00247274
5.016	0.00247356
5.0172	0.00247438
5.0184	0.00247519
5.0196	0.00247601
5.0208	0.00247683
5.022	0.00247765
5.0232	0.00247846
5.0244	0.00247928
5.0256	0.0024801
5.0268	0.00248091
5.028	0.00248173
5.0292	0.00248255
5.0304	0.00248337
5.0316	0.00248418
5.0328	0.002485
5.034	0.00248582
5.0352	0.00248663
5.0364	0.00248745
5.0376	0.00248826
5.0388	0.00248908
5.04	0.0024899
5.0412	0.00249071
5.0424	0.00249153
5.0436	0.00249235
5.0448	0.00249316
5.046	0.00249398
5.0472	0.00249479
5.0484	0.00249561
5.0496	0.00249642
5.0508	0.00249724
5.052	0.00249805
5.0532	0.00249887
5.0544	0.00249969
5.0556	0.0025005
5.0568	0.00250132
5.058	0.00250213
5.0592	0.00250295
5.0604	0.00250376
5.0616	0.00250457
5.0628	0.00250539
5.064	0.0025062
5.0652	0.00250702
5.0664	0.00250783
5.0676	0.00250865
5.0688	0.00250946
5.07	0.00251028
5.0712	0.00251109
5.0724	0.0025119
5.0736	0.00251272
5.0748	0.00251353
5.076	0.00251435
5.0772	0.00251516
5.0784	0.00251597
5.0796	0.00251679
5.0808	0.0025176
5.082	0.00251841
5.0832	0.00251923
5.0844	0.00252004
5.0856	0.00252085
5.0868	0.00252167
5.088	0.00252248
5.0892	0.00252329
5.0904	0.0025241
5.0916	0.00252492
5.0928	0.00252573
5.094	0.00252654
5.0952	0.00252735
5.0964	0.00252817
5.0976	0.00252898
5.0988	0.00252979
5.1	0.0025306
5.1012	0.00253141
5.1024	0.00253223
5.1036	0.00253304
5.1048	0.00253385
5.106	0.00253466
5.1072	0.00253547
5.1084	0.00253628
5.1096	0.0025371
5.1108	0.00253791
5.112	0.00253872
5.1132	0.00253953
5.1144	0.00254034
5.1156	0.00254115
5.1168	0.00254196
5.118	0.00254277
5.1192	0.00254358
5.1204	0.00254439
5.1216	0.00254521
5.1228	0.00254602
5.124	0.00254683
5.1252	0.00254764
5.1264	0.00254845
5.1276	0.00254926
5.1288	0.00255007
5.13	0.00255088
5.1312	0.00255169
5.1324	0.0025525
5.1336	0.00255331
5.1348	0.00255412
5.136	0.00255492
5.1372	0.00255573
5.1384	0.00255654
5.1396	0.00255735
5.1408	0.00255816
5.142	0.00255897
5.1432	0.00255978
5.1444	0.00256059
5.1456	0.0025614
5.1468	0.00256221
5.148	0.00256301
5.1492	0.00256382
5.1504	0.00256463
5.1516	0.00256544
5.1528	0.00256625
5.154	0.00256706
5.1552	0.00256786
5.1564	0.00256867
5.1576	0.00256948
5.1588	0.00257029
5.16	0.0025711
5.1612	0.0025719
5.1624	0.00257271
5.1636	0.00257352
5.1648	0.00257433
5.166	0.00257513
5.1672	0.00257594
5.1684	0.00257675
5.1696	0.00257755
5.1708	0.00257836
5.172	0.00257917
5.1732	0.00257997
5.1744	0.00258078
5.1756	0.00258159
5.1768	0.00258239
5.178	0.0025832
5.1792	0.00258401
5.1804	0.00258481
5.1816	0.00258562
5.1828	0.00258642
5.184	0.00258723
5.1852	0.00258804
5.1864	0.00258884
5.1876	0.00258965
5.1888	0.00259045
5.19	0.00259126
5.1912	0.00259206
5.1924	0.00259287
5.1936	0.00259367
5.1948	0.00259448
5.196	0.00259528
5.1972	0.00259609
5.1984	0.00259689
5.1996	0.0025977
5.2008	0.0025985
5.202	0.00259931
5.2032	0.00260011
5.2044	0.00260092
5.2056	0.00260172
5.2068	0.00260252
5.208	0.00260333
5.2092	0.00260413
5.2104	0.00260494
5.2116	0.00260574
5.2128	0.00260654
5.214	0.00260735
5.2152	0.00260815
5.2164	0.00260895
5.2176	0.00260976
5.2188	0.00261056
5.22	0.00261136
5.2212	0.00261217
5.2224	0.00261297
5.2236	0.00261377
5.2248	0.00261458
5.226	0.00261538
5.2272	0.00261618
5.2284	0.00261698
5.2296	0.00261779
5.2308	0.00261859
5.232	0.00261939
5.2332	0.00262019
5.2344	0.00262099
5.2356	0.0026218
5.2368	0.0026226
5.238	0.0026234
5.2392	0.0026242
5.2404	0.002625
5.2416	0.0026258
5.2428	0.0026266
5.244	0.00262741
5.2452	0.00262821
5.2464	0.00262901
5.2476	0.00262981
5.2488	0.00263061
5.25	0.00263141
5.2512	0.00263221
5.2524	0.00263301
5.2536	0.00263381
5.2548	0.00263461
5.256	0.00263541
5.2572	0.00263621
5.2584	0.00263701
5.2596	0.00263781
5.2608	0.00263861
5.262	0.00263941
5.2632	0.00264021
5.2644	0.00264101
5.2656	0.00264181
5.2668	0.00264261
5.268	0.00264341
5.2692	0.00264421
5.2704	0.00264501
5.2716	0.00264581
5.2728	0.0026466
5.274	0.0026474
5.2752	0.0026482
5.2764	0.002649
5.2776	0.0026498
5.2788	0.0026506
5.28	0.00265139
5.2812	0.00265219
5.2824	0.00265299
5.2836	0.00265379
5.2848	0.00265459
5.286	0.00265538
5.2872	0.00265618
5.2884	0.00265698
5.2896	0.00265778
5.2908	0.00265857
5.292	0.00265937
5.2932	0.00266017
5.2944	0.00266097
5.2956	0.00266176
5.2968	0.00266256
5.298	0.00266336
5.2992	0.00266415
5.3004	0.00266495
5.3016	0.00266575
5.3028	0.00266654
5.304	0.00266734
5.3052	0.00266813
5.3064	0.00266893
5.3076	0.00266973
5.3088	0.00267052
5.31	0.00267132
5.3112	0.00267211
5.3124	0.00267291
5.3136	0.0026737
5.3148	0.0026745
5.316	0.00267529
5.3172	0.00267609
5.3184	0.00267688
5.3196	0.00267768
5.3208	0.00267847
5.322	0.00267927
5.3232	0.00268006
5.3244	0.00268086
5.3256	0.00268165
5.3268	0.00268245
5.328	0.00268324
5.3292	0.00268404
5.3304	0.00268483
5.3316	0.00268562
5.3328	0.00268642
5.334	0.00268721
5.3352	0.002688
5.3364	0.0026888
5.3376	0.00268959
5.3388	0.00269038
5.34	0.00269118
5.3412	0.00269197
5.3424	0.00269276
5.3436	0.00269356
5.3448	0.00269435
5.346	0.00269514
5.3472	0.00269593
5.3484	0.00269673
5.3496	0.00269752
5.3508	0.00269831
5.352	0.0026991
5.3532	0.00269989
5.3544	0.00270069
5.3556	0.00270148
5.3568	0.00270227
5.358	0.00270306
5.3592	0.00270385
5.3604	0.00270464
5.3616	0.00270544
5.3628	0.00270623
5.364	0.00270702
5.3652	0.00270781
5.3664	0.0027086
5.3676	0.00270939
5.3688	0.00271018
5.37	0.00271097
5.3712	0.00271176
5.3724	0.00271255
5.3736	0.00271334
5.3748	0.00271413
5.376	0.00271492
5.3772	0.00271571
5.3784	0.0027165
5.3796	0.00271729
5.3808	0.00271808
5.382	0.00271887
5.3832	0.00271966
5.3844	0.00272045
5.3856	0.00272124
5.3868	0.00272203
5.388	0.00272282
5.3892	0.0027236
5.3904	0.00272439
5.3916	0.00272518
5.3928	0.00272597
5.394	0.00272676
5.3952	0.00272755
5.3964	0.00272833
5.3976	0.00272912
5.3988	0.00272991
5.4	0.0027307
5.4012	0.00273149
5.4024	0.00273227
5.4036	0.00273306
5.4048	0.00273385
5.406	0.00273464
5.4072	0.00273542
5.4084	0.00273621
5.4096	0.002737
5.4108	0.00273778
5.412	0.00273857
5.4132	0.00273936
5.4144	0.00274014
5.4156	0.00274093
5.4168	0.00274172
5.418	0.0027425
5.4192	0.00274329
5.4204	0.00274407
5.4216	0.00274486
5.4228	0.00274565
5.424	0.00274643
5.4252	0.00274722
5.4264	0.002748
5.4276	0.00274879
5.4288	0.00274957
5.43	0.00275036
5.4312	0.00275114
5.4324	0.00275193
5.4336	0.00275271
5.4348	0.0027535
5.436	0.00275428
5.4372	0.00275507
5.4384	0.00275585
5.4396	0.00275664
5.4408	0.00275742
5.442	0.0027582
5.4432	0.00275899
5.4444	0.00275977
5.4456	0.00276055
5.4468	0.00276134
5.448	0.00276212
5.4492	0.0027629
5.4504	0.00276369
5.4516	0.00276447
5.4528	0.00276525
5.454	0.00276604
5.4552	0.00276682
5.4564	0.0027676
5.4576	0.00276838
5.4588	0.00276917
5.46	0.00276995
5.4612	0.00277073
5.4624	0.00277151
5.4636	0.0027723
5.4648	0.00277308
5.466	0.00277386
5.4672	0.00277464
5.4684	0.00277542
5.4696	0.0027762
5.4708	0.00277698
5.472	0.00277777
5.4732	0.00277855
5.4744	0.00277933
5.4756	0.00278011
5.4768	0.00278089
5.478	0.00278167
5.4792	0.00278245
5.4804	0.00278323
5.4816	0.00278401
5.4828	0.00278479
5.484	0.00278557
5.4852	0.00278635
5.4864	0.00278713
5.4876	0.00278791
5.4888	0.00278869
5.49	0.00278947
5.4912	0.00279025
5.4924	0.00279103
5.4936	0.00279181
5.4948	0.00279259
5.496	0.00279336
5.4972	0.00279414
5.4984	0.00279492
5.4996	0.0027957
5.5008	0.00279648
5.502	0.00279726
5.5032	0.00279804
5.5044	0.00279881
5.5056	0.00279959
5.5068	0.00280037
5.508	0.00280115
5.5092	0.00280192
5.5104	0.0028027
5.5116	0.00280348
5.5128	0.00280426
5.514	0.00280503
5.5152	0.00280581
5.5164	0.00280659
5.5176	0.00280736
5.5188	0.00280814
5.52	0.00280892
5.5212	0.00280969
5.5224	0.00281047
5.5236	0.00281125
5.5248	0.00281202
5.526	0.0028128
5.5272	0.00281357
5.5284	0.00281435
5.5296	0.00281513
5.5308	0.0028159
5.532	0.00281668
5.5332	0.00281745
5.5344	0.00281823
5.5356	0.002819
5.5368	0.00281978
5.538	0.00282055
5.5392	0.00282133
5.5404	0.0028221
5.5416	0.00282288
5.5428	0.00282365
5.544	0.00282442
5.5452	0.0028252
5.5464	0.00282597
5.5476	0.00282675
5.5488	0.00282752
5.55	0.00282829
5.5512	0.00282907
5.5524	0.00282984
5.5536	0.00283061
5.5548	0.00283139
5.556	0.00283216
5.5572	0.00283293
5.5584	0.0028337
5.5596	0.00283448
5.5608	0.00283525
5.562	0.00283602
5.5632	0.00283679
5.5644	0.00283757
5.5656	0.00283834
5.5668	0.00283911
5.568	0.00283988
5.5692	0.00284065
5.5704	0.00284143
5.5716	0.0028422
5.5728	0.00284297
5.574	0.00284374
5.5752	0.00284451
5.5764	0.00284528
5.5776	0.00284605
5.5788	0.00284682
5.58	0.00284759
5.5812	0.00284836
5.5824	0.00284913
5.5836	0.0028499
5.5848	0.00285068
5.586	0.00285145
5.5872	0.00285221
5.5884	0.00285298
5.5896	0.00285375
5.5908	0.00285452
5.592	0.00285529
5.5932	0.00285606
5.5944	0.00285683
5.5956	0.0028576
5.5968	0.00285837
5.598	0.00285914
5.5992	0.00285991
5.6004	0.00286068
5.6016	0.00286144
5.6028	0.00286221
5.604	0.00286298
5.6052	0.00286375
5.6064	0.00286452
5.6076	0.00286528
5.6088	0.00286605
5.61	0.00286682
5.6112	0.00286759
5.6124	0.00286835
5.6136	0.00286912
5.6148	0.00286989
5.616	0.00287066
5.6172	0.00287142
5.6184	0.00287219
5.6196	0.00287296
5.6208	0.00287372
5.622	0.00287449
5.6232	0.00287525
5.6244	0.00287602
5.6256	0.00287679
5.6268	0.00287755
5.628	0.00287832
5.6292	0.00287908
5.6304	0.00287985
5.6316	0.00288061
5.6328	0.00288138
5.634	0.00288214
5.6352	0.00288291
5.6364	0.00288367
5.6376	0.00288444
5.6388	0.0028852
5.64	0.00288597
5.6412	0.00288673
5.6424	0.0028875
5.6436	0.00288826
5.6448	0.00288902
5.646	0.00288979
5.6472	0.00289055
5.6484	0.00289132
5.6496	0.00289208
5.6508	0.00289284
5.652	0.00289361
5.6532	0.00289437
5.6544	0.00289513
5.6556	0.00289589
5.6568	0.00289666
5.658	0.00289742
5.6592	0.00289818
5.6604	0.00289894
5.6616	0.00289971
5.6628	0.00290047
5.664	0.00290123
5.6652	0.00290199
5.6664	0.00290275
5.6676	0.00290352
5.6688	0.00290428
5.67	0.00290504
5.6712	0.0029058
5.6724	0.00290656
5.6736	0.00290732
5.6748	0.00290808
5.676	0.00290884
5.6772	0.0029096
5.6784	0.00291036
5.6796	0.00291112
5.6808	0.00291188
5.682	0.00291264
5.6832	0.0029134
5.6844	0.00291416
5.6856	0.00291492
5.6868	0.00291568
5.688	0.00291644
5.6892	0.0029172
5.6904	0.00291796
5.6916	0.00291872
5.6928	0.00291948
5.694	0.00292024
5.6952	0.002921
5.6964	0.00292176
5.6976	0.00292251
5.6988	0.00292327
5.7	0.00292403
5.7012	0.00292479
5.7024	0.00292555
5.7036	0.0029263
5.7048	0.00292706
5.706	0.00292782
5.7072	0.00292858
5.7084	0.00292933
5.7096	0.00293009
5.7108	0.00293085
5.712	0.0029316
5.7132	0.00293236
5.7144	0.00293312
5.7156	0.00293387
5.7168	0.00293463
5.718	0.00293539
5.7192	0.00293614
5.7204	0.0029369
5.7216	0.00293765
5.7228	0.00293841
5.724	0.00293917
5.7252	0.00293992
5.7264	0.00294068
5.7276	0.00294143
5.7288	0.00294219
5.73	0.00294294
5.7312	0.0029437
5.7324	0.00294445
5.7336	0.0029452
5.7348	0.00294596
5.736	0.00294671
5.7372	0.00294747
5.7384	0.00294822
5.7396	0.00294898
5.7408	0.00294973
5.742	0.00295048
5.7432	0.00295124
5.7444	0.00295199
5.7456	0.00295274
5.7468	0.0029535
5.748	0.00295425
5.7492	0.002955
5.7504	0.00295575
5.7516	0.00295651
5.7528	0.00295726
5.754	0.00295801
5.7552	0.00295876
5.7564	0.00295952
5.7576	0.00296027
5.7588	0.00296102
5.76	0.00296177
5.7612	0.00296252
5.7624	0.00296327
5.7636	0.00296402
5.7648	0.00296478
5.766	0.00296553
5.7672	0.00296628
5.7684	0.00296703
5.7696	0.00296778
5.7708	0.00296853
5.772	0.00296928
5.7732	0.00297003
5.7744	0.00297078
5.7756	0.00297153
5.7768	0.00297228
5.778	0.00297303
5.7792	0.00297378
5.7804	0.00297453
5.7816	0.00297528
5.7828	0.00297603
5.784	0.00297678
5.7852	0.00297752
5.7864	0.00297827
5.7876	0.00297902
5.7888	0.00297977
5.79	0.00298052
5.7912	0.00298127
5.7924	0.00298201
5.7936	0.00298276
5.7948	0.00298351
5.796	0.00298426
5.7972	0.002985
5.7984	0.00298575
5.7996	0.0029865
5.8008	0.00298725
5.802	0.00298799
5.8032	0.00298874
5.8044	0.00298949
5.8056	0.00299023
5.8068	0.00299098
5.808	0.00299173
5.8092	0.00299247
5.8104	0.00299322
5.8116	0.00299396
5.8128	0.00299471
5.814	0.00299546
5.8152	0.0029962
5.8164	0.00299695
5.8176	0.00299769
5.8188	0.00299844
5.82	0.00299918
5.8212	0.00299993
5.8224	0.00300067
5.8236	0.00300142
5.8248	0.00300216
5.826	0.0030029
5.8272	0.00300365
5.8284	0.00300439
5.8296	0.00300514
5.8308	0.00300588
5.832	0.00300662
5.8332	0.00300737
5.8344	0.00300811
5.8356	0.00300885
5.8368	0.0030096
5.838	0.00301034
5.8392	0.00301108
5.8404	0.00301182
5.8416	0.00301257
5.8428	0.00301331
5.844	0.00301405
5.8452	0.00301479
5.8464	0.00301554
5.8476	0.00301628
5.8488	0.00301702
5.85	0.00301776
5.8512	0.0030185
5.8524	0.00301924
5.8536	0.00301998
5.8548	0.00302073
5.856	0.00302147
5.8572	0.00302221
5.8584	0.00302295
5.8596	0.00302369
5.8608	0.00302443
5.862	0.00302517
5.8632	0.00302591
5.8644	0.00302665
5.8656	0.00302739
5.8668	0.00302813
5.868	0.00302887
5.8692	0.00302961
5.8704	0.00303035
5.8716	0.00303108
5.8728	0.00303182
5.874	0.00303256
5.8752	0.0030333
5.8764	0.00303404
5.8776	0.00303478
5.8788	0.00303552
5.88	0.00303625
5.8812	0.00303699
5.8824	0.00303773
5.8836	0.00303847
5.8848	0.0030392
5.886	0.00303994
5.8872	0.00304068
5.8884	0.00304142
5.8896	0.00304215
5.8908	0.00304289
5.892	0.00304363
5.8932	0.00304436
5.8944	0.0030451
5.8956	0.00304584
5.8968	0.00304657
5.898	0.00304731
5.8992	0.00304804
5.9004	0.00304878
5.9016	0.00304952
5.9028	0.00305025
5.904	0.00305099
5.9052	0.00305172
5.9064	0.00305246
5.9076	0.00305319
5.9088	0.00305393
5.91	0.00305466
5.9112	0.00305539
5.9124	0.00305613
5.9136	0.00305686
5.9148	0.0030576
5.916	0.00305833
5.9172	0.00305906
5.9184	0.0030598
5.9196	0.00306053
5.9208	0.00306127
5.922	0.003062
5.9232	0.00306273
5.9244	0.00306346
5.9256	0.0030642
5.9268	0.00306493
5.928	0.00306566
5.9292	0.00306639
5.9304	0.00306713
5.9316	0.00306786
5.9328	0.00306859
5.934	0.00306932
5.9352	0.00307005
5.9364	0.00307079
5.9376	0.00307152
5.9388	0.00307225
5.94	0.00307298
5.9412	0.00307371
5.9424	0.00307444
5.9436	0.00307517
5.9448	0.0030759
5.946	0.00307663
5.9472	0.00307736
5.9484	0.00307809
5.9496	0.00307882
5.9508	0.00307955
5.952	0.00308028
5.9532	0.00308101
5.9544	0.00308174
5.9556	0.00308247
5.9568	0.0030832
5.958	0.00308393
5.9592	0.00308466
5.9604	0.00308539
5.9616	0.00308611
5.9628	0.00308684
5.964	0.00308757
5.9652	0.0030883
5.9664	0.00308903
5.9676	0.00308975
5.9688	0.00309048
5.97	0.00309121
5.9712	0.00309194
5.9724	0.00309266
5.9736	0.00309339
5.9748	0.00309412
5.976	0.00309484
5.9772	0.00309557
5.9784	0.0030963
5.9796	0.00309702
5.9808	0.00309775
5.982	0.00309848
5.9832	0.0030992
5.9844	0.00309993
5.9856	0.00310065
5.9868	0.00310138
5.988	0.0031021
5.9892	0.00310283
5.9904	0.00310356
5.9916	0.00310428
5.9928	0.003105
5.994	0.00310573
5.9952	0.00310645
5.9964	0.00310718
5.9976	0.0031079
5.9988	0.00310863
6	0.00310935
