0	0.000163567
0.0012	0.000163568
0.0024	0.000163568
0.0036	0.000163569
0.0048	0.00016357
0.006	0.000163572
0.0072	0.000163574
0.0084	0.000163576
0.0096	0.000163579
0.0108	0.000163582
0.012	0.000163585
0.0132	0.000163588
0.0144	0.000163592
0.0156	0.000163597
0.0168	0.000163602
0.018	0.000163607
0.0192	0.000163612
0.0204	0.000163618
0.0216	0.000163624
0.0228	0.00016363
0.024	0.000163637
0.0252	0.000163644
0.0264	0.000163652
0.0276	0.000163659
0.0288	0.000163668
0.03	0.000163676
0.0312	0.000163685
0.0324	0.000163694
0.0336	0.000163704
0.0348	0.000163714
0.036	0.000163724
0.0372	0.000163735
0.0384	0.000163746
0.0396	0.000163757
0.0408	0.000163768
0.042	0.00016378
0.0432	0.000163793
0.0444	0.000163806
0.0456	0.000163819
0.0468	0.000163832
0.048	0.000163846
0.0492	0.00016386
0.0504	0.000163874
0.0516	0.000163889
0.0528	0.000163904
0.054	0.00016392
0.0552	0.000163935
0.0564	0.000163952
0.0576	0.000163968
0.0588	0.000163985
0.06	0.000164002
0.0612	0.00016402
0.0624	0.000164038
0.0636	0.000164056
0.0648	0.000164075
0.066	0.000164094
0.0672	0.000164113
0.0684	0.000164132
0.0696	0.000164152
0.0708	0.000164173
0.072	0.000164194
0.0732	0.000164215
0.0744	0.000164236
0.0756	0.000164258
0.0768	0.00016428
0.078	0.000164302
0.0792	0.000164325
0.0804	0.000164348
0.0816	0.000164372
0.0828	0.000164395
0.084	0.00016442
0.0852	0.000164444
0.0864	0.000164469
0.0876	0.000164494
0.0888	0.00016452
0.09	0.000164546
0.0912	0.000164572
0.0924	0.000164599
0.0936	0.000164625
0.0948	0.000164653
0.096	0.00016468
0.0972	0.000164708
0.0984	0.000164737
0.0996	0.000164765
0.1008	0.000164794
0.102	0.000164824
0.1032	0.000164854
0.1044	0.000164884
0.1056	0.000164914
0.1068	0.000164945
0.108	0.000164976
0.1092	0.000165007
0.1104	0.000165039
0.1116	0.000165071
0.1128	0.000165104
0.114	0.000165137
0.1152	0.00016517
0.1164	0.000165204
0.1176	0.000165238
0.1188	0.000165272
0.12	0.000165306
0.1212	0.000165341
0.1224	0.000165377
0.1236	0.000165412
0.1248	0.000165448
0.126	0.000165485
0.1272	0.000165521
0.1284	0.000165558
0.1296	0.000165596
0.1308	0.000165633
0.132	0.000165671
0.1332	0.00016571
0.1344	0.000165749
0.1356	0.000165788
0.1368	0.000165827
0.138	0.000165867
0.1392	0.000165907
0.1404	0.000165948
0.1416	0.000165989
0.1428	0.00016603
0.144	0.000166071
0.1452	0.000166113
0.1464	0.000166155
0.1476	0.000166198
0.1488	0.000166241
0.15	0.000166284
0.1512	0.000166328
0.1524	0.000166372
0.1536	0.000166416
0.1548	0.000166461
0.156	0.000166506
0.1572	0.000166551
0.1584	0.000166597
0.1596	0.000166643
0.1608	0.000166689
0.162	0.000166736
0.1632	0.000166783
0.1644	0.000166831
0.1656	0.000166878
0.1668	0.000166927
0.168	0.000166975
0.1692	0.000167024
0.1704	0.000167073
0.1716	0.000167123
0.1728	0.000167172
0.174	0.000167223
0.1752	0.000167273
0.1764	0.000167324
0.1776	0.000167375
0.1788	0.000167427
0.18	0.000167479
0.1812	0.000167531
0.1824	0.000167584
0.1836	0.000167637
0.1848	0.00016769
0.186	0.000167744
0.1872	0.000167798
0.1884	0.000167852
0.1896	0.000167907
0.1908	0.000167962
0.192	0.000168018
0.1932	0.000168073
0.1944	0.000168129
0.1956	0.000168186
0.1968	0.000168243
0.198	0.0001683
0.1992	0.000168357
0.2004	0.000168415
0.2016	0.000168473
0.2028	0.000168532
0.204	0.000168591
0.2052	0.00016865
0.2064	0.00016871
0.2076	0.00016877
0.2088	0.00016883
0.21	0.000168891
0.2112	0.000168952
0.2124	0.000169013
0.2136	0.000169075
0.2148	0.000169137
0.216	0.000169199
0.2172	0.000169262
0.2184	0.000169325
0.2196	0.000169388
0.2208	0.000169452
0.222	0.000169516
0.2232	0.00016958
0.2244	0.000169645
0.2256	0.00016971
0.2268	0.000169776
0.228	0.000169841
0.2292	0.000169908
0.2304	0.000169974
0.2316	0.000170041
0.2328	0.000170108
0.234	0.000170176
0.2352	0.000170244
0.2364	0.000170312
0.2376	0.00017038
0.2388	0.000170449
0.24	0.000170519
0.2412	0.000170588
0.2424	0.000170658
0.2436	0.000170729
0.2448	0.000170799
0.246	0.00017087
0.2472	0.000170942
0.2484	0.000171013
0.2496	0.000171085
0.2508	0.000171158
0.252	0.000171231
0.2532	0.000171304
0.2544	0.000171377
0.2556	0.000171451
0.2568	0.000171525
0.258	0.000171599
0.2592	0.000171674
0.2604	0.000171749
0.2616	0.000171825
0.2628	0.000171901
0.264	0.000171977
0.2652	0.000172054
0.2664	0.00017213
0.2676	0.000172208
0.2688	0.000172285
0.27	0.000172363
0.2712	0.000172441
0.2724	0.00017252
0.2736	0.000172599
0.2748	0.000172678
0.276	0.000172758
0.2772	0.000172838
0.2784	0.000172918
0.2796	0.000172999
0.2808	0.00017308
0.282	0.000173161
0.2832	0.000173243
0.2844	0.000173325
0.2856	0.000173408
0.2868	0.00017349
0.288	0.000173574
0.2892	0.000173657
0.2904	0.000173741
0.2916	0.000173825
0.2928	0.000173909
0.294	0.000173994
0.2952	0.000174079
0.2964	0.000174165
0.2976	0.000174251
0.2988	0.000174337
0.3	0.000174424
0.3012	0.000174511
0.3024	0.000174598
0.3036	0.000174685
0.3048	0.000174773
0.306	0.000174862
0.3072	0.00017495
0.3084	0.000175039
0.3096	0.000175129
0.3108	0.000175218
0.312	0.000175308
0.3132	0.000175399
0.3144	0.000175489
0.3156	0.00017558
0.3168	0.000175672
0.318	0.000175763
0.3192	0.000175856
0.3204	0.000175948
0.3216	0.000176041
0.3228	0.000176134
0.324	0.000176227
0.3252	0.000176321
0.3264	0.000176415
0.3276	0.00017651
0.3288	0.000176605
0.33	0.0001767
0.3312	0.000176795
0.3324	0.000176891
0.3336	0.000176987
0.3348	0.000177084
0.336	0.000177181
0.3372	0.000177278
0.3384	0.000177376
0.3396	0.000177474
0.3408	0.000177572
0.342	0.000177671
0.3432	0.00017777
0.3444	0.000177869
0.3456	0.000177969
0.3468	0.000178069
0.348	0.000178169
0.3492	0.00017827
0.3504	0.000178371
0.3516	0.000178472
0.3528	0.000178574
0.354	0.000178676
0.3552	0.000178778
0.3564	0.000178881
0.3576	0.000178984
0.3588	0.000179087
0.36	0.000179191
0.3612	0.000179295
0.3624	0.0001794
0.3636	0.000179505
0.3648	0.00017961
0.366	0.000179715
0.3672	0.000179821
0.3684	0.000179927
0.3696	0.000180034
0.3708	0.000180141
0.372	0.000180248
0.3732	0.000180356
0.3744	0.000180464
0.3756	0.000180572
0.3768	0.00018068
0.378	0.000180789
0.3792	0.000180899
0.3804	0.000181008
0.3816	0.000181118
0.3828	0.000181229
0.384	0.000181339
0.3852	0.00018145
0.3864	0.000181562
0.3876	0.000181673
0.3888	0.000181785
0.39	0.000181898
0.3912	0.00018201
0.3924	0.000182123
0.3936	0.000182237
0.3948	0.000182351
0.396	0.000182465
0.3972	0.000182579
0.3984	0.000182694
0.3996	0.000182809
0.4008	0.000182925
0.402	0.00018304
0.4032	0.000183157
0.4044	0.000183273
0.4056	0.00018339
0.4068	0.000183507
0.408	0.000183625
0.4092	0.000183742
0.4104	0.000183861
0.4116	0.000183979
0.4128	0.000184098
0.414	0.000184217
0.4152	0.000184337
0.4164	0.000184457
0.4176	0.000184577
0.4188	0.000184698
0.42	0.000184819
0.4212	0.00018494
0.4224	0.000185062
0.4236	0.000185184
0.4248	0.000185306
0.426	0.000185429
0.4272	0.000185552
0.4284	0.000185675
0.4296	0.000185799
0.4308	0.000185923
0.432	0.000186047
0.4332	0.000186172
0.4344	0.000186297
0.4356	0.000186422
0.4368	0.000186548
0.438	0.000186674
0.4392	0.0001868
0.4404	0.000186927
0.4416	0.000187054
0.4428	0.000187182
0.444	0.00018731
0.4452	0.000187438
0.4464	0.000187566
0.4476	0.000187695
0.4488	0.000187824
0.45	0.000187954
0.4512	0.000188083
0.4524	0.000188214
0.4536	0.000188344
0.4548	0.000188475
0.456	0.000188606
0.4572	0.000188738
0.4584	0.00018887
0.4596	0.000189002
0.4608	0.000189134
0.462	0.000189267
0.4632	0.000189401
0.4644	0.000189534
0.4656	0.000189668
0.4668	0.000189803
0.468	0.000189937
0.4692	0.000190072
0.4704	0.000190207
0.4716	0.000190343
0.4728	0.000190479
0.474	0.000190615
0.4752	0.000190752
0.4764	0.000190889
0.4776	0.000191026
0.4788	0.000191164
0.48	0.000191302
0.4812	0.000191441
0.4824	0.000191579
0.4836	0.000191718
0.4848	0.000191858
0.486	0.000191997
0.4872	0.000192137
0.4884	0.000192278
0.4896	0.000192419
0.4908	0.00019256
0.492	0.000192701
0.4932	0.000192843
0.4944	0.000192985
0.4956	0.000193128
0.4968	0.00019327
0.498	0.000193414
0.4992	0.000193557
0.5004	0.000193701
0.5016	0.000193845
0.5028	0.00019399
0.504	0.000194134
0.5052	0.00019428
0.5064	0.000194425
0.5076	0.000194571
0.5088	0.000194717
0.51	0.000194864
0.5112	0.000195011
0.5124	0.000195158
0.5136	0.000195305
0.5148	0.000195453
0.516	0.000195602
0.5172	0.00019575
0.5184	0.000195899
0.5196	0.000196048
0.5208	0.000196198
0.522	0.000196348
0.5232	0.000196498
0.5244	0.000196649
0.5256	0.0001968
0.5268	0.000196951
0.528	0.000197103
0.5292	0.000197255
0.5304	0.000197407
0.5316	0.00019756
0.5328	0.000197713
0.534	0.000197866
0.5352	0.00019802
0.5364	0.000198174
0.5376	0.000198328
0.5388	0.000198483
0.54	0.000198638
0.5412	0.000198793
0.5424	0.000198949
0.5436	0.000199105
0.5448	0.000199261
0.546	0.000199418
0.5472	0.000199575
0.5484	0.000199732
0.5496	0.00019989
0.5508	0.000200048
0.552	0.000200207
0.5532	0.000200365
0.5544	0.000200525
0.5556	0.000200684
0.5568	0.000200844
0.558	0.000201004
0.5592	0.000201164
0.5604	0.000201325
0.5616	0.000201486
0.5628	0.000201648
0.564	0.000201809
0.5652	0.000201972
0.5664	0.000202134
0.5676	0.000202297
0.5688	0.00020246
0.57	0.000202624
0.5712	0.000202787
0.5724	0.000202952
0.5736	0.000203116
0.5748	0.000203281
0.576	0.000203446
0.5772	0.000203612
0.5784	0.000203777
0.5796	0.000203944
0.5808	0.00020411
0.582	0.000204277
0.5832	0.000204444
0.5844	0.000204612
0.5856	0.00020478
0.5868	0.000204948
0.588	0.000205117
0.5892	0.000205285
0.5904	0.000205455
0.5916	0.000205624
0.5928	0.000205794
0.594	0.000205964
0.5952	0.000206135
0.5964	0.000206306
0.5976	0.000206477
0.5988	0.000206649
0.6	0.000206821
0.6012	0.000206993
0.6024	0.000207166
0.6036	0.000207338
0.6048	0.000207512
0.606	0.000207685
0.6072	0.000207859
0.6084	0.000208034
0.6096	0.000208208
0.6108	0.000208383
0.612	0.000208559
0.6132	0.000208734
0.6144	0.00020891
0.6156	0.000209086
0.6168	0.000209263
0.618	0.00020944
0.6192	0.000209617
0.6204	0.000209795
0.6216	0.000209973
0.6228	0.000210151
0.624	0.00021033
0.6252	0.000210509
0.6264	0.000210688
0.6276	0.000210868
0.6288	0.000211048
0.63	0.000211228
0.6312	0.000211409
0.6324	0.00021159
0.6336	0.000211771
0.6348	0.000211953
0.636	0.000212135
0.6372	0.000212317
0.6384	0.0002125
0.6396	0.000212683
0.6408	0.000212867
0.642	0.00021305
0.6432	0.000213234
0.6444	0.000213419
0.6456	0.000213603
0.6468	0.000213788
0.648	0.000213974
0.6492	0.000214159
0.6504	0.000214346
0.6516	0.000214532
0.6528	0.000214719
0.654	0.000214906
0.6552	0.000215093
0.6564	0.000215281
0.6576	0.000215469
0.6588	0.000215657
0.66	0.000215846
0.6612	0.000216035
0.6624	0.000216224
0.6636	0.000216414
0.6648	0.000216604
0.666	0.000216795
0.6672	0.000216985
0.6684	0.000217176
0.6696	0.000217368
0.6708	0.00021756
0.672	0.000217752
0.6732	0.000217944
0.6744	0.000218137
0.6756	0.00021833
0.6768	0.000218523
0.678	0.000218717
0.6792	0.000218911
0.6804	0.000219105
0.6816	0.0002193
0.6828	0.000219495
0.684	0.000219691
0.6852	0.000219886
0.6864	0.000220082
0.6876	0.000220279
0.6888	0.000220476
0.69	0.000220673
0.6912	0.00022087
0.6924	0.000221068
0.6936	0.000221266
0.6948	0.000221464
0.696	0.000221663
0.6972	0.000221862
0.6984	0.000222062
0.6996	0.000222261
0.7008	0.000222461
0.702	0.000222662
0.7032	0.000222863
0.7044	0.000223064
0.7056	0.000223265
0.7068	0.000223467
0.708	0.000223669
0.7092	0.000223871
0.7104	0.000224074
0.7116	0.000224277
0.7128	0.00022448
0.714	0.000224684
0.7152	0.000224888
0.7164	0.000225093
0.7176	0.000225297
0.7188	0.000225502
0.72	0.000225708
0.7212	0.000225914
0.7224	0.00022612
0.7236	0.000226326
0.7248	0.000226533
0.726	0.00022674
0.7272	0.000226947
0.7284	0.000227155
0.7296	0.000227363
0.7308	0.000227571
0.732	0.00022778
0.7332	0.000227989
0.7344	0.000228198
0.7356	0.000228408
0.7368	0.000228618
0.738	0.000228829
0.7392	0.000229039
0.7404	0.00022925
0.7416	0.000229462
0.7428	0.000229673
0.744	0.000229885
0.7452	0.000230098
0.7464	0.00023031
0.7476	0.000230524
0.7488	0.000230737
0.75	0.000230951
0.7512	0.000231165
0.7524	0.000231379
0.7536	0.000231594
0.7548	0.000231809
0.756	0.000232024
0.7572	0.00023224
0.7584	0.000232456
0.7596	0.000232672
0.7608	0.000232889
0.762	0.000233106
0.7632	0.000233323
0.7644	0.000233541
0.7656	0.000233759
0.7668	0.000233977
0.768	0.000234196
0.7692	0.000234414
0.7704	0.000234634
0.7716	0.000234853
0.7728	0.000235073
0.774	0.000235294
0.7752	0.000235514
0.7764	0.000235735
0.7776	0.000235957
0.7788	0.000236178
0.78	0.0002364
0.7812	0.000236622
0.7824	0.000236845
0.7836	0.000237068
0.7848	0.000237291
0.786	0.000237515
0.7872	0.000237739
0.7884	0.000237963
0.7896	0.000238187
0.7908	0.000238412
0.792	0.000238638
0.7932	0.000238863
0.7944	0.000239089
0.7956	0.000239315
0.7968	0.000239542
0.798	0.000239769
0.7992	0.000239996
0.8004	0.000240223
0.8016	0.000240451
0.8028	0.00024068
0.804	0.000240908
0.8052	0.000241137
0.8064	0.000241366
0.8076	0.000241596
0.8088	0.000241825
0.81	0.000242056
0.8112	0.000242286
0.8124	0.000242517
0.8136	0.000242748
0.8148	0.000242979
0.816	0.000243211
0.8172	0.000243443
0.8184	0.000243676
0.8196	0.000243909
0.8208	0.000244142
0.822	0.000244375
0.8232	0.000244609
0.8244	0.000244843
0.8256	0.000245077
0.8268	0.000245312
0.828	0.000245547
0.8292	0.000245783
0.8304	0.000246018
0.8316	0.000246255
0.8328	0.000246491
0.834	0.000246728
0.8352	0.000246965
0.8364	0.000247202
0.8376	0.00024744
0.8388	0.000247678
0.84	0.000247916
0.8412	0.000248155
0.8424	0.000248394
0.8436	0.000248633
0.8448	0.000248873
0.846	0.000249113
0.8472	0.000249353
0.8484	0.000249594
0.8496	0.000249835
0.8508	0.000250076
0.852	0.000250317
0.8532	0.000250559
0.8544	0.000250802
0.8556	0.000251044
0.8568	0.000251287
0.858	0.00025153
0.8592	0.000251774
0.8604	0.000252018
0.8616	0.000252262
0.8628	0.000252507
0.864	0.000252751
0.8652	0.000252997
0.8664	0.000253242
0.8676	0.000253488
0.8688	0.000253734
0.87	0.000253981
0.8712	0.000254228
0.8724	0.000254475
0.8736	0.000254722
0.8748	0.00025497
0.876	0.000255218
0.8772	0.000255466
0.8784	0.000255715
0.8796	0.000255964
0.8808	0.000256214
0.882	0.000256464
0.8832	0.000256714
0.8844	0.000256964
0.8856	0.000257215
0.8868	0.000257466
0.888	0.000257717
0.8892	0.000257969
0.8904	0.000258221
0.8916	0.000258473
0.8928	0.000258726
0.894	0.000258979
0.8952	0.000259232
0.8964	0.000259486
0.8976	0.00025974
0.8988	0.000259994
0.9	0.000260249
0.9012	0.000260503
0.9024	0.000260759
0.9036	0.000261014
0.9048	0.00026127
0.906	0.000261526
0.9072	0.000261783
0.9084	0.00026204
0.9096	0.000262297
0.9108	0.000262555
0.912	0.000262812
0.9132	0.000263071
0.9144	0.000263329
0.9156	0.000263588
0.9168	0.000263847
0.918	0.000264106
0.9192	0.000264366
0.9204	0.000264626
0.9216	0.000264887
0.9228	0.000265147
0.924	0.000265408
0.9252	0.00026567
0.9264	0.000265932
0.9276	0.000266194
0.9288	0.000266456
0.93	0.000266719
0.9312	0.000266982
0.9324	0.000267245
0.9336	0.000267509
0.9348	0.000267772
0.936	0.000268037
0.9372	0.000268301
0.9384	0.000268566
0.9396	0.000268832
0.9408	0.000269097
0.942	0.000269363
0.9432	0.000269629
0.9444	0.000269896
0.9456	0.000270163
0.9468	0.00027043
0.948	0.000270697
0.9492	0.000270965
0.9504	0.000271233
0.9516	0.000271502
0.9528	0.00027177
0.954	0.00027204
0.9552	0.000272309
0.9564	0.000272579
0.9576	0.000272849
0.9588	0.000273119
0.96	0.00027339
0.9612	0.000273661
0.9624	0.000273932
0.9636	0.000274204
0.9648	0.000274476
0.966	0.000274748
0.9672	0.000275021
0.9684	0.000275294
0.9696	0.000275567
0.9708	0.000275841
0.972	0.000276114
0.9732	0.000276389
0.9744	0.000276663
0.9756	0.000276938
0.9768	0.000277213
0.978	0.000277489
0.9792	0.000277765
0.9804	0.000278041
0.9816	0.000278317
0.9828	0.000278594
0.984	0.000278871
0.9852	0.000279148
0.9864	0.000279426
0.9876	0.000279704
0.9888	0.000279983
0.99	0.000280261
0.9912	0.00028054
0.9924	0.00028082
0.9936	0.000281099
0.9948	0.000281379
0.996	0.000281659
0.9972	0.00028194
0.9984	0.000282221
0.9996	0.000282502
1.0008	0.000282784
1.002	0.000283066
1.0032	0.000283348
1.0044	0.00028363
1.0056	0.000283913
1.0068	0.000284196
1.008	0.00028448
1.0092	0.000284763
1.0104	0.000285048
1.0116	0.000285332
1.0128	0.000285617
1.014	0.000285902
1.0152	0.000286187
1.0164	0.000286473
1.0176	0.000286759
1.0188	0.000287045
1.02	0.000287332
1.0212	0.000287619
1.0224	0.000287906
1.0236	0.000288193
1.0248	0.000288481
1.026	0.00028877
1.0272	0.000289058
1.0284	0.000289347
1.0296	0.000289636
1.0308	0.000289926
1.032	0.000290215
1.0332	0.000290506
1.0344	0.000290796
1.0356	0.000291087
1.0368	0.000291378
1.038	0.000291669
1.0392	0.000291961
1.0404	0.000292253
1.0416	0.000292545
1.0428	0.000292838
1.044	0.000293131
1.0452	0.000293424
1.0464	0.000293718
1.0476	0.000294011
1.0488	0.000294306
1.05	0.0002946
1.0512	0.000294895
1.0524	0.00029519
1.0536	0.000295486
1.0548	0.000295781
1.056	0.000296078
1.0572	0.000296374
1.0584	0.000296671
1.0596	0.000296968
1.0608	0.000297265
1.062	0.000297563
1.0632	0.000297861
1.0644	0.000298159
1.0656	0.000298458
1.0668	0.000298757
1.068	0.000299056
1.0692	0.000299355
1.0704	0.000299655
1.0716	0.000299955
1.0728	0.000300256
1.074	0.000300557
1.0752	0.000300858
1.0764	0.000301159
1.0776	0.000301461
1.0788	0.000301763
1.08	0.000302066
1.0812	0.000302368
1.0824	0.000302671
1.0836	0.000302975
1.0848	0.000303278
1.086	0.000303582
1.0872	0.000303886
1.0884	0.000304191
1.0896	0.000304496
1.0908	0.000304801
1.092	0.000305107
1.0932	0.000305412
1.0944	0.000305718
1.0956	0.000306025
1.0968	0.000306332
1.098	0.000306639
1.0992	0.000306946
1.1004	0.000307254
1.1016	0.000307562
1.1028	0.00030787
1.104	0.000308179
1.1052	0.000308488
1.1064	0.000308797
1.1076	0.000309107
1.1088	0.000309416
1.11	0.000309727
1.1112	0.000310037
1.1124	0.000310348
1.1136	0.000310659
1.1148	0.00031097
1.116	0.000311282
1.1172	0.000311594
1.1184	0.000311907
1.1196	0.000312219
1.1208	0.000312532
1.122	0.000312846
1.1232	0.000313159
1.1244	0.000313473
1.1256	0.000313787
1.1268	0.000314102
1.128	0.000314417
1.1292	0.000314732
1.1304	0.000315047
1.1316	0.000315363
1.1328	0.000315679
1.134	0.000315996
1.1352	0.000316312
1.1364	0.000316629
1.1376	0.000316947
1.1388	0.000317264
1.14	0.000317582
1.1412	0.0003179
1.1424	0.000318219
1.1436	0.000318538
1.1448	0.000318857
1.146	0.000319177
1.1472	0.000319496
1.1484	0.000319816
1.1496	0.000320137
1.1508	0.000320458
1.152	0.000320779
1.1532	0.0003211
1.1544	0.000321422
1.1556	0.000321744
1.1568	0.000322066
1.158	0.000322388
1.1592	0.000322711
1.1604	0.000323034
1.1616	0.000323358
1.1628	0.000323682
1.164	0.000324006
1.1652	0.00032433
1.1664	0.000324655
1.1676	0.00032498
1.1688	0.000325305
1.17	0.000325631
1.1712	0.000325957
1.1724	0.000326283
1.1736	0.00032661
1.1748	0.000326937
1.176	0.000327264
1.1772	0.000327591
1.1784	0.000327919
1.1796	0.000328247
1.1808	0.000328576
1.182	0.000328904
1.1832	0.000329233
1.1844	0.000329563
1.1856	0.000329892
1.1868	0.000330222
1.188	0.000330553
1.1892	0.000330883
1.1904	0.000331214
1.1916	0.000331545
1.1928	0.000331877
1.194	0.000332209
1.1952	0.000332541
1.1964	0.000332873
1.1976	0.000333206
1.1988	0.000333539
1.2	0.000333872
1.2012	0.000334206
1.2024	0.00033454
1.2036	0.000334874
1.2048	0.000335208
1.206	0.000335543
1.2072	0.000335878
1.2084	0.000336214
1.2096	0.000336549
1.2108	0.000336886
1.212	0.000337222
1.2132	0.000337559
1.2144	0.000337896
1.2156	0.000338233
1.2168	0.00033857
1.218	0.000338908
1.2192	0.000339246
1.2204	0.000339585
1.2216	0.000339924
1.2228	0.000340263
1.224	0.000340602
1.2252	0.000340942
1.2264	0.000341282
1.2276	0.000341622
1.2288	0.000341963
1.23	0.000342304
1.2312	0.000342645
1.2324	0.000342987
1.2336	0.000343328
1.2348	0.00034367
1.236	0.000344013
1.2372	0.000344356
1.2384	0.000344699
1.2396	0.000345042
1.2408	0.000345386
1.242	0.00034573
1.2432	0.000346074
1.2444	0.000346418
1.2456	0.000346763
1.2468	0.000347108
1.248	0.000347454
1.2492	0.0003478
1.2504	0.000348146
1.2516	0.000348492
1.2528	0.000348839
1.254	0.000349186
1.2552	0.000349533
1.2564	0.00034988
1.2576	0.000350228
1.2588	0.000350577
1.26	0.000350925
1.2612	0.000351274
1.2624	0.000351623
1.2636	0.000351972
1.2648	0.000352322
1.266	0.000352672
1.2672	0.000353022
1.2684	0.000353373
1.2696	0.000353724
1.2708	0.000354075
1.272	0.000354426
1.2732	0.000354778
1.2744	0.00035513
1.2756	0.000355483
1.2768	0.000355835
1.278	0.000356188
1.2792	0.000356541
1.2804	0.000356895
1.2816	0.000357249
1.2828	0.000357603
1.284	0.000357958
1.2852	0.000358312
1.2864	0.000358667
1.2876	0.000359023
1.2888	0.000359378
1.29	0.000359734
1.2912	0.000360091
1.2924	0.000360447
1.2936	0.000360804
1.2948	0.000361161
1.296	0.000361519
1.2972	0.000361877
1.2984	0.000362235
1.2996	0.000362593
1.3008	0.000362952
1.302	0.000363311
1.3032	0.00036367
1.3044	0.000364029
1.3056	0.000364389
1.3068	0.000364749
1.308	0.00036511
1.3092	0.000365471
1.3104	0.000365832
1.3116	0.000366193
1.3128	0.000366555
1.314	0.000366917
1.3152	0.000367279
1.3164	0.000367641
1.3176	0.000368004
1.3188	0.000368367
1.32	0.000368731
1.3212	0.000369094
1.3224	0.000369458
1.3236	0.000369823
1.3248	0.000370187
1.326	0.000370552
1.3272	0.000370917
1.3284	0.000371283
1.3296	0.000371649
1.3308	0.000372015
1.332	0.000372381
1.3332	0.000372748
1.3344	0.000373115
1.3356	0.000373482
1.3368	0.00037385
1.338	0.000374218
1.3392	0.000374586
1.3404	0.000374954
1.3416	0.000375323
1.3428	0.000375692
1.344	0.000376061
1.3452	0.000376431
1.3464	0.000376801
1.3476	0.000377171
1.3488	0.000377542
1.35	0.000377912
1.3512	0.000378283
1.3524	0.000378655
1.3536	0.000379027
1.3548	0.000379399
1.356	0.000379771
1.3572	0.000380143
1.3584	0.000380516
1.3596	0.000380889
1.3608	0.000381263
1.362	0.000381637
1.3632	0.000382011
1.3644	0.000382385
1.3656	0.00038276
1.3668	0.000383135
1.368	0.00038351
1.3692	0.000383885
1.3704	0.000384261
1.3716	0.000384637
1.3728	0.000385014
1.374	0.00038539
1.3752	0.000385767
1.3764	0.000386145
1.3776	0.000386522
1.3788	0.0003869
1.38	0.000387278
1.3812	0.000387657
1.3824	0.000388035
1.3836	0.000388414
1.3848	0.000388794
1.386	0.000389173
1.3872	0.000389553
1.3884	0.000389933
1.3896	0.000390314
1.3908	0.000390695
1.392	0.000391076
1.3932	0.000391457
1.3944	0.000391839
1.3956	0.000392221
1.3968	0.000392603
1.398	0.000392985
1.3992	0.000393368
1.4004	0.000393751
1.4016	0.000394135
1.4028	0.000394518
1.404	0.000394902
1.4052	0.000395286
1.4064	0.000395671
1.4076	0.000396056
1.4088	0.000396441
1.41	0.000396826
1.4112	0.000397212
1.4124	0.000397598
1.4136	0.000397984
1.4148	0.000398371
1.416	0.000398758
1.4172	0.000399145
1.4184	0.000399532
1.4196	0.00039992
1.4208	0.000400308
1.422	0.000400697
1.4232	0.000401085
1.4244	0.000401474
1.4256	0.000401863
1.4268	0.000402253
1.428	0.000402642
1.4292	0.000403033
1.4304	0.000403423
1.4316	0.000403813
1.4328	0.000404204
1.434	0.000404596
1.4352	0.000404987
1.4364	0.000405379
1.4376	0.000405771
1.4388	0.000406163
1.44	0.000406556
1.4412	0.000406949
1.4424	0.000407342
1.4436	0.000407736
1.4448	0.000408129
1.446	0.000408523
1.4472	0.000408918
1.4484	0.000409312
1.4496	0.000409707
1.4508	0.000410103
1.452	0.000410498
1.4532	0.000410894
1.4544	0.00041129
1.4556	0.000411686
1.4568	0.000412083
1.458	0.00041248
1.4592	0.000412877
1.4604	0.000413275
1.4616	0.000413673
1.4628	0.000414071
1.464	0.000414469
1.4652	0.000414868
1.4664	0.000415267
1.4676	0.000415666
1.4688	0.000416065
1.47	0.000416465
1.4712	0.000416865
1.4724	0.000417266
1.4736	0.000417666
1.4748	0.000418067
1.476	0.000418468
1.4772	0.00041887
1.4784	0.000419272
1.4796	0.000419674
1.4808	0.000420076
1.482	0.000420479
1.4832	0.000420882
1.4844	0.000421285
1.4856	0.000421688
1.4868	0.000422092
1.488	0.000422496
1.4892	0.000422901
1.4904	0.000423305
1.4916	0.00042371
1.4928	0.000424115
1.494	0.000424521
1.4952	0.000424927
1.4964	0.000425333
1.4976	0.000425739
1.4988	0.000426146
1.5	0.000426552
1.5012	0.00042696
1.5024	0.000427367
1.5036	0.000427775
1.5048	0.000428183
1.506	0.000428591
1.5072	0.000429
1.5084	0.000429409
1.5096	0.000429818
1.5108	0.000430227
1.512	0.000430637
1.5132	0.000431047
1.5144	0.000431457
1.5156	0.000431868
1.5168	0.000432279
1.518	0.00043269
1.5192	0.000433101
1.5204	0.000433513
1.5216	0.000433925
1.5228	0.000434337
1.524	0.00043475
1.5252	0.000435162
1.5264	0.000435575
1.5276	0.000435989
1.5288	0.000436402
1.53	0.000436816
1.5312	0.000437231
1.5324	0.000437645
1.5336	0.00043806
1.5348	0.000438475
1.536	0.00043889
1.5372	0.000439306
1.5384	0.000439722
1.5396	0.000440138
1.5408	0.000440554
1.542	0.000440971
1.5432	0.000441388
1.5444	0.000441805
1.5456	0.000442223
1.5468	0.000442641
1.548	0.000443059
1.5492	0.000443477
1.5504	0.000443896
1.5516	0.000444315
1.5528	0.000444734
1.554	0.000445154
1.5552	0.000445574
1.5564	0.000445994
1.5576	0.000446414
1.5588	0.000446835
1.56	0.000447255
1.5612	0.000447677
1.5624	0.000448098
1.5636	0.00044852
1.5648	0.000448942
1.566	0.000449364
1.5672	0.000449787
1.5684	0.00045021
1.5696	0.000450633
1.5708	0.000451056
1.572	0.00045148
1.5732	0.000451904
1.5744	0.000452328
1.5756	0.000452752
1.5768	0.000453177
1.578	0.000453602
1.5792	0.000454028
1.5804	0.000454453
1.5816	0.000454879
1.5828	0.000455305
1.584	0.000455732
1.5852	0.000456158
1.5864	0.000456585
1.5876	0.000457013
1.5888	0.00045744
1.59	0.000457868
1.5912	0.000458296
1.5924	0.000458724
1.5936	0.000459153
1.5948	0.000459582
1.596	0.000460011
1.5972	0.000460441
1.5984	0.00046087
1.5996	0.0004613
1.6008	0.000461731
1.602	0.000462161
1.6032	0.000462592
1.6044	0.000463023
1.6056	0.000463455
1.6068	0.000463886
1.608	0.000464318
1.6092	0.00046475
1.6104	0.000465183
1.6116	0.000465616
1.6128	0.000466049
1.614	0.000466482
1.6152	0.000466915
1.6164	0.000467349
1.6176	0.000467783
1.6188	0.000468218
1.62	0.000468652
1.6212	0.000469087
1.6224	0.000469523
1.6236	0.000469958
1.6248	0.000470394
1.626	0.00047083
1.6272	0.000471266
1.6284	0.000471703
1.6296	0.00047214
1.6308	0.000472577
1.632	0.000473014
1.6332	0.000473452
1.6344	0.00047389
1.6356	0.000474328
1.6368	0.000474766
1.638	0.000475205
1.6392	0.000475644
1.6404	0.000476083
1.6416	0.000476523
1.6428	0.000476963
1.644	0.000477403
1.6452	0.000477843
1.6464	0.000478284
1.6476	0.000478725
1.6488	0.000479166
1.65	0.000479607
1.6512	0.000480049
1.6524	0.000480491
1.6536	0.000480933
1.6548	0.000481376
1.656	0.000481818
1.6572	0.000482262
1.6584	0.000482705
1.6596	0.000483148
1.6608	0.000483592
1.662	0.000484036
1.6632	0.000484481
1.6644	0.000484926
1.6656	0.00048537
1.6668	0.000485816
1.668	0.000486261
1.6692	0.000486707
1.6704	0.000487153
1.6716	0.000487599
1.6728	0.000488046
1.674	0.000488493
1.6752	0.00048894
1.6764	0.000489387
1.6776	0.000489835
1.6788	0.000490283
1.68	0.000490731
1.6812	0.000491179
1.6824	0.000491628
1.6836	0.000492077
1.6848	0.000492526
1.686	0.000492975
1.6872	0.000493425
1.6884	0.000493875
1.6896	0.000494325
1.6908	0.000494776
1.692	0.000495227
1.6932	0.000495678
1.6944	0.000496129
1.6956	0.000496581
1.6968	0.000497033
1.698	0.000497485
1.6992	0.000497937
1.7004	0.00049839
1.7016	0.000498843
1.7028	0.000499296
1.704	0.00049975
1.7052	0.000500203
1.7064	0.000500657
1.7076	0.000501112
1.7088	0.000501566
1.71	0.000502021
1.7112	0.000502476
1.7124	0.000502931
1.7136	0.000503387
1.7148	0.000503843
1.716	0.000504299
1.7172	0.000504755
1.7184	0.000505212
1.7196	0.000505669
1.7208	0.000506126
1.722	0.000506584
1.7232	0.000507041
1.7244	0.000507499
1.7256	0.000507957
1.7268	0.000508416
1.728	0.000508875
1.7292	0.000509334
1.7304	0.000509793
1.7316	0.000510253
1.7328	0.000510712
1.734	0.000511172
1.7352	0.000511633
1.7364	0.000512093
1.7376	0.000512554
1.7388	0.000513015
1.74	0.000513477
1.7412	0.000513938
1.7424	0.0005144
1.7436	0.000514862
1.7448	0.000515325
1.746	0.000515787
1.7472	0.00051625
1.7484	0.000516714
1.7496	0.000517177
1.7508	0.000517641
1.752	0.000518105
1.7532	0.000518569
1.7544	0.000519034
1.7556	0.000519498
1.7568	0.000519963
1.758	0.000520429
1.7592	0.000520894
1.7604	0.00052136
1.7616	0.000521826
1.7628	0.000522292
1.764	0.000522759
1.7652	0.000523226
1.7664	0.000523693
1.7676	0.00052416
1.7688	0.000524628
1.77	0.000525096
1.7712	0.000525564
1.7724	0.000526032
1.7736	0.000526501
1.7748	0.00052697
1.776	0.000527439
1.7772	0.000527909
1.7784	0.000528378
1.7796	0.000528848
1.7808	0.000529319
1.782	0.000529789
1.7832	0.00053026
1.7844	0.000530731
1.7856	0.000531202
1.7868	0.000531673
1.788	0.000532145
1.7892	0.000532617
1.7904	0.00053309
1.7916	0.000533562
1.7928	0.000534035
1.794	0.000534508
1.7952	0.000534981
1.7964	0.000535455
1.7976	0.000535929
1.7988	0.000536403
1.8	0.000536877
1.8012	0.000537352
1.8024	0.000537826
1.8036	0.000538302
1.8048	0.000538777
1.806	0.000539252
1.8072	0.000539728
1.8084	0.000540204
1.8096	0.000540681
1.8108	0.000541157
1.812	0.000541634
1.8132	0.000542111
1.8144	0.000542589
1.8156	0.000543067
1.8168	0.000543544
1.818	0.000544023
1.8192	0.000544501
1.8204	0.00054498
1.8216	0.000545459
1.8228	0.000545938
1.824	0.000546417
1.8252	0.000546897
1.8264	0.000547377
1.8276	0.000547857
1.8288	0.000548337
1.83	0.000548818
1.8312	0.000549299
1.8324	0.00054978
1.8336	0.000550262
1.8348	0.000550743
1.836	0.000551225
1.8372	0.000551708
1.8384	0.00055219
1.8396	0.000552673
1.8408	0.000553156
1.842	0.000553639
1.8432	0.000554123
1.8444	0.000554606
1.8456	0.00055509
1.8468	0.000555574
1.848	0.000556059
1.8492	0.000556544
1.8504	0.000557029
1.8516	0.000557514
1.8528	0.000557999
1.854	0.000558485
1.8552	0.000558971
1.8564	0.000559457
1.8576	0.000559944
1.8588	0.000560431
1.86	0.000560918
1.8612	0.000561405
1.8624	0.000561892
1.8636	0.00056238
1.8648	0.000562868
1.866	0.000563356
1.8672	0.000563845
1.8684	0.000564334
1.8696	0.000564823
1.8708	0.000565312
1.872	0.000565801
1.8732	0.000566291
1.8744	0.000566781
1.8756	0.000567271
1.8768	0.000567762
1.878	0.000568253
1.8792	0.000568744
1.8804	0.000569235
1.8816	0.000569726
1.8828	0.000570218
1.884	0.00057071
1.8852	0.000571202
1.8864	0.000571695
1.8876	0.000572187
1.8888	0.00057268
1.89	0.000573174
1.8912	0.000573667
1.8924	0.000574161
1.8936	0.000574655
1.8948	0.000575149
1.896	0.000575643
1.8972	0.000576138
1.8984	0.000576633
1.8996	0.000577128
1.9008	0.000577624
1.902	0.000578119
1.9032	0.000578615
1.9044	0.000579112
1.9056	0.000579608
1.9068	0.000580105
1.908	0.000580602
1.9092	0.000581099
1.9104	0.000581596
1.9116	0.000582094
1.9128	0.000582592
1.914	0.00058309
1.9152	0.000583588
1.9164	0.000584087
1.9176	0.000584586
1.9188	0.000585085
1.92	0.000585584
1.9212	0.000586084
1.9224	0.000586584
1.9236	0.000587084
1.9248	0.000587584
1.926	0.000588085
1.9272	0.000588586
1.9284	0.000589087
1.9296	0.000589588
1.9308	0.00059009
1.932	0.000590592
1.9332	0.000591094
1.9344	0.000591596
1.9356	0.000592099
1.9368	0.000592601
1.938	0.000593104
1.9392	0.000593608
1.9404	0.000594111
1.9416	0.000594615
1.9428	0.000595119
1.944	0.000595623
1.9452	0.000596128
1.9464	0.000596632
1.9476	0.000597137
1.9488	0.000597643
1.95	0.000598148
1.9512	0.000598654
1.9524	0.00059916
1.9536	0.000599666
1.9548	0.000600172
1.956	0.000600679
1.9572	0.000601186
1.9584	0.000601693
1.9596	0.0006022
1.9608	0.000602708
1.962	0.000603216
1.9632	0.000603724
1.9644	0.000604232
1.9656	0.000604741
1.9668	0.00060525
1.968	0.000605759
1.9692	0.000606268
1.9704	0.000606778
1.9716	0.000607288
1.9728	0.000607798
1.974	0.000608308
1.9752	0.000608818
1.9764	0.000609329
1.9776	0.00060984
1.9788	0.000610351
1.98	0.000610863
1.9812	0.000611374
1.9824	0.000611886
1.9836	0.000612399
1.9848	0.000612911
1.986	0.000613424
1.9872	0.000613937
1.9884	0.00061445
1.9896	0.000614963
1.9908	0.000615477
1.992	0.00061599
1.9932	0.000616505
1.9944	0.000617019
1.9956	0.000617533
1.9968	0.000618048
1.998	0.000618563
1.9992	0.000619079
2.0004	0.000619594
2.0016	0.00062011
2.0028	0.000620626
2.004	0.000621142
2.0052	0.000621658
2.0064	0.000622175
2.0076	0.000622692
2.0088	0.000623209
2.01	0.000623727
2.0112	0.000624244
2.0124	0.000624762
2.0136	0.00062528
2.0148	0.000625799
2.016	0.000626317
2.0172	0.000626836
2.0184	0.000627355
2.0196	0.000627874
2.0208	0.000628394
2.022	0.000628914
2.0232	0.000629434
2.0244	0.000629954
2.0256	0.000630474
2.0268	0.000630995
2.028	0.000631516
2.0292	0.000632037
2.0304	0.000632558
2.0316	0.00063308
2.0328	0.000633602
2.034	0.000634124
2.0352	0.000634646
2.0364	0.000635169
2.0376	0.000635692
2.0388	0.000636215
2.04	0.000636738
2.0412	0.000637261
2.0424	0.000637785
2.0436	0.000638309
2.0448	0.000638833
2.046	0.000639358
2.0472	0.000639882
2.0484	0.000640407
2.0496	0.000640932
2.0508	0.000641458
2.052	0.000641983
2.0532	0.000642509
2.0544	0.000643035
2.0556	0.000643561
2.0568	0.000644088
2.058	0.000644614
2.0592	0.000645141
2.0604	0.000645669
2.0616	0.000646196
2.0628	0.000646724
2.064	0.000647252
2.0652	0.00064778
2.0664	0.000648308
2.0676	0.000648837
2.0688	0.000649365
2.07	0.000649894
2.0712	0.000650424
2.0724	0.000650953
2.0736	0.000651483
2.0748	0.000652013
2.076	0.000652543
2.0772	0.000653073
2.0784	0.000653604
2.0796	0.000654135
2.0808	0.000654666
2.082	0.000655197
2.0832	0.000655729
2.0844	0.000656261
2.0856	0.000656793
2.0868	0.000657325
2.088	0.000657857
2.0892	0.00065839
2.0904	0.000658923
2.0916	0.000659456
2.0928	0.00065999
2.094	0.000660523
2.0952	0.000661057
2.0964	0.000661591
2.0976	0.000662125
2.0988	0.00066266
2.1	0.000663195
2.1012	0.000663729
2.1024	0.000664265
2.1036	0.0006648
2.1048	0.000665336
2.106	0.000665872
2.1072	0.000666408
2.1084	0.000666944
2.1096	0.000667481
2.1108	0.000668017
2.112	0.000668554
2.1132	0.000669092
2.1144	0.000669629
2.1156	0.000670167
2.1168	0.000670705
2.118	0.000671243
2.1192	0.000671781
2.1204	0.00067232
2.1216	0.000672858
2.1228	0.000673397
2.124	0.000673937
2.1252	0.000674476
2.1264	0.000675016
2.1276	0.000675556
2.1288	0.000676096
2.13	0.000676636
2.1312	0.000677177
2.1324	0.000677718
2.1336	0.000678259
2.1348	0.0006788
2.136	0.000679341
2.1372	0.000679883
2.1384	0.000680425
2.1396	0.000680967
2.1408	0.00068151
2.142	0.000682052
2.1432	0.000682595
2.1444	0.000683138
2.1456	0.000683681
2.1468	0.000684225
2.148	0.000684768
2.1492	0.000685312
2.1504	0.000685856
2.1516	0.000686401
2.1528	0.000686945
2.154	0.00068749
2.1552	0.000688035
2.1564	0.00068858
2.1576	0.000689126
2.1588	0.000689672
2.16	0.000690218
2.1612	0.000690764
2.1624	0.00069131
2.1636	0.000691857
2.1648	0.000692403
2.166	0.00069295
2.1672	0.000693498
2.1684	0.000694045
2.1696	0.000694593
2.1708	0.000695141
2.172	0.000695689
2.1732	0.000696237
2.1744	0.000696786
2.1756	0.000697334
2.1768	0.000697883
2.178	0.000698433
2.1792	0.000698982
2.1804	0.000699532
2.1816	0.000700081
2.1828	0.000700631
2.184	0.000701182
2.1852	0.000701732
2.1864	0.000702283
2.1876	0.000702834
2.1888	0.000703385
2.19	0.000703936
2.1912	0.000704488
2.1924	0.00070504
2.1936	0.000705592
2.1948	0.000706144
2.196	0.000706697
2.1972	0.000707249
2.1984	0.000707802
2.1996	0.000708355
2.2008	0.000708909
2.202	0.000709462
2.2032	0.000710016
2.2044	0.00071057
2.2056	0.000711124
2.2068	0.000711679
2.208	0.000712233
2.2092	0.000712788
2.2104	0.000713343
2.2116	0.000713898
2.2128	0.000714454
2.214	0.000715009
2.2152	0.000715565
2.2164	0.000716122
2.2176	0.000716678
2.2188	0.000717234
2.22	0.000717791
2.2212	0.000718348
2.2224	0.000718905
2.2236	0.000719463
2.2248	0.00072002
2.226	0.000720578
2.2272	0.000721136
2.2284	0.000721695
2.2296	0.000722253
2.2308	0.000722812
2.232	0.000723371
2.2332	0.00072393
2.2344	0.000724489
2.2356	0.000725049
2.2368	0.000725608
2.238	0.000726168
2.2392	0.000726728
2.2404	0.000727289
2.2416	0.000727849
2.2428	0.00072841
2.244	0.000728971
2.2452	0.000729533
2.2464	0.000730094
2.2476	0.000730656
2.2488	0.000731217
2.25	0.00073178
2.2512	0.000732342
2.2524	0.000732904
2.2536	0.000733467
2.2548	0.00073403
2.256	0.000734593
2.2572	0.000735156
2.2584	0.00073572
2.2596	0.000736284
2.2608	0.000736848
2.262	0.000737412
2.2632	0.000737976
2.2644	0.000738541
2.2656	0.000739106
2.2668	0.000739671
2.268	0.000740236
2.2692	0.000740801
2.2704	0.000741367
2.2716	0.000741933
2.2728	0.000742499
2.274	0.000743065
2.2752	0.000743632
2.2764	0.000744198
2.2776	0.000744765
2.2788	0.000745332
2.28	0.0007459
2.2812	0.000746467
2.2824	0.000747035
2.2836	0.000747603
2.2848	0.000748171
2.286	0.000748739
2.2872	0.000749308
2.2884	0.000749877
2.2896	0.000750446
2.2908	0.000751015
2.292	0.000751584
2.2932	0.000752154
2.2944	0.000752723
2.2956	0.000753293
2.2968	0.000753864
2.298	0.000754434
2.2992	0.000755005
2.3004	0.000755576
2.3016	0.000756147
2.3028	0.000756718
2.304	0.000757289
2.3052	0.000757861
2.3064	0.000758433
2.3076	0.000759005
2.3088	0.000759577
2.31	0.000760149
2.3112	0.000760722
2.3124	0.000761295
2.3136	0.000761868
2.3148	0.000762441
2.316	0.000763015
2.3172	0.000763588
2.3184	0.000764162
2.3196	0.000764736
2.3208	0.000765311
2.322	0.000765885
2.3232	0.00076646
2.3244	0.000767035
2.3256	0.00076761
2.3268	0.000768185
2.328	0.000768761
2.3292	0.000769336
2.3304	0.000769912
2.3316	0.000770488
2.3328	0.000771065
2.334	0.000771641
2.3352	0.000772218
2.3364	0.000772795
2.3376	0.000773372
2.3388	0.000773949
2.34	0.000774527
2.3412	0.000775105
2.3424	0.000775683
2.3436	0.000776261
2.3448	0.000776839
2.346	0.000777418
2.3472	0.000777996
2.3484	0.000778575
2.3496	0.000779154
2.3508	0.000779734
2.352	0.000780313
2.3532	0.000780893
2.3544	0.000781473
2.3556	0.000782053
2.3568	0.000782633
2.358	0.000783214
2.3592	0.000783795
2.3604	0.000784375
2.3616	0.000784957
2.3628	0.000785538
2.364	0.000786119
2.3652	0.000786701
2.3664	0.000787283
2.3676	0.000787865
2.3688	0.000788447
2.37	0.00078903
2.3712	0.000789613
2.3724	0.000790196
2.3736	0.000790779
2.3748	0.000791362
2.376	0.000791946
2.3772	0.000792529
2.3784	0.000793113
2.3796	0.000793697
2.3808	0.000794281
2.382	0.000794866
2.3832	0.000795451
2.3844	0.000796035
2.3856	0.000796621
2.3868	0.000797206
2.388	0.000797791
2.3892	0.000798377
2.3904	0.000798963
2.3916	0.000799549
2.3928	0.000800135
2.394	0.000800722
2.3952	0.000801308
2.3964	0.000801895
2.3976	0.000802482
2.3988	0.000803069
2.4	0.000803657
2.4012	0.000804244
2.4024	0.000804832
2.4036	0.00080542
2.4048	0.000806008
2.406	0.000806597
2.4072	0.000807185
2.4084	0.000807774
2.4096	0.000808363
2.4108	0.000808952
2.412	0.000809541
2.4132	0.000810131
2.4144	0.000810721
2.4156	0.000811311
2.4168	0.000811901
2.418	0.000812491
2.4192	0.000813082
2.4204	0.000813672
2.4216	0.000814263
2.4228	0.000814854
2.424	0.000815446
2.4252	0.000816037
2.4264	0.000816629
2.4276	0.000817221
2.4288	0.000817813
2.43	0.000818405
2.4312	0.000818997
2.4324	0.00081959
2.4336	0.000820183
2.4348	0.000820776
2.436	0.000821369
2.4372	0.000821962
2.4384	0.000822556
2.4396	0.00082315
2.4408	0.000823744
2.442	0.000824338
2.4432	0.000824932
2.4444	0.000825527
2.4456	0.000826121
2.4468	0.000826716
2.448	0.000827311
2.4492	0.000827907
2.4504	0.000828502
2.4516	0.000829098
2.4528	0.000829694
2.454	0.00083029
2.4552	0.000830886
2.4564	0.000831482
2.4576	0.000832079
2.4588	0.000832676
2.46	0.000833273
2.4612	0.00083387
2.4624	0.000834467
2.4636	0.000835065
2.4648	0.000835662
2.466	0.00083626
2.4672	0.000836858
2.4684	0.000837457
2.4696	0.000838055
2.4708	0.000838654
2.472	0.000839253
2.4732	0.000839852
2.4744	0.000840451
2.4756	0.00084105
2.4768	0.00084165
2.478	0.00084225
2.4792	0.00084285
2.4804	0.00084345
2.4816	0.00084405
2.4828	0.000844651
2.484	0.000845251
2.4852	0.000845852
2.4864	0.000846453
2.4876	0.000847054
2.4888	0.000847656
2.49	0.000848258
2.4912	0.000848859
2.4924	0.000849461
2.4936	0.000850064
2.4948	0.000850666
2.496	0.000851268
2.4972	0.000851871
2.4984	0.000852474
2.4996	0.000853077
2.5008	0.000853681
2.502	0.000854284
2.5032	0.000854888
2.5044	0.000855491
2.5056	0.000856095
2.5068	0.0008567
2.508	0.000857304
2.5092	0.000857909
2.5104	0.000858513
2.5116	0.000859118
2.5128	0.000859723
2.514	0.000860329
2.5152	0.000860934
2.5164	0.00086154
2.5176	0.000862146
2.5188	0.000862752
2.52	0.000863358
2.5212	0.000863964
2.5224	0.000864571
2.5236	0.000865178
2.5248	0.000865784
2.526	0.000866392
2.5272	0.000866999
2.5284	0.000867606
2.5296	0.000868214
2.5308	0.000868822
2.532	0.00086943
2.5332	0.000870038
2.5344	0.000870646
2.5356	0.000871255
2.5368	0.000871864
2.538	0.000872473
2.5392	0.000873082
2.5404	0.000873691
2.5416	0.0008743
2.5428	0.00087491
2.544	0.00087552
2.5452	0.00087613
2.5464	0.00087674
2.5476	0.00087735
2.5488	0.000877961
2.55	0.000878571
2.5512	0.000879182
2.5524	0.000879793
2.5536	0.000880404
2.5548	0.000881016
2.556	0.000881627
2.5572	0.000882239
2.5584	0.000882851
2.5596	0.000883463
2.5608	0.000884076
2.562	0.000884688
2.5632	0.000885301
2.5644	0.000885913
2.5656	0.000886526
2.5668	0.00088714
2.568	0.000887753
2.5692	0.000888366
2.5704	0.00088898
2.5716	0.000889594
2.5728	0.000890208
2.574	0.000890822
2.5752	0.000891437
2.5764	0.000892051
2.5776	0.000892666
2.5788	0.000893281
2.58	0.000893896
2.5812	0.000894511
2.5824	0.000895127
2.5836	0.000895742
2.5848	0.000896358
2.586	0.000896974
2.5872	0.00089759
2.5884	0.000898206
2.5896	0.000898823
2.5908	0.00089944
2.592	0.000900056
2.5932	0.000900673
2.5944	0.000901291
2.5956	0.000901908
2.5968	0.000902525
2.598	0.000903143
2.5992	0.000903761
2.6004	0.000904379
2.6016	0.000904997
2.6028	0.000905616
2.604	0.000906234
2.6052	0.000906853
2.6064	0.000907472
2.6076	0.000908091
2.6088	0.00090871
2.61	0.000909329
2.6112	0.000909949
2.6124	0.000910569
2.6136	0.000911189
2.6148	0.000911809
2.616	0.000912429
2.6172	0.00091305
2.6184	0.00091367
2.6196	0.000914291
2.6208	0.000914912
2.622	0.000915533
2.6232	0.000916154
2.6244	0.000916776
2.6256	0.000917397
2.6268	0.000918019
2.628	0.000918641
2.6292	0.000919263
2.6304	0.000919885
2.6316	0.000920508
2.6328	0.000921131
2.634	0.000921753
2.6352	0.000922376
2.6364	0.000922999
2.6376	0.000923623
2.6388	0.000924246
2.64	0.00092487
2.6412	0.000925494
2.6424	0.000926118
2.6436	0.000926742
2.6448	0.000927366
2.646	0.000927991
2.6472	0.000928615
2.6484	0.00092924
2.6496	0.000929865
2.6508	0.00093049
2.652	0.000931115
2.6532	0.000931741
2.6544	0.000932367
2.6556	0.000932992
2.6568	0.000933618
2.658	0.000934244
2.6592	0.000934871
2.6604	0.000935497
2.6616	0.000936124
2.6628	0.000936751
2.664	0.000937378
2.6652	0.000938005
2.6664	0.000938632
2.6676	0.00093926
2.6688	0.000939887
2.67	0.000940515
2.6712	0.000941143
2.6724	0.000941771
2.6736	0.000942399
2.6748	0.000943028
2.676	0.000943656
2.6772	0.000944285
2.6784	0.000944914
2.6796	0.000945543
2.6808	0.000946172
2.682	0.000946802
2.6832	0.000947431
2.6844	0.000948061
2.6856	0.000948691
2.6868	0.000949321
2.688	0.000949951
2.6892	0.000950582
2.6904	0.000951212
2.6916	0.000951843
2.6928	0.000952474
2.694	0.000953105
2.6952	0.000953736
2.6964	0.000954368
2.6976	0.000954999
2.6988	0.000955631
2.7	0.000956263
2.7012	0.000956895
2.7024	0.000957527
2.7036	0.000958159
2.7048	0.000958792
2.706	0.000959424
2.7072	0.000960057
2.7084	0.00096069
2.7096	0.000961323
2.7108	0.000961956
2.712	0.00096259
2.7132	0.000963223
2.7144	0.000963857
2.7156	0.000964491
2.7168	0.000965125
2.718	0.00096576
2.7192	0.000966394
2.7204	0.000967028
2.7216	0.000967663
2.7228	0.000968298
2.724	0.000968933
2.7252	0.000969568
2.7264	0.000970204
2.7276	0.000970839
2.7288	0.000971475
2.73	0.000972111
2.7312	0.000972747
2.7324	0.000973383
2.7336	0.000974019
2.7348	0.000974656
2.736	0.000975292
2.7372	0.000975929
2.7384	0.000976566
2.7396	0.000977203
2.7408	0.00097784
2.742	0.000978478
2.7432	0.000979115
2.7444	0.000979753
2.7456	0.000980391
2.7468	0.000981029
2.748	0.000981667
2.7492	0.000982305
2.7504	0.000982944
2.7516	0.000983582
2.7528	0.000984221
2.754	0.00098486
2.7552	0.000985499
2.7564	0.000986138
2.7576	0.000986778
2.7588	0.000987417
2.76	0.000988057
2.7612	0.000988697
2.7624	0.000989337
2.7636	0.000989977
2.7648	0.000990617
2.766	0.000991258
2.7672	0.000991899
2.7684	0.000992539
2.7696	0.00099318
2.7708	0.000993821
2.772	0.000994463
2.7732	0.000995104
2.7744	0.000995746
2.7756	0.000996387
2.7768	0.000997029
2.778	0.000997671
2.7792	0.000998313
2.7804	0.000998956
2.7816	0.000999598
2.7828	0.00100024
2.784	0.00100088
2.7852	0.00100153
2.7864	0.00100217
2.7876	0.00100281
2.7888	0.00100346
2.79	0.0010041
2.7912	0.00100474
2.7924	0.00100539
2.7936	0.00100603
2.7948	0.00100668
2.796	0.00100732
2.7972	0.00100796
2.7984	0.00100861
2.7996	0.00100925
2.8008	0.0010099
2.802	0.00101054
2.8032	0.00101119
2.8044	0.00101183
2.8056	0.00101248
2.8068	0.00101312
2.808	0.00101377
2.8092	0.00101442
2.8104	0.00101506
2.8116	0.00101571
2.8128	0.00101635
2.814	0.001017
2.8152	0.00101765
2.8164	0.00101829
2.8176	0.00101894
2.8188	0.00101959
2.82	0.00102024
2.8212	0.00102088
2.8224	0.00102153
2.8236	0.00102218
2.8248	0.00102283
2.826	0.00102347
2.8272	0.00102412
2.8284	0.00102477
2.8296	0.00102542
2.8308	0.00102607
2.832	0.00102672
2.8332	0.00102737
2.8344	0.00102801
2.8356	0.00102866
2.8368	0.00102931
2.838	0.00102996
2.8392	0.00103061
2.8404	0.00103126
2.8416	0.00103191
2.8428	0.00103256
2.844	0.00103321
2.8452	0.00103386
2.8464	0.00103451
2.8476	0.00103516
2.8488	0.00103581
2.85	0.00103646
2.8512	0.00103712
2.8524	0.00103777
2.8536	0.00103842
2.8548	0.00103907
2.856	0.00103972
2.8572	0.00104037
2.8584	0.00104102
2.8596	0.00104168
2.8608	0.00104233
2.862	0.00104298
2.8632	0.00104363
2.8644	0.00104429
2.8656	0.00104494
2.8668	0.00104559
2.868	0.00104624
2.8692	0.0010469
2.8704	0.00104755
2.8716	0.0010482
2.8728	0.00104886
2.874	0.00104951
2.8752	0.00105017
2.8764	0.00105082
2.8776	0.00105147
2.8788	0.00105213
2.88	0.00105278
2.8812	0.00105344
2.8824	0.00105409
2.8836	0.00105475
2.8848	0.0010554
2.886	0.00105606
2.8872	0.00105671
2.8884	0.00105737
2.8896	0.00105802
2.8908	0.00105868
2.892	0.00105933
2.8932	0.00105999
2.8944	0.00106065
2.8956	0.0010613
2.8968	0.00106196
2.898	0.00106261
2.8992	0.00106327
2.9004	0.00106393
2.9016	0.00106459
2.9028	0.00106524
2.904	0.0010659
2.9052	0.00106656
2.9064	0.00106721
2.9076	0.00106787
2.9088	0.00106853
2.91	0.00106919
2.9112	0.00106985
2.9124	0.0010705
2.9136	0.00107116
2.9148	0.00107182
2.916	0.00107248
2.9172	0.00107314
2.9184	0.0010738
2.9196	0.00107446
2.9208	0.00107511
2.922	0.00107577
2.9232	0.00107643
2.9244	0.00107709
2.9256	0.00107775
2.9268	0.00107841
2.928	0.00107907
2.9292	0.00107973
2.9304	0.00108039
2.9316	0.00108105
2.9328	0.00108171
2.934	0.00108237
2.9352	0.00108303
2.9364	0.00108369
2.9376	0.00108436
2.9388	0.00108502
2.94	0.00108568
2.9412	0.00108634
2.9424	0.001087
2.9436	0.00108766
2.9448	0.00108832
2.946	0.00108899
2.9472	0.00108965
2.9484	0.00109031
2.9496	0.00109097
2.9508	0.00109164
2.952	0.0010923
2.9532	0.00109296
2.9544	0.00109362
2.9556	0.00109429
2.9568	0.00109495
2.958	0.00109561
2.9592	0.00109628
2.9604	0.00109694
2.9616	0.0010976
2.9628	0.00109827
2.964	0.00109893
2.9652	0.00109959
2.9664	0.00110026
2.9676	0.00110092
2.9688	0.00110159
2.97	0.00110225
2.9712	0.00110292
2.9724	0.00110358
2.9736	0.00110425
2.9748	0.00110491
2.976	0.00110558
2.9772	0.00110624
2.9784	0.00110691
2.9796	0.00110757
2.9808	0.00110824
2.982	0.0011089
2.9832	0.00110957
2.9844	0.00111024
2.9856	0.0011109
2.9868	0.00111157
2.988	0.00111223
2.9892	0.0011129
2.9904	0.00111357
2.9916	0.00111423
2.9928	0.0011149
2.994	0.00111557
2.9952	0.00111624
2.9964	0.0011169
2.9976	0.00111757
2.9988	0.00111824
3	0.00111891
3.0012	0.00111957
3.0024	0.00112024
3.0036	0.00112091
3.0048	0.00112158
3.006	0.00112225
3.0072	0.00112292
3.0084	0.00112358
3.0096	0.00112425
3.0108	0.00112492
3.012	0.00112559
3.0132	0.00112626
3.0144	0.00112693
3.0156	0.0011276
3.0168	0.00112827
3.018	0.00112894
3.0192	0.00112961
3.0204	0.00113028
3.0216	0.00113095
3.0228	0.00113162
3.024	0.00113229
3.0252	0.00113296
3.0264	0.00113363
3.0276	0.0011343
3.0288	0.00113497
3.03	0.00113564
3.0312	0.00113631
3.0324	0.00113698
3.0336	0.00113765
3.0348	0.00113832
3.036	0.001139
3.0372	0.00113967
3.0384	0.00114034
3.0396	0.00114101
3.0408	0.00114168
3.042	0.00114235
3.0432	0.00114303
3.0444	0.0011437
3.0456	0.00114437
3.0468	0.00114504
3.048	0.00114572
3.0492	0.00114639
3.0504	0.00114706
3.0516	0.00114774
3.0528	0.00114841
3.054	0.00114908
3.0552	0.00114976
3.0564	0.00115043
3.0576	0.0011511
3.0588	0.00115178
3.06	0.00115245
3.0612	0.00115312
3.0624	0.0011538
3.0636	0.00115447
3.0648	0.00115515
3.066	0.00115582
3.0672	0.0011565
3.0684	0.00115717
3.0696	0.00115784
3.0708	0.00115852
3.072	0.00115919
3.0732	0.00115987
3.0744	0.00116055
3.0756	0.00116122
3.0768	0.0011619
3.078	0.00116257
3.0792	0.00116325
3.0804	0.00116392
3.0816	0.0011646
3.0828	0.00116528
3.084	0.00116595
3.0852	0.00116663
3.0864	0.0011673
3.0876	0.00116798
3.0888	0.00116866
3.09	0.00116933
3.0912	0.00117001
3.0924	0.00117069
3.0936	0.00117137
3.0948	0.00117204
3.096	0.00117272
3.0972	0.0011734
3.0984	0.00117407
3.0996	0.00117475
3.1008	0.00117543
3.102	0.00117611
3.1032	0.00117679
3.1044	0.00117746
3.1056	0.00117814
3.1068	0.00117882
3.108	0.0011795
3.1092	0.00118018
3.1104	0.00118086
3.1116	0.00118154
3.1128	0.00118221
3.114	0.00118289
3.1152	0.00118357
3.1164	0.00118425
3.1176	0.00118493
3.1188	0.00118561
3.12	0.00118629
3.1212	0.00118697
3.1224	0.00118765
3.1236	0.00118833
3.1248	0.00118901
3.126	0.00118969
3.1272	0.00119037
3.1284	0.00119105
3.1296	0.00119173
3.1308	0.00119241
3.132	0.00119309
3.1332	0.00119377
3.1344	0.00119445
3.1356	0.00119514
3.1368	0.00119582
3.138	0.0011965
3.1392	0.00119718
3.1404	0.00119786
3.1416	0.00119854
3.1428	0.00119922
3.144	0.00119991
3.1452	0.00120059
3.1464	0.00120127
3.1476	0.00120195
3.1488	0.00120263
3.15	0.00120332
3.1512	0.001204
3.1524	0.00120468
3.1536	0.00120537
3.1548	0.00120605
3.156	0.00120673
3.1572	0.00120741
3.1584	0.0012081
3.1596	0.00120878
3.1608	0.00120946
3.162	0.00121015
3.1632	0.00121083
3.1644	0.00121151
3.1656	0.0012122
3.1668	0.00121288
3.168	0.00121357
3.1692	0.00121425
3.1704	0.00121493
3.1716	0.00121562
3.1728	0.0012163
3.174	0.00121699
3.1752	0.00121767
3.1764	0.00121836
3.1776	0.00121904
3.1788	0.00121973
3.18	0.00122041
3.1812	0.0012211
3.1824	0.00122178
3.1836	0.00122247
3.1848	0.00122315
3.186	0.00122384
3.1872	0.00122452
3.1884	0.00122521
3.1896	0.0012259
3.1908	0.00122658
3.192	0.00122727
3.1932	0.00122795
3.1944	0.00122864
3.1956	0.00122933
3.1968	0.00123001
3.198	0.0012307
3.1992	0.00123139
3.2004	0.00123207
3.2016	0.00123276
3.2028	0.00123345
3.204	0.00123413
3.2052	0.00123482
3.2064	0.00123551
3.2076	0.0012362
3.2088	0.00123688
3.21	0.00123757
3.2112	0.00123826
3.2124	0.00123895
3.2136	0.00123964
3.2148	0.00124032
3.216	0.00124101
3.2172	0.0012417
3.2184	0.00124239
3.2196	0.00124308
3.2208	0.00124377
3.222	0.00124445
3.2232	0.00124514
3.2244	0.00124583
3.2256	0.00124652
3.2268	0.00124721
3.228	0.0012479
3.2292	0.00124859
3.2304	0.00124928
3.2316	0.00124997
3.2328	0.00125066
3.234	0.00125135
3.2352	0.00125204
3.2364	0.00125273
3.2376	0.00125342
3.2388	0.00125411
3.24	0.0012548
3.2412	0.00125549
3.2424	0.00125618
3.2436	0.00125687
3.2448	0.00125756
3.246	0.00125825
3.2472	0.00125894
3.2484	0.00125963
3.2496	0.00126032
3.2508	0.00126101
3.252	0.0012617
3.2532	0.00126239
3.2544	0.00126308
3.2556	0.00126378
3.2568	0.00126447
3.258	0.00126516
3.2592	0.00126585
3.2604	0.00126654
3.2616	0.00126723
3.2628	0.00126793
3.264	0.00126862
3.2652	0.00126931
3.2664	0.00127
3.2676	0.0012707
3.2688	0.00127139
3.27	0.00127208
3.2712	0.00127277
3.2724	0.00127347
3.2736	0.00127416
3.2748	0.00127485
3.276	0.00127554
3.2772	0.00127624
3.2784	0.00127693
3.2796	0.00127762
3.2808	0.00127832
3.282	0.00127901
3.2832	0.0012797
3.2844	0.0012804
3.2856	0.00128109
3.2868	0.00128179
3.288	0.00128248
3.2892	0.00128317
3.2904	0.00128387
3.2916	0.00128456
3.2928	0.00128526
3.294	0.00128595
3.2952	0.00128665
3.2964	0.00128734
3.2976	0.00128804
3.2988	0.00128873
3.3	0.00128942
3.3012	0.00129012
3.3024	0.00129081
3.3036	0.00129151
3.3048	0.00129221
3.306	0.0012929
3.3072	0.0012936
3.3084	0.00129429
3.3096	0.00129499
3.3108	0.00129568
3.312	0.00129638
3.3132	0.00129707
3.3144	0.00129777
3.3156	0.00129847
3.3168	0.00129916
3.318	0.00129986
3.3192	0.00130055
3.3204	0.00130125
3.3216	0.00130195
3.3228	0.00130264
3.324	0.00130334
3.3252	0.00130404
3.3264	0.00130473
3.3276	0.00130543
3.3288	0.00130613
3.33	0.00130683
3.3312	0.00130752
3.3324	0.00130822
3.3336	0.00130892
3.3348	0.00130962
3.336	0.00131031
3.3372	0.00131101
3.3384	0.00131171
3.3396	0.00131241
3.3408	0.0013131
3.342	0.0013138
3.3432	0.0013145
3.3444	0.0013152
3.3456	0.0013159
3.3468	0.00131659
3.348	0.00131729
3.3492	0.00131799
3.3504	0.00131869
3.3516	0.00131939
3.3528	0.00132009
3.354	0.00132079
3.3552	0.00132149
3.3564	0.00132218
3.3576	0.00132288
3.3588	0.00132358
3.36	0.00132428
3.3612	0.00132498
3.3624	0.00132568
3.3636	0.00132638
3.3648	0.00132708
3.366	0.00132778
3.3672	0.00132848
3.3684	0.00132918
3.3696	0.00132988
3.3708	0.00133058
3.372	0.00133128
3.3732	0.00133198
3.3744	0.00133268
3.3756	0.00133338
3.3768	0.00133408
3.378	0.00133478
3.3792	0.00133548
3.3804	0.00133618
3.3816	0.00133688
3.3828	0.00133758
3.384	0.00133828
3.3852	0.00133899
3.3864	0.00133969
3.3876	0.00134039
3.3888	0.00134109
3.39	0.00134179
3.3912	0.00134249
3.3924	0.00134319
3.3936	0.00134389
3.3948	0.0013446
3.396	0.0013453
3.3972	0.001346
3.3984	0.0013467
3.3996	0.0013474
3.4008	0.00134811
3.402	0.00134881
3.4032	0.00134951
3.4044	0.00135021
3.4056	0.00135091
3.4068	0.00135162
3.408	0.00135232
3.4092	0.00135302
3.4104	0.00135373
3.4116	0.00135443
3.4128	0.00135513
3.414	0.00135583
3.4152	0.00135654
3.4164	0.00135724
3.4176	0.00135794
3.4188	0.00135865
3.42	0.00135935
3.4212	0.00136005
3.4224	0.00136076
3.4236	0.00136146
3.4248	0.00136216
3.426	0.00136287
3.4272	0.00136357
3.4284	0.00136427
3.4296	0.00136498
3.4308	0.00136568
3.432	0.00136639
3.4332	0.00136709
3.4344	0.0013678
3.4356	0.0013685
3.4368	0.0013692
3.438	0.00136991
3.4392	0.00137061
3.4404	0.00137132
3.4416	0.00137202
3.4428	0.00137273
3.444	0.00137343
3.4452	0.00137414
3.4464	0.00137484
3.4476	0.00137555
3.4488	0.00137625
3.45	0.00137696
3.4512	0.00137766
3.4524	0.00137837
3.4536	0.00137907
3.4548	0.00137978
3.456	0.00138048
3.4572	0.00138119
3.4584	0.0013819
3.4596	0.0013826
3.4608	0.00138331
3.462	0.00138401
3.4632	0.00138472
3.4644	0.00138542
3.4656	0.00138613
3.4668	0.00138684
3.468	0.00138754
3.4692	0.00138825
3.4704	0.00138896
3.4716	0.00138966
3.4728	0.00139037
3.474	0.00139108
3.4752	0.00139178
3.4764	0.00139249
3.4776	0.0013932
3.4788	0.0013939
3.48	0.00139461
3.4812	0.00139532
3.4824	0.00139602
3.4836	0.00139673
3.4848	0.00139744
3.486	0.00139815
3.4872	0.00139885
3.4884	0.00139956
3.4896	0.00140027
3.4908	0.00140098
3.492	0.00140168
3.4932	0.00140239
3.4944	0.0014031
3.4956	0.00140381
3.4968	0.00140452
3.498	0.00140522
3.4992	0.00140593
3.5004	0.00140664
3.5016	0.00140735
3.5028	0.00140806
3.504	0.00140877
3.5052	0.00140947
3.5064	0.00141018
3.5076	0.00141089
3.5088	0.0014116
3.51	0.00141231
3.5112	0.00141302
3.5124	0.00141373
3.5136	0.00141443
3.5148	0.00141514
3.516	0.00141585
3.5172	0.00141656
3.5184	0.00141727
3.5196	0.00141798
3.5208	0.00141869
3.522	0.0014194
3.5232	0.00142011
3.5244	0.00142082
3.5256	0.00142153
3.5268	0.00142224
3.528	0.00142295
3.5292	0.00142366
3.5304	0.00142437
3.5316	0.00142508
3.5328	0.00142579
3.534	0.0014265
3.5352	0.00142721
3.5364	0.00142792
3.5376	0.00142863
3.5388	0.00142934
3.54	0.00143005
3.5412	0.00143076
3.5424	0.00143147
3.5436	0.00143218
3.5448	0.00143289
3.546	0.0014336
3.5472	0.00143431
3.5484	0.00143502
3.5496	0.00143573
3.5508	0.00143644
3.552	0.00143715
3.5532	0.00143787
3.5544	0.00143858
3.5556	0.00143929
3.5568	0.00144
3.558	0.00144071
3.5592	0.00144142
3.5604	0.00144213
3.5616	0.00144285
3.5628	0.00144356
3.564	0.00144427
3.5652	0.00144498
3.5664	0.00144569
3.5676	0.0014464
3.5688	0.00144712
3.57	0.00144783
3.5712	0.00144854
3.5724	0.00144925
3.5736	0.00144996
3.5748	0.00145068
3.576	0.00145139
3.5772	0.0014521
3.5784	0.00145281
3.5796	0.00145352
3.5808	0.00145424
3.582	0.00145495
3.5832	0.00145566
3.5844	0.00145637
3.5856	0.00145709
3.5868	0.0014578
3.588	0.00145851
3.5892	0.00145923
3.5904	0.00145994
3.5916	0.00146065
3.5928	0.00146136
3.594	0.00146208
3.5952	0.00146279
3.5964	0.0014635
3.5976	0.00146422
3.5988	0.00146493
3.6	0.00146564
3.6012	0.00146636
3.6024	0.00146707
3.6036	0.00146778
3.6048	0.0014685
3.606	0.00146921
3.6072	0.00146993
3.6084	0.00147064
3.6096	0.00147135
3.6108	0.00147207
3.612	0.00147278
3.6132	0.0014735
3.6144	0.00147421
3.6156	0.00147492
3.6168	0.00147564
3.618	0.00147635
3.6192	0.00147707
3.6204	0.00147778
3.6216	0.00147849
3.6228	0.00147921
3.624	0.00147992
3.6252	0.00148064
3.6264	0.00148135
3.6276	0.00148207
3.6288	0.00148278
3.63	0.0014835
3.6312	0.00148421
3.6324	0.00148493
3.6336	0.00148564
3.6348	0.00148636
3.636	0.00148707
3.6372	0.00148779
3.6384	0.0014885
3.6396	0.00148922
3.6408	0.00148993
3.642	0.00149065
3.6432	0.00149136
3.6444	0.00149208
3.6456	0.00149279
3.6468	0.00149351
3.648	0.00149422
3.6492	0.00149494
3.6504	0.00149566
3.6516	0.00149637
3.6528	0.00149709
3.654	0.0014978
3.6552	0.00149852
3.6564	0.00149924
3.6576	0.00149995
3.6588	0.00150067
3.66	0.00150138
3.6612	0.0015021
3.6624	0.00150282
3.6636	0.00150353
3.6648	0.00150425
3.666	0.00150496
3.6672	0.00150568
3.6684	0.0015064
3.6696	0.00150711
3.6708	0.00150783
3.672	0.00150855
3.6732	0.00150926
3.6744	0.00150998
3.6756	0.0015107
3.6768	0.00151141
3.678	0.00151213
3.6792	0.00151285
3.6804	0.00151356
3.6816	0.00151428
3.6828	0.001515
3.684	0.00151571
3.6852	0.00151643
3.6864	0.00151715
3.6876	0.00151787
3.6888	0.00151858
3.69	0.0015193
3.6912	0.00152002
3.6924	0.00152074
3.6936	0.00152145
3.6948	0.00152217
3.696	0.00152289
3.6972	0.00152361
3.6984	0.00152432
3.6996	0.00152504
3.7008	0.00152576
3.702	0.00152648
3.7032	0.00152719
3.7044	0.00152791
3.7056	0.00152863
3.7068	0.00152935
3.708	0.00153007
3.7092	0.00153078
3.7104	0.0015315
3.7116	0.00153222
3.7128	0.00153294
3.714	0.00153366
3.7152	0.00153437
3.7164	0.00153509
3.7176	0.00153581
3.7188	0.00153653
3.72	0.00153725
3.7212	0.00153797
3.7224	0.00153868
3.7236	0.0015394
3.7248	0.00154012
3.726	0.00154084
3.7272	0.00154156
3.7284	0.00154228
3.7296	0.001543
3.7308	0.00154372
3.732	0.00154443
3.7332	0.00154515
3.7344	0.00154587
3.7356	0.00154659
3.7368	0.00154731
3.738	0.00154803
3.7392	0.00154875
3.7404	0.00154947
3.7416	0.00155019
3.7428	0.00155091
3.744	0.00155162
3.7452	0.00155234
3.7464	0.00155306
3.7476	0.00155378
3.7488	0.0015545
3.75	0.00155522
3.7512	0.00155594
3.7524	0.00155666
3.7536	0.00155738
3.7548	0.0015581
3.756	0.00155882
3.7572	0.00155954
3.7584	0.00156026
3.7596	0.00156098
3.7608	0.0015617
3.762	0.00156242
3.7632	0.00156314
3.7644	0.00156386
3.7656	0.00156458
3.7668	0.0015653
3.768	0.00156602
3.7692	0.00156674
3.7704	0.00156746
3.7716	0.00156818
3.7728	0.0015689
3.774	0.00156962
3.7752	0.00157034
3.7764	0.00157106
3.7776	0.00157178
3.7788	0.0015725
3.78	0.00157322
3.7812	0.00157394
3.7824	0.00157466
3.7836	0.00157538
3.7848	0.0015761
3.786	0.00157682
3.7872	0.00157754
3.7884	0.00157826
3.7896	0.00157899
3.7908	0.00157971
3.792	0.00158043
3.7932	0.00158115
3.7944	0.00158187
3.7956	0.00158259
3.7968	0.00158331
3.798	0.00158403
3.7992	0.00158475
3.8004	0.00158547
3.8016	0.00158619
3.8028	0.00158692
3.804	0.00158764
3.8052	0.00158836
3.8064	0.00158908
3.8076	0.0015898
3.8088	0.00159052
3.81	0.00159124
3.8112	0.00159196
3.8124	0.00159269
3.8136	0.00159341
3.8148	0.00159413
3.816	0.00159485
3.8172	0.00159557
3.8184	0.00159629
3.8196	0.00159701
3.8208	0.00159774
3.822	0.00159846
3.8232	0.00159918
3.8244	0.0015999
3.8256	0.00160062
3.8268	0.00160134
3.828	0.00160207
3.8292	0.00160279
3.8304	0.00160351
3.8316	0.00160423
3.8328	0.00160495
3.834	0.00160568
3.8352	0.0016064
3.8364	0.00160712
3.8376	0.00160784
3.8388	0.00160856
3.84	0.00160929
3.8412	0.00161001
3.8424	0.00161073
3.8436	0.00161145
3.8448	0.00161217
3.846	0.0016129
3.8472	0.00161362
3.8484	0.00161434
3.8496	0.00161506
3.8508	0.00161579
3.852	0.00161651
3.8532	0.00161723
3.8544	0.00161795
3.8556	0.00161868
3.8568	0.0016194
3.858	0.00162012
3.8592	0.00162084
3.8604	0.00162157
3.8616	0.00162229
3.8628	0.00162301
3.864	0.00162373
3.8652	0.00162446
3.8664	0.00162518
3.8676	0.0016259
3.8688	0.00162663
3.87	0.00162735
3.8712	0.00162807
3.8724	0.00162879
3.8736	0.00162952
3.8748	0.00163024
3.876	0.00163096
3.8772	0.00163169
3.8784	0.00163241
3.8796	0.00163313
3.8808	0.00163385
3.882	0.00163458
3.8832	0.0016353
3.8844	0.00163602
3.8856	0.00163675
3.8868	0.00163747
3.888	0.00163819
3.8892	0.00163892
3.8904	0.00163964
3.8916	0.00164036
3.8928	0.00164109
3.894	0.00164181
3.8952	0.00164253
3.8964	0.00164326
3.8976	0.00164398
3.8988	0.0016447
3.9	0.00164543
3.9012	0.00164615
3.9024	0.00164687
3.9036	0.0016476
3.9048	0.00164832
3.906	0.00164904
3.9072	0.00164977
3.9084	0.00165049
3.9096	0.00165122
3.9108	0.00165194
3.912	0.00165266
3.9132	0.00165339
3.9144	0.00165411
3.9156	0.00165483
3.9168	0.00165556
3.918	0.00165628
3.9192	0.00165701
3.9204	0.00165773
3.9216	0.00165845
3.9228	0.00165918
3.924	0.0016599
3.9252	0.00166063
3.9264	0.00166135
3.9276	0.00166207
3.9288	0.0016628
3.93	0.00166352
3.9312	0.00166425
3.9324	0.00166497
3.9336	0.00166569
3.9348	0.00166642
3.936	0.00166714
3.9372	0.00166787
3.9384	0.00166859
3.9396	0.00166931
3.9408	0.00167004
3.942	0.00167076
3.9432	0.00167149
3.9444	0.00167221
3.9456	0.00167294
3.9468	0.00167366
3.948	0.00167438
3.9492	0.00167511
3.9504	0.00167583
3.9516	0.00167656
3.9528	0.00167728
3.954	0.00167801
3.9552	0.00167873
3.9564	0.00167945
3.9576	0.00168018
3.9588	0.0016809
3.96	0.00168163
3.9612	0.00168235
3.9624	0.00168308
3.9636	0.0016838
3.9648	0.00168453
3.966	0.00168525
3.9672	0.00168598
3.9684	0.0016867
3.9696	0.00168742
3.9708	0.00168815
3.972	0.00168887
3.9732	0.0016896
3.9744	0.00169032
3.9756	0.00169105
3.9768	0.00169177
3.978	0.0016925
3.9792	0.00169322
3.9804	0.00169395
3.9816	0.00169467
3.9828	0.0016954
3.984	0.00169612
3.9852	0.00169685
3.9864	0.00169757
3.9876	0.0016983
3.9888	0.00169902
3.99	0.00169975
3.9912	0.00170047
3.9924	0.0017012
3.9936	0.00170192
3.9948	0.00170265
3.996	0.00170337
3.9972	0.0017041
3.9984	0.00170482
3.9996	0.00170555
4.0008	0.00170627
4.002	0.001707
4.0032	0.00170772
4.0044	0.00170845
4.0056	0.00170917
4.0068	0.0017099
4.008	0.00171062
4.0092	0.00171135
4.0104	0.00171207
4.0116	0.0017128
4.0128	0.00171352
4.014	0.00171425
4.0152	0.00171497
4.0164	0.0017157
4.0176	0.00171642
4.0188	0.00171715
4.02	0.00171787
4.0212	0.0017186
4.0224	0.00171932
4.0236	0.00172005
4.0248	0.00172077
4.026	0.0017215
4.0272	0.00172222
4.0284	0.00172295
4.0296	0.00172368
4.0308	0.0017244
4.032	0.00172513
4.0332	0.00172585
4.0344	0.00172658
4.0356	0.0017273
4.0368	0.00172803
4.038	0.00172875
4.0392	0.00172948
4.0404	0.0017302
4.0416	0.00173093
4.0428	0.00173165
4.044	0.00173238
4.0452	0.0017331
4.0464	0.00173383
4.0476	0.00173456
4.0488	0.00173528
4.05	0.00173601
4.0512	0.00173673
4.0524	0.00173746
4.0536	0.00173818
4.0548	0.00173891
4.056	0.00173963
4.0572	0.00174036
4.0584	0.00174109
4.0596	0.00174181
4.0608	0.00174254
4.062	0.00174326
4.0632	0.00174399
4.0644	0.00174471
4.0656	0.00174544
4.0668	0.00174616
4.068	0.00174689
4.0692	0.00174761
4.0704	0.00174834
4.0716	0.00174907
4.0728	0.00174979
4.074	0.00175052
4.0752	0.00175124
4.0764	0.00175197
4.0776	0.00175269
4.0788	0.00175342
4.08	0.00175415
4.0812	0.00175487
4.0824	0.0017556
4.0836	0.00175632
4.0848	0.00175705
4.086	0.00175777
4.0872	0.0017585
4.0884	0.00175922
4.0896	0.00175995
4.0908	0.00176068
4.092	0.0017614
4.0932	0.00176213
4.0944	0.00176285
4.0956	0.00176358
4.0968	0.0017643
4.098	0.00176503
4.0992	0.00176576
4.1004	0.00176648
4.1016	0.00176721
4.1028	0.00176793
4.104	0.00176866
4.1052	0.00176938
4.1064	0.00177011
4.1076	0.00177084
4.1088	0.00177156
4.11	0.00177229
4.1112	0.00177301
4.1124	0.00177374
4.1136	0.00177446
4.1148	0.00177519
4.116	0.00177592
4.1172	0.00177664
4.1184	0.00177737
4.1196	0.00177809
4.1208	0.00177882
4.122	0.00177954
4.1232	0.00178027
4.1244	0.001781
4.1256	0.00178172
4.1268	0.00178245
4.128	0.00178317
4.1292	0.0017839
4.1304	0.00178462
4.1316	0.00178535
4.1328	0.00178608
4.134	0.0017868
4.1352	0.00178753
4.1364	0.00178825
4.1376	0.00178898
4.1388	0.0017897
4.14	0.00179043
4.1412	0.00179116
4.1424	0.00179188
4.1436	0.00179261
4.1448	0.00179333
4.146	0.00179406
4.1472	0.00179478
4.1484	0.00179551
4.1496	0.00179624
4.1508	0.00179696
4.152	0.00179769
4.1532	0.00179841
4.1544	0.00179914
4.1556	0.00179986
4.1568	0.00180059
4.158	0.00180132
4.1592	0.00180204
4.1604	0.00180277
4.1616	0.00180349
4.1628	0.00180422
4.164	0.00180494
4.1652	0.00180567
4.1664	0.0018064
4.1676	0.00180712
4.1688	0.00180785
4.17	0.00180857
4.1712	0.0018093
4.1724	0.00181002
4.1736	0.00181075
4.1748	0.00181147
4.176	0.0018122
4.1772	0.00181293
4.1784	0.00181365
4.1796	0.00181438
4.1808	0.0018151
4.182	0.00181583
4.1832	0.00181655
4.1844	0.00181728
4.1856	0.00181801
4.1868	0.00181873
4.188	0.00181946
4.1892	0.00182018
4.1904	0.00182091
4.1916	0.00182163
4.1928	0.00182236
4.194	0.00182308
4.1952	0.00182381
4.1964	0.00182454
4.1976	0.00182526
4.1988	0.00182599
4.2	0.00182671
4.2012	0.00182744
4.2024	0.00182816
4.2036	0.00182889
4.2048	0.00182961
4.206	0.00183034
4.2072	0.00183106
4.2084	0.00183179
4.2096	0.00183252
4.2108	0.00183324
4.212	0.00183397
4.2132	0.00183469
4.2144	0.00183542
4.2156	0.00183614
4.2168	0.00183687
4.218	0.00183759
4.2192	0.00183832
4.2204	0.00183904
4.2216	0.00183977
4.2228	0.00184049
4.224	0.00184122
4.2252	0.00184195
4.2264	0.00184267
4.2276	0.0018434
4.2288	0.00184412
4.23	0.00184485
4.2312	0.00184557
4.2324	0.0018463
4.2336	0.00184702
4.2348	0.00184775
4.236	0.00184847
4.2372	0.0018492
4.2384	0.00184992
4.2396	0.00185065
4.2408	0.00185137
4.242	0.0018521
4.2432	0.00185282
4.2444	0.00185355
4.2456	0.00185427
4.2468	0.001855
4.248	0.00185572
4.2492	0.00185645
4.2504	0.00185717
4.2516	0.0018579
4.2528	0.00185862
4.254	0.00185935
4.2552	0.00186008
4.2564	0.0018608
4.2576	0.00186153
4.2588	0.00186225
4.26	0.00186298
4.2612	0.0018637
4.2624	0.00186442
4.2636	0.00186515
4.2648	0.00186587
4.266	0.0018666
4.2672	0.00186732
4.2684	0.00186805
4.2696	0.00186877
4.2708	0.0018695
4.272	0.00187022
4.2732	0.00187095
4.2744	0.00187167
4.2756	0.0018724
4.2768	0.00187312
4.278	0.00187385
4.2792	0.00187457
4.2804	0.0018753
4.2816	0.00187602
4.2828	0.00187675
4.284	0.00187747
4.2852	0.0018782
4.2864	0.00187892
4.2876	0.00187965
4.2888	0.00188037
4.29	0.0018811
4.2912	0.00188182
4.2924	0.00188254
4.2936	0.00188327
4.2948	0.00188399
4.296	0.00188472
4.2972	0.00188544
4.2984	0.00188617
4.2996	0.00188689
4.3008	0.00188762
4.302	0.00188834
4.3032	0.00188906
4.3044	0.00188979
4.3056	0.00189051
4.3068	0.00189124
4.308	0.00189196
4.3092	0.00189269
4.3104	0.00189341
4.3116	0.00189414
4.3128	0.00189486
4.314	0.00189558
4.3152	0.00189631
4.3164	0.00189703
4.3176	0.00189776
4.3188	0.00189848
4.32	0.00189921
4.3212	0.00189993
4.3224	0.00190065
4.3236	0.00190138
4.3248	0.0019021
4.326	0.00190283
4.3272	0.00190355
4.3284	0.00190427
4.3296	0.001905
4.3308	0.00190572
4.332	0.00190645
4.3332	0.00190717
4.3344	0.00190789
4.3356	0.00190862
4.3368	0.00190934
4.338	0.00191007
4.3392	0.00191079
4.3404	0.00191151
4.3416	0.00191224
4.3428	0.00191296
4.344	0.00191368
4.3452	0.00191441
4.3464	0.00191513
4.3476	0.00191586
4.3488	0.00191658
4.35	0.0019173
4.3512	0.00191803
4.3524	0.00191875
4.3536	0.00191947
4.3548	0.0019202
4.356	0.00192092
4.3572	0.00192164
4.3584	0.00192237
4.3596	0.00192309
4.3608	0.00192382
4.362	0.00192454
4.3632	0.00192526
4.3644	0.00192599
4.3656	0.00192671
4.3668	0.00192743
4.368	0.00192816
4.3692	0.00192888
4.3704	0.0019296
4.3716	0.00193033
4.3728	0.00193105
4.374	0.00193177
4.3752	0.00193249
4.3764	0.00193322
4.3776	0.00193394
4.3788	0.00193466
4.38	0.00193539
4.3812	0.00193611
4.3824	0.00193683
4.3836	0.00193756
4.3848	0.00193828
4.386	0.001939
4.3872	0.00193973
4.3884	0.00194045
4.3896	0.00194117
4.3908	0.00194189
4.392	0.00194262
4.3932	0.00194334
4.3944	0.00194406
4.3956	0.00194478
4.3968	0.00194551
4.398	0.00194623
4.3992	0.00194695
4.4004	0.00194768
4.4016	0.0019484
4.4028	0.00194912
4.404	0.00194984
4.4052	0.00195057
4.4064	0.00195129
4.4076	0.00195201
4.4088	0.00195273
4.41	0.00195346
4.4112	0.00195418
4.4124	0.0019549
4.4136	0.00195562
4.4148	0.00195635
4.416	0.00195707
4.4172	0.00195779
4.4184	0.00195851
4.4196	0.00195923
4.4208	0.00195996
4.422	0.00196068
4.4232	0.0019614
4.4244	0.00196212
4.4256	0.00196284
4.4268	0.00196357
4.428	0.00196429
4.4292	0.00196501
4.4304	0.00196573
4.4316	0.00196645
4.4328	0.00196718
4.434	0.0019679
4.4352	0.00196862
4.4364	0.00196934
4.4376	0.00197006
4.4388	0.00197079
4.44	0.00197151
4.4412	0.00197223
4.4424	0.00197295
4.4436	0.00197367
4.4448	0.00197439
4.446	0.00197511
4.4472	0.00197584
4.4484	0.00197656
4.4496	0.00197728
4.4508	0.001978
4.452	0.00197872
4.4532	0.00197944
4.4544	0.00198016
4.4556	0.00198089
4.4568	0.00198161
4.458	0.00198233
4.4592	0.00198305
4.4604	0.00198377
4.4616	0.00198449
4.4628	0.00198521
4.464	0.00198593
4.4652	0.00198666
4.4664	0.00198738
4.4676	0.0019881
4.4688	0.00198882
4.47	0.00198954
4.4712	0.00199026
4.4724	0.00199098
4.4736	0.0019917
4.4748	0.00199242
4.476	0.00199314
4.4772	0.00199386
4.4784	0.00199458
4.4796	0.0019953
4.4808	0.00199603
4.482	0.00199675
4.4832	0.00199747
4.4844	0.00199819
4.4856	0.00199891
4.4868	0.00199963
4.488	0.00200035
4.4892	0.00200107
4.4904	0.00200179
4.4916	0.00200251
4.4928	0.00200323
4.494	0.00200395
4.4952	0.00200467
4.4964	0.00200539
4.4976	0.00200611
4.4988	0.00200683
4.5	0.00200755
4.5012	0.00200827
4.5024	0.00200899
4.5036	0.00200971
4.5048	0.00201043
4.506	0.00201115
4.5072	0.00201187
4.5084	0.00201259
4.5096	0.00201331
4.5108	0.00201403
4.512	0.00201475
4.5132	0.00201547
4.5144	0.00201619
4.5156	0.00201691
4.5168	0.00201763
4.518	0.00201835
4.5192	0.00201907
4.5204	0.00201978
4.5216	0.0020205
4.5228	0.00202122
4.524	0.00202194
4.5252	0.00202266
4.5264	0.00202338
4.5276	0.0020241
4.5288	0.00202482
4.53	0.00202554
4.5312	0.00202626
4.5324	0.00202698
4.5336	0.0020277
4.5348	0.00202841
4.536	0.00202913
4.5372	0.00202985
4.5384	0.00203057
4.5396	0.00203129
4.5408	0.00203201
4.542	0.00203273
4.5432	0.00203345
4.5444	0.00203416
4.5456	0.00203488
4.5468	0.0020356
4.548	0.00203632
4.5492	0.00203704
4.5504	0.00203776
4.5516	0.00203848
4.5528	0.00203919
4.554	0.00203991
4.5552	0.00204063
4.5564	0.00204135
4.5576	0.00204207
4.5588	0.00204278
4.56	0.0020435
4.5612	0.00204422
4.5624	0.00204494
4.5636	0.00204566
4.5648	0.00204637
4.566	0.00204709
4.5672	0.00204781
4.5684	0.00204853
4.5696	0.00204925
4.5708	0.00204996
4.572	0.00205068
4.5732	0.0020514
4.5744	0.00205212
4.5756	0.00205283
4.5768	0.00205355
4.578	0.00205427
4.5792	0.00205499
4.5804	0.0020557
4.5816	0.00205642
4.5828	0.00205714
4.584	0.00205786
4.5852	0.00205857
4.5864	0.00205929
4.5876	0.00206001
4.5888	0.00206072
4.59	0.00206144
4.5912	0.00206216
4.5924	0.00206287
4.5936	0.00206359
4.5948	0.00206431
4.596	0.00206503
4.5972	0.00206574
4.5984	0.00206646
4.5996	0.00206718
4.6008	0.00206789
4.602	0.00206861
4.6032	0.00206932
4.6044	0.00207004
4.6056	0.00207076
4.6068	0.00207147
4.608	0.00207219
4.6092	0.00207291
4.6104	0.00207362
4.6116	0.00207434
4.6128	0.00207506
4.614	0.00207577
4.6152	0.00207649
4.6164	0.0020772
4.6176	0.00207792
4.6188	0.00207864
4.62	0.00207935
4.6212	0.00208007
4.6224	0.00208078
4.6236	0.0020815
4.6248	0.00208221
4.626	0.00208293
4.6272	0.00208365
4.6284	0.00208436
4.6296	0.00208508
4.6308	0.00208579
4.632	0.00208651
4.6332	0.00208722
4.6344	0.00208794
4.6356	0.00208865
4.6368	0.00208937
4.638	0.00209008
4.6392	0.0020908
4.6404	0.00209151
4.6416	0.00209223
4.6428	0.00209294
4.644	0.00209366
4.6452	0.00209437
4.6464	0.00209509
4.6476	0.0020958
4.6488	0.00209652
4.65	0.00209723
4.6512	0.00209795
4.6524	0.00209866
4.6536	0.00209938
4.6548	0.00210009
4.656	0.0021008
4.6572	0.00210152
4.6584	0.00210223
4.6596	0.00210295
4.6608	0.00210366
4.662	0.00210438
4.6632	0.00210509
4.6644	0.0021058
4.6656	0.00210652
4.6668	0.00210723
4.668	0.00210795
4.6692	0.00210866
4.6704	0.00210937
4.6716	0.00211009
4.6728	0.0021108
4.674	0.00211151
4.6752	0.00211223
4.6764	0.00211294
4.6776	0.00211366
4.6788	0.00211437
4.68	0.00211508
4.6812	0.0021158
4.6824	0.00211651
4.6836	0.00211722
4.6848	0.00211794
4.686	0.00211865
4.6872	0.00211936
4.6884	0.00212007
4.6896	0.00212079
4.6908	0.0021215
4.692	0.00212221
4.6932	0.00212293
4.6944	0.00212364
4.6956	0.00212435
4.6968	0.00212506
4.698	0.00212578
4.6992	0.00212649
4.7004	0.0021272
4.7016	0.00212791
4.7028	0.00212863
4.704	0.00212934
4.7052	0.00213005
4.7064	0.00213076
4.7076	0.00213148
4.7088	0.00213219
4.71	0.0021329
4.7112	0.00213361
4.7124	0.00213432
4.7136	0.00213504
4.7148	0.00213575
4.716	0.00213646
4.7172	0.00213717
4.7184	0.00213788
4.7196	0.00213859
4.7208	0.00213931
4.722	0.00214002
4.7232	0.00214073
4.7244	0.00214144
4.7256	0.00214215
4.7268	0.00214286
4.728	0.00214357
4.7292	0.00214428
4.7304	0.002145
4.7316	0.00214571
4.7328	0.00214642
4.734	0.00214713
4.7352	0.00214784
4.7364	0.00214855
4.7376	0.00214926
4.7388	0.00214997
4.74	0.00215068
4.7412	0.00215139
4.7424	0.0021521
4.7436	0.00215281
4.7448	0.00215352
4.746	0.00215423
4.7472	0.00215495
4.7484	0.00215566
4.7496	0.00215637
4.7508	0.00215708
4.752	0.00215779
4.7532	0.0021585
4.7544	0.00215921
4.7556	0.00215992
4.7568	0.00216063
4.758	0.00216134
4.7592	0.00216204
4.7604	0.00216275
4.7616	0.00216346
4.7628	0.00216417
4.764	0.00216488
4.7652	0.00216559
4.7664	0.0021663
4.7676	0.00216701
4.7688	0.00216772
4.77	0.00216843
4.7712	0.00216914
4.7724	0.00216985
4.7736	0.00217056
4.7748	0.00217127
4.776	0.00217197
4.7772	0.00217268
4.7784	0.00217339
4.7796	0.0021741
4.7808	0.00217481
4.782	0.00217552
4.7832	0.00217623
4.7844	0.00217694
4.7856	0.00217764
4.7868	0.00217835
4.788	0.00217906
4.7892	0.00217977
4.7904	0.00218048
4.7916	0.00218118
4.7928	0.00218189
4.794	0.0021826
4.7952	0.00218331
4.7964	0.00218402
4.7976	0.00218472
4.7988	0.00218543
4.8	0.00218614
4.8012	0.00218685
4.8024	0.00218755
4.8036	0.00218826
4.8048	0.00218897
4.806	0.00218968
4.8072	0.00219038
4.8084	0.00219109
4.8096	0.0021918
4.8108	0.00219251
4.812	0.00219321
4.8132	0.00219392
4.8144	0.00219463
4.8156	0.00219533
4.8168	0.00219604
4.818	0.00219675
4.8192	0.00219745
4.8204	0.00219816
4.8216	0.00219887
4.8228	0.00219957
4.824	0.00220028
4.8252	0.00220099
4.8264	0.00220169
4.8276	0.0022024
4.8288	0.0022031
4.83	0.00220381
4.8312	0.00220452
4.8324	0.00220522
4.8336	0.00220593
4.8348	0.00220663
4.836	0.00220734
4.8372	0.00220805
4.8384	0.00220875
4.8396	0.00220946
4.8408	0.00221016
4.842	0.00221087
4.8432	0.00221157
4.8444	0.00221228
4.8456	0.00221298
4.8468	0.00221369
4.848	0.00221439
4.8492	0.0022151
4.8504	0.0022158
4.8516	0.00221651
4.8528	0.00221721
4.854	0.00221792
4.8552	0.00221862
4.8564	0.00221933
4.8576	0.00222003
4.8588	0.00222074
4.86	0.00222144
4.8612	0.00222215
4.8624	0.00222285
4.8636	0.00222355
4.8648	0.00222426
4.866	0.00222496
4.8672	0.00222567
4.8684	0.00222637
4.8696	0.00222707
4.8708	0.00222778
4.872	0.00222848
4.8732	0.00222918
4.8744	0.00222989
4.8756	0.00223059
4.8768	0.0022313
4.878	0.002232
4.8792	0.0022327
4.8804	0.00223341
4.8816	0.00223411
4.8828	0.00223481
4.884	0.00223551
4.8852	0.00223622
4.8864	0.00223692
4.8876	0.00223762
4.8888	0.00223833
4.89	0.00223903
4.8912	0.00223973
4.8924	0.00224043
4.8936	0.00224114
4.8948	0.00224184
4.896	0.00224254
4.8972	0.00224324
4.8984	0.00224395
4.8996	0.00224465
4.9008	0.00224535
4.902	0.00224605
4.9032	0.00224675
4.9044	0.00224746
4.9056	0.00224816
4.9068	0.00224886
4.908	0.00224956
4.9092	0.00225026
4.9104	0.00225096
4.9116	0.00225167
4.9128	0.00225237
4.914	0.00225307
4.9152	0.00225377
4.9164	0.00225447
4.9176	0.00225517
4.9188	0.00225587
4.92	0.00225657
4.9212	0.00225727
4.9224	0.00225798
4.9236	0.00225868
4.9248	0.00225938
4.926	0.00226008
4.9272	0.00226078
4.9284	0.00226148
4.9296	0.00226218
4.9308	0.00226288
4.932	0.00226358
4.9332	0.00226428
4.9344	0.00226498
4.9356	0.00226568
4.9368	0.00226638
4.938	0.00226708
4.9392	0.00226778
4.9404	0.00226848
4.9416	0.00226918
4.9428	0.00226988
4.944	0.00227058
4.9452	0.00227128
4.9464	0.00227198
4.9476	0.00227268
4.9488	0.00227337
4.95	0.00227407
4.9512	0.00227477
4.9524	0.00227547
4.9536	0.00227617
4.9548	0.00227687
4.956	0.00227757
4.9572	0.00227827
4.9584	0.00227897
4.9596	0.00227966
4.9608	0.00228036
4.962	0.00228106
4.9632	0.00228176
4.9644	0.00228246
4.9656	0.00228316
4.9668	0.00228385
4.968	0.00228455
4.9692	0.00228525
4.9704	0.00228595
4.9716	0.00228665
4.9728	0.00228734
4.974	0.00228804
4.9752	0.00228874
4.9764	0.00228944
4.9776	0.00229013
4.9788	0.00229083
4.98	0.00229153
4.9812	0.00229222
4.9824	0.00229292
4.9836	0.00229362
4.9848	0.00229432
4.986	0.00229501
4.9872	0.00229571
4.9884	0.00229641
4.9896	0.0022971
4.9908	0.0022978
4.992	0.0022985
4.9932	0.00229919
4.9944	0.00229989
4.9956	0.00230058
4.9968	0.00230128
4.998	0.00230198
4.9992	0.00230267
5.0004	0.00230337
5.0016	0.00230406
5.0028	0.00230476
5.004	0.00230546
5.0052	0.00230615
5.0064	0.00230685
5.0076	0.00230754
5.0088	0.00230824
5.01	0.00230893
5.0112	0.00230963
5.0124	0.00231032
5.0136	0.00231102
5.0148	0.00231171
5.016	0.00231241
5.0172	0.0023131
5.0184	0.0023138
5.0196	0.00231449
5.0208	0.00231519
5.022	0.00231588
5.0232	0.00231658
5.0244	0.00231727
5.0256	0.00231796
5.0268	0.00231866
5.028	0.00231935
5.0292	0.00232005
5.0304	0.00232074
5.0316	0.00232143
5.0328	0.00232213
5.034	0.00232282
5.0352	0.00232352
5.0364	0.00232421
5.0376	0.0023249
5.0388	0.0023256
5.04	0.00232629
5.0412	0.00232698
5.0424	0.00232768
5.0436	0.00232837
5.0448	0.00232906
5.046	0.00232975
5.0472	0.00233045
5.0484	0.00233114
5.0496	0.00233183
5.0508	0.00233253
5.052	0.00233322
5.0532	0.00233391
5.0544	0.0023346
5.0556	0.0023353
5.0568	0.00233599
5.058	0.00233668
5.0592	0.00233737
5.0604	0.00233806
5.0616	0.00233876
5.0628	0.00233945
5.064	0.00234014
5.0652	0.00234083
5.0664	0.00234152
5.0676	0.00234221
5.0688	0.0023429
5.07	0.0023436
5.0712	0.00234429
5.0724	0.00234498
5.0736	0.00234567
5.0748	0.00234636
5.076	0.00234705
5.0772	0.00234774
5.0784	0.00234843
5.0796	0.00234912
5.0808	0.00234981
5.082	0.0023505
5.0832	0.00235119
5.0844	0.00235188
5.0856	0.00235257
5.0868	0.00235326
5.088	0.00235395
5.0892	0.00235464
5.0904	0.00235533
5.0916	0.00235602
5.0928	0.00235671
5.094	0.0023574
5.0952	0.00235809
5.0964	0.00235878
5.0976	0.00235947
5.0988	0.00236016
5.1	0.00236085
5.1012	0.00236154
5.1024	0.00236223
5.1036	0.00236292
5.1048	0.0023636
5.106	0.00236429
5.1072	0.00236498
5.1084	0.00236567
5.1096	0.00236636
5.1108	0.00236705
5.112	0.00236774
5.1132	0.00236842
5.1144	0.00236911
5.1156	0.0023698
5.1168	0.00237049
5.118	0.00237118
5.1192	0.00237186
5.1204	0.00237255
5.1216	0.00237324
5.1228	0.00237393
5.124	0.00237461
5.1252	0.0023753
5.1264	0.00237599
5.1276	0.00237668
5.1288	0.00237736
5.13	0.00237805
5.1312	0.00237874
5.1324	0.00237942
5.1336	0.00238011
5.1348	0.0023808
5.136	0.00238148
5.1372	0.00238217
5.1384	0.00238286
5.1396	0.00238354
5.1408	0.00238423
5.142	0.00238491
5.1432	0.0023856
5.1444	0.00238629
5.1456	0.00238697
5.1468	0.00238766
5.148	0.00238834
5.1492	0.00238903
5.1504	0.00238971
5.1516	0.0023904
5.1528	0.00239109
5.154	0.00239177
5.1552	0.00239246
5.1564	0.00239314
5.1576	0.00239383
5.1588	0.00239451
5.16	0.0023952
5.1612	0.00239588
5.1624	0.00239656
5.1636	0.00239725
5.1648	0.00239793
5.166	0.00239862
5.1672	0.0023993
5.1684	0.00239999
5.1696	0.00240067
5.1708	0.00240135
5.172	0.00240204
5.1732	0.00240272
5.1744	0.00240341
5.1756	0.00240409
5.1768	0.00240477
5.178	0.00240546
5.1792	0.00240614
5.1804	0.00240682
5.1816	0.00240751
5.1828	0.00240819
5.184	0.00240887
5.1852	0.00240955
5.1864	0.00241024
5.1876	0.00241092
5.1888	0.0024116
5.19	0.00241229
5.1912	0.00241297
5.1924	0.00241365
5.1936	0.00241433
5.1948	0.00241501
5.196	0.0024157
5.1972	0.00241638
5.1984	0.00241706
5.1996	0.00241774
5.2008	0.00241842
5.202	0.0024191
5.2032	0.00241979
5.2044	0.00242047
5.2056	0.00242115
5.2068	0.00242183
5.208	0.00242251
5.2092	0.00242319
5.2104	0.00242387
5.2116	0.00242455
5.2128	0.00242523
5.214	0.00242592
5.2152	0.0024266
5.2164	0.00242728
5.2176	0.00242796
5.2188	0.00242864
5.22	0.00242932
5.2212	0.00243
5.2224	0.00243068
5.2236	0.00243136
5.2248	0.00243204
5.226	0.00243272
5.2272	0.0024334
5.2284	0.00243408
5.2296	0.00243476
5.2308	0.00243543
5.232	0.00243611
5.2332	0.00243679
5.2344	0.00243747
5.2356	0.00243815
5.2368	0.00243883
5.238	0.00243951
5.2392	0.00244019
5.2404	0.00244087
5.2416	0.00244154
5.2428	0.00244222
5.244	0.0024429
5.2452	0.00244358
5.2464	0.00244426
5.2476	0.00244494
5.2488	0.00244561
5.25	0.00244629
5.2512	0.00244697
5.2524	0.00244765
5.2536	0.00244832
5.2548	0.002449
5.256	0.00244968
5.2572	0.00245036
5.2584	0.00245103
5.2596	0.00245171
5.2608	0.00245239
5.262	0.00245306
5.2632	0.00245374
5.2644	0.00245442
5.2656	0.00245509
5.2668	0.00245577
5.268	0.00245645
5.2692	0.00245712
5.2704	0.0024578
5.2716	0.00245848
5.2728	0.00245915
5.274	0.00245983
5.2752	0.0024605
5.2764	0.00246118
5.2776	0.00246185
5.2788	0.00246253
5.28	0.00246321
5.2812	0.00246388
5.2824	0.00246456
5.2836	0.00246523
5.2848	0.00246591
5.286	0.00246658
5.2872	0.00246726
5.2884	0.00246793
5.2896	0.0024686
5.2908	0.00246928
5.292	0.00246995
5.2932	0.00247063
5.2944	0.0024713
5.2956	0.00247198
5.2968	0.00247265
5.298	0.00247332
5.2992	0.002474
5.3004	0.00247467
5.3016	0.00247535
5.3028	0.00247602
5.304	0.00247669
5.3052	0.00247737
5.3064	0.00247804
5.3076	0.00247871
5.3088	0.00247939
5.31	0.00248006
5.3112	0.00248073
5.3124	0.0024814
5.3136	0.00248208
5.3148	0.00248275
5.316	0.00248342
5.3172	0.00248409
5.3184	0.00248477
5.3196	0.00248544
5.3208	0.00248611
5.322	0.00248678
5.3232	0.00248745
5.3244	0.00248813
5.3256	0.0024888
5.3268	0.00248947
5.328	0.00249014
5.3292	0.00249081
5.3304	0.00249148
5.3316	0.00249215
5.3328	0.00249282
5.334	0.0024935
5.3352	0.00249417
5.3364	0.00249484
5.3376	0.00249551
5.3388	0.00249618
5.34	0.00249685
5.3412	0.00249752
5.3424	0.00249819
5.3436	0.00249886
5.3448	0.00249953
5.346	0.0025002
5.3472	0.00250087
5.3484	0.00250154
5.3496	0.00250221
5.3508	0.00250288
5.352	0.00250355
5.3532	0.00250422
5.3544	0.00250489
5.3556	0.00250556
5.3568	0.00250622
5.358	0.00250689
5.3592	0.00250756
5.3604	0.00250823
5.3616	0.0025089
5.3628	0.00250957
5.364	0.00251024
5.3652	0.0025109
5.3664	0.00251157
5.3676	0.00251224
5.3688	0.00251291
5.37	0.00251358
5.3712	0.00251424
5.3724	0.00251491
5.3736	0.00251558
5.3748	0.00251625
5.376	0.00251691
5.3772	0.00251758
5.3784	0.00251825
5.3796	0.00251892
5.3808	0.00251958
5.382	0.00252025
5.3832	0.00252092
5.3844	0.00252158
5.3856	0.00252225
5.3868	0.00252292
5.388	0.00252358
5.3892	0.00252425
5.3904	0.00252491
5.3916	0.00252558
5.3928	0.00252625
5.394	0.00252691
5.3952	0.00252758
5.3964	0.00252824
5.3976	0.00252891
5.3988	0.00252957
5.4	0.00253024
5.4012	0.0025309
5.4024	0.00253157
5.4036	0.00253223
5.4048	0.0025329
5.406	0.00253356
5.4072	0.00253423
5.4084	0.00253489
5.4096	0.00253556
5.4108	0.00253622
5.412	0.00253689
5.4132	0.00253755
5.4144	0.00253821
5.4156	0.00253888
5.4168	0.00253954
5.418	0.00254021
5.4192	0.00254087
5.4204	0.00254153
5.4216	0.0025422
5.4228	0.00254286
5.424	0.00254352
5.4252	0.00254418
5.4264	0.00254485
5.4276	0.00254551
5.4288	0.00254617
5.43	0.00254684
5.4312	0.0025475
5.4324	0.00254816
5.4336	0.00254882
5.4348	0.00254949
5.436	0.00255015
5.4372	0.00255081
5.4384	0.00255147
5.4396	0.00255213
5.4408	0.00255279
5.442	0.00255346
5.4432	0.00255412
5.4444	0.00255478
5.4456	0.00255544
5.4468	0.0025561
5.448	0.00255676
5.4492	0.00255742
5.4504	0.00255808
5.4516	0.00255874
5.4528	0.0025594
5.454	0.00256007
5.4552	0.00256073
5.4564	0.00256139
5.4576	0.00256205
5.4588	0.00256271
5.46	0.00256337
5.4612	0.00256403
5.4624	0.00256469
5.4636	0.00256535
5.4648	0.002566
5.466	0.00256666
5.4672	0.00256732
5.4684	0.00256798
5.4696	0.00256864
5.4708	0.0025693
5.472	0.00256996
5.4732	0.00257062
5.4744	0.00257128
5.4756	0.00257193
5.4768	0.00257259
5.478	0.00257325
5.4792	0.00257391
5.4804	0.00257457
5.4816	0.00257523
5.4828	0.00257588
5.484	0.00257654
5.4852	0.0025772
5.4864	0.00257786
5.4876	0.00257851
5.4888	0.00257917
5.49	0.00257983
5.4912	0.00258049
5.4924	0.00258114
5.4936	0.0025818
5.4948	0.00258246
5.496	0.00258311
5.4972	0.00258377
5.4984	0.00258443
5.4996	0.00258508
5.5008	0.00258574
5.502	0.00258639
5.5032	0.00258705
5.5044	0.00258771
5.5056	0.00258836
5.5068	0.00258902
5.508	0.00258967
5.5092	0.00259033
5.5104	0.00259098
5.5116	0.00259164
5.5128	0.00259229
5.514	0.00259295
5.5152	0.0025936
5.5164	0.00259426
5.5176	0.00259491
5.5188	0.00259557
5.52	0.00259622
5.5212	0.00259688
5.5224	0.00259753
5.5236	0.00259818
5.5248	0.00259884
5.526	0.00259949
5.5272	0.00260015
5.5284	0.0026008
5.5296	0.00260145
5.5308	0.00260211
5.532	0.00260276
5.5332	0.00260341
5.5344	0.00260407
5.5356	0.00260472
5.5368	0.00260537
5.538	0.00260602
5.5392	0.00260668
5.5404	0.00260733
5.5416	0.00260798
5.5428	0.00260863
5.544	0.00260929
5.5452	0.00260994
5.5464	0.00261059
5.5476	0.00261124
5.5488	0.00261189
5.55	0.00261254
5.5512	0.0026132
5.5524	0.00261385
5.5536	0.0026145
5.5548	0.00261515
5.556	0.0026158
5.5572	0.00261645
5.5584	0.0026171
5.5596	0.00261775
5.5608	0.0026184
5.562	0.00261905
5.5632	0.0026197
5.5644	0.00262035
5.5656	0.002621
5.5668	0.00262165
5.568	0.0026223
5.5692	0.00262295
5.5704	0.0026236
5.5716	0.00262425
5.5728	0.0026249
5.574	0.00262555
5.5752	0.0026262
5.5764	0.00262685
5.5776	0.0026275
5.5788	0.00262815
5.58	0.0026288
5.5812	0.00262944
5.5824	0.00263009
5.5836	0.00263074
5.5848	0.00263139
5.586	0.00263204
5.5872	0.00263269
5.5884	0.00263333
5.5896	0.00263398
5.5908	0.00263463
5.592	0.00263528
5.5932	0.00263592
5.5944	0.00263657
5.5956	0.00263722
5.5968	0.00263787
5.598	0.00263851
5.5992	0.00263916
5.6004	0.00263981
5.6016	0.00264045
5.6028	0.0026411
5.604	0.00264175
5.6052	0.00264239
5.6064	0.00264304
5.6076	0.00264368
5.6088	0.00264433
5.61	0.00264498
5.6112	0.00264562
5.6124	0.00264627
5.6136	0.00264691
5.6148	0.00264756
5.616	0.0026482
5.6172	0.00264885
5.6184	0.00264949
5.6196	0.00265014
5.6208	0.00265078
5.622	0.00265143
5.6232	0.00265207
5.6244	0.00265272
5.6256	0.00265336
5.6268	0.002654
5.628	0.00265465
5.6292	0.00265529
5.6304	0.00265594
5.6316	0.00265658
5.6328	0.00265722
5.634	0.00265787
5.6352	0.00265851
5.6364	0.00265915
5.6376	0.0026598
5.6388	0.00266044
5.64	0.00266108
5.6412	0.00266173
5.6424	0.00266237
5.6436	0.00266301
5.6448	0.00266365
5.646	0.00266429
5.6472	0.00266494
5.6484	0.00266558
5.6496	0.00266622
5.6508	0.00266686
5.652	0.0026675
5.6532	0.00266815
5.6544	0.00266879
5.6556	0.00266943
5.6568	0.00267007
5.658	0.00267071
5.6592	0.00267135
5.6604	0.00267199
5.6616	0.00267263
5.6628	0.00267327
5.664	0.00267391
5.6652	0.00267455
5.6664	0.00267519
5.6676	0.00267583
5.6688	0.00267647
5.67	0.00267711
5.6712	0.00267775
5.6724	0.00267839
5.6736	0.00267903
5.6748	0.00267967
5.676	0.00268031
5.6772	0.00268095
5.6784	0.00268159
5.6796	0.00268223
5.6808	0.00268287
5.682	0.00268351
5.6832	0.00268415
5.6844	0.00268478
5.6856	0.00268542
5.6868	0.00268606
5.688	0.0026867
5.6892	0.00268734
5.6904	0.00268797
5.6916	0.00268861
5.6928	0.00268925
5.694	0.00268989
5.6952	0.00269052
5.6964	0.00269116
5.6976	0.0026918
5.6988	0.00269244
5.7	0.00269307
5.7012	0.00269371
5.7024	0.00269435
5.7036	0.00269498
5.7048	0.00269562
5.706	0.00269625
5.7072	0.00269689
5.7084	0.00269753
5.7096	0.00269816
5.7108	0.0026988
5.712	0.00269943
5.7132	0.00270007
5.7144	0.0027007
5.7156	0.00270134
5.7168	0.00270198
5.718	0.00270261
5.7192	0.00270325
5.7204	0.00270388
5.7216	0.00270451
5.7228	0.00270515
5.724	0.00270578
5.7252	0.00270642
5.7264	0.00270705
5.7276	0.00270769
5.7288	0.00270832
5.73	0.00270895
5.7312	0.00270959
5.7324	0.00271022
5.7336	0.00271085
5.7348	0.00271149
5.736	0.00271212
5.7372	0.00271275
5.7384	0.00271339
5.7396	0.00271402
5.7408	0.00271465
5.742	0.00271528
5.7432	0.00271592
5.7444	0.00271655
5.7456	0.00271718
5.7468	0.00271781
5.748	0.00271845
5.7492	0.00271908
5.7504	0.00271971
5.7516	0.00272034
5.7528	0.00272097
5.754	0.0027216
5.7552	0.00272223
5.7564	0.00272287
5.7576	0.0027235
5.7588	0.00272413
5.76	0.00272476
5.7612	0.00272539
5.7624	0.00272602
5.7636	0.00272665
5.7648	0.00272728
5.766	0.00272791
5.7672	0.00272854
5.7684	0.00272917
5.7696	0.0027298
5.7708	0.00273043
5.772	0.00273106
5.7732	0.00273169
5.7744	0.00273232
5.7756	0.00273295
5.7768	0.00273357
5.778	0.0027342
5.7792	0.00273483
5.7804	0.00273546
5.7816	0.00273609
5.7828	0.00273672
5.784	0.00273735
5.7852	0.00273797
5.7864	0.0027386
5.7876	0.00273923
5.7888	0.00273986
5.79	0.00274048
5.7912	0.00274111
5.7924	0.00274174
5.7936	0.00274237
5.7948	0.00274299
5.796	0.00274362
5.7972	0.00274425
5.7984	0.00274487
5.7996	0.0027455
5.8008	0.00274613
5.802	0.00274675
5.8032	0.00274738
5.8044	0.00274801
5.8056	0.00274863
5.8068	0.00274926
5.808	0.00274988
5.8092	0.00275051
5.8104	0.00275113
5.8116	0.00275176
5.8128	0.00275238
5.814	0.00275301
5.8152	0.00275363
5.8164	0.00275426
5.8176	0.00275488
5.8188	0.00275551
5.82	0.00275613
5.8212	0.00275676
5.8224	0.00275738
5.8236	0.00275801
5.8248	0.00275863
5.826	0.00275925
5.8272	0.00275988
5.8284	0.0027605
5.8296	0.00276112
5.8308	0.00276175
5.832	0.00276237
5.8332	0.00276299
5.8344	0.00276362
5.8356	0.00276424
5.8368	0.00276486
5.838	0.00276548
5.8392	0.00276611
5.8404	0.00276673
5.8416	0.00276735
5.8428	0.00276797
5.844	0.00276859
5.8452	0.00276922
5.8464	0.00276984
5.8476	0.00277046
5.8488	0.00277108
5.85	0.0027717
5.8512	0.00277232
5.8524	0.00277294
5.8536	0.00277356
5.8548	0.00277418
5.856	0.00277481
5.8572	0.00277543
5.8584	0.00277605
5.8596	0.00277667
5.8608	0.00277729
5.862	0.00277791
5.8632	0.00277853
5.8644	0.00277915
5.8656	0.00277977
5.8668	0.00278038
5.868	0.002781
5.8692	0.00278162
5.8704	0.00278224
5.8716	0.00278286
5.8728	0.00278348
5.874	0.0027841
5.8752	0.00278472
5.8764	0.00278534
5.8776	0.00278595
5.8788	0.00278657
5.88	0.00278719
5.8812	0.00278781
5.8824	0.00278843
5.8836	0.00278904
5.8848	0.00278966
5.886	0.00279028
5.8872	0.00279089
5.8884	0.00279151
5.8896	0.00279213
5.8908	0.00279275
5.892	0.00279336
5.8932	0.00279398
5.8944	0.0027946
5.8956	0.00279521
5.8968	0.00279583
5.898	0.00279644
5.8992	0.00279706
5.9004	0.00279768
5.9016	0.00279829
5.9028	0.00279891
5.904	0.00279952
5.9052	0.00280014
5.9064	0.00280075
5.9076	0.00280137
5.9088	0.00280198
5.91	0.0028026
5.9112	0.00280321
5.9124	0.00280383
5.9136	0.00280444
5.9148	0.00280505
5.916	0.00280567
5.9172	0.00280628
5.9184	0.0028069
5.9196	0.00280751
5.9208	0.00280812
5.922	0.00280874
5.9232	0.00280935
5.9244	0.00280996
5.9256	0.00281058
5.9268	0.00281119
5.928	0.0028118
5.9292	0.00281241
5.9304	0.00281303
5.9316	0.00281364
5.9328	0.00281425
5.934	0.00281486
5.9352	0.00281548
5.9364	0.00281609
5.9376	0.0028167
5.9388	0.00281731
5.94	0.00281792
5.9412	0.00281853
5.9424	0.00281914
5.9436	0.00281976
5.9448	0.00282037
5.946	0.00282098
5.9472	0.00282159
5.9484	0.0028222
5.9496	0.00282281
5.9508	0.00282342
5.952	0.00282403
5.9532	0.00282464
5.9544	0.00282525
5.9556	0.00282586
5.9568	0.00282647
5.958	0.00282708
5.9592	0.00282769
5.9604	0.0028283
5.9616	0.0028289
5.9628	0.00282951
5.964	0.00283012
5.9652	0.00283073
5.9664	0.00283134
5.9676	0.00283195
5.9688	0.00283256
5.97	0.00283316
5.9712	0.00283377
5.9724	0.00283438
5.9736	0.00283499
5.9748	0.0028356
5.976	0.0028362
5.9772	0.00283681
5.9784	0.00283742
5.9796	0.00283802
5.9808	0.00283863
5.982	0.00283924
5.9832	0.00283984
5.9844	0.00284045
5.9856	0.00284106
5.9868	0.00284166
5.988	0.00284227
5.9892	0.00284288
5.9904	0.00284348
5.9916	0.00284409
5.9928	0.00284469
5.994	0.0028453
5.9952	0.0028459
5.9964	0.00284651
5.9976	0.00284711
5.9988	0.00284772
6	0.00284832
