0	0.00013611
0.0012	0.00013611
0.0024	0.000136111
0.0036	0.000136112
0.0048	0.000136113
0.006	0.000136115
0.0072	0.000136117
0.0084	0.00013612
0.0096	0.000136123
0.0108	0.000136126
0.012	0.00013613
0.0132	0.000136134
0.0144	0.000136139
0.0156	0.000136144
0.0168	0.000136149
0.018	0.000136155
0.0192	0.000136161
0.0204	0.000136167
0.0216	0.000136174
0.0228	0.000136182
0.024	0.000136189
0.0252	0.000136197
0.0264	0.000136206
0.0276	0.000136215
0.0288	0.000136224
0.03	0.000136234
0.0312	0.000136244
0.0324	0.000136254
0.0336	0.000136265
0.0348	0.000136276
0.036	0.000136288
0.0372	0.0001363
0.0384	0.000136313
0.0396	0.000136325
0.0408	0.000136339
0.042	0.000136352
0.0432	0.000136366
0.0444	0.000136381
0.0456	0.000136396
0.0468	0.000136411
0.048	0.000136426
0.0492	0.000136442
0.0504	0.000136459
0.0516	0.000136476
0.0528	0.000136493
0.054	0.00013651
0.0552	0.000136528
0.0564	0.000136547
0.0576	0.000136565
0.0588	0.000136585
0.06	0.000136604
0.0612	0.000136624
0.0624	0.000136644
0.0636	0.000136665
0.0648	0.000136686
0.066	0.000136708
0.0672	0.00013673
0.0684	0.000136752
0.0696	0.000136775
0.0708	0.000136798
0.072	0.000136821
0.0732	0.000136845
0.0744	0.00013687
0.0756	0.000136894
0.0768	0.000136919
0.078	0.000136945
0.0792	0.000136971
0.0804	0.000136997
0.0816	0.000137024
0.0828	0.000137051
0.084	0.000137078
0.0852	0.000137106
0.0864	0.000137134
0.0876	0.000137163
0.0888	0.000137192
0.09	0.000137221
0.0912	0.000137251
0.0924	0.000137281
0.0936	0.000137312
0.0948	0.000137343
0.096	0.000137374
0.0972	0.000137406
0.0984	0.000137438
0.0996	0.000137471
0.1008	0.000137504
0.102	0.000137537
0.1032	0.000137571
0.1044	0.000137605
0.1056	0.00013764
0.1068	0.000137675
0.108	0.00013771
0.1092	0.000137746
0.1104	0.000137782
0.1116	0.000137818
0.1128	0.000137855
0.114	0.000137893
0.1152	0.00013793
0.1164	0.000137969
0.1176	0.000138007
0.1188	0.000138046
0.12	0.000138085
0.1212	0.000138125
0.1224	0.000138165
0.1236	0.000138205
0.1248	0.000138246
0.126	0.000138288
0.1272	0.000138329
0.1284	0.000138371
0.1296	0.000138414
0.1308	0.000138457
0.132	0.0001385
0.1332	0.000138543
0.1344	0.000138588
0.1356	0.000138632
0.1368	0.000138677
0.138	0.000138722
0.1392	0.000138768
0.1404	0.000138814
0.1416	0.00013886
0.1428	0.000138907
0.144	0.000138954
0.1452	0.000139002
0.1464	0.000139049
0.1476	0.000139098
0.1488	0.000139147
0.15	0.000139196
0.1512	0.000139245
0.1524	0.000139295
0.1536	0.000139346
0.1548	0.000139396
0.156	0.000139447
0.1572	0.000139499
0.1584	0.000139551
0.1596	0.000139603
0.1608	0.000139656
0.162	0.000139709
0.1632	0.000139763
0.1644	0.000139816
0.1656	0.000139871
0.1668	0.000139925
0.168	0.00013998
0.1692	0.000140036
0.1704	0.000140092
0.1716	0.000140148
0.1728	0.000140205
0.174	0.000140262
0.1752	0.000140319
0.1764	0.000140377
0.1776	0.000140435
0.1788	0.000140494
0.18	0.000140553
0.1812	0.000140612
0.1824	0.000140672
0.1836	0.000140732
0.1848	0.000140793
0.186	0.000140854
0.1872	0.000140915
0.1884	0.000140977
0.1896	0.000141039
0.1908	0.000141102
0.192	0.000141165
0.1932	0.000141228
0.1944	0.000141292
0.1956	0.000141356
0.1968	0.00014142
0.198	0.000141485
0.1992	0.000141551
0.2004	0.000141616
0.2016	0.000141682
0.2028	0.000141749
0.204	0.000141816
0.2052	0.000141883
0.2064	0.000141951
0.2076	0.000142019
0.2088	0.000142087
0.21	0.000142156
0.2112	0.000142225
0.2124	0.000142295
0.2136	0.000142365
0.2148	0.000142435
0.216	0.000142506
0.2172	0.000142577
0.2184	0.000142649
0.2196	0.000142721
0.2208	0.000142793
0.222	0.000142866
0.2232	0.000142939
0.2244	0.000143013
0.2256	0.000143087
0.2268	0.000143161
0.228	0.000143236
0.2292	0.000143311
0.2304	0.000143387
0.2316	0.000143463
0.2328	0.000143539
0.234	0.000143616
0.2352	0.000143693
0.2364	0.00014377
0.2376	0.000143848
0.2388	0.000143927
0.24	0.000144005
0.2412	0.000144084
0.2424	0.000144164
0.2436	0.000144244
0.2448	0.000144324
0.246	0.000144405
0.2472	0.000144486
0.2484	0.000144567
0.2496	0.000144649
0.2508	0.000144731
0.252	0.000144814
0.2532	0.000144897
0.2544	0.00014498
0.2556	0.000145064
0.2568	0.000145148
0.258	0.000145233
0.2592	0.000145318
0.2604	0.000145403
0.2616	0.000145489
0.2628	0.000145575
0.264	0.000145662
0.2652	0.000145749
0.2664	0.000145836
0.2676	0.000145924
0.2688	0.000146012
0.27	0.0001461
0.2712	0.000146189
0.2724	0.000146279
0.2736	0.000146368
0.2748	0.000146458
0.276	0.000146549
0.2772	0.00014664
0.2784	0.000146731
0.2796	0.000146823
0.2808	0.000146915
0.282	0.000147007
0.2832	0.0001471
0.2844	0.000147193
0.2856	0.000147287
0.2868	0.000147381
0.288	0.000147475
0.2892	0.00014757
0.2904	0.000147665
0.2916	0.000147761
0.2928	0.000147857
0.294	0.000147953
0.2952	0.00014805
0.2964	0.000148147
0.2976	0.000148244
0.2988	0.000148342
0.3	0.000148441
0.3012	0.000148539
0.3024	0.000148639
0.3036	0.000148738
0.3048	0.000148838
0.306	0.000148938
0.3072	0.000149039
0.3084	0.00014914
0.3096	0.000149241
0.3108	0.000149343
0.312	0.000149446
0.3132	0.000149548
0.3144	0.000149651
0.3156	0.000149755
0.3168	0.000149858
0.318	0.000149963
0.3192	0.000150067
0.3204	0.000150172
0.3216	0.000150278
0.3228	0.000150383
0.324	0.00015049
0.3252	0.000150596
0.3264	0.000150703
0.3276	0.00015081
0.3288	0.000150918
0.33	0.000151026
0.3312	0.000151135
0.3324	0.000151244
0.3336	0.000151353
0.3348	0.000151463
0.336	0.000151573
0.3372	0.000151683
0.3384	0.000151794
0.3396	0.000151905
0.3408	0.000152017
0.342	0.000152129
0.3432	0.000152241
0.3444	0.000152354
0.3456	0.000152467
0.3468	0.000152581
0.348	0.000152695
0.3492	0.000152809
0.3504	0.000152924
0.3516	0.000153039
0.3528	0.000153155
0.354	0.000153271
0.3552	0.000153387
0.3564	0.000153504
0.3576	0.000153621
0.3588	0.000153738
0.36	0.000153856
0.3612	0.000153975
0.3624	0.000154093
0.3636	0.000154212
0.3648	0.000154332
0.366	0.000154452
0.3672	0.000154572
0.3684	0.000154693
0.3696	0.000154814
0.3708	0.000154935
0.372	0.000155057
0.3732	0.000155179
0.3744	0.000155302
0.3756	0.000155425
0.3768	0.000155548
0.378	0.000155672
0.3792	0.000155796
0.3804	0.00015592
0.3816	0.000156045
0.3828	0.000156171
0.384	0.000156296
0.3852	0.000156423
0.3864	0.000156549
0.3876	0.000156676
0.3888	0.000156803
0.39	0.000156931
0.3912	0.000157059
0.3924	0.000157187
0.3936	0.000157316
0.3948	0.000157445
0.396	0.000157575
0.3972	0.000157705
0.3984	0.000157835
0.3996	0.000157966
0.4008	0.000158097
0.402	0.000158229
0.4032	0.000158361
0.4044	0.000158493
0.4056	0.000158626
0.4068	0.000158759
0.408	0.000158893
0.4092	0.000159026
0.4104	0.000159161
0.4116	0.000159295
0.4128	0.00015943
0.414	0.000159566
0.4152	0.000159702
0.4164	0.000159838
0.4176	0.000159975
0.4188	0.000160112
0.42	0.000160249
0.4212	0.000160387
0.4224	0.000160525
0.4236	0.000160664
0.4248	0.000160803
0.426	0.000160942
0.4272	0.000161082
0.4284	0.000161222
0.4296	0.000161362
0.4308	0.000161503
0.432	0.000161644
0.4332	0.000161786
0.4344	0.000161928
0.4356	0.000162071
0.4368	0.000162214
0.438	0.000162357
0.4392	0.0001625
0.4404	0.000162644
0.4416	0.000162789
0.4428	0.000162934
0.444	0.000163079
0.4452	0.000163224
0.4464	0.00016337
0.4476	0.000163517
0.4488	0.000163663
0.45	0.000163811
0.4512	0.000163958
0.4524	0.000164106
0.4536	0.000164254
0.4548	0.000164403
0.456	0.000164552
0.4572	0.000164701
0.4584	0.000164851
0.4596	0.000165002
0.4608	0.000165152
0.462	0.000165303
0.4632	0.000165455
0.4644	0.000165606
0.4656	0.000165759
0.4668	0.000165911
0.468	0.000166064
0.4692	0.000166217
0.4704	0.000166371
0.4716	0.000166525
0.4728	0.00016668
0.474	0.000166835
0.4752	0.00016699
0.4764	0.000167146
0.4776	0.000167302
0.4788	0.000167458
0.48	0.000167615
0.4812	0.000167772
0.4824	0.00016793
0.4836	0.000168088
0.4848	0.000168246
0.486	0.000168405
0.4872	0.000168564
0.4884	0.000168723
0.4896	0.000168883
0.4908	0.000169044
0.492	0.000169204
0.4932	0.000169365
0.4944	0.000169527
0.4956	0.000169689
0.4968	0.000169851
0.498	0.000170014
0.4992	0.000170177
0.5004	0.00017034
0.5016	0.000170504
0.5028	0.000170668
0.504	0.000170833
0.5052	0.000170998
0.5064	0.000171163
0.5076	0.000171329
0.5088	0.000171495
0.51	0.000171661
0.5112	0.000171828
0.5124	0.000171995
0.5136	0.000172163
0.5148	0.000172331
0.516	0.0001725
0.5172	0.000172668
0.5184	0.000172838
0.5196	0.000173007
0.5208	0.000173177
0.522	0.000173348
0.5232	0.000173518
0.5244	0.000173689
0.5256	0.000173861
0.5268	0.000174033
0.528	0.000174205
0.5292	0.000174378
0.5304	0.000174551
0.5316	0.000174724
0.5328	0.000174898
0.534	0.000175072
0.5352	0.000175247
0.5364	0.000175422
0.5376	0.000175597
0.5388	0.000175773
0.54	0.000175949
0.5412	0.000176126
0.5424	0.000176303
0.5436	0.00017648
0.5448	0.000176658
0.546	0.000176836
0.5472	0.000177014
0.5484	0.000177193
0.5496	0.000177372
0.5508	0.000177552
0.552	0.000177732
0.5532	0.000177913
0.5544	0.000178093
0.5556	0.000178274
0.5568	0.000178456
0.558	0.000178638
0.5592	0.00017882
0.5604	0.000179003
0.5616	0.000179186
0.5628	0.00017937
0.564	0.000179553
0.5652	0.000179738
0.5664	0.000179922
0.5676	0.000180107
0.5688	0.000180293
0.57	0.000180478
0.5712	0.000180665
0.5724	0.000180851
0.5736	0.000181038
0.5748	0.000181225
0.576	0.000181413
0.5772	0.000181601
0.5784	0.00018179
0.5796	0.000181978
0.5808	0.000182168
0.582	0.000182357
0.5832	0.000182547
0.5844	0.000182738
0.5856	0.000182929
0.5868	0.00018312
0.588	0.000183311
0.5892	0.000183503
0.5904	0.000183695
0.5916	0.000183888
0.5928	0.000184081
0.594	0.000184275
0.5952	0.000184469
0.5964	0.000184663
0.5976	0.000184857
0.5988	0.000185052
0.6	0.000185248
0.6012	0.000185443
0.6024	0.00018564
0.6036	0.000185836
0.6048	0.000186033
0.606	0.00018623
0.6072	0.000186428
0.6084	0.000186626
0.6096	0.000186825
0.6108	0.000187023
0.612	0.000187223
0.6132	0.000187422
0.6144	0.000187622
0.6156	0.000187822
0.6168	0.000188023
0.618	0.000188224
0.6192	0.000188426
0.6204	0.000188628
0.6216	0.00018883
0.6228	0.000189033
0.624	0.000189236
0.6252	0.000189439
0.6264	0.000189643
0.6276	0.000189847
0.6288	0.000190052
0.63	0.000190257
0.6312	0.000190462
0.6324	0.000190668
0.6336	0.000190874
0.6348	0.00019108
0.636	0.000191287
0.6372	0.000191494
0.6384	0.000191702
0.6396	0.00019191
0.6408	0.000192118
0.642	0.000192327
0.6432	0.000192536
0.6444	0.000192746
0.6456	0.000192956
0.6468	0.000193166
0.648	0.000193377
0.6492	0.000193588
0.6504	0.000193799
0.6516	0.000194011
0.6528	0.000194223
0.654	0.000194436
0.6552	0.000194649
0.6564	0.000194862
0.6576	0.000195076
0.6588	0.00019529
0.66	0.000195504
0.6612	0.000195719
0.6624	0.000195934
0.6636	0.00019615
0.6648	0.000196366
0.666	0.000196582
0.6672	0.000196799
0.6684	0.000197016
0.6696	0.000197234
0.6708	0.000197452
0.672	0.00019767
0.6732	0.000197889
0.6744	0.000198108
0.6756	0.000198327
0.6768	0.000198547
0.678	0.000198767
0.6792	0.000198988
0.6804	0.000199209
0.6816	0.00019943
0.6828	0.000199652
0.684	0.000199874
0.6852	0.000200096
0.6864	0.000200319
0.6876	0.000200542
0.6888	0.000200766
0.69	0.00020099
0.6912	0.000201214
0.6924	0.000201439
0.6936	0.000201664
0.6948	0.00020189
0.696	0.000202116
0.6972	0.000202342
0.6984	0.000202569
0.6996	0.000202796
0.7008	0.000203023
0.702	0.000203251
0.7032	0.000203479
0.7044	0.000203708
0.7056	0.000203936
0.7068	0.000204166
0.708	0.000204395
0.7092	0.000204625
0.7104	0.000204856
0.7116	0.000205087
0.7128	0.000205318
0.714	0.000205549
0.7152	0.000205781
0.7164	0.000206014
0.7176	0.000206246
0.7188	0.00020648
0.72	0.000206713
0.7212	0.000206947
0.7224	0.000207181
0.7236	0.000207416
0.7248	0.000207651
0.726	0.000207886
0.7272	0.000208122
0.7284	0.000208358
0.7296	0.000208594
0.7308	0.000208831
0.732	0.000209068
0.7332	0.000209306
0.7344	0.000209544
0.7356	0.000209782
0.7368	0.000210021
0.738	0.00021026
0.7392	0.0002105
0.7404	0.00021074
0.7416	0.00021098
0.7428	0.000211221
0.744	0.000211462
0.7452	0.000211703
0.7464	0.000211945
0.7476	0.000212187
0.7488	0.000212429
0.75	0.000212672
0.7512	0.000212916
0.7524	0.000213159
0.7536	0.000213403
0.7548	0.000213648
0.756	0.000213893
0.7572	0.000214138
0.7584	0.000214383
0.7596	0.000214629
0.7608	0.000214875
0.762	0.000215122
0.7632	0.000215369
0.7644	0.000215617
0.7656	0.000215864
0.7668	0.000216113
0.768	0.000216361
0.7692	0.00021661
0.7704	0.000216859
0.7716	0.000217109
0.7728	0.000217359
0.774	0.000217609
0.7752	0.00021786
0.7764	0.000218111
0.7776	0.000218363
0.7788	0.000218615
0.78	0.000218867
0.7812	0.00021912
0.7824	0.000219373
0.7836	0.000219626
0.7848	0.00021988
0.786	0.000220134
0.7872	0.000220389
0.7884	0.000220644
0.7896	0.000220899
0.7908	0.000221155
0.792	0.000221411
0.7932	0.000221667
0.7944	0.000221924
0.7956	0.000222181
0.7968	0.000222439
0.798	0.000222697
0.7992	0.000222955
0.8004	0.000223214
0.8016	0.000223473
0.8028	0.000223732
0.804	0.000223992
0.8052	0.000224252
0.8064	0.000224513
0.8076	0.000224774
0.8088	0.000225035
0.81	0.000225297
0.8112	0.000225559
0.8124	0.000225821
0.8136	0.000226084
0.8148	0.000226347
0.816	0.000226611
0.8172	0.000226874
0.8184	0.000227139
0.8196	0.000227403
0.8208	0.000227668
0.822	0.000227934
0.8232	0.0002282
0.8244	0.000228466
0.8256	0.000228732
0.8268	0.000228999
0.828	0.000229266
0.8292	0.000229534
0.8304	0.000229802
0.8316	0.00023007
0.8328	0.000230339
0.834	0.000230608
0.8352	0.000230878
0.8364	0.000231148
0.8376	0.000231418
0.8388	0.000231689
0.84	0.00023196
0.8412	0.000232231
0.8424	0.000232503
0.8436	0.000232775
0.8448	0.000233047
0.846	0.00023332
0.8472	0.000233593
0.8484	0.000233867
0.8496	0.000234141
0.8508	0.000234415
0.852	0.00023469
0.8532	0.000234965
0.8544	0.000235241
0.8556	0.000235516
0.8568	0.000235793
0.858	0.000236069
0.8592	0.000236346
0.8604	0.000236623
0.8616	0.000236901
0.8628	0.000237179
0.864	0.000237458
0.8652	0.000237736
0.8664	0.000238016
0.8676	0.000238295
0.8688	0.000238575
0.87	0.000238855
0.8712	0.000239136
0.8724	0.000239417
0.8736	0.000239698
0.8748	0.00023998
0.876	0.000240262
0.8772	0.000240545
0.8784	0.000240828
0.8796	0.000241111
0.8808	0.000241394
0.882	0.000241678
0.8832	0.000241963
0.8844	0.000242248
0.8856	0.000242533
0.8868	0.000242818
0.888	0.000243104
0.8892	0.00024339
0.8904	0.000243677
0.8916	0.000243964
0.8928	0.000244251
0.894	0.000244539
0.8952	0.000244827
0.8964	0.000245115
0.8976	0.000245404
0.8988	0.000245693
0.9	0.000245983
0.9012	0.000246272
0.9024	0.000246563
0.9036	0.000246853
0.9048	0.000247144
0.906	0.000247436
0.9072	0.000247727
0.9084	0.00024802
0.9096	0.000248312
0.9108	0.000248605
0.912	0.000248898
0.9132	0.000249192
0.9144	0.000249486
0.9156	0.00024978
0.9168	0.000250075
0.918	0.00025037
0.9192	0.000250665
0.9204	0.000250961
0.9216	0.000251257
0.9228	0.000251554
0.924	0.00025185
0.9252	0.000252148
0.9264	0.000252445
0.9276	0.000252743
0.9288	0.000253042
0.93	0.00025334
0.9312	0.000253639
0.9324	0.000253939
0.9336	0.000254239
0.9348	0.000254539
0.936	0.00025484
0.9372	0.00025514
0.9384	0.000255442
0.9396	0.000255743
0.9408	0.000256045
0.942	0.000256348
0.9432	0.000256651
0.9444	0.000256954
0.9456	0.000257257
0.9468	0.000257561
0.948	0.000257865
0.9492	0.00025817
0.9504	0.000258475
0.9516	0.00025878
0.9528	0.000259086
0.954	0.000259392
0.9552	0.000259698
0.9564	0.000260005
0.9576	0.000260312
0.9588	0.00026062
0.96	0.000260928
0.9612	0.000261236
0.9624	0.000261545
0.9636	0.000261854
0.9648	0.000262163
0.966	0.000262473
0.9672	0.000262783
0.9684	0.000263093
0.9696	0.000263404
0.9708	0.000263715
0.972	0.000264027
0.9732	0.000264338
0.9744	0.000264651
0.9756	0.000264963
0.9768	0.000265276
0.978	0.00026559
0.9792	0.000265903
0.9804	0.000266218
0.9816	0.000266532
0.9828	0.000266847
0.984	0.000267162
0.9852	0.000267478
0.9864	0.000267793
0.9876	0.00026811
0.9888	0.000268426
0.99	0.000268743
0.9912	0.000269061
0.9924	0.000269378
0.9936	0.000269696
0.9948	0.000270015
0.996	0.000270334
0.9972	0.000270653
0.9984	0.000270972
0.9996	0.000271292
1.0008	0.000271613
1.002	0.000271933
1.0032	0.000272254
1.0044	0.000272576
1.0056	0.000272897
1.0068	0.000273219
1.008	0.000273542
1.0092	0.000273865
1.0104	0.000274188
1.0116	0.000274511
1.0128	0.000274835
1.014	0.000275159
1.0152	0.000275484
1.0164	0.000275809
1.0176	0.000276134
1.0188	0.00027646
1.02	0.000276786
1.0212	0.000277113
1.0224	0.000277439
1.0236	0.000277767
1.0248	0.000278094
1.026	0.000278422
1.0272	0.00027875
1.0284	0.000279079
1.0296	0.000279408
1.0308	0.000279737
1.032	0.000280067
1.0332	0.000280397
1.0344	0.000280727
1.0356	0.000281058
1.0368	0.000281389
1.038	0.00028172
1.0392	0.000282052
1.0404	0.000282384
1.0416	0.000282717
1.0428	0.00028305
1.044	0.000283383
1.0452	0.000283717
1.0464	0.000284051
1.0476	0.000284385
1.0488	0.00028472
1.05	0.000285055
1.0512	0.00028539
1.0524	0.000285726
1.0536	0.000286062
1.0548	0.000286399
1.056	0.000286736
1.0572	0.000287073
1.0584	0.000287411
1.0596	0.000287749
1.0608	0.000288087
1.062	0.000288426
1.0632	0.000288765
1.0644	0.000289104
1.0656	0.000289444
1.0668	0.000289784
1.068	0.000290124
1.0692	0.000290465
1.0704	0.000290806
1.0716	0.000291148
1.0728	0.00029149
1.074	0.000291832
1.0752	0.000292175
1.0764	0.000292518
1.0776	0.000292861
1.0788	0.000293205
1.08	0.000293549
1.0812	0.000293893
1.0824	0.000294238
1.0836	0.000294583
1.0848	0.000294928
1.086	0.000295274
1.0872	0.00029562
1.0884	0.000295967
1.0896	0.000296314
1.0908	0.000296661
1.092	0.000297009
1.0932	0.000297357
1.0944	0.000297705
1.0956	0.000298054
1.0968	0.000298403
1.098	0.000298752
1.0992	0.000299102
1.1004	0.000299452
1.1016	0.000299803
1.1028	0.000300153
1.104	0.000300505
1.1052	0.000300856
1.1064	0.000301208
1.1076	0.00030156
1.1088	0.000301913
1.11	0.000302266
1.1112	0.000302619
1.1124	0.000302973
1.1136	0.000303327
1.1148	0.000303681
1.116	0.000304036
1.1172	0.000304391
1.1184	0.000304747
1.1196	0.000305102
1.1208	0.000305459
1.122	0.000305815
1.1232	0.000306172
1.1244	0.000306529
1.1256	0.000306887
1.1268	0.000307245
1.128	0.000307603
1.1292	0.000307962
1.1304	0.000308321
1.1316	0.00030868
1.1328	0.00030904
1.134	0.0003094
1.1352	0.00030976
1.1364	0.000310121
1.1376	0.000310482
1.1388	0.000310844
1.14	0.000311205
1.1412	0.000311568
1.1424	0.00031193
1.1436	0.000312293
1.1448	0.000312656
1.146	0.00031302
1.1472	0.000313384
1.1484	0.000313748
1.1496	0.000314113
1.1508	0.000314478
1.152	0.000314843
1.1532	0.000315209
1.1544	0.000315575
1.1556	0.000315941
1.1568	0.000316308
1.158	0.000316675
1.1592	0.000317043
1.1604	0.000317411
1.1616	0.000317779
1.1628	0.000318147
1.164	0.000318516
1.1652	0.000318885
1.1664	0.000319255
1.1676	0.000319625
1.1688	0.000319995
1.17	0.000320366
1.1712	0.000320737
1.1724	0.000321108
1.1736	0.00032148
1.1748	0.000321852
1.176	0.000322224
1.1772	0.000322597
1.1784	0.00032297
1.1796	0.000323344
1.1808	0.000323717
1.182	0.000324092
1.1832	0.000324466
1.1844	0.000324841
1.1856	0.000325216
1.1868	0.000325592
1.188	0.000325968
1.1892	0.000326344
1.1904	0.00032672
1.1916	0.000327097
1.1928	0.000327475
1.194	0.000327852
1.1952	0.00032823
1.1964	0.000328609
1.1976	0.000328987
1.1988	0.000329367
1.2	0.000329746
1.2012	0.000330126
1.2024	0.000330506
1.2036	0.000330886
1.2048	0.000331267
1.206	0.000331648
1.2072	0.00033203
1.2084	0.000332411
1.2096	0.000332794
1.2108	0.000333176
1.212	0.000333559
1.2132	0.000333942
1.2144	0.000334326
1.2156	0.00033471
1.2168	0.000335094
1.218	0.000335479
1.2192	0.000335864
1.2204	0.000336249
1.2216	0.000336635
1.2228	0.000337021
1.224	0.000337407
1.2252	0.000337794
1.2264	0.000338181
1.2276	0.000338568
1.2288	0.000338956
1.23	0.000339344
1.2312	0.000339733
1.2324	0.000340121
1.2336	0.000340511
1.2348	0.0003409
1.236	0.00034129
1.2372	0.00034168
1.2384	0.000342071
1.2396	0.000342462
1.2408	0.000342853
1.242	0.000343244
1.2432	0.000343636
1.2444	0.000344029
1.2456	0.000344421
1.2468	0.000344814
1.248	0.000345207
1.2492	0.000345601
1.2504	0.000345995
1.2516	0.000346389
1.2528	0.000346784
1.254	0.000347179
1.2552	0.000347574
1.2564	0.00034797
1.2576	0.000348366
1.2588	0.000348763
1.26	0.000349159
1.2612	0.000349557
1.2624	0.000349954
1.2636	0.000350352
1.2648	0.00035075
1.266	0.000351148
1.2672	0.000351547
1.2684	0.000351946
1.2696	0.000352346
1.2708	0.000352746
1.272	0.000353146
1.2732	0.000353546
1.2744	0.000353947
1.2756	0.000354349
1.2768	0.00035475
1.278	0.000355152
1.2792	0.000355554
1.2804	0.000355957
1.2816	0.00035636
1.2828	0.000356763
1.284	0.000357167
1.2852	0.000357571
1.2864	0.000357975
1.2876	0.00035838
1.2888	0.000358785
1.29	0.00035919
1.2912	0.000359596
1.2924	0.000360002
1.2936	0.000360408
1.2948	0.000360815
1.296	0.000361222
1.2972	0.000361629
1.2984	0.000362037
1.2996	0.000362445
1.3008	0.000362854
1.302	0.000363262
1.3032	0.000363671
1.3044	0.000364081
1.3056	0.000364491
1.3068	0.000364901
1.308	0.000365311
1.3092	0.000365722
1.3104	0.000366133
1.3116	0.000366545
1.3128	0.000366956
1.314	0.000367369
1.3152	0.000367781
1.3164	0.000368194
1.3176	0.000368607
1.3188	0.000369021
1.32	0.000369435
1.3212	0.000369849
1.3224	0.000370263
1.3236	0.000370678
1.3248	0.000371094
1.326	0.000371509
1.3272	0.000371925
1.3284	0.000372341
1.3296	0.000372758
1.3308	0.000373175
1.332	0.000373592
1.3332	0.00037401
1.3344	0.000374428
1.3356	0.000374846
1.3368	0.000375264
1.338	0.000375683
1.3392	0.000376103
1.3404	0.000376522
1.3416	0.000376942
1.3428	0.000377363
1.344	0.000377783
1.3452	0.000378204
1.3464	0.000378626
1.3476	0.000379047
1.3488	0.000379469
1.35	0.000379892
1.3512	0.000380314
1.3524	0.000380737
1.3536	0.000381161
1.3548	0.000381584
1.356	0.000382008
1.3572	0.000382433
1.3584	0.000382858
1.3596	0.000383283
1.3608	0.000383708
1.362	0.000384134
1.3632	0.00038456
1.3644	0.000384986
1.3656	0.000385413
1.3668	0.00038584
1.368	0.000386267
1.3692	0.000386695
1.3704	0.000387123
1.3716	0.000387551
1.3728	0.00038798
1.374	0.000388409
1.3752	0.000388839
1.3764	0.000389268
1.3776	0.000389699
1.3788	0.000390129
1.38	0.00039056
1.3812	0.000390991
1.3824	0.000391422
1.3836	0.000391854
1.3848	0.000392286
1.386	0.000392718
1.3872	0.000393151
1.3884	0.000393584
1.3896	0.000394018
1.3908	0.000394452
1.392	0.000394886
1.3932	0.00039532
1.3944	0.000395755
1.3956	0.00039619
1.3968	0.000396625
1.398	0.000397061
1.3992	0.000397497
1.4004	0.000397934
1.4016	0.00039837
1.4028	0.000398808
1.404	0.000399245
1.4052	0.000399683
1.4064	0.000400121
1.4076	0.000400559
1.4088	0.000400998
1.41	0.000401437
1.4112	0.000401877
1.4124	0.000402316
1.4136	0.000402756
1.4148	0.000403197
1.416	0.000403638
1.4172	0.000404079
1.4184	0.00040452
1.4196	0.000404962
1.4208	0.000405404
1.422	0.000405846
1.4232	0.000406289
1.4244	0.000406732
1.4256	0.000407176
1.4268	0.000407619
1.428	0.000408063
1.4292	0.000408508
1.4304	0.000408953
1.4316	0.000409398
1.4328	0.000409843
1.434	0.000410289
1.4352	0.000410735
1.4364	0.000411181
1.4376	0.000411628
1.4388	0.000412075
1.44	0.000412522
1.4412	0.00041297
1.4424	0.000413418
1.4436	0.000413866
1.4448	0.000414315
1.446	0.000414764
1.4472	0.000415214
1.4484	0.000415663
1.4496	0.000416113
1.4508	0.000416564
1.452	0.000417014
1.4532	0.000417465
1.4544	0.000417917
1.4556	0.000418368
1.4568	0.00041882
1.458	0.000419273
1.4592	0.000419725
1.4604	0.000420178
1.4616	0.000420632
1.4628	0.000421085
1.464	0.000421539
1.4652	0.000421993
1.4664	0.000422448
1.4676	0.000422903
1.4688	0.000423358
1.47	0.000423814
1.4712	0.00042427
1.4724	0.000424726
1.4736	0.000425183
1.4748	0.00042564
1.476	0.000426097
1.4772	0.000426554
1.4784	0.000427012
1.4796	0.00042747
1.4808	0.000427929
1.482	0.000428388
1.4832	0.000428847
1.4844	0.000429307
1.4856	0.000429766
1.4868	0.000430227
1.488	0.000430687
1.4892	0.000431148
1.4904	0.000431609
1.4916	0.000432071
1.4928	0.000432532
1.494	0.000432995
1.4952	0.000433457
1.4964	0.00043392
1.4976	0.000434383
1.4988	0.000434846
1.5	0.00043531
1.5012	0.000435774
1.5024	0.000436238
1.5036	0.000436703
1.5048	0.000437168
1.506	0.000437634
1.5072	0.000438099
1.5084	0.000438565
1.5096	0.000439032
1.5108	0.000439498
1.512	0.000439965
1.5132	0.000440433
1.5144	0.0004409
1.5156	0.000441368
1.5168	0.000441837
1.518	0.000442305
1.5192	0.000442774
1.5204	0.000443243
1.5216	0.000443713
1.5228	0.000444183
1.524	0.000444653
1.5252	0.000445124
1.5264	0.000445595
1.5276	0.000446066
1.5288	0.000446537
1.53	0.000447009
1.5312	0.000447481
1.5324	0.000447954
1.5336	0.000448427
1.5348	0.0004489
1.536	0.000449373
1.5372	0.000449847
1.5384	0.000450321
1.5396	0.000450795
1.5408	0.00045127
1.542	0.000451745
1.5432	0.000452221
1.5444	0.000452696
1.5456	0.000453172
1.5468	0.000453649
1.548	0.000454125
1.5492	0.000454602
1.5504	0.00045508
1.5516	0.000455557
1.5528	0.000456035
1.554	0.000456513
1.5552	0.000456992
1.5564	0.000457471
1.5576	0.00045795
1.5588	0.00045843
1.56	0.000458909
1.5612	0.00045939
1.5624	0.00045987
1.5636	0.000460351
1.5648	0.000460832
1.566	0.000461314
1.5672	0.000461795
1.5684	0.000462277
1.5696	0.00046276
1.5708	0.000463243
1.572	0.000463726
1.5732	0.000464209
1.5744	0.000464693
1.5756	0.000465177
1.5768	0.000465661
1.578	0.000466146
1.5792	0.000466631
1.5804	0.000467116
1.5816	0.000467601
1.5828	0.000468087
1.584	0.000468574
1.5852	0.00046906
1.5864	0.000469547
1.5876	0.000470034
1.5888	0.000470522
1.59	0.000471009
1.5912	0.000471498
1.5924	0.000471986
1.5936	0.000472475
1.5948	0.000472964
1.596	0.000473453
1.5972	0.000473943
1.5984	0.000474433
1.5996	0.000474923
1.6008	0.000475414
1.602	0.000475905
1.6032	0.000476396
1.6044	0.000476888
1.6056	0.00047738
1.6068	0.000477872
1.608	0.000478364
1.6092	0.000478857
1.6104	0.00047935
1.6116	0.000479844
1.6128	0.000480338
1.614	0.000480832
1.6152	0.000481326
1.6164	0.000481821
1.6176	0.000482316
1.6188	0.000482812
1.62	0.000483307
1.6212	0.000483803
1.6224	0.0004843
1.6236	0.000484796
1.6248	0.000485293
1.626	0.00048579
1.6272	0.000486288
1.6284	0.000486786
1.6296	0.000487284
1.6308	0.000487782
1.632	0.000488281
1.6332	0.00048878
1.6344	0.00048928
1.6356	0.00048978
1.6368	0.00049028
1.638	0.00049078
1.6392	0.000491281
1.6404	0.000491782
1.6416	0.000492283
1.6428	0.000492785
1.644	0.000493287
1.6452	0.000493789
1.6464	0.000494292
1.6476	0.000494794
1.6488	0.000495298
1.65	0.000495801
1.6512	0.000496305
1.6524	0.000496809
1.6536	0.000497313
1.6548	0.000497818
1.656	0.000498323
1.6572	0.000498829
1.6584	0.000499334
1.6596	0.00049984
1.6608	0.000500347
1.662	0.000500853
1.6632	0.00050136
1.6644	0.000501867
1.6656	0.000502375
1.6668	0.000502883
1.668	0.000503391
1.6692	0.000503899
1.6704	0.000504408
1.6716	0.000504917
1.6728	0.000505426
1.674	0.000505936
1.6752	0.000506446
1.6764	0.000506956
1.6776	0.000507467
1.6788	0.000507978
1.68	0.000508489
1.6812	0.000509001
1.6824	0.000509513
1.6836	0.000510025
1.6848	0.000510537
1.686	0.00051105
1.6872	0.000511563
1.6884	0.000512077
1.6896	0.00051259
1.6908	0.000513104
1.692	0.000513619
1.6932	0.000514133
1.6944	0.000514648
1.6956	0.000515163
1.6968	0.000515679
1.698	0.000516195
1.6992	0.000516711
1.7004	0.000517227
1.7016	0.000517744
1.7028	0.000518261
1.704	0.000518778
1.7052	0.000519296
1.7064	0.000519814
1.7076	0.000520332
1.7088	0.000520851
1.71	0.00052137
1.7112	0.000521889
1.7124	0.000522409
1.7136	0.000522928
1.7148	0.000523449
1.716	0.000523969
1.7172	0.00052449
1.7184	0.000525011
1.7196	0.000525532
1.7208	0.000526054
1.722	0.000526576
1.7232	0.000527098
1.7244	0.00052762
1.7256	0.000528143
1.7268	0.000528667
1.728	0.00052919
1.7292	0.000529714
1.7304	0.000530238
1.7316	0.000530762
1.7328	0.000531287
1.734	0.000531812
1.7352	0.000532337
1.7364	0.000532863
1.7376	0.000533389
1.7388	0.000533915
1.74	0.000534441
1.7412	0.000534968
1.7424	0.000535495
1.7436	0.000536023
1.7448	0.00053655
1.746	0.000537078
1.7472	0.000537607
1.7484	0.000538135
1.7496	0.000538664
1.7508	0.000539193
1.752	0.000539723
1.7532	0.000540253
1.7544	0.000540783
1.7556	0.000541313
1.7568	0.000541844
1.758	0.000542375
1.7592	0.000542906
1.7604	0.000543438
1.7616	0.00054397
1.7628	0.000544502
1.764	0.000545034
1.7652	0.000545567
1.7664	0.0005461
1.7676	0.000546634
1.7688	0.000547167
1.77	0.000547701
1.7712	0.000548236
1.7724	0.00054877
1.7736	0.000549305
1.7748	0.00054984
1.776	0.000550376
1.7772	0.000550912
1.7784	0.000551448
1.7796	0.000551984
1.7808	0.000552521
1.782	0.000553058
1.7832	0.000553595
1.7844	0.000554133
1.7856	0.000554671
1.7868	0.000555209
1.788	0.000555747
1.7892	0.000556286
1.7904	0.000556825
1.7916	0.000557365
1.7928	0.000557904
1.794	0.000558444
1.7952	0.000558985
1.7964	0.000559525
1.7976	0.000560066
1.7988	0.000560607
1.8	0.000561149
1.8012	0.00056169
1.8024	0.000562232
1.8036	0.000562775
1.8048	0.000563317
1.806	0.00056386
1.8072	0.000564403
1.8084	0.000564947
1.8096	0.000565491
1.8108	0.000566035
1.812	0.000566579
1.8132	0.000567124
1.8144	0.000567669
1.8156	0.000568214
1.8168	0.00056876
1.818	0.000569306
1.8192	0.000569852
1.8204	0.000570398
1.8216	0.000570945
1.8228	0.000571492
1.824	0.00057204
1.8252	0.000572587
1.8264	0.000573135
1.8276	0.000573683
1.8288	0.000574232
1.83	0.000574781
1.8312	0.00057533
1.8324	0.000575879
1.8336	0.000576429
1.8348	0.000576979
1.836	0.000577529
1.8372	0.00057808
1.8384	0.000578631
1.8396	0.000579182
1.8408	0.000579733
1.842	0.000580285
1.8432	0.000580837
1.8444	0.000581389
1.8456	0.000581942
1.8468	0.000582495
1.848	0.000583048
1.8492	0.000583601
1.8504	0.000584155
1.8516	0.000584709
1.8528	0.000585264
1.854	0.000585818
1.8552	0.000586373
1.8564	0.000586929
1.8576	0.000587484
1.8588	0.00058804
1.86	0.000588596
1.8612	0.000589152
1.8624	0.000589709
1.8636	0.000590266
1.8648	0.000590823
1.866	0.000591381
1.8672	0.000591939
1.8684	0.000592497
1.8696	0.000593055
1.8708	0.000593614
1.872	0.000594173
1.8732	0.000594732
1.8744	0.000595292
1.8756	0.000595852
1.8768	0.000596412
1.878	0.000596972
1.8792	0.000597533
1.8804	0.000598094
1.8816	0.000598655
1.8828	0.000599217
1.884	0.000599779
1.8852	0.000600341
1.8864	0.000600903
1.8876	0.000601466
1.8888	0.000602029
1.89	0.000602592
1.8912	0.000603156
1.8924	0.00060372
1.8936	0.000604284
1.8948	0.000604849
1.896	0.000605413
1.8972	0.000605978
1.8984	0.000606544
1.8996	0.000607109
1.9008	0.000607675
1.902	0.000608241
1.9032	0.000608808
1.9044	0.000609375
1.9056	0.000609942
1.9068	0.000610509
1.908	0.000611076
1.9092	0.000611644
1.9104	0.000612213
1.9116	0.000612781
1.9128	0.00061335
1.914	0.000613919
1.9152	0.000614488
1.9164	0.000615058
1.9176	0.000615628
1.9188	0.000616198
1.92	0.000616768
1.9212	0.000617339
1.9224	0.00061791
1.9236	0.000618481
1.9248	0.000619053
1.926	0.000619625
1.9272	0.000620197
1.9284	0.000620769
1.9296	0.000621342
1.9308	0.000621915
1.932	0.000622488
1.9332	0.000623062
1.9344	0.000623636
1.9356	0.00062421
1.9368	0.000624784
1.938	0.000625359
1.9392	0.000625934
1.9404	0.000626509
1.9416	0.000627084
1.9428	0.00062766
1.944	0.000628236
1.9452	0.000628813
1.9464	0.000629389
1.9476	0.000629966
1.9488	0.000630544
1.95	0.000631121
1.9512	0.000631699
1.9524	0.000632277
1.9536	0.000632855
1.9548	0.000633434
1.956	0.000634013
1.9572	0.000634592
1.9584	0.000635171
1.9596	0.000635751
1.9608	0.000636331
1.962	0.000636911
1.9632	0.000637492
1.9644	0.000638073
1.9656	0.000638654
1.9668	0.000639235
1.968	0.000639817
1.9692	0.000640399
1.9704	0.000640981
1.9716	0.000641564
1.9728	0.000642147
1.974	0.00064273
1.9752	0.000643313
1.9764	0.000643897
1.9776	0.000644481
1.9788	0.000645065
1.98	0.000645649
1.9812	0.000646234
1.9824	0.000646819
1.9836	0.000647404
1.9848	0.00064799
1.986	0.000648576
1.9872	0.000649162
1.9884	0.000649748
1.9896	0.000650335
1.9908	0.000650922
1.992	0.000651509
1.9932	0.000652097
1.9944	0.000652684
1.9956	0.000653272
1.9968	0.000653861
1.998	0.000654449
1.9992	0.000655038
2.0004	0.000655627
2.0016	0.000656217
2.0028	0.000656807
2.004	0.000657396
2.0052	0.000657987
2.0064	0.000658577
2.0076	0.000659168
2.0088	0.000659759
2.01	0.000660351
2.0112	0.000660942
2.0124	0.000661534
2.0136	0.000662126
2.0148	0.000662719
2.016	0.000663311
2.0172	0.000663904
2.0184	0.000664498
2.0196	0.000665091
2.0208	0.000665685
2.022	0.000666279
2.0232	0.000666873
2.0244	0.000667468
2.0256	0.000668063
2.0268	0.000668658
2.028	0.000669254
2.0292	0.000669849
2.0304	0.000670445
2.0316	0.000671042
2.0328	0.000671638
2.034	0.000672235
2.0352	0.000672832
2.0364	0.000673429
2.0376	0.000674027
2.0388	0.000674625
2.04	0.000675223
2.0412	0.000675821
2.0424	0.00067642
2.0436	0.000677019
2.0448	0.000677618
2.046	0.000678218
2.0472	0.000678818
2.0484	0.000679418
2.0496	0.000680018
2.0508	0.000680619
2.052	0.00068122
2.0532	0.000681821
2.0544	0.000682422
2.0556	0.000683024
2.0568	0.000683626
2.058	0.000684228
2.0592	0.00068483
2.0604	0.000685433
2.0616	0.000686036
2.0628	0.000686639
2.064	0.000687243
2.0652	0.000687847
2.0664	0.000688451
2.0676	0.000689055
2.0688	0.00068966
2.07	0.000690265
2.0712	0.00069087
2.0724	0.000691475
2.0736	0.000692081
2.0748	0.000692687
2.076	0.000693293
2.0772	0.0006939
2.0784	0.000694506
2.0796	0.000695113
2.0808	0.000695721
2.082	0.000696328
2.0832	0.000696936
2.0844	0.000697544
2.0856	0.000698152
2.0868	0.000698761
2.088	0.00069937
2.0892	0.000699979
2.0904	0.000700589
2.0916	0.000701198
2.0928	0.000701808
2.094	0.000702418
2.0952	0.000703029
2.0964	0.00070364
2.0976	0.000704251
2.0988	0.000704862
2.1	0.000705473
2.1012	0.000706085
2.1024	0.000706697
2.1036	0.000707309
2.1048	0.000707922
2.106	0.000708535
2.1072	0.000709148
2.1084	0.000709761
2.1096	0.000710375
2.1108	0.000710989
2.112	0.000711603
2.1132	0.000712218
2.1144	0.000712832
2.1156	0.000713447
2.1168	0.000714062
2.118	0.000714678
2.1192	0.000715294
2.1204	0.00071591
2.1216	0.000716526
2.1228	0.000717142
2.124	0.000717759
2.1252	0.000718376
2.1264	0.000718993
2.1276	0.000719611
2.1288	0.000720229
2.13	0.000720847
2.1312	0.000721465
2.1324	0.000722084
2.1336	0.000722703
2.1348	0.000723322
2.136	0.000723941
2.1372	0.000724561
2.1384	0.000725181
2.1396	0.000725801
2.1408	0.000726421
2.142	0.000727042
2.1432	0.000727663
2.1444	0.000728284
2.1456	0.000728906
2.1468	0.000729527
2.148	0.000730149
2.1492	0.000730772
2.1504	0.000731394
2.1516	0.000732017
2.1528	0.00073264
2.154	0.000733263
2.1552	0.000733887
2.1564	0.00073451
2.1576	0.000735134
2.1588	0.000735759
2.16	0.000736383
2.1612	0.000737008
2.1624	0.000737633
2.1636	0.000738259
2.1648	0.000738884
2.166	0.00073951
2.1672	0.000740136
2.1684	0.000740762
2.1696	0.000741389
2.1708	0.000742016
2.172	0.000742643
2.1732	0.00074327
2.1744	0.000743898
2.1756	0.000744526
2.1768	0.000745154
2.178	0.000745782
2.1792	0.000746411
2.1804	0.00074704
2.1816	0.000747669
2.1828	0.000748299
2.184	0.000748928
2.1852	0.000749558
2.1864	0.000750188
2.1876	0.000750819
2.1888	0.000751449
2.19	0.00075208
2.1912	0.000752712
2.1924	0.000753343
2.1936	0.000753975
2.1948	0.000754607
2.196	0.000755239
2.1972	0.000755871
2.1984	0.000756504
2.1996	0.000757137
2.2008	0.00075777
2.202	0.000758404
2.2032	0.000759037
2.2044	0.000759671
2.2056	0.000760306
2.2068	0.00076094
2.208	0.000761575
2.2092	0.00076221
2.2104	0.000762845
2.2116	0.000763481
2.2128	0.000764116
2.214	0.000764752
2.2152	0.000765389
2.2164	0.000766025
2.2176	0.000766662
2.2188	0.000767299
2.22	0.000767936
2.2212	0.000768573
2.2224	0.000769211
2.2236	0.000769849
2.2248	0.000770487
2.226	0.000771126
2.2272	0.000771765
2.2284	0.000772404
2.2296	0.000773043
2.2308	0.000773682
2.232	0.000774322
2.2332	0.000774962
2.2344	0.000775602
2.2356	0.000776243
2.2368	0.000776884
2.238	0.000777525
2.2392	0.000778166
2.2404	0.000778807
2.2416	0.000779449
2.2428	0.000780091
2.244	0.000780733
2.2452	0.000781376
2.2464	0.000782018
2.2476	0.000782661
2.2488	0.000783305
2.25	0.000783948
2.2512	0.000784592
2.2524	0.000785236
2.2536	0.00078588
2.2548	0.000786524
2.256	0.000787169
2.2572	0.000787814
2.2584	0.000788459
2.2596	0.000789104
2.2608	0.00078975
2.262	0.000790396
2.2632	0.000791042
2.2644	0.000791689
2.2656	0.000792335
2.2668	0.000792982
2.268	0.000793629
2.2692	0.000794277
2.2704	0.000794924
2.2716	0.000795572
2.2728	0.00079622
2.274	0.000796869
2.2752	0.000797517
2.2764	0.000798166
2.2776	0.000798815
2.2788	0.000799465
2.28	0.000800114
2.2812	0.000800764
2.2824	0.000801414
2.2836	0.000802064
2.2848	0.000802715
2.286	0.000803366
2.2872	0.000804017
2.2884	0.000804668
2.2896	0.00080532
2.2908	0.000805971
2.292	0.000806623
2.2932	0.000807276
2.2944	0.000807928
2.2956	0.000808581
2.2968	0.000809234
2.298	0.000809887
2.2992	0.00081054
2.3004	0.000811194
2.3016	0.000811848
2.3028	0.000812502
2.304	0.000813157
2.3052	0.000813811
2.3064	0.000814466
2.3076	0.000815121
2.3088	0.000815777
2.31	0.000816432
2.3112	0.000817088
2.3124	0.000817744
2.3136	0.000818401
2.3148	0.000819057
2.316	0.000819714
2.3172	0.000820371
2.3184	0.000821028
2.3196	0.000821686
2.3208	0.000822344
2.322	0.000823002
2.3232	0.00082366
2.3244	0.000824318
2.3256	0.000824977
2.3268	0.000825636
2.328	0.000826295
2.3292	0.000826955
2.3304	0.000827614
2.3316	0.000828274
2.3328	0.000828934
2.334	0.000829595
2.3352	0.000830255
2.3364	0.000830916
2.3376	0.000831577
2.3388	0.000832239
2.34	0.0008329
2.3412	0.000833562
2.3424	0.000834224
2.3436	0.000834886
2.3448	0.000835549
2.346	0.000836212
2.3472	0.000836875
2.3484	0.000837538
2.3496	0.000838201
2.3508	0.000838865
2.352	0.000839529
2.3532	0.000840193
2.3544	0.000840857
2.3556	0.000841522
2.3568	0.000842187
2.358	0.000842852
2.3592	0.000843517
2.3604	0.000844183
2.3616	0.000844849
2.3628	0.000845515
2.364	0.000846181
2.3652	0.000846847
2.3664	0.000847514
2.3676	0.000848181
2.3688	0.000848848
2.37	0.000849516
2.3712	0.000850183
2.3724	0.000850851
2.3736	0.000851519
2.3748	0.000852188
2.376	0.000852856
2.3772	0.000853525
2.3784	0.000854194
2.3796	0.000854864
2.3808	0.000855533
2.382	0.000856203
2.3832	0.000856873
2.3844	0.000857543
2.3856	0.000858213
2.3868	0.000858884
2.388	0.000859555
2.3892	0.000860226
2.3904	0.000860897
2.3916	0.000861569
2.3928	0.000862241
2.394	0.000862913
2.3952	0.000863585
2.3964	0.000864258
2.3976	0.00086493
2.3988	0.000865603
2.4	0.000866277
2.4012	0.00086695
2.4024	0.000867624
2.4036	0.000868298
2.4048	0.000868972
2.406	0.000869646
2.4072	0.000870321
2.4084	0.000870995
2.4096	0.00087167
2.4108	0.000872346
2.412	0.000873021
2.4132	0.000873697
2.4144	0.000874373
2.4156	0.000875049
2.4168	0.000875725
2.418	0.000876402
2.4192	0.000877079
2.4204	0.000877756
2.4216	0.000878433
2.4228	0.000879111
2.424	0.000879788
2.4252	0.000880466
2.4264	0.000881145
2.4276	0.000881823
2.4288	0.000882502
2.43	0.00088318
2.4312	0.00088386
2.4324	0.000884539
2.4336	0.000885218
2.4348	0.000885898
2.436	0.000886578
2.4372	0.000887258
2.4384	0.000887939
2.4396	0.00088862
2.4408	0.0008893
2.442	0.000889982
2.4432	0.000890663
2.4444	0.000891345
2.4456	0.000892026
2.4468	0.000892708
2.448	0.000893391
2.4492	0.000894073
2.4504	0.000894756
2.4516	0.000895439
2.4528	0.000896122
2.454	0.000896805
2.4552	0.000897489
2.4564	0.000898172
2.4576	0.000898857
2.4588	0.000899541
2.46	0.000900225
2.4612	0.00090091
2.4624	0.000901595
2.4636	0.00090228
2.4648	0.000902965
2.466	0.000903651
2.4672	0.000904337
2.4684	0.000905023
2.4696	0.000905709
2.4708	0.000906395
2.472	0.000907082
2.4732	0.000907769
2.4744	0.000908456
2.4756	0.000909143
2.4768	0.000909831
2.478	0.000910519
2.4792	0.000911207
2.4804	0.000911895
2.4816	0.000912583
2.4828	0.000913272
2.484	0.000913961
2.4852	0.00091465
2.4864	0.000915339
2.4876	0.000916029
2.4888	0.000916719
2.49	0.000917408
2.4912	0.000918099
2.4924	0.000918789
2.4936	0.00091948
2.4948	0.000920171
2.496	0.000920862
2.4972	0.000921553
2.4984	0.000922244
2.4996	0.000922936
2.5008	0.000923628
2.502	0.00092432
2.5032	0.000925012
2.5044	0.000925705
2.5056	0.000926398
2.5068	0.000927091
2.508	0.000927784
2.5092	0.000928477
2.5104	0.000929171
2.5116	0.000929865
2.5128	0.000930559
2.514	0.000931253
2.5152	0.000931948
2.5164	0.000932643
2.5176	0.000933337
2.5188	0.000934033
2.52	0.000934728
2.5212	0.000935424
2.5224	0.000936119
2.5236	0.000936815
2.5248	0.000937512
2.526	0.000938208
2.5272	0.000938905
2.5284	0.000939602
2.5296	0.000940299
2.5308	0.000940996
2.532	0.000941693
2.5332	0.000942391
2.5344	0.000943089
2.5356	0.000943787
2.5368	0.000944486
2.538	0.000945184
2.5392	0.000945883
2.5404	0.000946582
2.5416	0.000947281
2.5428	0.000947981
2.544	0.00094868
2.5452	0.00094938
2.5464	0.00095008
2.5476	0.00095078
2.5488	0.000951481
2.55	0.000952182
2.5512	0.000952882
2.5524	0.000953584
2.5536	0.000954285
2.5548	0.000954986
2.556	0.000955688
2.5572	0.00095639
2.5584	0.000957092
2.5596	0.000957795
2.5608	0.000958497
2.562	0.0009592
2.5632	0.000959903
2.5644	0.000960606
2.5656	0.000961309
2.5668	0.000962013
2.568	0.000962717
2.5692	0.000963421
2.5704	0.000964125
2.5716	0.00096483
2.5728	0.000965534
2.574	0.000966239
2.5752	0.000966944
2.5764	0.00096765
2.5776	0.000968355
2.5788	0.000969061
2.58	0.000969767
2.5812	0.000970473
2.5824	0.000971179
2.5836	0.000971886
2.5848	0.000972592
2.586	0.000973299
2.5872	0.000974006
2.5884	0.000974714
2.5896	0.000975421
2.5908	0.000976129
2.592	0.000976837
2.5932	0.000977545
2.5944	0.000978254
2.5956	0.000978962
2.5968	0.000979671
2.598	0.00098038
2.5992	0.000981089
2.6004	0.000981799
2.6016	0.000982508
2.6028	0.000983218
2.604	0.000983928
2.6052	0.000984638
2.6064	0.000985349
2.6076	0.000986059
2.6088	0.00098677
2.61	0.000987481
2.6112	0.000988192
2.6124	0.000988904
2.6136	0.000989615
2.6148	0.000990327
2.616	0.000991039
2.6172	0.000991752
2.6184	0.000992464
2.6196	0.000993177
2.6208	0.00099389
2.622	0.000994603
2.6232	0.000995316
2.6244	0.000996029
2.6256	0.000996743
2.6268	0.000997457
2.628	0.000998171
2.6292	0.000998885
2.6304	0.0009996
2.6316	0.00100031
2.6328	0.00100103
2.634	0.00100174
2.6352	0.00100246
2.6364	0.00100318
2.6376	0.00100389
2.6388	0.00100461
2.64	0.00100532
2.6412	0.00100604
2.6424	0.00100676
2.6436	0.00100747
2.6448	0.00100819
2.646	0.00100891
2.6472	0.00100962
2.6484	0.00101034
2.6496	0.00101106
2.6508	0.00101178
2.652	0.00101249
2.6532	0.00101321
2.6544	0.00101393
2.6556	0.00101465
2.6568	0.00101537
2.658	0.00101609
2.6592	0.00101681
2.6604	0.00101753
2.6616	0.00101825
2.6628	0.00101897
2.664	0.00101969
2.6652	0.00102041
2.6664	0.00102113
2.6676	0.00102185
2.6688	0.00102257
2.67	0.00102329
2.6712	0.00102401
2.6724	0.00102473
2.6736	0.00102545
2.6748	0.00102617
2.676	0.0010269
2.6772	0.00102762
2.6784	0.00102834
2.6796	0.00102906
2.6808	0.00102979
2.682	0.00103051
2.6832	0.00103123
2.6844	0.00103196
2.6856	0.00103268
2.6868	0.0010334
2.688	0.00103413
2.6892	0.00103485
2.6904	0.00103558
2.6916	0.0010363
2.6928	0.00103703
2.694	0.00103775
2.6952	0.00103848
2.6964	0.0010392
2.6976	0.00103993
2.6988	0.00104065
2.7	0.00104138
2.7012	0.0010421
2.7024	0.00104283
2.7036	0.00104356
2.7048	0.00104428
2.706	0.00104501
2.7072	0.00104574
2.7084	0.00104646
2.7096	0.00104719
2.7108	0.00104792
2.712	0.00104865
2.7132	0.00104937
2.7144	0.0010501
2.7156	0.00105083
2.7168	0.00105156
2.718	0.00105229
2.7192	0.00105302
2.7204	0.00105375
2.7216	0.00105448
2.7228	0.0010552
2.724	0.00105593
2.7252	0.00105666
2.7264	0.00105739
2.7276	0.00105812
2.7288	0.00105886
2.73	0.00105959
2.7312	0.00106032
2.7324	0.00106105
2.7336	0.00106178
2.7348	0.00106251
2.736	0.00106324
2.7372	0.00106397
2.7384	0.00106471
2.7396	0.00106544
2.7408	0.00106617
2.742	0.0010669
2.7432	0.00106763
2.7444	0.00106837
2.7456	0.0010691
2.7468	0.00106983
2.748	0.00107057
2.7492	0.0010713
2.7504	0.00107203
2.7516	0.00107277
2.7528	0.0010735
2.754	0.00107424
2.7552	0.00107497
2.7564	0.00107571
2.7576	0.00107644
2.7588	0.00107718
2.76	0.00107791
2.7612	0.00107865
2.7624	0.00107938
2.7636	0.00108012
2.7648	0.00108085
2.766	0.00108159
2.7672	0.00108233
2.7684	0.00108306
2.7696	0.0010838
2.7708	0.00108454
2.772	0.00108527
2.7732	0.00108601
2.7744	0.00108675
2.7756	0.00108749
2.7768	0.00108823
2.778	0.00108896
2.7792	0.0010897
2.7804	0.00109044
2.7816	0.00109118
2.7828	0.00109192
2.784	0.00109266
2.7852	0.0010934
2.7864	0.00109413
2.7876	0.00109487
2.7888	0.00109561
2.79	0.00109635
2.7912	0.00109709
2.7924	0.00109783
2.7936	0.00109857
2.7948	0.00109931
2.796	0.00110006
2.7972	0.0011008
2.7984	0.00110154
2.7996	0.00110228
2.8008	0.00110302
2.802	0.00110376
2.8032	0.0011045
2.8044	0.00110525
2.8056	0.00110599
2.8068	0.00110673
2.808	0.00110747
2.8092	0.00110822
2.8104	0.00110896
2.8116	0.0011097
2.8128	0.00111044
2.814	0.00111119
2.8152	0.00111193
2.8164	0.00111268
2.8176	0.00111342
2.8188	0.00111416
2.82	0.00111491
2.8212	0.00111565
2.8224	0.0011164
2.8236	0.00111714
2.8248	0.00111789
2.826	0.00111863
2.8272	0.00111938
2.8284	0.00112012
2.8296	0.00112087
2.8308	0.00112161
2.832	0.00112236
2.8332	0.00112311
2.8344	0.00112385
2.8356	0.0011246
2.8368	0.00112535
2.838	0.00112609
2.8392	0.00112684
2.8404	0.00112759
2.8416	0.00112834
2.8428	0.00112908
2.844	0.00112983
2.8452	0.00113058
2.8464	0.00113133
2.8476	0.00113208
2.8488	0.00113282
2.85	0.00113357
2.8512	0.00113432
2.8524	0.00113507
2.8536	0.00113582
2.8548	0.00113657
2.856	0.00113732
2.8572	0.00113807
2.8584	0.00113882
2.8596	0.00113957
2.8608	0.00114032
2.862	0.00114107
2.8632	0.00114182
2.8644	0.00114257
2.8656	0.00114332
2.8668	0.00114407
2.868	0.00114482
2.8692	0.00114557
2.8704	0.00114633
2.8716	0.00114708
2.8728	0.00114783
2.874	0.00114858
2.8752	0.00114933
2.8764	0.00115009
2.8776	0.00115084
2.8788	0.00115159
2.88	0.00115235
2.8812	0.0011531
2.8824	0.00115385
2.8836	0.00115461
2.8848	0.00115536
2.886	0.00115611
2.8872	0.00115687
2.8884	0.00115762
2.8896	0.00115838
2.8908	0.00115913
2.892	0.00115988
2.8932	0.00116064
2.8944	0.00116139
2.8956	0.00116215
2.8968	0.0011629
2.898	0.00116366
2.8992	0.00116442
2.9004	0.00116517
2.9016	0.00116593
2.9028	0.00116668
2.904	0.00116744
2.9052	0.0011682
2.9064	0.00116895
2.9076	0.00116971
2.9088	0.00117047
2.91	0.00117122
2.9112	0.00117198
2.9124	0.00117274
2.9136	0.0011735
2.9148	0.00117425
2.916	0.00117501
2.9172	0.00117577
2.9184	0.00117653
2.9196	0.00117729
2.9208	0.00117805
2.922	0.0011788
2.9232	0.00117956
2.9244	0.00118032
2.9256	0.00118108
2.9268	0.00118184
2.928	0.0011826
2.9292	0.00118336
2.9304	0.00118412
2.9316	0.00118488
2.9328	0.00118564
2.934	0.0011864
2.9352	0.00118716
2.9364	0.00118792
2.9376	0.00118868
2.9388	0.00118944
2.94	0.00119021
2.9412	0.00119097
2.9424	0.00119173
2.9436	0.00119249
2.9448	0.00119325
2.946	0.00119401
2.9472	0.00119478
2.9484	0.00119554
2.9496	0.0011963
2.9508	0.00119706
2.952	0.00119783
2.9532	0.00119859
2.9544	0.00119935
2.9556	0.00120012
2.9568	0.00120088
2.958	0.00120164
2.9592	0.00120241
2.9604	0.00120317
2.9616	0.00120394
2.9628	0.0012047
2.964	0.00120546
2.9652	0.00120623
2.9664	0.00120699
2.9676	0.00120776
2.9688	0.00120852
2.97	0.00120929
2.9712	0.00121005
2.9724	0.00121082
2.9736	0.00121159
2.9748	0.00121235
2.976	0.00121312
2.9772	0.00121388
2.9784	0.00121465
2.9796	0.00121542
2.9808	0.00121618
2.982	0.00121695
2.9832	0.00121772
2.9844	0.00121848
2.9856	0.00121925
2.9868	0.00122002
2.988	0.00122079
2.9892	0.00122155
2.9904	0.00122232
2.9916	0.00122309
2.9928	0.00122386
2.994	0.00122463
2.9952	0.00122539
2.9964	0.00122616
2.9976	0.00122693
2.9988	0.0012277
3	0.00122847
3.0012	0.00122924
3.0024	0.00123001
3.0036	0.00123078
3.0048	0.00123155
3.006	0.00123232
3.0072	0.00123309
3.0084	0.00123386
3.0096	0.00123463
3.0108	0.0012354
3.012	0.00123617
3.0132	0.00123694
3.0144	0.00123771
3.0156	0.00123848
3.0168	0.00123925
3.018	0.00124003
3.0192	0.0012408
3.0204	0.00124157
3.0216	0.00124234
3.0228	0.00124311
3.024	0.00124388
3.0252	0.00124466
3.0264	0.00124543
3.0276	0.0012462
3.0288	0.00124698
3.03	0.00124775
3.0312	0.00124852
3.0324	0.00124929
3.0336	0.00125007
3.0348	0.00125084
3.036	0.00125161
3.0372	0.00125239
3.0384	0.00125316
3.0396	0.00125394
3.0408	0.00125471
3.042	0.00125549
3.0432	0.00125626
3.0444	0.00125703
3.0456	0.00125781
3.0468	0.00125858
3.048	0.00125936
3.0492	0.00126013
3.0504	0.00126091
3.0516	0.00126169
3.0528	0.00126246
3.054	0.00126324
3.0552	0.00126401
3.0564	0.00126479
3.0576	0.00126557
3.0588	0.00126634
3.06	0.00126712
3.0612	0.0012679
3.0624	0.00126867
3.0636	0.00126945
3.0648	0.00127023
3.066	0.001271
3.0672	0.00127178
3.0684	0.00127256
3.0696	0.00127334
3.0708	0.00127412
3.072	0.00127489
3.0732	0.00127567
3.0744	0.00127645
3.0756	0.00127723
3.0768	0.00127801
3.078	0.00127879
3.0792	0.00127957
3.0804	0.00128034
3.0816	0.00128112
3.0828	0.0012819
3.084	0.00128268
3.0852	0.00128346
3.0864	0.00128424
3.0876	0.00128502
3.0888	0.0012858
3.09	0.00128658
3.0912	0.00128736
3.0924	0.00128814
3.0936	0.00128892
3.0948	0.0012897
3.096	0.00129049
3.0972	0.00129127
3.0984	0.00129205
3.0996	0.00129283
3.1008	0.00129361
3.102	0.00129439
3.1032	0.00129517
3.1044	0.00129596
3.1056	0.00129674
3.1068	0.00129752
3.108	0.0012983
3.1092	0.00129909
3.1104	0.00129987
3.1116	0.00130065
3.1128	0.00130143
3.114	0.00130222
3.1152	0.001303
3.1164	0.00130378
3.1176	0.00130457
3.1188	0.00130535
3.12	0.00130613
3.1212	0.00130692
3.1224	0.0013077
3.1236	0.00130849
3.1248	0.00130927
3.126	0.00131005
3.1272	0.00131084
3.1284	0.00131162
3.1296	0.00131241
3.1308	0.00131319
3.132	0.00131398
3.1332	0.00131476
3.1344	0.00131555
3.1356	0.00131633
3.1368	0.00131712
3.138	0.00131791
3.1392	0.00131869
3.1404	0.00131948
3.1416	0.00132026
3.1428	0.00132105
3.144	0.00132184
3.1452	0.00132262
3.1464	0.00132341
3.1476	0.0013242
3.1488	0.00132498
3.15	0.00132577
3.1512	0.00132656
3.1524	0.00132735
3.1536	0.00132813
3.1548	0.00132892
3.156	0.00132971
3.1572	0.0013305
3.1584	0.00133129
3.1596	0.00133207
3.1608	0.00133286
3.162	0.00133365
3.1632	0.00133444
3.1644	0.00133523
3.1656	0.00133602
3.1668	0.00133681
3.168	0.0013376
3.1692	0.00133838
3.1704	0.00133917
3.1716	0.00133996
3.1728	0.00134075
3.174	0.00134154
3.1752	0.00134233
3.1764	0.00134312
3.1776	0.00134391
3.1788	0.0013447
3.18	0.00134549
3.1812	0.00134628
3.1824	0.00134708
3.1836	0.00134787
3.1848	0.00134866
3.186	0.00134945
3.1872	0.00135024
3.1884	0.00135103
3.1896	0.00135182
3.1908	0.00135261
3.192	0.00135341
3.1932	0.0013542
3.1944	0.00135499
3.1956	0.00135578
3.1968	0.00135657
3.198	0.00135737
3.1992	0.00135816
3.2004	0.00135895
3.2016	0.00135974
3.2028	0.00136054
3.204	0.00136133
3.2052	0.00136212
3.2064	0.00136292
3.2076	0.00136371
3.2088	0.0013645
3.21	0.0013653
3.2112	0.00136609
3.2124	0.00136689
3.2136	0.00136768
3.2148	0.00136847
3.216	0.00136927
3.2172	0.00137006
3.2184	0.00137086
3.2196	0.00137165
3.2208	0.00137245
3.222	0.00137324
3.2232	0.00137404
3.2244	0.00137483
3.2256	0.00137563
3.2268	0.00137642
3.228	0.00137722
3.2292	0.00137801
3.2304	0.00137881
3.2316	0.00137961
3.2328	0.0013804
3.234	0.0013812
3.2352	0.00138199
3.2364	0.00138279
3.2376	0.00138359
3.2388	0.00138438
3.24	0.00138518
3.2412	0.00138598
3.2424	0.00138678
3.2436	0.00138757
3.2448	0.00138837
3.246	0.00138917
3.2472	0.00138996
3.2484	0.00139076
3.2496	0.00139156
3.2508	0.00139236
3.252	0.00139316
3.2532	0.00139395
3.2544	0.00139475
3.2556	0.00139555
3.2568	0.00139635
3.258	0.00139715
3.2592	0.00139795
3.2604	0.00139875
3.2616	0.00139955
3.2628	0.00140034
3.264	0.00140114
3.2652	0.00140194
3.2664	0.00140274
3.2676	0.00140354
3.2688	0.00140434
3.27	0.00140514
3.2712	0.00140594
3.2724	0.00140674
3.2736	0.00140754
3.2748	0.00140834
3.276	0.00140914
3.2772	0.00140994
3.2784	0.00141074
3.2796	0.00141154
3.2808	0.00141235
3.282	0.00141315
3.2832	0.00141395
3.2844	0.00141475
3.2856	0.00141555
3.2868	0.00141635
3.288	0.00141715
3.2892	0.00141796
3.2904	0.00141876
3.2916	0.00141956
3.2928	0.00142036
3.294	0.00142116
3.2952	0.00142197
3.2964	0.00142277
3.2976	0.00142357
3.2988	0.00142437
3.3	0.00142518
3.3012	0.00142598
3.3024	0.00142678
3.3036	0.00142759
3.3048	0.00142839
3.306	0.00142919
3.3072	0.00143
3.3084	0.0014308
3.3096	0.0014316
3.3108	0.00143241
3.312	0.00143321
3.3132	0.00143401
3.3144	0.00143482
3.3156	0.00143562
3.3168	0.00143643
3.318	0.00143723
3.3192	0.00143804
3.3204	0.00143884
3.3216	0.00143965
3.3228	0.00144045
3.324	0.00144126
3.3252	0.00144206
3.3264	0.00144287
3.3276	0.00144367
3.3288	0.00144448
3.33	0.00144528
3.3312	0.00144609
3.3324	0.00144689
3.3336	0.0014477
3.3348	0.00144851
3.336	0.00144931
3.3372	0.00145012
3.3384	0.00145093
3.3396	0.00145173
3.3408	0.00145254
3.342	0.00145335
3.3432	0.00145415
3.3444	0.00145496
3.3456	0.00145577
3.3468	0.00145657
3.348	0.00145738
3.3492	0.00145819
3.3504	0.001459
3.3516	0.0014598
3.3528	0.00146061
3.354	0.00146142
3.3552	0.00146223
3.3564	0.00146303
3.3576	0.00146384
3.3588	0.00146465
3.36	0.00146546
3.3612	0.00146627
3.3624	0.00146708
3.3636	0.00146789
3.3648	0.00146869
3.366	0.0014695
3.3672	0.00147031
3.3684	0.00147112
3.3696	0.00147193
3.3708	0.00147274
3.372	0.00147355
3.3732	0.00147436
3.3744	0.00147517
3.3756	0.00147598
3.3768	0.00147679
3.378	0.0014776
3.3792	0.00147841
3.3804	0.00147922
3.3816	0.00148003
3.3828	0.00148084
3.384	0.00148165
3.3852	0.00148246
3.3864	0.00148327
3.3876	0.00148408
3.3888	0.00148489
3.39	0.0014857
3.3912	0.00148651
3.3924	0.00148733
3.3936	0.00148814
3.3948	0.00148895
3.396	0.00148976
3.3972	0.00149057
3.3984	0.00149138
3.3996	0.00149219
3.4008	0.00149301
3.402	0.00149382
3.4032	0.00149463
3.4044	0.00149544
3.4056	0.00149626
3.4068	0.00149707
3.408	0.00149788
3.4092	0.00149869
3.4104	0.00149951
3.4116	0.00150032
3.4128	0.00150113
3.414	0.00150194
3.4152	0.00150276
3.4164	0.00150357
3.4176	0.00150438
3.4188	0.0015052
3.42	0.00150601
3.4212	0.00150683
3.4224	0.00150764
3.4236	0.00150845
3.4248	0.00150927
3.426	0.00151008
3.4272	0.0015109
3.4284	0.00151171
3.4296	0.00151252
3.4308	0.00151334
3.432	0.00151415
3.4332	0.00151497
3.4344	0.00151578
3.4356	0.0015166
3.4368	0.00151741
3.438	0.00151823
3.4392	0.00151904
3.4404	0.00151986
3.4416	0.00152067
3.4428	0.00152149
3.444	0.0015223
3.4452	0.00152312
3.4464	0.00152393
3.4476	0.00152475
3.4488	0.00152557
3.45	0.00152638
3.4512	0.0015272
3.4524	0.00152801
3.4536	0.00152883
3.4548	0.00152965
3.456	0.00153046
3.4572	0.00153128
3.4584	0.0015321
3.4596	0.00153291
3.4608	0.00153373
3.462	0.00153455
3.4632	0.00153537
3.4644	0.00153618
3.4656	0.001537
3.4668	0.00153782
3.468	0.00153863
3.4692	0.00153945
3.4704	0.00154027
3.4716	0.00154109
3.4728	0.0015419
3.474	0.00154272
3.4752	0.00154354
3.4764	0.00154436
3.4776	0.00154518
3.4788	0.001546
3.48	0.00154681
3.4812	0.00154763
3.4824	0.00154845
3.4836	0.00154927
3.4848	0.00155009
3.486	0.00155091
3.4872	0.00155173
3.4884	0.00155254
3.4896	0.00155336
3.4908	0.00155418
3.492	0.001555
3.4932	0.00155582
3.4944	0.00155664
3.4956	0.00155746
3.4968	0.00155828
3.498	0.0015591
3.4992	0.00155992
3.5004	0.00156074
3.5016	0.00156156
3.5028	0.00156238
3.504	0.0015632
3.5052	0.00156402
3.5064	0.00156484
3.5076	0.00156566
3.5088	0.00156648
3.51	0.0015673
3.5112	0.00156812
3.5124	0.00156894
3.5136	0.00156976
3.5148	0.00157059
3.516	0.00157141
3.5172	0.00157223
3.5184	0.00157305
3.5196	0.00157387
3.5208	0.00157469
3.522	0.00157551
3.5232	0.00157634
3.5244	0.00157716
3.5256	0.00157798
3.5268	0.0015788
3.528	0.00157962
3.5292	0.00158044
3.5304	0.00158127
3.5316	0.00158209
3.5328	0.00158291
3.534	0.00158373
3.5352	0.00158456
3.5364	0.00158538
3.5376	0.0015862
3.5388	0.00158702
3.54	0.00158785
3.5412	0.00158867
3.5424	0.00158949
3.5436	0.00159032
3.5448	0.00159114
3.546	0.00159196
3.5472	0.00159279
3.5484	0.00159361
3.5496	0.00159443
3.5508	0.00159526
3.552	0.00159608
3.5532	0.0015969
3.5544	0.00159773
3.5556	0.00159855
3.5568	0.00159937
3.558	0.0016002
3.5592	0.00160102
3.5604	0.00160185
3.5616	0.00160267
3.5628	0.0016035
3.564	0.00160432
3.5652	0.00160514
3.5664	0.00160597
3.5676	0.00160679
3.5688	0.00160762
3.57	0.00160844
3.5712	0.00160927
3.5724	0.00161009
3.5736	0.00161092
3.5748	0.00161174
3.576	0.00161257
3.5772	0.00161339
3.5784	0.00161422
3.5796	0.00161505
3.5808	0.00161587
3.582	0.0016167
3.5832	0.00161752
3.5844	0.00161835
3.5856	0.00161917
3.5868	0.00162
3.588	0.00162083
3.5892	0.00162165
3.5904	0.00162248
3.5916	0.00162331
3.5928	0.00162413
3.594	0.00162496
3.5952	0.00162578
3.5964	0.00162661
3.5976	0.00162744
3.5988	0.00162826
3.6	0.00162909
3.6012	0.00162992
3.6024	0.00163075
3.6036	0.00163157
3.6048	0.0016324
3.606	0.00163323
3.6072	0.00163405
3.6084	0.00163488
3.6096	0.00163571
3.6108	0.00163654
3.612	0.00163736
3.6132	0.00163819
3.6144	0.00163902
3.6156	0.00163985
3.6168	0.00164068
3.618	0.0016415
3.6192	0.00164233
3.6204	0.00164316
3.6216	0.00164399
3.6228	0.00164482
3.624	0.00164564
3.6252	0.00164647
3.6264	0.0016473
3.6276	0.00164813
3.6288	0.00164896
3.63	0.00164979
3.6312	0.00165062
3.6324	0.00165145
3.6336	0.00165227
3.6348	0.0016531
3.636	0.00165393
3.6372	0.00165476
3.6384	0.00165559
3.6396	0.00165642
3.6408	0.00165725
3.642	0.00165808
3.6432	0.00165891
3.6444	0.00165974
3.6456	0.00166057
3.6468	0.0016614
3.648	0.00166223
3.6492	0.00166306
3.6504	0.00166389
3.6516	0.00166472
3.6528	0.00166555
3.654	0.00166638
3.6552	0.00166721
3.6564	0.00166804
3.6576	0.00166887
3.6588	0.0016697
3.66	0.00167053
3.6612	0.00167136
3.6624	0.00167219
3.6636	0.00167302
3.6648	0.00167385
3.666	0.00167468
3.6672	0.00167551
3.6684	0.00167635
3.6696	0.00167718
3.6708	0.00167801
3.672	0.00167884
3.6732	0.00167967
3.6744	0.0016805
3.6756	0.00168133
3.6768	0.00168216
3.678	0.001683
3.6792	0.00168383
3.6804	0.00168466
3.6816	0.00168549
3.6828	0.00168632
3.684	0.00168715
3.6852	0.00168799
3.6864	0.00168882
3.6876	0.00168965
3.6888	0.00169048
3.69	0.00169131
3.6912	0.00169215
3.6924	0.00169298
3.6936	0.00169381
3.6948	0.00169464
3.696	0.00169548
3.6972	0.00169631
3.6984	0.00169714
3.6996	0.00169797
3.7008	0.00169881
3.702	0.00169964
3.7032	0.00170047
3.7044	0.00170131
3.7056	0.00170214
3.7068	0.00170297
3.708	0.00170381
3.7092	0.00170464
3.7104	0.00170547
3.7116	0.00170631
3.7128	0.00170714
3.714	0.00170797
3.7152	0.00170881
3.7164	0.00170964
3.7176	0.00171047
3.7188	0.00171131
3.72	0.00171214
3.7212	0.00171298
3.7224	0.00171381
3.7236	0.00171464
3.7248	0.00171548
3.726	0.00171631
3.7272	0.00171715
3.7284	0.00171798
3.7296	0.00171881
3.7308	0.00171965
3.732	0.00172048
3.7332	0.00172132
3.7344	0.00172215
3.7356	0.00172299
3.7368	0.00172382
3.738	0.00172466
3.7392	0.00172549
3.7404	0.00172633
3.7416	0.00172716
3.7428	0.001728
3.744	0.00172883
3.7452	0.00172967
3.7464	0.0017305
3.7476	0.00173134
3.7488	0.00173217
3.75	0.00173301
3.7512	0.00173384
3.7524	0.00173468
3.7536	0.00173551
3.7548	0.00173635
3.756	0.00173718
3.7572	0.00173802
3.7584	0.00173886
3.7596	0.00173969
3.7608	0.00174053
3.762	0.00174136
3.7632	0.0017422
3.7644	0.00174304
3.7656	0.00174387
3.7668	0.00174471
3.768	0.00174554
3.7692	0.00174638
3.7704	0.00174722
3.7716	0.00174805
3.7728	0.00174889
3.774	0.00174973
3.7752	0.00175056
3.7764	0.0017514
3.7776	0.00175224
3.7788	0.00175307
3.78	0.00175391
3.7812	0.00175475
3.7824	0.00175558
3.7836	0.00175642
3.7848	0.00175726
3.786	0.00175809
3.7872	0.00175893
3.7884	0.00175977
3.7896	0.0017606
3.7908	0.00176144
3.792	0.00176228
3.7932	0.00176312
3.7944	0.00176395
3.7956	0.00176479
3.7968	0.00176563
3.798	0.00176647
3.7992	0.0017673
3.8004	0.00176814
3.8016	0.00176898
3.8028	0.00176982
3.804	0.00177066
3.8052	0.00177149
3.8064	0.00177233
3.8076	0.00177317
3.8088	0.00177401
3.81	0.00177485
3.8112	0.00177568
3.8124	0.00177652
3.8136	0.00177736
3.8148	0.0017782
3.816	0.00177904
3.8172	0.00177987
3.8184	0.00178071
3.8196	0.00178155
3.8208	0.00178239
3.822	0.00178323
3.8232	0.00178407
3.8244	0.00178491
3.8256	0.00178574
3.8268	0.00178658
3.828	0.00178742
3.8292	0.00178826
3.8304	0.0017891
3.8316	0.00178994
3.8328	0.00179078
3.834	0.00179162
3.8352	0.00179246
3.8364	0.0017933
3.8376	0.00179413
3.8388	0.00179497
3.84	0.00179581
3.8412	0.00179665
3.8424	0.00179749
3.8436	0.00179833
3.8448	0.00179917
3.846	0.00180001
3.8472	0.00180085
3.8484	0.00180169
3.8496	0.00180253
3.8508	0.00180337
3.852	0.00180421
3.8532	0.00180505
3.8544	0.00180589
3.8556	0.00180673
3.8568	0.00180757
3.858	0.00180841
3.8592	0.00180925
3.8604	0.00181009
3.8616	0.00181093
3.8628	0.00181177
3.864	0.00181261
3.8652	0.00181345
3.8664	0.00181429
3.8676	0.00181513
3.8688	0.00181597
3.87	0.00181681
3.8712	0.00181765
3.8724	0.00181849
3.8736	0.00181933
3.8748	0.00182017
3.876	0.00182101
3.8772	0.00182185
3.8784	0.0018227
3.8796	0.00182354
3.8808	0.00182438
3.882	0.00182522
3.8832	0.00182606
3.8844	0.0018269
3.8856	0.00182774
3.8868	0.00182858
3.888	0.00182942
3.8892	0.00183026
3.8904	0.00183111
3.8916	0.00183195
3.8928	0.00183279
3.894	0.00183363
3.8952	0.00183447
3.8964	0.00183531
3.8976	0.00183615
3.8988	0.00183699
3.9	0.00183784
3.9012	0.00183868
3.9024	0.00183952
3.9036	0.00184036
3.9048	0.0018412
3.906	0.00184204
3.9072	0.00184289
3.9084	0.00184373
3.9096	0.00184457
3.9108	0.00184541
3.912	0.00184625
3.9132	0.0018471
3.9144	0.00184794
3.9156	0.00184878
3.9168	0.00184962
3.918	0.00185046
3.9192	0.00185131
3.9204	0.00185215
3.9216	0.00185299
3.9228	0.00185383
3.924	0.00185467
3.9252	0.00185552
3.9264	0.00185636
3.9276	0.0018572
3.9288	0.00185804
3.93	0.00185889
3.9312	0.00185973
3.9324	0.00186057
3.9336	0.00186141
3.9348	0.00186226
3.936	0.0018631
3.9372	0.00186394
3.9384	0.00186478
3.9396	0.00186563
3.9408	0.00186647
3.942	0.00186731
3.9432	0.00186816
3.9444	0.001869
3.9456	0.00186984
3.9468	0.00187068
3.948	0.00187153
3.9492	0.00187237
3.9504	0.00187321
3.9516	0.00187406
3.9528	0.0018749
3.954	0.00187574
3.9552	0.00187659
3.9564	0.00187743
3.9576	0.00187827
3.9588	0.00187912
3.96	0.00187996
3.9612	0.0018808
3.9624	0.00188165
3.9636	0.00188249
3.9648	0.00188333
3.966	0.00188418
3.9672	0.00188502
3.9684	0.00188586
3.9696	0.00188671
3.9708	0.00188755
3.972	0.00188839
3.9732	0.00188924
3.9744	0.00189008
3.9756	0.00189093
3.9768	0.00189177
3.978	0.00189261
3.9792	0.00189346
3.9804	0.0018943
3.9816	0.00189514
3.9828	0.00189599
3.984	0.00189683
3.9852	0.00189768
3.9864	0.00189852
3.9876	0.00189936
3.9888	0.00190021
3.99	0.00190105
3.9912	0.0019019
3.9924	0.00190274
3.9936	0.00190359
3.9948	0.00190443
3.996	0.00190527
3.9972	0.00190612
3.9984	0.00190696
3.9996	0.00190781
4.0008	0.00190865
4.002	0.0019095
4.0032	0.00191034
4.0044	0.00191118
4.0056	0.00191203
4.0068	0.00191287
4.008	0.00191372
4.0092	0.00191456
4.0104	0.00191541
4.0116	0.00191625
4.0128	0.0019171
4.014	0.00191794
4.0152	0.00191879
4.0164	0.00191963
4.0176	0.00192048
4.0188	0.00192132
4.02	0.00192217
4.0212	0.00192301
4.0224	0.00192385
4.0236	0.0019247
4.0248	0.00192554
4.026	0.00192639
4.0272	0.00192723
4.0284	0.00192808
4.0296	0.00192892
4.0308	0.00192977
4.032	0.00193061
4.0332	0.00193146
4.0344	0.0019323
4.0356	0.00193315
4.0368	0.00193399
4.038	0.00193484
4.0392	0.00193569
4.0404	0.00193653
4.0416	0.00193738
4.0428	0.00193822
4.044	0.00193907
4.0452	0.00193991
4.0464	0.00194076
4.0476	0.0019416
4.0488	0.00194245
4.05	0.00194329
4.0512	0.00194414
4.0524	0.00194498
4.0536	0.00194583
4.0548	0.00194668
4.056	0.00194752
4.0572	0.00194837
4.0584	0.00194921
4.0596	0.00195006
4.0608	0.0019509
4.062	0.00195175
4.0632	0.00195259
4.0644	0.00195344
4.0656	0.00195429
4.0668	0.00195513
4.068	0.00195598
4.0692	0.00195682
4.0704	0.00195767
4.0716	0.00195851
4.0728	0.00195936
4.074	0.00196021
4.0752	0.00196105
4.0764	0.0019619
4.0776	0.00196274
4.0788	0.00196359
4.08	0.00196444
4.0812	0.00196528
4.0824	0.00196613
4.0836	0.00196697
4.0848	0.00196782
4.086	0.00196867
4.0872	0.00196951
4.0884	0.00197036
4.0896	0.0019712
4.0908	0.00197205
4.092	0.0019729
4.0932	0.00197374
4.0944	0.00197459
4.0956	0.00197543
4.0968	0.00197628
4.098	0.00197713
4.0992	0.00197797
4.1004	0.00197882
4.1016	0.00197966
4.1028	0.00198051
4.104	0.00198136
4.1052	0.0019822
4.1064	0.00198305
4.1076	0.0019839
4.1088	0.00198474
4.11	0.00198559
4.1112	0.00198644
4.1124	0.00198728
4.1136	0.00198813
4.1148	0.00198897
4.116	0.00198982
4.1172	0.00199067
4.1184	0.00199151
4.1196	0.00199236
4.1208	0.00199321
4.122	0.00199405
4.1232	0.0019949
4.1244	0.00199575
4.1256	0.00199659
4.1268	0.00199744
4.128	0.00199829
4.1292	0.00199913
4.1304	0.00199998
4.1316	0.00200083
4.1328	0.00200167
4.134	0.00200252
4.1352	0.00200337
4.1364	0.00200421
4.1376	0.00200506
4.1388	0.00200591
4.14	0.00200675
4.1412	0.0020076
4.1424	0.00200845
4.1436	0.00200929
4.1448	0.00201014
4.146	0.00201099
4.1472	0.00201183
4.1484	0.00201268
4.1496	0.00201353
4.1508	0.00201437
4.152	0.00201522
4.1532	0.00201607
4.1544	0.00201691
4.1556	0.00201776
4.1568	0.00201861
4.158	0.00201945
4.1592	0.0020203
4.1604	0.00202115
4.1616	0.00202199
4.1628	0.00202284
4.164	0.00202369
4.1652	0.00202453
4.1664	0.00202538
4.1676	0.00202623
4.1688	0.00202708
4.17	0.00202792
4.1712	0.00202877
4.1724	0.00202962
4.1736	0.00203046
4.1748	0.00203131
4.176	0.00203216
4.1772	0.002033
4.1784	0.00203385
4.1796	0.0020347
4.1808	0.00203555
4.182	0.00203639
4.1832	0.00203724
4.1844	0.00203809
4.1856	0.00203893
4.1868	0.00203978
4.188	0.00204063
4.1892	0.00204147
4.1904	0.00204232
4.1916	0.00204317
4.1928	0.00204402
4.194	0.00204486
4.1952	0.00204571
4.1964	0.00204656
4.1976	0.0020474
4.1988	0.00204825
4.2	0.0020491
4.2012	0.00204995
4.2024	0.00205079
4.2036	0.00205164
4.2048	0.00205249
4.206	0.00205333
4.2072	0.00205418
4.2084	0.00205503
4.2096	0.00205588
4.2108	0.00205672
4.212	0.00205757
4.2132	0.00205842
4.2144	0.00205926
4.2156	0.00206011
4.2168	0.00206096
4.218	0.00206181
4.2192	0.00206265
4.2204	0.0020635
4.2216	0.00206435
4.2228	0.00206519
4.224	0.00206604
4.2252	0.00206689
4.2264	0.00206774
4.2276	0.00206858
4.2288	0.00206943
4.23	0.00207028
4.2312	0.00207112
4.2324	0.00207197
4.2336	0.00207282
4.2348	0.00207367
4.236	0.00207451
4.2372	0.00207536
4.2384	0.00207621
4.2396	0.00207705
4.2408	0.0020779
4.242	0.00207875
4.2432	0.0020796
4.2444	0.00208044
4.2456	0.00208129
4.2468	0.00208214
4.248	0.00208298
4.2492	0.00208383
4.2504	0.00208468
4.2516	0.00208553
4.2528	0.00208637
4.254	0.00208722
4.2552	0.00208807
4.2564	0.00208892
4.2576	0.00208976
4.2588	0.00209061
4.26	0.00209146
4.2612	0.0020923
4.2624	0.00209315
4.2636	0.002094
4.2648	0.00209485
4.266	0.00209569
4.2672	0.00209654
4.2684	0.00209739
4.2696	0.00209823
4.2708	0.00209908
4.272	0.00209993
4.2732	0.00210078
4.2744	0.00210162
4.2756	0.00210247
4.2768	0.00210332
4.278	0.00210416
4.2792	0.00210501
4.2804	0.00210586
4.2816	0.00210671
4.2828	0.00210755
4.284	0.0021084
4.2852	0.00210925
4.2864	0.00211009
4.2876	0.00211094
4.2888	0.00211179
4.29	0.00211263
4.2912	0.00211348
4.2924	0.00211433
4.2936	0.00211518
4.2948	0.00211602
4.296	0.00211687
4.2972	0.00211772
4.2984	0.00211856
4.2996	0.00211941
4.3008	0.00212026
4.302	0.00212111
4.3032	0.00212195
4.3044	0.0021228
4.3056	0.00212365
4.3068	0.00212449
4.308	0.00212534
4.3092	0.00212619
4.3104	0.00212703
4.3116	0.00212788
4.3128	0.00212873
4.314	0.00212958
4.3152	0.00213042
4.3164	0.00213127
4.3176	0.00213212
4.3188	0.00213296
4.32	0.00213381
4.3212	0.00213466
4.3224	0.0021355
4.3236	0.00213635
4.3248	0.0021372
4.326	0.00213804
4.3272	0.00213889
4.3284	0.00213974
4.3296	0.00214059
4.3308	0.00214143
4.332	0.00214228
4.3332	0.00214313
4.3344	0.00214397
4.3356	0.00214482
4.3368	0.00214567
4.338	0.00214651
4.3392	0.00214736
4.3404	0.00214821
4.3416	0.00214905
4.3428	0.0021499
4.344	0.00215075
4.3452	0.00215159
4.3464	0.00215244
4.3476	0.00215329
4.3488	0.00215413
4.35	0.00215498
4.3512	0.00215583
4.3524	0.00215667
4.3536	0.00215752
4.3548	0.00215837
4.356	0.00215921
4.3572	0.00216006
4.3584	0.00216091
4.3596	0.00216175
4.3608	0.0021626
4.362	0.00216345
4.3632	0.00216429
4.3644	0.00216514
4.3656	0.00216599
4.3668	0.00216683
4.368	0.00216768
4.3692	0.00216852
4.3704	0.00216937
4.3716	0.00217022
4.3728	0.00217106
4.374	0.00217191
4.3752	0.00217276
4.3764	0.0021736
4.3776	0.00217445
4.3788	0.0021753
4.38	0.00217614
4.3812	0.00217699
4.3824	0.00217783
4.3836	0.00217868
4.3848	0.00217953
4.386	0.00218037
4.3872	0.00218122
4.3884	0.00218207
4.3896	0.00218291
4.3908	0.00218376
4.392	0.0021846
4.3932	0.00218545
4.3944	0.0021863
4.3956	0.00218714
4.3968	0.00218799
4.398	0.00218883
4.3992	0.00218968
4.4004	0.00219053
4.4016	0.00219137
4.4028	0.00219222
4.404	0.00219306
4.4052	0.00219391
4.4064	0.00219476
4.4076	0.0021956
4.4088	0.00219645
4.41	0.00219729
4.4112	0.00219814
4.4124	0.00219899
4.4136	0.00219983
4.4148	0.00220068
4.416	0.00220152
4.4172	0.00220237
4.4184	0.00220322
4.4196	0.00220406
4.4208	0.00220491
4.422	0.00220575
4.4232	0.0022066
4.4244	0.00220744
4.4256	0.00220829
4.4268	0.00220914
4.428	0.00220998
4.4292	0.00221083
4.4304	0.00221167
4.4316	0.00221252
4.4328	0.00221336
4.434	0.00221421
4.4352	0.00221505
4.4364	0.0022159
4.4376	0.00221674
4.4388	0.00221759
4.44	0.00221844
4.4412	0.00221928
4.4424	0.00222013
4.4436	0.00222097
4.4448	0.00222182
4.446	0.00222266
4.4472	0.00222351
4.4484	0.00222435
4.4496	0.0022252
4.4508	0.00222604
4.452	0.00222689
4.4532	0.00222773
4.4544	0.00222858
4.4556	0.00222942
4.4568	0.00223027
4.458	0.00223111
4.4592	0.00223196
4.4604	0.0022328
4.4616	0.00223365
4.4628	0.00223449
4.464	0.00223534
4.4652	0.00223618
4.4664	0.00223703
4.4676	0.00223787
4.4688	0.00223872
4.47	0.00223956
4.4712	0.00224041
4.4724	0.00224125
4.4736	0.0022421
4.4748	0.00224294
4.476	0.00224379
4.4772	0.00224463
4.4784	0.00224548
4.4796	0.00224632
4.4808	0.00224717
4.482	0.00224801
4.4832	0.00224885
4.4844	0.0022497
4.4856	0.00225054
4.4868	0.00225139
4.488	0.00225223
4.4892	0.00225308
4.4904	0.00225392
4.4916	0.00225477
4.4928	0.00225561
4.494	0.00225645
4.4952	0.0022573
4.4964	0.00225814
4.4976	0.00225899
4.4988	0.00225983
4.5	0.00226067
4.5012	0.00226152
4.5024	0.00226236
4.5036	0.00226321
4.5048	0.00226405
4.506	0.0022649
4.5072	0.00226574
4.5084	0.00226658
4.5096	0.00226743
4.5108	0.00226827
4.512	0.00226911
4.5132	0.00226996
4.5144	0.0022708
4.5156	0.00227165
4.5168	0.00227249
4.518	0.00227333
4.5192	0.00227418
4.5204	0.00227502
4.5216	0.00227586
4.5228	0.00227671
4.524	0.00227755
4.5252	0.0022784
4.5264	0.00227924
4.5276	0.00228008
4.5288	0.00228093
4.53	0.00228177
4.5312	0.00228261
4.5324	0.00228346
4.5336	0.0022843
4.5348	0.00228514
4.536	0.00228599
4.5372	0.00228683
4.5384	0.00228767
4.5396	0.00228852
4.5408	0.00228936
4.542	0.0022902
4.5432	0.00229104
4.5444	0.00229189
4.5456	0.00229273
4.5468	0.00229357
4.548	0.00229442
4.5492	0.00229526
4.5504	0.0022961
4.5516	0.00229695
4.5528	0.00229779
4.554	0.00229863
4.5552	0.00229947
4.5564	0.00230032
4.5576	0.00230116
4.5588	0.002302
4.56	0.00230284
4.5612	0.00230369
4.5624	0.00230453
4.5636	0.00230537
4.5648	0.00230621
4.566	0.00230706
4.5672	0.0023079
4.5684	0.00230874
4.5696	0.00230958
4.5708	0.00231043
4.572	0.00231127
4.5732	0.00231211
4.5744	0.00231295
4.5756	0.00231379
4.5768	0.00231464
4.578	0.00231548
4.5792	0.00231632
4.5804	0.00231716
4.5816	0.002318
4.5828	0.00231885
4.584	0.00231969
4.5852	0.00232053
4.5864	0.00232137
4.5876	0.00232221
4.5888	0.00232306
4.59	0.0023239
4.5912	0.00232474
4.5924	0.00232558
4.5936	0.00232642
4.5948	0.00232726
4.596	0.00232811
4.5972	0.00232895
4.5984	0.00232979
4.5996	0.00233063
4.6008	0.00233147
4.602	0.00233231
4.6032	0.00233315
4.6044	0.00233399
4.6056	0.00233484
4.6068	0.00233568
4.608	0.00233652
4.6092	0.00233736
4.6104	0.0023382
4.6116	0.00233904
4.6128	0.00233988
4.614	0.00234072
4.6152	0.00234156
4.6164	0.0023424
4.6176	0.00234325
4.6188	0.00234409
4.62	0.00234493
4.6212	0.00234577
4.6224	0.00234661
4.6236	0.00234745
4.6248	0.00234829
4.626	0.00234913
4.6272	0.00234997
4.6284	0.00235081
4.6296	0.00235165
4.6308	0.00235249
4.632	0.00235333
4.6332	0.00235417
4.6344	0.00235501
4.6356	0.00235585
4.6368	0.00235669
4.638	0.00235753
4.6392	0.00235837
4.6404	0.00235921
4.6416	0.00236005
4.6428	0.00236089
4.644	0.00236173
4.6452	0.00236257
4.6464	0.00236341
4.6476	0.00236425
4.6488	0.00236509
4.65	0.00236593
4.6512	0.00236677
4.6524	0.00236761
4.6536	0.00236845
4.6548	0.00236929
4.656	0.00237013
4.6572	0.00237097
4.6584	0.00237181
4.6596	0.00237265
4.6608	0.00237349
4.662	0.00237433
4.6632	0.00237516
4.6644	0.002376
4.6656	0.00237684
4.6668	0.00237768
4.668	0.00237852
4.6692	0.00237936
4.6704	0.0023802
4.6716	0.00238104
4.6728	0.00238188
4.674	0.00238272
4.6752	0.00238355
4.6764	0.00238439
4.6776	0.00238523
4.6788	0.00238607
4.68	0.00238691
4.6812	0.00238775
4.6824	0.00238859
4.6836	0.00238942
4.6848	0.00239026
4.686	0.0023911
4.6872	0.00239194
4.6884	0.00239278
4.6896	0.00239362
4.6908	0.00239445
4.692	0.00239529
4.6932	0.00239613
4.6944	0.00239697
4.6956	0.00239781
4.6968	0.00239864
4.698	0.00239948
4.6992	0.00240032
4.7004	0.00240116
4.7016	0.00240199
4.7028	0.00240283
4.704	0.00240367
4.7052	0.00240451
4.7064	0.00240534
4.7076	0.00240618
4.7088	0.00240702
4.71	0.00240786
4.7112	0.00240869
4.7124	0.00240953
4.7136	0.00241037
4.7148	0.00241121
4.716	0.00241204
4.7172	0.00241288
4.7184	0.00241372
4.7196	0.00241455
4.7208	0.00241539
4.722	0.00241623
4.7232	0.00241706
4.7244	0.0024179
4.7256	0.00241874
4.7268	0.00241957
4.728	0.00242041
4.7292	0.00242125
4.7304	0.00242208
4.7316	0.00242292
4.7328	0.00242376
4.734	0.00242459
4.7352	0.00242543
4.7364	0.00242627
4.7376	0.0024271
4.7388	0.00242794
4.74	0.00242877
4.7412	0.00242961
4.7424	0.00243045
4.7436	0.00243128
4.7448	0.00243212
4.746	0.00243295
4.7472	0.00243379
4.7484	0.00243462
4.7496	0.00243546
4.7508	0.0024363
4.752	0.00243713
4.7532	0.00243797
4.7544	0.0024388
4.7556	0.00243964
4.7568	0.00244047
4.758	0.00244131
4.7592	0.00244214
4.7604	0.00244298
4.7616	0.00244381
4.7628	0.00244465
4.764	0.00244548
4.7652	0.00244632
4.7664	0.00244715
4.7676	0.00244799
4.7688	0.00244882
4.77	0.00244966
4.7712	0.00245049
4.7724	0.00245133
4.7736	0.00245216
4.7748	0.002453
4.776	0.00245383
4.7772	0.00245467
4.7784	0.0024555
4.7796	0.00245633
4.7808	0.00245717
4.782	0.002458
4.7832	0.00245884
4.7844	0.00245967
4.7856	0.0024605
4.7868	0.00246134
4.788	0.00246217
4.7892	0.00246301
4.7904	0.00246384
4.7916	0.00246467
4.7928	0.00246551
4.794	0.00246634
4.7952	0.00246717
4.7964	0.00246801
4.7976	0.00246884
4.7988	0.00246967
4.8	0.00247051
4.8012	0.00247134
4.8024	0.00247217
4.8036	0.00247301
4.8048	0.00247384
4.806	0.00247467
4.8072	0.00247551
4.8084	0.00247634
4.8096	0.00247717
4.8108	0.002478
4.812	0.00247884
4.8132	0.00247967
4.8144	0.0024805
4.8156	0.00248134
4.8168	0.00248217
4.818	0.002483
4.8192	0.00248383
4.8204	0.00248466
4.8216	0.0024855
4.8228	0.00248633
4.824	0.00248716
4.8252	0.00248799
4.8264	0.00248883
4.8276	0.00248966
4.8288	0.00249049
4.83	0.00249132
4.8312	0.00249215
4.8324	0.00249298
4.8336	0.00249382
4.8348	0.00249465
4.836	0.00249548
4.8372	0.00249631
4.8384	0.00249714
4.8396	0.00249797
4.8408	0.0024988
4.842	0.00249964
4.8432	0.00250047
4.8444	0.0025013
4.8456	0.00250213
4.8468	0.00250296
4.848	0.00250379
4.8492	0.00250462
4.8504	0.00250545
4.8516	0.00250628
4.8528	0.00250711
4.854	0.00250794
4.8552	0.00250877
4.8564	0.0025096
4.8576	0.00251044
4.8588	0.00251127
4.86	0.0025121
4.8612	0.00251293
4.8624	0.00251376
4.8636	0.00251459
4.8648	0.00251542
4.866	0.00251625
4.8672	0.00251708
4.8684	0.00251791
4.8696	0.00251874
4.8708	0.00251956
4.872	0.00252039
4.8732	0.00252122
4.8744	0.00252205
4.8756	0.00252288
4.8768	0.00252371
4.878	0.00252454
4.8792	0.00252537
4.8804	0.0025262
4.8816	0.00252703
4.8828	0.00252786
4.884	0.00252869
4.8852	0.00252952
4.8864	0.00253034
4.8876	0.00253117
4.8888	0.002532
4.89	0.00253283
4.8912	0.00253366
4.8924	0.00253449
4.8936	0.00253532
4.8948	0.00253614
4.896	0.00253697
4.8972	0.0025378
4.8984	0.00253863
4.8996	0.00253946
4.9008	0.00254028
4.902	0.00254111
4.9032	0.00254194
4.9044	0.00254277
4.9056	0.0025436
4.9068	0.00254442
4.908	0.00254525
4.9092	0.00254608
4.9104	0.00254691
4.9116	0.00254773
4.9128	0.00254856
4.914	0.00254939
4.9152	0.00255022
4.9164	0.00255104
4.9176	0.00255187
4.9188	0.0025527
4.92	0.00255352
4.9212	0.00255435
4.9224	0.00255518
4.9236	0.002556
4.9248	0.00255683
4.926	0.00255766
4.9272	0.00255848
4.9284	0.00255931
4.9296	0.00256014
4.9308	0.00256096
4.932	0.00256179
4.9332	0.00256261
4.9344	0.00256344
4.9356	0.00256427
4.9368	0.00256509
4.938	0.00256592
4.9392	0.00256674
4.9404	0.00256757
4.9416	0.0025684
4.9428	0.00256922
4.944	0.00257005
4.9452	0.00257087
4.9464	0.0025717
4.9476	0.00257252
4.9488	0.00257335
4.95	0.00257417
4.9512	0.002575
4.9524	0.00257582
4.9536	0.00257665
4.9548	0.00257747
4.956	0.0025783
4.9572	0.00257912
4.9584	0.00257995
4.9596	0.00258077
4.9608	0.0025816
4.962	0.00258242
4.9632	0.00258325
4.9644	0.00258407
4.9656	0.00258489
4.9668	0.00258572
4.968	0.00258654
4.9692	0.00258737
4.9704	0.00258819
4.9716	0.00258901
4.9728	0.00258984
4.974	0.00259066
4.9752	0.00259148
4.9764	0.00259231
4.9776	0.00259313
4.9788	0.00259395
4.98	0.00259478
4.9812	0.0025956
4.9824	0.00259642
4.9836	0.00259725
4.9848	0.00259807
4.986	0.00259889
4.9872	0.00259972
4.9884	0.00260054
4.9896	0.00260136
4.9908	0.00260218
4.992	0.00260301
4.9932	0.00260383
4.9944	0.00260465
4.9956	0.00260547
4.9968	0.0026063
4.998	0.00260712
4.9992	0.00260794
5.0004	0.00260876
5.0016	0.00260958
5.0028	0.00261041
5.004	0.00261123
5.0052	0.00261205
5.0064	0.00261287
5.0076	0.00261369
5.0088	0.00261451
5.01	0.00261534
5.0112	0.00261616
5.0124	0.00261698
5.0136	0.0026178
5.0148	0.00261862
5.016	0.00261944
5.0172	0.00262026
5.0184	0.00262108
5.0196	0.0026219
5.0208	0.00262272
5.022	0.00262355
5.0232	0.00262437
5.0244	0.00262519
5.0256	0.00262601
5.0268	0.00262683
5.028	0.00262765
5.0292	0.00262847
5.0304	0.00262929
5.0316	0.00263011
5.0328	0.00263093
5.034	0.00263175
5.0352	0.00263257
5.0364	0.00263339
5.0376	0.00263421
5.0388	0.00263503
5.04	0.00263584
5.0412	0.00263666
5.0424	0.00263748
5.0436	0.0026383
5.0448	0.00263912
5.046	0.00263994
5.0472	0.00264076
5.0484	0.00264158
5.0496	0.0026424
5.0508	0.00264322
5.052	0.00264403
5.0532	0.00264485
5.0544	0.00264567
5.0556	0.00264649
5.0568	0.00264731
5.058	0.00264813
5.0592	0.00264894
5.0604	0.00264976
5.0616	0.00265058
5.0628	0.0026514
5.064	0.00265222
5.0652	0.00265303
5.0664	0.00265385
5.0676	0.00265467
5.0688	0.00265549
5.07	0.0026563
5.0712	0.00265712
5.0724	0.00265794
5.0736	0.00265876
5.0748	0.00265957
5.076	0.00266039
5.0772	0.00266121
5.0784	0.00266202
5.0796	0.00266284
5.0808	0.00266366
5.082	0.00266447
5.0832	0.00266529
5.0844	0.00266611
5.0856	0.00266692
5.0868	0.00266774
5.088	0.00266855
5.0892	0.00266937
5.0904	0.00267019
5.0916	0.002671
5.0928	0.00267182
5.094	0.00267263
5.0952	0.00267345
5.0964	0.00267427
5.0976	0.00267508
5.0988	0.0026759
5.1	0.00267671
5.1012	0.00267753
5.1024	0.00267834
5.1036	0.00267916
5.1048	0.00267997
5.106	0.00268079
5.1072	0.0026816
5.1084	0.00268242
5.1096	0.00268323
5.1108	0.00268404
5.112	0.00268486
5.1132	0.00268567
5.1144	0.00268649
5.1156	0.0026873
5.1168	0.00268812
5.118	0.00268893
5.1192	0.00268974
5.1204	0.00269056
5.1216	0.00269137
5.1228	0.00269219
5.124	0.002693
5.1252	0.00269381
5.1264	0.00269463
5.1276	0.00269544
5.1288	0.00269625
5.13	0.00269707
5.1312	0.00269788
5.1324	0.00269869
5.1336	0.0026995
5.1348	0.00270032
5.136	0.00270113
5.1372	0.00270194
5.1384	0.00270275
5.1396	0.00270357
5.1408	0.00270438
5.142	0.00270519
5.1432	0.002706
5.1444	0.00270682
5.1456	0.00270763
5.1468	0.00270844
5.148	0.00270925
5.1492	0.00271006
5.1504	0.00271087
5.1516	0.00271169
5.1528	0.0027125
5.154	0.00271331
5.1552	0.00271412
5.1564	0.00271493
5.1576	0.00271574
5.1588	0.00271655
5.16	0.00271736
5.1612	0.00271817
5.1624	0.00271899
5.1636	0.0027198
5.1648	0.00272061
5.166	0.00272142
5.1672	0.00272223
5.1684	0.00272304
5.1696	0.00272385
5.1708	0.00272466
5.172	0.00272547
5.1732	0.00272628
5.1744	0.00272709
5.1756	0.0027279
5.1768	0.00272871
5.178	0.00272952
5.1792	0.00273033
5.1804	0.00273114
5.1816	0.00273194
5.1828	0.00273275
5.184	0.00273356
5.1852	0.00273437
5.1864	0.00273518
5.1876	0.00273599
5.1888	0.0027368
5.19	0.00273761
5.1912	0.00273842
5.1924	0.00273922
5.1936	0.00274003
5.1948	0.00274084
5.196	0.00274165
5.1972	0.00274246
5.1984	0.00274326
5.1996	0.00274407
5.2008	0.00274488
5.202	0.00274569
5.2032	0.0027465
5.2044	0.0027473
5.2056	0.00274811
5.2068	0.00274892
5.208	0.00274972
5.2092	0.00275053
5.2104	0.00275134
5.2116	0.00275215
5.2128	0.00275295
5.214	0.00275376
5.2152	0.00275457
5.2164	0.00275537
5.2176	0.00275618
5.2188	0.00275699
5.22	0.00275779
5.2212	0.0027586
5.2224	0.0027594
5.2236	0.00276021
5.2248	0.00276102
5.226	0.00276182
5.2272	0.00276263
5.2284	0.00276343
5.2296	0.00276424
5.2308	0.00276504
5.232	0.00276585
5.2332	0.00276665
5.2344	0.00276746
5.2356	0.00276826
5.2368	0.00276907
5.238	0.00276987
5.2392	0.00277068
5.2404	0.00277148
5.2416	0.00277229
5.2428	0.00277309
5.244	0.0027739
5.2452	0.0027747
5.2464	0.0027755
5.2476	0.00277631
5.2488	0.00277711
5.25	0.00277792
5.2512	0.00277872
5.2524	0.00277952
5.2536	0.00278033
5.2548	0.00278113
5.256	0.00278193
5.2572	0.00278274
5.2584	0.00278354
5.2596	0.00278434
5.2608	0.00278515
5.262	0.00278595
5.2632	0.00278675
5.2644	0.00278755
5.2656	0.00278836
5.2668	0.00278916
5.268	0.00278996
5.2692	0.00279076
5.2704	0.00279157
5.2716	0.00279237
5.2728	0.00279317
5.274	0.00279397
5.2752	0.00279477
5.2764	0.00279558
5.2776	0.00279638
5.2788	0.00279718
5.28	0.00279798
5.2812	0.00279878
5.2824	0.00279958
5.2836	0.00280038
5.2848	0.00280118
5.286	0.00280199
5.2872	0.00280279
5.2884	0.00280359
5.2896	0.00280439
5.2908	0.00280519
5.292	0.00280599
5.2932	0.00280679
5.2944	0.00280759
5.2956	0.00280839
5.2968	0.00280919
5.298	0.00280999
5.2992	0.00281079
5.3004	0.00281159
5.3016	0.00281239
5.3028	0.00281319
5.304	0.00281399
5.3052	0.00281479
5.3064	0.00281559
5.3076	0.00281638
5.3088	0.00281718
5.31	0.00281798
5.3112	0.00281878
5.3124	0.00281958
5.3136	0.00282038
5.3148	0.00282118
5.316	0.00282197
5.3172	0.00282277
5.3184	0.00282357
5.3196	0.00282437
5.3208	0.00282517
5.322	0.00282596
5.3232	0.00282676
5.3244	0.00282756
5.3256	0.00282836
5.3268	0.00282916
5.328	0.00282995
5.3292	0.00283075
5.3304	0.00283155
5.3316	0.00283234
5.3328	0.00283314
5.334	0.00283394
5.3352	0.00283473
5.3364	0.00283553
5.3376	0.00283633
5.3388	0.00283712
5.34	0.00283792
5.3412	0.00283872
5.3424	0.00283951
5.3436	0.00284031
5.3448	0.0028411
5.346	0.0028419
5.3472	0.0028427
5.3484	0.00284349
5.3496	0.00284429
5.3508	0.00284508
5.352	0.00284588
5.3532	0.00284667
5.3544	0.00284747
5.3556	0.00284826
5.3568	0.00284906
5.358	0.00284985
5.3592	0.00285065
5.3604	0.00285144
5.3616	0.00285223
5.3628	0.00285303
5.364	0.00285382
5.3652	0.00285462
5.3664	0.00285541
5.3676	0.0028562
5.3688	0.002857
5.37	0.00285779
5.3712	0.00285859
5.3724	0.00285938
5.3736	0.00286017
5.3748	0.00286097
5.376	0.00286176
5.3772	0.00286255
5.3784	0.00286334
5.3796	0.00286414
5.3808	0.00286493
5.382	0.00286572
5.3832	0.00286651
5.3844	0.00286731
5.3856	0.0028681
5.3868	0.00286889
5.388	0.00286968
5.3892	0.00287048
5.3904	0.00287127
5.3916	0.00287206
5.3928	0.00287285
5.394	0.00287364
5.3952	0.00287443
5.3964	0.00287522
5.3976	0.00287602
5.3988	0.00287681
5.4	0.0028776
5.4012	0.00287839
5.4024	0.00287918
5.4036	0.00287997
5.4048	0.00288076
5.406	0.00288155
5.4072	0.00288234
5.4084	0.00288313
5.4096	0.00288392
5.4108	0.00288471
5.412	0.0028855
5.4132	0.00288629
5.4144	0.00288708
5.4156	0.00288787
5.4168	0.00288866
5.418	0.00288945
5.4192	0.00289024
5.4204	0.00289103
5.4216	0.00289182
5.4228	0.0028926
5.424	0.00289339
5.4252	0.00289418
5.4264	0.00289497
5.4276	0.00289576
5.4288	0.00289655
5.43	0.00289734
5.4312	0.00289812
5.4324	0.00289891
5.4336	0.0028997
5.4348	0.00290049
5.436	0.00290127
5.4372	0.00290206
5.4384	0.00290285
5.4396	0.00290364
5.4408	0.00290442
5.442	0.00290521
5.4432	0.002906
5.4444	0.00290678
5.4456	0.00290757
5.4468	0.00290836
5.448	0.00290914
5.4492	0.00290993
5.4504	0.00291072
5.4516	0.0029115
5.4528	0.00291229
5.454	0.00291308
5.4552	0.00291386
5.4564	0.00291465
5.4576	0.00291543
5.4588	0.00291622
5.46	0.002917
5.4612	0.00291779
5.4624	0.00291857
5.4636	0.00291936
5.4648	0.00292014
5.466	0.00292093
5.4672	0.00292171
5.4684	0.0029225
5.4696	0.00292328
5.4708	0.00292407
5.472	0.00292485
5.4732	0.00292563
5.4744	0.00292642
5.4756	0.0029272
5.4768	0.00292799
5.478	0.00292877
5.4792	0.00292955
5.4804	0.00293034
5.4816	0.00293112
5.4828	0.0029319
5.484	0.00293269
5.4852	0.00293347
5.4864	0.00293425
5.4876	0.00293504
5.4888	0.00293582
5.49	0.0029366
5.4912	0.00293738
5.4924	0.00293817
5.4936	0.00293895
5.4948	0.00293973
5.496	0.00294051
5.4972	0.00294129
5.4984	0.00294207
5.4996	0.00294286
5.5008	0.00294364
5.502	0.00294442
5.5032	0.0029452
5.5044	0.00294598
5.5056	0.00294676
5.5068	0.00294754
5.508	0.00294832
5.5092	0.00294911
5.5104	0.00294989
5.5116	0.00295067
5.5128	0.00295145
5.514	0.00295223
5.5152	0.00295301
5.5164	0.00295379
5.5176	0.00295457
5.5188	0.00295535
5.52	0.00295613
5.5212	0.00295691
5.5224	0.00295768
5.5236	0.00295846
5.5248	0.00295924
5.526	0.00296002
5.5272	0.0029608
5.5284	0.00296158
5.5296	0.00296236
5.5308	0.00296314
5.532	0.00296392
5.5332	0.00296469
5.5344	0.00296547
5.5356	0.00296625
5.5368	0.00296703
5.538	0.00296781
5.5392	0.00296858
5.5404	0.00296936
5.5416	0.00297014
5.5428	0.00297092
5.544	0.00297169
5.5452	0.00297247
5.5464	0.00297325
5.5476	0.00297402
5.5488	0.0029748
5.55	0.00297558
5.5512	0.00297635
5.5524	0.00297713
5.5536	0.00297791
5.5548	0.00297868
5.556	0.00297946
5.5572	0.00298023
5.5584	0.00298101
5.5596	0.00298179
5.5608	0.00298256
5.562	0.00298334
5.5632	0.00298411
5.5644	0.00298489
5.5656	0.00298566
5.5668	0.00298644
5.568	0.00298721
5.5692	0.00298799
5.5704	0.00298876
5.5716	0.00298954
5.5728	0.00299031
5.574	0.00299109
5.5752	0.00299186
5.5764	0.00299263
5.5776	0.00299341
5.5788	0.00299418
5.58	0.00299495
5.5812	0.00299573
5.5824	0.0029965
5.5836	0.00299727
5.5848	0.00299805
5.586	0.00299882
5.5872	0.00299959
5.5884	0.00300037
5.5896	0.00300114
5.5908	0.00300191
5.592	0.00300268
5.5932	0.00300346
5.5944	0.00300423
5.5956	0.003005
5.5968	0.00300577
5.598	0.00300654
5.5992	0.00300732
5.6004	0.00300809
5.6016	0.00300886
5.6028	0.00300963
5.604	0.0030104
5.6052	0.00301117
5.6064	0.00301194
5.6076	0.00301271
5.6088	0.00301349
5.61	0.00301426
5.6112	0.00301503
5.6124	0.0030158
5.6136	0.00301657
5.6148	0.00301734
5.616	0.00301811
5.6172	0.00301888
5.6184	0.00301965
5.6196	0.00302042
5.6208	0.00302119
5.622	0.00302195
5.6232	0.00302272
5.6244	0.00302349
5.6256	0.00302426
5.6268	0.00302503
5.628	0.0030258
5.6292	0.00302657
5.6304	0.00302734
5.6316	0.00302811
5.6328	0.00302887
5.634	0.00302964
5.6352	0.00303041
5.6364	0.00303118
5.6376	0.00303195
5.6388	0.00303271
5.64	0.00303348
5.6412	0.00303425
5.6424	0.00303501
5.6436	0.00303578
5.6448	0.00303655
5.646	0.00303732
5.6472	0.00303808
5.6484	0.00303885
5.6496	0.00303962
5.6508	0.00304038
5.652	0.00304115
5.6532	0.00304191
5.6544	0.00304268
5.6556	0.00304345
5.6568	0.00304421
5.658	0.00304498
5.6592	0.00304574
5.6604	0.00304651
5.6616	0.00304727
5.6628	0.00304804
5.664	0.0030488
5.6652	0.00304957
5.6664	0.00305033
5.6676	0.0030511
5.6688	0.00305186
5.67	0.00305263
5.6712	0.00305339
5.6724	0.00305415
5.6736	0.00305492
5.6748	0.00305568
5.676	0.00305645
5.6772	0.00305721
5.6784	0.00305797
5.6796	0.00305874
5.6808	0.0030595
5.682	0.00306026
5.6832	0.00306103
5.6844	0.00306179
5.6856	0.00306255
5.6868	0.00306331
5.688	0.00306408
5.6892	0.00306484
5.6904	0.0030656
5.6916	0.00306636
5.6928	0.00306712
5.694	0.00306789
5.6952	0.00306865
5.6964	0.00306941
5.6976	0.00307017
5.6988	0.00307093
5.7	0.00307169
5.7012	0.00307245
5.7024	0.00307321
5.7036	0.00307398
5.7048	0.00307474
5.706	0.0030755
5.7072	0.00307626
5.7084	0.00307702
5.7096	0.00307778
5.7108	0.00307854
5.712	0.0030793
5.7132	0.00308006
5.7144	0.00308082
5.7156	0.00308158
5.7168	0.00308233
5.718	0.00308309
5.7192	0.00308385
5.7204	0.00308461
5.7216	0.00308537
5.7228	0.00308613
5.724	0.00308689
5.7252	0.00308765
5.7264	0.0030884
5.7276	0.00308916
5.7288	0.00308992
5.73	0.00309068
5.7312	0.00309144
5.7324	0.00309219
5.7336	0.00309295
5.7348	0.00309371
5.736	0.00309447
5.7372	0.00309522
5.7384	0.00309598
5.7396	0.00309674
5.7408	0.00309749
5.742	0.00309825
5.7432	0.00309901
5.7444	0.00309976
5.7456	0.00310052
5.7468	0.00310127
5.748	0.00310203
5.7492	0.00310279
5.7504	0.00310354
5.7516	0.0031043
5.7528	0.00310505
5.754	0.00310581
5.7552	0.00310656
5.7564	0.00310732
5.7576	0.00310807
5.7588	0.00310883
5.76	0.00310958
5.7612	0.00311034
5.7624	0.00311109
5.7636	0.00311185
5.7648	0.0031126
5.766	0.00311335
5.7672	0.00311411
5.7684	0.00311486
5.7696	0.00311561
5.7708	0.00311637
5.772	0.00311712
5.7732	0.00311787
5.7744	0.00311863
5.7756	0.00311938
5.7768	0.00312013
5.778	0.00312089
5.7792	0.00312164
5.7804	0.00312239
5.7816	0.00312314
5.7828	0.00312389
5.784	0.00312465
5.7852	0.0031254
5.7864	0.00312615
5.7876	0.0031269
5.7888	0.00312765
5.79	0.0031284
5.7912	0.00312915
5.7924	0.00312991
5.7936	0.00313066
5.7948	0.00313141
5.796	0.00313216
5.7972	0.00313291
5.7984	0.00313366
5.7996	0.00313441
5.8008	0.00313516
5.802	0.00313591
5.8032	0.00313666
5.8044	0.00313741
5.8056	0.00313816
5.8068	0.00313891
5.808	0.00313966
5.8092	0.00314041
5.8104	0.00314115
5.8116	0.0031419
5.8128	0.00314265
5.814	0.0031434
5.8152	0.00314415
5.8164	0.0031449
5.8176	0.00314565
5.8188	0.00314639
5.82	0.00314714
5.8212	0.00314789
5.8224	0.00314864
5.8236	0.00314938
5.8248	0.00315013
5.826	0.00315088
5.8272	0.00315163
5.8284	0.00315237
5.8296	0.00315312
5.8308	0.00315387
5.832	0.00315461
5.8332	0.00315536
5.8344	0.0031561
5.8356	0.00315685
5.8368	0.0031576
5.838	0.00315834
5.8392	0.00315909
5.8404	0.00315983
5.8416	0.00316058
5.8428	0.00316132
5.844	0.00316207
5.8452	0.00316281
5.8464	0.00316356
5.8476	0.0031643
5.8488	0.00316505
5.85	0.00316579
5.8512	0.00316654
5.8524	0.00316728
5.8536	0.00316803
5.8548	0.00316877
5.856	0.00316951
5.8572	0.00317026
5.8584	0.003171
5.8596	0.00317174
5.8608	0.00317249
5.862	0.00317323
5.8632	0.00317397
5.8644	0.00317472
5.8656	0.00317546
5.8668	0.0031762
5.868	0.00317694
5.8692	0.00317769
5.8704	0.00317843
5.8716	0.00317917
5.8728	0.00317991
5.874	0.00318065
5.8752	0.0031814
5.8764	0.00318214
5.8776	0.00318288
5.8788	0.00318362
5.88	0.00318436
5.8812	0.0031851
5.8824	0.00318584
5.8836	0.00318658
5.8848	0.00318732
5.886	0.00318806
5.8872	0.0031888
5.8884	0.00318954
5.8896	0.00319028
5.8908	0.00319102
5.892	0.00319176
5.8932	0.0031925
5.8944	0.00319324
5.8956	0.00319398
5.8968	0.00319472
5.898	0.00319546
5.8992	0.0031962
5.9004	0.00319694
5.9016	0.00319767
5.9028	0.00319841
5.904	0.00319915
5.9052	0.00319989
5.9064	0.00320063
5.9076	0.00320136
5.9088	0.0032021
5.91	0.00320284
5.9112	0.00320358
5.9124	0.00320431
5.9136	0.00320505
5.9148	0.00320579
5.916	0.00320652
5.9172	0.00320726
5.9184	0.003208
5.9196	0.00320873
5.9208	0.00320947
5.922	0.00321021
5.9232	0.00321094
5.9244	0.00321168
5.9256	0.00321241
5.9268	0.00321315
5.928	0.00321388
5.9292	0.00321462
5.9304	0.00321535
5.9316	0.00321609
5.9328	0.00321682
5.934	0.00321756
5.9352	0.00321829
5.9364	0.00321903
5.9376	0.00321976
5.9388	0.0032205
5.94	0.00322123
5.9412	0.00322196
5.9424	0.0032227
5.9436	0.00322343
5.9448	0.00322416
5.946	0.0032249
5.9472	0.00322563
5.9484	0.00322636
5.9496	0.0032271
5.9508	0.00322783
5.952	0.00322856
5.9532	0.00322929
5.9544	0.00323003
5.9556	0.00323076
5.9568	0.00323149
5.958	0.00323222
5.9592	0.00323295
5.9604	0.00323369
5.9616	0.00323442
5.9628	0.00323515
5.964	0.00323588
5.9652	0.00323661
5.9664	0.00323734
5.9676	0.00323807
5.9688	0.0032388
5.97	0.00323953
5.9712	0.00324026
5.9724	0.00324099
5.9736	0.00324172
5.9748	0.00324245
5.976	0.00324318
5.9772	0.00324391
5.9784	0.00324464
5.9796	0.00324537
5.9808	0.0032461
5.982	0.00324683
5.9832	0.00324756
5.9844	0.00324829
5.9856	0.00324901
5.9868	0.00324974
5.988	0.00325047
5.9892	0.0032512
5.9904	0.00325193
5.9916	0.00325265
5.9928	0.00325338
5.994	0.00325411
5.9952	0.00325484
5.9964	0.00325556
5.9976	0.00325629
5.9988	0.00325702
6	0.00325775
