!boundary.txt
1 810 5
2 824 5
3 838 5
4 851 5
5 64 5
6 68 5
7 72 5
8 75 5
9 695 5
10 709 5
11 724 5
12 737 5
13 753 5
14 768 5
15 782 5
16 795 5
17 572 5
18 588 5
19 603 5
20 617 5
21 634 5
22 649 5
23 665 5
24 679 5
25 177 -1
26 182 -1
27 187 -1
28 192 -1
29 197 -1
30 201 -1
31 205 -1
32 209 -1
33 214 -1
34 218 -1
35 222 -1
36 226 -1
37 231 -1
38 235 -1
39 239 -1
40 243 -1
41 249 -1
42 254 -1
43 259 -1
44 264 -1
45 269 -1
46 273 -1
47 277 -1
48 281 -1
49 286 -1
50 290 -1
51 294 -1
52 298 -1
53 303 -1
54 307 -1
55 311 -1
56 315 -1
57 320 -1
58 325 -1
59 330 -1
60 334 -1
61 338 -1
62 342 -1
63 346 -1
64 349 -1
65 353 -1
66 357 -1
67 361 -1
68 364 -1
69 368 -1
70 372 -1
71 376 -1
72 379 -1
73 384 -1
74 388 -1
75 392 -1
76 396 -1
77 401 -1
78 405 -1
79 409 -1
80 413 -1
81 418 -1
82 422 -1
83 426 -1
84 430 -1
85 434 -1
86 437 -1
87 440 -1
88 443 -1
89 447 -1
90 451 -1
91 455 -1
92 458 -1
93 462 -1
94 466 -1
95 470 -1
96 473 -1
97 477 -1
98 481 -1
99 485 -1
100 488 -1
101 491 -1
102 494 -1
103 497 -1
104 499 -1
105 503 -1
106 507 -1
107 511 -1
108 514 -1
109 518 -1
110 522 -1
111 526 -1
112 529 -1
113 533 -1
114 537 -1
115 541 -1
116 544 -1
117 547 -1
118 550 -1
119 553 -1
120 555 -1