3.50845818264 0 -92.3527842118 -129.513435393 -21.3263078901 26.1809586754
4.11766386006 0 -10.766407023 -18.162454355 -20.4209680106 -3.86136287455
4.13860024073 0 -10.7187514899 -17.2605042407 -11.839601421 -10.1419929951
4.20101805417 0 -10.9945405664 -14.6864428422 0.582752085185 -15.4484735423
4.35885421251 0 -12.6716070916 -8.89359261619 -45.2182410764 46.4890666545
4.49119638692 0 -13.6369523468 -4.87013514395 -56.8767747324 68.1326777045
4.53480244734 0 -13.8359651949 -3.67131066659 -41.5455782037 55.425906626
4.62946790082 0 -14.0647234413 -1.25092222891 12.2658573596 6.1919637582
4.65809480609 0 -13.9851899403 -0.625893979404 29.5813664469 -10.0442867907
4.73600677752 0 -13.9771130319 1.19159316433 66.3612841595 -44.5776917854
4.75066810156 0 -14.0025314571 1.54719717164 70.6336785176 -48.532720044
4.88461754938 0 -14.1891369103 4.79293437265 61.7658565751 -37.9520001515
4.89005956816 0 -14.182876858 4.9132825706 59.7645342274 -35.9149635511
4.92318851484 0 -14.0844578647 5.63046554179 45.6939507447 -21.6628170852
4.92697356766 0 -14.0666277147 5.70499403403 43.9133048894 -19.8648454351
4.93335217978 0 -14.0178170274 5.82797123157 40.8487777959 -16.7724845552
4.97252362487 0 -13.746582181 6.56961505028 20.8166993598 3.39897668781
4.97849334194 0 -13.6900741818 6.67293361502 17.6671142637 6.56586867768
5.0004609312 0 -13.4426254668 7.02861563441 6.11163550763 18.1780510397
5.00207291637 0 -13.4480791946 7.06994633981 5.27260322818 19.0208529543
5.00224087563 0 -13.4349412968 7.06675656409 5.18529319362 19.1085529099
5.00880421058 0 -13.4656706149 7.23108241497 1.79218928956 22.5164819631
5.02030068085 0 -13.4723329763 7.49641663246 -4.04180725391 28.3745993569
5.10233523256 0 -13.1085129016 9.09157634387 -37.7842014797 62.2263584822
5.13261181541 0 -12.8245133637 9.5657042478 -45.1041210045 69.5539975298
5.14531562757 0 -12.6845318419 9.74864640211 -47.1777059973 71.6237075418
5.14547276262 0 -12.6788858581 9.75056090312 -47.1995561893 71.6454801452
5.14646842365 0 -12.6655129226 9.76198177164 -47.3358376537 71.7812524953
5.14705321483 0 -12.6637703804 9.77260926915 -47.4141338925 71.8592355625
5.16764432897 0 -12.4003073225 10.0441820084 -49.3435429052 73.7705382023
5.17054479139 0 -12.3627284817 10.080175546 -49.4859173657 73.9091864045
5.17310382928 0 -12.3292226667 10.1116133359 -49.5850802133 74.0048049451
5.1827644859 0 -12.1964928952 10.2328931214 -49.7369801377 74.14107901
5.18651357957 0 -12.1478691753 10.2789895384 -49.7018238718 74.0988678215
5.20630046593 0 -11.8611609661 10.4889435763 -48.6621560824 73.0121318502
5.21611995604 0 -11.7200414905 10.6202952869 -47.628019887 71.9480992855
5.22131582089 0 -11.6439767591 10.6781298493 -46.9469083563 71.2493062995
5.22708634951 0 -11.5576752177 10.7394404567 -46.0848035416 70.3660046862
5.24117463086 0 -11.3528304333 10.8938322715 -43.5306156474 67.752923533
5.24569846906 0 -11.2834059289 10.9411978348 -42.5808436829 66.7820230257
5.26931649223 0 -10.947396158 11.1966637523 -36.6857347102 60.7582877549
5.27888515263 0 -10.8133357351 11.3012696075 -33.8906745281 57.9020760034
5.27898415657 0 -10.8113093253 11.3037891956 -33.8606440626 57.8713849366
5.28304275773 0 -10.7422407677 11.3409105912 -32.6108592364 56.5940239001
5.28855941745 0 -10.6810204812 11.4081029679 -30.8555093506 54.7996335439
5.30493534258 0 -10.4686036149 11.5919615422 -25.2977975117 49.1153638666
5.32059786164 0 -10.2779786835 11.7726613801 -19.5737534687 43.255243251
5.349015657 0 -9.97765836046 12.1212663453 -8.48972408695 31.8870375451
5.35123691464 0 -9.95364259911 12.1474097994 -7.5989887782 30.9721004308
5.35608492655 0 -9.90805459692 12.2116474747 -5.64789768761 28.9672079919
5.372033267 0 -9.77422840992 12.4228971178 0.80576195801 22.3272695414
5.38368274205 0 -9.69188749408 12.589398543 5.50995085654 17.4783129548
5.4131786001 0 -9.29604058215 12.8539158508 17.1014286927 5.48999081252
5.4240126794 0 -9.0659719154 12.8838778578 21.156836753 1.27891331926
5.43337375085 0 -8.87008760927 12.894301453 24.5396651917 -2.24223324812
5.4334329263 0 -8.85790622074 12.9084672832 24.5606543255 -2.2641073805
5.44208278158 0 -8.6895584126 12.9411840216 27.5709413307 -5.40511630001
5.44813593147 0 -8.57586738067 12.9664798649 29.6052745069 -7.53245718093
5.44866852461 0 -8.58484177253 12.9782621098 29.7812609648 -7.71668410128
5.45152213502 0 -8.53103566269 12.9905512068 30.7156442859 -8.69537118163
5.45399742617 0 -8.48814289217 13.0023901654 31.5142715544 -9.53263100161
5.47074965833 0 -8.20017416033 13.0876151655 36.6102543482 -14.8945707117
5.47542117151 0 -8.11682616011 13.09209216 37.9293865653 -16.2891145168
5.47803163796 0 -8.07537219507 13.1075626772 38.6461102007 -17.0481861452
5.47935367439 0 -8.04317132558 13.1290302391 39.0034066462 -17.4269830573
5.49247741488 0 -7.86149061266 13.2190509524 42.3367433294 -20.9755075897
5.49487454042 0 -7.82826453511 13.2382046415 42.9025323648 -21.5809053961
5.49735887109 0 -7.79207610904 13.2559608663 43.4744923069 -22.1939997193
5.52015758977 0 -7.48872307847 13.4232529931 48.0155522539 -27.1155404733
5.53109189649 0 -7.3542080593 13.5117707021 49.7251403714 -29.0086672432
5.53294933133 0 -7.33390508751 13.5298355531 49.9846431517 -29.2993634329
5.53826715998 0 -7.25379603604 13.5643454672 50.6775587514 -30.0815682573
5.54345341205 0 -7.20716545013 13.5960071284 51.2816080349 -30.7726327559
5.55268096233 0 -7.11499720752 13.7015497502 52.1805590836 -31.8260941868
5.55648162585 0 -7.05643359282 13.7268193823 52.4852895445 -32.1942987411
5.56417935209 0 -6.99501988672 13.8070949094 52.9854975578 -32.8226692314
5.57089405207 0 -6.93067723557 13.8715529387 53.2944082933 -33.2428523944
5.57860533404 0 -6.85641043473 13.9433330754 53.50380714 -33.5793167884
5.58010079371 0 -6.84147137977 13.9610391256 53.5265583483 -33.6266105151
5.59588416793 0 -6.69027984746 14.092570033 53.418491411 -33.7753088604
5.61476625897 0 -6.53172459283 14.3045712191 52.4791617382 -33.1368490613
5.61856459695 0 -6.4988692344 14.343089394 52.1879649121 -32.9052406838
5.62879582984 0 -6.41038709854 14.4460802573 51.2407566935 -32.1168667835
5.63694841106 0 -6.33971592359 14.527901051 50.3219585057 -31.3228250572
5.64057197857 0 -6.30809690747 14.5602803951 49.8686893702 -30.9244783742
5.64521105352 0 -6.26593105468 14.6075584298 49.2493552413 -30.3749785272
5.65197496403 0 -6.20635181684 14.6727532161 48.2702910629 -29.496761972
5.65210332111 0 -6.20674735915 14.676531718 48.2508617886 -29.4792352685
5.65449798984 0 -6.18578216389 14.6978582566 47.8827067577 -29.1464987254
5.66870515674 0 -6.03734027207 14.8236159202 45.4861844978 -26.9571375637
5.67436170547 0 -5.98442600958 14.8759010413 44.4369490911 -25.9889863666
5.68133908254 0 -5.9358941922 14.9469331627 43.0740985748 -24.7250881382
5.68426875172 0 -5.89955502822 14.950563695 42.4804500268 -24.1726451843
5.69249738398 0 -5.8245588132 15.0452875989 40.749757734 -22.5566415988
5.70236708933 0 -5.72073244559 15.1269499981 38.5610168672 -20.5035300025
5.70262839873 0 -5.71828317694 15.1281827533 38.5015295373 -20.4476064683
5.70773558214 0 -5.66224405655 15.1658949691 37.324114996 -19.3395789352
5.71059211805 0 -5.63022246841 15.1916671812 36.6538511883 -18.7079111365
5.71258408614 0 -5.60825908142 15.2052953887 36.1817513557 -18.262639065
5.71510529608 0 -5.57927323789 15.2216916855 35.5789227789 -17.6936675603
5.72097310822 0 -5.5103396552 15.267632966 34.1544625895 -16.347602623
5.75773698876 0 -5.02611433923 15.4836784517 24.7515893031 -7.42684628159
5.77303615618 0 -4.7905768623 15.5464737902 20.7287550518 -3.60295884682
5.77353262624 0 -4.78464255912 15.5496625546 20.5983015763 -3.47897455599
5.78645516643 0 -4.57008402902 15.5889458125 17.2184818573 -0.268238315503
5.78999685881 0 -4.50865956826 15.5965297153 16.3001272168 0.603455999868
5.79424475893 0 -4.4331298711 15.6055495676 15.2049833555 1.64239382963
5.79962443686 0 -4.33531165591 15.6108502793 13.8297276026 2.94602797521
5.81239142168 0 -4.31166846001 15.766867788 10.6312344854 5.972092996
5.82221141375 0 -4.29213075803 15.878805046 8.24851923405 8.21922999448
5.82715431154 0 -4.27326836324 15.9309676351 7.07931371953 9.3190215309
5.82810919585 0 -4.26882498688 15.9388384628 6.85596488036 9.52886144973
5.83660420758 0 -4.2390270607 16.024621197 4.90737595848 11.3557355194
5.83889847158 0 -4.22688196512 16.0466928631 4.39355969666 11.8361767726
5.83997446277 0 -4.22579432938 16.0578756471 4.15449358873 12.0595120654
5.84255799949 0 -4.21392493907 16.0808954487 3.58556632951 12.5904586447
5.84578116523 0 -4.19350579813 16.109460544 2.8861054109 13.2421068349
5.87021765579 0 -4.02173758957 16.2863906485 -2.00760642418 17.7556778788
5.87285381434 0 -4.01916738514 16.309760288 -2.48876079279 18.1937308108
5.88465740399 0 -3.91491693422 16.3741865145 -4.52183471618 20.028116654
5.88506189407 0 -3.91344027713 16.3792244747 -4.58789655301 20.087196989
5.88740094725 0 -3.88831430177 16.389522316 -4.96511345053 20.4238075426
5.88843824745 0 -3.88324755173 16.394102737 -5.12976334666 20.5703205135
5.88857662734 0 -3.87794597667 16.3940134762 -5.15160527855 20.5897368464
5.89357317821 0 -3.8192967272 16.391753533 -5.92069719984 21.2702741978
5.90317929014 0 -3.73324065687 16.4529068544 -7.29032479365 22.4641246912
5.91362573729 0 -3.61443995046 16.4833564738 -8.61253915393 23.586406234
5.92588509823 0 -3.4613482408 16.5045888132 -9.93600705146 24.6627056909
5.92590836362 0 -3.45970719893 16.5056028203 -9.93828112737 24.6644972172
5.92809495155 0 -3.43137007845 16.5081492009 -10.1479656267 24.8285951537
5.92893808125 0 -3.42058847588 16.5090456605 -10.2266782089 24.8896053633
5.9300393072 0 -3.41054487959 16.5091839398 -10.3276897732 24.9673903483
5.93539219837 0 -3.33505131135 16.5120758267 -10.7896489381 25.3147289698
5.93818912513 0 -3.29490644317 16.5125597953 -11.0118249459 25.4758620556
5.94505327772 0 -3.20000365948 16.5135933901 -11.501116672 25.8119062312
5.9538187212 0 -3.06321204585 16.4819711089 -12.0103393052 26.1181290629
5.95499998161 0 -3.05487846399 16.5066761098 -12.0690706906 26.148861781
5.95894186699 0 -2.99334777297 16.4987699046 -12.2481120424 26.2333473917
5.9664583873 0 -2.88452684745 16.4876298424 -12.5175765878 26.3176409404
5.96703585265 0 -2.87272282974 16.4864093869 -12.5343953893 26.3199657239
5.97099924452 0 -2.80858743595 16.4786293087 -12.6349745426 26.3200200784
5.98085448516 0 -2.65077311744 16.449636512 -12.7737275372 26.2007764629
5.99294747249 0 -2.4518839109 16.4111926189 -12.7315449686 25.8259778855
5.99453200525 0 -2.42008087107 16.4024074541 -12.7090708427 25.7585867422
6.00868111516 0 -2.17869203547 16.3433501343 -12.3401447748 24.9746123035
6.01172000683 0 -2.12568703787 16.3287615675 -12.2224787929 24.7644954393
6.01648821948 0 -2.04215136317 16.3049201735 -12.0114103986 24.4059853898
6.01945770707 0 -1.99031276199 16.2878579514 -11.8639518311 24.1652304423
6.02179838995 0 -1.94586478133 16.2742192788 -11.739219096 23.9661574477
6.02228389145 0 -1.93045436503 16.2484074133 -11.712419536 23.9238499034
6.03069843299 0 -1.79193162846 16.2250309274 -11.1984713333 23.136287176
6.03400656269 0 -1.7185891579 16.2004952341 -10.9714768058 22.7992150958
6.03877932725 0 -1.6336642457 16.1719500242 -10.6201251532 22.2865547182
6.03967290815 0 -1.6359314769 16.1733543418 -10.5512810856 22.1871820741
6.05114676994 0 -1.4276481513 16.1021083136 -9.58536657246 20.8201098482
6.05354938966 0 -1.38944688113 16.0855824016 -9.36466752998 20.5132627027
6.05627207157 0 -1.33744504211 16.0669855397 -9.10724467866 20.1573216497
6.05853636204 0 -1.2968236597 16.0536003623 -8.88738097416 19.8548048604
6.0598650766 0 -1.27319371544 16.0447153307 -8.75597141959 19.6745891962
6.06083953468 0 -1.24688971482 16.0121957713 -8.65849211482 19.5411735391
6.06126758939 0 -1.23940664006 16.0093275013 -8.61537911977 19.4822364854
6.07226390155 0 -1.06019627517 15.9608963945 -7.44941650333 17.9018426108
6.07292000946 0 -1.04296788993 15.9529805281 -7.37646288097 17.8036825467
6.07304846677 0 -1.04783769241 15.9540138468 -7.36213712112 17.7844154326
6.07454409849 0 -1.01767893096 15.9445609103 -7.19433057763 17.5589258411
6.07581334407 0 -0.997226677442 15.934759142 -7.05048225734 17.3659083641
6.07735876339 0 -0.955433319839 15.9172070951 -6.87358287754 17.1288727127
6.07752754465 0 -0.966685609664 15.9221315587 -6.85414818332 17.1028524882
6.07876171782 0 -0.948408781676 15.9157083563 -6.71135921058 16.9118020277
6.08818112319 0 -0.772111054951 15.8412119243 -5.58442928831 15.4104273921
6.09311862159 0 -0.704184029151 15.8124459688 -4.96965096232 14.5951230528
6.09534363579 0 -0.66721894846 15.7983795183 -4.68772730432 14.2218969484
6.09646834611 0 -0.652765578882 15.7904270415 -4.54412790451 14.0319259315
6.09671418332 0 -0.644390714564 15.7881008804 -4.51264504978 13.9902876935
6.10472577063 0 -0.519461002625 15.7322299805 -3.46923040843 12.6121261635
6.10737734434 0 -0.474793154583 15.7112089983 -3.11707941976 12.1475879731
6.11198468865 0 -0.392236204745 15.6554884233 -2.49817428524 11.3315537023
6.11295685617 0 -0.390719829775 15.6747633749 -2.3665378854 11.1580267581
6.12011860457 0 -0.278034937988 15.6249075891 -1.38711512698 9.8669002516
6.12162569442 0 -0.259869121186 15.6152223749 -1.17909839917 9.59260560515
6.12179889849 0 -0.253369053995 15.6140566231 -1.15515461123 9.56102976364
6.12203843387 0 -0.25393412141 15.612436972 -1.1220289084 9.51734411781
6.1277184273 0 -0.170594710288 15.5747916556 -0.332793884829 8.47600267899
6.13047127286 0 -0.127995171629 15.5559712109 0.0518780674451 7.96799125179
6.13542531242 0 -0.0454238206724 15.5158786192 0.746634533623 7.04943015087
6.1393445378 0 -0.0105625128268 15.4976236985 1.29770633056 6.31967163127
6.14747205744 0 0.101111250435 15.4459641796 2.44111135749 4.80132358234
6.14977420569 0 0.124528567749 15.4341707276 2.7644295214 4.37076848763
6.15262883984 0 0.164040794102 15.4166511429 3.16460103553 3.8370168969
6.15277011735 0 0.160807181239 15.4155244595 3.18437997282 3.8106098344
6.1540316405 0 0.190267877271 15.3830043292 3.36087095445 3.57486292462
6.15616410917 0 0.20760129714 15.3946435257 3.65865528621 3.17662699779
6.15876113061 0 0.237892617094 15.3799192245 4.02022236739 2.69225039762
6.15928237438 0 0.237852820626 15.3781930063 4.09263074833 2.59513150321
6.16232400481 0 0.272385400831 15.3613877292 4.51395065517 2.02921627083
6.16356947555 0 0.304164789104 15.3478134811 4.68582498522 1.79793983872
6.16677067249 0 0.324819940599 15.3368891073 5.12565788927 1.20492606661
6.16852572784 0 0.343608839238 15.3277482332 5.36551093227 0.880793356205
6.1770866081 0 0.42603797198 15.2871578501 6.52012074347 -0.687764483247
6.17751944617 0 0.430159266771 15.2851280256 6.57774106186 -0.766432863359
6.17849960115 0 0.442988309092 15.2789286226 6.70792603736 -0.944320921655
6.17887174128 0 0.445651573183 15.2764193956 6.75724499827 -1.01176595648
6.17934090934 0 0.450648945913 15.2750793688 6.8193360384 -1.0967202664
6.17965890386 0 0.449792535933 15.2743438869 6.86136473778 -1.15425236874
6.18069235343 0 0.462252224359 15.2696016915 6.99763871942 -1.34094973995
6.18072248232 0 0.46392503711 15.2704450926 7.00160430285 -1.34638623787
6.18414503814 0 0.492988816797 15.2544276982 7.44929011823 -1.96148159969
6.18653763562 0 0.528632158494 15.237553219 7.75881509831 -2.38839783147
6.18668551226 0 0.515227839117 15.2422168301 7.77784867219 -2.41469623939
6.19022798183 0 0.543989150069 15.2294055702 8.23029384192 -3.04148694974
6.19115484346 0 0.552979550559 15.2267514427 8.34752492214 -3.20442995174
6.19402190529 0 0.571509345994 15.216517536 8.70700048994 -3.70554362866
6.19638851578 0 0.592616280182 15.2068464649 9.00000255022 -4.11571752429
6.198460856 0 0.605561668186 15.1993054091 9.25368839784 -4.47218470195
6.20060487399 0 0.632226971464 15.1815872174 9.51321350381 -4.83821132023
6.20828951016 0 0.824032767894 15.0320630218 10.4173847705 -6.12532461361
6.21006725094 0 0.869174722619 14.9965970388 10.6204379732 -6.41720155218
6.23559056131 0 1.44089718348 14.5406961544 13.2450682888 -10.3221764905
6.23801364022 0 1.49219965519 14.5014400915 13.4631371789 -10.6618946534
6.24033288419 0 1.53728639891 14.4603238825 13.6663703333 -10.9815131301
6.25180859169 0 1.75721596157 14.2816062876 14.5899127823 -12.4796709465
6.26117216817 0 1.92121268215 14.1390620945 15.2373991743 -13.5935115471
6.26640678215 0 2.00890531635 14.0617978906 15.5558636059 -14.1712856996
6.27069416813 0 2.07444404224 14.0041840651 15.7927845243 -14.6196799718
6.29248678649 0 2.3729008232 13.7324113233 16.6513659732 -16.5366294124
6.29754396344 0 2.43173176412 13.6746860152 16.7656114194 -16.8916132878
6.30196473041 0 2.48114825814 13.6265833919 16.8386939388 -17.1733546262
6.30219729997 0 2.48181504052 13.6283336741 16.8418437266 -17.1874332733
6.30993463672 0 2.56035735501 13.5493594503 16.9068627253 -17.6131244453
6.31031927923 0 2.56256304592 13.5476791914 16.9080756756 -17.6321138489
6.31245024492 0 2.58226253148 13.527053091 16.9113235724 -17.7335703616
6.31322688128 0 2.58986602618 13.5159158214 16.9110441183 -17.7689658574
6.31383143189 0 2.59336563044 13.5150234685 16.9102853597 -17.7959332019
6.31784780843 0 2.63804358708 13.4738653484 16.8932114033 -17.9620592725
6.32743991816 0 2.69773301732 13.3966527484 16.7678558394 -18.2668045272
6.32845127445 0 2.7041678007 13.3903144384 16.7477048676 -18.2913588794
6.33383617481 0 2.74416266823 13.3289337918 16.6182386516 -18.3977443547
6.34049244759 0 2.77086145983 13.3066159073 16.4068898483 -18.4726477634
6.34103660915 0 2.77439384342 13.3044777608 16.3871191821 -18.4760104032
6.34138323749 0 2.77667177541 13.2984264979 16.3743298228 -18.4779352388
6.34270311284 0 2.78262717933 13.2914685545 16.3242401594 -18.4837186929
6.34491472659 0 2.79007634387 13.2796912294 16.2353829795 -18.4879277083
6.34571763947 0 2.79485151674 13.2725071814 16.201602181 -18.487759614
6.34791780852 0 2.80300969713 13.2614689462 16.1048973185 -18.4826785301
6.3517030899 0 2.8140251011 13.241095644 15.9244129372 -18.4581423864
6.35897633201 0 2.83934003497 13.1861699268 15.528146133 -18.355332093
6.36207540565 0 2.83769972178 13.1922823857 15.3398176784 -18.2894826465
6.36302253928 0 2.83878717252 13.1912816447 15.2799686592 -18.2667520639
6.36723606334 0 2.85449306634 13.172463439 15.0008468305 -18.1509482416
6.36793962057 0 2.84466874651 13.1750757939 14.9522086143 -18.129288362
6.37290599437 0 2.84641732115 13.1546024242 14.5925699315 -17.9576628255
6.3799013659 0 2.84355015642 13.1391278527 14.0385062301 -17.6610306077
6.38138472146 0 2.84238086521 13.1383569538 13.9140403135 -17.5900120803
6.38336325441 0 2.83954522416 13.1313794923 13.7442970851 -17.4909249948
6.38450099392 0 2.83812222544 13.1316904098 13.6447751241 -17.431702825
6.38564752638 0 2.83638321886 13.1283352927 13.5430832783 -17.3703762899
6.38682843977 0 2.83430922851 13.1254564916 13.4368824058 -17.3054915105
6.38726168639 0 2.83354719734 13.124800208 13.397550802 -17.2812513379
6.38736997578 0 2.8335842352 13.1254719043 13.3876890707 -17.2751561071
6.38961537411 0 2.82952712439 13.1246219228 13.1804408072 -17.1455014026
6.39433891393 0 2.81880376696 13.1190634253 12.7275178517 -16.8526234794
6.39887968063 0 2.81540829627 13.1120054807 12.2710457655 -16.5458587298
6.40214114526 0 2.79444908211 13.1156531296 11.9308279167 -16.3106149697
6.40312621504 0 2.79146919417 13.1147112416 11.8260880661 -16.2371553431
6.40585918009 0 2.77956320318 13.1120888736 11.5307768852 -16.0275841364
6.40652947068 0 2.77707448949 13.1170473529 11.4573018978 -15.9749021849
6.41051130241 0 2.75961772727 13.1183256409 11.0125171912 -15.6517050885
6.41242220342 0 2.750843584 13.1182399335 10.7941155721 -15.49046928
6.41638124847 0 2.73304169027 13.1210513357 10.3317465051 -15.1440625137
6.42078316008 0 2.70861651558 13.1298867503 9.80257027737 -14.7398528111
6.4228896929 0 2.69739694144 13.1307328646 9.54393180281 -14.5395214697
6.42335410525 0 2.69310046545 13.1327297041 9.48645414432 -14.4947671424
6.42411682329 0 2.6886811136 13.1339412826 9.39170320048 -14.4208088677
6.42531522989 0 2.69230428086 13.1333356435 9.24194842413 -14.3034643195
6.42548593874 0 2.68208028875 13.1354696754 9.22052974759 -14.2866364681
6.42965390012 0 2.66521296859 13.1425927488 8.69103817245 -13.8672176853
6.43967150885 0 2.58570783085 13.1708815646 7.37038025329 -12.79506774
6.44082414096 0 2.578561704 13.1762981834 7.21440624656 -12.6662133799
6.44258912479 0 2.56364046229 13.1832031719 6.9740771432 -12.4668159289
6.44338010625 0 2.55779341331 13.1860795652 6.86580068226 -12.3766485555
6.44600706701 0 2.5392540648 13.1932606233 6.50373984095 -12.073685003
6.45258723681 0 2.4916887473 13.1959103787 5.58132590837 -11.292197798
6.45973362912 0 2.42346561109 13.2472679389 4.55739074927 -10.4096954815
6.46161799903 0 2.40818328203 13.2562753578 4.28405459118 -10.1716189417
6.46253264033 0 2.39811517123 13.2619395845 4.15092738361 -10.0552987053
6.47101150692 0 2.32037158367 13.3008096699 2.90442041963 -8.95498330396
6.4721220994 0 2.32050708222 13.3036560901 2.73970983968 -8.80813097135
6.47826938556 0 2.25063511317 13.3385258213 1.82337899761 -7.98521424429
6.47846986333 0 2.24856573347 13.3417433279 1.79338208648 -7.95810849577
6.47906711273 0 2.24299781646 13.3402617978 1.70398168144 -7.87726300258
6.48264103436 0 2.20899458579 13.3602228423 1.16802763672 -7.39067751574
6.48652504317 0 2.16815210155 13.3850694531 0.584133790888 -6.85688706047
6.48930301333 0 2.14005477943 13.4030462323 0.165982803275 -6.4723014937
6.49294445007 0 2.10285080647 13.4201677041 -0.382314868004 -5.9651325416
6.49385622792 0 2.09316546417 13.4272986991 -0.519570833088 -5.83766498773
6.49504832852 0 2.08815299349 13.4138448456 -0.698976340749 -5.67074931765
6.50188785487 0 2.00338515397 13.4751141387 -1.72618835772 -4.70845308218
6.50409774184 0 1.97516552143 13.481950836 -2.05689143878 -4.3962719496
6.50465285061 0 1.96671749832 13.4811915726 -2.13983923717 -4.31778872322
6.50818240507 0 1.9188337219 13.4973626942 -2.66590485018 -3.81834616349
6.5138500077 0 1.84332936848 13.5172698913 -3.50471413514 -3.01592262451
6.51589551739 0 1.8240539073 13.5249543539 -3.80528423931 -2.72656405026
6.52586526596 0 1.68817774854 13.5657411644 -5.24933555281 -1.32266599056
6.52589207947 0 1.67737237866 13.5661081846 -5.2531657051 -1.31891156852
6.52607898006 0 1.67485198019 13.5702248199 -5.27985450763 -1.29274585057
6.5276692448 0 1.65345951188 13.5757858297 -5.50630273616 -1.07041014679
6.5283275124 0 1.64353519478 13.5804876426 -5.59969688085 -0.978541428583
6.5285459141 0 1.64149338473 13.5796048701 -5.63063834098 -0.948083226491
6.53328775123 0 1.57727350555 13.5982772529 -6.2966093685 -0.289806252785
6.53386380502 0 1.56850185999 13.6012876505 -6.37672077252 -0.21026630825
6.53539551011 0 1.55940181952 13.6052851298 -6.58885214009 0.000726732446108
6.53658935546 0 1.53396265679 13.6131586274 -6.75328096938 0.164651645116
6.53746063719 0 1.52226597181 13.616863537 -6.87276569046 0.283980047296
6.53753404964 0 1.53097420398 13.613665945 -6.88281298783 0.294022311267
6.54263505032 0 1.45365066601 13.6378225279 -7.57290472979 0.986847774397
6.54341081464 0 1.4422354246 13.6421183624 -7.67641040013 1.09129936714
6.55177929807 0 1.33253602033 13.6765845197 -8.76649189921 2.2003797365
6.55339202896 0 1.31226463988 13.6828126168 -8.97064484619 2.41002620557
6.55858262119 0 1.24652543619 13.7029667929 -9.61364092595 3.0746632723
6.56150085639 0 1.2120973391 13.7106075729 -9.96525497087 3.44107041574
6.56358478295 0 1.18449282856 13.7183886186 -10.2117780279 3.69930091722
6.58009760254 0 0.990547172243 13.7768200321 -12.0178958782 5.63097055973
6.5843035334 0 0.951556388807 13.7680898836 -12.4323714445 6.08643172662
6.58509272076 0 0.935206320279 13.7943155496 -12.5079251935 6.1700697704
6.58897449368 0 0.894332340656 13.8046560728 -12.8690654532 6.57275833874
6.60068806953 0 0.778925535644 13.8317906616 -13.8479790709 7.69448262239
6.60183689284 0 0.769799437566 13.8300524743 -13.934599739 7.7964734058
6.60187282848 0 0.767928400386 13.8314674647 -13.9372813094 7.79963958144
6.60246429744 0 0.764338701258 13.8336680125 -13.9811728625 7.85154049278
6.60958018223 0 0.701666039604 13.8444350888 -14.4723770659 8.44392128101
6.61316735813 0 0.672644738602 13.849143648 -14.6935229356 8.71935238988
6.61320185641 0 0.67210114818 13.8498043352 -14.6955615139 8.72192342604
6.61805474605 0 0.636531153923 13.8524804395 -14.9652865069 9.06847768025
6.61930000385 0 0.625953496538 13.8543668327 -15.0289739423 9.15248648225
6.62017247665 0 0.619739242944 13.8548617814 -15.0722330672 9.21012822841
6.62332572913 0 0.60577327046 13.8325181198 -15.2191229382 9.40997803601
6.62546496457 0 0.584357925136 13.8559971707 -15.3102469007 9.53788791906
6.62723992203 0 0.584646228218 13.8508815513 -15.3805536209 9.63923058047
6.63472731671 0 0.532285912057 13.849837665 -15.6231940385 10.0177312029
6.63619104535 0 0.524689463382 13.8496936669 -15.660261281 10.082256521
6.63729417588 0 0.519724850288 13.8457822368 -15.6859215951 10.128797452
6.64289994228 0 0.495823932729 13.8356749335 -15.785743252 10.3371324628
6.64488908716 0 0.48780630409 13.8358163898 -15.8087334785 10.3995590755
6.64687466479 0 0.483733395353 13.8273034579 -15.8251066436 10.4557645619
6.64768487722 0 0.479284986588 13.826763485 -15.829888946 10.476931425
6.6489105582 0 0.486193743292 13.8216917679 -15.8350215864 10.506992094
6.65052919627 0 0.470292368014 13.822385692 -15.8379047275 10.5430520039
6.65269073708 0 0.464982386712 13.8161052367 -15.8348018315 10.5846980493
6.6542129331 0 0.462558313794 13.8096885887 -15.8278167067 10.6095227298
6.6579626901 0 0.455241837637 13.7984789888 -15.7935519118 10.6546231149
6.6584674954 0 0.455386500066 13.792092978 -15.7870747982 10.6589361485
6.66160337868 0 0.453750038003 13.7802301178 -15.7368563359 10.6762848436
6.66175835273 0 0.451343233193 13.7838205063 -15.733927047 10.676718177
6.66359924011 0 0.449859044561 13.7759557398 -15.6958918136 10.678790192
6.6654218359 0 0.450002562811 13.7635587549 -15.6523282333 10.6752254947
6.66791311961 0 0.449628485666 13.7554980176 -15.5832256225 10.6612445664
6.67020885058 0 0.451383352623 13.7412120769 -15.5097234489 10.6389737378
6.67276085951 0 0.464148021475 13.7257538375 -15.4168955939 10.6035606494
6.67615978891 0 0.458063516599 13.7101914355 -15.2749744476 10.5388173519
6.67625564883 0 0.458888399206 13.7055182529 -15.2706677557 10.536698439
6.68275927811 0 0.474589331226 13.6626884264 -14.9392858891 10.3550422548
6.68298252814 0 0.475004234169 13.6651079861 -14.9265340311 10.3474722063
6.68476041905 0 0.480274955742 13.6524934759 -14.8217072382 10.2840022135
6.68943009128 0 0.498131710061 13.6141327027 -14.5185793604 10.0902023929
6.69023236523 0 0.504400031282 13.6060019548 -14.4624352901 10.0529340127
6.70065966626 0 0.558481042362 13.5642468827 -13.6237354076 9.46144151802
6.70801485265 0 0.584334055555 14.0818987869 -12.909922072 8.92331459936
6.71562486513 0 0.62868202322 14.6024572816 -12.0647332821 8.26009498259
6.71971705713 0 0.649170776803 14.884795455 -11.5654479659 7.85844102957
6.72720192678 0 0.705681980392 15.379149009 -10.5714536355 7.04206450061
6.72922584643 0 0.725107730824 15.5207827866 -10.2848075983 6.80314594691
6.73162801066 0 0.745751038459 15.6629649765 -9.93476251696 6.50953900159
6.73585586397 0 0.78782056364 15.9460938395 -9.29286492941 5.96634006017
6.73802423774 0 0.811032313569 16.085437515 -8.95093460867 5.6746750804
6.73886647263 0 0.820442467091 16.140884584 -8.81580749271 5.55900074166
6.74026770329 0 0.836408027006 16.2219415807 -8.58813290319 5.36359686236
6.7407130504 0 0.841495149931 16.2495178188 -8.51502439041 5.30071973147
6.7432674991 0 0.873398102007 16.4133390798 -8.08873725732 4.93287314946
6.74910820531 0 0.946646236505 16.7966762566 -7.06986173032 4.04590346144
6.74970041283 0 0.955008078438 16.8217564929 -6.96314571572 3.95241662429
6.75307845943 0 1.00309408731 17.0330413627 -6.34251562362 3.40669173719
6.75354488986 0 1.00849210155 17.0601201478 -6.2552353975 3.32967711157
6.76021829551 0 1.11233961291 17.4504295407 -4.96476915912 2.18386512665
6.76110210832 0 1.13281910345 17.5130163334 -4.78806207456 2.0259862667
6.76410780286 0 1.17729822148 17.6811443322 -4.17707410964 1.47841090656
6.76781513822 0 1.24295820754 17.9097746777 -3.40227739584 0.780447576449
6.77019285234 0 1.28617315769 18.0334010084 -2.89318037794 0.31977968929
6.77019504423 0 1.28620521555 18.0333895172 -2.89270670984 0.319350348991
6.77442386928 0 1.36716944053 18.2827892511 -1.96404838017 -0.524912496932
6.77461535665 0 1.37042434292 18.3088070386 -1.9213009926 -0.563892873233
6.78024347941 0 1.48543109305 18.6233452391 -0.638330226401 -1.7383666251
6.78537327555 0 1.60373957545 18.8898906516 0.575031258644 -2.85678363676
6.78715688687 0 1.64773273499 19.0011100327 1.00653960981 -3.2562135418
6.79031971683 0 1.71303807734 19.1598470065 1.7837202965 -3.97774701058
6.79162654056 0 1.74410917424 19.2283949906 2.10926524654 -4.28077332035
6.79176455565 0 1.74580188886 19.2284242022 2.14379625375 -4.31294258636
6.79250276209 0 1.76419981707 19.2735414766 2.32897753697 -4.48554544941
6.79981101378 0 1.94679446709 19.6575101119 4.20555483955 -6.24265502662
6.80067518123 0 1.96937407234 19.7014332285 4.43255284452 -6.4561545431
6.80069597936 0 1.96983589325 19.7011811815 4.43802912039 -6.46130763305
6.80273621055 0 2.03405057463 19.8104433239 4.97819799882 -6.97016204349
6.80278154446 0 2.02485117694 19.8096413909 4.99026685298 -6.98154390227
6.80979680255 0 2.21894052431 20.15141701 6.89187236326 -8.78159958633
6.8103012404 0 2.2328411821 20.1687766439 7.0311636676 -8.91396251814
6.81119677584 0 2.25847402917 20.2101189684 7.2792756906 -9.14990133206
6.81528709491 0 2.38566800561 20.4029885414 8.42575907951 -10.2428821171
6.8156517675 0 2.39211094833 20.4125907307 8.52901325695 -10.3415361026
6.81800938273 0 2.4616536672 20.5423033559 9.20058035378 -10.9840473284
6.81853453317 0 2.47714567464 20.5583422872 9.35111034518 -11.1282681856
6.82210991317 0 2.58909375217 20.7161378844 10.3848977196 -12.1207081642
6.82351199593 0 2.6400237912 20.7829303554 10.794477083 -12.5148498049
6.82600653769 0 2.71413628301 20.8917568893 11.5288711237 -13.2228811119
6.82659600597 0 2.74338720827 20.9361659351 11.7034578614 -13.3914470826
6.8301223338 0 2.85007441847 21.0882130695 12.7560439767 -14.4097113337
6.83724730496 0 3.09627054764 21.3794238652 14.9238042971 -16.5172398777
6.83763312645 0 3.10896640174 21.3975187795 15.0426898774 -16.6332211826
6.84152670936 0 3.24894269009 21.5585862808 16.2506706113 -17.8140013447
6.84441574049 0 3.35567155752 21.6864363602 17.156364419 -18.7020311005
6.84515616191 0 3.38378258175 21.6938434101 17.3897239792 -18.931214596
6.84716632306 0 3.45824419952 21.7843627228 18.0257559951 -19.5566397516
6.85190404243 0 3.64022801182 21.9701794659 19.5386594725 -21.0488333041
6.85357756706 0 3.70823682717 22.0372002263 20.0775140549 -21.5818359336
6.85673245333 0 3.83210052527 22.149194426 21.0993292008 -22.5947349712
6.85706937694 0 3.84612396255 22.166014507 21.2089010443 -22.7035195982
6.86016946706 0 3.97158148711 22.2770458214 22.2209834201 -23.7098706056
6.86752840782 0 4.27834298921 22.5365669314 24.6496197472 -26.1360296274
6.86915184824 0 4.34866759157 22.6016102841 25.1899355492 -26.6779499737
6.87418781944 0 4.56904258524 22.7494940238 26.8753185276 -28.3733679909
6.87822977017 0 4.74929642315 22.9013320779 28.2372495225 -29.7489761646
6.88165348892 0 4.9053988614 23.0106178369 29.3964950042 -30.9237943782
6.88302743225 0 4.96908418081 23.0498511204 29.8630070535 -31.3975966132
6.8832288587 0 4.97838386932 23.0412861474 29.9314587073 -31.4671674796
6.88478451169 0 5.05271415206 23.0988609672 30.4606083343 -32.0053972315
6.88576651077 0 5.09717381656 23.1226143553 30.7950566044 -32.3459763977
6.88634547525 0 5.13043718545 23.1399225872 30.9923866866 -32.5470664312
6.88647155431 0 5.130043799 23.1553949943 31.0353726332 -32.5908854924
6.889888763 0 5.29194229632 23.2574446719 32.2022396371 -33.7822939078
6.8961037626 0 5.59347096268 23.4225876245 34.3318045759 -35.9663014836
6.89692913022 0 5.63657814312 23.4473680649 34.6151717239 -36.257862272
6.89822177245 0 5.70068147323 23.4829020978 35.0591671008 -36.715148174
6.89826500042 0 5.70169525322 23.4810751924 35.0740189403 -36.7304541543
6.89854564927 0 5.7146789485 23.4999508224 35.1704473318 -36.8298462353
6.90225229459 0 5.90121318077 23.5829229043 36.4448077647 -38.145842685
6.90507900859 0 6.04461561802 23.6694155119 37.4173016882 -39.1532255459
6.90535401617 0 6.06074745393 23.655415314 37.5119295196 -39.2513935381
6.90813932856 0 6.20249005622 23.744740753 38.4703505745 -40.2471354412
6.90956768797 0 6.27715983737 23.7700324752 38.9617877311 -40.7587505264
6.91019726042 0 6.31587076559 23.7820803413 39.1783672881 -40.9844484859
6.91453744871 0 6.54850073956 23.9024268412 40.6705830169 -42.543285944
6.91565158921 0 6.59813232029 23.9122236736 41.0533003531 -42.9441701592
6.91833585156 0 6.74374304747 23.9646344261 41.9745779483 -43.9110148799
6.91844889694 0 6.75798290828 23.9902442174 42.0133489227 -43.9517608139
6.92408687163 0 7.06540943002 24.1112757366 43.9434089726 -45.9860903696
6.92740133452 0 7.23906555786 24.1607187264 45.0740531666 -47.183347239
6.92750835783 0 7.25139152032 24.1658165215 45.110503127 -47.2220140829
6.93305349735 0 7.55712265889 24.2694698084 46.9933199398 -49.2253704734
6.93500157573 0 7.66828175191 24.3214785946 47.6518039749 -49.9288571572
6.94015181735 0 7.96492569462 24.4146413215 49.383986539 -51.7867099427
6.94159661805 0 8.05012831322 24.4284347229 49.8674342026 -52.3071637281
6.9437727685 0 8.17635193102 24.4647340214 50.5933621215 -53.0902841675
6.94385592909 0 8.18206661732 24.4618888191 50.6210478965 -53.1201902518
6.95210966954 0 8.6732029653 24.5876910923 53.3467215459 -56.0789956834
6.95253239247 0 8.69888270205 24.5950323239 53.485052935 -56.2299494145
6.95596542899 0 8.90708005509 24.6455279473 54.6034799822 -57.4533561955
6.95706902945 0 8.97390311957 24.6738250677 54.9610596654 -57.8456186937
6.95789582018 0 9.03462030652 24.6867071928 55.2283038235 -58.1391449403
6.96201879511 0 9.27872834168 24.7255231117 56.552392816 -59.5981170712
6.96295041027 0 9.33602397983 24.7324038824 56.8495269712 -59.9266116324
6.96687206217 0 9.5824050946 24.7752161644 58.0915750256 -61.3042430821
6.96987647051 0 9.76933941975 24.8126038015 59.0331338639 -62.3535801259
6.97190889639 0 9.89866142724 24.8413736553 59.6649323764 -63.060211209
6.9779452658 0 10.2850272858 24.9025058772 61.5155181955 -65.1421985937
6.9795688074 0 10.3874236778 24.9254557061 62.006338621 -65.6975908594
6.98214153856 0 10.5641161311 24.9494670498 62.7778334057 -66.5734330029
6.98597117692 0 10.8037100632 24.9548995767 63.9114892214 -67.867006598
6.98823370405 0 10.9512330237 24.9947355324 64.572657136 -68.6252300001
6.99124207125 0 11.1595911531 25.0171490141 65.4415437185 -69.626124755
6.99243392456 0 11.2301973028 25.0014337876 65.7824689407 -70.0202812789
6.9930755487 0 11.2707624406 25.023888282 65.965211598 -70.2318993507
6.99370787479 0 11.31264662 25.0132028649 66.1447592558 -70.4400536815
6.99855710114 0 11.6359569734 25.0339877429 67.5032552991 -72.0228601798
7.00074740619 0 11.7887527685 25.054569494 68.1058911116 -72.7296641583
7.00456160956 0 12.0391656854 25.0673060887 69.1384443405 -73.9478323287
7.0064980365 0 12.1699798739 25.0908940379 69.6542488293 -74.559913854
7.00650927823 0 12.1710338709 25.0908281844 69.6572264526 -74.5634544082
7.00870927542 0 12.322199257 25.0936318004 70.2361608212 -75.2534417197
7.01030745443 0 12.4391899663 25.1089909625 70.6519513172 -75.7510116538
7.0147406166 0 12.7321451524 25.1161370348 71.7837864522 -77.1145396441
7.01788818182 0 12.9477213118 25.1129872166 72.5677097082 -78.0672658767
7.02153121686 0 13.2000877542 25.1065219574 73.4540248712 -79.1533802778
7.0226875752 0 13.2801839849 25.118829697 73.7305490574 -79.4943108103
7.02284429006 0 13.2970437675 25.1182843932 73.7678444925 -79.5403713335
7.02363385534 0 13.3473243957 25.1120072226 73.9550892965 -79.7719087889
7.02382363758 0 13.3583114942 25.1311615541 73.9999318568 -79.8274305018
7.02431494971 0 13.3944910475 25.1255429262 74.1157246246 -79.9709287324
7.02473919924 0 13.4239741228 25.1264308991 74.2153669104 -80.0945632588
7.02840893392 0 13.6792754304 25.1139426039 75.0637772646 -81.153144115
7.02963195672 0 13.7630081811 25.1215745849 75.341091942 -81.5015492226
7.03034900985 0 13.8127456453 25.1324469297 75.5024006333 -81.7047799764
7.03294085604 0 13.9940492667 25.1320370935 76.0774975697 -82.4328935305
7.03301191456 0 13.9997702857 25.1242740615 76.0930875078 -82.4527112809
7.04200978164 0 14.6315291222 25.1223239578 77.9890150733 -84.8979217756
7.0429748293 0 14.7006444538 25.111610434 78.1829679701 -85.152411066
7.04943464754 0 15.1591223468 25.0985570623 79.4329698928 -86.8155832054
7.05203155672 0 15.3415461604 25.093782785 79.9113987511 -87.463962622
7.05299331129 0 15.409298704 25.0820802344 80.0850198721 -87.701077624
7.05321601745 0 15.4358779263 25.0958111153 80.1249477196 -87.7557507013
7.05349480757 0 15.4458456691 25.0771122251 80.1747838074 -87.8240677488
7.05552083374 0 15.5916420501 25.077312815 80.5320320102 -88.3163680856
7.05756364173 0 15.7453267629 25.0789890679 80.8834216183 -88.8052502917
7.06609461452 0 16.3442293676 25.0215423139 82.2533923753 -90.7634860671
7.07234760836 0 16.7914639766 25.0053822982 83.1553552714 -92.1106863263
7.0748939328 0 16.9839978649 24.9933356137 83.4973379495 -92.6372843738
7.08260359116 0 17.5265800392 24.9209890774 84.441771011 -94.1520071479
7.08283056228 0 17.5442115982 24.9329759773 84.4674786694 -94.1947566267
7.08453695708 0 17.6665240466 24.9230939654 84.6568757017 -94.5127294668
7.08460588718 0 17.6689622504 24.9187138471 84.6643823775 -94.5254467323
7.08693347328 0 17.8366451395 24.8914145406 84.9112716423 -94.9490404279
7.09501786101 0 18.4138516224 24.8416948924 85.668412417 -96.3310797245
7.09528481011 0 18.4332619835 24.8510989485 85.6907314089 -96.3743211133
7.09866032952 0 18.6749366147 24.8009013262 85.958026302 -96.9077187539
7.10002143762 0 18.7726815364 24.8021880041 86.0579540518 -97.1157456441
7.10112960601 0 18.8056629401 24.7245437823 86.135965352 -97.282101427
7.10122749456 0 18.8141325559 24.7148530214 86.1427117485 -97.2966659151
7.10157664166 0 18.8193084338 24.6934207198 86.166583281 -97.3484417038
7.10295421999 0 18.8645422065 24.5946248212 86.2578494554 -97.5500910929
7.10948963517 0 19.055276435 24.1384284426 86.6270287806 -98.449006373
7.11015483626 0 19.0665443637 24.0923253718 86.6586679955 -98.5351118442
7.11338738332 0 19.168103695 23.8646523041 86.7967182479 -98.9392358802
7.11352028011 0 19.1587705515 23.8586642703 86.8018354139 -98.9553407752
7.12033157032 0 19.3677741594 23.3747893454 87.004802786 -99.7264535536
7.12060981865 0 19.3693087589 23.3573056007 87.0106143731 -99.7556777196
7.12356831822 0 19.4505758817 23.1462455931 87.0603285095 -100.055279445
7.12644083103 0 19.5341458512 22.9446999518 87.0874355495 -100.326637064
7.12709976104 0 19.5513090395 22.8963341741 87.0907089024 -100.386159612
7.12838805866 0 19.5869671846 22.8048323784 87.0939307777 -100.499589086
7.12914786325 0 19.6043828168 22.7535442518 87.0938585274 -100.564657221
7.1323599282 0 19.7014017363 22.5232084878 87.0773678318 -100.824691623
7.13402662182 0 19.7437536712 22.4035782843 87.0584868325 -100.950007406
7.13779486573 0 19.8419211353 22.1370251729 86.9897717485 -101.209032079
7.14035912822 0 19.9099399918 21.9530831924 86.9223657131 -101.365965919
7.14157116726 0 19.9638550052 21.8751092063 86.8846847841 -101.434679723
7.14363981049 0 20.0088529248 21.7177448818 86.8117436528 -101.543840697
7.14444060628 0 20.027891795 21.6611219128 86.7805860399 -101.583346903
7.14827504194 0 20.1270437027 21.3852319538 86.6088105145 -101.751195721
7.14894542921 0 20.1601687789 21.3477579244 86.5749432099 -101.776914613
7.15089746052 0 20.1965072379 21.1975144218 86.469833278 -101.845647343
7.15337174947 0 20.2544702553 21.0232141791 86.3227175212 -101.91958877
7.15412018753 0 20.287458411 20.9662421967 86.2751623827 -101.939050098
7.15653380369 0 20.3404281409 20.7946390004 86.1121501419 -101.992612955
7.16143587805 0 20.4719497299 20.4416738365 85.7358109965 -102.058157648
7.16163712937 0 20.4653437054 20.4318931131 85.7190674251 -102.059609807
7.16284234012 0 20.5012944839 20.3444360262 85.6166673244 -102.066261721
7.16612867589 0 20.5827328143 20.1085792194 85.3189325879 -102.066600042
7.16835379825 0 20.6386103546 19.9487461382 85.1020027206 -102.052046912
7.17693835609 0 20.8373430996 19.3359104025 84.1497951944 -101.884247932
7.18262511448 0 20.9674991586 18.9303952192 83.4191146628 -101.67577571
7.18343187112 0 20.9818767157 18.8720306128 83.3090693127 -101.639945233
7.19005972205 0 21.1324475707 18.3990884101 82.3455011694 -101.287026374
7.19145700301 0 21.1558008748 18.3034826243 82.1289176891 -101.199348989
7.19210155852 0 21.1684550104 18.2572452803 82.0274429002 -101.15735228
7.19498957198 0 21.2208618916 18.0539764045 81.5606831035 -100.957181967
7.19596962207 0 21.2450531609 17.9825609915 81.3978144277 -100.884806366
7.20098187065 0 21.3466027763 17.6304961266 80.5297217396 -100.479600588
7.20413204575 0 21.4013242204 17.410094356 79.9543304509 -100.195091166
7.20426747882 0 21.4099282636 17.3988325404 79.9290819961 -100.182345957
7.20556355545 0 21.4339350171 17.3078680249 79.6853375471 -100.058241879
7.2065122314 0 21.4564274664 17.238486321 79.5044997083 -99.9649575007
7.2068904737 0 21.4593888094 17.2148033557 79.4318284872 -99.9271893539
7.21808485252 0 21.6493165071 16.4337043845 77.1361512046 -98.6624541639
7.21862762753 0 21.6632925406 16.3964202454 77.0178279422 -98.5939809584
7.21946238842 0 21.6757020058 16.3392193351 76.8346084505 -98.487396924
7.22002545274 0 21.6962627412 16.3092138434 76.7101737236 -98.4146322331
7.22410426712 0 21.7435670255 16.0173613746 75.7885111665 -97.8666814843
7.22578213943 0 21.7656347266 15.905353112 75.399135885 -97.6307107958
7.22734644227 0 21.8001056229 15.7941127527 75.0308022901 -97.4052094426
7.23552672977 0 21.9099349539 15.2379205797 73.0227145411 -96.1406441984
7.23758618267 0 21.9310870981 15.0981806147 72.4959294141 -95.8000311159
7.23792044791 0 21.9317355763 15.0782963004 72.4096380107 -95.7439143766
7.23844563565 0 21.9415010415 15.0401301148 72.2736162714 -95.655277587
7.24026503907 0 21.9680479138 14.9183535549 71.7982303834 -95.3438091693
7.24047748468 0 21.9609473302 14.9053191482 71.7423016311 -95.3069959269
7.24061888825 0 21.9681003143 14.8936371777 71.7050270913 -95.2824417497
7.24169521136 0 21.996530225 14.8311057504 71.4200392925 -95.094200831
7.24274766448 0 21.992788962 14.7499707377 71.1392196866 -94.9078487809
7.24471670781 0 22.0304169083 14.6286029575 70.6081650228 -94.5531677345
7.24891719833 0 22.0632881744 14.3397446292 69.4509741848 -93.7705447372
7.25042600479 0 22.0683677124 14.2400181128 69.0273672788 -93.4808912737
7.25194174618 0 22.0926948624 14.1394082471 68.5976525998 -93.1854161169
7.25429431104 0 22.113819051 13.9849018664 67.9225407677 -92.7179789591
7.25442950225 0 22.11248122 13.9741329238 67.8834465733 -92.6907932444
7.25643588326 0 22.131630527 13.8442945705 67.2994739459 -92.2832186086
7.25777491137 0 22.1340990714 13.7563530772 66.9058394252 -92.0069514494
7.26413674192 0 22.1965152582 13.3396817793 64.994041883 -90.6486426221
7.27170976401 0 22.2301122747 12.8588371622 62.6322820068 -88.9361101761
7.27393937955 0 22.2442636263 12.7140083797 61.9199524249 -88.4127677806
7.27525939975 0 22.2508319212 12.6305438048 61.4947062921 -88.0989240682
7.27595178044 0 22.2557477369 12.5890855108 61.2706227934 -87.9331266968
7.27904591871 0 22.2595583614 12.3953697501 60.2606955825 -87.1824084209
7.27946498183 0 22.2601783206 12.3682476492 60.1228560587 -87.0795142001
7.28000747227 0 22.267639391 12.3324540596 59.9440490476 -86.9458868806
7.28616190117 0 22.2855929441 11.9524361742 57.8870674527 -85.3967390175
7.28703214689 0 22.2870771856 11.8989222752 57.5921023333 -85.1728622498
7.2876094327 0 22.2999617472 11.8724113156 57.3958893879 -85.0237052576
7.28818557813 0 22.2820969391 11.8299404581 57.1996340531 -84.8743318753
7.28834246546 0 22.2891534023 11.818554496 57.1461187011 -84.833568627
7.29004281973 0 22.2894694472 11.7147118448 56.5641030413 -84.389370835
7.29261414035 0 22.2882533407 11.5574852467 55.6770873309 -83.7093890217
7.2996385427 0 22.2872425764 11.1362077984 53.2137011493 -81.8028058542
7.30143458082 0 22.2869294274 11.028137369 52.5748735815 -81.3042063107
7.30222161793 0 22.2816699863 10.9837112257 52.2938348699 -81.0843340449
7.30232007495 0 22.2856903771 10.9757784096 52.2586308656 -81.0567696488
7.30412243003 0 22.2755242506 10.8724046038 51.6123821607 -80.5498880891
7.30639142565 0 22.2628102081 10.7407189386 50.7940559232 -79.9056923393
7.30639365065 0 22.2628871085 10.7405861489 50.7932509168 -79.9050573566
7.30817875998 0 22.2595200982 10.633338587 50.1458232998 -79.3935730378
7.31332592753 0 22.2336334604 10.3400863559 48.2621176746 -77.8965323043
7.31757575644 0 22.2059525453 10.0972234583 46.6891067628 -76.6366546563
7.3189182524 0 22.1992595029 10.0224754078 46.1890978152 -76.234380507
7.32261287619 0 22.183149986 9.81420293565 44.8058351567 -75.1170931767
7.32585131082 0 22.1478200767 9.63707033106 43.5851943918 -74.1259021361
7.3260903586 0 22.1559986549 9.62210331679 43.4948059695 -74.0523121034
7.32864340325 0 22.1321444388 9.4830828118 42.5271237047 -73.262833072
7.3307605189 0 22.1093886262 9.3672686404 41.721580552 -72.6033768072
7.33088511992 0 22.1159581994 9.35862071747 41.6740874942 -72.5644333883
7.33427332833 0 22.077001289 9.17943684506 40.3792680259 -71.5000228231
7.33471511953 0 22.0726547439 9.15584749898 40.2099761056 -71.3604764961
7.34025703518 0 22.0064027278 8.86163161188 38.0782364069 -69.5959308538
7.34210893077 0 21.9878303497 8.76614959795 37.362852303 -69.0007594069
7.34322067227 0 21.9657920064 8.71090677004 36.9327383547 -68.6422038015
7.34639472452 0 21.9299306573 8.54600399755 35.7023091285 -67.6135358644
7.3479841407 0 21.9014533381 8.46680725323 35.0849378115 -67.095769125
7.34915633716 0 21.9038783951 8.41455526788 34.6291554861 -66.7128285703
7.35122397455 0 21.862958045 8.30093413198 33.8243220127 -66.0351942291
7.3532893794 0 21.82664302 8.19746572622 33.0193690919 -65.3556495767
7.35864341218 0 21.7473159879 7.93287559104 30.9292310991 -63.5827904944
7.36184194605 0 21.6802068479 7.78219112438 29.6790009008 -62.5166399526
7.36853021842 0 21.5634577846 7.46384359529 27.0638526045 -60.2729108918
7.36948689227 0 21.5485624739 7.41721200474 26.6899228276 -59.9505929872
7.37096225801 0 21.507836663 7.35282403646 26.1134155605 -59.452928586
7.37351240829 0 21.4532555893 7.23532253889 25.1175378272 -58.5911647149
7.37449478615 0 21.4383817059 7.18779673344 24.7341577745 -58.2587121426
7.37578368878 0 21.4105100688 7.12947298714 24.2314103626 -57.8221580487
7.37817929689 0 21.3735330363 7.03247917637 23.297873719 -57.0097572504
7.38431777671 0 21.2110555376 6.75396193257 20.9125488776 -54.9234661564
7.39272638736 0 21.0092590919 6.39596361059 17.6667588004 -52.0602940159
7.39327517605 0 21.0024080253 6.37131036362 17.4560024806 -51.8734081203
7.39774042614 0 20.8685619453 6.19180377846 15.7469324827 -50.3534855642
7.40199900997 0 20.7657787024 6.01907325225 14.1274757001 -48.9059350455
7.40225958236 0 20.7501595198 6.01000144732 14.0287473595 -48.8174543196
7.40518726006 0 20.662067203 5.89815682568 12.9225400838 -47.8242254398
7.41013754331 0 20.5221913456 5.7063700444 11.0657502944 -46.1493928533
7.41188259526 0 20.4690952368 5.64086049043 10.4155935555 -45.5606432567
7.41577619062 0 20.3465773706 5.49715568741 8.97381775492 -44.25070647
7.41891270841 0 20.2559625076 5.39333799062 7.8217963996 -43.1996670214
7.42161554137 0 20.1462212964 5.28971799526 6.83620052407 -42.2973334575
7.42498141557 0 20.052923546 5.18022877355 5.61854188924 -41.1784788842
7.42597301612 0 19.9995980875 5.13905023104 5.26194738186 -40.8499562017
7.42669605233 0 19.9870248107 5.11041943205 5.00256042643 -40.6107401699
7.42998959695 0 19.86325686 5.00065203157 3.82787526979 -39.524751345
7.43328239619 0 19.7381252822 4.89338590133 2.66509900236 -38.4454154906
7.437517718 0 19.5968515909 4.75482579797 1.18744843155 -37.0673652175
7.43782362257 0 19.5800686451 4.74731026807 1.0815305904 -36.9683039443
7.43864543776 0 19.5463682331 4.72047980638 0.797532524606 -36.7025008055
7.43966310981 0 19.5167146795 4.6866845 0.44697401017 -36.3740181691
7.44015025271 0 19.505023361 4.68331402521 0.279611004384 -36.217044139
7.44161915587 0 19.4333506507 4.62773165401 -0.223287346577 -35.7447725098
7.44408331203 0 19.3406274798 4.55451712053 -1.06089285398 -34.9561830364
7.45049373922 0 19.0921505034 4.36200226034 -3.20315955173 -32.9275450649
7.45434317836 0 18.9305611831 4.25514712247 -4.4629607421 -31.7263257181
7.45816730424 0 18.7677817278 4.15062213933 -5.69380284463 -30.5465043761
7.45818182286 0 18.7677177705 4.15020981264 -5.69843566948 -30.5420516277
7.45902353194 0 18.7299203602 4.1265282176 -5.96649477753 -30.2842561496
7.46312419493 0 18.5690799734 4.02796903558 -7.25742226184 -29.0383776575
7.46701809375 0 18.3979112949 3.92845903434 -8.45964923591 -27.8713255937
7.46763431756 0 18.3545156657 3.9025338066 -8.64775109724 -27.6881122662
7.46818432411 0 18.3343369305 3.89036513671 -8.81513655335 -27.5249336783
7.46876552442 0 18.3206114822 3.88486247591 -8.9914969077 -27.3528585677
7.46930718259 0 18.2764609397 3.86437849825 -9.15537702063 -27.1928239801
7.47168286344 0 18.1779432621 3.80409788634 -9.8686129258 -26.4947670446
7.47450897024 0 18.0401229189 3.7392222568 -10.7051851816 -25.6726772344
7.47527355694 0 18.0106643071 3.72016818828 -10.9292640635 -25.4518499225
7.47572855839 0 17.9904425052 3.7095486916 -11.0621532011 -25.3207611894
7.47733117868 0 17.9185373815 3.67138149874 -11.5274753014 -24.8609813812
7.47837468311 0 17.8589012318 3.6494813636 -11.8281447486 -24.5632520984
7.48048117717 0 17.7673849291 3.60162959548 -12.429485115 -23.966242782
7.48628256342 0 17.4868314458 3.47428649119 -14.0461046679 -22.3504949097
7.48720393755 0 17.4439435571 3.45670496027 -14.2974323006 -22.0978180128
7.49306215669 0 17.1553546992 3.33937128225 -15.8598446941 -20.5173403539
7.49494314446 0 17.0578642669 3.30089152502 -16.3482872077 -20.0196349943
7.49683373192 0 16.9699429021 3.2638965846 -16.8326443538 -19.524280419
7.49975063074 0 16.8134556217 3.21214191495 -17.5668683407 -18.7697834562
7.50127317195 0 16.7926410862 3.16960589466 -17.9437560527 -18.380726583
7.50243333306 0 16.8018211077 3.12830132929 -18.2279904672 -18.0864911219
7.50391924269 0 16.8027760952 3.07598315334 -18.5882837355 -17.7124712394
7.5094283276 0 16.7947946602 2.90042217087 -19.8869643509 -16.3539570559
7.51173541276 0 16.7908605841 2.8276681058 -20.4132523726 -15.7984565248
7.52047566952 0 16.7650383712 2.56215499548 -22.3112282144 -13.767854804
7.52601199721 0 16.7393189158 2.40285688522 -23.4337266721 -12.5436389081
7.52826578368 0 16.7271615665 2.3424688732 -23.8727182463 -12.0593682885
7.52906754795 0 16.7233839835 2.31872959023 -24.0263619643 -11.8890816729
7.5318477612 0 16.7063582162 2.24422586343 -24.5488391246 -11.3067311587
7.53555529659 0 16.6842713277 2.14241819776 -25.2205867813 -10.5499604889
7.53592246511 0 16.6849939906 2.14701736106 -25.2855506211 -10.4762569866
7.53922824127 0 16.6576919051 2.0496988174 -25.8577244116 -9.82282581598
7.54128109613 0 16.6451980937 1.9943581146 -26.201478048 -9.42630003029
7.54160836626 0 16.6416119758 1.98605304515 -26.2554591173 -9.36374339494
7.54934914799 0 16.5812271796 1.81076078003 -27.466175132 -7.93733855155
7.5542166101 0 16.5331674637 1.68430316412 -28.1622842777 -7.09320063409
7.55457069767 0 16.5185576412 1.68110848271 -28.2109527569 -7.03339720005
7.55901889133 0 16.4854786325 1.57751695604 -28.7995442079 -6.30075377652
7.56363758441 0 16.4403007626 1.4892029936 -29.365960224 -5.57671533338
7.56455777373 0 16.4151569348 1.46224495774 -29.4733617842 -5.43694740472
7.5669750929 0 16.3982401507 1.40838257648 -29.7468848527 -5.07689563082
7.57624419378 0 16.2771772877 1.22752326592 -30.6801601412 -3.79212259891
7.5768241938 0 16.2824927731 1.21014422809 -30.7324800246 -3.71679373758
7.58234604605 0 16.2096729214 1.10764018758 -31.1948943845 -3.02952829869
7.58801320409 0 16.1319815601 1.00904134819 -31.6026176448 -2.38041038063
7.58813791429 0 16.128652782 1.00668819776 -31.6108322925 -2.36676573185
7.59210526915 0 16.0724393059 0.941699682685 -31.8552235532 -1.94704344638
7.59583210749 0 16.0189201833 0.879516223682 -32.0550260024 -1.57805615279
7.59633562577 0 16.0118467161 0.869796018943 -32.0798209337 -1.53007733327
7.59709373051 0 16.0004001936 0.857969757466 -32.1161684167 -1.45867939633
7.60589459951 0 15.8644554171 0.724549783415 -32.4522509058 -0.703339523995
7.61506200767 0 15.7143575477 0.599671654626 -32.6369979798 -0.058983260815
7.61568722972 0 15.6936351883 0.594964360419 -32.6435680292 -0.0202657918743
7.61871764469 0 15.642649468 0.555506729506 -32.6646623583 0.158033634605
7.61895308587 0 15.6490244867 0.548833895944 -32.665558635 0.171238641822
7.62101130766 0 15.616443665 0.519853030029 -32.6688652936 0.282720239263
7.62392466625 0 15.5531875395 0.490651219033 -32.6597470472 0.42844264614
7.62712209526 0 15.5087448304 0.446083470008 -32.6313336057 0.572218342701
7.63255017015 0 15.4156897454 0.398139863434 -32.5397331913 0.778078563198
7.63702408533 0 15.3311218672 0.337959916565 -32.4240437793 0.912162242895
7.6424434553 0 15.2312847904 0.281050821311 -32.2365266461 1.03238574101
7.64716871465 0 15.1415982773 0.236712773104 -32.0318069155 1.1002947708
7.64773272643 0 15.1360118565 0.242892223863 -32.0048603215 1.10614201414
7.64915281625 0 15.1059286935 0.217635576299 -31.9346746284 1.11875536985
7.65282109495 0 15.0344010102 0.185048772428 -31.7380730511 1.13750423337
7.6545352235 0 15.0019520958 0.16965844937 -31.6387549291 1.13951207573
7.65532441157 0 14.9868980276 0.161233561468 -31.5914562106 1.13900718219
7.66164376812 0 14.8672402604 0.10688891974 -31.1777174037 1.10302844942
7.66356117934 0 14.8278507019 0.0931417331983 -31.0401551019 1.08109282916
7.66703316127 0 14.7600798406 0.0663281601263 -30.7772520203 1.02864870676
7.66724135175 0 14.7466584776 0.0695592042567 -30.7609308781 1.02498968776
7.66820912253 0 14.7389824815 0.0582712765085 -30.6842463391 1.00722520596
7.66989745543 0 14.7059330947 0.0435777170751 -30.5472775596 0.973277371358
7.67063790955 0 14.689237168 0.0404726121794 -30.4859413426 0.957212984858
7.67119104129 0 14.6806121862 0.034043307463 -30.4396231194 0.944748268545
7.67184160066 0 14.6663653352 0.032377657808 -30.3846035992 0.929582361175
7.67701765685 0 14.5645779626 -0.00413845213404 -29.926358319 0.789763332288
7.68058496272 0 14.4944346812 -0.0292014367094 -29.589988785 0.674090834234
7.68086779419 0 14.4878210164 -0.0314304924721 -29.5626244162 0.664262714524
7.68172886732 0 14.4720670185 -0.0377786697611 -29.4786956614 0.633755093895
7.68525242793 0 14.4011702657 -0.0575284234676 -29.1257160972 0.499851667449
7.69286471544 0 14.2505827895 -0.105387377036 -28.3131716237 0.162696934189
7.6941372656 0 14.2255799558 -0.112984128933 -28.17100542 0.100212720244
7.69457835628 0 14.2166786464 -0.115349582392 -28.1213214259 0.078158687527
7.70188122943 0 14.0742003769 -0.140409498363 -27.2695747312 -0.315589765882
7.71030293666 0 13.903507748 -0.196633464059 -26.2243945057 -0.832370901623
7.71105040498 0 13.8887060953 -0.200135538425 -26.1286580735 -0.881251999579
7.7143763501 0 13.8222477479 -0.214335549934 -25.6972302868 -1.10435765518
7.71666401456 0 13.7658393708 -0.219444519766 -25.3955425386 -1.2629529378
7.72911905957 0 13.5328884538 -0.278131916849 -23.6911267512 -2.19269424398
7.72973186147 0 13.5212777479 -0.28051427942 -23.6048965283 -2.24105854574
7.73005086744 0 13.5186634311 -0.269152369671 -23.5599304049 -2.26632391663
7.73373752378 0 13.4424490762 -0.297142933183 -23.0366151133 -2.56254586151
7.73646218158 0 13.3893475485 -0.305678642238 -22.6458500889 -2.78621806196
7.74077153888 0 13.3073172842 -0.322733691041 -22.0217504483 -3.14747736238
7.74137709731 0 13.2980046024 -0.328167887901 -21.9335181679 -3.19892607815
7.75416580828 0 13.056906262 -0.372957631121 -20.047843086 -4.31781562346
7.75911144021 0 12.9561965027 -0.387731802242 -19.3116376174 -4.7633271566
7.7608681044 0 12.9360743878 -0.400789100889 -19.0498385208 -4.92275364275
7.76097981022 0 12.9350916962 -0.401079010467 -19.0331893515 -4.93290915945
7.76364737159 0 12.8838804196 -0.409483647586 -18.6356452044 -5.17597238749
7.76456155099 0 12.8680096726 -0.411158689956 -18.4994578031 -5.25948388008
7.76665281417 0 12.8318249314 -0.421606714514 -18.1881154099 -5.45084878929
7.76849543414 0 12.7975775339 -0.425138027925 -17.9141153673 -5.61975355887
7.77145333796 0 12.7454201495 -0.438141243817 -17.4751764798 -5.8912340144
7.77616176392 0 12.6667132295 -0.456934400195 -16.7797098481 -6.32344386547
7.77824819147 0 12.6297031192 -0.463540520923 -16.4731805634 -6.51466811259
7.77841056354 0 12.6259969547 -0.46282604073 -16.4493749435 -6.5295360973
7.78328193084 0 12.5440963586 -0.482692833559 -15.7389666215 -6.97426915655
7.78897620073 0 12.4537599704 -0.492233377572 -14.9195861661 -7.48937558397
7.7929503636 0 12.3860569218 -0.522338575564 -14.3562582688 -7.84455097228
7.79323467781 0 12.3810107805 -0.522261439848 -14.3162582502 -7.86979631268
7.79340255885 0 12.3787640585 -0.522983719807 -14.2926588959 -7.88469204953
7.79414271542 0 12.3645325706 -0.524615534642 -14.1887905882 -7.95026484955
7.79424585072 0 12.3653543453 -0.527681882442 -14.1743404337 -7.95938882169
7.79526642731 0 12.3485876732 -0.531436743545 -14.0316592067 -8.04949745641
7.79533280367 0 12.3465317593 -0.529068737911 -14.0223992455 -8.05534657339
7.80011512393 0 12.2697684487 -0.548100102273 -13.3619338889 -8.47280184289
7.80702441544 0 12.1212730607 -0.554351626365 -12.433503049 -9.0599730521
7.81816157587 0 11.8923003325 -0.56884488685 -11.012613026 -9.95660772806
7.81886508826 0 11.8747689867 -0.568997224856 -10.9263761978 -10.0108424078
7.81980828151 0 11.8589761731 -0.573650627833 -10.8114626172 -10.0830639385
7.8281165523 0 11.6939750793 -0.585015691126 -9.83581905092 -10.6933766014
7.83682994775 0 11.528964202 -0.605336028968 -8.88923882818 -11.2781338682
7.83786265385 0 11.5045199189 -0.603539891498 -8.7826504311 -11.3433255367
7.84650066456 0 11.3469624407 -0.625870288506 -7.9407911238 -11.8515579765
7.84859211514 0 11.3093258112 -0.633090089608 -7.75083884633 -11.9641721681
7.84929744042 0 11.3004273942 -0.637339477023 -7.68804330533 -12.0011921909
7.85296953009 0 11.2336341071 -0.644893855979 -7.3716147903 -12.185937686
7.8537146223 0 11.2254382015 -0.651494934787 -7.30959051981 -12.2217590193
7.85857508879 0 11.1384208516 -0.663861927233 -6.92350334305 -12.4412260675
7.8655143963 0 11.024311539 -0.689609599021 -6.42972097188 -12.7102008176
7.86955280731 0 10.959510929 -0.706563801827 -6.17462137284 -12.8416252075
7.87059842771 0 10.9462323328 -0.711668551447 -6.11254075524 -12.8725476203
7.87759937259 0 10.8369306586 -0.744272788915 -5.73995192233 -13.0457179396
7.88166987202 0 10.7759413338 -0.762638041943 -5.55853873754 -13.1185767446
7.88458417348 0 10.7341945957 -0.776879727817 -5.44493584762 -13.1578102914
7.89164640071 0 10.635080406 -0.816252390413 -5.22717829068 -13.2069690508
7.89279327848 0 10.618947816 -0.823538492575 -5.19961987772 -13.2087012962
7.89458275319 0 10.5956357481 -0.832479370615 -5.16103063641 -13.2078607808
7.89595406 0 10.5787657497 -0.842707949693 -5.13511499177 -13.2042754457
7.90075309565 0 10.5147528941 -0.871532953018 -5.06961283053 -13.1714130417
7.90726021532 0 10.4335482851 -0.914798907764 -5.04415938955 -13.0755735389
7.90859485436 0 10.4232602674 -0.912611488772 -5.04805068287 -13.0485163567
7.91938605904 0 10.292929619 -1.00425952019 -5.19489240772 -12.7355875769
7.92098545381 0 10.2758558036 -1.01633833793 -5.23425788228 -12.6747940529
7.9242729319 0 10.2432869611 -1.04539056238 -5.32953176187 -12.538032585
7.92481480672 0 10.2354309284 -1.04985673791 -5.34709339217 -12.513961365
7.92707197316 0 10.2111014293 -1.06603459049 -5.42590989404 -12.4090253262
7.92945513115 0 10.1895187183 -1.09014644963 -5.51904844677 -12.2900445367
7.94041165429 0 10.0819459711 -1.18825933858 -6.07849641982 -11.634364076
7.94113678833 0 10.0774804768 -1.19643361425 -6.1231213536 -11.5846581759
7.94634085842 0 10.0313358298 -1.24710006001 -6.47096232956 -11.2049452627
7.94937952263 0 10.0054476788 -1.27763380424 -6.69638300324 -10.9645957289
7.95488643031 0 9.95902134523 -1.33291668917 -7.14656396269 -10.4941326743
7.9569395681 0 9.94189501277 -1.35333827001 -7.32805738889 -10.3072727166
7.95943952846 0 9.92729032021 -1.38451564579 -7.55899046607 -10.0713866924
7.95972220725 0 9.92596289628 -1.37255499661 -7.58578722765 -10.0441381984
7.96576664187 0 9.87606249185 -1.45173413944 -8.19179331576 -9.43364924989
7.96795352167 0 9.86685566282 -1.46564968112 -8.42646079731 -9.19975411619
7.97050668197 0 9.84383577906 -1.50717537246 -8.71067745296 -8.91801165174
7.98105141453 0 9.78096178448 -1.63759278098 -9.99921535818 -7.6569990848
7.9839906681 0 9.76678860573 -1.66168409415 -10.3905557632 -7.27809557316
7.98422709915 0 9.7591058594 -1.67693970434 -10.4226311733 -7.24710743028
7.98738199302 0 9.74388343307 -1.71825689627 -10.8590433064 -6.8264179778
7.99024715265 0 9.72816516771 -1.75674423566 -11.2687681604 -6.43289172692
7.99233228899 0 9.71942174316 -1.78429011047 -11.5748359473 -6.13973157648
7.99310743691 0 9.70390509608 -1.7896701298 -11.6902909949 -6.02931067359
7.99311212621 0 9.70384731847 -1.78968318829 -11.6909921923 -6.02864031554
8.00758668596 0 9.57910226029 -1.90003388126 -14.0072747857 -3.82839637866
8.01346429999 0 9.50582792291 -1.89493721621 -15.030053584 -2.86367296584
8.01414104094 0 9.49415200434 -1.91058911938 -15.1506802643 -2.75009804841
8.02137655041 0 9.40485303202 -1.92685124022 -16.4756793357 -1.50489820163
8.02308094201 0 9.38349603865 -1.93177041706 -16.7968629975 -1.20362014568
8.02349108137 0 9.37820829452 -1.93372771078 -16.87464921 -1.13068344113
8.03736673317 0 9.21372179008 -1.97525566783 -19.6123644585 1.43081128198
8.03749185435 0 9.21116939617 -1.97711840777 -19.6379257276 1.45468780328
8.03767321528 0 9.20982076379 -1.97842579746 -19.6750020498 1.48931944635
8.0394581333 0 9.19160866112 -1.96815013024 -20.0415038293 1.83159636954
8.04956503225 0 9.07693138072 -2.02086419016 -22.1677622124 3.81574170748
8.05407197143 0 9.02619814905 -2.04075397242 -23.140831499 4.72326015992
8.05689959434 0 8.99700558762 -2.05266770602 -23.758127616 5.29892413553
8.05705962895 0 8.99414517469 -2.05318351367 -23.7932107487 5.3316411608
8.07593673657 0 8.79928065148 -2.14469958023 -28.0171070296 9.27305237123
8.07804587482 0 8.76564529022 -2.14961109879 -28.4966186538 9.72106961408
8.08398253686 0 8.71771196758 -2.18822226349 -29.8502877457 10.9868368188
8.08710281851 0 8.68992413465 -2.19041618697 -30.5630574948 11.6540140828
8.08770585527 0 8.68460575289 -2.21081772217 -30.7008384749 11.7830435159
8.09051420554 0 8.65559963363 -2.22687995378 -31.3423932961 12.3841307119
8.09659469335 0 8.59657639729 -2.26181397908 -32.7291500386 13.6851689784
8.10107991908 0 8.55244221937 -2.28530464628 -33.747844381 14.6426363986
8.10335073389 0 8.52953683481 -2.30017097178 -34.2615300488 15.1260766194
8.12326719319 0 8.34065662333 -2.42182344974 -38.6650855117 19.2922867
8.12744234604 0 8.29004551085 -2.44031655055 -39.5554440522 20.1406388548
8.12827902028 0 8.29642484468 -2.43721746527 -39.7321192592 20.3092736487
8.13633128469 0 8.21626865645 -2.50286632559 -41.3992296949 21.9059225597
8.15911590583 0 8.0008562174 -2.64379821081 -45.7093402551 26.0956991693
8.1610042856 0 7.98046330654 -2.65507469341 -46.034072372 26.4164397291
8.17280564526 0 7.86588531259 -2.72453038188 -47.9300414687 28.3109362348
8.17539509969 0 7.84025779356 -2.73883423427 -48.313194216 28.6994475646
8.17963417048 0 7.79643706065 -2.76358822438 -48.9130895935 29.3127594732
8.18859467046 0 7.70732269045 -2.81260402496 -50.0632830681 30.5110523851
8.19348386201 0 7.65576851907 -2.83861822897 -50.6194767664 31.1052741566
8.20458671653 0 7.52689709706 -2.88557760568 -51.6817005505 32.286394122
8.20778943607 0 7.50352495118 -2.90787335182 -51.9336992292 32.5813905095
8.22620898517 0 7.30051721269 -2.96703566773 -52.8743579667 33.8490474092
8.23740212643 0 7.1683128249 -3.02082099901 -52.9957856803 34.2384558217
8.24368028622 0 7.09201247046 -3.03465862056 -52.9062204511 34.3230253026
8.24402611998 0 7.07500154548 -3.02991111432 -52.8979142611 34.3248167196
8.24490301032 0 7.07636552969 -3.0390540602 -52.8752602447 34.3280039167
8.24809514455 0 7.03622879123 -3.04710112688 -52.7733966057 34.3231006234
8.25216585477 0 6.98757423356 -3.05704766025 -52.5989495277 34.2789159082
8.25755551743 0 6.91876478973 -3.06323862268 -52.2901583323 34.1540872097
8.25769876645 0 6.91541804442 -3.06382914396 -52.2807305226 34.1497283907
8.25824675196 0 6.90912586538 -3.06691215865 -52.2440788831 34.1325537391
8.26790208093 0 6.78379861832 -3.07611301934 -51.4445272158 33.6986463977
8.29514675429 0 6.39463747019 -3.06259642109 -47.5865696179 31.1031348118
8.30368137353 0 6.28108197066 -3.05419928667 -45.8854492185 29.86728293
8.30503420789 0 6.26176891211 -3.05278699277 -45.5942372698 29.652838946
8.30578377156 0 6.24988463279 -3.04882860796 -45.4303519277 29.5318417047
8.30672456258 0 6.23582147653 -3.04730319827 -45.2221020553 29.3777773425
8.3164582072 0 6.08945262317 -3.01911566021 -42.9013911129 27.6407422943
8.31890220931 0 6.05133964013 -3.01286337159 -42.2714213719 27.1638620516
8.32183450188 0 6.00508509976 -2.9999771934 -41.4907842813 26.5703144999
8.32309337685 0 5.98418118535 -2.996064617 -41.1473842043 26.3083694881
8.33271657413 0 5.83277481262 -2.95402611378 -38.3602751474 24.1660995204
8.33723804313 0 5.76091837065 -2.93087484318 -36.9532689526 23.0753509536
8.3411113059 0 5.69744909679 -2.91082774981 -35.6994232275 22.0990043166
8.35109652382 0 5.53184140958 -2.85036579965 -32.2655426545 19.4076884846
8.3779342772 0 5.06856218482 -2.64033121167 -21.6978223796 11.01448766
8.38032437973 0 5.02533251465 -2.61729865847 -20.6701706925 10.1919354112
8.38196183895 0 4.99976218596 -2.60460133919 -19.9586450236 9.62190560499
8.38321391557 0 4.97533092583 -2.58954859216 -19.4105460566 9.18252985299
8.39185483505 0 4.81943825918 -2.50347080325 -15.5364317359 6.07071836807
8.39220787089 0 4.80060109938 -2.49358393662 -15.3748781911 5.94073675823
8.39640902818 0 4.73545459821 -2.4554605732 -13.4336929708 4.37769270356
8.39855748072 0 4.69633317635 -2.43133118278 -12.4280441985 3.56710540914
8.39929399893 0 4.68638420303 -2.42580853 -12.0813441635 3.28752826091
8.40631490893 0 4.5931182651 -2.41602372379 -8.72879849262 0.581005598417
8.40760764671 0 4.57737161179 -2.41588642306 -8.10255075993 0.0748666177713
8.4145358577 0 4.49221719857 -2.4122303324 -4.70287032738 -2.67550853363
8.42127545145 0 4.41053107901 -2.40778522075 -1.3322072773 -5.40636125892
8.43930966614 0 4.18024660198 -2.36402385191 7.92315185147 -12.919390619
8.44185529943 0 4.14817146758 -2.35609148519 9.24960540395 -13.9973373907
8.44702552049 0 4.08100261215 -2.33967809158 11.953165293 -16.1949491014
8.45253241674 0 4.01348688682 -2.3191967286 14.8423160166 -18.5439607711
8.468534002 0 3.80751841367 -2.24455132014 23.2389446782 -25.3705836452
8.47051910411 0 3.77920519287 -2.23153467441 24.2756839533 -26.2131293174
8.49148173479 0 3.51245307847 -2.10644084635 35.0409208386 -34.9496869551
8.49904602128 0 3.41400348924 -2.04982836085 38.801841252 -37.9934754733
8.52347184461 0 3.11051100631 -1.84028609608 50.2339198216 -47.1953767363
8.52449750573 0 3.0982475778 -1.84876492155 50.684671465 -47.555984667
8.53187809546 0 3.01032220482 -1.78729701318 53.8457962271 -50.0782641784
8.53568510486 0 2.96234828498 -1.75268211986 55.4165215223 -51.3265801421
8.54787178523 0 2.8185289491 -1.63821153408 60.1430457486 -55.0567906544
8.55159205849 0 2.7743496715 -1.60333394334 61.48741597 -56.1086635311
8.56668345395 0 2.60229896879 -1.45457452159 66.4176335791 -59.9139930015
8.581549828 0 2.44427471063 -1.28986419012 70.3720742358 -62.8661384993
8.58897088444 0 2.36777129519 -1.23440834919 71.9796122318 -64.0161300177
8.6045532096 0 2.20211730754 -1.06901833175 74.4991027923 -65.6743730256
8.61452633513 0 2.10933305562 -0.967787685407 75.4694217171 -66.1678383544
8.61476126691 0 2.11700727739 -0.96866171984 75.4860142243 -66.1739213335
8.61730243171 0 2.0932315353 -0.944584799625 75.6467719236 -66.223160211
8.6181511417 0 2.08699632021 -0.936904260797 75.6927977882 -66.2328241486
8.61837589094 0 2.08657020635 -0.91612303077 75.7043406958 -66.2348123254
8.62454966683 0 2.03276380912 -0.872561182965 75.9149480674 -66.1952164174
8.63124241929 0 1.97394591442 -0.803762675506 75.908212554 -65.9442793649
8.63587024815 0 1.94051960158 -0.762575747349 75.7584030476 -65.6422797308
8.68427984005 0 1.59494238948 -0.317477825501 66.8812830511 -56.0085948009
8.6924781453 0 1.56228689405 -0.239403406211 64.0535248164 -53.2035078954
8.69314928705 0 1.55583621251 -0.251760445099 63.8053911781 -52.9591208657
8.7043591391 0 1.50612126409 -0.170928508465 59.2946269548 -48.5525329001
8.70952537052 0 1.48107869531 -0.132083129895 56.9870891996 -46.3189792701
8.71750379275 0 1.44507720561 -0.0779926685976 53.1482567448 -42.6256746817
8.77248256196 0 1.29534776499 0.181068142321 18.7240757906 -10.1155559646
8.78482983887 0 1.2689150028 0.21506062229 9.46354914035 -1.46273695316
8.79055990344 0 1.27529805392 0.221159302604 5.03207313 2.67050056613
8.79975278579 0 1.26494457134 0.233210782343 -2.22221576284 9.42820843821
8.80306351072 0 1.2586132437 0.268250727442 -4.87159698017 11.8939920868
8.80448013957 0 1.25327088048 0.283768996579 -6.01033093766 12.9534855343
8.80974082267 0 1.2387957478 0.343096601109 -10.2623901035 16.9080540121
8.8220000553 0 1.20892335124 0.46793481038 -20.2742718727 26.2109704781
8.82221152843 0 1.21217021583 0.469302463389 -20.4477799362 26.3721030316
8.82575122803 0 1.1991612869 0.505824592537 -23.3539009313 29.0705622237
8.8512049328 0 1.15382084577 0.731178671528 -44.1334224317 48.3505169968
8.85928030069 0 1.13922946778 0.791005839285 -50.5768772802 54.3264682683
8.86315963313 0 1.13490123534 0.818616901835 -53.6282856931 57.1565345557
8.90327632266 0 1.08436804172 1.05920610045 -82.5400713452 83.9977393746
8.91717964312 0 1.06850193952 1.12157111153 -90.9918342744 91.8677006477
8.92813410297 0 1.0600372718 1.16135494857 -96.9131489051 97.3959886058
8.93051540875 0 1.05794669928 1.17264704469 -98.1067522903 98.5124860908
8.94343804985 0 1.04400449101 1.21151784238 -103.959491411 104.002550078
8.95124871677 0 1.03547486815 1.23227324169 -106.957838847 106.829883774
8.95237346046 0 1.03229744565 1.23572908104 -107.354627704 107.205174946
8.962447395 0 1.02332870479 1.27339448549 -110.502614144 110.196919762
8.96300399239 0 1.02242909102 1.26019398909 -110.654855671 110.342468169
8.96453251156 0 1.01817872322 1.26241330167 -111.061046563 110.731341557
8.97790399736 0 1.00162252593 1.28577198563 -113.856295281 113.442808426
8.99285194124 0 0.982321011048 1.30239832017 -115.320423649 114.961275258
9.01829157671 0 0.940135811691 1.31467496591 -113.651251961 113.753164514
9.01931477335 0 0.938397136922 1.31729687387 -113.473685572 113.603863467
9.03126291502 0 0.91298589397 1.31658311681 -110.774138294 111.289082776
9.04750654205 0 0.879951619717 1.31033655824 -105.291992475 106.487258587
9.05327055626 0 0.864201507127 1.30590302203 -102.86191731 104.340251326
9.05781063406 0 0.843623540329 1.30307000539 -100.775648433 102.491609394
9.07179994417 0 0.817952743974 1.28612214121 -93.4349214776 95.9600258122
9.11301847394 0 0.683355052965 1.20268552929 -64.9843989558 70.4500355463
9.16238415598 0 0.472799102162 1.0154067412 -23.0211472091 32.5669047411
9.19200072423 0 0.303431241625 0.839643230647 2.18200087215 9.71752396263
9.24439981064 0 -0.127384405917 0.153437024995 37.9404597822 -22.8569477465
9.26519543357 0 -0.345088193062 -0.217962083365 46.8177338629 -31.0086190572
9.29362666141 0 -0.693428395844 -0.826507257491 52.6491445435 -36.4584165776
9.31013140547 0 -0.92920772344 -1.23902426134 52.4663415524 -36.3920599832
9.31440289853 0 -0.995020840792 -1.35473858831 51.9887249915 -35.9847245856
9.36032996494 0 -1.83508666386 -2.82153312722 36.4601525261 -22.160874798
9.37328741115 0 -2.13472417762 -3.31806398309 29.1318994411 -15.5759967951
9.42646531057 0 -3.58731996994 -5.75457006903 -7.73865509935 17.6995177237
9.43037753694 0 -3.71263663999 -5.962237107 -10.5214175368 20.2174361069
9.46543958503 0 -5.00511878028 -8.01231771272 -32.5975264663 40.2222356353
9.47390028938 0 -5.35747731668 -8.56774554089 -36.686019331 43.9346442199
9.53497468774 0 -8.47949461067 -13.3339611835 -41.7993941552 48.6514414781
9.53674003014 0 -8.58539966334 -13.4924217434 -41.1878426374 48.0992013874
9.6735817772 0 -20.3451758585 -30.6520168596 92.4493591722 -73.3267773295
9.76812303334 0 -33.8469547775 -50.1434121103 49.7050611123 -35.2900297207
9.80923185357 0 -41.6889670851 -61.4032972511 -43.1823523742 48.0264007239
9.97002895022 0 -88.3745172698 -128.565619537 203.284502843 -210.454563907
