3.50845818264 0 4.25600648301 -4.77049371553 4670.97210371 -4633.50470192
4.11766386006 0 -5.45020536057 -9.59628244962 1949.04892747 -1963.33893825
4.13860024073 0 -6.18501788719 -9.33391850019 1735.81414953 -1749.47989208
4.20101805417 0 -7.93308387557 -8.7313322037 992.660481238 -1004.02570245
4.35885421251 0 -10.622392448 -7.05640704172 -347.691290389 347.81886774
4.49119638692 0 -12.4111963436 -4.33622159403 -345.793661455 357.03790836
4.53480244734 0 -12.9805823306 -3.20485082133 -217.182268569 231.199166664
4.62946790082 0 -14.0251674869 -0.622432238305 78.9803932131 -60.9121185404
4.65809480609 0 -14.2314386657 0.0983697902887 149.203139087 -130.361633466
4.73600677752 0 -14.6066345109 2.03145182081 260.353523582 -240.064499423
4.75066810156 0 -14.6433016361 2.3835026555 267.537361441 -247.039904105
4.88461754938 0 -14.3636263235 5.20297935235 176.104042003 -153.752702816
4.89005956816 0 -14.3633068402 5.33179929569 168.427243216 -145.990687729
4.92318851484 0 -14.0953647251 5.86932153417 119.269897347 -96.2943210633
4.92697356766 0 -14.0751394298 5.93850310386 113.499382151 -90.4603458061
4.93335217978 0 -14.0375249336 6.0640413436 103.753972245 -80.6073299969
4.97252362487 0 -13.6651139349 6.6402787718 44.792093898 -20.9750791728
4.97849334194 0 -13.6485055321 6.76631469083 36.1540918256 -12.2350220907
5.0004609312 0 -13.4264631636 7.08114154761 5.72422367552 18.5649538907
5.00207291637 0 -13.3719360587 7.06829161758 3.58875881234 20.7270880308
5.00224087563 0 -13.3924314473 7.09852613931 3.36710239697 20.9515183934
5.00880421058 0 -13.3161059439 7.18120160386 -5.16565249336 29.5919045759
5.02030068085 0 -13.1169721311 7.27789707359 -19.4687001818 44.0793447433
5.10233523256 0 -12.0038197742 8.23085439027 -92.2902062602 117.956369901
5.13261181541 0 -11.6236992959 8.58985692202 -104.666770416 130.553528168
5.14531562757 0 -11.4740616662 8.74769922518 -107.513303402 133.458359018
5.14547276262 0 -11.4343642815 8.71477182357 -107.540048604 133.485691871
5.14646842365 0 -11.4545415457 8.75866897974 -107.70476222 133.654052233
5.14705321483 0 -11.4532127298 8.76912480455 -107.797683643 133.749053586
5.16764432897 0 -11.1763547544 8.99395614046 -109.305910635 135.300771987
5.17054479139 0 -11.142351313 9.02934674397 -109.250115308 135.246378586
5.17310382928 0 -11.1250152796 9.07151642301 -109.147671057 135.144188509
5.1827644859 0 -11.0111238495 9.19221947259 -108.320982167 134.310105788
5.18651357957 0 -11.0021993415 9.27053185056 -107.817377029 133.800056041
5.20630046593 0 -10.8025445742 9.52826904442 -103.561475605 129.476850509
5.21611995604 0 -10.6783958743 9.65417837437 -100.516339355 126.377551117
5.22131582089 0 -10.6306571929 9.72937595646 -98.6737312503 124.50074878
5.22708634951 0 -10.6110239691 9.84554101474 -96.4494224014 122.234008975
5.24117463086 0 -10.456576279 10.022831931 -90.2858958975 115.947450735
5.24569846906 0 -10.430247899 10.104391938 -88.102165152 113.718455785
5.26931649223 0 -10.2505354948 10.4731791899 -75.3115461438 100.64771404
5.27888515263 0 -10.1727571793 10.6203105413 -69.5633494772 94.7659668874
5.27898415657 0 -10.1737911893 10.624112407 -69.5024302274 94.7036079879
5.28304275773 0 -10.1693455547 10.7194626871 -66.9815291611 92.122690834
5.28855941745 0 -10.1101942135 10.7830639127 -63.4854516998 88.541959337
5.30493534258 0 -10.0092781769 11.0615593753 -52.7117327066 77.497010637
5.32059786164 0 -9.92029652083 11.3347404756 -42.005697643 66.5057306261
5.349015657 0 -9.80701898484 11.8741183067 -22.170165166 46.097409912
5.35123691464 0 -9.76411923792 11.8844949502 -20.6209902472 44.5008762592
5.35608492655 0 -9.74335450059 11.9758041401 -17.2491513952 41.0245392182
5.372033267 0 -9.68123993346 12.2783070236 -6.29857815896 29.7203038122
5.38368274205 0 -9.65300451458 12.5181168516 1.49573436513 21.6595746527
5.4131786001 0 -9.48207059314 12.989294755 20.0520989928 2.40832834742
5.4240126794 0 -9.41484161658 13.1413931398 26.3261615064 -4.12494710199
5.43337375085 0 -9.37764133559 13.2788101226 31.4703056662 -9.49341907354
5.4334329263 0 -9.36922839566 13.2943783379 31.5019627926 -9.52649372517
5.44208278158 0 -9.31454408109 13.4150479653 36.0080365195 -14.2395071401
5.44813593147 0 -9.27578783822 13.4990968876 39.0135968746 -17.3893910509
5.44866852461 0 -9.28048975028 13.5068392051 39.2720499532 -17.660515956
5.45152213502 0 -9.24078439338 13.5296200378 40.6400439005 -19.0963194341
5.45399742617 0 -9.21554172866 13.5530421792 41.8035409299 -20.3185091273
5.47074965833 0 -9.14113923634 13.8160393314 49.0945421284 -28.0027140609
5.47542117151 0 -9.10168915294 13.8573633407 50.9410245057 -29.9572991328
5.47803163796 0 -9.08345753761 13.8923742489 51.9364894719 -31.0128238515
5.47935367439 0 -9.06616076552 13.9246483401 52.4306103132 -31.5372606305
5.49247741488 0 -8.95815792258 14.0767394395 56.9656871275 -36.3692525381
5.49487454042 0 -8.96378351425 14.1339860755 57.720662828 -37.1776029383
5.49735887109 0 -8.91271663203 14.1338747719 58.4789647924 -37.9909186581
5.52015758977 0 -8.76937348314 14.4536558395 64.2815230322 -44.2824217225
5.53109189649 0 -8.63634539531 14.5476626693 66.322365309 -46.5464126087
5.53294933133 0 -8.62185345107 14.5721334308 66.6214423392 -46.8825990798
5.53826715998 0 -8.59644394494 14.6603680818 67.4016885665 -47.7677619488
5.54345341205 0 -8.55670267028 14.7045430162 68.054688774 -48.5211456437
5.55268096233 0 -8.46884924415 14.8211681896 68.9557751139 -49.5959593151
5.55648162585 0 -8.42330610729 14.8615279081 69.2309882728 -49.9408661411
5.56417935209 0 -8.33228753158 14.92546334 69.6196656677 -50.4672915098
5.57089405207 0 -8.28306655161 15.0099774194 69.7772671769 -50.7412618195
5.57860533404 0 -8.2009840242 15.0868839105 69.7544498194 -50.8476594287
5.58010079371 0 -8.15232084072 15.0714553505 69.7252629169 -50.8429788618
5.59588416793 0 -7.99969639111 15.2257585451 68.9427019365 -50.308029827
5.61476625897 0 -7.73201984211 15.3639156603 66.9298874431 -48.56494666
5.61856459695 0 -7.71205773124 15.4191441918 66.3928077185 -48.0786750598
5.62879582984 0 -7.57425644925 15.49399434 64.7406936104 -46.5577833894
5.63694841106 0 -7.42583068746 15.5128790775 63.2207928596 -45.1366810784
5.64057197857 0 -7.40509290232 15.5634510208 62.4905442343 -44.4487446315
5.64521105352 0 -7.313325062 15.5705221831 61.5087281064 -43.519692508
5.65197496403 0 -7.19943485305 15.5925433852 59.9869890989 -42.0721209025
5.65210332111 0 -7.19934572404 15.5959402754 59.9571138254 -42.0436219978
5.65449798984 0 -7.19977510075 15.6415873711 59.3931455821 -41.5051229857
5.66870515674 0 -6.95714942619 15.6959826032 55.8041017755 -38.059311916
5.67436170547 0 -6.86309810816 15.7166507343 54.2687975952 -36.5774745474
5.68133908254 0 -6.75965778783 15.745879918 52.3006492385 -34.6726796108
5.68426875172 0 -6.70169165347 15.7325954339 51.4515329437 -33.8493492853
5.69249738398 0 -6.55848953513 15.7727923163 49.0011830393 -31.4690052759
5.70236708933 0 -6.34636469726 15.7586548026 45.9495447587 -28.4970067076
5.70262839873 0 -6.37193662219 15.7863537791 45.8672707241 -28.4167821963
5.70773558214 0 -6.27829480031 15.7949219727 44.2455677577 -26.8345712143
5.71059211805 0 -6.19219016687 15.7683998552 43.3278886711 -25.9385330992
5.71258408614 0 -6.18466424331 15.7973577141 42.6838158095 -25.3093723852
5.71510529608 0 -6.13800902702 15.8011293604 41.8640656033 -24.5082954188
5.72097310822 0 -5.99198805371 15.7738909419 39.9384579157 -22.6253398472
5.75773698876 0 -5.23543482267 15.7334573511 27.5758720614 -10.513310713
5.77303615618 0 -4.90974626676 15.7008565993 22.4472529983 -5.48675975749
5.77353262624 0 -4.92191637919 15.7208982108 22.2824092307 -5.32526526773
5.78645516643 0 -4.59837527053 15.6401716408 18.0428265388 -1.17441775309
5.78999685881 0 -4.54986301318 15.6571241389 16.9011313834 -0.0577142102932
5.79424475893 0 -4.41969083362 15.6058799134 15.5453367927 1.26762093261
5.79962443686 0 -4.3270750246 15.6095078063 13.8514993572 2.92202179745
5.81239142168 0 -4.06374446055 15.5815518508 9.94977078686 6.72551787353
5.82221141375 0 -3.91549497338 15.6067414134 7.0778891916 9.51645683999
5.82715431154 0 -3.79281494584 15.5750188157 5.67973840859 10.8717900733
5.82810919585 0 -3.80705701162 15.6058384094 5.41350113366 11.1295822935
5.83660420758 0 -3.61727056375 15.5652627558 3.10249624794 13.3628126712
5.83889847158 0 -3.57341232534 15.5619083401 2.49670282735 13.9467430948
5.83997446277 0 -3.58490176177 15.5887876812 2.21536387743 14.2176964154
5.84255799949 0 -3.54347274944 15.5916796029 1.54718569156 14.8605853994
5.84578116523 0 -3.4440991868 15.5513814866 0.728346808067 15.647157488
5.87021765579 0 -3.00271283283 15.5258827124 -4.912051114 21.014144072
5.87285381434 0 -2.96188945708 15.5209888105 -5.45736478345 21.5266246205
5.88465740399 0 -2.71229671856 15.4619846102 -7.73995929121 23.653353583
5.88506189407 0 -2.72614271391 15.4821780493 -7.81349680293 23.7212840215
5.88740094725 0 -2.6500437044 15.446411883 -8.23257231611 24.1075783452
5.88843824745 0 -2.66378561497 15.4738738682 -8.41504085102 24.2753129261
5.88857662734 0 -2.62636725782 15.4405441129 -8.43922544906 24.2975227612
5.89357317821 0 -2.56187430743 15.4375471916 -9.28752734846 25.0730517385
5.90317929014 0 -2.38283262241 15.4228709493 -10.78070368 26.4180449269
5.91362573729 0 -2.19052861384 15.387984096 -12.1961706464 27.65942418
5.92588509823 0 -1.92323725713 15.30465184 -13.5778235684 28.8186453003
5.92590836362 0 -1.92265417541 15.3045046365 -13.5801580324 28.8205383974
5.92809495155 0 -1.88201788514 15.2955956979 -13.7947008833 28.9932678014
5.92893808125 0 -1.86658482304 15.2922165912 -13.8748580785 29.057126018
5.9300393072 0 -1.87941066109 15.3184061393 -13.9774008534 29.1382320734
5.93539219837 0 -1.74620229463 15.2634625247 -14.4411727466 29.4953885245
5.93818912513 0 -1.72840118056 15.2855552829 -14.6606722678 29.6575701916
5.94505327772 0 -1.5721011164 15.2251597624 -15.1332899874 29.9847573775
5.9538187212 0 -1.44563084268 15.1998462103 -15.6014714402 30.2572072945
5.95499998161 0 -1.39515908668 15.1832576926 -15.6530676391 30.2815538113
5.95894186699 0 -1.33502326043 15.1768531573 -15.80566953 30.3417069703
5.9664583873 0 -1.22953384501 15.1657654872 -16.0140068697 30.367234979
5.96703585265 0 -1.18685517287 15.1327847516 -16.0255742101 30.3644008403
5.97099924452 0 -1.11905704415 15.1160837687 -16.0880727736 30.3266715293
5.98085448516 0 -0.964416073271 15.0822141135 -16.1176269702 30.0964494907
5.99294747249 0 -0.791664087126 15.0554901103 -15.9163549811 29.5556323547
5.99453200525 0 -0.767234671024 15.0526289696 -15.8712207465 29.4642989776
6.00868111516 0 -0.52065892545 14.9684317818 -15.2841125737 28.4470308182
6.01172000683 0 -0.476129676869 14.9576838445 -15.1163058227 28.1826991769
6.01648821948 0 -0.407576652609 14.941313614 -14.82458236 27.7365785547
6.01945770707 0 -0.364096883407 14.9292490904 -14.6257775496 27.4398068076
6.02179838995 0 -0.341651216951 14.9339070282 -14.4600201141 27.1958487454
6.02228389145 0 -0.355770838631 14.9337647351 -14.4246537241 27.1441542084
6.03069843299 0 -0.222383258059 14.90310983 -13.759433981 26.1900750961
6.03400656269 0 -0.193439637318 14.915321446 -13.4717123182 25.7857671602
6.03877932725 0 -0.132662796094 14.9022412015 -13.0317503176 25.1746184818
6.03967290815 0 -0.131163586551 14.9021992878 -12.9462028509 25.0566308471
6.05114676994 0 0.0396940119319 14.8439995528 -11.7635477031 23.4466291851
6.05354938966 0 0.0339782862065 14.8696004184 -11.4971105381 23.088194448
6.05627207157 0 0.0991359030189 14.8312980782 -11.1877907509 22.6735845802
6.05853636204 0 0.122624302319 14.8291107611 -10.9247426804 22.3221393914
6.0598650766 0 0.137193234574 14.8266311901 -10.7679916213 22.1131653905
6.06083953468 0 0.117931288467 14.8365355468 -10.6519304816 21.9586407936
6.06126758939 0 0.122460295484 14.8358058079 -10.600656357 21.8904269035
6.07226390155 0 0.232454455965 14.8363337382 -9.22583119375 20.0714028529
6.07292000946 0 0.261211606795 14.817495648 -9.14049216786 19.9590180343
6.07304846677 0 0.237843252497 14.8379390763 -9.12374287652 19.9369664868
6.07454409849 0 0.285192881306 14.805581962 -8.92775368584 19.6790736951
6.07581334407 0 0.296892524115 14.80431622 -8.76004149661 19.4585842688
6.07735876339 0 0.287940371392 14.8310868473 -8.55415669801 19.1881381939
6.07752754465 0 0.314611475657 14.8003554402 -8.53156135731 19.158471972
6.07876171782 0 0.293154136497 14.8296128422 -8.36569205102 18.9407799453
6.08818112319 0 0.381543503407 14.8240133748 -7.06470927786 17.2375136248
6.09311862159 0 0.445649367942 14.7923177684 -6.36046630523 16.3177364557
6.09534363579 0 0.46079201179 14.7944612688 -6.03869016815 15.8978131909
6.09646834611 0 0.430616299423 14.8295552877 -5.87506284525 15.6843365275
6.09671418332 0 0.471338706824 14.79440838 -5.83921305184 15.6375696557
6.10472577063 0 0.487758481638 14.8323645404 -4.65572722498 14.0942395591
6.10737734434 0 0.533402476613 14.8059020851 -4.25824079257 13.5759561059
6.11198468865 0 0.541148018644 14.8147903429 -3.56187362008 12.6677476262
6.11295685617 0 0.537627295051 14.8393209233 -3.41411361286 12.4749786301
6.12011860457 0 0.614119179698 14.8136872253 -2.31841728798 11.0444870189
6.12162569442 0 0.582562381609 14.8512353698 -2.08651511377 10.7414265924
6.12179889849 0 0.621833342333 14.8165145733 -2.0598396483 10.7065578403
6.12203843387 0 0.584369901355 14.8519705981 -2.0229407045 10.6583226734
6.1277184273 0 0.616637173018 14.8557453537 -1.14581848252 9.5106571356
6.13047127286 0 0.658696855866 14.8334183223 -0.719674359686 8.95222644123
6.13542531242 0 0.652500453172 14.8737621664 0.0478030039436 7.94484614865
6.1393445378 0 0.654678662222 14.8867146864 0.654616364495 7.14663025379
6.14747205744 0 0.675494674303 14.9129972219 1.90840855805 5.49165068291
6.14977420569 0 0.67291216865 14.924515855 2.26168681136 5.02374647354
6.15262883984 0 0.716248079291 14.899832075 2.69819190479 4.44453431997
6.15277011735 0 0.682677778592 14.9312663745 2.71974538397 4.41590211951
6.1540316405 0 0.688313964261 14.9168472936 2.91198269104 4.16039024808
6.15616410917 0 0.688317495025 14.9453321229 3.2359770176 3.72917234271
6.15876113061 0 0.690460049948 14.9560760834 3.62876838042 3.20536285022
6.15928237438 0 0.689213889167 14.9574844215 3.70735127196 3.10042734829
6.16232400481 0 0.690672820626 14.9707834642 4.16408204721 2.48955786934
6.16356947555 0 0.700443343037 14.9741836741 4.3501500064 2.24020011822
6.16677067249 0 0.72548617567 14.9586595011 4.82564432803 1.60159000851
6.16852572784 0 0.725101662177 14.967182028 5.08454607708 1.25299888528
6.1770866081 0 0.677583756497 15.0494840306 6.32694612234 -0.429317357761
6.17751944617 0 0.676984441679 15.051912819 6.3887787032 -0.513490994168
6.17849960115 0 0.715633993558 15.0202605142 6.5284216822 -0.703757445768
6.17887174128 0 0.70380541528 15.0313398506 6.58130232261 -0.775870176942
6.17934090934 0 0.714158296333 15.0251401775 6.6478607135 -0.866684017994
6.17965890386 0 0.67901883186 15.0598018102 6.69290274657 -0.928171643421
6.18069235343 0 0.7102108071 15.0352107155 6.83888851819 -1.12763487551
6.18072248232 0 0.710353976704 15.03531856 6.84313537259 -1.13344149818
6.18414503814 0 0.703391490151 15.0559485945 7.32208610146 -1.78982579429
6.18653763562 0 0.674583401215 15.0991618031 7.65266002808 -2.24471396313
6.18668551226 0 0.68835416455 15.0783837097 7.6729727911 -2.27271708943
6.19022798183 0 0.68840436367 15.0946072107 8.15530631343 -2.93950557505
6.19115484346 0 0.686133886163 15.100614854 8.28011862292 -3.11264753929
6.19402190529 0 0.645965100234 15.148311123 8.6624205145 -3.64461079752
6.19638851578 0 0.669522989116 15.1364801742 8.97355592476 -4.07945408726
6.198460856 0 0.661402092792 15.1515122283 9.24259681757 -4.45693326598
6.20060487399 0 0.666181862115 15.1529917676 9.5174962455 -4.8441198938
6.20828951016 0 0.752633680189 15.0759824768 10.4725430773 -6.20226201026
6.21006725094 0 0.807835786266 15.024080588 10.6864351895 -6.50950482719
6.23559056131 0 1.13441451978 14.724624309 13.4299676175 -10.5921968075
6.23801364022 0 1.18896516235 14.6769891097 13.6559380139 -10.9447577363
6.24033288419 0 1.1983629991 14.6646181105 13.8662178325 -11.2760419802
6.25180859169 0 1.35830112909 14.5121798321 14.8174913101 -12.8231590061
6.26117216817 0 1.42723462345 14.4410685305 15.4793566408 -13.9666362696
6.26640678215 0 1.49845413005 14.3697184287 15.8028837198 -14.5571740581
6.27069416813 0 1.50979818925 14.3569887366 16.0424642755 -15.0140866736
6.29248678649 0 1.71756749016 14.142201093 16.8963364657 -16.9497801187
6.29754396344 0 1.7159684287 14.1363623644 17.005734949 -17.3038421551
6.30196473041 0 1.77092262538 14.0784523362 17.0736103142 -17.5833412177
6.30219729997 0 1.74545388288 14.106742467 17.0764626179 -17.5972663563
6.30993463672 0 1.81390340005 14.0321057141 17.1303527484 -18.0159388419
6.31031927923 0 1.82589528251 14.0183342548 17.130953778 -18.0344863826
6.31245024492 0 1.83765704803 14.0040646641 17.1307186985 -18.1333436522
6.31322688128 0 1.83406590428 14.0039058168 17.1291317991 -18.1677292378
6.31383143189 0 1.84364578871 13.9970177955 17.1273416373 -18.1938877348
6.31784780843 0 1.83701431442 14.0037001762 17.1031259356 -18.3541503377
6.32743991816 0 1.8719621448 13.9476863506 16.9589358852 -18.6417238375
6.32845127445 0 1.91134939888 13.910495131 16.9366745374 -18.664230668
6.33383617481 0 1.89874354239 13.8981245486 16.7956460164 -18.7590342334
6.34049244759 0 1.92509908977 13.8764862764 16.5693845228 -18.8181911301
6.34103660915 0 1.95551140553 13.8482473683 16.5483707513 -18.8202036632
6.34138323749 0 1.94892871566 13.8514258388 16.5347879449 -18.8212638698
6.34270311284 0 1.96351771677 13.8369626606 16.4816662929 -18.8237228342
6.34491472659 0 1.96733952104 13.8302597108 16.3876942604 -18.822251199
6.34571763947 0 1.96163506273 13.8319534429 16.3520471842 -18.8199881451
6.34791780852 0 1.97803083324 13.8142751843 16.2502069374 -18.8090821049
6.3517030899 0 1.94989105462 13.8331518236 16.0608326332 -18.7742566637
6.35897633201 0 1.96820176233 13.7886533418 15.6474146106 -18.6508703423
6.36207540565 0 1.97776482209 13.7884286455 15.4518018035 -18.575992178
6.36302253928 0 1.97998308866 13.7842780786 15.3897341212 -18.5504767359
6.36723606334 0 1.98810857764 13.7767984737 15.1008040041 -18.4221619287
6.36793962057 0 2.01627960784 13.7423843977 15.0505399811 -18.3983961555
6.37290599437 0 1.99461011783 13.7519275094 14.6795499216 -18.2118022109
6.3799013659 0 2.00322360462 13.7297704179 14.109970368 -17.893906412
6.38138472146 0 2.0323272044 13.7012569865 13.9823009369 -17.8183715227
6.38336325441 0 1.99930314056 13.7266594518 13.8083381831 -17.713264371
6.38450099392 0 2.00128076579 13.7260875286 13.7064188208 -17.6505842375
6.38564752638 0 2.03678142659 13.6881575957 13.6023333838 -17.5857770427
6.38682843977 0 2.00193369645 13.7172951181 13.4936913485 -17.5173124664
6.38726168639 0 2.00222822947 13.7161544308 13.453470457 -17.4917604943
6.38736997578 0 2.03813340493 13.6833851434 13.4433869874 -17.4853375207
6.38961537411 0 2.03844524998 13.6791332166 13.2315904687 -17.3489010825
6.39433891393 0 2.04138756664 13.6666001547 12.7694255036 -17.0418679796
6.39887968063 0 2.01524460059 13.6888984329 12.3045198663 -16.7216853492
6.40214114526 0 2.04363595577 13.6487325367 11.9585383164 -16.4769485815
6.40312621504 0 2.03291548742 13.6592445822 11.8521082063 -16.4006488193
6.40585918009 0 2.01474898072 13.6674032786 11.5522345437 -16.1832698544
6.40652947068 0 2.04338719824 13.6404200732 11.4776696118 -16.12868994
6.41051130241 0 2.00978229646 13.6657078371 11.02665329 -15.7943671145
6.41242220342 0 2.01547768646 13.6529535198 10.8054125643 -15.6278884314
6.41638124847 0 2.04645991147 13.6162555273 10.3374845532 -15.270835649
6.42078316008 0 2.04266029782 13.6117505615 9.80265498029 -14.8551584451
6.4228896929 0 2.04499177559 13.6044260616 9.54151291176 -14.6494865866
6.42335410525 0 2.0424310936 13.6065342793 9.48350115718 -14.6035682273
6.42411682329 0 2.01341597472 13.631019742 9.38788714266 -14.5277088874
6.42531522989 0 2.01391479041 13.6363698739 9.23681183619 -14.4074044332
6.42548593874 0 2.04433443493 13.5997331568 9.21520860501 -14.3901576788
6.42965390012 0 2.01249604683 13.6289194315 8.68148827917 -13.9607276536
6.43967150885 0 2.0016601809 13.6103182219 7.35288860715 -12.8663234084
6.44082414096 0 2.02535801131 13.589750286 7.19620526659 -12.7350814744
6.44258912479 0 2.0009779879 13.6089498645 6.95487243274 -12.5320999691
6.44338010625 0 2.03424186115 13.5743327324 6.84617855886 -12.4403549182
6.44600706701 0 2.02363708528 13.5808698258 6.48287553252 -12.1322799733
6.45258723681 0 1.99903478149 13.5730959335 5.55832221649 -11.3388738665
6.45973362912 0 2.0303801138 13.5448428202 4.53362807599 -10.4448997341
6.46161799903 0 2.01860255752 13.5548958447 4.26036006753 -10.2040589482
6.46253264033 0 1.99447015933 13.5757396964 4.12730586682 -10.0864365686
6.47101150692 0 2.02846400876 13.5249836872 2.88269754118 -8.97528881852
6.4721220994 0 2.00022865155 13.5565457761 2.71839608007 -8.82718376442
6.47826938556 0 2.00003663533 13.5367606506 1.80497987942 -7.99802859918
6.47846986333 0 2.02754475989 13.5124087044 1.77509622421 -7.97073918708
6.47906711273 0 1.99949096885 13.5361500227 1.68603991015 -7.88935391786
6.48264103436 0 2.0217921606 13.5071656423 1.15235148351 -7.39976867277
6.48652504317 0 2.00190933779 13.5199264144 0.571311130663 -6.8631624338
6.48930301333 0 2.0309407692 13.4893297731 0.155442290637 -6.47684360501
6.49294445007 0 2.00470408616 13.5060149796 -0.389571195265 -5.96775221541
6.49385622792 0 1.99921246993 13.5090984174 -0.525954459161 -5.83986466405
6.49504832852 0 2.00246770131 13.4898529192 -0.704189313538 -5.67243656448
6.50188785487 0 2.00610972333 13.4796276541 -1.72406404681 -4.70798955338
6.50409774184 0 1.96086461766 13.5081434985 -2.05218279448 -4.39539417637
6.50465285061 0 1.93562466747 13.5250494712 -2.13446595694 -4.3168279191
6.50818240507 0 1.8803112812 13.5512171573 -2.65616628759 -3.81705140462
6.5138500077 0 1.81139789174 13.5739115276 -3.48749696817 -3.01477192479
6.51589551739 0 1.75678610235 13.6191693488 -3.78523851428 -2.72566341222
6.52586526596 0 1.60335965563 13.691629486 -5.21467880528 -1.32438410531
6.52589207947 0 1.60200348976 13.6849285257 -5.21846806665 -1.32063968836
6.52607898006 0 1.62417403864 13.6623334393 -5.24487163921 -1.29454412788
6.5276692448 0 1.57708534488 13.6953444139 -5.46887884883 -1.07283470929
6.5283275124 0 1.59076001286 13.6786585855 -5.56125547642 -0.981240389033
6.5285459141 0 1.56403020827 13.7014720077 -5.59185846315 -0.950875160587
6.53328775123 0 1.48694889991 13.7398924228 -6.25038378913 -0.294846279607
6.53386380502 0 1.50885433879 13.7150049868 -6.32957946692 -0.215608292389
6.53539551011 0 1.46267727237 13.7558845586 -6.53926603032 -0.00544716972656
6.53658935546 0 1.46070431889 13.74411268 -6.70178024814 0.157800761213
6.53746063719 0 1.44825212431 13.749704453 -6.8198632046 0.276619715833
6.53753404964 0 1.4318829679 13.7693327365 -6.82979223269 0.286618471268
6.54263505032 0 1.37527302169 13.7814679957 -7.5116196477 0.976209494151
6.54341081464 0 1.37343760345 13.7749759865 -7.61386283586 1.08013452052
6.55177929807 0 1.22848108492 13.8555732978 -8.69032865434 2.18302849908
6.55339202896 0 1.23946185661 13.8312856404 -8.89187410188 2.39138872062
6.55858262119 0 1.17303682397 13.8576144366 -9.5265633555 3.05171919692
6.56150085639 0 1.135043184 13.8723644594 -9.87358584332 3.41561077466
6.56358478295 0 1.08629561504 13.9049428515 -10.1168746491 3.67201152233
6.58009760254 0 0.894195111707 13.9728472489 -11.8993005769 5.58872224775
6.5843035334 0 0.851500900759 13.9697475127 -12.3084779896 6.04040319089
6.58509272076 0 0.873740692478 13.9593092067 -12.3830788583 6.12334021717
6.58897449368 0 0.835843746951 13.9687135547 -12.7397368085 6.52263210396
6.60068806953 0 0.731949553994 13.9887611762 -13.7074593411 7.63487168751
6.60183689284 0 0.724069550058 13.9862964243 -13.7931934999 7.73601450595
6.60187282848 0 0.72189919341 13.9889806237 -13.7958479967 7.73915443897
6.60246429744 0 0.708482047141 14.0012808302 -13.8392997205 7.79062593132
6.60958018223 0 0.640326178899 14.0158150317 -14.3261031078 8.37824606957
6.61316735813 0 0.638688891141 13.9935329959 -14.545690601 8.65159613115
6.61320185641 0 0.638584069688 13.993830326 -14.5477164514 8.65414829818
6.61805474605 0 0.598743194699 14.0024388023 -14.8160960743 8.99828126081
6.61930000385 0 0.600344961928 13.9905468759 -14.8795844617 9.0817469905
6.62017247665 0 0.595268599785 13.9897408509 -14.9227406962 9.13902826899
6.62332572913 0 0.547695960187 13.9988355425 -15.0695150483 9.33771798519
6.62546496457 0 0.534294665076 14.0152787802 -15.1607944996 9.46497336627
6.62723992203 0 0.533304056015 14.0095413306 -15.2313773395 9.56585795677
6.63472731671 0 0.501755525378 13.9837403053 -15.4767068436 9.94333207276
6.63619104535 0 0.519575152191 13.9577629151 -15.5145973255 10.0078378315
6.63729417588 0 0.485162169541 13.9826085713 -15.5409442405 10.054405141
6.64289994228 0 0.473225342181 13.9585633169 -15.6451529805 10.2634409853
6.64488908716 0 0.493395600261 13.9274059938 -15.6700685049 10.3263525765
6.64687466479 0 0.48694868141 13.9192486683 -15.6885604029 10.3831704382
6.64768487722 0 0.456595578583 13.9433158608 -15.6942643568 10.404624668
6.6489105582 0 0.460494544476 13.939849156 -15.7008547056 10.435161972
6.65052919627 0 0.482150232986 13.9023451804 -15.7057808286 10.4719296601
6.65269073708 0 0.479041506003 13.8915501292 -15.7056175073 10.5146623117
6.6542129331 0 0.453819154927 13.9049485431 -15.7008489832 10.5403509754
6.6579626901 0 0.442145785816 13.8951410139 -15.6725678367 10.5879361417
6.6584674954 0 0.448814576599 13.8827042198 -15.6669536657 10.5926230864
6.66160337868 0 0.471653034488 13.8406584617 -15.6224045431 10.6125084348
6.66175835273 0 0.473523530288 13.8392351333 -15.6197692971 10.6130767821
6.66359924011 0 0.441811390084 13.8600609145 -15.5853275196 10.61682307
6.6654218359 0 0.449692922292 13.8384410533 -15.5455054669 10.6150453376
6.66791311961 0 0.444746645563 13.830001676 -15.4818151893 10.6037182623
6.67020885058 0 0.449156275146 13.808432809 -15.4136076503 10.5841122904
6.67276085951 0 0.459538007795 13.7909765851 -15.3270139115 10.5519123465
6.67615978891 0 0.458575243847 13.7655431177 -15.1939697938 10.491865339
6.67625564883 0 0.465782245634 13.7554777381 -15.1899230155 10.4898858567
6.68275927811 0 0.484331808636 13.6974430555 -14.8774077775 10.3185991379
6.68298252814 0 0.51020807631 13.671755452 -14.8653468575 10.3114172122
6.68476041905 0 0.516679993709 13.6551148009 -14.7661254787 10.2511152483
6.68943009128 0 0.535335955113 13.607226844 -14.4785940347 10.0662947089
6.69023236523 0 0.537429728158 13.6000522591 -14.425257137 10.0306658264
6.70065966626 0 0.603227899768 13.5257676113 -13.62644968 9.46310324004
6.70801485265 0 0.718301018269 13.9767576418 -12.9445664744 8.94481895759
6.71562486513 0 0.817058006553 14.4638098309 -12.1356718058 8.30473014681
6.71971705713 0 0.920199228617 14.6748780541 -11.6572503304 7.91660691318
6.72720192678 0 1.05908378017 15.1042412411 -10.7037983229 7.12694057868
6.72922584643 0 1.09844541434 15.2312828426 -10.4286330057 6.89567616513
6.73162801066 0 1.11434814304 15.3826614022 -10.0924945053 6.61138975293
6.73585586397 0 1.23490617688 15.5959085288 -9.4757989562 6.08521108853
6.73802423774 0 1.28099387594 15.7167787207 -9.14714669833 5.80257677406
6.73886647263 0 1.29924572287 15.7651428697 -9.01724037278 5.69046462677
6.74026770329 0 1.29664874104 15.8679224256 -8.79832932311 5.50105431025
6.7407130504 0 1.30633382289 15.8917148072 -8.7280262693 5.44009957013
6.7432674991 0 1.38641674932 16.0134831525 -8.31801668923 5.08344121652
6.74910820531 0 1.5078277041 16.357587808 -7.33751874239 4.22307046754
6.74970041283 0 1.54360737881 16.3557830426 -7.23478154488 4.13235815484
6.75307845943 0 1.62652148955 16.5391987825 -6.63714560921 3.60272661559
6.75354488986 0 1.63561034654 16.5640661141 -6.55307960277 3.52796941875
6.76021829551 0 1.7676796653 16.933660983 -5.30960189266 2.41536719697
6.76110210832 0 1.79598720303 16.990281596 -5.13925360215 2.26201139753
6.76410780286 0 1.86784419106 17.1341315485 -4.55011720323 1.73002936214
6.76781513822 0 2.00129545449 17.3004280985 -3.80273709469 1.0517370303
6.77019285234 0 2.02980439099 17.4400545507 -3.31148074927 0.603930932328
6.77019504423 0 2.0298528351 17.4400212307 -3.31102361704 0.603513535089
6.77442386928 0 2.17943113696 17.6245005003 -2.4145624437 -0.21741965028
6.77461535665 0 2.16170361143 17.6752199066 -2.37328652775 -0.255330278897
6.78024347941 0 2.32198148424 17.9491566146 -1.13405277416 -1.39787105795
6.78537327555 0 2.46881649467 18.1882228661 0.038690083679 -2.48640310483
6.78715688687 0 2.52774698518 18.2857564458 0.455924968796 -2.8752808986
6.79031971683 0 2.64551458202 18.3936692868 1.20762294481 -3.57791187323
6.79162654056 0 2.6858583462 18.4535177547 1.52257921537 -3.87306011967
6.79176455565 0 2.69073503348 18.4490676162 1.55599001804 -3.90439514177
6.79250276209 0 2.71636070876 18.4890042256 1.73517356259 -4.07252873982
6.79981101378 0 2.92452681203 18.8485633087 3.55188448113 -5.78479208542
6.80067518123 0 2.95266904447 18.8871204342 3.77175311391 -5.99292279119
6.80069597936 0 2.95324212875 18.8866883092 3.77705769402 -5.99794651187
6.80273621055 0 3.0202625827 18.9944826339 4.3003599778 -6.49407564422
6.80278154446 0 3.02047901366 18.9863969757 4.31205354907 -6.50517399118
6.80979680255 0 3.25755988406 19.2825593395 6.15538169455 -8.26100826286
6.8103012404 0 3.29718651493 19.276208962 6.29047094253 -8.3901677701
6.81119677584 0 3.32785763342 19.3123761968 6.53112066817 -8.62041283354
6.81528709491 0 3.44281047717 19.5158001655 7.64349862085 -9.68729170845
6.8156517675 0 3.4734003684 19.501852038 7.74371166136 -9.78361191331
6.81800938273 0 3.54484021661 19.6280243725 8.39562232894 -10.4110138652
6.81853453317 0 3.58583129962 19.6204070603 8.54177572994 -10.5518647216
6.82210991317 0 3.71432738509 19.7588813497 9.54579764229 -11.5213285696
6.82351199593 0 3.7383881905 19.8525940124 9.94372535821 -11.9064493679
6.82600653769 0 3.85752458594 19.9150322889 10.6574292403 -12.59842477
6.82659600597 0 3.85756298241 19.989113965 10.8271355722 -12.7631964857
6.8301223338 0 3.98294939032 20.1207829333 11.8506106703 -13.7587728856
6.83724730496 0 4.28540210422 20.350764399 13.9601277089 -15.82062003
6.83763312645 0 4.30070979117 20.3683410288 14.0758864052 -15.9341377889
6.84152670936 0 4.45420692445 20.513369957 15.2524973145 -17.0901392731
6.84441574049 0 4.5406976305 20.6581987678 16.1351556781 -17.9598987203
6.84515616191 0 4.56622787565 20.6668740355 16.3626478522 -18.1844182493
6.84716632306 0 4.6810077044 20.7174557154 16.9828303161 -18.7972233912
6.85190404243 0 4.87583523599 20.8866025241 18.4588782866 -20.2599484979
6.85357756706 0 4.94450449675 20.9504049751 18.9848968356 -20.7826464197
6.85673245333 0 5.07776412433 21.0488017481 19.9827969469 -21.7762873884
6.85706937694 0 5.09452072528 21.0641891685 20.0898376682 -21.8830291722
6.86016946706 0 5.22421397499 21.1664518311 21.0788494167 -22.8707182628
6.86752840782 0 5.54395095578 21.4074733215 23.4544374572 -25.2536642567
6.86915184824 0 5.59351926621 21.4895817709 23.9834046241 -25.7862815281
6.87418781944 0 5.80741081644 21.6381054874 25.6344758212 -27.4534351326
6.87822977017 0 5.99518486453 21.7782630622 26.9699081411 -28.8070621977
6.88165348892 0 6.15833113535 21.8786317644 28.1074850969 -29.963796341
6.88302743225 0 6.22327103774 21.9117984582 28.5655114122 -30.4304874349
6.8832288587 0 6.25430248166 21.8813477403 28.6327293787 -30.4990230243
6.88478451169 0 6.32642964308 21.9399270583 29.1524416392 -31.0293207637
6.88576651077 0 6.3731074717 21.9589136114 29.4810163347 -31.3649518277
6.88634547525 0 6.37290299069 22.009968648 29.674914305 -31.5631463366
6.88647155431 0 6.38433104125 22.012874957 29.717155908 -31.6063370113
6.889888763 0 6.54443153678 22.1151905469 30.864272566 -32.7810151097
6.8961037626 0 6.86612485145 22.2506651649 32.9601065654 -34.9361642527
6.89692913022 0 6.90506229084 22.2773256823 33.2392162878 -35.2240532091
6.89822177245 0 6.9679811234 22.3122714092 33.6766521526 -35.6756672818
6.89826500042 0 6.97317518549 22.3064620954 33.6912869337 -35.6907852659
6.89854564927 0 6.96131758534 22.3517380574 33.7863097632 -35.7889594798
6.90225229459 0 7.16623837693 22.4075645801 35.0427083399 -37.0893118387
6.90507900859 0 7.27750638415 22.5233487807 36.0022758454 -38.0853319844
6.90535401617 0 7.31031686101 22.4928029558 36.0956825916 -38.1824214987
6.90813932856 0 7.43729022498 22.5916891219 37.042108691 -39.1675167182
6.90956768797 0 7.53111522473 22.595420478 37.5276615407 -39.6738706048
6.91019726042 0 7.53521435846 22.6420214586 37.7417058799 -39.8972931786
6.91453744871 0 7.76099698911 22.7632443012 39.2174362775 -41.4411876513
6.91565158921 0 7.83995167437 22.7408031115 39.5962066148 -41.838450075
6.91833585156 0 7.96818183727 22.8083056163 40.5084645402 -42.7969387016
6.91844889694 0 7.96162529586 22.8541267931 40.5468710202 -42.8373443489
6.92408687163 0 8.25446999084 22.9814027974 42.4603653584 -44.8559283369
6.92740133452 0 8.45041652406 23.0029568015 43.5827832658 -46.0450831506
6.92750835783 0 8.42888320458 23.042228674 43.6189867055 -46.0835030261
6.93305349735 0 8.7504810116 23.1213076131 45.4907021679 -48.0753499596
6.93500157573 0 8.83328200819 23.1987749467 46.1460786042 -48.7754052049
6.94015181735 0 9.11012188147 23.3072242871 47.8720865461 -50.6257707237
6.94159661805 0 9.21432571007 23.2980050249 48.3543436324 -51.1445460063
6.9437727685 0 9.33115065701 23.3414227263 49.0789341027 -51.9254945648
6.94385592909 0 9.33528279668 23.3375859135 49.1065797134 -51.9553262194
6.95210966954 0 9.79115514073 23.4876331336 51.8323535688 -54.9099556002
6.95253239247 0 9.81476998121 23.4957949378 51.9709112455 -55.0608697753
6.95596542899 0 10.007015707 23.5576524402 53.0919901251 -56.2845996998
6.95706902945 0 10.0402584188 23.619186381 53.4507325441 -56.6772120723
6.95789582018 0 10.0935244277 23.6384954642 53.718947494 -56.9710796229
6.96201879511 0 10.3488619822 23.6594167358 55.0491633251 -58.4327769901
6.96295041027 0 10.4014749481 23.6702324792 55.3479809469 -58.7621257881
6.96687206217 0 10.6159572156 23.7410983302 56.5983383963 -60.1443308816
6.96987647051 0 10.797881999 23.7785905882 57.5476126714 -61.1982534805
6.97190889639 0 10.9177917294 23.8153486018 58.1853011611 -61.9085255573
6.9779452658 0 11.265099277 23.908149524 60.0566071988 -64.0039284622
6.9795688074 0 11.3374807276 23.9614953018 60.5538318212 -64.5636010682
6.98214153856 0 11.4894367162 24.0052261445 61.3362027747 -65.4468161528
6.98597117692 0 11.7038359339 24.0309057352 62.4877110016 -66.7527158985
6.98823370405 0 11.8475762366 24.0753347448 63.16036607 -67.5189872412
6.99124207125 0 12.0273376813 24.1212228026 64.0456136501 -68.5314706083
6.99243392456 0 12.1106534753 24.0920789572 64.3933650828 -68.9304999358
6.9930755487 0 12.1365966594 24.1272829026 64.5798636624 -69.1448076512
6.99370787479 0 12.1960002855 24.0986108494 64.7631683977 -69.3556582009
6.99855710114 0 12.4533813287 24.1809005458 66.1523151312 -70.9606504416
7.00074740619 0 12.5908574615 24.2157079447 66.7698639727 -71.678354242
7.00456160956 0 12.8481195182 24.2181609836 67.8299779016 -72.916815631
7.0064980365 0 12.9367696515 24.2831236252 68.3605490273 -73.5398397373
7.00650927823 0 12.9444758747 24.2757823783 68.3636139 -73.5434450781
7.00870927542 0 13.0992258004 24.2744069267 68.9599613376 -74.2463914556
7.01030745443 0 13.1751461245 24.3298474699 69.3888237243 -74.7537255895
7.0147406166 0 13.4456697832 24.3560288395 70.5587771468 -76.1458825619
7.01788818182 0 13.6605363317 24.3539195981 71.3714201956 -77.1203143994
7.02153121686 0 13.8509301473 24.4058999835 72.2926871708 -78.2329802551
7.0226875752 0 13.9553722527 24.3931613369 72.5806883581 -78.5826589254
7.02284429006 0 13.9375949205 24.4281923495 72.6195533674 -78.6299168989
7.02363385534 0 14.0040339645 24.406167767 72.8147574087 -78.8675304409
7.02382363758 0 13.9964448427 24.4431978067 72.8615258437 -78.9245233268
7.02431494971 0 14.0549278962 24.41532258 72.9823273284 -79.0718494312
7.02473919924 0 14.0811478309 24.4193728701 73.0863213068 -79.1988116993
7.02840893392 0 14.2989466476 24.4437799522 73.9734016633 -80.2870409597
7.02963195672 0 14.3843104292 24.4478395812 74.2640121512 -80.645670381
7.03034900985 0 14.4068096959 24.4862269559 74.4332106515 -80.8549752313
7.03294085604 0 14.5676460527 24.5059290316 75.0374067737 -81.6055338946
7.03301191456 0 14.5964003451 24.4762702563 75.0538072823 -81.625977792
7.04200978164 0 15.1255670228 24.5764075612 77.0578302191 -84.1550931348
7.0429748293 0 15.2171429178 24.5438235601 77.2640131543 -84.419121618
7.04943464754 0 15.6184065666 24.5891198383 78.5989964555 -86.1488028353
7.05203155672 0 15.7599364388 24.6251429884 79.1130966111 -86.8252081464
7.05299331129 0 15.8425234869 24.6009208537 79.3001447601 -87.0728877686
7.05321601745 0 15.8343193561 24.6485131415 79.3431983766 -87.1300214309
7.05349480757 0 15.8736707406 24.599154149 79.3969561598 -87.2014262331
7.05552083374 0 16.0003832219 24.6206980229 79.7829956894 -87.7164162755
7.05756364173 0 16.1074919918 24.6699430226 80.1639303224 -88.2286190754
7.06609461452 0 16.6664841535 24.6571784802 81.6627500707 -90.2889601963
7.07234760836 0 17.0323797178 24.7283985336 82.664570368 -91.7156962102
7.0748939328 0 17.1998693397 24.744073172 83.0484781317 -92.2757824769
7.08260359116 0 17.6755447276 24.7467016792 84.124114003 -93.895638092
7.08283056228 0 17.7221440526 24.7308256459 84.1537785045 -93.9415656223
7.08453695708 0 17.8299881272 24.7377404701 84.3730910963 -94.2835794415
7.08460588718 0 17.8352837997 24.7316447799 84.3818123915 -94.297273306
7.08693347328 0 17.9488395336 24.7597266774 84.6699937938 -94.7540900417
7.09501786101 0 18.4919350791 24.7584942485 85.57459262 -96.2551145643
7.09528481011 0 18.4852926954 24.7955164189 85.6018834573 -96.3023766975
7.09866032952 0 18.6879363306 24.7871012625 85.9325863835 -96.8871012542
7.10002143762 0 18.7753892188 24.800665853 86.0583591169 -97.1160742928
7.10112960601 0 18.8296845398 24.6968087707 86.1575270143 -97.2995872215
7.10122749456 0 18.8260982529 24.7009686769 86.1661471298 -97.3156716806
7.10157664166 0 18.8390044809 24.6679561376 86.1967082124 -97.3728746768
7.10295421999 0 18.8597991924 24.5893714284 86.3144650853 -97.5960251418
7.10948963517 0 18.9657318983 24.1873221898 86.8113360776 -98.5987826678
7.11015483626 0 19.0055272512 24.1096440631 86.8561505224 -98.6956210722
7.11338738332 0 19.0413281594 23.9338128413 87.0586668865 -99.152309356
7.11352028011 0 19.0351874586 23.9228239126 87.0664496543 -99.1705894279
7.12033157032 0 19.1753099481 23.4807526359 87.4075436588 -100.054595741
7.12060981865 0 19.2072287208 23.4305047387 87.4190575394 -100.088487936
7.12356831822 0 19.2626996866 23.2345073731 87.5296694067 -100.437977775
7.12644083103 0 19.2856180563 23.0810999679 87.616348274 -100.758199767
7.12709976104 0 19.329890362 23.0055499569 87.6333450039 -100.82898767
7.12838805866 0 19.3536481069 22.9210348862 87.6634576799 -100.96450074
7.12914786325 0 19.3411196472 22.8942368735 87.679280963 -101.042628534
7.1323599282 0 19.430511498 22.6603670641 87.73026747 -101.358148638
7.13402662182 0 19.4588377215 22.5507297114 87.7465659199 -101.512421835
7.13779486573 0 19.4932862185 22.332605286 87.7577634684 -101.837299938
7.14035912822 0 19.5440591932 22.1593478043 87.7450017822 -102.039323241
7.14157116726 0 19.5768315224 22.0983986732 87.7332150101 -102.129419936
7.14363981049 0 19.6369497057 21.9180163086 87.7045556542 -102.275172277
7.14444060628 0 19.6487757767 21.8651364748 87.6905670341 -102.328873958
7.14827504194 0 19.7163827691 21.6098718778 87.6011788377 -102.564904671
7.14894542921 0 19.7085851898 21.6122657961 87.5817414499 -102.602576154
7.15089746052 0 19.76325628 21.4369064157 87.5186834606 -102.706159449
7.15337174947 0 19.7696663046 21.3057186271 87.4249301293 -102.824363596
7.15412018753 0 19.7918577995 21.2586815185 87.3935261224 -102.85723033
7.15653380369 0 19.8586575664 21.0672737189 87.2826181999 -102.954066369
7.16143587805 0 19.9373080661 20.7542399631 87.0121125493 -103.107631745
7.16163712937 0 19.9183688507 20.7534910499 86.9997120097 -103.11269952
7.16284234012 0 19.9342249332 20.6832707809 86.9233144072 -103.141004625
7.16612867589 0 20.0211855534 20.4340810173 86.6964096834 -103.200376401
7.16835379825 0 20.0595113413 20.2873565226 86.5273536622 -103.225765912
7.17693835609 0 20.1916455945 19.7212829845 85.7588338928 -103.2115384
7.18262511448 0 20.2795983453 19.3470375591 85.148564174 -103.104008038
7.18343187112 0 20.2892516814 19.2938930275 85.0554958842 -103.082427189
7.19005972205 0 20.3805176527 18.8690985018 84.2302227716 -102.845749461
7.19145700301 0 20.3732798127 18.7993122436 84.0424971398 -102.782365168
7.19210155852 0 20.4135633965 18.7246889401 83.954295985 -102.751546827
7.19498957198 0 20.4178950107 18.5652396866 83.5466987715 -102.601233933
7.19596962207 0 20.4652442825 18.4713288876 83.4037861173 -102.545688184
7.20098187065 0 20.5009551663 18.1761924693 82.6367176036 -102.22577962
7.20413204575 0 20.5461025771 17.9614865287 82.1238626889 -101.994155604
7.20426747882 0 20.5756589283 17.9296493452 82.1012851627 -101.983670597
7.20556355545 0 20.5916669594 17.8452458324 81.8830250463 -101.881138078
7.2065122314 0 20.5972513696 17.7939694674 81.7207518721 -101.80357503
7.2068904737 0 20.6090336121 17.7589480771 81.6554611579 -101.77205866
7.21808485252 0 20.7357176313 17.0334663289 79.5722349952 -100.687704167
7.21862762753 0 20.745775044 16.9986067352 79.4638960577 -100.627728997
7.21946238842 0 20.7535327419 16.9447242748 79.2959705994 -100.534166114
7.22002545274 0 20.737848775 16.9525541083 79.1818095897 -100.470150957
7.22410426712 0 20.7990589589 16.6435000913 78.3335186508 -99.9847493198
7.22578213943 0 20.7890005066 16.5612749109 77.9737721668 -99.7740692441
7.22734644227 0 20.8045428579 16.4700200802 77.6327606466 -99.5719065289
7.23552672977 0 20.9096111964 15.9161488859 75.7625579439 -98.4253885568
7.23758618267 0 20.9228406843 15.785228416 75.2690964851 -98.1133762003
7.23792044791 0 20.899125786 15.7870992982 75.1881586974 -98.061857091
7.23844563565 0 20.9296166184 15.7307293008 75.0605169738 -97.9804185494
7.24026503907 0 20.9474806366 15.6156694598 74.6138617764 -97.6936440552
7.24047748468 0 20.9109542891 15.6318445461 74.5612571404 -97.6596893958
7.24061888825 0 20.9472297856 15.5931738209 74.526191545 -97.6370349834
7.24169521136 0 20.936939649 15.569402135 74.2579231938 -97.4631779708
7.24274766448 0 20.9641469919 15.456343655 73.9932895171 -97.2907587708
7.24471670781 0 20.9590309235 15.37887667 73.4920786135 -96.961788389
7.24891719833 0 21.0097186797 15.0709734217 72.3965923043 -96.2324168665
7.25042600479 0 20.9866673456 15.0017630129 71.994480676 -95.9613453547
7.25194174618 0 21.0287253968 14.8818274336 71.585995561 -95.6842394881
7.25429431104 0 21.0101193118 14.7675089886 70.9430978314 -95.2447103505
7.25442950225 0 21.0380231202 14.7284226406 70.9058272926 -95.2191058056
7.25643588326 0 21.0212539807 14.6343596065 70.348562923 -94.8347046657
7.25777491137 0 21.028895081 14.5442460425 69.972377321 -94.5735945121
7.26413674192 0 21.0856080929 14.1368942438 68.1392552667 -93.2838190634
7.27170976401 0 21.0912807183 13.686604218 65.8616656046 -91.6450335547
7.27393937955 0 21.1247837011 13.5258548918 65.1720720584 -91.141708478
7.27525939975 0 21.1289497737 13.4459977925 64.7598366653 -90.8393421172
7.27595178044 0 21.0987016262 13.4389156782 64.5424425468 -90.6794526124
7.27904591871 0 21.1009885755 13.249839794 63.5612609512 -89.9541802826
7.27946498183 0 21.1066641649 13.2202583359 63.4271691054 -89.8546111887
7.28000747227 0 21.1380795844 13.1599611828 63.253161574 -89.725245011
7.28616190117 0 21.1465023073 12.7949184922 61.2464612439 -88.2209613239
7.28703214689 0 21.1471178282 12.7432595827 60.9579788018 -88.0029044345
7.2876094327 0 21.1262184454 12.7531735402 60.7659792643 -87.8575353867
7.28818557813 0 21.1192697074 12.6978982865 60.5738596283 -87.7118844027
7.28834246546 0 21.1479859855 12.6656282564 60.5214584128 -87.6721247089
7.29004281973 0 21.1469001437 12.5650789493 59.9511859396 -87.238525596
7.29261414035 0 21.1451089336 12.4136203764 59.0807655224 -86.5735968157
7.2996385427 0 21.1407355074 12.0036525106 56.6554466097 -84.7020347972
7.30143458082 0 21.107189261 11.9315661448 56.0246145572 -84.2109284131
7.30222161793 0 21.1349908837 11.8541550166 55.746853498 -83.9941493585
7.30232007495 0 21.1060085613 11.8804460384 55.7120497941 -83.9669637226
7.30412243003 0 21.097071782 11.7769203475 55.0727453546 -83.4666924411
7.30639142565 0 21.0952880793 11.6373923332 54.2621213472 -82.8299414743
7.30639365065 0 21.0953663565 11.6372682505 54.2613233219 -82.8293133097
7.30817875998 0 21.1164630041 11.509763927 53.6191338779 -82.3229928105
7.31332592753 0 21.0703772771 11.2430679764 51.7464432064 -80.8373862511
7.31757575644 0 21.0458831044 11.0063864658 50.177896653 -79.5830306591
7.3189182524 0 21.0351164865 10.9358097429 49.6784184797 -79.1817554954
7.32261287619 0 21.052782958 10.7008681542 48.2944189617 -78.0653526412
7.32585131082 0 20.9939470102 10.5518516784 47.0704640581 -77.0726702654
7.3260903586 0 21.0312560829 10.5091344358 46.979731703 -76.9988857224
7.32864340325 0 21.0118909571 10.369242418 46.007521407 -76.2066019655
7.3307605189 0 20.9944805044 10.2538409294 45.1970342982 -75.5438074907
7.33088511992 0 20.989046134 10.2575924029 45.1492165867 -75.5046389109
7.33427332833 0 20.9685843602 10.0638079513 43.8441297519 -74.4328787224
7.33471511953 0 20.9652599384 10.0400240368 43.6732940848 -74.2921992459
7.34025703518 0 20.9148129165 9.74119746845 41.5181574473 -72.5099964388
7.34210893077 0 20.8996231144 9.64556919398 40.7932861083 -71.9074982982
7.34322067227 0 20.8588021288 9.60980935338 40.3570742927 -71.5441999913
7.34639472452 0 20.8542621515 9.42013308508 39.1075722438 -70.5005675131
7.3479841407 0 20.8090112202 9.36018285605 38.4797238278 -69.9745136084
7.34915633716 0 20.8038103947 9.32039332242 38.0158184125 -69.5851215667
7.35122397455 0 20.8032332702 9.1692477709 37.1958366803 -68.8954040852
7.3532893794 0 20.7751119855 9.06272785808 36.37470722 -68.2028926761
7.35864341218 0 20.6816191142 8.82179792547 34.2377799455 -66.3922481072
7.36184194605 0 20.6385433021 8.65161676448 32.9562610895 -65.3006538045
7.36853021842 0 20.5725122987 8.29636469535 30.2676632711 -62.9968056664
7.36948689227 0 20.5289683422 8.28131736429 29.8823444377 -62.6651265073
7.37096225801 0 20.5062974542 8.20008596182 29.2878421396 -62.1526530125
7.37351240829 0 20.457104182 8.08262356124 28.2596310316 -61.2642294004
7.37449478615 0 20.4774592066 8.00296792977 27.8633813163 -60.9211487606
7.37578368878 0 20.4559517286 7.94076992602 27.3434005434 -60.4703492157
7.37817929689 0 20.395949229 7.87244858071 26.376787728 -59.6305660444
7.38431777671 0 20.2764152624 7.56295422731 23.900557769 -57.4687791497
7.39272638736 0 20.1468306238 7.14881536356 20.5161341789 -54.489937071
7.39327517605 0 20.1310025457 7.13431951145 20.295773141 -54.2950175196
7.39774042614 0 20.0127600393 6.94737112088 18.5060647728 -52.7075594416
7.40199900997 0 19.9269585093 6.76465918534 16.8056309714 -51.1920472304
7.40225958236 0 19.9471827581 6.72107003748 16.7018207259 -51.0992970518
7.40518726006 0 19.8553928101 6.61559919348 15.5375211009 -50.0572290774
7.41013754331 0 19.7710454213 6.37839065063 13.5784158065 -48.2962367537
7.41188259526 0 19.7300865609 6.30379734807 12.8909898389 -47.6760614776
7.41577619062 0 19.6351944929 6.13905546104 11.3638527094 -46.2940711141
7.41891270841 0 19.5339791806 6.05219299887 10.1408984939 -45.1830816233
7.42161554137 0 19.4489527388 5.92613370349 9.09266271342 -44.2277538332
7.42498141557 0 19.3763943851 5.80331013263 7.79508562244 -43.041219284
7.42597301612 0 19.3420951519 5.74203352798 7.41455045947 -42.6924080164
7.42669605233 0 19.3238805837 5.72193436317 7.13759491987 -42.4382994199
7.42998959695 0 19.2599055867 5.5581724464 5.88170557213 -41.2834325258
7.43328239619 0 19.136873557 5.45358367465 4.63586027806 -40.1335671838
7.437517718 0 19.019738763 5.29587796692 3.04869708685 -38.6624343955
7.43782362257 0 19.0384651338 5.2520947299 2.93475664766 -38.5565498151
7.43864543776 0 19.0126619612 5.22049367933 2.62913208837 -38.272350242
7.43966310981 0 18.9791501799 5.19215802677 2.25164538443 -37.9209555399
7.44015025271 0 18.9493665384 5.20727301848 2.07133503492 -37.7529629038
7.44161915587 0 18.9207660231 5.10903352605 1.52917432619 -37.2472689244
7.44408331203 0 18.8190672316 5.0470149685 0.62497063799 -36.4019576053
7.45049373922 0 18.6464753231 4.78871947111 -1.69465802297 -34.2220863678
7.45434317836 0 18.5298790479 4.63956905216 -3.06364255773 -32.9276496989
7.45816730424 0 18.4009378752 4.50405119987 -4.40479139155 -31.6535651992
7.45818182286 0 18.4010075407 4.50356339606 -4.40984634399 -31.6487515571
7.45902353194 0 18.3719163502 4.47404955784 -4.70241998744 -31.3699955323
7.46312419493 0 18.2138230748 4.37635017752 -6.11391833258 -30.0209671525
7.46701809375 0 18.0783992516 4.24414716227 -7.43228152536 -28.7544694829
7.46763431756 0 18.0758241657 4.17682387241 -7.63889979294 -28.5553929461
7.46818432411 0 18.0588585782 4.16091498751 -7.82284236596 -28.3780278809
7.46876552442 0 18.0172929501 4.18566156572 -8.01672959483 -28.1909335301
7.46930718259 0 17.9896106097 4.14643106013 -8.19697213866 -28.0168758319
7.47168286344 0 17.9352483566 4.04501043591 -8.98228193258 -27.2570298464
7.47450897024 0 17.802063562 3.97573393135 -9.90521440333 -26.3608621236
7.47527355694 0 17.7695790794 3.9603387804 -10.1527667537 -26.1198921469
7.47572855839 0 17.7536746488 3.94571106312 -10.2996459616 -25.9767969501
7.47733117868 0 17.7292238895 3.86211417773 -10.8143659941 -25.474614072
7.47837468311 0 17.6508184907 3.85845739232 -11.147297868 -25.1491831904
7.48048117717 0 17.5759703362 3.7946134987 -11.8139881522 -24.4960440373
7.48628256342 0 17.3854627637 3.58050635343 -13.6119461124 -22.7244172105
7.48720393755 0 17.3496552657 3.55494830536 -13.8922337418 -22.4468294916
7.49306215669 0 17.0865134347 3.41276897266 -15.6395804944 -20.7071687308
7.49494314446 0 17.041565106 3.32312862364 -16.187640019 -20.1581091695
7.49683373192 0 16.9593968328 3.28149286922 -16.732003341 -19.6110464384
7.49975063074 0 16.8442304251 3.18799732439 -17.5589317401 -18.7766281824
7.50127317195 0 16.79808539 3.1733380957 -17.984248356 -18.3458027778
7.50243333306 0 16.8421384137 3.10363904727 -18.3053952618 -18.0197233205
7.50391924269 0 16.8233777395 3.08091599986 -18.7129703882 -17.6049037874
7.5094283276 0 16.8474388591 2.89650417881 -20.1868524397 -16.0951093801
7.51173541276 0 16.831797426 2.84443623354 -20.7863850811 -15.4763190593
7.52047566952 0 16.8623494843 2.55906194532 -22.9604006661 -13.2069543213
7.52601199721 0 16.834579495 2.42547726607 -24.2559325891 -11.8328779105
7.52826578368 0 16.8318983414 2.36118510001 -24.7648187768 -11.2880305591
7.52906754795 0 16.8237025628 2.3455464901 -24.943240406 -11.0962633517
7.5318477612 0 16.8461054758 2.24105862307 -25.5512578552 -10.4397319493
7.53555529659 0 16.8127454181 2.16677013901 -26.3360729395 -9.58485153678
7.53592246511 0 16.8068680833 2.17746916527 -26.4121666788 -9.50148696013
7.53922824127 0 16.823198546 2.04660019154 -27.0839557451 -8.7615582508
7.54128109613 0 16.8146753912 1.99521491399 -27.4890021802 -8.31178515434
7.54160836626 0 16.7910207788 2.01006593207 -27.552712319 -8.24077469407
7.54934914799 0 16.7495274301 1.83854470937 -28.9898407726 -6.61749064812
7.5542166101 0 16.7205160903 1.70683100297 -29.8242914312 -5.65291656837
7.55457069767 0 16.7059991772 1.70256349911 -29.8828906753 -5.58446347065
7.55901889133 0 16.6960196919 1.58950207345 -30.5946002385 -4.74453616661
7.56363758441 0 16.6566849946 1.5085143898 -31.285457158 -3.91196711785
7.56455777373 0 16.6361150982 1.4767294397 -31.4172137327 -3.75094657501
7.5669750929 0 16.6579158576 1.3912764357 -31.7539941431 -3.33567716094
7.57624419378 0 16.5354277592 1.23129016959 -32.9194887386 -1.84795991377
7.5768241938 0 16.5702716645 1.18785253044 -32.9857621105 -1.76042387281
7.58234604605 0 16.4930122772 1.10251512246 -33.5773820674 -0.960047807991
7.58801320409 0 16.4264722804 1.00031504426 -34.1105382535 -0.200980648126
7.58813791429 0 16.4540408649 0.968754230696 -34.1214279263 -0.18498953103
7.59210526915 0 16.4083290765 0.897165101192 -34.4489365244 0.307678696661
7.59583210749 0 16.3352549584 0.860583806648 -34.7232241242 0.742102317867
7.59633562577 0 16.3604373692 0.819982053694 -34.7578084494 0.798686317137
7.59709373051 0 16.3255175765 0.834231169739 -34.8087700601 0.882932825803
7.60589459951 0 16.2375108144 0.661329058337 -35.3031915673 1.77768127523
7.61506200767 0 16.1067734071 0.523279711461 -35.6295685616 2.54713181716
7.61568722972 0 16.0566210819 0.547165288927 -35.644891424 2.59359670111
7.61871764469 0 16.0118443732 0.503293551203 -35.7067227912 2.80798601815
7.61895308587 0 16.049401082 0.466821421668 -35.7106659671 2.82389264974
7.62101130766 0 16.0177420024 0.438992825229 -35.7398757669 2.95835659613
7.62392466625 0 15.9324124543 0.430724914788 -35.7651515243 3.13464026511
7.62712209526 0 15.9257495721 0.352004782055 -35.7713747765 3.30925732311
7.63255017015 0 15.8078689795 0.329600609554 -35.7309692725 3.56086798947
7.63702408533 0 15.7391356172 0.252381339592 -35.6501279221 3.72627019448
7.6424434553 0 15.6581452598 0.177368635767 -35.4957350838 3.87651774576
7.64716871465 0 15.5843034666 0.114392795654 -35.3116230052 3.96339312912
7.64773272643 0 15.5467261746 0.15294701671 -35.2866151031 3.97104966602
7.64915281625 0 15.5271953161 0.115371102871 -35.2208152702 3.98778610523
7.65282109495 0 15.4818093072 0.0551382368724 -35.0322437898 4.01430479622
7.6545352235 0 15.4503395757 0.0377387036033 -34.9350378317 4.0185105506
7.65532441157 0 15.4362156125 0.029463908829 -34.8883586466 4.01870915312
7.66164376812 0 15.2940798036 -0.00640627207305 -34.4715080821 3.98130416752
7.66356117934 0 15.2804404244 -0.0484616169813 -34.3301484935 3.95643920661
7.66703316127 0 15.213151881 -0.0791336509113 -34.0569701792 3.89571389525
7.66724135175 0 15.1679420798 -0.0477644389303 -34.0398934282 3.89143612134
7.66820912253 0 15.1682876055 -0.0667065425012 -33.9594889732 3.87061354397
7.66989745543 0 15.1337887235 -0.0788832745209 -33.8152124399 3.83061357029
7.67063790955 0 15.1089527317 -0.077116142991 -33.7503428933 3.81160701342
7.67119104129 0 15.1082714843 -0.0896596997509 -33.7012544968 3.796829823
7.67184160066 0 15.1182593642 -0.119377007906 -33.6428337659 3.77881862401
7.67701765685 0 15.0147396577 -0.160479274989 -33.1520125906 3.61152303937
7.68058496272 0 14.9323395009 -0.17631099199 -32.7874881831 3.47190643629
7.68086779419 0 14.9367876264 -0.189529935291 -32.7576925849 3.46000512438
7.68172886732 0 14.9211990992 -0.198133123399 -32.6661821659 3.42302768827
7.68525242793 0 14.8461685644 -0.220310346859 -32.2793603549 3.26017275245
7.69286471544 0 14.6636636436 -0.245495733959 -31.3783108706 2.84693105355
7.6941372656 0 14.6368806812 -0.253452539864 -31.2193087998 2.76993095678
7.69457835628 0 14.6274644099 -0.256083622513 -31.163653547 2.74272596447
7.70188122943 0 14.466245235 -0.277543261249 -30.2029698005 2.25481586793
7.71030293666 0 14.3130283252 -0.367926132058 -29.0089430583 1.60895750845
7.71105040498 0 14.271064559 -0.344211097841 -28.8988171045 1.54757892401
7.7143763501 0 14.2108746494 -0.373021291951 -28.4010723713 1.26684024813
7.71666401456 0 14.1288695513 -0.360615768266 -28.0516223009 1.066703542
7.72911905957 0 13.8813966087 -0.430565125552 -26.0574627553 -0.115518953793
7.72973186147 0 13.848708424 -0.414409709173 -25.9557230186 -0.177417500728
7.73005086744 0 13.8425604046 -0.399755621537 -25.9026380411 -0.209768403117
7.73373752378 0 13.7872323106 -0.456709231343 -25.2832836566 -0.589840185379
7.73646218158 0 13.7246325553 -0.464248625876 -24.8189722951 -0.877764199411
7.74077153888 0 13.6268048987 -0.476449823926 -24.0742367123 -1.34448238066
7.74137709731 0 13.5904128502 -0.453916991434 -23.9686392733 -1.41111815419
7.75416580828 0 13.3210695618 -0.507446329352 -21.6939549744 -2.87060614538
7.75911144021 0 13.1668463772 -0.483437286426 -20.7967723177 -3.4572523034
7.7608681044 0 13.1447685908 -0.495059998586 -20.4765121902 -3.66795842736
7.76097981022 0 13.1644919695 -0.518381699172 -20.456123631 -3.6813944173
7.76364737159 0 13.1042500179 -0.523967150951 -19.968526343 -4.00347437904
7.76456155099 0 13.083006305 -0.525054700814 -19.8011515288 -4.11435789086
7.76665281417 0 13.0376375301 -0.530735849526 -19.4178626958 -4.36888041409
7.76849543414 0 12.9927493749 -0.53024785297 -19.0797987339 -4.59403805752
7.77145333796 0 12.9256106877 -0.534275009751 -18.536770528 -4.95694568538
7.77616176392 0 12.8172078761 -0.537826701441 -17.6726768139 -5.5373431926
7.77824819147 0 12.7417067005 -0.512104107127 -17.2903704256 -5.7951881499
7.77841056354 0 12.7667198016 -0.541309142713 -17.2606423247 -5.81526371367
7.78328193084 0 12.6460320918 -0.534384115069 -16.3709864583 -6.41765641135
7.78897620073 0 12.4993091832 -0.50413383003 -15.3387391216 -7.12011261803
7.7929503636 0 12.4144034473 -0.526451569771 -14.6251613293 -7.60760255573
7.79323467781 0 12.4212102785 -0.54025676961 -14.5743691808 -7.64235412951
7.79340255885 0 12.3986451385 -0.522167478657 -14.5443948986 -7.66286536064
7.79414271542 0 12.3772569576 -0.518928767582 -14.4123999345 -7.7532154447
7.79424585072 0 12.3853114615 -0.527033257192 -14.3940279281 -7.76579441628
7.79526642731 0 12.3877117691 -0.554494807415 -14.2125053322 -7.89012301535
7.79533280367 0 12.3837770539 -0.551829274446 -14.2007172232 -7.89819961702
7.80011512393 0 12.2773893551 -0.554515645823 -13.3575844152 -8.47664321049
7.80702441544 0 12.1465954567 -0.594760802157 -12.1642799419 -9.29740762303
7.81816157587 0 11.9160245006 -0.633193747847 -10.3182538731 -10.5693500886
7.81886508826 0 11.8919940712 -0.627924546907 -10.2053857719 -10.6471102356
7.81980828151 0 11.8849447889 -0.640918768249 -10.0548289525 -10.7508210843
7.8281165523 0 11.734680149 -0.687988401884 -8.76900517606 -11.6353059747
7.83682994775 0 11.6005583336 -0.75614019847 -7.50715248588 -12.4990037429
7.83786265385 0 11.5835065649 -0.764126365818 -7.36406812456 -12.5965037439
7.84650066456 0 11.4344100636 -0.811119388712 -6.22579624058 -13.3672863281
7.84859211514 0 11.3996016418 -0.823267210774 -5.96674037147 -13.5411497024
7.84929744042 0 11.3635394748 -0.800884464832 -5.88089899114 -13.5985997082
7.85296953009 0 11.325602556 -0.846528707928 -5.44671166413 -13.8877665195
7.8537146223 0 11.3116853301 -0.84768736203 -5.36126714355 -13.944361453
7.85857508879 0 11.2333513001 -0.877414322276 -4.82660520778 -14.2956623845
7.8655143963 0 11.1214987838 -0.915585780874 -4.1344789659 -14.740778812
7.86955280731 0 11.0240206838 -0.904737972404 -3.77219724282 -14.9674688942
7.87059842771 0 11.0186444846 -0.91959239193 -3.68342592976 -15.0221247367
7.87759937259 0 10.9369697226 -0.986490289655 -3.14413842667 -15.3436325372
7.88166987202 0 10.8400882867 -0.973899598899 -2.87602567943 -15.4937315694
7.88458417348 0 10.8310647009 -1.0240170438 -2.70528763678 -15.5839107757
7.89164640071 0 10.6964204964 -1.03264500773 -2.36727567837 -15.7404582066
7.89279327848 0 10.7144140386 -1.0730654581 -2.32273744074 -15.7573780771
7.89458275319 0 10.6890677499 -1.08328322798 -2.25913550496 -15.7789257223
7.89595406 0 10.6602893254 -1.08051849984 -2.21529440654 -15.7913984705
7.90075309565 0 10.5719482234 -1.08828891366 -2.09580563099 -15.8069968174
7.90726021532 0 10.487017369 -1.1293571275 -2.0198929644 -15.7567340806
7.90859485436 0 10.4755818136 -1.12546067607 -2.01681246385 -15.7360329341
7.91938605904 0 10.3382353844 -1.20945901155 -2.1520806701 -15.4347765381
7.92098545381 0 10.3533519345 -1.25366704912 -2.19679539045 -15.36944505
7.9242729319 0 10.2861526495 -1.24596396296 -2.30904536976 -15.2180456597
7.92481480672 0 10.3121400214 -1.2832355829 -2.33018877876 -15.1908657573
7.92707197316 0 10.2839502762 -1.29574091579 -2.42634840484 -15.070827879
7.92945513115 0 10.2341336099 -1.28706256578 -2.54209485864 -14.9320845329
7.94041165429 0 10.1464741691 -1.3964702455 -3.26439541847 -14.1331648428
7.94113678833 0 10.1129549109 -1.37320441411 -3.32332035954 -14.0708456676
7.94634085842 0 10.0627499369 -1.41314415713 -3.78706791617 -13.5887887751
7.94937952263 0 10.0345297077 -1.43693763975 -4.09113090723 -13.2789159779
7.95488643031 0 9.99906750861 -1.49540167888 -4.70494461813 -12.6636465068
7.9569395681 0 9.99188647536 -1.52379527981 -4.95453177588 -12.4164813462
7.95943952846 0 9.96933092406 -1.54137253163 -5.27365675449 -12.1024583857
7.95972220725 0 9.94030864859 -1.50091929664 -5.31079309863 -12.0660469703
7.96576664187 0 9.88677310816 -1.56453451859 -6.15597483995 -11.2434921097
7.96795352167 0 9.87596282964 -1.5711564285 -6.48578629574 -10.9251869042
7.97050668197 0 9.85183120852 -1.60616700906 -6.88694918056 -10.5396584926
7.98105141453 0 9.78507047202 -1.70444556612 -8.72655887341 -8.78918627483
7.9839906681 0 9.768339361 -1.71671582051 -9.29134165984 -8.2561189642
7.98422709915 0 9.795489834 -1.76505157633 -9.33774872924 -8.21239007593
7.98738199302 0 9.7667321757 -1.78346351441 -9.97084081116 -7.61682327997
7.99024715265 0 9.76378246984 -1.82571674798 -10.5679898153 -7.05660005018
7.99233228899 0 9.72032851249 -1.81235128932 -11.0157516007 -6.63738606907
7.99310743691 0 9.70436303972 -1.81655462688 -11.185021988 -6.47908357863
7.99311212621 0 9.70429310452 -1.81654928366 -11.1860506284 -6.47812187138
8.00758668596 0 9.55991699409 -1.90180443379 -14.6215872269 -3.28134222341
8.01346429999 0 9.40886959077 -1.83583183343 -16.1610166868 -1.85623301401
8.01414104094 0 9.42807015638 -1.88350421111 -16.3434348169 -1.68758179586
8.02137655041 0 9.26382130258 -1.84226215355 -18.3587419279 0.173096745304
8.02308094201 0 9.22440641017 -1.83224006409 -18.8503979626 0.626418789826
8.02349108137 0 9.22202271457 -1.8358134855 -18.9696517555 0.73634325012
8.03736673317 0 8.96475914466 -1.81067133736 -23.211033807 4.63976971432
8.03749185435 0 8.99656826344 -1.84549242658 -23.251033734 4.67653813377
8.03767321528 0 8.96004391822 -1.81152123583 -23.3090661491 4.72988112225
8.0394581333 0 8.9280282399 -1.79184327325 -23.8835467667 5.25787160149
8.04956503225 0 8.76424970619 -1.80696076547 -27.2458825546 8.34622085616
8.05407197143 0 8.7156962594 -1.83086234835 -28.8013795048 9.77428429547
8.05689959434 0 8.63771035633 -1.79721126604 -29.7936194213 10.6851360328
8.05705962895 0 8.66737899475 -1.82988627953 -29.8501396544 10.7370190267
8.07593673657 0 8.3474576777 -1.80102245934 -36.7569668126 17.0786378064
8.07804587482 0 8.30375442404 -1.79786766556 -37.554119893 17.8110131885
8.08398253686 0 8.26567080195 -1.84037861307 -39.8194139838 19.8930933164
8.08710281851 0 8.18931520216 -1.7941618048 -41.0212304451 20.9983126836
8.08770585527 0 8.21032625583 -1.83967737835 -41.2542783758 21.2126833936
8.09051420554 0 8.16692662562 -1.83736329648 -42.3425971944 22.2140306195
8.09659469335 0 8.08606578143 -1.84570546294 -44.7132848174 24.3968313661
8.10107991908 0 8.00410499551 -1.83013077963 -46.4711878013 26.0169726802
8.10335073389 0 8.00899183963 -1.86892275397 -47.3630935094 26.8395464348
8.12326719319 0 7.76761863113 -1.91081068575 -55.1733795693 34.0626164139
8.12744234604 0 7.67270736597 -1.88179746043 -56.7922294251 35.565154265
8.12827902028 0 7.67618032318 -1.87200701691 -57.115232351 35.8652132678
8.13633128469 0 7.61917891883 -1.94316189979 -60.1940178285 38.7301363034
8.15911590583 0 7.35400172031 -1.98595084766 -68.4692558507 46.4860855743
8.1610042856 0 7.36184283547 -2.02068929571 -69.1161054623 47.0967984904
8.17280564526 0 7.2469626864 -2.06246591187 -72.9835971994 50.7670409023
8.17539509969 0 7.2220549848 -2.07185422305 -73.7876960245 51.5349276003
8.17963417048 0 7.18112507512 -2.08724788546 -75.0657720909 52.7596320723
8.18859467046 0 7.070546501 -2.09259403125 -77.5981004929 55.2047221826
8.19348386201 0 7.05386561188 -2.14181732653 -78.8744989471 56.4490915487
8.20458671653 0 6.90527855305 -2.14511331226 -81.4664440783 59.012419539
8.20778943607 0 6.92336946472 -2.19703100369 -82.1289955651 59.6787371956
8.22620898517 0 6.72270530463 -2.21640727817 -85.1120577889 62.7970282962
8.23740212643 0 6.64516401581 -2.29746336578 -86.1651252516 64.0339388454
8.24368028622 0 6.57142505632 -2.30450262899 -86.4795168343 64.4875224292
8.24402611998 0 6.54774426539 -2.2943750952 -86.4908172581 64.5072672475
8.24490301032 0 6.55805850143 -2.30636774181 -86.5166060408 64.5548356088
8.24809514455 0 6.55736497349 -2.348333217 -86.5754493651 64.6974532817
8.25216585477 0 6.50943062744 -2.35019342055 -86.5693522745 64.8085360615
8.25755551743 0 6.44248993311 -2.35259550802 -86.4177056051 64.8302127176
8.25769876645 0 6.4661710334 -2.3790225959 -86.4114011995 64.8288012662
8.25824675196 0 6.42923445752 -2.34926300556 -86.3861850778 64.8224405963
8.26790208093 0 6.33637730867 -2.37891536169 -85.6506301977 64.4554469396
8.29514675429 0 6.04878935087 -2.44686256761 -80.4213117684 60.6517404578
8.30368137353 0 6.00341532016 -2.50164964998 -77.7666318161 58.5651613666
8.30503420789 0 5.95648526545 -2.47241176995 -77.2995424491 58.193559764
8.30578377156 0 5.98002830043 -2.50532163428 -77.0352393211 57.9828066704
8.30672456258 0 5.97017614249 -2.50712849163 -76.6979406901 57.7133694008
8.3164582072 0 5.82822060539 -2.48901064142 -72.8414403896 54.6015566585
8.31890220931 0 5.80057694205 -2.4931787565 -71.7671772654 53.726502456
8.32183450188 0 5.79832580541 -2.52804619632 -70.4216938436 52.626515
8.32309337685 0 5.78328490389 -2.52922946511 -69.8250595458 52.1374468972
8.33271657413 0 5.66833248208 -2.53654748492 -64.8851431344 48.0628516519
8.33723804313 0 5.57960812661 -2.50534703973 -62.3316205097 45.9421269115
8.3411113059 0 5.53610236294 -2.51025070477 -60.0256151721 44.0201395133
8.35109652382 0 5.40659373725 -2.50793613088 -53.5761488049 38.6166714749
8.3779342772 0 5.02896260927 -2.47201194342 -32.6781631043 20.9184036185
8.38032437973 0 5.02037692378 -2.49507354362 -30.570663769 19.1222288577
8.38196183895 0 4.99234600246 -2.48670967007 -29.1041690078 17.8714099556
8.38321391557 0 4.95163011509 -2.46208168142 -27.9704686926 16.9039238996
8.39185483505 0 4.81049026826 -2.4309113048 -19.8587804383 9.96939887345
8.39220787089 0 4.7915446493 -2.42517912905 -19.5168261206 9.67663499073
8.39640902818 0 4.77061647036 -2.44885399272 -15.3852504319 6.13686014982
8.39855748072 0 4.73583223032 -2.44128734177 -13.2284504407 4.28722283217
8.39929399893 0 4.72033055004 -2.43411607673 -12.4823102152 3.64707462316
8.40631490893 0 4.68280802547 -2.44980540003 -5.19954559902 -2.60798479785
8.40760764671 0 4.67660579791 -2.45236074159 -3.82561881276 -3.78934298894
8.4145358577 0 4.64133115898 -2.46389232574 3.706754031 -10.2727150341
8.42127545145 0 4.57932626454 -2.44456078475 11.2975679093 -16.8169106246
8.43930966614 0 4.48927363884 -2.47628883206 32.7731382107 -35.3790385166
8.44185529943 0 4.47175771623 -2.47525328741 35.9280667497 -38.1110392569
8.44702552049 0 4.43449860018 -2.47135661416 42.419647514 -43.7359528906
8.45253241674 0 4.36232432319 -2.43304082144 49.4491829312 -49.8320127341
8.468534002 0 4.23100716336 -2.4017001823 70.4433440128 -68.0651011835
8.47051910411 0 4.24347196035 -2.42785192089 73.0963893235 -70.3717312411
8.49148173479 0 4.0226913884 -2.32838127177 101.513458648 -95.1060968513
8.49904602128 0 3.97084509656 -2.32170356579 111.850572914 -104.113716873
8.52347184461 0 3.67171886997 -2.1353370187 144.866328986 -132.904029327
8.52449750573 0 3.67117725012 -2.15385598114 146.22565002 -134.089714031
8.53187809546 0 3.60771050316 -2.12594150593 155.906089383 -142.533443647
8.53568510486 0 3.54076509332 -2.07583098906 160.820177223 -146.819365435
8.54787178523 0 3.39707641479 -1.98660397563 176.100666068 -160.142344784
8.55159205849 0 3.36555278705 -1.97132211226 180.605823934 -164.068379978
8.56668345395 0 3.18995792357 -1.85434266506 197.938498876 -179.15765075
8.581549828 0 2.9704147104 -1.66752722052 213.224497153 -192.429496772
8.58897088444 0 2.88773535238 -1.61886250737 220.061326885 -198.345922741
8.6045532096 0 2.67571939649 -1.45248542443 232.409109558 -208.97224677
8.61452633513 0 2.55326689731 -1.34744720028 238.706209459 -214.334092511
8.61476126691 0 2.59316606927 -1.38082895383 238.838132331 -214.445669673
8.61730243171 0 2.56261279997 -1.35384916714 240.214923483 -215.607517016
8.6181511417 0 2.55444382388 -1.34712595928 240.654074269 -215.976990541
8.61837589094 0 2.51479669277 -1.2918396599 240.768615032 -216.073258492
8.62454966683 0 2.44491171289 -1.24349998052 243.622226517 -218.454696312
8.63124241929 0 2.39588525757 -1.20166917289 246.054371747 -220.441929467
8.63587024815 0 2.34006378977 -1.14674748265 247.315191199 -221.437475967
8.68427984005 0 1.79781560552 -0.571034009822 236.958346377 -210.631919181
8.6924781453 0 1.73579311892 -0.466007886966 230.457689234 -204.516280951
8.69314928705 0 1.76503801141 -0.509063524094 229.859431822 -203.955867806
8.7043591391 0 1.67601882529 -0.3834840856 218.354580593 -193.227117466
8.70952537052 0 1.61853792005 -0.307254785705 212.07524398 -187.398098849
8.71750379275 0 1.59049169103 -0.248899429916 201.140577056 -177.275461432
8.77248256196 0 1.42224104829 0.249805380278 83.6381391506 -69.2737223915
8.78482983887 0 1.39159825702 0.37409749185 47.1097730098 -35.800748783
8.79055990344 0 1.42350232016 0.400716357672 28.9380084178 -19.1556480466
8.79975278579 0 1.47641971514 0.43045011016 -1.78425605722 8.9786240051
8.80306351072 0 1.40145465 0.52451174402 -13.3105238713 19.5322329554
8.80448013957 0 1.40934948787 0.521586995774 -18.3156603108 24.1147742032
8.80974082267 0 1.33089039147 0.628321122509 -37.2794832037 41.4763779656
8.8220000553 0 1.13515104585 0.894916731729 -83.69315922 83.9638159088
8.82221152843 0 1.1591725008 0.873719657876 -84.5200174637 84.720689317
8.82575122803 0 1.11935300496 0.934476908118 -98.4869713309 97.5053766933
8.8512049328 0 0.833734354409 1.4022649522 -205.348359105 195.323067439
8.85928030069 0 0.766355555896 1.53313360352 -241.283129763 228.220954262
8.86315963313 0 0.762493651626 1.57107752074 -258.830585128 244.286767697
8.90327632266 0 0.618661351035 2.09029738562 -447.055559216 416.697927465
8.91717964312 0 0.615508605134 2.24093599133 -512.958677335 477.110071738
8.92813410297 0 0.624031387332 2.35479214592 -564.112475864 524.023534584
8.93051540875 0 0.611526116447 2.39387916857 -575.087621696 534.09171456
8.94343804985 0 0.64994555422 2.50460616417 -633.398572825 587.602947595
8.95124871677 0 0.684061365541 2.56270952367 -667.361557692 618.787117346
8.95237346046 0 0.71885685296 2.53987495074 -672.15715409 623.191476096
8.962447395 0 0.741091416239 2.65535891893 -713.885228354 661.528713625
8.96300399239 0 0.749617851295 2.63822217691 -716.12137061 663.58388818
8.96453251156 0 0.786167651242 2.61950164818 -722.221946818 669.191174886
8.97790399736 0 0.875105398435 2.69538746898 -772.836381199 715.740096584
8.99285194124 0 0.964289438015 2.79558771919 -822.586105245 761.557247277
9.01829157671 0 1.21972288455 2.86429217463 -886.286365324 820.41050054
9.01931477335 0 1.20400967077 2.89231843061 -888.205795399 822.190918778
9.03126291502 0 1.35997342877 2.88888214373 -906.463542507 839.183762153
9.04750654205 0 1.50367454117 2.95294609372 -917.948550129 850.091336668
9.05327055626 0 1.59112862764 2.93726951359 -917.995777958 850.276122419
9.05781063406 0 1.60087857382 2.9787516111 -916.453865237 848.976067308
9.07179994417 0 1.76267430885 2.99838039201 -902.497830239 836.539631146
9.11301847394 0 2.19190874153 3.05753148326 -771.698415457 717.670780624
9.16238415598 0 2.50663844162 3.26362829882 -416.248285004 392.69253929
9.19200072423 0 2.56834493968 3.46676597919 -93.5931773955 97.0064774691
9.24439981064 0 3.46556554973 3.16801665189 660.239893313 -595.08234628
9.26519543357 0 3.77567321927 3.07762202123 1010.40889753 -917.012956593
9.29362666141 0 4.05281294695 3.07294847757 1515.68327066 -1381.9694447
9.31013140547 0 4.17774673373 3.09110161978 1813.5982978 -1656.34870542
9.31440289853 0 4.19523304658 3.10870905757 1890.2733784 -1726.99587426
9.36032996494 0 4.29475446388 3.35112779391 2663.65475305 -2440.37530067
9.37328741115 0 4.27400089454 3.45072673344 2851.23022663 -2613.68735176
9.42646531057 0 4.18033106717 3.87048957454 3358.86994644 -3084.33585934
9.43037753694 0 4.15985733136 3.91381073685 3374.69466788 -3099.17213981
9.46543958503 0 4.10511204942 4.15525540752 3348.51190906 -3077.38417864
9.47390028938 0 4.08314765593 4.22264331565 3292.68598343 -3026.48809211
9.53497468774 0 4.39890529036 4.19873798094 2252.97490048 -2071.18168983
9.53674003014 0 4.42575144375 4.17990517584 2206.1207879 -2028.03855842
9.6735817772 0 5.92102208328 2.81636035668 -2864.15873225 2652.83905256
9.76812303334 0 7.09784451073 0.848560330296 -2451.60291148 2270.6576928
9.80923185357 0 7.49324611747 -0.291073171338 1011.16005423 -938.677360099
9.97002895022 0 6.91892047934 -6.57300711166 15368.7362638 -14307.61272
