3.50845818264 0 5.81302051544 -1.61405955869 -151.057064761 123.858436473
4.11766386006 0 -3.70857134549 -10.7134793241 -123.290240293 92.2949325105
4.13860024073 0 -4.13855277994 -10.7694477634 -114.11416545 85.9299542839
4.20101805417 0 -5.78103698802 -10.3704432397 -78.9226685655 59.8430977991
4.35885421251 0 -10.5477382136 -7.01470557083 -1.53954451893 3.53323601603
4.49119638692 0 -13.0214631894 -3.73295310547 8.71618581861 3.86055958548
4.53480244734 0 -13.510528583 -2.67710240122 3.77215106512 10.9478041963
4.62946790082 0 -14.2370761166 -0.381985146298 -10.7037001874 28.604792962
4.65809480609 0 -14.559468799 0.456748934641 -14.5098589895 33.1147749594
4.73600677752 0 -14.8550366002 2.34066299652 -20.5093775344 40.7261930469
4.75066810156 0 -14.8367493696 2.6427754126 -20.780846328 41.2710482927
4.88461754938 0 -14.0509198672 4.96684504685 -11.2834115327 34.0524673907
4.89005956816 0 -14.0101551236 5.05396625114 -10.5413097889 33.3941954149
4.92318851484 0 -13.7729564899 5.60921276375 -5.69438661139 29.0358174984
4.92697356766 0 -13.7450562304 5.67202830398 -5.1130131634 28.5075945844
4.93335217978 0 -13.6936357633 5.7765828413 -4.1244875765 27.6072609824
4.97252362487 0 -13.494566875 6.50217216851 2.06292643484 21.919015698
4.97849334194 0 -13.466369336 6.61224420672 3.0041795681 21.0467258155
5.0004609312 0 -13.3779128675 7.0424090224 6.40888807592 17.8775980732
5.00207291637 0 -13.3477948099 7.05551952825 6.65365297653 17.6489421896
5.00224087563 0 -13.3281769525 7.04483325814 6.67910739454 17.625156659
5.00880421058 0 -13.2261750851 7.09777406664 7.66616416067 16.701884291
5.02030068085 0 -13.0227374004 7.18352732191 9.35489597137 15.1180018045
5.10233523256 0 -11.8231367609 7.99579555333 19.1583813425 5.78384023276
5.13261181541 0 -11.5178869513 8.41095040407 21.4683228601 3.51522911913
5.14531562757 0 -11.4003105661 8.5965508814 22.1959333841 2.78339684851
5.14547276262 0 -11.3973066599 8.60099972069 22.2040218374 2.77517701898
5.14646842365 0 -11.3887972212 8.61322165347 22.2547537119 2.72356793373
5.14705321483 0 -11.3848333332 8.62256267314 22.2841322685 2.69363813102
5.16764432897 0 -11.2119572143 8.94388233671 23.1209832888 1.82053295972
5.17054479139 0 -11.1934090161 8.99320039915 23.2080244673 1.72578265154
5.17310382928 0 -11.1646873601 9.02692762658 23.2785250565 1.64795432237
5.1827644859 0 -11.0977778436 9.18862586696 23.4917515478 1.40266236467
5.18651357957 0 -11.0656250992 9.24467514469 23.5521115716 1.32800412892
5.20630046593 0 -10.9294352982 9.5594909933 23.6672025271 1.12071692077
5.21611995604 0 -10.8771047073 9.75713916222 23.6005123443 1.13151910501
5.22131582089 0 -10.845588957 9.84832682268 23.5330828299 1.16675155167
5.22708634951 0 -10.8118154946 9.94774416191 23.4327392082 1.22925801858
5.24117463086 0 -10.7347515152 10.2051369409 23.0788692322 1.48184051843
5.24569846906 0 -10.725591738 10.2970660554 22.9336310411 1.59195861928
5.26931649223 0 -10.5684150922 10.7044882083 21.9436099211 2.37937319049
5.27888515263 0 -10.5237203794 10.8840439191 21.4401377754 2.79211904924
5.27898415657 0 -10.5187319068 10.882440838 21.4346435574 2.79665002578
5.28304275773 0 -10.4790463973 10.9433634702 21.2045689269 2.98681617367
5.28855941745 0 -10.4644979164 11.0544440255 20.8770876706 3.25875893976
5.30493534258 0 -10.366226029 11.3434773353 19.8124964075 4.1501762309
5.32059786164 0 -10.2677616116 11.6161920846 18.6809193025 5.10543976594
5.349015657 0 -10.059335012 12.0826832715 16.4123940468 7.03121774489
5.35123691464 0 -10.0518972315 12.1278060151 16.226269382 7.18946812572
5.35608492655 0 -10.0085188251 12.2010904482 15.8167416688 7.53767281174
5.372033267 0 -9.86794811703 12.4422564752 14.4447459439 8.7035987046
5.38368274205 0 -9.75732265861 12.6094471618 13.4283052048 9.56579759018
5.4131786001 0 -9.64458460146 13.1601834874 10.8648496161 11.7277389933
5.4240126794 0 -9.67891755303 13.4173386562 9.94731760861 12.4947613761
5.43337375085 0 -9.6988139321 13.6110098037 9.17307098398 13.1379994746
5.4334329263 0 -9.69091884824 13.6272557954 9.16824069647 13.1419991454
5.44208278158 0 -9.70436253062 13.8192945582 8.47194418317 13.7165937761
5.44813593147 0 -9.70981156439 13.9499118794 7.9972483081 14.1058222766
5.44866852461 0 -9.7194749056 13.9655403915 7.95601861491 14.1395217349
5.45152213502 0 -9.74321015322 14.0432592945 7.73666037769 14.3185074864
5.45399742617 0 -9.72439508064 14.081957719 7.54855562843 14.4715589891
5.47074965833 0 -9.71644969864 14.417507865 6.33370987174 15.4485407664
5.47542117151 0 -9.6996124896 14.4832446552 6.01469651289 15.7010825104
5.47803163796 0 -9.69409233808 14.5320844463 5.84048918791 15.838127893
5.47935367439 0 -9.68319008628 14.5714706638 5.75340301242 15.9063900152
5.49247741488 0 -9.65353793981 14.8115739037 4.93242831852 16.5404136526
5.49487454042 0 -9.64550243258 14.8506849513 4.79138551624 16.6473014843
5.49735887109 0 -9.6370151201 14.8966596749 4.64824118339 16.7550489433
5.52015758977 0 -9.51937140153 15.250893705 3.48685116104 17.5917948665
5.53109189649 0 -9.44365565332 15.406809604 3.03348934219 17.8896730097
5.53294933133 0 -9.42319506153 15.4266895177 2.96350188833 17.9332651128
5.53826715998 0 -9.3677593842 15.4860392249 2.77465781846 18.0465667776
5.54345341205 0 -9.33060617288 15.5345811097 2.60716479264 18.1404243222
5.55268096233 0 -9.24508487194 15.6596729537 2.35064131114 18.2660156307
5.55648162585 0 -9.19734428966 15.6964040004 2.26066038139 18.3020934682
5.56417935209 0 -9.14692580171 15.7964870009 2.10684016554 18.3467714393
5.57089405207 0 -9.04752137556 15.8424500253 2.00405483763 18.3543684344
5.57860533404 0 -8.95695043522 15.9113332929 1.92244172801 18.3266537423
5.58010079371 0 -8.93805306252 15.9259133806 1.91114571953 18.3167430823
5.59588416793 0 -8.72036106272 16.0176048325 1.88206489698 18.1218002079
5.61476625897 0 -8.43840636627 16.1453896633 2.06340101042 17.6714944132
5.61856459695 0 -8.37340273915 16.1577320819 2.12809621991 17.5524903106
5.62879582984 0 -8.20222865345 16.1956295044 2.34871327592 17.1851246509
5.63694841106 0 -8.05937305579 16.222652463 2.57224432541 16.8440813538
5.64057197857 0 -7.9937147849 16.2284208355 2.68496627896 16.6789356768
5.64521105352 0 -7.92699944703 16.2523951032 2.8411160409 16.4554767279
5.65197496403 0 -7.78482483429 16.2528634028 3.09225225683 16.105773445
5.65210332111 0 -7.77627280624 16.2484376899 3.0972838314 16.0988661278
5.65449798984 0 -7.73403484942 16.2503360018 3.19295051669 15.9681671492
5.66870515674 0 -7.43287023131 16.2442006881 3.82916174006 15.1224953064
5.67436170547 0 -7.31529253548 16.2402418917 4.11415405975 14.7532428479
5.68133908254 0 -7.18396552616 16.2400365045 4.48950997633 14.2731837977
5.68426875172 0 -7.11218224408 16.2119867297 4.65474113347 14.0637192201
5.69249738398 0 -6.93482426956 16.214256579 5.14211446054 13.4511839178
5.70236708933 0 -6.71469056287 16.1911555897 5.76996957927 12.6712570975
5.70262839873 0 -6.7057144901 16.1860125793 5.7872068663 12.6499626892
5.70773558214 0 -6.5920868186 16.1709709067 6.13021974396 12.2273176684
5.71059211805 0 -6.52585372436 16.1629871618 6.32703536187 11.9856745575
5.71258408614 0 -6.47655584516 16.1511301451 6.46633004731 11.8149937054
5.71510529608 0 -6.42094050497 16.1431904234 6.64499386968 11.5964524108
5.72097310822 0 -6.28262504793 16.120791322 7.07069659736 11.0772585513
5.75773698876 0 -5.38631194016 15.9191931718 10.0044679464 7.53298639569
5.77303615618 0 -5.02146836584 15.8285241173 11.3272988444 5.94152731661
5.77353262624 0 -4.98782441762 15.8077667793 11.3709137034 5.88903419685
5.78645516643 0 -4.66221865801 15.7171175527 12.5173748068 4.50771351385
5.78999685881 0 -4.5710010255 15.6859846747 12.8345511095 4.12486140863
5.79424475893 0 -4.4646827278 15.6574008009 13.2160895417 3.66378199985
5.79962443686 0 -4.32845828735 15.6128782501 13.7004640506 3.07744296233
5.81239142168 0 -3.96838965987 15.4839526921 14.8509126671 1.67930735915
5.82221141375 0 -3.68828702 15.3757926302 15.731465435 0.602549481827
5.82715431154 0 -3.55331029757 15.3280272076 16.1715619713 0.061749618656
5.82810919585 0 -3.52542596264 15.3138747728 16.2562644725 -0.0425600444494
5.83660420758 0 -3.29017689169 15.2270254886 17.0043153161 -0.967261849001
5.83889847158 0 -3.22655541226 15.2028458595 17.204402334 -1.21575049343
5.83997446277 0 -3.19330999785 15.1864955583 17.2979208537 -1.33207185526
5.84255799949 0 -3.12919142008 15.1629432924 17.5215824158 -1.61075466382
5.84578116523 0 -3.0370264542 15.1292146401 17.7987603739 -1.95711400059
5.87021765579 0 -2.36587155758 14.8618539723 19.8160434925 -4.51888345054
5.87285381434 0 -2.30920518572 14.8408652404 20.022994613 -4.78673676714
5.88465740399 0 -2.00122732547 14.7204324681 20.9187886948 -5.96053718501
5.88506189407 0 -1.99028691778 14.7143733213 20.9485344413 -5.99996504042
5.88740094725 0 -1.93431180881 14.6956324136 21.1192359302 -6.22685886283
5.88843824745 0 -1.90749246171 14.6823250304 21.1942118231 -6.32686559586
5.88857662734 0 -1.91021184357 14.6881650419 21.2041797743 -6.34017793411
5.89357317821 0 -1.77485405844 14.6112047254 21.5585943905 -6.81616850403
5.90317929014 0 -1.54164477313 14.5388320128 22.2083209099 -7.70413375242
5.91362573729 0 -1.29596556964 14.4441207767 22.8637324451 -8.62540860503
5.92588509823 0 -1.01028943678 14.3369342767 23.5585010501 -9.64126422343
5.92590836362 0 -1.00974852653 14.3367966207 23.5597387297 -9.64312060867
5.92809495155 0 -0.96074499211 14.3183961644 23.6746481509 -9.81633720441
5.92893808125 0 -0.941984296658 14.3112852502 23.7182039858 -9.88245953602
5.9300393072 0 -0.916970930584 14.299345259 23.7744566991 -9.96825693386
5.93539219837 0 -0.805959250034 14.263016372 24.0374643055 -10.3760093604
5.93818912513 0 -0.738883538667 14.2325633937 24.167874316 -10.5827966438
5.94505327772 0 -0.595389882909 14.1841089236 24.4669065693 -11.0714424253
5.9538187212 0 -0.413235498246 14.097886975 24.803854263 -11.6549941708
5.95499998161 0 -0.393896462978 14.1130158117 24.8452976336 -11.7300526078
5.95894186699 0 -0.336523298065 14.0997404927 24.9766260758 -11.9742087702
5.9664583873 0 -0.173724907292 14.036218262 25.1967542255 -12.4122557261
5.96703585265 0 -0.163645511726 14.0353766955 25.211993083 -12.44438631
5.97099924452 0 -0.0911254944995 14.0122423217 25.3100360025 -12.6589382149
5.98085448516 0 0.08452025952 13.9566222669 25.5033617524 -13.1462801964
5.99294747249 0 0.281860375071 13.8997910695 25.6392375543 -13.6511931126
5.99453200525 0 0.304022275415 13.894271197 25.6485612658 -13.7095343565
6.00868111516 0 0.508099657731 13.8510301746 25.6425256846 -14.1478458156
6.01172000683 0 0.548972183214 13.8431855523 25.6199726608 -14.2222575046
6.01648821948 0 0.610749994811 13.8325122881 25.5692065671 -14.3246987742
6.01945770707 0 0.642116428817 13.8313221405 25.528037662 -14.3795902526
6.02179838995 0 0.656457960547 13.8363561501 25.4903899455 -14.4180075115
6.02228389145 0 0.686037548706 13.7991744062 25.4820057445 -14.4254384973
6.03069843299 0 0.78049686543 13.8104186511 25.3051277633 -14.5246987938
6.03400656269 0 0.825766253895 13.8020164511 25.2191615002 -14.5483294024
6.03877932725 0 0.873754637155 13.8012604958 25.0787021568 -14.5669918419
6.03967290815 0 0.869755541078 13.8076963978 25.0502417221 -14.568452564
6.05114676994 0 0.97061109603 13.8187991266 24.6239547517 -14.5298825675
6.05354938966 0 0.990163040029 13.8194185677 24.5203624989 -14.5082814491
6.05627207157 0 1.00446973787 13.8311596758 24.3969640369 -14.4781212829
6.05853636204 0 1.02644156719 13.8311922957 24.2894797135 -14.4484361802
6.0598650766 0 1.0357005772 13.834074702 24.2243512951 -14.4290690754
6.06083953468 0 1.04638642552 13.8129802314 24.1756210778 -14.4139495829
6.06126758939 0 1.04924856959 13.8139528982 24.153956741 -14.4070629005
6.07226390155 0 1.1136187361 13.864380716 23.5434135367 -14.1788447143
6.07292000946 0 1.09368888622 13.8845652531 23.5037034666 -14.1621057583
6.07304846677 0 1.11459428179 13.8689291814 23.4958855924 -14.1587873582
6.07454409849 0 1.12136487461 13.8771416025 23.403822102 -14.1191600024
6.07581334407 0 1.12733579017 13.8818592634 23.3241926226 -14.0840993511
6.07735876339 0 1.14758152412 13.878906386 23.2253779736 -14.0396364831
6.07752754465 0 1.12946192211 13.8931477661 23.2144625131 -14.0346626125
6.07876171782 0 1.14399626126 13.8891641924 23.1339071358 -13.9975870451
6.08818112319 0 1.18709032582 13.9285296434 22.4764392484 -13.6738299128
6.09311862159 0 1.18074641263 13.9689328532 22.1018540673 -13.4754200231
6.09534363579 0 1.19089403359 13.9774504513 21.9263692896 -13.379590304
6.09646834611 0 1.189329466 13.9835609844 21.8360912838 -13.3296371156
6.09671418332 0 1.19337398869 13.9858802064 21.8162180633 -13.3185833464
6.10472577063 0 1.19860280047 14.0374282356 21.141153567 -12.9319398258
6.10737734434 0 1.20604004703 14.0542459282 20.9060934056 -12.7927458328
6.11198468865 0 1.20639606513 14.0683761646 20.4840387962 -12.5377149995
6.11295685617 0 1.19816647452 14.098487329 20.3927890876 -12.4817774633
6.12011860457 0 1.19356278733 14.1584636298 19.6972518205 -12.0470711058
6.12162569442 0 1.18729105139 14.1708668418 19.5457002256 -11.950554249
6.12179889849 0 1.19053935408 14.1730348944 19.5281684168 -11.9393504487
6.12203843387 0 1.18649157408 14.1744663444 19.5038836707 -11.9238181562
6.1277184273 0 1.18040511182 14.2226759611 18.9149002146 -11.5427132427
6.13047127286 0 1.16878404994 14.2539173253 18.6204616577 -11.349241091
6.13542531242 0 1.16479646219 14.2946665054 18.0760296436 -10.9868268696
6.1393445378 0 1.13609523139 14.3423951118 17.6322415447 -10.6872949024
6.14747205744 0 1.09659591761 14.4325723543 16.6759058529 -10.0307107633
6.14977420569 0 1.07876773877 14.4630031797 16.3963591654 -9.83618966841
6.15262883984 0 1.06521452421 14.4983524481 16.0445179503 -9.58983706245
6.15277011735 0 1.06484539098 14.4970562757 16.026956636 -9.57749792808
6.1540316405 0 1.06041821748 14.4923516989 15.8695280185 -9.46670584349
6.15616410917 0 1.04354105746 14.5382771022 15.6009043643 -9.27693708875
6.15876113061 0 1.0256624557 14.5714344308 15.269548321 -9.0416437367
6.15928237438 0 1.02131353989 14.5792310465 15.2024897955 -8.99386899391
6.16232400481 0 0.998993720277 14.6192007443 14.8075360236 -8.71145839111
6.16356947555 0 1.00211202706 14.6294423342 14.6440319464 -8.5940436175
6.16677067249 0 0.957851490588 14.6865618648 14.2191006986 -8.28758081986
6.16852572784 0 0.94335614584 14.7109685285 13.9833051219 -8.11673501833
6.1770866081 0 0.86872376177 14.8294342527 12.8051955517 -7.25533521506
6.17751944617 0 0.864586210695 14.8358858886 12.7444265312 -7.21057090291
6.17849960115 0 0.853060749898 14.8556440571 12.6063970809 -7.10877980316
6.17887174128 0 0.858025852828 14.8541347839 12.5538391619 -7.06997912065
6.17934090934 0 0.844820598092 14.8682657029 12.4874594155 -7.02094225144
6.17965890386 0 0.847927152943 14.8659207719 12.4423933985 -6.9876301211
6.18069235343 0 0.837052905121 14.884346719 12.2955173285 -6.87894810269
6.18072248232 0 0.836773996207 14.8848844129 12.2912258292 -6.87576998615
6.18414503814 0 0.801717331161 14.9376542502 11.8002515138 -6.51122563295
6.18653763562 0 0.789565236353 14.96628077 11.4529970165 -6.25229177375
6.18668551226 0 0.777728967082 14.9751854758 11.4314274271 -6.23617904351
6.19022798183 0 0.735722527608 15.0347196029 10.9110428011 -5.84644446014
6.19115484346 0 0.72529126942 15.0499967976 10.7737382442 -5.74329904224
6.19402190529 0 0.695740306974 15.0926304052 10.3460547318 -5.42120881264
6.19638851578 0 0.664102785149 15.1371388302 9.98971244547 -5.1519406239
6.198460856 0 0.638834779125 15.1721441124 9.67527062378 -4.91367496854
6.20060487399 0 0.623075859572 15.1935510233 9.3476328722 -4.66477330451
6.20828951016 0 0.650120053536 15.1436781464 8.15463596835 -3.75328057959
6.21006725094 0 0.661488864286 15.1327261176 7.87465135543 -3.53824464549
6.23559056131 0 0.694952398677 15.0246020583 3.70981907392 -0.296568625516
6.23801364022 0 0.674418428678 15.0373885603 3.30211046226 0.0245811523762
6.24033288419 0 0.698693208541 15.0082859364 2.91017683652 0.3338699665
6.25180859169 0 0.682722857173 14.9913985302 0.948896027633 1.8893911341
6.26117216817 0 0.669465860771 14.9707977265 -0.674116196235 3.18562212098
6.26640678215 0 0.653577956326 14.9701057646 -1.58836548485 3.91904112639
6.27069416813 0 0.633878362013 14.9697913141 -2.34009494733 4.52371793797
6.29248678649 0 0.539578924271 14.9877347001 -6.18331114232 7.63564701498
6.29754396344 0 0.510716644079 14.9917781434 -7.07601549999 8.36285892164
6.30196473041 0 0.490031594372 15.0002249478 -7.85524109718 8.9988215431
6.30219729997 0 0.482992700289 15.0049775757 -7.89619416537 9.03227484066
6.30993463672 0 0.414585754507 15.0380561967 -9.25550586924 10.144248205
6.31031927923 0 0.432605645542 15.0246995376 -9.32289253428 10.1994510214
6.31245024492 0 0.419055194861 15.0292206509 -9.69583987818 10.5050946408
6.31322688128 0 0.418318479893 15.0265339659 -9.83159215052 10.6164011116
6.31383143189 0 0.408446963406 15.0350349636 -9.93719880689 10.7030096183
6.31784780843 0 0.391911071157 15.0397094104 -10.6372306777 11.2775221393
6.32743991816 0 0.311311305571 15.0694956919 -12.2959736519 12.6415252444
6.32845127445 0 0.304754348353 15.0769413416 -12.4696158433 12.7845157273
6.33383617481 0 0.263979727841 15.077348137 -13.3895419526 13.5426408722
6.34049244759 0 0.214512910637 15.1145694241 -14.5147561779 14.4711865636
6.34103660915 0 0.204593456409 15.1239111824 -14.6061078981 14.5466265508
6.34138323749 0 0.206169198929 15.1206292095 -14.6642457864 14.5946419946
6.34270311284 0 0.186302914846 15.1333647816 -14.885239597 14.7771867606
6.34491472659 0 0.172731860722 15.1389124732 -15.2541558853 15.0820152586
6.34571763947 0 0.170047987871 15.138158099 -15.3876475988 15.1923458054
6.34791780852 0 0.142262085574 15.1551308256 -15.7522040727 15.4937254804
6.3517030899 0 0.113803423596 15.1634145998 -16.3749772394 16.0088108482
6.35897633201 0 0.0520869456506 15.1811367913 -17.5547169318 16.985265253
6.36207540565 0 0.0270875465526 15.2068327336 -18.0501470856 17.3955555085
6.36302253928 0 0.02024917943 15.2113110089 -18.2006481785 17.5202150524
6.36723606334 0 -0.0134454139941 15.2338417009 -18.8648174714 18.070447119
6.36793962057 0 -0.0303006148688 15.2425137518 -18.9748419863 18.1616109443
6.37290599437 0 -0.0712811456448 15.2577555722 -19.7440698973 18.7990528563
6.3799013659 0 -0.134079091476 15.291405437 -20.8043479128 19.6777726475
6.38138472146 0 -0.154507978875 15.3078124899 -21.0255077371 19.8610534194
6.38336325441 0 -0.173408112656 15.3124262785 -21.3184208003 20.1037836994
6.38450099392 0 -0.183820374773 15.3211809913 -21.4857668465 20.2424498963
6.38564752638 0 -0.193214324839 15.3270372692 -21.6535883521 20.3815014311
6.38682843977 0 -0.205815147951 15.3295738156 -21.8255739738 20.5239928304
6.38726168639 0 -0.209874913552 15.3317266489 -21.8884480932 20.576081601
6.38736997578 0 -0.209179479926 15.3353119429 -21.9041445897 20.5890852808
6.38961537411 0 -0.23150692136 15.3485767146 -22.2279040947 20.8572767709
6.39433891393 0 -0.275196117357 15.371046108 -22.8980886113 21.4122447401
6.39887968063 0 -0.308123485766 15.3895827888 -23.5279186392 21.933482818
6.40214114526 0 -0.348524277783 15.4101306036 -23.9712507266 22.3001406075
6.40312621504 0 -0.379414295517 15.4312004967 -24.1036262203 22.4095768815
6.40585918009 0 -0.379706164794 15.421586661 -24.4671100255 22.7099528653
6.40652947068 0 -0.390496207709 15.4334398605 -24.5554005255 22.7828858021
6.41051130241 0 -0.427814757204 15.4510944179 -25.072782118 23.2100184629
6.41242220342 0 -0.438913862427 15.4536938766 -25.3166841419 23.4112089924
6.41638124847 0 -0.485729842722 15.4834612636 -25.8127155169 23.8199942341
6.42078316008 0 -0.52159914194 15.5019182011 -26.3491527274 24.2614080132
6.4228896929 0 -0.545406499839 15.5149655673 -26.6001079362 24.4676322989
6.42335410525 0 -0.544523047911 15.5133996935 -26.6549249666 24.5126527057
6.42411682329 0 -0.546092517268 15.5099897969 -26.7445503963 24.5862397966
6.42531522989 0 -0.552838179055 15.5190047898 -26.8843573841 24.7009749076
6.42548593874 0 -0.568837360274 15.5271268624 -26.9041709639 24.7172298339
6.42965390012 0 -0.591812453865 15.5393233876 -27.3799891878 25.1071500791
6.43967150885 0 -0.689812721813 15.5834354079 -28.4593075108 25.9878283445
6.44082414096 0 -0.720561865945 15.609153697 -28.577488943 26.0838659259
6.44258912479 0 -0.715185543346 15.6002432023 -28.7559943696 26.2287490865
6.44338010625 0 -0.721774690777 15.6057918083 -28.8350189794 26.2928181235
6.44600706701 0 -0.763968270523 15.6304299615 -29.0931089234 26.5017379873
6.45258723681 0 -0.795306952293 15.622114456 -29.7096343396 26.9984767919
6.45973362912 0 -0.851837872808 15.6662036604 -30.3293591387 27.4935913467
6.46161799903 0 -0.888353755264 15.6897769176 -30.4839020164 27.6162299501
6.46253264033 0 -0.875133164601 15.6769158757 -30.5575600831 27.674545713
6.47101150692 0 -0.934798384574 15.7030878663 -31.1975410738 28.1767663892
6.4721220994 0 -0.933371364565 15.7031016199 -31.2755536754 28.2373316375
6.47826938556 0 -0.978485874036 15.7158201701 -31.6824810165 28.5501840256
6.47846986333 0 -0.986677709676 15.7258889545 -31.6950352401 28.5597414505
6.47906711273 0 -0.985509296358 15.7180003858 -31.732165227 28.5879702204
6.48264103436 0 -1.0075778199 15.7291839976 -31.9458346656 28.7492079226
6.48652504317 0 -1.03026423004 15.7350981908 -32.1613352365 28.9093435348
6.48930301333 0 -1.05295535614 15.7493487951 -32.3046652627 29.0141048953
6.49294445007 0 -1.06836354784 15.7463662803 -32.4787418712 29.1389224466
6.49385622792 0 -1.07817126227 15.7510203849 -32.5198576278 29.1679342415
6.49504832852 0 -1.08227028689 15.7379603034 -32.5721122378 29.2045022644
6.50188785487 0 -1.11870191109 15.7668164679 -32.838715917 29.3841343003
6.50409774184 0 -1.14925445659 15.7827277419 -32.9126476656 29.4310630878
6.50465285061 0 -1.1262477082 15.7595826147 -32.930273154 29.441989548
6.50818240507 0 -1.13935487305 15.7610393347 -33.0334076429 29.5033156308
6.5138500077 0 -1.16226786885 15.7645656611 -33.166437742 29.5720400043
6.51589551739 0 -1.16432142855 15.7650800465 -33.2044954327 29.5877398476
6.52586526596 0 -1.19286954783 15.7576448443 -33.3133561039 29.5940204033
6.52589207947 0 -1.19876337407 15.7542756064 -33.3134758983 29.5938784963
6.52607898006 0 -1.20292087993 15.7612473937 -33.3142849512 29.5928654873
6.5276692448 0 -1.20050754963 15.7511003979 -33.3193298344 29.5825554457
6.5283275124 0 -1.20917610543 15.7603693894 -33.3204534028 29.5774005815
6.5285459141 0 -1.20251040223 15.7501031358 -33.3207011941 29.5755753073
6.53328775123 0 -1.21774730646 15.7453966155 -33.310672523 29.5217612375
6.53386380502 0 -1.21745282368 15.7482083743 -33.3074405488 29.5133687709
6.53539551011 0 -1.21021173739 15.7414587349 -33.2967160712 29.489089025
6.53658935546 0 -1.24280709263 15.7586845906 -33.2862055699 29.4681803523
6.53746063719 0 -1.24384946189 15.7567692133 -33.2773427205 29.4518209112
6.53753404964 0 -1.21227495422 15.7358413582 -33.2765499499 29.4504000363
6.54263505032 0 -1.24738268164 15.7423489492 -33.2039000177 29.3354478102
6.54341081464 0 -1.22648977963 15.7246126531 -33.1898082465 29.3151529728
6.55177929807 0 -1.22637511047 15.6948486057 -32.9863706455 29.048610419
6.55339202896 0 -1.22435048667 15.6893672374 -32.936297848 28.9871685341
6.55858262119 0 -1.21805691755 15.6660913858 -32.7511569189 28.7671438163
6.56150085639 0 -1.2081956566 15.6463437758 -32.6309447663 28.628450193
6.56358478295 0 -1.2049446951 15.6333797129 -32.5379758728 28.5227752229
6.58009760254 0 -1.1554404819 15.5312656595 -31.5903288375 27.4884983222
6.5843035334 0 -1.13292410082 15.4834498734 -31.288854373 27.1688083124
6.58509272076 0 -1.13163374705 15.4985852582 -31.2295613576 27.1062653489
6.58897449368 0 -1.1101617538 15.4655388443 -30.9253770987 26.7868557194
6.60068806953 0 -1.03277006445 15.3548366824 -29.8811569298 25.7041104099
6.60183689284 0 -1.02720151218 15.3434872657 -29.768535699 25.5882904005
6.60187282848 0 -1.02190512915 15.3394693957 -29.7649834907 25.5846397564
6.60246429744 0 -1.03961023353 15.3504391949 -29.7062612974 25.5243114872
6.60958018223 0 -0.952690262351 15.247492418 -28.9620005658 24.762773195
6.61316735813 0 -0.925258325403 15.2122324085 -28.5604210238 24.3538763383
6.61320185641 0 -0.925482881542 15.2127217249 -28.5564733097 24.349862661
6.61805474605 0 -0.898583222574 15.1670831457 -27.9849184975 23.7698466858
6.61930000385 0 -0.865000958914 15.1363822936 -27.8330704296 23.6160849052
6.62017247665 0 -0.855870003827 15.1250230773 -27.7254209991 23.5071560542
6.62332572913 0 -0.819416493203 15.0620346763 -27.327723797 23.1052501015
6.62546496457 0 -0.797570034867 15.0508452287 -27.0502325562 22.8252670426
6.62723992203 0 -0.765565462368 15.021225842 -26.8152908172 22.5884759526
6.63472731671 0 -0.676665540251 14.90614572 -25.777506656 21.5449877009
6.63619104535 0 -0.663604813874 14.89173511 -25.5658454948 21.3325930884
6.63729417588 0 -0.649063984737 14.8687817851 -25.4044397784 21.1707141035
6.64289994228 0 -0.565803660998 14.773556563 -24.5592544278 20.3241466655
6.64488908716 0 -0.541401719417 14.7485177849 -24.2493685453 20.0141670398
6.64687466479 0 -0.505590906091 14.7067133615 -23.9348545397 19.6997583938
6.64768487722 0 -0.49878368511 14.6930625996 -23.8050341827 19.5700369245
6.6489105582 0 -0.469054662396 14.671162205 -23.6070135738 19.3722263672
6.65052919627 0 -0.45483578319 14.6484779262 -23.3425075467 19.1081073852
6.65269073708 0 -0.420035663279 14.6084916283 -22.9839794747 18.7502861603
6.6542129331 0 -0.388028067777 14.5700989158 -22.7278708713 18.4948023252
6.6579626901 0 -0.331871520108 14.5055846295 -22.0842613125 17.8531626492
6.6584674954 0 -0.31776023585 14.4880995649 -21.9962410831 17.7654529838
6.66160337868 0 -0.261957944178 14.4282987 -21.4421861867 17.2135586626
6.66175835273 0 -0.264709166406 14.4316213302 -21.4144813921 17.1859707488
6.66359924011 0 -0.232058675432 14.3927437931 -21.0830635247 16.8560118493
6.6654218359 0 -0.193407781612 14.347896531 -20.7507339209 16.5252519432
6.66791311961 0 -0.15139194032 14.302001135 -20.2897457712 16.0666030362
6.67020885058 0 -0.106924875624 14.2486282762 -19.8581016205 15.6373037632
6.67276085951 0 -0.046345045844 14.1933222428 -19.3706242722 15.1526350685
6.67615978891 0 0.0115777834835 14.1205581752 -18.7089686162 14.4950299741
6.67625564883 0 0.0185615874634 14.1114161771 -18.6901038128 14.4762842897
6.68275927811 0 0.156266510553 13.9592899473 -17.3843415668 13.1791755043
6.68298252814 0 0.156832525413 13.9620869994 -17.338620057 13.1337697606
6.68476041905 0 0.195239690455 13.92021912 -16.9724004442 12.7701053221
6.68943009128 0 0.302393939547 13.8018108628 -15.9928154664 11.797548761
6.69023236523 0 0.325025634451 13.7774336442 -15.8219595647 11.6279425371
6.70065966626 0 0.560588025603 13.5698562147 -13.5344709505 9.35757860533
6.70801485265 0 0.66328377699 14.040833209 -11.8481735614 7.68402537258
6.71562486513 0 0.783929734625 14.5121288978 -10.0425032819 5.89173203821
6.71971705713 0 0.848207429353 14.7672815873 -9.04669844179 4.90307665145
6.72720192678 0 0.985607265772 15.2056418611 -7.18191566071 3.05106208295
6.72922584643 0 1.02687850684 15.3326213777 -6.66828771074 2.54078172064
6.73162801066 0 1.06973392954 15.4566608527 -6.05360674177 1.92999824285
6.73585586397 0 1.15227375162 15.7137921923 -4.95865337753 0.841670745096
6.73802423774 0 1.19631542613 15.8384647973 -4.39071656984 0.276999272004
6.73886647263 0 1.21377241415 15.8882842363 -4.16897621828 0.0565003297001
6.74026770329 0 1.24366988226 15.9573272812 -3.79866232381 -0.311783552964
6.7407130504 0 1.25297832076 15.9818519634 -3.68060228037 -0.429207962883
6.7432674991 0 1.28670744597 16.1465165377 -3.00006325897 -1.10619493388
6.74910820531 0 1.44030570805 16.4693547654 -1.42296776281 -2.67583125082
6.74970041283 0 1.44946510238 16.4958075722 -1.26146264962 -2.83663643405
6.75307845943 0 1.52242943793 16.690832986 -0.33472991593 -3.75959404139
6.75354488986 0 1.5388637847 16.7093835238 -0.206045474108 -3.88778743565
6.76021829551 0 1.70095114216 17.0511179816 1.65376203027 -5.74144433997
6.76110210832 0 1.72062921568 17.1171784978 1.90262647532 -5.98962461483
6.76410780286 0 1.79924031541 17.2559212575 2.75329977465 -6.83821728747
6.76781513822 0 1.88970076011 17.4690743128 3.81154219295 -7.89444473144
6.77019285234 0 1.95879532414 17.5679010084 4.49531924666 -8.57726908556
6.77019504423 0 1.95884524555 17.567868604 4.49595137625 -8.57790046396
6.77442386928 0 2.07333157983 17.7921690344 5.72151079147 -9.80246356643
6.77461535665 0 2.08033894009 17.8153375898 5.77728479884 -9.85821443159
6.78024347941 0 2.2392486606 18.0936093051 7.42695587548 -11.508103382
6.78537327555 0 2.38600445204 18.3360859738 8.94729447314 -13.0302414889
6.78715688687 0 2.4482797804 18.431554307 9.4794524404 -13.5634053125
6.79031971683 0 2.54085047288 18.5678419737 10.4274038869 -14.5136456363
6.79162654056 0 2.58112446794 18.6283329805 10.8206342323 -14.9080156252
6.79176455565 0 2.58179973177 18.6280557704 10.8622155719 -14.9497240773
6.79250276209 0 2.59965477208 18.6753252404 11.0847895583 -15.1730000655
6.79981101378 0 2.84176641835 19.0033987416 13.3027576485 -17.3999977354
6.80067518123 0 2.86995117709 19.0422351183 13.5666776066 -17.6652442579
6.80069597936 0 2.87054675455 19.0417989098 13.5730335454 -17.6716328199
6.80273621055 0 2.94060071594 19.1468384227 14.1974536956 -18.2994140589
6.80278154446 0 2.93651488322 19.1418251331 14.2113487757 -18.3133874679
6.80979680255 0 3.17583705408 19.4398016021 16.371673009 -20.487807393
6.8103012404 0 3.18924906337 19.4609865384 16.5277477308 -20.6450510023
6.81119677584 0 3.22009656421 19.497265643 16.8050576277 -20.9244888866
6.81528709491 0 3.36145330869 19.6733968977 18.0752161125 -22.2052424185
6.8156517675 0 3.3560991168 19.6898132221 18.1887284071 -22.3197703
6.81800938273 0 3.46469180034 19.786023013 18.9235977668 -23.0614920784
6.81853453317 0 3.47953376108 19.805865008 19.0875186642 -23.2270076331
6.82210991317 0 3.60904627495 19.9442526094 20.2056471646 -24.3566678908
6.82351199593 0 3.65903549092 20.010240181 20.6450685494 -24.8009380936
6.82600653769 0 3.75334971145 20.1001570463 21.4280901038 -25.5930516712
6.82659600597 0 3.78267225123 20.143407112 21.6133365045 -25.7805346831
6.8301223338 0 3.90618360216 20.2753913757 22.7231061914 -26.9044012954
6.83724730496 0 4.18505616022 20.5340111927 24.9724572799 -29.1861028414
6.83763312645 0 4.20046333379 20.5515178298 25.0944837326 -29.3100331793
6.84152670936 0 4.35550257213 20.6954963482 26.326936503 -30.5625998311
6.84441574049 0 4.46938294001 20.8093676584 27.242385554 -31.494051433
6.84515616191 0 4.50285755961 20.8117288985 27.4771066675 -31.7330243791
6.84716632306 0 4.5847152317 20.8977336178 28.1145145045 -32.3822894843
6.85190404243 0 4.78166862088 21.0650695432 29.6174169471 -33.9149858134
6.85357756706 0 4.85540088826 21.1240234659 30.1483617181 -34.4570869087
6.85673245333 0 4.98597071146 21.2251340643 31.1491638108 -35.4798372691
6.85706937694 0 4.99518726932 21.2473340399 31.2560251696 -35.5891141659
6.86016946706 0 5.1340971931 21.3411613439 32.2390007624 -36.5949730428
6.86752840782 0 5.45763378585 21.5783139903 34.569140186 -38.9842891028
6.86915184824 0 5.53432090904 21.6320665335 35.0823082211 -39.5114546104
6.87418781944 0 5.75849312373 21.7689234676 36.6714378017 -41.1462319025
6.87822977017 0 5.94089545944 21.9126093321 37.9433062335 -42.4572231639
6.88165348892 0 6.10463017916 22.0130637096 39.0176471731 -43.5664732571
6.88302743225 0 6.17175325329 22.0456131629 39.447921505 -44.0112202542
6.8832288587 0 6.17673870944 22.0424184712 39.5109578736 -44.076400888
6.88478451169 0 6.25390480818 22.0958547108 39.9974084553 -44.5796068991
6.88576651077 0 6.29692532881 22.1182846862 40.3041115661 -44.897065274
6.88634547525 0 6.32264010071 22.1412558471 40.4847995071 -45.0841593331
6.88647155431 0 6.33475320616 22.1443459229 40.5241335505 -45.1248948308
6.889888763 0 6.49543650967 22.2439406739 41.5882844867 -46.2279102086
6.8961037626 0 6.795841581 22.4026325696 43.5131723216 -48.2278996584
6.89692913022 0 6.83955201777 22.4245195241 43.7676879009 -48.4928246413
6.89822177245 0 6.90321450945 22.4584953235 44.1657352525 -48.9073824441
6.89826500042 0 6.89653562175 22.4637271747 44.1790345727 -48.9212382975
6.89854564927 0 6.9173283169 22.4741160828 44.2653586064 -49.0111824493
6.90225229459 0 7.09961338064 22.5548152259 45.4022762851 -50.1970473402
6.90507900859 0 7.23864087728 22.6383703729 46.2651073079 -51.0986376137
6.90535401617 0 7.23505349014 22.6402965246 46.3488486652 -51.1862165693
6.90813932856 0 7.400266295 22.7069156595 47.1948925693 -52.07180063
6.90956768797 0 7.46868299864 22.7369360733 47.6272358455 -52.5248984945
6.91019726042 0 7.49878613246 22.7553233734 47.8174605737 -52.7243746267
6.91453744871 0 7.73058216956 22.8699450552 49.1230147684 -54.0954438669
6.91565158921 0 7.78103943023 22.8773842673 49.4564561746 -54.4461963784
6.91833585156 0 7.90037682044 22.9453353035 50.2568297221 -55.289112843
6.91844889694 0 7.93345709706 22.9576136211 50.2904425869 -55.3245434122
6.92408687163 0 8.2294884187 23.0802036975 51.9567657428 -57.0842194269
6.92740133452 0 8.39817754082 23.1297514584 52.9267458011 -58.1115743495
6.92750835783 0 8.40225202667 23.1412697199 52.9579425291 -58.1446547962
6.93305349735 0 8.7013520361 23.2433214433 54.5633104383 -59.8503102579
6.93500157573 0 8.81134338197 23.2917548596 55.1220026654 -60.4454964649
6.94015181735 0 9.08952381585 23.3955174498 56.5851017948 -62.0082771518
6.94159661805 0 9.16198221682 23.4197491741 56.9917905349 -62.443770736
6.9437727685 0 9.28754070852 23.4543945099 57.6011352705 -63.0972024939
6.94385592909 0 9.29180044141 23.4504446534 57.6243435985 -63.1221123669
6.95210966954 0 9.75178919591 23.5934904963 59.8983432047 -65.5711942154
6.95253239247 0 9.77559655449 23.6013011399 60.0131921919 -65.6953433136
6.95596542899 0 9.96943512266 23.6602876832 60.9398450213 -66.6987388709
6.95706902945 0 10.029318456 23.6908649328 61.2354020753 -67.0194270797
6.95789582018 0 10.0859866428 23.7087176203 61.4560714835 -67.2590717314
6.96201879511 0 10.3140260299 23.7570078246 62.5466613499 -68.4461816212
6.96295041027 0 10.3671168575 23.7670187638 62.7907810011 -68.7125499698
6.96687206217 0 10.5728015152 23.8373410896 63.80884263 -69.8260548738
6.96987647051 0 10.7664583528 23.8697012994 64.5781014653 -70.6703976432
6.97190889639 0 10.8794472193 23.9118017955 65.0931058721 -71.2371668163
6.9779452658 0 11.2409977305 23.9887042804 66.596322207 -72.8987817783
6.9795688074 0 11.3345653826 24.0171723472 66.9937312852 -73.3399891778
6.98214153856 0 11.4917661318 24.0558278841 67.6173462862 -74.0340524286
6.98597117692 0 11.7120966047 24.0732516055 68.5314294923 -75.0553813754
6.98823370405 0 11.8476262318 24.1243477224 69.0633236127 -75.6519792953
6.99124207125 0 12.0326545849 24.1649164553 69.761001318 -76.4372426117
6.99243392456 0 12.0767621656 24.1683386345 70.034348228 -76.7457805806
6.9930755487 0 12.139542874 24.1729944855 70.1807760692 -76.9112689513
6.99370787479 0 12.1729690855 24.1712519714 70.3245821605 -77.0739386778
6.99855710114 0 12.4654247354 24.2139592201 71.4107117322 -78.3073546006
7.00074740619 0 12.5952914251 24.2556428176 71.8914586109 -78.8561541107
7.00456160956 0 12.8279511431 24.2831099253 72.7137079801 -79.7991857545
7.0064980365 0 12.9431316236 24.3167452283 73.1237881655 -80.271694684
7.00650927823 0 12.9508903147 24.312027924 73.1261542046 -80.2744253309
7.00870927542 0 13.0841153175 24.3324836377 73.5859091613 -80.8060195606
7.01030745443 0 13.185275932 24.3602015137 73.9157791195 -81.1886836564
7.0147406166 0 13.4537037472 24.3869045903 74.8124004615 -82.2344277597
7.01788818182 0 13.6428365385 24.4102718699 75.4323266063 -82.9626261215
7.02153121686 0 13.8675752089 24.423919137 76.1322212028 -83.7903238224
7.0226875752 0 13.9383798357 24.4466139161 76.3503763522 -84.0496044105
7.02284429006 0 13.9462217227 24.4538640281 76.3797921393 -84.0846144283
7.02363385534 0 13.9767286441 24.4617231377 76.5274507478 -84.2605333254
7.02382363758 0 14.0057520832 24.4659389049 76.5628066301 -84.3027006622
7.02431494971 0 14.0423602193 24.4637042011 76.6540916494 -84.4116530361
7.02473919924 0 14.0686196878 24.467514495 76.7326316668 -84.5054880172
7.02840893392 0 14.272156743 24.4966193156 77.4009031195 -85.3075748696
7.02963195672 0 14.3680605044 24.4973488085 77.619165482 -85.5710378455
7.03034900985 0 14.416832082 24.5079276603 77.7460877091 -85.7246013654
7.03294085604 0 14.5778471243 24.526248798 78.1983796719 -86.2740558839
7.03301191456 0 14.5727057142 24.5309297366 78.2106361587 -86.2889952935
7.04200978164 0 15.1360300534 24.5895870158 79.6996846897 -88.1260068727
7.0429748293 0 15.1937778897 24.5935532666 79.85187339 -88.316485537
7.04943464754 0 15.6068339937 24.6249170358 80.8323035026 -89.5580523857
7.05203155672 0 15.7702754654 24.6365534789 81.2074410683 -90.0405358724
7.05299331129 0 15.8265398526 24.6393922017 81.3435733535 -90.2167670995
7.05321601745 0 15.8474962503 24.6560871218 81.3748798534 -90.2573854862
7.05349480757 0 15.8577268113 24.6373923877 81.4139552505 -90.3081318087
7.05552083374 0 15.9884937983 24.6540470104 81.6940725176 -90.6735325352
7.05756364173 0 16.1203652267 24.6758534988 81.9696207171 -91.0359035768
7.06609461452 0 16.6493122248 24.690981519 83.0445559014 -92.4824312277
7.07234760836 0 17.0402978616 24.7304141861 83.7534577881 -93.4728900164
7.0748939328 0 17.2103250996 24.7446853523 84.0226679151 -93.8589683726
7.08260359116 0 17.6889472408 24.7403395934 84.7680627541 -94.9659692587
7.08283056228 0 17.7059768733 24.7563919882 84.7884049359 -94.9971329195
7.08453695708 0 17.8133771142 24.7630109701 84.9383827937 -95.2287883872
7.08460588718 0 17.8143902788 24.7610450795 84.9443313194 -95.2380481691
7.08693347328 0 17.9611547751 24.7526148012 85.1401739255 -95.5462431777
7.09501786101 0 18.4681423871 24.7864622134 85.7440040593 -96.5484065912
7.09528481011 0 18.4862838437 24.7957094695 85.7619042494 -96.5796730102
7.09866032952 0 18.6967985212 24.7786238254 85.9769178043 -96.9648663161
7.10002143762 0 18.7793635986 24.7972567387 86.057657239 -97.1148366581
7.10112960601 0 18.804934489 24.7235043846 86.1208536136 -97.2346560948
7.10122749456 0 18.7909036358 24.7303055277 86.1263262676 -97.2451415622
7.10157664166 0 18.8145118534 24.6943092713 86.1457008515 -97.2824104066
7.10295421999 0 18.8255854745 24.6173822126 86.2199293497 -97.4274645772
7.10948963517 0 18.9792396652 24.1717834755 86.5236979142 -98.0720547095
7.11015483626 0 18.978116939 24.1365520294 86.5501145749 -98.1336044393
7.11338738332 0 19.0568524035 23.9155479258 86.6665797362 -98.4219534461
7.11352028011 0 19.0434350383 23.9103163079 86.6709443702 -98.4334254225
7.12033157032 0 19.1942290539 23.4579053514 86.8496454948 -98.9806733539
7.12060981865 0 19.1926218992 23.4434914361 86.8550630357 -99.0013235847
7.12356831822 0 19.2418442142 23.2525549508 86.9034889378 -99.2125637419
7.12644083103 0 19.3030249313 23.0595493004 86.9344189138 -99.4030554499
7.12709976104 0 19.31822039 23.0145746537 86.9392735944 -99.4447163446
7.12838805866 0 19.3425349242 22.9293066218 86.9463458712 -99.5239686307
7.12914786325 0 19.3566869834 22.8745546165 86.949014826 -99.5693428368
7.1323599282 0 19.4210750162 22.6664135719 86.9479626277 -99.7499294906
7.13402662182 0 19.4500717018 22.5558551135 86.939541394 -99.8364562645
7.13779486573 0 19.5123173606 22.305591631 86.9006191214 -100.013942989
7.14035912822 0 19.5627665568 22.1333337034 86.8583368281 -100.120291144
7.14157116726 0 19.5964259127 22.0720869289 86.8338914117 -100.166479395
7.14363981049 0 19.631844459 21.9183014654 86.7855482985 -100.239250711
7.14444060628 0 19.6439485692 21.8650317947 86.7645906197 -100.265366597
7.14827504194 0 19.7052673707 21.6149317772 86.6468664166 -100.374490076
7.14894542921 0 19.7307654578 21.582553276 86.6233300076 -100.390858045
7.15089746052 0 19.7530123808 21.4408373428 86.5497847298 -100.43391554
7.15337174947 0 19.7941364648 21.2715448215 86.4458334913 -100.478632591
7.15412018753 0 19.8239082215 21.2183595266 86.4120255265 -100.489984544
7.15653380369 0 19.8577888802 21.0620036464 86.2955152462 -100.51970439
7.16143587805 0 19.9273737349 20.7498773686 86.0236998441 -100.547643286
7.16163712937 0 19.9453442568 20.7188175772 86.0115328067 -100.547860483
7.16284234012 0 19.964549158 20.644733711 85.9370059388 -100.547625021
7.16612867589 0 20.0230346774 20.4254101946 85.719302837 -100.533597347
7.16835379825 0 20.0619439314 20.2779892997 85.5598670555 -100.512969092
7.17693835609 0 20.1961244672 19.7094486007 84.8537940774 -100.349061444
7.18262511448 0 20.2853007345 19.3338331055 84.3066517414 -100.166686773
7.18343187112 0 20.2951116114 19.2804952649 84.2239169327 -100.136050666
7.19005972205 0 20.3771467651 18.8570783785 83.4962437793 -99.8395885166
7.19145700301 0 20.4100231223 18.7533562316 83.3319430234 -99.7669075276
7.19210155852 0 20.4210527349 18.7095807997 83.2548767876 -99.732186557
7.19498957198 0 20.4521880425 18.519491179 82.8996986614 -99.5673671972
7.19596962207 0 20.4733822226 18.4555837128 82.7755052108 -99.5080017363
7.20098187065 0 20.5392427518 18.1287922618 82.1114074764 -99.1772266332
7.20413204575 0 20.581834267 17.9171595118 81.669334652 -98.9461246271
7.20426747882 0 20.5850573428 17.9128302374 81.6499030636 -98.9357881078
7.20556355545 0 20.6012437327 17.828287669 81.4621729732 -98.8351992344
7.2065122314 0 20.5964537941 17.7796290594 81.3227299226 -98.7596569257
7.2068904737 0 20.6187917018 17.7418626485 81.2666548187 -98.729086712
7.21808485252 0 20.7467985301 17.0155797274 79.4843211211 -97.7083507755
7.21862762753 0 20.7569245435 16.9807196568 79.3919034472 -97.6531786618
7.21946238842 0 20.7647651449 16.9267970917 79.248694339 -97.5673061823
7.22002545274 0 20.7745913131 16.9070242857 79.1513615095 -97.508685383
7.22410426712 0 20.8031235983 16.6323355143 78.4286594739 -97.067287782
7.22578213943 0 20.8271843292 16.5156610656 78.1224094986 -96.8771913367
7.22734644227 0 20.8501648751 16.4159010821 77.8322074188 -96.6955022427
7.23552672977 0 20.9222229809 15.898159845 76.2416418572 -95.6756932235
7.23758618267 0 20.9355814117 15.7672825879 75.8220583855 -95.4006273064
7.23792044791 0 20.9382446659 15.7416504066 75.7532361537 -95.3552910137
7.23844563565 0 20.942412925 15.7128140571 75.6446991427 -95.2836708619
7.24026503907 0 20.9604011541 15.5978491474 75.2648710521 -95.0318865936
7.24047748468 0 20.9501925205 15.5838560174 75.2201336394 -95.0021156909
7.24061888825 0 20.9601635635 15.5753532163 75.1903117842 -94.9822572758
7.24169521136 0 20.9753994993 15.5240689448 74.962147424 -94.8299771278
7.24274766448 0 20.9695965426 15.4455418562 74.7370486954 -94.6791562406
7.24471670781 0 20.9976610916 15.3337103104 74.3106320715 -94.3919048879
7.24891719833 0 21.0231101263 15.0536755889 73.3781313564 -93.7571052963
7.25042600479 0 21.0251424685 14.9567020425 73.0356400987 -93.5218079538
7.25194174618 0 21.042253743 14.8647706105 72.687589746 -93.281575813
7.25429431104 0 21.0531088429 14.7196927328 72.1395159782 -92.9010963303
7.25442950225 0 21.0559789131 14.7073867184 72.1077310243 -92.878951243
7.25643588326 0 21.0643233761 14.5867430171 71.6323250044 -92.5467217348
7.25777491137 0 21.0676647278 14.4998556552 71.3112198392 -92.321282411
7.26413674192 0 21.0890592439 14.1238076242 69.7442079606 -91.2099088338
7.27170976401 0 21.1317577955 13.6442669169 67.7911811091 -89.8013304167
7.27393937955 0 21.1313329066 13.5182617566 67.1983687646 -89.3691611846
7.27525939975 0 21.1355213856 13.4386023077 66.8436355925 -89.1095981789
7.27595178044 0 21.1422604765 13.3937513317 66.6564565948 -88.9723555355
7.27904591871 0 21.1415308407 13.2059463098 65.8106857735 -88.3498752395
7.27946498183 0 21.1459183192 13.17872568 65.6949747643 -88.2644214925
7.28000747227 0 21.1447073017 13.1532894279 65.5447739051 -88.1533945501
7.28616190117 0 21.1607881452 12.7823582212 63.8087650965 -86.8621272369
7.28703214689 0 21.1614071694 12.7308489854 63.5585944149 -86.674880814
7.2876094327 0 21.1659637945 12.7132836286 63.3920066026 -86.5500380086
7.28818557813 0 21.1599131526 12.6581620133 63.2252446848 -86.4249411818
7.28834246546 0 21.1622798245 12.6534466317 63.1797476636 -86.3907901823
7.29004281973 0 21.1611925825 12.5531892414 62.6842708448 -86.0182915727
7.29261414035 0 21.1593966538 12.4021858366 61.9267863882 -85.446799096
7.2996385427 0 21.1549994598 11.9935493682 59.8079972136 -83.8360574572
7.30143458082 0 21.1550848913 11.8857800069 59.2548481209 -83.4127540786
7.30222161793 0 21.1492303784 11.8445484706 59.011014997 -83.2258086162
7.30232007495 0 21.1538977397 11.8348363965 58.9804504665 -83.202360079
7.30412243003 0 21.1406522923 11.7367151145 58.4185342026 -82.7706851484
7.30639142565 0 21.1358287437 11.6010821541 57.7047082673 -82.2207465169
7.30639365065 0 21.1359072283 11.6009589831 57.7040047942 -82.2202037077
7.30817875998 0 21.1230114713 11.5082382744 57.1374249898 -81.7824920625
7.31332592753 0 21.1108071087 11.208172833 55.4796406614 -80.495867853
7.31757575644 0 21.0848874084 10.9720242025 54.0844832673 -79.4065881211
7.3189182524 0 21.0753857689 10.8994422785 53.6389117395 -79.0575135643
7.32261287619 0 21.0666565504 10.6954685315 52.4008948869 -78.0847019732
7.32585131082 0 21.0340346371 10.5169707456 51.3017940707 -77.2175805518
7.3260903586 0 21.045034009 10.5044870641 51.2201552203 -77.153046209
7.32864340325 0 21.0255862276 10.3651400125 50.3439555671 -76.4593479927
7.3307605189 0 21.0081017812 10.2501905312 49.6114841676 -75.8779603319
7.33088511992 0 20.9921653737 10.2566918557 49.5682110103 -75.8435715175
7.33427332833 0 20.982087646 10.0609383319 48.3846113413 -74.9012200872
7.33471511953 0 20.9787478667 10.0372534669 48.2293105072 -74.7773259502
7.34025703518 0 20.9204649927 9.74655123554 46.2626411328 -73.2035734551
7.34210893077 0 20.9128140783 9.64443946383 45.5979629108 -72.6697304592
7.34322067227 0 20.8982898922 9.58139240124 45.1971796036 -72.3473726264
7.34639472452 0 20.8672489617 9.41994490454 44.0457985926 -71.4193888344
7.3479841407 0 20.8482704913 9.33282314591 43.4653409789 -70.9505031748
7.34915633716 0 20.8421145997 9.2932434534 43.0356157618 -70.6029314856
7.35122397455 0 20.8159783714 9.17014534008 42.2742877619 -69.9862349828
7.3532893794 0 20.7877318656 9.06406256145 41.5096041564 -69.3656595703
7.35864341218 0 20.727574422 8.78830730656 39.5085309755 -67.7363460685
7.36184194605 0 20.6769868201 8.62732380672 38.3005900837 -66.7491809763
7.36853021842 0 20.5841237431 8.30107087289 35.7462331439 -64.6530394467
7.36948689227 0 20.5741545783 8.25020774795 35.3778462226 -64.3497943316
7.37096225801 0 20.5440642258 8.17779134016 34.8083015515 -63.8805055838
7.37351240829 0 20.4946140236 8.05823317644 33.819862894 -63.0647595412
7.37449478615 0 20.4809617584 8.01586424069 33.4377749476 -62.7489901481
7.37578368878 0 20.4593390048 7.95394120537 32.9353792424 -62.3334279808
7.37817929689 0 20.432186385 7.85165320677 31.9983988664 -61.5572930665
7.38431777671 0 20.3115994125 7.54316050522 29.579363244 -59.5470295742
7.39272638736 0 20.156030681 7.1586412543 26.22707962 -56.7462825953
7.39327517605 0 20.1296352219 7.14697877866 26.0068730352 -56.5617155287
7.39774042614 0 20.0463241955 6.93034741896 24.2092304126 -55.0523563929
7.40199900997 0 19.9685591115 6.74035772429 22.485597741 -53.6007583214
7.40225958236 0 19.9550862281 6.7328273822 22.3798610144 -53.5115719733
7.40518726006 0 19.8892053963 6.60042165127 21.1898232514 -52.5067186382
7.41013754331 0 19.7777001066 6.3917173387 19.1697661137 -50.7964927129
7.41188259526 0 19.7364389758 6.31746523643 18.4555156697 -50.1904493933
7.41577619062 0 19.6408339625 6.1534710795 16.8582645254 -48.8326710657
7.41891270841 0 19.564458106 6.03961801015 15.5683343846 -47.7336331732
7.42161554137 0 19.4797319688 5.91147646898 14.4547262362 -46.7830414752
7.42498141557 0 19.4055930603 5.79187424797 13.0656578065 -45.5950169635
7.42597301612 0 19.3719663707 5.73083172945 12.6560089835 -45.2441739785
7.42669605233 0 19.3608917214 5.70237870131 12.3571996783 -44.988120832
7.42998959695 0 19.2624828363 5.57523024659 10.995034925 -43.8193914481
7.43328239619 0 19.1636500136 5.44337290364 9.63177629578 -42.6473131406
7.437517718 0 19.0540316457 5.27829469522 7.8769048585 -41.1350121335
7.43782362257 0 19.0390201355 5.27058281644 7.75011589509 -41.025595521
7.43864543776 0 19.0129840359 5.23912021126 7.40947928189 -40.7315301152
7.43966310981 0 18.9686903777 5.21369540111 6.98763481956 -40.3671533711
7.44015025271 0 18.9747235982 5.19860351273 6.78569770009 -40.1926454303
7.44161915587 0 18.9245660451 5.12400351655 6.17677664713 -39.6661184909
7.44408331203 0 18.8471688103 5.03565652612 5.15532702827 -38.7818189335
7.45049373922 0 18.632652453 4.81218236573 2.49946232782 -36.4763288095
7.45434317836 0 18.5252209402 4.66100399644 0.906576712993 -35.0892718916
7.45816730424 0 18.3948580615 4.52614397057 -0.673580414434 -33.7101008827
7.45818182286 0 18.3949237454 4.52566176531 -0.679574499321 -33.7048631359
7.45902353194 0 18.3655074121 4.49629099235 -1.02700572109 -33.4011925374
7.46312419493 0 18.2312432487 4.37174783118 -2.71739141567 -31.9215131209
7.46701809375 0 18.0941742996 4.24023261487 -4.31856864693 -30.5165359218
7.46763431756 0 18.0582581032 4.20749413522 -4.57155935813 -30.294242793
7.46818432411 0 18.0486691459 4.1847885022 -4.79726560313 -30.0958535811
7.46876552442 0 18.0323001807 4.18206037687 -5.03566916681 -29.8862321559
7.46930718259 0 18.0052683822 4.14297274241 -5.25775498917 -29.6908921713
7.47168286344 0 17.9234752427 4.0695143647 -6.23064788315 -28.8344097987
7.47450897024 0 17.8152929193 3.9732073118 -7.38537043153 -27.816252359
7.47527355694 0 17.7854478532 3.95450662252 -7.6972510488 -27.5409572249
7.47572855839 0 17.7693220822 3.93996563891 -7.8827395022 -27.3771670737
7.47733117868 0 17.7147146938 3.88763904337 -8.53540086539 -26.8004932933
7.47837468311 0 17.6620798205 3.85398668235 -8.95978515616 -26.4252170766
7.48048117717 0 17.5891919487 3.78973071626 -9.81502549248 -25.6682159794
7.48628256342 0 17.3585203748 3.61457194861 -12.1595624488 -23.5879701085
7.48720393755 0 17.3297952941 3.58228020263 -12.5303525768 -23.2582976706
7.49306215669 0 17.092492991 3.4102647726 -14.8768698252 -21.1676177827
7.49494314446 0 17.0093718557 3.35885962357 -15.6260231608 -20.4985347369
7.49683373192 0 16.9230866332 3.31340949962 -16.3767730562 -19.8272339057
7.49975063074 0 16.8164621246 3.21778099506 -17.5305124895 -18.7940294152
7.50127317195 0 16.8056662389 3.16694080999 -18.1304550398 -18.2560098061
7.50243333306 0 16.8279860613 3.12182121685 -18.5865234624 -17.8466655391
7.50391924269 0 16.8444278574 3.0626718135 -19.169248677 -17.3231988314
7.5094283276 0 16.8626181193 2.88348325945 -21.3154445284 -15.3909176322
7.51173541276 0 16.8988551477 2.78576024466 -22.2072254086 -14.5859802168
7.52047566952 0 16.9563503133 2.48413622694 -25.5452396999 -11.5620177482
7.52601199721 0 16.9807817748 2.29949010778 -27.6241183138 -9.66960788822
7.52826578368 0 16.9913490516 2.22507673111 -28.4619934559 -8.90482659698
7.52906754795 0 16.9879535332 2.20257333543 -28.7588477059 -8.63357855374
7.5318477612 0 16.9981626533 2.11572628911 -29.7831932773 -7.69640556758
7.53555529659 0 17.0113132953 1.99468250497 -31.1367371989 -6.4551702134
7.53592246511 0 17.0054892132 2.00578767751 -31.2699893036 -6.33279375448
7.53922824127 0 17.0153071177 1.88575421328 -32.4631183466 -5.23556803437
7.54128109613 0 17.0228951106 1.81972036922 -33.1979531989 -4.55845362198
7.54160836626 0 17.0223755649 1.8087794287 -33.3146633127 -4.45081486685
7.54934914799 0 17.0200495957 1.60241410485 -36.0388988559 -1.93058497593
7.5542166101 0 17.0195316856 1.44322864633 -37.7149393641 -0.372344859506
7.55457069767 0 17.0076100825 1.43828537395 -37.8357099838 -0.259824854481
7.55901889133 0 17.019673238 1.30595484832 -39.3392014403 1.14372911589
7.56363758441 0 17.0011644775 1.20456833826 -40.8728616749 2.58094236586
7.56455777373 0 16.9888180581 1.16533838983 -41.1749907272 2.86475316769
7.5669750929 0 16.9946280595 1.09856351565 -41.9631546868 3.60622265099
7.57624419378 0 16.9463298144 0.865201186009 -44.9090366138 6.39236606669
7.5768241938 0 16.9608274938 0.8443782904 -45.0892388591 6.56359843285
7.58234604605 0 16.9316668864 0.70926487178 -46.779687705 8.17474905642
7.58801320409 0 16.8930852916 0.578942357393 -48.4661788848 9.79140000176
7.58813791429 0 16.8941150576 0.57760626519 -48.5027277607 9.82654419168
7.59210526915 0 16.8664725345 0.488297945746 -49.652547713 10.9346614676
7.59583210749 0 16.8379703061 0.403780692165 -50.7095726298 11.9577992797
7.59633562577 0 16.8310673193 0.398328991004 -50.8506438931 12.0946862054
7.59709373051 0 16.8329351078 0.373828719951 -51.0622555096 12.3001750664
7.60589459951 0 16.7507566572 0.19700108674 -53.448476273 14.6309603556
7.61506200767 0 16.6666877672 0.0120024593133 -55.79227883 16.94782204
7.61568722972 0 16.6472904812 0.00317156354997 -55.9467148067 17.1015710902
7.61871764469 0 16.6152103301 -0.0538966509187 -56.6852932661 17.838907385
7.61895308587 0 16.6256651485 -0.0614341910333 -56.7419803679 17.8956429636
7.62101130766 0 16.6075370628 -0.102918711758 -57.2332413194 18.3882186709
7.62392466625 0 16.5571104694 -0.148887596962 -57.9153406771 19.0749148339
7.62712209526 0 16.5280849112 -0.204782414548 -58.6458731598 19.8141871063
7.63255017015 0 16.4631786407 -0.283487673716 -59.8421538839 21.0341696807
7.63702408533 0 16.4144266726 -0.380877920362 -60.7860082916 22.0059558422
7.6424434553 0 16.3154286095 -0.446949455279 -61.8775038824 23.141453365
7.64716871465 0 16.2695415832 -0.532135453419 -62.7822088798 24.0936142687
7.64773272643 0 16.2585881159 -0.522782446903 -62.8872420146 24.2048772416
7.64915281625 0 16.2470398863 -0.567651529531 -63.1488924203 24.4827471979
7.65282109495 0 16.1868587832 -0.614048817772 -63.8060925182 25.1853792407
7.6545352235 0 16.1614220312 -0.638382049967 -64.1039080004 25.5061702963
7.65532441157 0 16.1504927537 -0.650202755171 -64.2390250966 25.6522389745
7.66164376812 0 16.0556802812 -0.73970205539 -65.275233768 26.7846251993
7.66356117934 0 16.0220677205 -0.760387507203 -65.5734557943 27.115007384
7.66703316127 0 15.965836708 -0.804394205555 -66.0941375611 27.6974439352
7.66724135175 0 15.9492973409 -0.803722164895 -66.1245649033 27.7317182407
7.66820912253 0 15.9518271127 -0.824613465447 -66.2648227201 27.8900722162
7.66989745543 0 15.9215383628 -0.84378846631 -66.5048399179 28.1625002731
7.67063790955 0 15.9056275138 -0.851402480583 -66.608227558 28.2804393735
7.67119104129 0 15.9000430742 -0.85949377006 -66.6847117762 28.3679277482
7.67184160066 0 15.8855945042 -0.862676444126 -66.7738481491 28.4701530676
7.67701765685 0 15.7977026162 -0.92323575119 -67.4513659594 29.2574437628
7.68058496272 0 15.7144584469 -0.948955430642 -67.8853819205 29.7729228903
7.68086779419 0 15.7311837041 -0.966703871662 -67.9186379062 29.812839794
7.68172886732 0 15.7104636682 -0.971556228368 -68.0188381447 29.9335015799
7.68525242793 0 15.6524790571 -1.01308844402 -68.412410767 30.4136622787
7.69286471544 0 15.5164006749 -1.09404516497 -69.1719673761 31.3758891199
7.6941372656 0 15.4930355511 -1.10657243991 -69.2867875936 31.5266598745
7.69457835628 0 15.4846847462 -1.1106905604 -69.3257713729 31.5782425888
7.70188122943 0 15.339296842 -1.15485718234 -69.9100573382 32.3813822118
7.71030293666 0 15.1735283478 -1.23974866638 -70.4401331516 33.1876522161
7.71105040498 0 15.1665667199 -1.25382959308 -70.4797187556 33.2529715814
7.7143763501 0 15.0759034886 -1.26117323004 -70.6410864314 33.5312368658
7.71666401456 0 15.0375999704 -1.28903286437 -70.7380679181 33.7108810256
7.72911905957 0 14.7738913767 -1.36364292539 -71.0656194899 34.5203359419
7.72973186147 0 14.7806922515 -1.38345899266 -71.0729957899 34.5527946468
7.73005086744 0 14.7721497327 -1.36551778427 -71.0765115414 34.5694178981
7.73373752378 0 14.6987087411 -1.40663831094 -71.1010480184 34.7479257192
7.73646218158 0 14.639504709 -1.42123512574 -71.1001616069 34.8637629434
7.74077153888 0 14.548084988 -1.44551972869 -71.0658146522 35.0190601706
7.74137709731 0 14.5392395733 -1.45386339262 -71.05775836 35.0381434462
7.75416580828 0 14.2591027086 -1.51185621143 -70.7025939783 35.2838466776
7.75911144021 0 14.1380501346 -1.53008309785 -70.4710815123 35.2986016384
7.7608681044 0 14.1159040971 -1.54493334487 -70.3763055337 35.2931218405
7.76097981022 0 14.1143133679 -1.54427127724 -70.3700570793 35.2925837505
7.76364737159 0 14.0516105181 -1.55162055144 -70.2129852864 35.2730084282
7.76456155099 0 14.030813424 -1.55458515106 -70.1556926675 35.2633335364
7.76665281417 0 13.9799580432 -1.55856326085 -70.0180017526 35.2355197434
7.76849543414 0 13.9433326623 -1.56859016572 -69.8890564854 35.2044732105
7.77145333796 0 13.8786750737 -1.57959441225 -69.667185583 35.1418625512
7.77616176392 0 13.7777203411 -1.59777069365 -69.2764030214 35.0098740389
7.77824819147 0 13.7257648115 -1.60279137923 -69.0885597947 34.9387538635
7.77841056354 0 13.7234894285 -1.60133765658 -69.0735650258 34.932894937
7.78328193084 0 13.5936210112 -1.60101571833 -68.5985651757 34.7354419232
7.78897620073 0 13.4840680358 -1.61170769728 -67.9821511976 34.4518019371
7.7929503636 0 13.4017155066 -1.64344876779 -67.5133327158 34.2204317692
7.79323467781 0 13.3711913367 -1.62572264414 -67.4785870455 34.2028342171
7.79340255885 0 13.3871791342 -1.64217312923 -67.4579952008 34.1923779525
7.79414271542 0 13.3712171795 -1.6445330854 -67.366543465 34.1457005298
7.79424585072 0 13.3727864621 -1.64636636568 -67.3537142319 34.1391216827
7.79526642731 0 13.3416379218 -1.64005630061 -67.2256288568 34.0730371319
7.79533280367 0 13.3448899361 -1.64407313298 -67.2172271963 34.0686773058
7.80011512393 0 13.2377287742 -1.65362644186 -66.5891356592 33.7347877077
7.80702441544 0 13.0837532322 -1.66626302231 -65.6033326932 33.1842257396
7.81816157587 0 12.8415534195 -1.68816765074 -63.8241954875 32.1308283621
7.81886508826 0 12.8199346132 -1.68608729502 -63.7041079956 32.057544723
7.81980828151 0 12.8032933114 -1.68914456684 -63.5416950364 31.958054967
7.8281165523 0 12.6223078179 -1.69946578715 -62.042099693 31.0211109771
7.83682994775 0 12.4310334076 -1.70468739573 -60.3397961638 29.9243157227
7.83786265385 0 12.4034688614 -1.70132709245 -60.1294928083 29.7867710219
7.84650066456 0 12.2180341304 -1.70743072908 -58.301676425 28.5753392241
7.84859211514 0 12.1744147019 -1.70944677329 -57.8410470158 28.2659658657
7.84929744042 0 12.1622287144 -1.71384729507 -57.684148678 28.1602478258
7.85296953009 0 12.0810584642 -1.71129056341 -56.8547923991 27.5987047763
7.8537146223 0 12.0699534134 -1.7153318408 -56.6839761756 27.4825022565
7.85857508879 0 11.9637414242 -1.71420085589 -55.5491158791 26.7060819494
7.8655143963 0 11.8199133379 -1.71694102117 -53.8687293669 25.5436650163
7.86955280731 0 11.7366385125 -1.72114448727 -52.8594294889 24.8389504918
7.87059842771 0 11.7212253174 -1.72430942658 -52.594450347 24.6531910962
7.87759937259 0 11.5702226879 -1.71709570333 -50.7827840189 23.3755015891
7.88166987202 0 11.4940565278 -1.72542462536 -49.7004296327 22.6062836353
7.88458417348 0 11.4372889349 -1.72347067269 -48.91293026 22.044089132
7.89164640071 0 11.3002461613 -1.72879640928 -46.9629065551 20.6435694265
7.89279327848 0 11.2792249488 -1.72665493159 -46.6408623676 20.4111982228
7.89458275319 0 11.2445247623 -1.72673708775 -46.1354827201 20.045960953
7.89595406 0 11.1979470146 -1.7134795285 -45.7458509172 19.7639025134
7.90075309565 0 11.1287297092 -1.73239504393 -44.3667044752 18.7623686791
7.90726021532 0 11.0094905589 -1.73542478443 -42.4598392904 17.37005201
7.90859485436 0 10.9826463075 -1.71521595657 -42.0637606495 17.0798250075
7.91938605904 0 10.7954767536 -1.74281627261 -38.8041839974 14.6792167867
7.92098545381 0 10.7686473164 -1.74118288892 -38.3130026659 14.3157222208
7.9242729319 0 10.711721972 -1.74579827095 -37.2974009262 13.5627925891
7.92481480672 0 10.6990506043 -1.74028362085 -37.1292485022 13.4379606668
7.92707197316 0 10.6657373796 -1.74576081763 -36.4266113636 12.9158345838
7.92945513115 0 10.6298531223 -1.75244592464 -35.6810249186 12.360921129
7.94041165429 0 10.4465218294 -1.75547643011 -32.2089659482 9.76582254936
7.94113678833 0 10.4434097035 -1.76470598751 -31.9768774716 9.59175235482
7.94634085842 0 10.3637839673 -1.77113689777 -30.3040549899 8.3350502292
7.94937952263 0 10.3183033372 -1.77520289916 -29.3219650284 7.59564480841
7.95488643031 0 10.2135584628 -1.76475023036 -27.5336215219 6.24634616869
7.9569395681 0 10.2055195081 -1.78227515227 -26.8644433758 5.74054680737
7.95943952846 0 10.1747175781 -1.78987821939 -26.0481158076 5.12288696677
7.95972220725 0 10.1628877394 -1.76863658598 -25.9557149963 5.05293040458
7.96576664187 0 10.0829719675 -1.80036154598 -23.9760606399 3.55211711454
7.96795352167 0 10.0513409015 -1.78386971416 -23.2583557695 3.00709733199
7.97050668197 0 10.0208907733 -1.81009287268 -22.4197647561 2.36969325484
7.98105141453 0 9.88852838792 -1.83304925848 -18.9535801462 -0.271101540194
7.9839906681 0 9.85156051886 -1.82028413287 -17.9881308363 -1.00828183336
7.98422709915 0 9.85253557539 -1.83933002806 -17.9105090442 -1.06757945703
7.98738199302 0 9.79478888818 -1.83332694312 -16.8754422347 -1.85869023471
7.99024715265 0 9.77886329128 -1.85148766669 -15.9368252928 -2.57669140013
7.99233228899 0 9.75907606299 -1.86310620137 -15.2547744884 -3.09877584629
7.99310743691 0 9.73921729527 -1.86047018108 -15.0014747603 -3.29273870294
7.99311212621 0 9.73910579215 -1.86043352795 -14.9999428497 -3.29391187044
8.00758668596 0 9.47290201109 -1.83706255092 -10.3042523942 -6.89584169954
8.01346429999 0 9.31833177765 -1.78875514052 -8.4220614014 -8.34243058915
8.01414104094 0 9.30871050837 -1.80573382934 -8.20648060465 -8.50820292316
8.02137655041 0 9.12906648 -1.77289855933 -5.91803420728 -10.2688270507
8.02308094201 0 9.07951411786 -1.76041318555 -5.38369988249 -10.6801279546
8.02349108137 0 9.07345733246 -1.7605210225 -5.25540764841 -10.7788902921
8.03736673317 0 8.73591183451 -1.69497617063 -0.988354185898 -14.0653307268
8.03749185435 0 8.73132412923 -1.68946626989 -0.950582781519 -14.09442995
8.03767321528 0 8.73450947137 -1.69721346368 -0.895858014336 -14.1365901778
8.0394581333 0 8.68364976484 -1.66515382251 -0.35881350677 -14.5503348138
8.04956503225 0 8.46573856984 -1.65076128184 2.62591270922 -16.8495525483
8.05407197143 0 8.36386114112 -1.63022702521 3.92363927373 -17.848831073
8.05689959434 0 8.29859794013 -1.62122917278 4.72655156984 -18.4668763415
8.05705962895 0 8.29923020761 -1.62025584402 4.77172613396 -18.5016437634
8.07593673657 0 7.90770650576 -1.56747525432 9.88215435392 -22.4283900012
8.07804587482 0 7.85372069776 -1.55682982694 10.424286466 -22.8439073538
8.08398253686 0 7.75732375075 -1.54955093596 11.9164500879 -23.9860702721
8.08710281851 0 7.69079761897 -1.52326211741 12.6800980313 -24.569607988
8.08770585527 0 7.69011173909 -1.54525792055 12.8260016861 -24.681013377
8.09051420554 0 7.61649621557 -1.52474553664 13.4981795074 -25.1938703342
8.09659469335 0 7.50727260143 -1.5156980574 14.9113880562 -26.2697803025
8.10107991908 0 7.44405441821 -1.52387238092 15.915673927 -27.0320983091
8.10335073389 0 7.40328435755 -1.51651675275 16.4114149719 -27.4075855517
8.12326719319 0 7.08048026763 -1.50600268274 20.3723377857 -30.3807413615
8.12744234604 0 7.00609023491 -1.5053106334 21.1101406478 -30.927138512
8.12827902028 0 7.00270567334 -1.49019825811 21.2539673188 -31.0332770356
8.13633128469 0 6.89298011926 -1.51363512734 22.5680870052 -31.9962103903
8.15911590583 0 6.58831986385 -1.5396877365 25.5679958193 -34.1180236765
8.1610042856 0 6.56469325449 -1.54008881888 25.7670677107 -34.2521247452
8.17280564526 0 6.4239822903 -1.56137896455 26.8328839012 -34.9393549458
8.17539509969 0 6.3942647601 -1.56681568361 27.0250536754 -35.0548112879
8.17963417048 0 6.34628025911 -1.57637183694 27.3067964118 -35.2159229593
8.18859467046 0 6.24961734857 -1.60085334008 27.7667262055 -35.4411232022
8.19348386201 0 6.19301350846 -1.60694359999 27.9392315954 -35.4971483942
8.20458671653 0 6.07185748165 -1.63878875113 28.1228923659 -35.4466179932
8.20778943607 0 6.05248246981 -1.64973764273 28.1218151177 -35.3857778654
8.22620898517 0 5.88526794413 -1.6972372864 27.642547882 -34.629728614
8.23740212643 0 5.780902819 -1.74713599436 26.957137159 -33.8308436546
8.24368028622 0 5.75363848388 -1.78973834405 26.4428083552 -33.2705212718
8.24402611998 0 5.73087791739 -1.78130411726 26.4117765616 -33.2373189229
8.24490301032 0 5.7408581473 -1.79279625179 26.3318324349 -33.152039861
8.24809514455 0 5.71050351731 -1.79868995675 26.0255695781 -32.8283907753
8.25216585477 0 5.66608139275 -1.80679556644 25.6004366358 -32.3856778175
8.25755551743 0 5.64846156559 -1.84712800024 24.9782859389 -31.7480583186
8.25769876645 0 5.64428534963 -1.84322828274 24.9608335383 -31.7303147669
8.25824675196 0 5.64182284521 -1.84958492657 24.8936345376 -31.6620589077
8.26790208093 0 5.566510732 -1.88754938328 23.5968465364 -30.3612503851
8.29514675429 0 5.36871412886 -2.00228557929 18.8220628105 -25.7158066002
8.30368137353 0 5.33031647911 -2.04547857984 17.0035122038 -23.9770459406
8.30503420789 0 5.32289155132 -2.05561147369 16.7017981654 -23.689561919
8.30578377156 0 5.31647717219 -2.05490397915 16.5330690535 -23.5288986177
8.30672456258 0 5.31069299877 -2.05895128682 16.3197289872 -23.3258636673
8.3164582072 0 5.24384836971 -2.10230322653 14.0122032644 -21.1364474106
8.31890220931 0 5.2338514306 -2.11651791561 13.4047741632 -20.5618399375
8.32183450188 0 5.2135979653 -2.12514622395 12.6615690292 -19.8596120328
8.32309337685 0 5.20539485151 -2.13063028088 12.3377418888 -19.5538999708
8.33271657413 0 5.14419227336 -2.17129403741 9.77072121139 -17.1352322307
8.33723804313 0 5.11077748073 -2.1906173116 8.51069081876 -15.9505847454
8.3411113059 0 5.0898935796 -2.20854335563 7.40514581847 -14.9122876035
8.35109652382 0 5.02506843404 -2.24802022655 4.44951468837 -12.1404223513
8.3779342772 0 4.84398151343 -2.34323467913 -4.14952670213 -4.09341610848
8.38032437973 0 4.82737318691 -2.34815195157 -4.9544377914 -3.34062498343
8.38196183895 0 4.81850373874 -2.35574342173 -5.50900665372 -2.82195387409
8.38321391557 0 4.81008977657 -2.3615560446 -5.93471398196 -2.4237914976
8.39185483505 0 4.74071681591 -2.38255428942 -8.90891201778 0.35849179352
8.39220787089 0 4.72522947735 -2.37777278116 -9.03167677036 0.473362875077
8.39640902818 0 4.71152320114 -2.39422109294 -10.4993531379 1.84690225557
8.39855748072 0 4.695466955 -2.3997626528 -11.2544571359 2.55376377774
8.39929399893 0 4.69249676941 -2.40418850012 -11.5139773074 2.79673704168
8.40631490893 0 4.65769160641 -2.41266425545 -14.0030968486 5.12815177905
8.40760764671 0 4.65208294225 -2.41437004088 -14.4641048349 5.56017396893
8.4145358577 0 4.62120423843 -2.42240048145 -16.9462707448 7.8876842544
8.42127545145 0 4.59039688855 -2.43079727557 -19.3748738567 10.1676195446
8.43930966614 0 4.49837980561 -2.43496782696 -25.8936491125 16.3040947297
8.44185529943 0 4.48455201183 -2.43478483237 -26.8112395016 17.1702433626
8.44702552049 0 4.45579983326 -2.43344114056 -28.6693130593 18.9262658154
8.45253241674 0 4.42062463092 -2.43089020489 -30.6374050083 20.7896249033
8.468534002 0 4.32224099464 -2.41436164094 -36.2588439955 26.1344852953
8.47051910411 0 4.31293850911 -2.41105694756 -36.9430785786 26.787701433
8.49148173479 0 4.16848018361 -2.3700880072 -43.9229657393 33.4935695649
8.49904602128 0 4.11142029102 -2.34633155894 -46.3073088462 35.8062209923
8.52347184461 0 3.90639174779 -2.23593063266 -53.3694796201 42.7547067981
8.52449750573 0 3.90967882507 -2.25619518447 -53.6416476848 43.0264255856
8.53187809546 0 3.84520956494 -2.22027422766 -55.5350259426 44.9277342459
8.53568510486 0 3.80920643838 -2.20154774993 -56.4651524908 45.8698322568
8.54787178523 0 3.70134688909 -2.13835968512 -59.2143172138 48.6952308515
8.55159205849 0 3.64329691786 -2.09938463448 -59.9803824111 49.4965343821
8.56668345395 0 3.51808456112 -2.01770830836 -62.7086256863 52.4283771675
8.581549828 0 3.36133515695 -1.89232293786 -64.7555028719 54.7760473204
8.58897088444 0 3.29455116737 -1.85852222144 -65.5216011098 55.7314246026
8.6045532096 0 3.11562857859 -1.72291259905 -66.5406098144 57.2362733349
8.61452633513 0 3.01027710485 -1.63523016033 -66.7537544742 57.8251037052
8.61476126691 0 3.02394561721 -1.63863893091 -66.7545103078 57.8353303887
8.61730243171 0 2.99693164159 -1.61559788716 -66.7499608471 57.9350649675
8.6181511417 0 2.98230586945 -1.60324978929 -66.7432319811 57.9639179858
8.61837589094 0 2.9771509464 -1.58533292532 -66.7410116092 57.9711833916
8.62454966683 0 2.91627026663 -1.5485045526 -66.607705118 58.1088415938
8.63124241929 0 2.84840985093 -1.48400503362 -66.3036246286 58.1212990236
8.63587024815 0 2.80200269451 -1.44102958633 -65.9948267352 58.0453403055
8.68427984005 0 2.27850323866 -0.913075188835 -57.7685181668 52.9433510954
8.6924781453 0 2.20550937815 -0.803568802713 -55.4571400026 51.2840766813
8.69314928705 0 2.20736229836 -0.816178549476 -55.2561464393 51.1379999226
8.7043591391 0 2.10370371113 -0.686813884248 -51.6372359215 48.4700688866
8.70952537052 0 2.0567263855 -0.627292741164 -49.8043766835 47.096541573
8.71750379275 0 1.98181074225 -0.527240298664 -46.7721097867 44.7990148069
8.77248256196 0 1.5832895603 0.140894649004 -19.6723567596 23.5070805063
8.78482983887 0 1.50540991946 0.294506360825 -12.2680362104 17.5545069136
8.79055990344 0 1.50060761781 0.352573554364 -8.6947485293 14.6686828958
8.79975278579 0 1.46323265301 0.464726914432 -2.79699413478 9.88935935525
8.80306351072 0 1.42267789407 0.513493608346 -0.626748292908 8.12601667253
8.80448013957 0 1.3999305104 0.541893289534 0.308899239528 7.36507171151
8.80974082267 0 1.34237658471 0.618078562835 3.81847052546 4.50708827785
8.8220000553 0 1.20593725553 0.799401238722 12.189473566 -2.3315769663
8.82221152843 0 1.20337160956 0.805139594827 12.3359800444 -2.45151938903
8.82575122803 0 1.1636582643 0.860152903599 14.7976380196 -4.4680661318
8.8512049328 0 0.933286970936 1.2244492889 32.8902107152 -19.3532633159
8.85928030069 0 0.873236598052 1.33548614455 38.7095692754 -24.1621837015
8.86315963313 0 0.825611964677 1.40560717948 41.5070871086 -26.4772305495
8.90327632266 0 0.656707877439 1.90459905752 69.8447509795 -50.0332654261
8.91717964312 0 0.639786113602 2.05741072004 79.0827438688 -57.7493910315
8.92813410297 0 0.617514950305 2.18714952802 86.0100320027 -63.5461672515
8.93051540875 0 0.639603529719 2.19517049878 87.467913384 -64.7672548578
8.94343804985 0 0.650500685159 2.32582592465 95.0381791222 -71.1140689678
8.95124871677 0 0.667524299263 2.3991024504 99.3038020446 -74.6947465559
8.95237346046 0 0.672297015788 2.4108325051 99.8970284085 -75.192964388
8.962447395 0 0.696496742023 2.51994781078 104.956930738 -79.4449050344
8.96300399239 0 0.707573975819 2.50115547103 105.22264479 -79.668307524
8.96453251156 0 0.711884824309 2.51771245792 105.944572514 -80.2753356087
8.97790399736 0 0.770170555125 2.62658772707 111.749720339 -85.1595426732
8.99285194124 0 0.852660566441 2.73567586238 117.056645753 -89.6286586581
9.01829157671 0 1.01692391029 2.91345707501 122.806476352 -94.4705989186
9.01931477335 0 1.03868876684 2.90708670127 122.943370706 -94.5856171125
9.03126291502 0 1.14501987007 2.97277375014 123.963043044 -95.4383946042
9.04750654205 0 1.29455466831 3.05033985123 123.560431819 -95.0799367746
9.05327055626 0 1.34736104383 3.08072358958 122.898838424 -94.5118058569
9.05781063406 0 1.37742165279 3.10558409421 122.180449599 -93.896400229
9.07179994417 0 1.53410736862 3.15517675741 118.847644285 -91.0464575239
9.11301847394 0 1.94688465342 3.31210030343 98.8060025895 -73.9177583724
9.16238415598 0 2.40225291009 3.47472490366 54.4800490558 -35.9791344667
9.19200072423 0 2.59270398624 3.59843842054 18.0771120793 -4.77554484019
9.24439981064 0 3.56603206804 3.47065577073 -59.8842432766 62.1471090602
9.26519543357 0 3.91793021768 3.42948955936 -93.6623795998 91.1725218
9.29362666141 0 4.30028917813 3.41503326175 -140.122019889 131.115160296
9.31013140547 0 4.47830234566 3.42710671287 -166.293501867 153.621830203
9.31440289853 0 4.50998618482 3.43772025048 -172.879926263 159.286219563
9.36032996494 0 4.77069130647 3.58165128027 -235.418901596 213.052415272
9.37328741115 0 4.79071936644 3.64702358036 -249.225429689 224.905585689
9.42646531057 0 4.82074646837 3.93310181084 -279.482398765 250.676030008
9.43037753694 0 4.79819990029 3.96855160508 -279.719712286 250.846902194
9.46543958503 0 4.81088393655 4.13843062536 -267.674644391 240.065760067
9.47390028938 0 4.82515620878 4.16890023006 -260.766616661 233.984882665
9.53497468774 0 5.1627292846 4.24248431593 -163.926509488 149.164480321
9.53674003014 0 5.18971306514 4.23388161203 -159.966837021 145.699996678
9.6735817772 0 6.96260422926 3.50582032847 212.758127584 -181.363299677
9.76812303334 0 8.98986695308 2.11411783803 173.904365019 -151.721181595
9.80923185357 0 9.99508919044 1.24867164046 -44.4194062514 35.4779037051
9.97002895022 0 11.7559217491 -3.396061474 -828.827469098 679.961384823
