3.50845818264 0 6.48820604874 -2.25249406291 1142.9921964 -1074.82869825
4.11766386006 0 -3.77060619361 -10.8573896604 -390.995403442 341.943541946
4.13860024073 0 -4.4541118001 -10.6831367913 -341.994602464 298.502313505
4.20101805417 0 -6.51426657566 -9.87023649296 -194.936200148 168.161439886
4.35885421251 0 -10.9240043914 -6.64498239508 27.2182880791 -23.3851167397
4.49119638692 0 -13.0379196016 -3.65691317724 33.388732245 -19.2900818468
4.53480244734 0 -13.4040075356 -2.72791749843 18.3703016873 -2.76185648614
4.62946790082 0 -13.7149783986 -0.868995752429 -16.0406138754 33.6271278537
4.65809480609 0 -13.6547406197 -0.398127511635 -23.9672428915 42.0205718547
4.73600677752 0 -13.4549752427 0.971795316154 -35.5327823235 54.9003499986
4.75066810156 0 -13.419592304 1.24854892871 -35.9899309264 55.625809358
4.88461754938 0 -13.2658016499 4.12282419978 -20.0475059972 42.3555425576
4.89005956816 0 -13.2683426219 4.25314391264 -18.8726965897 41.2886418324
4.92318851484 0 -13.2908098195 5.06571011615 -11.3506754272 34.4010443898
4.92697356766 0 -13.2879913888 5.15322250073 -10.464777354 33.5845854027
4.93335217978 0 -13.2913025662 5.31838649195 -8.96603903136 32.201183709
4.97252362487 0 -13.3585720243 6.33061786671 0.206334976116 23.6829534547
4.97849334194 0 -13.3668804266 6.48487413694 1.57081033646 22.4088419482
5.0004609312 0 -13.403967464 7.06359029613 6.43791461103 17.8499932867
5.00207291637 0 -13.3997044096 7.09663622332 6.7836045181 17.5253484642
5.00224087563 0 -13.386989855 7.09488014609 6.81952164313 17.4916113043
5.00880421058 0 -13.3701952108 7.22117966168 8.2074541632 16.186952327
5.02030068085 0 -13.3277265197 7.44541887092 10.5596562647 13.9714292651
5.10233523256 0 -12.9632918242 9.01384606185 23.5244601872 1.61541084572
5.13261181541 0 -12.8124480137 9.57809606767 26.2948839219 -1.09869826614
5.14531562757 0 -12.7364019246 9.80608026339 27.1107539336 -1.91748978714
5.14547276262 0 -12.738263235 9.81260541206 27.1195659095 -1.92643398175
5.14646842365 0 -12.7300128866 9.8280475797 27.1746773418 -1.98243727839
5.14705321483 0 -12.7256954008 9.83712672203 27.2064636096 -2.0147908692
5.16764432897 0 -12.5935215486 10.2018074396 28.0531946607 -2.90167882821
5.17054479139 0 -12.5726924004 10.2506593719 28.1304110969 -2.98764304235
5.17310382928 0 -12.5475239907 10.2866495014 28.1900563491 -3.05562533226
5.1827644859 0 -12.4839143733 10.4574302045 28.3444027667 -3.24659590507
5.18651357957 0 -12.4512618437 10.5170640976 28.3745561522 -3.2931188281
5.20630046593 0 -12.2901687677 10.8166082945 28.2673841862 -3.29155374519
5.21611995604 0 -12.2071426135 10.9895462967 28.0545983906 -3.14265743523
5.22131582089 0 -12.1593166258 11.0680196492 27.9012388422 -3.02603426276
5.22708634951 0 -12.1025229482 11.1513682779 27.6989470331 -2.86684200196
5.24117463086 0 -11.9635105083 11.3553029161 27.0699610685 -2.35282878326
5.24569846906 0 -11.9157056967 11.4180298309 26.8292483712 -2.15184254764
5.26931649223 0 -11.6436876764 11.720686655 25.294756413 -0.845151959126
5.27888515263 0 -11.5341901308 11.8450802376 24.55303296 -0.204696449821
5.27898415657 0 -11.5334406821 11.84699964 24.5450317011 -0.197767968465
5.28304275773 0 -11.4703642517 11.8899344458 24.2115238947 0.0913365402079
5.28855941745 0 -11.4115999411 11.9586370378 23.7415642742 0.499642182952
5.30493534258 0 -11.1905327318 12.1363448509 22.244356612 1.80562237877
5.32059786164 0 -10.9643076319 12.2913769829 20.6915711867 3.16523041833
5.349015657 0 -10.5117292773 12.5300042464 17.6630830565 5.82230023054
5.35123691464 0 -10.4781525796 12.5483988662 17.4186640575 6.0367411967
5.35608492655 0 -10.3965456084 12.5843143423 16.8827761175 6.50679450126
5.372033267 0 -10.1091464404 12.6811857899 15.1053093519 8.06417960766
5.38368274205 0 -9.89834804275 12.7531075719 13.8048730081 9.20101001447
5.4131786001 0 -9.47601647255 13.0253351904 10.5814972129 12.0027694107
5.4240126794 0 -9.38160828142 13.1812584008 9.44644687576 12.9812877417
5.43337375085 0 -9.30056033413 13.2989112771 8.49622690589 13.7958955843
5.4334329263 0 -9.29105539547 13.3154328433 8.49032069905 13.8009438417
5.44208278158 0 -9.20683159852 13.4294660376 7.64180904532 14.523996288
5.44813593147 0 -9.14557288138 13.5064849679 7.06667153529 15.0113165845
5.44866852461 0 -9.14688650906 13.5144492251 7.01684784619 15.0534142169
5.45152213502 0 -9.1172885429 13.5486173207 6.75212006617 15.2767502419
5.45399742617 0 -9.0935742294 13.5810268742 6.52558906312 15.467384552
5.47074965833 0 -8.90806624299 13.7741102633 5.07370925286 16.6766669211
5.47542117151 0 -8.85447078719 13.8091943907 4.69584331527 16.9870366107
5.47803163796 0 -8.82383307442 13.8372764875 4.49013767803 17.1550621748
5.47935367439 0 -8.79971364811 13.8674183151 4.38748017249 17.2386479343
5.49247741488 0 -8.64396064508 13.9972606489 3.42583373706 18.0114066197
5.49487454042 0 -8.61666526337 14.0240645489 3.26182512052 18.1410060549
5.49735887109 0 -8.58903923128 14.0518329576 3.09576732493 18.2714348819
5.52015758977 0 -8.29094470074 14.2552967311 1.7659428171 19.2758890127
5.53109189649 0 -8.14285072716 14.3462255523 1.25809510536 19.6287244094
5.53294933133 0 -8.11612073244 14.3601624515 1.1805048733 19.6800468913
5.53826715998 0 -8.03347743436 14.3993223111 0.972506130887 19.8129403477
5.54345341205 0 -7.96861726686 14.4216303818 0.790015781237 19.9223195129
5.55268096233 0 -7.83448938802 14.5042317432 0.515607291065 20.0669500361
5.55648162585 0 -7.77252335267 14.5287428891 0.421463145296 20.1077426559
5.56417935209 0 -7.66684690888 14.579446529 0.264777912442 20.1565260706
5.57089405207 0 -7.56690092218 14.6223829054 0.16541615968 20.1619038693
5.57860533404 0 -7.45624249235 14.6704689642 0.094300090987 20.1251984501
5.58010079371 0 -7.43170664736 14.678276732 0.0858296952974 20.1127679876
5.59588416793 0 -7.19133104743 14.7468689221 0.101472812458 19.8765516757
5.61476625897 0 -6.9014885625 14.858685123 0.369330948781 19.3442218058
5.61856459695 0 -6.8399741767 14.87514204 0.45537396572 19.2048007933
5.62879582984 0 -6.68010692383 14.9178612603 0.739464246215 18.776481763
5.63694841106 0 -6.55682377162 14.9559746852 1.01937406342 18.3810595275
5.64057197857 0 -6.50356314257 14.9724964597 1.15868252981 18.1902081493
5.64521105352 0 -6.42748078569 14.9884349665 1.35015845384 17.9325397486
5.65197496403 0 -6.32543055014 15.0173151052 1.65523938447 17.5304913025
5.65210332111 0 -6.32242554493 15.0171896647 1.66132125138 17.5225636618
5.65449798984 0 -6.28507568346 15.024967488 1.77675661009 17.3726521829
5.66870515674 0 -6.059013706 15.0785439372 2.53651828441 16.406594409
5.67436170547 0 -5.97267187515 15.0991376573 2.87335133575 15.9866843605
5.68133908254 0 -5.87577423111 15.1249580229 3.3144155479 15.4423051755
5.68426875172 0 -5.83206078455 15.1192351995 3.50775682157 15.2052879384
5.69249738398 0 -5.70575100017 15.1626666267 4.07551130112 14.5138501507
5.70236708933 0 -5.56373596639 15.2012886303 4.8020685002 13.6368115644
5.70262839873 0 -5.55793512083 15.2016374116 4.82194672574 13.6129154405
5.70773558214 0 -5.48847537609 15.2218292433 5.21680987829 13.1391555816
5.71059211805 0 -5.4445783764 15.2306498336 5.4427972618 12.8687256556
5.71258408614 0 -5.41402314398 15.237217734 5.60249520468 12.6778985158
5.71510529608 0 -5.38260410834 15.2481682168 5.80704443373 12.4337833264
5.72097310822 0 -5.29703614398 15.268162969 6.29319541093 11.854805579
5.75773698876 0 -4.80482795007 15.4096571297 9.60398664342 7.93561767887
5.77303615618 0 -4.61394834849 15.4727076083 11.0778877312 6.19287197214
5.77353262624 0 -4.6060821513 15.4727530229 11.1263068666 6.1355567076
5.78645516643 0 -4.45930586797 15.5356754678 12.3952098356 4.63109235663
5.78999685881 0 -4.41666247447 15.5493936913 12.7449852072 4.21537025572
5.79424475893 0 -4.37332909551 15.5738286127 13.1650248235 3.71542100158
5.79962443686 0 -4.31849886151 15.6025193592 13.697171712 3.08077536889
5.81239142168 0 -3.97440608144 15.4601898476 14.9562189833 1.57248198372
5.82221141375 0 -3.70777689465 15.346539923 15.9153384961 0.415693214287
5.82715431154 0 -3.58324747711 15.2958889997 16.3932334912 -0.163723997403
5.82810919585 0 -3.55669567319 15.2835472659 16.4850985107 -0.275360439215
5.83660420758 0 -3.33957225413 15.1942250494 17.2948266872 -1.26328372311
5.83889847158 0 -3.28226158346 15.1714043819 17.5109282133 -1.52822848776
5.83997446277 0 -3.24984492667 15.1562815004 17.6118614464 -1.65217513001
5.84255799949 0 -3.18610575264 15.1283216009 17.8530739274 -1.94892325199
5.84578116523 0 -3.10969839638 15.1004439189 18.1516436696 -2.31733308972
5.87021765579 0 -2.51187587413 14.8609721792 20.3122566285 -5.02796028342
5.87285381434 0 -2.46331908992 14.8412402103 20.5326251574 -5.30987483497
5.88465740399 0 -2.19266534233 14.7343811531 21.48349901 -6.54172217479
5.88506189407 0 -2.18706830059 14.736726058 21.5149867149 -6.58299577459
5.88740094725 0 -2.14102376091 14.7212090355 21.6955716645 -6.82037552262
5.88843824745 0 -2.11678866493 14.7098200301 21.7748269351 -6.92493000031
5.88857662734 0 -2.11439998152 14.710235734 21.7853609555 -6.9388442615
5.89357317821 0 -2.01046766065 14.6565672669 22.1594549677 -7.43581635434
5.90317929014 0 -1.80663222785 14.597607106 22.8428621859 -8.35999681367
5.91362573729 0 -1.59512483197 14.5232974744 23.528722055 -9.31449665206
5.92588509823 0 -1.36443930578 14.4509159351 24.251108821 -10.3612106203
5.92590836362 0 -1.36415652567 14.4509850066 24.2523906856 -10.3631172876
5.92809495155 0 -1.32384611085 14.4384185908 24.3713150419 -10.5409206118
5.92893808125 0 -1.30820909019 14.433373002 24.4163463411 -10.6087381912
5.9300393072 0 -1.28672449714 14.4246416923 24.4744654754 -10.6966884448
5.93539219837 0 -1.19099854978 14.3969438155 24.7455719031 -11.113920573
5.93818912513 0 -1.14092056919 14.3817021663 24.8795765486 -11.3250153823
5.94505327772 0 -1.02430132596 14.3499597161 25.1856044297 -11.8223761305
5.9538187212 0 -0.880785447484 14.2950468185 25.5277893401 -12.4132853289
5.95499998161 0 -0.85967537344 14.3058812339 25.5696279959 -12.4890173163
5.95894186699 0 -0.796087054944 14.2894623231 25.7017517678 -12.7348831391
5.9664583873 0 -0.679133820745 14.2602179809 25.9212040658 -13.1739315449
5.96703585265 0 -0.671415299177 14.2602770552 25.9362742367 -13.2060184333
5.97099924452 0 -0.612786662023 14.2481406304 26.0327187108 -13.4198138003
5.98085448516 0 -0.46391858334 14.2120941587 26.2188202081 -13.901894786
5.99294747249 0 -0.30584092532 14.1930130885 26.3398137025 -14.3940484105
5.99453200525 0 -0.289038624173 14.1922365593 26.3467206903 -14.4502254296
6.00868111516 0 -0.119837227107 14.1785668731 26.3146291557 -14.864444972
6.01172000683 0 -0.0855269678919 14.1771065547 26.2854822978 -14.9326123937
6.01648821948 0 -0.0332639341821 14.1759885122 26.2237040328 -15.0245352291
6.01945770707 0 -0.000939510602624 14.1750632352 26.1752799902 -15.0724443159
6.02179838995 0 0.0229455358456 14.1763641136 26.1317057849 -15.1051308217
6.02228389145 0 0.0253176824185 14.1613116657 26.1220698525 -15.1113485212
6.03069843299 0 0.118707964012 14.1728799785 25.9223201105 -15.1882828473
6.03400656269 0 0.155206492578 14.1785038193 25.8267801991 -15.2024903736
6.03877932725 0 0.198318314041 14.1844859151 25.6719678129 -15.206951287
6.03967290815 0 0.194367743424 14.1893809036 25.6407518585 -15.2056760909
6.05114676994 0 0.287910464313 14.2130074888 25.1773168059 -15.129957024
6.05354938966 0 0.307726171703 14.2160486905 25.0655607127 -15.1001311659
6.05627207157 0 0.327577345965 14.2241303272 24.9327638518 -15.0604776023
6.05853636204 0 0.343048492281 14.2313504905 24.8173495883 -15.0227623324
6.0598650766 0 0.352321820832 14.2352438956 24.7475214906 -14.9986276935
6.06083953468 0 0.357215711927 14.2221660321 24.6953234712 -14.9799863632
6.06126758939 0 0.360230869281 14.2233430053 24.6721302647 -14.9715459283
6.07226390155 0 0.43847679441 14.2712298638 24.021245559 -14.7021041089
6.07292000946 0 0.438181777029 14.2764285826 23.9790692307 -14.6828313092
6.07304846677 0 0.43995701036 14.2745950436 23.9707677873 -14.6790159084
6.07454409849 0 0.447483867711 14.2825460869 23.8730573569 -14.6335804216
6.07581334407 0 0.455054521949 14.287053389 23.7886121326 -14.5935602721
6.07735876339 0 0.47677518301 14.2872503876 23.6839058338 -14.5430220656
6.07752754465 0 0.465285615241 14.2930834577 23.67234511 -14.5373822935
6.07876171782 0 0.476061996093 14.2958175919 23.5870608547 -14.4954234756
6.08818112319 0 0.533132249213 14.3330934474 22.892956225 -14.1336495547
6.09311862159 0 0.543287146359 14.3616703775 22.4988480715 -13.9148495499
6.09534363579 0 0.552121966861 14.3736351712 22.314509702 -13.8097429342
6.09646834611 0 0.560564925234 14.3745652809 22.2197449906 -13.7550813538
6.09671418332 0 0.557370513717 14.3812051709 22.1988901301 -13.7429967984
6.10472577063 0 0.591875350032 14.4189110006 21.491685972 -13.3224761881
6.10737734434 0 0.605209937559 14.4297161512 21.2459428535 -13.1719660844
6.11198468865 0 0.609306950421 14.4503996385 20.8053008199 -12.897178877
6.11295685617 0 0.618134244934 14.466946207 20.710127594 -12.8370600189
6.12011860457 0 0.63280741321 14.5172228743 19.9857120251 -12.3714566302
6.12162569442 0 0.640363526227 14.521867015 19.8280960424 -12.2684238217
6.12179889849 0 0.637013097867 14.5277501025 19.8098676991 -12.2564709959
6.12203843387 0 0.6414193568 14.5244064399 19.784619823 -12.2399027786
6.1277184273 0 0.653803792059 14.5644867808 19.172861392 -11.8342282747
6.13047127286 0 0.653727542738 14.5871048984 18.8674391962 -11.6288556233
6.13542531242 0 0.674228621048 14.6165879492 18.303357165 -11.2450644906
6.1393445378 0 0.666976970192 14.6493762917 17.8441501581 -10.9286779028
6.14747205744 0 0.673162157835 14.713483117 16.856278703 -10.2373874061
6.14977420569 0 0.676351836649 14.7289454629 16.567923833 -10.0331132466
6.15262883984 0 0.672770262908 14.7577846368 16.2052461037 -9.7747241707
6.15277011735 0 0.674738931527 14.7556475309 16.1871510464 -9.76179109738
6.1540316405 0 0.670997121961 14.7535602519 16.0249674824 -9.64570318531
6.15616410917 0 0.674737691243 14.7851524297 15.7483524829 -9.44701506827
6.15876113061 0 0.674348008998 14.8072131804 15.4073461929 -9.20091818014
6.15928237438 0 0.674223115578 14.8106721636 15.3383620094 -9.15098326747
6.16232400481 0 0.673062104099 14.8371159075 14.9322491366 -8.85602502434
6.16356947555 0 0.684436440396 14.8441815593 14.7642150984 -8.73350188849
6.16677067249 0 0.669988052494 14.8777777645 14.3277501767 -8.41399284925
6.16852572784 0 0.668483583058 14.8937649493 14.0857004418 -8.23604793529
6.1770866081 0 0.662196864594 14.9691374766 12.8778342133 -7.34061414363
6.17751944617 0 0.661621590968 14.9732211215 12.8155953853 -7.29415702533
6.17849960115 0 0.657274205467 14.9863039363 12.6742504418 -7.18854310322
6.17887174128 0 0.664069398046 14.9818170895 12.6204384205 -7.14829484667
6.17934090934 0 0.656236619745 14.9940858579 12.5524813085 -7.0974360306
6.17965890386 0 0.656227572596 14.9958000263 12.506348547 -7.0628909615
6.18069235343 0 0.653537729918 15.0078872426 12.3560189738 -6.95021298466
6.18072248232 0 0.653297952102 15.0084433818 12.351627099 -6.94691862446
6.18414503814 0 0.648032747403 15.041152968 11.8493654733 -6.56926481994
6.18653763562 0 0.656820461924 15.0586587596 11.4943586976 -6.30128213644
6.18668551226 0 0.651170411964 15.0576211319 11.4723137832 -6.28461334097
6.19022798183 0 0.636508345381 15.1013642564 10.9406777679 -5.88167239672
6.19115484346 0 0.634209854031 15.1111860942 10.800472863 -5.77510861072
6.19402190529 0 0.632921734723 15.1366859861 10.363934473 -5.44254431162
6.19638851578 0 0.622372634685 15.1645885659 10.0004182829 -5.16474683432
6.198460856 0 0.617996189184 15.1850818801 9.67979712561 -4.91910128211
6.20060487399 0 0.611259222982 15.2022559396 9.34586882668 -4.66265376121
6.20828951016 0 0.575488076355 15.2207577982 8.13120681474 -3.72489000946
6.21006725094 0 0.570579934196 15.2225572654 7.84641178131 -3.50395525881
6.23559056131 0 0.416595029198 15.320844708 3.62141575719 -0.185658393228
6.23801364022 0 0.398434969601 15.3370883026 3.20889812169 0.141933204569
6.24033288419 0 0.383605622773 15.3425811681 2.81251328323 0.45724570179
6.25180859169 0 0.305711033074 15.3965671882 0.831419758881 2.04048435729
6.26117216817 0 0.2445531939 15.4346225777 -0.804994781946 3.35669390475
6.26640678215 0 0.210135804927 15.4539195754 -1.72564371079 4.10022630609
6.27069416813 0 0.174287025849 15.4783879146 -2.48202937235 4.71261618985
6.29248678649 0 0.00618734546145 15.5915490485 -6.34080125385 7.8557345911
6.29754396344 0 -0.0298839356216 15.6116240957 -7.23520214229 8.58826581969
6.30196473041 0 -0.0601422328506 15.6308473249 -8.01533260609 9.22828977267
6.30219729997 0 -0.0679234020622 15.6409723598 -8.05631847453 9.26194158606
6.30993463672 0 -0.129788382135 15.6810524336 -9.41588860786 10.3796618741
6.31031927923 0 -0.133647503547 15.683337534 -9.48324632598 10.4351071601
6.31245024492 0 -0.150326076839 15.6936222402 -9.85596247179 10.7420204276
6.31322688128 0 -0.148807270904 15.6882089122 -9.99160077459 10.8537586711
6.31383143189 0 -0.161575220519 15.7019905728 -10.0971077804 10.940691864
6.31784780843 0 -0.179325847314 15.7164035262 -10.7962364007 11.5171088673
6.32743991816 0 -0.265561429786 15.7635361558 -12.4511617109 12.8839069618
6.32845127445 0 -0.276777027663 15.7741902549 -12.6242682178 13.0270502525
6.33383617481 0 -0.321290909483 15.7873403775 -13.5409267393 13.7855418115
6.34049244759 0 -0.367349082653 15.8304281372 -14.6611606478 14.7135178698
6.34103660915 0 -0.375900497453 15.8368801622 -14.7520604494 14.7888622043
6.34138323749 0 -0.370970712496 15.8292535078 -14.8099070009 14.8368128949
6.34270311284 0 -0.388296367163 15.8434871922 -15.0297669063 15.0190839607
6.34491472659 0 -0.406085342303 15.8553525295 -15.3966967911 15.323358102
6.34571763947 0 -0.40478688904 15.850280288 -15.5294408649 15.4334579409
6.34791780852 0 -0.428938234014 15.8688653433 -15.8918772884 15.7341257532
6.3517030899 0 -0.455452406364 15.8821707347 -16.5107627821 16.2477165667
6.35897633201 0 -0.516370221218 15.9079423479 -17.6822112285 17.2203657021
6.36207540565 0 -0.536972482727 15.9320520019 -18.1737942839 17.6286723678
6.36302253928 0 -0.540667880965 15.9363587013 -18.3230835387 17.7526835927
6.36723606334 0 -0.562803626639 15.9542052093 -18.9816627653 18.299797278
6.36793962057 0 -0.581855297709 15.9625503118 -19.0907228934 18.3904036874
6.37290599437 0 -0.617405775752 15.9793669225 -19.852900461 19.0236195014
6.3799013659 0 -0.664434748006 16.0080422942 -20.9025629786 19.8955508186
6.38138472146 0 -0.679580698787 16.0189693931 -21.1213748646 20.0772713863
6.38336325441 0 -0.690166335688 16.0205134628 -21.4111059878 20.3178570245
6.38450099392 0 -0.699616873449 16.0298348815 -21.5765968939 20.4552575344
6.38564752638 0 -0.709286213821 16.0345256756 -21.7425305785 20.5930099902
6.38682843977 0 -0.714388216658 16.0338963862 -21.9125528728 20.7341388726
6.38726168639 0 -0.71739244067 16.035543488 -21.9747019622 20.785721602
6.38736997578 0 -0.721213865338 16.0409323385 -21.990216845 20.7985982833
6.38961537411 0 -0.737012254703 16.0506538484 -22.3101756661 21.06411057
6.39433891393 0 -0.768873376892 16.0671167382 -22.9721563451 21.6131641538
6.39887968063 0 -0.785336729508 16.0783075859 -23.5938520862 22.1283767972
6.40214114526 0 -0.820171341867 16.0937014664 -24.0312040687 22.4905116783
6.40312621504 0 -0.825956445178 16.0977016633 -24.1617522097 22.5985510559
6.40585918009 0 -0.843026060412 16.1018168146 -24.5201176386 22.8949790401
6.40652947068 0 -0.848284524615 16.1084761595 -24.6071422901 22.9669277607
6.41051130241 0 -0.871002946562 16.1189436753 -25.1169243279 23.38808916
6.41242220342 0 -0.880011165351 16.1210071875 -25.3571337432 23.5863409151
6.41638124847 0 -0.907313802056 16.134333704 -25.8454300129 23.9888946974
6.42078316008 0 -0.93338490927 16.1470283421 -26.3731482409 24.4231672606
6.4228896929 0 -0.944647448697 16.1506372924 -26.6198927147 24.6259000748
6.42335410525 0 -0.947721413507 16.1526392674 -26.6737784462 24.6701445964
6.42411682329 0 -0.947688707419 16.1507020503 -26.7618721637 24.7424527256
6.42531522989 0 -0.944986320319 16.1528521684 -26.8992671577 24.8551666916
6.42548593874 0 -0.95897939019 16.1564514241 -26.9187366491 24.8711325776
6.42965390012 0 -0.968314427014 16.1620374328 -27.3861185956 25.2539115881
6.43967150885 0 -1.02888199218 16.1777230976 -28.4449696386 26.1168407929
6.44082414096 0 -1.03711303943 16.1861131706 -28.560787082 26.2107905339
6.44258912479 0 -1.04419650095 16.1873295933 -28.7356718115 26.3524609262
6.44338010625 0 -1.0497948599 16.1898472911 -28.8130737961 26.4150842609
6.44600706701 0 -1.06067876188 16.1922026379 -29.0657767202 26.6191783384
6.45258723681 0 -1.09114618212 16.1836512096 -29.6688469509 27.103687592
6.45973362912 0 -1.11638099494 16.2000785173 -30.2740882676 27.5853520908
6.46161799903 0 -1.12268891156 16.2017418293 -30.4248456548 27.7044251345
6.46253264033 0 -1.12480539746 16.2009498708 -30.4966724081 27.7610083434
6.47101150692 0 -1.15325973486 16.1985978729 -31.1199035394 28.2471433238
6.4721220994 0 -1.14295150538 16.1940176426 -31.1957570696 28.3056025629
6.47826938556 0 -1.16830019591 16.189122883 -31.5909082198 28.606828442
6.47846986333 0 -1.17344452891 16.1941704408 -31.6030837532 28.616007927
6.47906711273 0 -1.17368831467 16.1884011368 -31.6390877115 28.6431113487
6.48264103436 0 -1.17491604342 16.178551118 -31.8460885192 28.7976357101
6.48652504317 0 -1.18597631708 16.1783277613 -32.054486051 28.9505244201
6.48930301333 0 -1.19537312426 16.1783099658 -32.1928352435 29.0501408138
6.49294445007 0 -1.19971538733 16.1660279742 -32.3605177629 29.1682713582
6.49385622792 0 -1.19856391192 16.1622754548 -32.4000576237 29.1956200541
6.49504832852 0 -1.20528461533 16.1513159241 -32.450267551 29.2300209869
6.50188785487 0 -1.21016473797 16.1487854511 -32.705502588 29.3973976057
6.50409774184 0 -1.21065607444 16.1418155906 -32.775900524 29.4404386716
6.50465285061 0 -1.21060395249 16.1354126676 -32.7926495782 29.4503946119
6.50818240507 0 -1.20828463436 16.1236959623 -32.8903201842 29.5056098033
6.5138500077 0 -1.20479644822 16.0976874257 -33.0149875819 29.5647558648
6.51589551739 0 -1.19816187955 16.0946227286 -33.0501575342 29.5770756934
6.52586526596 0 -1.18972842294 16.0497179894 -33.1460041355 29.5675361017
6.52589207947 0 -1.20244782953 16.0501570247 -33.1460914057 29.567353214
6.52607898006 0 -1.20304816433 16.0530008883 -33.1466741336 29.5660547999
6.5276692448 0 -1.19646530871 16.0406479921 -33.149820478 29.5533339536
6.5283275124 0 -1.20026977344 16.0429138122 -33.1501725142 29.5471904988
6.5285459141 0 -1.19522321128 16.0362838491 -33.150166194 29.5450384486
6.53328775123 0 -1.18822676137 16.0089237013 -33.1348539574 29.484283627
6.53386380502 0 -1.19032051615 16.0111955424 -33.1310110399 29.4750685528
6.53539551011 0 -1.1736575851 15.9982037575 -33.1186953146 29.4486238715
6.53658935546 0 -1.18411684596 15.9962366986 -33.1069783528 29.4260506387
6.53746063719 0 -1.18217502693 15.9910825272 -33.0972538838 29.4084892016
6.53753404964 0 -1.16883618309 15.9850220189 -33.0963892462 29.4069675473
6.54263505032 0 -1.16901253634 15.9581007386 -33.0190284267 29.2852070023
6.54341081464 0 -1.16749532027 15.9526272811 -33.0042697813 29.2639110682
6.55177929807 0 -1.13884589992 15.8932145804 -32.7944983599 28.9871752281
6.55339202896 0 -1.13469165502 15.8818575856 -32.7433901129 28.9239009991
6.55858262119 0 -1.11385006076 15.8408076085 -32.5553353382 28.6982822373
6.56150085639 0 -1.09325889769 15.8068150254 -32.4337706407 28.5566524567
6.56358478295 0 -1.09046303735 15.7948154025 -32.3399639626 28.4489752984
6.58009760254 0 -0.9962620739 15.6354500042 -31.3895756035 27.401762446
6.5843035334 0 -0.973605569138 15.5819916462 -31.0885418048 27.0796485652
6.58509272076 0 -0.966611532402 15.5888566742 -31.0293842278 27.0166917499
6.58897449368 0 -0.938941992991 15.5450318561 -30.7261107607 26.6954375275
6.60068806953 0 -0.846133063947 15.4035236471 -29.6871344565 25.6090949541
6.60183689284 0 -0.835260028363 15.3858807531 -29.5752315381 25.493084737
6.60187282848 0 -0.835453036654 15.3864226993 -29.5717023906 25.4894286183
6.60246429744 0 -0.829928222204 15.380231797 -29.5133649196 25.4290143903
6.60958018223 0 -0.761147633343 15.2799181426 -28.7744976823 24.6670594739
6.61316735813 0 -0.730654970769 15.2335272079 -28.3761742364 24.2583889653
6.61320185641 0 -0.730455278968 15.2335997379 -28.3722595885 24.2543788962
6.61805474605 0 -0.680404667506 15.16330969 -27.8056890276 23.6751436448
6.61930000385 0 -0.668113066733 15.1449638491 -27.6552264992 23.5216699502
6.62017247665 0 -0.658862500399 15.1319360525 -27.5485737542 23.4129643675
6.62332572913 0 -0.626386532093 15.0689214646 -27.1546567593 23.0120128639
6.62546496457 0 -0.59888167312 15.0490912186 -26.8798887323 22.7328091951
6.62723992203 0 -0.56665989303 15.016465307 -26.6473036914 22.4967458729
6.63472731671 0 -0.486999427751 14.8943356139 -25.6204277879 21.4571389281
6.63619104535 0 -0.473360838845 14.8741363147 -25.4110809842 21.2456565275
6.63729417588 0 -0.456086086022 14.8487987249 -25.2514585829 21.0844981929
6.64289994228 0 -0.386054218404 14.7523656036 -24.415852409 20.2420330262
6.64488908716 0 -0.360594271775 14.7213655341 -24.1095720095 19.9336855813
6.64687466479 0 -0.325573539049 14.6741654276 -23.7987640642 19.6209981825
6.64768487722 0 -0.318856168015 14.6629632239 -23.6704865594 19.4920054272
6.6489105582 0 -0.291459396648 14.6412947622 -23.4748335485 19.2953262561
6.65052919627 0 -0.282763848797 14.6169366067 -23.2135159342 19.0327547988
6.65269073708 0 -0.251927293088 14.575705618 -22.8593547543 18.6770947223
6.6542129331 0 -0.2251956146 14.540933853 -22.6063958276 18.4231975284
6.6579626901 0 -0.17250075969 14.4712277607 -21.9708053807 17.7856935325
6.6584674954 0 -0.165639461635 14.4573158295 -21.8838927927 17.6985652139
6.66160337868 0 -0.111059401559 14.388685812 -21.3368665218 17.150412256
6.66175835273 0 -0.116590672267 14.3959677359 -21.3095156519 17.1230150288
6.66359924011 0 -0.0861256500038 14.3572711162 -20.9823489627 16.7953627662
6.6654218359 0 -0.0581909705541 14.3159358742 -20.6543132757 16.4669617998
6.66791311961 0 -0.0174079918512 14.2668822516 -20.1993299506 16.0116576712
6.67020885058 0 0.0216077192248 14.2125290555 -19.773356419 15.5855628953
6.67276085951 0 0.0742228005962 14.158885535 -19.2923352199 15.1045929611
6.67615978891 0 0.119863143182 14.0880665713 -18.639523991 14.4521351684
6.67625564883 0 0.120682488467 14.0824606511 -18.6209126508 14.4335382867
6.68275927811 0 0.234730959068 13.9348490416 -17.3328520095 13.1469841536
6.68298252814 0 0.23774641379 13.9340463338 -17.287755572 13.1019566227
6.68476041905 0 0.269667885096 13.8933647848 -16.9265543523 12.7413413276
6.68943009128 0 0.356187915311 13.7809830464 -15.9604878362 11.7771045091
6.69023236523 0 0.378795874051 13.7526974156 -15.7920028196 11.6089724419
6.70065966626 0 0.578451119257 13.5528551428 -13.5365644729 9.35892626638
6.70801485265 0 0.774368267424 13.9440054128 -11.8741790637 7.70094568488
6.71562486513 0 0.982337563268 14.3427823681 -10.094288585 5.92577669657
6.71971705713 0 1.09926020307 14.5496759396 -9.11275087459 4.94673165284
6.72720192678 0 1.3141392333 14.920196153 -7.27473211628 3.11297583324
6.72922584643 0 1.38256631914 15.0220046919 -6.76847931527 2.60777615387
6.73162801066 0 1.44662972959 15.1311812223 -6.16262295341 2.00309826717
6.73585586397 0 1.57289859474 15.3477543376 -5.08337842374 0.9257077873
6.73802423774 0 1.63908970798 15.4529380461 -4.52358087644 0.366736244941
6.73886647263 0 1.66520787041 15.4951919023 -4.30501625179 0.148467207536
6.74026770329 0 1.70968113601 15.5535957304 -3.94000294153 -0.216087462894
6.7407130504 0 1.72334533883 15.5742447785 -3.82363193806 -0.332321657681
6.7432674991 0 1.80209043409 15.7009809074 -3.15282030178 -1.00243651679
6.74910820531 0 1.99199874682 15.9903515713 -1.59819806661 -2.5560857717
6.74970041283 0 2.00550048041 16.0100753553 -1.43898802084 -2.71524989984
6.75307845943 0 2.11572658716 16.1724079032 -0.525398428169 -3.62878076646
6.75354488986 0 2.13018280307 16.1923251576 -0.398535288655 -3.75566402785
6.76021829551 0 2.35029266519 16.4840437236 1.43506444158 -5.59036885987
6.76110210832 0 2.37870391457 16.5432308479 1.68043960153 -5.83601212227
6.76410780286 0 2.48081541683 16.659797815 2.51922034848 -6.6759343229
6.76781513822 0 2.60682182648 16.8391579929 3.56274792863 -7.72138422061
6.77019285234 0 2.68822421046 16.9283099491 4.23706737725 -8.39725333185
6.77019504423 0 2.68827734523 16.9282684854 4.23769078268 -8.39787828433
6.77442386928 0 2.83388388819 17.1219355319 5.44640531621 -9.60999992362
6.77461535665 0 2.84312578247 17.1446961245 5.50141612369 -9.66518549696
6.78024347941 0 3.04193357369 17.3863144981 7.12865565231 -11.2983988934
6.78537327555 0 3.2238873645 17.5978078994 8.62858084409 -12.8052612585
6.78715688687 0 3.30393212217 17.6777470489 9.1536565034 -13.333103266
6.79031971683 0 3.41299239671 17.793148794 10.0890770207 -14.2739000978
6.79162654056 0 3.46110811503 17.8462673317 10.4771422159 -14.6643674006
6.79176455565 0 3.4575117668 17.8511409829 10.5181785315 -14.7056636987
6.79250276209 0 3.48649971695 17.8889190194 10.7378389389 -14.9267352885
6.79981101378 0 3.76434688861 18.1851928101 12.9271353184 -17.1319403831
6.80067518123 0 3.79714310768 18.2196416693 13.1876891709 -17.3946165794
6.80069597936 0 3.79772005862 18.2191594662 13.1939641682 -17.4009433046
6.80273621055 0 3.88559740238 18.3087734257 13.8104611845 -18.0226645593
6.80278154446 0 3.87422245054 18.3078428473 13.8241806054 -18.0365034598
6.80979680255 0 4.14792103906 18.573921379 15.9575529342 -20.190204835
6.8103012404 0 4.16303861773 18.5907669591 16.11170892 -20.3459673419
6.81119677584 0 4.19775170598 18.6231851838 16.385619412 -20.6227791604
6.81528709491 0 4.35821952833 18.7837009032 17.6403706248 -21.8915980267
6.8156517675 0 4.37299893146 18.7830687959 17.7525192775 -22.005067038
6.81800938273 0 4.47202775188 18.8855705944 18.4786145919 -22.7399656417
6.81853453317 0 4.48821521976 18.9013134147 18.6405912663 -22.9039668813
6.82210991317 0 4.6306167658 19.0264365205 19.7455866559 -24.0233751433
6.82351199593 0 4.68762140168 19.0888181412 20.1799094305 -24.4636543981
6.82600653769 0 4.78863130842 19.1684598967 20.9539355367 -25.2487117132
6.82659600597 0 4.82822099329 19.2062914803 21.1370709243 -25.4345359771
6.8301223338 0 4.96211371234 19.3264511414 22.2343343217 -26.5485533244
6.83724730496 0 5.25369049291 19.5675823765 24.4591032633 -28.8107800359
6.83763312645 0 5.27036601387 19.5839057019 24.5798265905 -28.9336735607
6.84152670936 0 5.43467632577 19.7178014837 25.7993002835 -30.1758881083
6.84441574049 0 5.56165990899 19.8213913551 26.7053285071 -31.0997956992
6.84515616191 0 5.5898078167 19.8274159851 26.9376650487 -31.3368549827
6.84716632306 0 5.67528221277 19.9071520915 27.5686622027 -31.9809668479
6.85190404243 0 5.88026378202 20.0650876402 29.056833726 -33.5017724391
6.85357756706 0 5.96100262271 20.1153766026 29.5827069335 -34.0397630715
6.85673245333 0 6.09055534029 20.217251087 30.574143416 -35.0548986988
6.85706937694 0 6.10670316662 20.2336613953 30.6800199831 -35.1633730329
6.86016946706 0 6.24240960787 20.3283146425 31.6540776021 -36.1619470691
6.86752840782 0 6.5708518876 20.5574074406 33.9641267208 -38.5347286402
6.86915184824 0 6.64895424045 20.6118124986 34.4730763984 -39.0583981862
6.87418781944 0 6.87313067554 20.7454506542 36.049636447 -40.6827009405
6.87822977017 0 7.06155875932 20.8824150721 37.3120009846 -41.985707577
6.88165348892 0 7.21741764467 20.9868632463 38.3787150589 -43.0885026808
6.88302743225 0 7.28412377957 21.0203701911 38.8060407987 -43.530741345
6.8832288587 0 7.28758019798 21.0154585636 38.8686503635 -43.5955582648
6.88478451169 0 7.36903919507 21.0630179801 39.3518522298 -44.0959902355
6.88576651077 0 7.40636186146 21.0914825922 39.6565483008 -44.4117297005
6.88634547525 0 7.43330052184 21.1162011787 39.8360689201 -44.5978221239
6.88647155431 0 7.44477816514 21.1195429327 39.8751503394 -44.6383406655
6.889888763 0 7.60173960241 21.2194345205 40.9326717471 -45.7356367332
6.8961037626 0 7.89418926228 21.3808362812 42.8466052556 -47.7260447436
6.89692913022 0 7.94119774354 21.3977470454 43.0997759687 -47.9897794409
6.89822177245 0 8.00294203548 21.4328365907 43.4957698911 -48.4025127249
6.89826500042 0 7.9976367231 21.4387583524 43.5090016612 -48.4163084046
6.89854564927 0 8.01232108296 21.4555391079 43.5948889085 -48.5058632206
6.90225229459 0 8.18752249433 21.5391968752 44.7263280784 -49.6868045855
6.90507900859 0 8.32857397198 21.6225892689 45.5853494545 -50.5849182594
6.90535401617 0 8.33745691927 21.614516258 45.6687374396 -50.6721720536
6.90813932856 0 8.47783233201 21.7007396854 46.511377006 -51.5545954049
6.90956768797 0 8.5421746197 21.7309679214 46.9420989397 -52.006167033
6.91019726042 0 8.57224176341 21.7520965404 47.1316360902 -52.2049910605
6.91453744871 0 8.80031139353 21.8690154285 48.4329062899 -53.5719130051
6.91565158921 0 8.83982897219 21.8818178436 48.7653779628 -53.9217003563
6.91833585156 0 8.97233034778 21.9410500335 49.5636365337 -54.7624613707
6.91844889694 0 8.99288122326 21.9641809347 49.5971672419 -54.7978064777
6.92408687163 0 9.27266135771 22.0989527764 51.2601122476 -56.5537744729
6.92740133452 0 9.42270296466 22.1598333303 52.2287745243 -57.5794659185
6.92750835783 0 9.42836271015 22.1731262966 52.2599370666 -57.6124991352
6.93305349735 0 9.70683296518 22.2882407157 53.8642594316 -59.3162714806
6.93500157573 0 9.81143539623 22.3438173377 54.422926052 -59.9110622774
6.94015181735 0 10.0699597612 22.4620402501 55.8868281247 -61.4734781769
6.94159661805 0 10.1425331876 22.4846509204 56.2939715361 -61.9090491875
6.9437727685 0 10.2534568276 22.531346285 56.904192857 -62.5627481711
6.94385592909 0 10.2568686124 22.5279043135 56.9274392756 -62.5876718662
6.95210966954 0 10.6819975166 22.6996664325 59.2069209138 -65.0394668418
6.95253239247 0 10.7040089458 22.7089991076 59.3221421958 -65.1638272033
6.95596542899 0 10.882648603 22.7807930758 60.2521527753 -66.1692033283
6.95706902945 0 10.94475493 22.8120583061 60.5489162226 -66.4906289638
6.95789582018 0 10.9983559985 22.8334211193 60.7705301053 -66.730858385
6.96201879511 0 11.1989340854 22.901496486 61.8663524895 -67.9213001101
6.96295041027 0 11.2471201633 22.9155292375 62.1117756307 -68.1885178176
6.96687206217 0 11.4541154127 22.9883227813 63.1358173036 -69.3059915616
6.96987647051 0 11.6119458597 23.0478750861 63.9101993303 -70.1538080824
6.97190889639 0 11.7212234706 23.0936769823 64.4289375231 -70.7231419007
6.9779452658 0 12.0491947679 23.1979352461 65.9445263097 -72.3934041181
6.9795688074 0 12.1296939548 23.2409524474 66.3455921796 -72.8372020696
6.98214153856 0 12.2801052794 23.2878696268 66.9752887771 -73.5356017335
6.98597117692 0 12.4712295795 23.3294851094 67.8990780752 -74.563913277
6.98823370405 0 12.5940704048 23.3912661521 68.4370746798 -75.1649343342
6.99124207125 0 12.7690271718 23.4432107054 69.1432909586 -75.9564228404
6.99243392456 0 12.8183302054 23.4422998643 69.4201548079 -76.2675359485
6.9930755487 0 12.8580949993 23.4661679968 69.5685075037 -76.4344362422
6.99370787479 0 12.8863909353 23.4660566088 69.7142321583 -76.5985149862
6.99855710114 0 13.1504321605 23.5367153132 70.8157880332 -77.8433166565
7.00074740619 0 13.2682364248 23.5903424061 71.3039163654 -78.3975959649
7.00456160956 0 13.4753010845 23.6378427166 72.1396339603 -79.3506715851
7.0064980365 0 13.5858850729 23.6788944798 72.5568501353 -79.828523672
7.00650927823 0 13.5875937108 23.6795868201 72.5592581878 -79.8312858177
7.00870927542 0 13.7108510545 23.7050390747 73.0273652019 -80.3691509279
7.01030745443 0 13.8050556157 23.7446333845 73.3634646573 -80.7565034373
7.0147406166 0 14.0380478685 23.8028496582 74.2780785759 -81.8158378199
7.01788818182 0 14.2059001558 23.8432694372 74.9114134622 -82.5542067398
7.02153121686 0 14.4068400422 23.8812325391 75.6274816076 -83.3942150836
7.0226875752 0 14.4697394848 23.9092415821 75.850916656 -83.6575239062
7.02284429006 0 14.4781668316 23.919116879 75.881053403 -83.6930843132
7.02363385534 0 14.5221178549 23.9163214659 76.0323639697 -83.871792395
7.02382363758 0 14.5366760221 23.9321686548 76.0686025195 -83.9146341758
7.02431494971 0 14.567840941 23.9306520939 76.1621813695 -84.0253398109
7.02473919924 0 14.5913393628 23.9370952652 76.2427122822 -84.120697146
7.02840893392 0 14.7856669775 23.9813454249 76.9285968745 -84.9362767692
7.02963195672 0 14.8530530153 24.0038099133 77.1528847807 -85.2043654182
7.03034900985 0 14.8980844544 24.0208538778 77.283375776 -85.3606708258
7.03294085604 0 15.0416487496 24.0558486926 77.7487885936 -85.9202197986
7.03301191456 0 15.041379031 24.0538866278 77.7614096725 -85.9354400037
7.04200978164 0 15.5440125637 24.1733988017 79.2987027343 -87.8097373383
7.0429748293 0 15.5943905674 24.1820988252 79.4563081996 -88.0044171995
7.04943464754 0 15.9612985629 24.2564387386 80.4741844811 -89.275099648
7.05203155672 0 16.1026196713 24.2936503703 80.8649508862 -89.7697700906
7.05299331129 0 16.1514389814 24.3010648733 81.0069538309 -89.9505840874
7.05321601745 0 16.1787268975 24.3160761647 81.0396260856 -89.9922689941
7.05349480757 0 16.1787101281 24.3027077919 81.0804145234 -90.0443532339
7.05552083374 0 16.3004583225 24.32740965 81.3730922378 -90.4195706442
7.05756364173 0 16.421164947 24.3659438959 81.6615019585 -90.792005629
7.06609461452 0 16.8819694144 24.444345058 82.7922433421 -92.2823306266
7.07234760836 0 17.2367421973 24.5245043024 83.5441332861 -93.3066577042
7.0748939328 0 17.3897906399 24.557242209 83.831336748 -93.706942964
7.08260359116 0 17.8070638387 24.6134808994 84.6328700831 -94.8583764153
7.08283056228 0 17.8268693051 24.6236045957 84.6549018121 -94.8908797247
7.08453695708 0 17.9225717595 24.642508241 84.8176476724 -95.1326633381
7.08460588718 0 17.9184364951 24.6467718326 84.8241143909 -95.1423343342
7.08693347328 0 18.0492210848 24.6571428925 85.0375643761 -95.4645090729
7.09501786101 0 18.5002413473 24.7480190966 85.7041507467 -96.5166096769
7.09528481011 0 18.5169225268 24.7603031302 85.7241641729 -96.5495605463
7.09866032952 0 18.7040931437 24.7687527589 85.9661166098 -96.9562424098
7.10002143762 0 18.7844834775 24.792010555 86.0578305798 -97.114975094
7.10112960601 0 18.7919134047 24.7288433699 86.1300085703 -97.241969132
7.10122749456 0 18.7973970037 24.7224868929 86.1362765906 -97.2530900942
7.10157664166 0 18.7971035236 24.7025455904 86.1584906848 -97.2926278931
7.10295421999 0 18.8153430784 24.6205311636 86.2439621434 -97.4466689136
7.10948963517 0 18.88624216 24.2322836906 86.6018996806 -98.1346230166
7.11015483626 0 18.8841840063 24.1940649042 86.6339040507 -98.2006518388
7.11338738332 0 18.926611132 24.000837761 86.7777086768 -98.5109316149
7.11352028011 0 18.9178077976 23.9908462347 86.7832037669 -98.5233109523
7.12033157032 0 18.9982913245 23.5873080658 87.0204932122 -99.1176426756
7.12060981865 0 18.9934121323 23.5726167019 87.0283301854 -99.1402396449
7.12356831822 0 19.0211721328 23.3950986395 87.1026000417 -99.372286038
7.12644083103 0 19.0568369554 23.221987874 87.1588232954 -99.5831607162
7.12709976104 0 19.0586299313 23.1846337394 87.1695067059 -99.62952155
7.12838805866 0 19.0711046819 23.1074225731 87.1880027305 -99.7179882362
7.12914786325 0 19.0787760945 23.0593358893 87.197426017 -99.76881233
7.1323599282 0 19.1130473014 22.8696975348 87.2250608089 -99.9725607964
7.13402662182 0 19.1271188911 22.7692946516 87.2316059373 -100.071180932
7.13779486573 0 19.1618992234 22.5389517077 87.2267108171 -100.276186759
7.14035912822 0 19.1828459902 22.3869963229 87.2077230694 -100.401392994
7.14157116726 0 19.2078824548 22.3341781934 87.1943244962 -100.45652949
7.14363981049 0 19.2227730424 22.1915304954 87.164885932 -100.544621806
7.14444060628 0 19.2280574154 22.1429201075 87.1512626616 -100.576684422
7.14827504194 0 19.2621332755 21.9109550795 87.0687727008 -100.714396068
7.14894542921 0 19.2777076973 21.8897559807 87.051414522 -100.735780326
7.15089746052 0 19.2872221185 21.7528275612 86.9958866984 -100.793472522
7.15337174947 0 19.307766817 21.599944441 86.9148275709 -100.856796069
7.15412018753 0 19.3252675389 21.5569065774 86.8879549295 -100.873787698
7.15653380369 0 19.3382572751 21.4128037837 86.793840269 -100.921727786
7.16143587805 0 19.3875126172 21.1160124212 86.567624709 -100.986804957
7.16163712937 0 19.3839601927 21.1017037687 86.5573322762 -100.988550042
7.16284234012 0 19.400033354 21.029400191 86.4940347926 -100.997468908
7.16612867589 0 19.4245007933 20.8327561205 86.3069724042 -101.008436142
7.16835379825 0 19.4454279393 20.6983744376 86.1682920943 -101.004752421
7.17693835609 0 19.5130365834 20.1780296855 85.5422333082 -100.906268127
7.18262511448 0 19.5594169522 19.8338558363 85.0479067807 -100.767165239
7.18343187112 0 19.5634860745 19.7846617223 84.9726444094 -100.742656853
7.19005972205 0 19.6182020105 19.3828722868 84.3061016114 -100.496376314
7.19145700301 0 19.6281623116 19.2967082641 84.1546189155 -100.434229418
7.19210155852 0 19.6274340378 19.2596998621 84.0834561921 -100.404361435
7.19498957198 0 19.6452164744 19.0809130528 83.7546514989 -100.261233064
7.19596962207 0 19.6533107591 19.0254441062 83.6393770631 -100.209207066
7.20098187065 0 19.6929962216 18.720441624 83.0206203643 -99.9157743778
7.20413204575 0 19.708437765 18.529582344 82.6067844803 -99.7079546831
7.20426747882 0 19.7101984764 18.5241240896 82.5885619607 -99.6986155434
7.20556355545 0 19.7181752644 18.4458177858 82.412381127 -99.6075557543
7.2065122314 0 19.7279368818 18.387861732 82.2813665747 -99.5389698531
7.2068904737 0 19.7273045569 18.3658416663 82.2286458989 -99.5111687152
7.21808485252 0 19.7888290811 17.6906211384 80.543843598 -98.5710771887
7.21862762753 0 19.7955318328 17.6585600378 80.4560603566 -98.5197436155
7.21946238842 0 19.7987867095 17.6081654092 80.3199600824 -98.4397603241
7.22002545274 0 19.8076406232 17.592537923 80.2274093479 -98.3851019794
7.22410426712 0 19.8181095527 17.3280787225 79.5390248828 -97.9721594498
7.22578213943 0 19.8276679171 17.2254901026 79.2467197741 -97.793635599
7.22734644227 0 19.8426474544 17.13231345 78.9694240746 -97.622662515
7.23552672977 0 19.8733293291 16.6450829889 77.4447592972 -96.6576517872
7.23758618267 0 19.8774672081 16.5215037949 77.0413173537 -96.3960297865
7.23792044791 0 19.8790812044 16.4990293407 76.975096989 -96.3528613699
7.23844563565 0 19.8804016025 16.4701748949 76.8706376335 -96.2846391961
7.24026503907 0 19.8899531164 16.3621456298 76.5048368668 -96.044548615
7.24047748468 0 19.8855897628 16.3450646813 76.4617272462 -96.0161351545
7.24061888825 0 19.8884087515 16.3406196927 76.4329876609 -95.9971793147
7.24169521136 0 19.9008425189 16.2951702382 76.2130299201 -95.8517445885
7.24274766448 0 19.8946606153 16.2131991331 75.9959017105 -95.7075745569
7.24471670781 0 19.9102763351 16.115288343 75.5842507287 -95.4326504392
7.24891719833 0 19.9165804685 15.8475641212 74.6825894872 -94.8236249818
7.25042600479 0 19.9128376121 15.7561598615 74.3509488481 -94.597405311
7.25194174618 0 19.9241791248 15.6682752953 74.0136744488 -94.3661933602
7.25429431104 0 19.9337993642 15.5268855544 73.4820730751 -93.9995123086
7.25442950225 0 19.9334086862 15.5125845729 73.4512252161 -93.9781525689
7.25643588326 0 19.9375450102 15.4002324308 72.989603108 -93.6574796584
7.25777491137 0 19.9289414573 15.3215672042 72.6775665015 -93.4396485167
7.26413674192 0 19.9506000423 14.9483890835 71.1521572116 -92.3632327226
7.27170976401 0 19.9526686897 14.5028987824 69.2452757762 -90.9935493935
7.27393937955 0 19.9524247049 14.3747696927 68.6653098162 -90.5722344142
7.27525939975 0 19.953498417 14.298004505 68.3180178021 -90.3189645452
7.27595178044 0 19.9598771894 14.2563280687 68.1346923104 -90.1849826775
7.27904591871 0 19.9518728934 14.0745480365 67.3057188675 -89.5767312229
7.27946498183 0 19.9487357007 14.0526512833 67.1922289738 -89.4931609017
7.28000747227 0 19.952710714 14.0220923436 67.0448840924 -89.3845564304
7.28616190117 0 19.9517505446 13.6671985084 65.3397163441 -88.1195046148
7.28703214689 0 19.9510322612 13.6170698611 65.0936702741 -87.9357728438
7.2876094327 0 19.9568607729 13.6021426353 64.9297855595 -87.8132346401
7.28818557813 0 19.9484931695 13.5478815883 64.7656950081 -87.6904163639
7.28834246546 0 19.9499703668 13.5416961031 64.72092083 -87.6568820907
7.29004281973 0 19.9466934974 13.4437719838 64.2331515332 -87.2909643351
7.29261414035 0 19.9418849599 13.2961099753 63.4868766906 -86.7290599276
7.2996385427 0 19.9309771146 12.8955831986 61.3958925334 -85.1422094891
7.30143458082 0 19.9309699886 12.7910947066 60.8491714714 -84.7244573367
7.30222161793 0 19.9238174949 12.7487554027 60.6080656835 -84.5398711687
7.30232007495 0 19.9292834358 12.7409470474 60.5778384768 -84.5167146112
7.30412243003 0 19.9219086013 12.6387287986 60.0219445843 -84.0902595072
7.30639142565 0 19.9097317525 12.5098684457 59.3152845936 -83.5465512516
7.30639365065 0 19.9098026153 12.5097550026 59.3145879181 -83.5460143637
7.30817875998 0 19.9023070813 12.4108972151 58.7533155325 -83.1129333049
7.31332592753 0 19.885061699 12.1198198351 57.1091746467 -81.8382970512
7.31757575644 0 19.8604491731 11.8831365139 55.723380002 -80.7573504713
7.3189182524 0 19.8583857534 11.8061101033 55.2804006376 -80.410607279
7.32261287619 0 19.845822897 11.6054379241 54.0485950338 -79.4434511131
7.32585131082 0 19.8233979084 11.4219620293 52.9538080427 -78.5803539194
7.3260903586 0 19.8278322032 11.4132951004 52.8724452097 -78.5160816042
7.32864340325 0 19.8117649894 11.2724779711 51.9988258149 -77.8248780813
7.3307605189 0 19.7974632246 11.1560047903 51.2679797946 -77.2451339574
7.33088511992 0 19.8020935759 11.1487403316 51.2247876479 -77.210829755
7.33427332833 0 19.7770050418 10.9641783649 50.0427606875 -76.2702576188
7.33471511953 0 19.7744164884 10.9401326751 49.8875747458 -76.146520831
7.34025703518 0 19.7333088455 10.638251685 47.9205525829 -74.5732555898
7.34210893077 0 19.7234530326 10.5392755803 47.2550066573 -74.0389536509
7.34322067227 0 19.7122935432 10.476331386 46.8535196977 -73.7161686471
7.34639472452 0 19.6885228882 10.3085138757 45.6993684761 -72.7863331773
7.3479841407 0 19.6743842096 10.2206313626 45.1170964424 -72.3161653638
7.34915633716 0 19.6728899047 10.1791738629 44.6858489167 -71.9674950045
7.35122397455 0 19.6504007809 10.0508824074 43.9214521171 -71.3485415842
7.3532893794 0 19.6286906426 9.94057288276 43.1532107775 -70.7253021879
7.35864341218 0 19.5866799401 9.65578866726 41.1405967189 -69.0871527928
7.36184194605 0 19.5473555295 9.48726570275 39.9241440643 -68.0933614956
7.36853021842 0 19.47985916 9.14217253653 37.348011433 -65.9800459816
7.36948689227 0 19.4747544132 9.09043002648 36.9760647802 -65.6739727572
7.37096225801 0 19.4507769578 9.0136606275 36.4008100211 -65.200138432
7.37351240829 0 19.4186103477 8.88101567863 35.4018681592 -64.3760059322
7.37449478615 0 19.4089041311 8.83407432509 35.0155190105 -64.0568259789
7.37578368878 0 19.3932422493 8.76806596402 34.507350241 -63.6366365959
7.37817929689 0 19.3733022928 8.66509475975 33.5590879915 -62.851439546
7.38431777671 0 19.2814292612 8.33422423975 31.1078418783 -60.8151900031
7.39272638736 0 19.1722968383 7.91611575879 27.7036262943 -57.9722984068
7.39327517605 0 19.1695009221 7.88846735303 27.4797132818 -57.7847145945
7.39774042614 0 19.0924368373 7.66729365211 25.6504572357 -56.2495862537
7.40199900997 0 19.0420502174 7.45928914062 23.8942466691 -54.7713705161
7.40225958236 0 19.0296470946 7.44844091555 23.7864392947 -54.6804904758
7.40518726006 0 18.9833824595 7.30405790834 22.5725220206 -53.6560901986
7.41013754331 0 18.9047227779 7.06920408079 20.5095121208 -51.9106436751
7.41188259526 0 18.875649233 6.9860186515 19.7793458624 -51.291531981
7.41577619062 0 18.8080529837 6.80136112683 18.1451236466 -49.903364396
7.41891270841 0 18.7571868824 6.671870294 16.8239424937 -48.7786067881
7.42161554137 0 18.6975528302 6.52296977851 15.6823513452 -47.8049623749
7.42498141557 0 18.6450828369 6.38925186223 14.257070898 -46.5870771079
7.42597301612 0 18.6178868832 6.32224207654 13.8364650894 -46.2271928953
7.42669605233 0 18.6126491049 6.28971066942 13.5295835071 -45.9644771569
7.42998959695 0 18.5403379056 6.14037327727 12.1297639237 -44.7646505074
7.43328239619 0 18.4687721307 5.988751176 10.7274095398 -43.5602551989
7.437517718 0 18.3960600014 5.79739652177 8.92012270089 -42.0045836295
7.43782362257 0 18.3829520301 5.78573079444 8.78945526928 -41.8919559668
7.43864543776 0 18.3642201126 5.74864920738 8.43833735861 -41.5892116909
7.43966310981 0 18.3491412669 5.70284656543 8.00338897825 -41.2139819846
7.44015025271 0 18.3410996497 5.70004236019 7.79513042368 -41.0342375224
7.44161915587 0 18.3064809245 5.60775274452 7.16695691571 -40.4917585381
7.44408331203 0 18.2540050594 5.50486202409 6.11256632541 -39.5801522263
7.45049373922 0 18.111847636 5.22557240287 3.36723836413 -37.2004250059
7.45434317836 0 18.0205268439 5.05994805277 1.71802697158 -35.7665766887
7.45816730424 0 17.9277270426 4.89582301816 0.0799927503616 -34.339287383
7.45818182286 0 17.9278889398 4.89528427898 0.0737752955463 -34.3338638579
7.45902353194 0 17.9068774895 4.85933937148 -0.286652554431 -34.0193829462
7.46312419493 0 17.8156650686 4.70467709497 -2.0416696722 -32.4859184334
7.46701809375 0 17.7185011791 4.54188387842 -3.70622585717 -31.0281583346
7.46763431756 0 17.6931446119 4.49696857391 -3.96942452766 -30.7973603336
7.46818432411 0 17.6829433694 4.47521791083 -4.20428274136 -30.5913452477
7.46876552442 0 17.6747443015 4.46949175052 -4.45239921399 -30.3736297136
7.46930718259 0 17.6519979973 4.42581002765 -4.68357581734 -30.170713292
7.47168286344 0 17.5943875382 4.33113246026 -5.69677995118 -29.2806259365
7.47450897024 0 17.5171820061 4.21252637452 -6.90038443611 -28.2216999576
7.47527355694 0 17.5023159012 4.18201333524 -7.22566207987 -27.9352279561
7.47572855839 0 17.4910297301 4.16366688588 -7.41915772328 -27.7647568697
7.47733117868 0 17.4462380141 4.101331437 -8.10022783638 -27.1643756038
7.47837468311 0 17.4118884576 4.054658388 -8.5432813392 -26.7735161942
7.48048117717 0 17.3628556586 3.97217310679 -9.43661900056 -25.984706877
7.48628256342 0 17.1958940442 3.74349663325 -11.8888862499 -23.8144564226
7.48720393755 0 17.1714951082 3.70805058319 -12.2771613003 -23.4701681704
7.49306215669 0 17.0088627492 3.47849871269 -14.7372173455 -21.2845297534
7.49494314446 0 16.9466167293 3.40754947241 -15.5236836512 -20.584221503
7.49683373192 0 16.8969104335 3.33558228421 -16.3123509884 -19.8811806522
7.49975063074 0 16.8045337134 3.2256271546 -17.5253972712 -18.7983137879
7.50127317195 0 16.8103708987 3.16715972154 -18.1566807973 -18.2340413744
7.50243333306 0 16.8284808577 3.12712383203 -18.6368060761 -17.8045419505
7.50391924269 0 16.8488446397 3.07091143053 -19.2505627062 -17.2550717742
7.5094283276 0 16.9123445761 2.87295737549 -21.5139325446 -15.2245533266
7.51173541276 0 16.9421455433 2.78722834225 -22.4557593771 -14.3776352647
7.52047566952 0 17.0369238392 2.47725154613 -25.9884181818 -11.1902742212
7.52601199721 0 17.0819952511 2.29526080752 -28.1945668815 -9.19092444881
7.52826578368 0 17.1047191295 2.2186788961 -29.0850994424 -8.3818751375
7.52906754795 0 17.11083473 2.1903538485 -29.4008015141 -8.09477904034
7.5318477612 0 17.1296345299 2.10214615732 -30.4909654816 -7.10225061665
7.53555529659 0 17.1599318173 1.97895930603 -31.9333710924 -5.78624934701
7.53592246511 0 17.1610555788 1.98701011024 -32.0754897913 -5.65641088748
7.53922824127 0 17.1846204766 1.86193469794 -33.3489741336 -4.49154400744
7.54128109613 0 17.2066966308 1.78786961317 -34.1341756827 -3.77201827828
7.54160836626 0 17.2024836182 1.78413499972 -34.2589477474 -3.65758997331
7.54934914799 0 17.2471816653 1.56179052823 -37.1763690472 -0.974585482392
7.5542166101 0 17.2756909362 1.39091777147 -38.9762164546 0.688049575034
7.55457069767 0 17.2694378816 1.38189726102 -39.1060597963 0.808222095818
7.55901889133 0 17.2975041059 1.24867147082 -40.7242574424 2.30855354944
7.56363758441 0 17.3096964231 1.13412838607 -42.3783849586 3.8474577887
7.56455777373 0 17.3084165949 1.08697284099 -42.704671945 4.15166763449
7.5669750929 0 17.3196241948 1.01980742996 -43.5565353098 4.94693527661
7.57624419378 0 17.3359593779 0.757638816282 -46.7495973757 7.94197497764
7.5768241938 0 17.3488395395 0.735703495336 -46.9454076065 8.12640513177
7.58234604605 0 17.3482059811 0.593162649816 -48.7851819517 9.86386481325
7.58801320409 0 17.351835876 0.441702990798 -50.6261526063 11.6112644929
7.58813791429 0 17.3481943146 0.442268568698 -50.6661131939 11.6492972066
7.59210526915 0 17.3458379924 0.340653058057 -51.9247111375 12.8495317919
7.59583210749 0 17.3461316836 0.242661864602 -53.0843001606 13.9595609595
7.59633562577 0 17.342653353 0.233224591142 -53.2392529628 14.1082108826
7.59709373051 0 17.342187744 0.213556696951 -53.4717748 14.3314199417
7.60589459951 0 17.3234697713 0.00090374187746 -56.1014320592 16.8686098426
7.61506200767 0 17.2926553319 -0.210577006678 -58.6994595924 19.4012316895
7.61568722972 0 17.2862126582 -0.226981348367 -58.8712316553 19.569701581
7.61871764469 0 17.2736035885 -0.294619267773 -59.6937995476 20.3783710666
7.61895308587 0 17.2766080063 -0.297543290762 -59.7570086924 20.4406468656
7.62101130766 0 17.2754160377 -0.351183213326 -60.3052587391 20.9816385651
7.62392466625 0 17.2489914695 -0.408131384563 -61.0679251515 21.7368001184
7.62712209526 0 17.2371040949 -0.47467670867 -61.8867072169 22.5510911434
7.63255017015 0 17.204659615 -0.568327974896 -63.2322549465 23.8980213107
7.63702408533 0 17.1804799127 -0.6794028132 -64.2984732301 24.973931033
7.6424434553 0 17.1374200153 -0.783462160254 -65.5371783542 26.2347625004
7.64716871465 0 17.1001348128 -0.87203801146 -66.569152177 27.2953411871
7.64773272643 0 17.0959313033 -0.864390388368 -66.6893003456 27.4194841948
7.64915281625 0 17.0892317734 -0.911667893205 -66.9889313031 27.7297223076
7.65282109495 0 17.0525641223 -0.97548006348 -67.7437046414 28.5155332525
7.6545352235 0 17.0375602297 -1.00621395975 -68.0868332529 28.8749646291
7.65532441157 0 17.031079274 -1.02057365458 -68.2427491284 29.0387718263
7.66164376812 0 16.9730247078 -1.13151049837 -69.4439531291 30.3119348564
7.66356117934 0 16.9524646594 -1.16216416836 -69.7916549291 30.6845546344
7.66703316127 0 16.9168678769 -1.21943323488 -70.4011832191 31.34285814
7.66724135175 0 16.9105714203 -1.22505706493 -70.4369062047 31.3816554621
7.66820912253 0 16.90932832 -1.24109112789 -70.6017319891 31.5609944831
7.66989745543 0 16.887886604 -1.26716036561 -70.8844138052 31.8698710243
7.67063790955 0 16.8796360181 -1.27953088494 -71.0064327916 32.0037293217
7.67119104129 0 16.8738943932 -1.28774445486 -71.0968024792 32.1030828248
7.67184160066 0 16.8649554794 -1.29625481672 -71.2022341416 32.2192335097
7.67701765685 0 16.8066304516 -1.37627821047 -72.0079655286 33.1161311518
7.68058496272 0 16.7647430846 -1.43019275416 -72.5287790555 33.7058534805
7.68086779419 0 16.7615187945 -1.43395318654 -72.5688593366 33.7516090982
7.68172886732 0 16.7515131828 -1.44701135626 -72.6897827762 33.8900025379
7.68525242793 0 16.7072525835 -1.49705490171 -73.1673017238 34.4420124342
7.69286471544 0 16.610277171 -1.60347245498 -74.1032477933 35.5553263913
7.6941372656 0 16.5934085393 -1.62048881289 -74.2468537124 35.730769503
7.69457835628 0 16.5873831732 -1.62626241676 -74.2957663331 35.7908633529
7.70188122943 0 16.4840219277 -1.69932057917 -75.0406425717 36.7317438575
7.71030293666 0 16.3607333748 -1.81849036773 -75.7464318654 37.688917816
7.71105040498 0 16.3500250697 -1.82786595764 -75.8010911236 37.7671929094
7.7143763501 0 16.2973660653 -1.86400580966 -76.0284527148 38.1022007044
7.71666401456 0 16.2570106012 -1.89039046231 -76.1697821398 38.3199960988
7.72911905957 0 16.0570406721 -2.01445978721 -76.7229475024 39.3238334291
7.72973186147 0 16.0502355378 -2.02352403793 -76.7407003249 39.3652458648
7.73005086744 0 16.0410145489 -2.00425403092 -76.7495898351 39.3865065831
7.73373752378 0 15.9777368679 -2.05654992113 -76.8348228595 39.6174214086
7.73646218158 0 15.9289579436 -2.08000985417 -76.877099939 39.7705595828
7.74077153888 0 15.8522259975 -2.11664117927 -76.9079941841 39.9822952048
7.74137709731 0 15.8434390273 -2.12358565258 -76.908802544 40.0090530402
7.75416580828 0 15.6032836494 -2.21860392914 -76.7226179978 40.401405707
7.75911144021 0 15.503636538 -2.25417122439 -76.5467097766 40.464618408
7.7608681044 0 15.4749566127 -2.26485043823 -76.4703189987 40.4751927973
7.76097981022 0 15.4790794881 -2.27220617079 -76.4652151071 40.475654763
7.76364737159 0 15.4184175451 -2.28046058868 -76.3345956065 40.4792141316
7.76456155099 0 15.3998052219 -2.28572822414 -76.2859766245 40.4771351578
7.76665281417 0 15.3588152708 -2.29878403904 -76.1673671384 40.4660522162
7.76849543414 0 15.320354273 -2.30832887568 -76.054349468 40.4489956442
7.77145333796 0 15.2606636055 -2.32487075826 -75.8562898242 40.4073502142
7.77616176392 0 15.171133745 -2.35717785542 -75.498864899 40.3048712746
7.77824819147 0 15.1235063591 -2.36292638961 -75.3239866355 40.2452828565
7.77841056354 0 15.1161793012 -2.35971148571 -75.3099534786 40.2402810828
7.78328193084 0 15.0133328853 -2.38225662525 -74.860584236 40.0658048879
7.78897620073 0 14.8907684727 -2.38634489778 -74.2660933919 39.802181408
7.7929503636 0 14.8056182274 -2.42073932598 -73.8073250037 39.5803087749
7.79323467781 0 14.7980649936 -2.42076774635 -73.7731304088 39.5632475913
7.79340255885 0 14.7980963032 -2.42469878697 -73.7528533657 39.553099009
7.79414271542 0 14.7790318533 -2.42530621039 -73.6626955646 39.5076980059
7.79424585072 0 14.7771813204 -2.42518132708 -73.6500344542 39.5012866383
7.79526642731 0 14.753737026 -2.42753324295 -73.5234517448 39.4367221393
7.79533280367 0 14.7513849715 -2.42701545877 -73.5151376697 39.4324525257
7.80011512393 0 14.644957603 -2.44163242479 -72.8900695022 39.102259683
7.80702441544 0 14.489224163 -2.45971180436 -71.8970042028 38.5471163978
7.81816157587 0 14.2373099123 -2.48341997045 -70.0764049044 37.4609256172
7.81886508826 0 14.2171702035 -2.48393109669 -69.952438913 37.3844942794
7.81980828151 0 14.1957330407 -2.48489257382 -69.784588124 37.2805809915
7.8281165523 0 14.0026865097 -2.4944928893 -68.2252040417 36.2945037449
7.83682994775 0 13.796711515 -2.50404091746 -66.4368905028 35.1262338933
7.83786265385 0 13.7631194081 -2.49545838256 -66.2147887354 34.9788439709
7.84650066456 0 13.5527982253 -2.49373562967 -64.2747968891 33.6735038681
7.84859211514 0 13.5020173861 -2.49291366995 -63.78335786 33.3382646227
7.84929744042 0 13.4860132222 -2.49393871049 -63.6157463441 33.2235466107
7.85296953009 0 13.3936545501 -2.48933659813 -62.727975227 32.6128833848
7.8537146223 0 13.3834629862 -2.49712505901 -62.5447644889 32.4862492486
7.85857508879 0 13.254688198 -2.48343044135 -61.3245483377 31.6379159857
7.8655143963 0 13.081103556 -2.47333174987 -59.5087053518 30.361157135
7.86955280731 0 12.9807271237 -2.46829915509 -58.4131808721 29.5835479497
7.87059842771 0 12.9579507822 -2.46673361331 -58.124987544 29.3781507208
7.87759937259 0 12.7768574486 -2.44994719776 -56.148453593 27.9608624237
7.88166987202 0 12.6740343151 -2.44162189501 -54.9626853454 27.1039794062
7.88458417348 0 12.598504526 -2.4318484954 -54.0977327375 26.4760831872
7.89164640071 0 12.4194498331 -2.41389380501 -51.9482165343 24.9061893242
7.89279327848 0 12.3890458301 -2.40837053327 -51.5922015061 24.6449567454
7.89458275319 0 12.3427875349 -2.40253390217 -51.0329405273 24.2339317978
7.89595406 0 12.3081157458 -2.39894531406 -50.6012962404 23.9161630767
7.90075309565 0 12.1860510003 -2.38448265802 -49.070200705 22.7854149293
7.90726021532 0 12.0188742668 -2.36121783656 -46.9451355049 21.2074002897
7.90859485436 0 11.9834048018 -2.33577815541 -46.5025819309 20.8776009762
7.91938605904 0 11.7071729139 -2.31338511882 -42.8459443724 18.1386534423
7.92098545381 0 11.6648397275 -2.30453031379 -42.2927197131 17.7222541059
7.9242729319 0 11.5844040729 -2.29447041842 -41.1470334788 16.8583710788
7.92481480672 0 11.5673472038 -2.28879977412 -40.9571104853 16.7149665422
7.92707197316 0 11.5082905217 -2.27799362388 -40.1627932379 16.1146161163
7.92945513115 0 11.4489080276 -2.26904627853 -39.3186758544 15.4756129555
7.94041165429 0 11.1675312687 -2.21665664623 -35.3710956103 12.474420391
7.94113678833 0 11.1498416364 -2.21409436484 -35.1062518528 12.2723620905
7.94634085842 0 11.0170139692 -2.18827099422 -33.1937813398 10.8108352977
7.94937952263 0 10.9396139132 -2.17284354429 -32.0680970181 9.94865695582
7.95488643031 0 10.7983182661 -2.14327976731 -30.0127858693 8.37101838182
7.9569395681 0 10.746218438 -2.13189148041 -29.2418931578 7.77819441235
7.95943952846 0 10.6911203367 -2.12697747322 -28.3001447762 7.0532076228
7.95972220725 0 10.6758375918 -2.09868973805 -28.1934547189 6.9710218928
7.96576664187 0 10.5247364799 -2.08636592153 -25.9031240325 5.20425574523
7.96795352167 0 10.4688367236 -2.0539623793 -25.0706436095 4.56095168724
7.97050668197 0 10.4062171171 -2.06033476298 -24.0964966487 3.80744781514
7.98105141453 0 10.1468703265 -2.0025961981 -20.0533556703 0.67226559171
7.9839906681 0 10.0704823867 -1.96334868004 -18.9223881026 -0.206813903678
7.98422709915 0 10.0648442049 -1.98045115608 -18.8313667527 -0.277600283275
7.98738199302 0 9.98746204575 -1.96272302134 -17.6163060197 -1.22305581533
7.99024715265 0 9.9180936657 -1.94613365688 -16.5123424511 -2.08287119321
7.99233228899 0 9.87021466198 -1.93710872584 -15.7088645904 -2.70911860839
7.99310743691 0 9.84355852917 -1.93094991798 -15.4101941107 -2.94200533071
7.99311212621 0 9.84340717917 -1.93090001815 -15.4083873512 -2.94341429904
8.00758668596 0 9.4867688393 -1.86710494072 -9.84407638398 -7.29091958474
8.01346429999 0 9.33604279715 -1.83167713825 -7.59865204003 -9.04949238782
8.01414104094 0 9.31948961838 -1.84739861512 -7.34090044753 -9.25149304669
8.02137655041 0 9.14241085948 -1.82946187624 -4.59744763256 -11.4031036387
8.02308094201 0 9.09891958196 -1.82597363401 -3.95490397596 -11.9074144265
8.02349108137 0 9.08631019461 -1.82247648291 -3.80051804101 -12.0286067149
8.03736673317 0 8.74864218602 -1.78482352469 1.36017743392 -16.0835504505
8.03749185435 0 8.74257833206 -1.78068994067 1.40608977445 -16.1196535616
8.03767321528 0 8.73900582359 -1.78108578633 1.47261688559 -16.1719677878
8.0394581333 0 8.69398886818 -1.75663154061 2.12595266338 -16.6857680378
8.04956503225 0 8.45861789231 -1.74855070286 5.77297691885 -19.5550207178
8.05407197143 0 8.34832804876 -1.73271993927 7.36751190217 -20.8098702144
8.05689959434 0 8.28669793982 -1.72981340574 8.35689127806 -21.5885101421
8.05705962895 0 8.27939062079 -1.72490954919 8.4126229466 -21.6323706611
8.07593673657 0 7.85816732404 -1.68039594138 14.7662171176 -26.6304839534
8.07804587482 0 7.80386788471 -1.67360808271 15.4463939855 -27.1650424387
8.08398253686 0 7.67965488895 -1.65582398846 17.3253561747 -28.6408354629
8.08710281851 0 7.61324191744 -1.631718996 18.291050185 -29.398693379
8.08770585527 0 7.60876861107 -1.65649671053 18.4758876908 -29.5436936407
8.09051420554 0 7.54205061794 -1.64173638141 19.3288504388 -30.2125605315
8.09659469335 0 7.41567453242 -1.62842234966 21.1301366401 -31.6234552795
8.10107991908 0 7.32748040307 -1.62346324708 22.4173062917 -32.6300345582
8.10335073389 0 7.27876218477 -1.61532367151 23.0550348602 -33.1281491971
8.12326719319 0 6.89290034067 -1.58078025325 28.2172542446 -37.1395324252
8.12744234604 0 6.81037288624 -1.57673679617 29.1949226371 -37.8934031021
8.12827902028 0 6.79908917257 -1.55506601908 29.3862403355 -38.0406265935
8.13633128469 0 6.65485146856 -1.56253280617 31.1468761187 -39.3899691182
8.15911590583 0 6.27348523094 -1.54605970264 35.2898634127 -42.5021862222
8.1610042856 0 6.24257544494 -1.54328255347 35.5745286232 -42.7105337524
8.17280564526 0 6.06161744947 -1.53981446297 37.1390551156 -43.8306802709
8.17539509969 0 6.02360327679 -1.53991657446 37.4318411593 -44.0335565821
8.17963417048 0 5.96301034239 -1.54116978093 37.8710464667 -44.3315438821
8.18859467046 0 5.83940098912 -1.54605067766 38.6327918998 -44.8193750049
8.19348386201 0 5.77371791099 -1.54761357647 38.9513075995 -45.0026263461
8.20458671653 0 5.62756728514 -1.55914560236 39.4143479561 -45.1960401613
8.20778943607 0 5.59401473204 -1.56061352894 39.4797619855 -45.1934131228
8.22620898517 0 5.38604634201 -1.56974945874 39.251306718 -44.658600231
8.23740212643 0 5.27460503124 -1.61025418592 38.6015938712 -43.893348241
8.24368028622 0 5.22019117183 -1.62752684144 38.0661923179 -43.3163647998
8.24402611998 0 5.2078439849 -1.62824382009 38.0331172696 -43.2814815017
8.24490301032 0 5.20585683909 -1.62989191063 37.9475746664 -43.1915790111
8.24809514455 0 5.17688799054 -1.63647923828 37.6158402695 -42.8466948816
8.25216585477 0 5.14161627651 -1.64673993749 37.1465036933 -42.3667606351
8.25755551743 0 5.10175120038 -1.66487005737 36.4452673085 -41.6620661667
8.25769876645 0 5.09588883396 -1.66218224308 36.4253894008 -41.6422598022
8.25824675196 0 5.09310760429 -1.66566285917 36.3487560712 -41.5659779788
8.26790208093 0 5.02242394031 -1.69886207033 34.8447289472 -40.0882424345
8.29514675429 0 4.84674715741 -1.80012335769 29.0505673282 -34.5669124598
8.30368137353 0 4.80963653477 -1.83391037392 26.7757620828 -32.434998
8.30503420789 0 4.80554956009 -1.8423882288 26.3955929773 -32.0798702473
8.30578377156 0 4.80069468027 -1.84397001838 26.182668344 -31.8810972917
8.30672456258 0 4.79616032269 -1.84770596217 25.9131241816 -31.6295933178
8.3164582072 0 4.76168767848 -1.89906912757 22.9759930422 -28.8969256642
8.31890220931 0 4.75099067247 -1.90852582455 22.1966496368 -28.1739014079
8.32183450188 0 4.73949591013 -1.92129664561 21.2398372368 -27.2872206745
8.32309337685 0 4.73570639277 -1.92802625156 20.8218450191 -26.9001819812
8.33271657413 0 4.70773650517 -1.977803173 17.4861397391 -23.8173535357
8.33723804313 0 4.70108785259 -2.00756752146 15.8351264298 -22.2947208776
8.3411113059 0 4.69049854433 -2.02682645444 14.3795330018 -20.9537412241
8.35109652382 0 4.67357367715 -2.08402825383 10.4574944067 -17.345877356
8.3779342772 0 4.65768880759 -2.25019923419 -1.18575980196 -6.66277213699
8.38032437973 0 4.65674099336 -2.2632468744 -2.29234953047 -5.64856554221
8.38196183895 0 4.66513253365 -2.28260307311 -3.05638608521 -4.94836641338
8.38321391557 0 4.66246688741 -2.28527685278 -3.64378035192 -4.41007442907
8.39185483505 0 4.66694509772 -2.34417893642 -7.76909217301 -0.629932486331
8.39220787089 0 4.65920443402 -2.34513966908 -7.94017599284 -0.473167242466
8.39640902818 0 4.66734780258 -2.37003343549 -9.99044464506 1.40554723555
8.39855748072 0 4.66987379221 -2.38482243256 -11.04882858 2.3754227424
8.39929399893 0 4.6788384459 -2.39878576168 -11.413138206 2.70927820234
8.40631490893 0 4.61604715978 -2.37269571025 -14.9217810356 5.92505068635
8.40760764671 0 4.60474138229 -2.36810451525 -15.5744960072 6.52339181305
8.4145358577 0 4.54551669215 -2.34394686084 -19.1044322848 9.76006412473
8.42127545145 0 4.48910994482 -2.32119794924 -22.5838707985 12.9520649392
8.43930966614 0 4.34962953551 -2.26171221253 -32.052703673 21.6502350339
8.44185529943 0 4.33048723351 -2.25334721552 -33.401235971 22.8907355661
8.44702552049 0 4.29257843818 -2.23665395147 -36.1443079798 25.4156495236
8.45253241674 0 4.25533371601 -2.22192640989 -39.0683255984 28.1096828578
8.468534002 0 4.14557888136 -2.17082557739 -47.5317568522 35.9251161801
8.47051910411 0 4.13082909505 -2.16192262886 -48.5739206776 36.8895832961
8.49148173479 0 3.99569135802 -2.09369345054 -59.3738051778 46.9186372819
8.49904602128 0 3.94984404483 -2.06804865625 -63.1424550425 50.4361744701
8.52347184461 0 3.80481209451 -1.96527155462 -74.6124798853 61.2234723786
8.52449750573 0 3.80085813472 -1.97886052315 -75.0657851666 61.6530212639
8.53187809546 0 3.7609062701 -1.95650601737 -78.2485662287 64.6780122022
8.53568510486 0 3.73093384636 -1.93406188102 -79.8329019624 66.1903676487
8.54787178523 0 3.66323042708 -1.88529397809 -84.6153497393 70.7887315419
8.55159205849 0 3.63949665879 -1.86908962034 -85.9807080755 72.1127899216
8.56668345395 0 3.54822321432 -1.79917656118 -91.0145991014 77.05674265
8.581549828 0 3.45871762541 -1.70937735944 -95.0960984191 81.1815133671
8.58897088444 0 3.41030317719 -1.68573805094 -96.7731105092 82.9331324958
8.6045532096 0 3.3040759379 -1.59689282426 -99.4399485328 85.8798664036
8.61452633513 0 3.23756528598 -1.53507543909 -100.495668461 87.2072057021
8.61476126691 0 3.24285285029 -1.5330256839 -100.514101127 87.2329407488
8.61730243171 0 3.22530570181 -1.51647360799 -100.694112245 87.4946446084
8.6181511417 0 3.21977680287 -1.51131073594 -100.746285036 87.5752102567
8.61837589094 0 3.2194108106 -1.49382944515 -100.759430434 87.5959678571
8.62454966683 0 3.17727660719 -1.47117144846 -101.009393347 88.0704698943
8.63124241929 0 3.12799695387 -1.42202803307 -101.032980446 88.3716504492
8.63587024815 0 3.10124148136 -1.39634291305 -100.894742221 88.4465675974
8.68427984005 0 2.70047924477 -0.983186107208 -91.2886295442 82.1653266239
8.6924781453 0 2.63574069366 -0.886909202129 -88.0981538458 79.7433259253
8.69314928705 0 2.62825978003 -0.8958811041 -87.8160949477 79.5268661852
8.7043591391 0 2.5316705184 -0.788394447833 -82.6338471045 75.5005627669
8.70952537052 0 2.4788538245 -0.727113157071 -79.9446024117 73.3823157553
8.71750379275 0 2.39788987153 -0.637532906902 -75.416478076 69.7832753115
8.77248256196 0 1.80053948446 0.0591474772177 -31.9594430899 34.2329191015
8.78482983887 0 1.645548356 0.236219358184 -19.3796701081 23.7636145527
8.79055990344 0 1.58529668577 0.320146524808 -13.2169817386 18.6173310623
8.79975278579 0 1.46682017558 0.461563572821 -2.91946913186 9.99631491615
8.80306351072 0 1.46663139575 0.483875008215 0.908532707386 6.78522857824
8.80448013957 0 1.46628202858 0.494504619329 2.565237039 5.39453207046
8.80974082267 0 1.46640234934 0.531787905627 8.81336830236 0.144542875169
8.8220000553 0 1.46706511563 0.619693245222 23.9308088587 -12.5882225095
8.82221152843 0 1.47400752375 0.61478650765 24.198068709 -12.8136795507
8.82575122803 0 1.4652009288 0.650356368949 28.7024489782 -16.615249218
8.8512049328 0 1.4556398716 0.858569762075 62.6147303042 -45.3295454416
8.85928030069 0 1.44448699593 0.931599695752 73.8318980246 -54.8589684006
8.86315963313 0 1.43962245805 0.968570673441 79.2800717463 -59.4924022614
8.90327632266 0 1.39240325154 1.36156028795 136.717997963 -108.514279561
8.91717964312 0 1.3736149408 1.50768349214 156.473287196 -125.439997759
8.92813410297 0 1.35984180605 1.62424101546 171.70546916 -138.511256894
8.93051540875 0 1.36174569935 1.6476535827 174.963005292 -141.308974429
8.94343804985 0 1.34421245752 1.78855339586 192.213348368 -156.137922745
8.95124871677 0 1.3365045025 1.87389547505 202.2203688 -164.750880503
8.95237346046 0 1.33311493512 1.88851694945 203.631193061 -165.965804784
8.962447395 0 1.3247977199 2.01564537682 215.886650041 -176.526395276
8.96300399239 0 1.330418533 2.00165361544 216.542428916 -177.091839211
8.96453251156 0 1.3235370294 2.02178651219 218.331043029 -178.634257415
8.97790399736 0 1.31778563153 2.1674165461 233.147748131 -191.42271614
8.99285194124 0 1.31886364036 2.3269119722 247.685564015 -203.992682557
9.01829157671 0 1.33403569854 2.5954092753 266.334692697 -220.166064726
9.01931477335 0 1.33935875243 2.60204915175 266.899896005 -220.657704157
9.03126291502 0 1.35270435971 2.72669778788 272.31140705 -225.37499317
9.04750654205 0 1.39484386347 2.87917222593 275.863937696 -228.506054892
9.05327055626 0 1.40620148165 2.93497181501 275.977050991 -228.625541269
9.05781063406 0 1.41090265585 2.97704511092 275.616298519 -228.330489655
9.07179994417 0 1.47699429976 3.09332803701 271.879643905 -225.148146424
9.11301847394 0 1.70210166072 3.39098176254 235.118303602 -193.423100123
9.16238415598 0 2.15395499475 3.59500912609 132.595166004 -104.49941007
9.19200072423 0 2.50882869538 3.64266581197 37.3275969277 -21.6667385121
9.24439981064 0 2.80801894368 4.04309756064 -193.396261147 179.35893378
9.26519543357 0 2.94968300943 4.1738984693 -304.923300449 276.679310074
9.29362666141 0 3.195159649 4.29251075737 -471.776569997 422.419490047
9.31013140547 0 3.36110291441 4.33451934796 -574.1285992 511.895040817
9.31440289853 0 3.40480976938 4.34090858877 -601.038822699 535.428692727
9.36032996494 0 3.94406215877 4.33915825306 -890.637193156 788.916583384
9.37328741115 0 4.09647575687 4.32048371308 -968.418702782 857.071753134
9.42646531057 0 4.79693705742 4.15816788813 -1228.46172639 1085.22029039
9.43037753694 0 4.84859029174 4.1419009823 -1241.86952529 1097.00254856
9.46543958503 0 5.28572386369 4.0015793088 -1308.83081004 1155.98152938
9.47390028938 0 5.38901579103 3.96652865325 -1307.83821847 1155.17115649
9.53497468774 0 6.0104115628 3.76167919811 -1025.0353503 907.132313195
9.53674003014 0 6.0266999554 3.75864037834 -1008.19875032 892.344051698
9.6735817772 0 6.32941963703 3.47619407864 2426.43585431 -2132.00987897
9.76812303334 0 6.5703904939 3.17137811089 7483.8511333 -6597.5290672
9.80923185357 0 7.10766460766 2.75870423714 9973.00215383 -8800.27965469
9.97002895022 0 12.156573156 -3.45876852074 7204.66090941 -6413.39148503
