1.77034980863 -2 1.22364940435 -1.89908293367 0.749098953428 0.165064449412
1.8432278434 -2 1.23415121419 -1.87111087626 0.844854796669 0.125752332765
2.31646863451 -2 1.30866905125 -1.68001427038 1.32189479389 -0.109600421179
2.33512630927 -2 1.31310389703 -1.67255195909 1.33581026099 -0.118171744067
2.45692219066 -2 1.3468341077 -1.62485918509 1.41803447922 -0.172805877892
2.48579163325 -2 1.35610736194 -1.61386288284 1.43536905462 -0.185420553435
2.62338254656 -2 1.40776128608 -1.5636384531 1.50695362208 -0.243776022039
2.66057751736 -2 1.42390483958 -1.55077265496 1.52323728543 -0.259050067586
2.67432180343 -2 1.4301292088 -1.54611183976 1.52893037698 -0.264640158126
2.68771619993 -2 1.43630777606 -1.54161113518 1.5343114139 -0.270059917249
2.69564571163 -2 1.44003500513 -1.53897296341 1.53741954408 -0.273255390776
2.6958551585 -2 1.4401319811 -1.53890270748 1.53750086184 -0.273339663284
2.77642195416 -2 1.48046151754 -1.51306997964 1.56583422553 -0.305254597956
2.79288973227 -2 1.4892752 -1.50802622415 1.57090945918 -0.311654789834
2.80088896053 -2 1.49364026793 -1.50561197594 1.57328803552 -0.314748596475
2.82161402402 -2 1.5051275767 -1.49943787626 1.57918816245 -0.322718392344
2.83820738572 -2 1.51453700405 -1.49459130352 1.58364036435 -0.329051608477
2.84523511219 -2 1.51858991441 -1.49256930364 1.58545350921 -0.331721094879
2.84993723142 -2 1.52130106434 -1.49121780591 1.5866426433 -0.333502945773
2.86424727594 -2 1.52971498015 -1.48717615052 1.59014347681 -0.338904710393
2.87842567569 -2 1.53816380019 -1.48322857601 1.59343744064 -0.344225641993
2.91838323924 -2 1.56277831751 -1.47249766319 1.60179220124 -0.359054326177
2.99775736577 -2 1.61501062201 -1.45293412238 1.61438451683 -0.387780704647
3.02880159727 -2 1.63660745133 -1.44594288565 1.61788517817 -0.398751691477
3.03939363638 -2 1.64410169743 -1.44363730421 1.61889888354 -0.402460903596
3.04759783229 -2 1.64997782234 -1.44189061508 1.6196212482 -0.405322031622
3.05192664923 -2 1.65310244167 -1.44098251163 1.619980354 -0.406827478952
3.06671367828 -2 1.66386560999 -1.43793748792 1.62109258746 -0.411948222347
3.08083304238 -2 1.67425242182 -1.4351057813 1.62198999186 -0.416806288592
3.10046009441 -2 1.68891364151 -1.43131255789 1.62297186435 -0.423508329104
3.1095014817 -2 1.69573855494 -1.42961590407 1.6233207679 -0.426575704636
3.11363412366 -2 1.69889452283 -1.42885950544 1.62345861105 -0.42797354497
3.14177250774 -2 1.72056734743 -1.42386788395 1.62403813085 -0.437421172426
3.18230002403 -2 1.75266365254 -1.41730385777 1.62378223331 -0.450813982887
3.30681810541 -2 1.85730659636 -1.40191814493 1.61513260898 -0.490378131588
3.3131140677 -2 1.86282676077 -1.40133951524 1.61438689878 -0.492315104777
3.33652743523 -2 1.88352670798 -1.39935716017 1.61135846717 -0.499464677075
3.33763982571 -2 1.88448913312 -1.3992589744 1.61120461106 -0.499802256496
3.35191143561 -2 1.89727116459 -1.39820093076 1.60915084124 -0.504116364972
3.35515579443 -2 1.90018080739 -1.39797079623 1.60866334262 -0.505092708268
3.3694538057 -2 1.91310246942 -1.39703462257 1.60642430807 -0.509376153139
3.37171981058 -2 1.91513735716 -1.39688728013 1.60605593344 -0.510052116627
3.40553697876 -2 1.94611359538 -1.39512504607 1.60012171806 -0.520045918092
3.40645287465 -2 1.94694513613 -1.39507982567 1.59994966864 -0.520314135261
3.44119637405 -2 1.97931038485 -1.39389845889 1.59298609296 -0.53039314353
3.44469822014 -2 1.98257818619 -1.39380548368 1.59223722834 -0.531398695808
3.45981080518 -2 1.99684516043 -1.39351928708 1.58890743125 -0.535716574972
3.47079374606 -2 2.00729188505 -1.39339483415 1.58638809974 -0.538832460907
3.47430388468 -2 2.01061530713 -1.39335873274 1.58556534682 -0.539824373446
3.48896379661 -2 2.02461860752 -1.39330645863 1.58203750213 -0.543946509144
3.50917349196 -2 2.04407262933 -1.39342930281 1.57693293069 -0.549574827953
3.51126158448 -2 2.04611582524 -1.39346402214 1.57638966634 -0.550152763839
3.51791720477 -2 2.05254357573 -1.3935536369 1.57463832259 -0.551990399681
3.5188040559 -2 2.05338687085 -1.39356183247 1.57440269354 -0.552234746137
3.52359962437 -2 2.05805968594 -1.39365520197 1.57311933849 -0.553553926981
3.52574461775 -2 2.06012850481 -1.39369178006 1.57254028389 -0.554142831126
3.5278124682 -2 2.06216582398 -1.39374538228 1.57197911662 -0.554709884213
3.53076166355 -2 2.06501458379 -1.39380289682 1.57117378768 -0.555517482036
3.54714501159 -2 2.08102698267 -1.39426001324 1.56659364884 -0.559979425389
3.57774043944 -2 2.11118658974 -1.39551613011 1.55756105237 -0.568201165594
3.58974682911 -2 2.12306141439 -1.3961348957 1.5538473169 -0.571388143274
3.59149578805 -2 2.12480929291 -1.39623730816 1.55329843729 -0.57185053248
3.5949991145 -2 2.12830874444 -1.39644586825 1.55219295095 -0.572775322245
3.61776138349 -2 2.15104369782 -1.39793412881 1.54481512757 -0.578737895089
3.70990932552 -2 2.24445478885 -1.40697213931 1.51155215606 -0.60205970717
3.71842160709 -2 2.25319911885 -1.40806164163 1.50820975252 -0.604148031002
3.74541780764 -2 2.28095457507 -1.41177143638 1.49731366548 -0.61069712548
3.75623792631 -2 2.29212016307 -1.41338061224 1.49282112197 -0.613290467544
3.75742376057 -2 2.29334952293 -1.41356290557 1.49232442455 -0.613573588081
3.76998693964 -2 2.30634871053 -1.41553033249 1.48700982361 -0.616559758155
3.77538044454 -2 2.3119471101 -1.41640766333 1.4846989183 -0.617834285866
3.7958269861 -2 2.333152193 -1.41986930342 1.47577955873 -0.622625232982
3.79815603879 -2 2.33558217337 -1.42028367862 1.47474768631 -0.623166877264
3.80477539689 -2 2.34245303654 -1.42146401032 1.47179737877 -0.624701708091
3.80605799408 -2 2.34378638149 -1.42169628979 1.47122270002 -0.624998322605
3.8075555481 -2 2.34533340431 -1.42196487262 1.4705504719 -0.62534432724
3.86327547457 -2 2.40347098908 -1.43307784462 1.44460107736 -0.637972434611
3.86460737381 -2 2.40486125979 -1.43336544717 1.44395866314 -0.638268431955
3.8703872649 -2 2.41092914784 -1.43463888239 1.44115900201 -0.639549768866
3.89462669181 -2 2.43630319557 -1.44016478746 1.4292092533 -0.644867279921
3.89912847905 -2 2.44102005402 -1.44123109561 1.42695303627 -0.645844882094
3.91619468167 -2 2.45891230183 -1.44538801417 1.41829561813 -0.649522579076
3.93013256905 -2 2.47353031907 -1.44891591312 1.41110362546 -0.652492822145
3.95334292859 -2 2.49788664229 -1.45506066156 1.39888678391 -0.657372609447
3.9651561036 -2 2.51026853701 -1.45831105338 1.39255458364 -0.659824335575
3.97441749826 -2 2.51999072455 -1.46092639048 1.38753670444 -0.661731413726
3.98352280311 -2 2.52953590412 -1.46354548113 1.3825577923 -0.663593457569
3.98897609924 -2 2.5352612766 -1.4651426825 1.37955429236 -0.66470254134
3.99224726142 -2 2.53869012043 -1.46610775032 1.3777449162 -0.665365625551
4.00234540239 -2 2.54927864769 -1.46913165303 1.37212291381 -0.66740217126
4.00642707744 -2 2.55354852872 -1.47036870009 1.36983493049 -0.668220882338
4.01308960822 -2 2.56053980691 -1.47241942348 1.36608106713 -0.669551748286
4.0136194529 -2 2.56109634577 -1.47258395859 1.36578151817 -0.669657292989
4.03560800673 -2 2.5841119557 -1.47954274819 1.35321852078 -0.673999225219
4.03793743932 -2 2.58655548549 -1.48030060226 1.35187261529 -0.674454835493
4.04593874218 -2 2.59493072652 -1.48292414199 1.34722784029 -0.676013425932
4.04715688756 -2 2.5962060188 -1.48332736706 1.34651775355 -0.676249845192
4.05980842471 -2 2.60943112554 -1.48756599003 1.33909694727 -0.678691744273
4.06048175063 -2 2.61013356066 -1.48779402524 1.33869966401 -0.6788210126
4.06481103895 -2 2.61465849122 -1.48927076399 1.33613961534 -0.679650500376
4.06534562495 -2 2.61520483941 -1.48944920168 1.33582282161 -0.679752726119
4.06814035323 -2 2.61813096038 -1.49041215952 1.33416426131 -0.680286428282
4.07939760334 -2 2.62988247137 -1.49433085542 1.32744259262 -0.682424001499
4.09872665573 -2 2.6500188611 -1.50124431007 1.31574922321 -0.686048703574
4.12292046525 -2 2.67517032282 -1.51023910897 1.30084480129 -0.690504495821
4.14293868056 -2 2.69593162894 -1.51797037161 1.28829011983 -0.694123033909
4.14785201134 -2 2.70101930425 -1.51990786935 1.2851781397 -0.695001734953
4.15898725633 -2 2.71252774485 -1.52435360298 1.27808113842 -0.696979387274
4.1651354135 -2 2.71887982309 -1.52684514804 1.27413645727 -0.698063126
4.17213240669 -2 2.72609771439 -1.52970916779 1.26962460681 -0.699289398624
4.17382950899 -2 2.72784955933 -1.53040955331 1.26852666194 -0.69958569032
4.1810533603 -2 2.73528860833 -1.5334070293 1.26383746538 -0.700841911327
4.18735627123 -2 2.74177536343 -1.53605151035 1.25972535861 -0.701931408772
4.18993663854 -2 2.74442842954 -1.5371414169 1.25803633879 -0.702375674186
4.20217433625 -2 2.75699399642 -1.54236952684 1.24998222109 -0.704468675381
4.2032098471 -2 2.75805931621 -1.54281769653 1.24929740514 -0.704644718141
4.21428494153 -2 2.76941170718 -1.54764385525 1.24194100215 -0.70651720713
4.22527235766 -2 2.78064586412 -1.55250954612 1.23458510151 -0.708356183781
4.23713353144 -2 2.79275000087 -1.55785285636 1.2265801267 -0.710320508901
4.2371439948 -2 2.79276053775 -1.55785756149 1.22657303584 -0.710322232159
4.25376030421 -2 2.80966638326 -1.56549874405 1.21524775442 -0.713037546702
4.26152573381 -2 2.81754609165 -1.56913216519 1.20991092313 -0.714291919249
4.26941768024 -2 2.82554414598 -1.57286717433 1.20445855298 -0.715557202122
4.26984015933 -2 2.82596893205 -1.57306713661 1.20416586156 -0.715624665627
4.27577006229 -2 2.83196985305 -1.57590288623 1.20004899364 -0.71656867716
4.27627394858 -2 2.8324756996 -1.57614349855 1.19969842351 -0.716648643459
4.29215628116 -2 2.84850363317 -1.58385821354 1.18858909515 -0.719149091463
4.29252480971 -2 2.8488724336 -1.58403829274 1.18832995411 -0.719206649346
4.29982907088 -2 2.85622281046 -1.58764450199 1.18318106249 -0.720343129882
4.31522130383 -2 2.87166556199 -1.59535909346 1.17225205922 -0.722711096788
4.31926538597 -2 2.87571213385 -1.59741192508 1.1693630028 -0.7233271854
4.32287187686 -2 2.87931926976 -1.59925262204 1.16678040233 -0.723874482777
4.32542900103 -2 2.88187408473 -1.60056273479 1.16494574273 -0.72426132006
4.32845814788 -2 2.8848986368 -1.60212048432 1.16276866182 -0.72471825955
4.33143200954 -2 2.88786678795 -1.60365622617 1.16062735631 -0.725165483109
4.37044857715 -2 2.92657269602 -1.62434977839 1.13217403092 -0.73090667626
4.372560093 -2 2.92865456826 -1.62549863529 1.1306152954 -0.731210685629
4.37883228432 -2 2.9348343589 -1.62893026122 1.12597380457 -0.732109681941
4.38290225652 -2 2.93883828612 -1.63117122913 1.1229529471 -0.732689788014
4.38487781601 -2 2.94078035494 -1.63226314663 1.12148407062 -0.732970450027
4.39130363436 -2 2.9470878484 -1.63583246715 1.11669479725 -0.733879185436
4.39237409018 -2 2.94813753665 -1.63642983235 1.11589525918 -0.734029950024
4.39338380915 -2 2.9491273012 -1.63699399358 1.11514063985 -0.734171998416
4.39368663008 -2 2.94942391276 -1.6371632595 1.11491424043 -0.73421456896
4.41314584327 -2 2.96843806123 -1.64817507039 1.1002845485 -0.736920496873
4.41324078412 -2 2.96853027627 -1.64822932112 1.10021277995 -0.73693355588
4.4282846582 -2 2.98315061157 -1.65691983902 1.08879311866 -0.738985265923
4.43976336983 -2 2.99425840237 -1.66365439706 1.08001654995 -0.740527281871
4.43986026508 -2 2.99435179388 -1.66371155245 1.07994223294 -0.740540212019
4.44252800522 -2 2.99692760287 -1.66528988627 1.07789460519 -0.740895638968
4.44568288891 -2 2.99997049652 -1.66716256995 1.07546929825 -0.741314552571
4.45029994101 -2 3.00441839325 -1.66991561348 1.07191260474 -0.741924850265
4.45922187577 -2 3.0129928148 -1.67527640749 1.06501505106 -0.743094869515
4.46311322129 -2 3.01672434586 -1.67763154959 1.06199651896 -0.74360133515
4.47058007352 -2 3.02387095888 -1.6821798526 1.05618730374 -0.744566621068
4.47102261252 -2 3.02429324128 -1.68245034678 1.0558423024 -0.74462356096
4.47384897271 -2 3.02699361438 -1.68418297498 1.05363702698 -0.744986506222
4.47977230289 -2 3.03264202636 -1.68783102457 1.04900493158 -0.745743151344
4.4856566048 -2 3.03824275618 -1.69147933255 1.04438946244 -0.746489454519
4.50267712967 -2 3.05437541177 -1.70216553619 1.03096165385 -0.74861810412
4.51181607505 -2 3.06299691921 -1.7079857478 1.02370465984 -0.749742623406
4.53109916846 -2 3.08108780409 -1.72045351247 1.00828566237 -0.752073096435
4.5442577832 -2 3.09335671755 -1.72910869594 0.997681534054 -0.753630480288
4.54982864272 -2 3.09853314727 -1.73280945452 0.993172212487 -0.754281773714
4.55031186996 -2 3.09898156269 -1.73313145191 0.992780508872 -0.75433804264
4.55052813137 -2 3.09918209586 -1.73327556279 0.992605178833 -0.754363213327
4.55464841477 -2 3.10300005178 -1.73602762282 0.989261345477 -0.754841396016
4.57315669334 -2 3.12007784145 -1.74853668548 0.974161923164 -0.756957100353
4.58658367556 -2 3.13238456105 -1.75775915772 0.963127833197 -0.758458897804
4.59923532825 -2 3.1439168536 -1.76656311261 0.952669976823 -0.759848538929
4.61015499787 -2 3.15381849634 -1.77425027693 0.943596709173 -0.761028097895
4.61365989188 -2 3.1569885858 -1.77673587944 0.940675276585 -0.76140280414
4.62550909515 -2 3.16766302104 -1.78519955501 0.930765811667 -0.762655569726
4.63565791097 -2 3.17676169709 -1.79252637798 0.92223839573 -0.763711349018
4.63651373874 -2 3.17752835417 -1.79314799636 0.921517620799 -0.76379965453
4.64800255727 -2 3.18777342866 -1.80153504999 0.911816690488 -0.764974153043
4.65587868465 -2 3.1947641763 -1.80733711643 0.905139410173 -0.765767568724
4.66001595995 -2 3.19842807948 -1.81040291252 0.901623192208 -0.766180512699
4.66478438705 -2 3.20263934858 -1.813950079 0.897563176798 -0.766653178419
4.66634788083 -2 3.20401955906 -1.81511714111 0.896230242589 -0.766807394999
4.66753301762 -2 3.20506442503 -1.81600265617 0.895219307183 -0.76692404087
4.677983901 -2 3.21424970309 -1.82385238448 0.886283603827 -0.767943283146
4.68246782805 -2 3.21817682166 -1.82724366105 0.882438260344 -0.768375423912
4.6852649798 -2 3.22062375023 -1.82936682545 0.880035987748 -0.76864343072
4.68882723661 -2 3.22373187858 -1.8320773342 0.876972761864 -0.768982998961
4.69224972678 -2 3.22671571072 -1.83469085743 0.874025661413 -0.769307401141
4.69572376417 -2 3.22973675492 -1.83735105849 0.871030115142 -0.769634842159
4.69796585585 -2 3.23168552164 -1.83907304966 0.869094669042 -0.769845179638
4.69921024024 -2 3.23276564613 -1.84003007524 0.868019744566 -0.76996158467
4.70439852351 -2 3.23726111881 -1.84403155327 0.863532386312 -0.770444345862
4.70995898484 -2 3.24206705499 -1.84834118125 0.858713111117 -0.770957129837
4.71508019002 -2 3.24648061963 -1.85232903869 0.854265412526 -0.771425188455
4.71737673187 -2 3.24845508779 -1.85412286433 0.852268064339 -0.771633770305
4.72463768065 -2 3.2546866201 -1.85982005403 0.845941584081 -0.77228789096
4.74061891974 -2 3.26831758614 -1.87248745184 0.831956060005 -0.773698964839
4.74506638394 -2 3.27209050146 -1.87604413103 0.828049179866 -0.774084652098
4.74758805855 -2 3.27422584496 -1.87806686336 0.825831166725 -0.774301978665
4.75138104467 -2 3.27743222936 -1.8811176287 0.82249106888 -0.774627024698
4.75487239004 -2 3.28037833841 -1.88393477486 0.819412503172 -0.774924260471
4.75757192264 -2 3.28265094345 -1.88611820329 0.817029453512 -0.775152796807
4.76894829399 -2 3.29219593089 -1.89537674389 0.8069612496 -0.776103549391
4.7693947062 -2 3.29256810308 -1.89574142925 0.806565331673 -0.776140450315
4.77161136514 -2 3.29442259014 -1.89755733818 0.804598468022 -0.776323226683
4.77550989365 -2 3.29767425114 -1.90075760367 0.801135500243 -0.776642844989
4.77799374177 -2 3.2997431142 -1.90280237233 0.79892666188 -0.776845259483
4.79922951419 -2 3.3173094891 -1.92045685317 0.77996343658 -0.778536978628
4.80797928494 -2 3.32448350629 -1.92782086861 0.772109458872 -0.779213790309
4.81067081713 -2 3.32668473296 -1.93009742494 0.769688770294 -0.779419611434
4.8181252001 -2 3.33275813388 -1.93642667399 0.762973001091 -0.779983816383
4.82204901781 -2 3.33594659337 -1.93977451773 0.759431210783 -0.780277359086
4.83072181197 -2 3.34296321179 -1.94721016272 0.75158636822 -0.780917752619
4.83370479952 -2 3.34537035938 -1.94978046804 0.748882945999 -0.781135334
4.83574352625 -2 3.34701006827 -1.95153952454 0.747033762141 -0.781283250993
4.84278164209 -2 3.35265987592 -1.95763598399 0.740640500618 -0.781788966646
4.85445356758 -2 3.3619763195 -1.96782153832 0.73000577771 -0.782610803271
4.85708097103 -2 3.36406812243 -1.97012876527 0.727606349351 -0.782792905983
4.86353319223 -2 3.36917942322 -1.97581054464 0.721705451735 -0.78323558652
4.86399945677 -2 3.36954498122 -1.97622108118 0.721278560252 -0.783267327776
4.86604574394 -2 3.3711650966 -1.97803115241 0.719404325441 -0.783406233706
4.86980348937 -2 3.37412911236 -1.98136040611 0.715959384725 -0.783659635298
4.87054211528 -2 3.37470921982 -1.98201530057 0.71528176575 -0.783709188108
4.87110458255 -2 3.37515300882 -1.98251511281 0.714765650361 -0.783746866397
4.88489032755 -2 3.38595036948 -1.99482141924 0.702087670705 -0.784655089974
4.88529190834 -2 3.38626372751 -1.99518195699 0.701717548405 -0.784681107426
4.89694446069 -2 3.39531494179 -2.00568938567 0.690958000365 -0.785425219447
4.89777243435 -2 3.39595918719 -2.0064409681 0.690192027699 -0.785477295766
4.90475650132 -2 3.40134788597 -2.01278707971 0.683723334232 -0.785912360132
4.90477406205 -2 3.40136109113 -2.01280295763 0.683707052248 -0.785913444578
4.90524153632 -2 3.40172386096 -2.01323007468 0.683273587234 -0.78594229553
4.9169373401 -2 3.41068357409 -2.02393385945 0.672409002989 -0.786653154098
4.91827398211 -2 3.41170613125 -2.02516426428 0.671164959546 -0.78673305082
4.92911099962 -2 3.41993993325 -2.03517617587 0.66106070013 -0.787370654229
4.93968670624 -2 3.4279166634 -2.04502387702 0.651169435596 -0.787975424832
4.94744983799 -2 3.43373489758 -2.05230104765 0.643889652833 -0.788408382963
4.95008773073 -2 3.43570201325 -2.05478208502 0.641412353714 -0.788553385828
4.95214355654 -2 3.43724068037 -2.05672208602 0.639480408641 -0.788665649017
4.96015642328 -2 3.44318633578 -2.06429920068 0.631939757044 -0.789096990484
4.96029415244 -2 3.4432850806 -2.06442860235 0.631809997234 -0.789104318053
4.96173281846 -2 3.44435606212 -2.065796543 0.630454279421 -0.789180684182
4.96855477097 -2 3.44939273845 -2.07229185527 0.624018308854 -0.789538457111
4.97971755713 -2 3.45756856465 -2.08298333831 0.613461120283 -0.790108404813
4.98076777131 -2 3.45833553743 -2.08399401041 0.612466233259 -0.790161037642
4.98493316109 -2 3.46136361188 -2.08800677758 0.608517508495 -0.790368116607
4.98934034515 -2 3.46456266175 -2.09226729015 0.604334757801 -0.790584303479
4.99052439823 -2 3.46542233658 -2.09341493657 0.603210162431 -0.790641874787
4.99075935027 -2 3.46559821202 -2.09364485353 0.602986966416 -0.790653272977
5.01450120593 -2 3.48261543528 -2.11683752044 0.580361713306 -0.791761171439
5.01485128822 -2 3.48287244123 -2.11718557115 0.580027048556 -0.791776857578
5.02677933849 -2 3.49129350096 -2.1289793799 0.568606376358 -0.792300026953
5.03155104457 -2 3.49464779084 -2.13372691851 0.564027951309 -0.792503172641
5.03494625858 -2 3.49702187576 -2.13711229415 0.560766917213 -0.792645579268
5.03611341519 -2 3.49784033289 -2.13827931418 0.559645246924 -0.79269412319
5.04668766614 -2 3.50519165894 -2.14888240998 0.549468261076 -0.793124351516
5.04862711014 -2 3.50653150792 -2.15083456398 0.547598796541 -0.79320138948
5.05021291877 -2 3.50762131707 -2.15243101358 0.546069546959 -0.793263949467
5.05314378588 -2 3.50964359076 -2.15539050512 0.543241651567 -0.793378551313
5.05685556249 -2 3.51219760168 -2.15914665397 0.539657387213 -0.793521787195
5.06314030354 -2 3.51650031623 -2.1655258 0.533581209367 -0.793759469178
5.06387632979 -2 3.51699884392 -2.16627308084 0.532869007623 -0.793786906497
5.06681068638 -2 3.51900610233 -2.16926467027 0.530028386056 -0.793895462049
5.06693710801 -2 3.51908761711 -2.16939181149 0.529905958084 -0.793900109144
5.07008545199 -2 3.52122711915 -2.1726048812 0.526855881099 -0.794015043326
5.07234399995 -2 3.52275080471 -2.1749109323 0.524666422228 -0.794096552949
5.0791647878 -2 3.5273608647 -2.18190571435 0.518047192148 -0.794337936711
5.09235591967 -2 3.53618579648 -2.19551435671 0.505215922573 -0.794784411889
5.0965241057 -2 3.538963906 -2.19984223353 0.501153323952 -0.794919912564
5.10047422034 -2 3.54157112062 -2.2039479029 0.497299705161 -0.795045851824
5.1045882881 -2 3.54427652697 -2.20823467637 0.493282467136 -0.795174460574
5.11729713512 -2 3.55258645434 -2.22155253609 0.480849292967 -0.795555265577
5.11843278395 -2 3.55333001631 -2.2227498845 0.479736567342 -0.795588081783
5.12397572236 -2 3.55692056385 -2.22859526514 0.474301520534 -0.795745398997
5.12577761878 -2 3.55808799154 -2.23050136055 0.472533275226 -0.795795519302
5.12984090492 -2 3.56069904345 -2.23480175288 0.468543324475 -0.795906703551
5.131774238 -2 3.56193852045 -2.23685186887 0.466643649559 -0.795958711813
5.13299705908 -2 3.56272419797 -2.23815090641 0.465441707203 -0.795991309174
5.13426367858 -2 3.56353501481 -2.23949669368 0.464196380056 -0.796024830999
5.13496165677 -2 3.56397847649 -2.24023760708 0.463509990023 -0.796043197684
5.13938296258 -2 3.56679956389 -2.24494542111 0.459159700324 -0.796157795524
5.14098681734 -2 3.56782610839 -2.24665866284 0.457580590452 -0.796198621565
5.14378131188 -2 3.5695950601 -2.24964153503 0.454827922567 -0.796268807698
5.1444603585 -2 3.57002320481 -2.25036673119 0.454158793017 -0.796285680696
5.14450500768 -2 3.57004941103 -2.25041367794 0.45411479254 -0.796286787651
5.1534091117 -2 3.57566262381 -2.25996021853 0.445331775842 -0.796501397714
5.15480188973 -2 3.57655321964 -2.26146460739 0.443956455232 -0.79653386134
5.16833534265 -2 3.58496944889 -2.27607902578 0.430571975539 -0.796833733041
5.17524459928 -2 3.58923012115 -2.28358781819 0.423724477733 -0.796975937912
5.1763087064 -2 3.58989344854 -2.2847507115 0.422669032148 -0.796997185032
5.1783961222 -2 3.59116288012 -2.28702250497 0.420597951407 -0.797038357476
5.18246647552 -2 3.59364286086 -2.29146509478 0.416556960237 -0.797116709301
5.1831250394 -2 3.59404275575 -2.2921847175 0.415902838595 -0.79712914616
5.19276904243 -2 3.59990386368 -2.30276803418 0.406314116447 -0.797303611441
5.19422369733 -2 3.60077005301 -2.30436449031 0.404866221234 -0.797328682273
5.19447947222 -2 3.60091858061 -2.30464393076 0.404611592368 -0.7973330568
5.19566939646 -2 3.60163821705 -2.30595576045 0.403426832688 -0.797353275492
5.20295124722 -2 3.60600592402 -2.31399644891 0.396170622871 -0.79747224966
5.21250120912 -2 3.61166745638 -2.32458564136 0.386638887117 -0.797615888828
5.21370786216 -2 3.61238228297 -2.3259290299 0.385433304604 -0.797633037219
5.22111848428 -2 3.61671409173 -2.33418456972 0.3780232494 -0.797733430317
5.221347958 -2 3.61686248069 -2.33444646754 0.37779362905 -0.797736403878
5.22203716399 -2 3.61726173547 -2.33521541126 0.377103923603 -0.79774528592
5.22223581514 -2 3.61736628883 -2.33543305885 0.376905112052 -0.79774783241
5.23171445184 -2 3.62286922717 -2.34605626548 0.367410318678 -0.79786226646
5.23335046805 -2 3.6238283756 -2.34790129865 0.365769838012 -0.79788061595
5.23374879973 -2 3.6240434014 -2.34834372776 0.365370345107 -0.797885021149
5.23916205939 -2 3.62715930202 -2.35444463415 0.35993843391 -0.797942461678
5.24279160844 -2 3.62924258903 -2.35854712913 0.356293399058 -0.797978444767
5.24951252306 -2 3.63304362156 -2.36615193344 0.349537545351 -0.798039712379
5.25669570544 -2 3.63707400605 -2.37431042447 0.342308111797 -0.798097494135
5.26116374672 -2 3.63959974803 -2.37941476676 0.337806703886 -0.798129421805
5.26763867453 -2 3.64318647516 -2.38681387501 0.331277226069 -0.798170227725
5.27601439852 -2 3.64778595408 -2.396422954 0.32282017601 -0.798213423328
5.28154596933 -2 3.65081433063 -2.40279846642 0.317228314128 -0.798236020131
5.28305684807 -2 3.65161861298 -2.40453558006 0.315700065269 -0.798241371854
5.28963891259 -2 3.6552003253 -2.41215608138 0.309037846072 -0.798260579659
5.29312646413 -2 3.65705060943 -2.4161905247 0.305504888229 -0.798268049614
5.30840235321 -2 3.66515536823 -2.43398426474 0.290006501106 -0.798278671409
5.31069481227 -2 3.66636276718 -2.4366683052 0.287677374425 -0.798277160463
5.31973380583 -2 3.67105119632 -2.44726692838 0.278485599349 -0.798263306506
5.32256584987 -2 3.67250166753 -2.45059477049 0.275603016778 -0.798256373999
5.32459495385 -2 3.67357012424 -2.45299456954 0.273536926147 -0.798250646549
5.3331572863 -2 3.67792715489 -2.46310105643 0.26481143564 -0.798219486576
5.33750372734 -2 3.68012002987 -2.46824781725 0.260377829599 -0.798199343477
5.3521825649 -2 3.68744585805 -2.48571657951 0.245383374533 -0.798109785896
5.35246232443 -2 3.68759900666 -2.48605649818 0.245097285286 -0.798107756419
5.35663043366 -2 3.68963272177 -2.49103296925 0.240833494294 -0.798076090167
5.35901573627 -2 3.69079944081 -2.49388856385 0.238392280321 -0.798056763246
5.36370645105 -2 3.69307519708 -2.49951088058 0.233589180609 -0.798016197824
5.36398738435 -2 3.69322677725 -2.49985409485 0.233301414458 -0.798013660627
5.36675115891 -2 3.69455845197 -2.50317252178 0.23046980826 -0.797988051371
5.36678809818 -2 3.69457336918 -2.5032158054 0.230431954887 -0.797987701114
5.36952687377 -2 3.69591449898 -2.50651892403 0.227624856195 -0.797961146065
5.37666771598 -2 3.69931560665 -2.51512383189 0.220300812905 -0.797886469836
5.38044655667 -2 3.70110920508 -2.51969230625 0.216422091208 -0.797843770935
5.38243356616 -2 3.70204009997 -2.5220945958 0.214381754409 -0.797820435521
5.38819942533 -2 3.70473978497 -2.52908356995 0.208458025848 -0.797749275063
5.40022656061 -2 3.71030287069 -2.54372488754 0.196086828183 -0.797584341709
5.40410731546 -2 3.71208125502 -2.54846840971 0.192090862348 -0.797526363815
5.40844463083 -2 3.7140424995 -2.55377461634 0.187622395063 -0.797458816986
5.40915364263 -2 3.7143698688 -2.55464610785 0.186891706095 -0.797447499411
5.41087879897 -2 3.71514847556 -2.55676142131 0.18511352721 -0.79741963792
5.4121820182 -2 3.71573109017 -2.55835886193 0.183769993054 -0.797398286502
5.4169308905 -2 3.71784122861 -2.56418679022 0.178872328106 -0.797318267147
5.42179072656 -2 3.72001453898 -2.57017556135 0.173857181329 -0.797232777963
5.43804356916 -2 3.72709600159 -2.5902733575 0.157063007263 -0.796920420508
5.44859387387 -2 3.73155759677 -2.60338360487 0.146143667682 -0.796695857115
5.45552155671 -2 3.73445865683 -2.61203079655 0.138966308171 -0.79653906651
5.45578658567 -2 3.73458757067 -2.61236930852 0.138691613262 -0.796532921285
5.46151256188 -2 3.73695063594 -2.61953393917 0.132754769703 -0.796397508424
5.46316440684 -2 3.73760768135 -2.62159626265 0.131041375165 -0.796357504605
5.46539495907 -2 3.73853210906 -2.62439898619 0.128727203868 -0.796302818219
5.46714480198 -2 3.73925855971 -2.62660100834 0.126911357495 -0.7962593804
5.46861750846 -2 3.73983687912 -2.62844344088 0.125382826134 -0.79622245629
5.48068513666 -2 3.74468213883 -2.64364811349 0.112848413873 -0.795907296082
5.4834903899 -2 3.74580773471 -2.64719923542 0.109932298161 -0.795830817057
5.48577251104 -2 3.74668284104 -2.65007716304 0.107559343199 -0.795767705002
5.5097455077 -2 3.75583261608 -2.68054607146 0.0825980570682 -0.795056207368
5.51122881666 -2 3.75637920747 -2.68243893417 0.0810516026045 -0.79500927299
5.51235383903 -2 3.75681038226 -2.68388217134 0.0798785358711 -0.79497344917
5.51499850523 -2 3.75777528948 -2.6872600817 0.0771204167718 -0.794888467091
5.51592509346 -2 3.75813306043 -2.68845250012 0.0761539099366 -0.794858437562
5.52390593602 -2 3.76101662593 -2.69867493862 0.0678256487773 -0.794594308178
5.52437798413 -2 3.7612032812 -2.69928737785 0.0673328517471 -0.794578377924
5.53130319924 -2 3.76366551803 -2.70818601315 0.0601007093395 -0.794340722624
5.53465709884 -2 3.76484863613 -2.71250573634 0.0565964799604 -0.794222967699
5.53515132274 -2 3.76503684834 -2.71314839115 0.056080011838 -0.794205468948
5.53644199522 -2 3.7654872789 -2.71481174511 0.0547311375032 -0.794159593118
5.55067344148 -2 3.77040663286 -2.73322168048 0.0398474826564 -0.793636718349
5.55801038816 -2 3.77284715066 -2.74273832654 0.0321669788064 -0.793354953093
5.55869086653 -2 3.77306809337 -2.74362102278 0.0314543902587 -0.793328399661
5.55907731481 -2 3.77320393186 -2.74412647459 0.0310496879316 -0.793313288
5.56058535192 -2 3.77369577545 -2.7460852593 0.0294702905666 -0.793254097509
5.5630392638 -2 3.77451209369 -2.74928262083 0.0268998278244 -0.793157031876
5.57084279918 -2 3.77707463968 -2.75946882215 0.0187221457333 -0.792842188385
5.58456925859 -2 3.78138127039 -2.777424199 0.00432493952141 -0.792265593193
5.5869028869 -2 3.78210439615 -2.78048786948 0.00187572026426 -0.792164677163
5.58745191302 -2 3.78228262881 -2.78121239334 0.00129943486984 -0.792140812921
5.59524373201 -2 3.78463032413 -2.79144988358 -0.00688186574348 -0.791797119426
5.5953921865 -2 3.7846784499 -2.79164670147 -0.00703778784295 -0.79179048029
5.61790465471 -2 3.79123767967 -2.82140447061 -0.0307022682933 -0.790744354622
5.62299113254 -2 3.79265351817 -2.82815622905 -0.0360542340323 -0.790497169818
5.62593916202 -2 3.79349040221 -2.83208474822 -0.0391569783935 -0.790352079966
5.63781321369 -2 3.79664801615 -2.84789263028 -0.0516602851389 -0.789754119582
5.63921356924 -2 3.79700042723 -2.84975625457 -0.0531354806635 -0.789682166559
5.64041951794 -2 3.7973232072 -2.85136979456 -0.054405983782 -0.789619960228
5.64079159541 -2 3.79742921452 -2.85187032791 -0.0547979979339 -0.789600722127
5.6444712501 -2 3.79839730836 -2.85679499253 -0.058675304729 -0.789409317806
5.65660163602 -2 3.8014449255 -2.87304641916 -0.0714634077349 -0.788763547058
5.6585915176 -2 3.80192338142 -2.87571458127 -0.0735620568005 -0.788655447947
5.68514721559 -2 3.80811595008 -2.91153048214 -0.10159142128 -0.787154384221
5.68977343115 -2 3.80912835038 -2.91779773595 -0.106478342091 -0.786881765633
5.69025282913 -2 3.80922727222 -2.91844577857 -0.10698481984 -0.786853326457
5.69226676606 -2 3.80967087561 -2.92118085734 -0.109112647302 -0.786733467181
5.69454585956 -2 3.81016477404 -2.92427650551 -0.111520875824 -0.786597072822
5.69813546706 -2 3.81094743579 -2.92916177262 -0.11531440234 -0.786380625495
5.70349851826 -2 3.81201830142 -2.93644018112 -0.120983299273 -0.786053540885
5.7048084858 -2 3.81227944106 -2.93822102095 -0.122368182694 -0.78597297397
5.70493299322 -2 3.81231363375 -2.93839396624 -0.122499814826 -0.785965302623
5.71124916662 -2 3.81357834441 -2.94700081049 -0.129178371851 -0.785573004344
5.71640802895 -2 3.81457040623 -2.95403636643 -0.134634570624 -0.785248022926
5.73036931409 -2 3.81715887475 -2.97313594545 -0.149406301294 -0.784347954961
5.73224415705 -2 3.81749631676 -2.97570758432 -0.151390590047 -0.784224797032
5.73894777195 -2 3.8186723097 -2.98491147847 -0.15848665846 -0.783780004909
5.74380179099 -2 3.81951922159 -2.99159422105 -0.163625908899 -0.783453610386
5.7591751332 -2 3.82194403594 -3.01277065849 -0.179908090796 -0.782395900725
5.75975597958 -2 3.82203902787 -3.01357534841 -0.180523429448 -0.782355223165
5.76252662795 -2 3.82245041737 -3.0174009053 -0.183458752402 -0.782160474539
5.76616708474 -2 3.82297935442 -3.02243119134 -0.187315939882 -0.781902787814
5.76630575538 -2 3.8230083846 -3.02262641595 -0.18746287402 -0.781892931725
5.7723708296 -2 3.82387903546 -3.03102417325 -0.193889919638 -0.781458952611
5.77505862138 -2 3.82422925035 -3.03474020887 -0.196738455295 -0.781264817169
5.77580621564 -2 3.82434361545 -3.03578124683 -0.197530794762 -0.78121062148
5.77586990707 -2 3.82434374933 -3.03586624672 -0.197598298959 -0.781206000285
5.78503761662 -2 3.82556591397 -3.0485949565 -0.207315921931 -0.780534303374
5.79581659012 -2 3.82687751285 -3.06358704127 -0.218744058739 -0.77972797712
5.80014683077 -2 3.82738734253 -3.06962581419 -0.223335803065 -0.779399007356
5.80379918721 -2 3.82775394053 -3.07470477992 -0.227209018108 -0.77911928895
5.80471649258 -2 3.82787207866 -3.07599188479 -0.228181833333 -0.779048713279
5.80541762971 -2 3.82793822052 -3.07696673979 -0.228925409719 -0.778994681684
5.80871247881 -2 3.82826858746 -3.08155992197 -0.232419813342 -0.778739756321
5.81174867522 -2 3.82859771207 -3.08580863044 -0.235640067541 -0.778503361203
5.81328369156 -2 3.82874413143 -3.08795134087 -0.237268197309 -0.778383305451
5.81733189065 -2 3.82916249842 -3.09362230596 -0.24156213893 -0.778064947701
5.82169896006 -2 3.82957948636 -3.09973919113 -0.246194583597 -0.777718680169
5.82659473868 -2 3.82998011826 -3.1065861808 -0.251388177332 -0.777326994807
5.82768100582 -2 3.8300683407 -3.10810731543 -0.25254056461 -0.777239587347
5.82924281965 -2 3.83024743998 -3.11031593945 -0.254197469565 -0.777113595745
5.83137354982 -2 3.8303915167 -3.11329303547 -0.25645797486 -0.776941103067
5.83323620858 -2 3.83054707794 -3.11590950896 -0.258434122525 -0.776789738579
5.83401558369 -2 3.83058856373 -3.11699587533 -0.259260994632 -0.776726245786
5.83555145904 -2 3.83070158689 -3.11914998688 -0.260890488036 -0.776600849584
5.83600793446 -2 3.83076161575 -3.11980071804 -0.261374792057 -0.776563510635
5.8381222262 -2 3.83095041115 -3.12278212787 -0.263618005485 -0.776390145964
5.84026813151 -2 3.83107445357 -3.12578508856 -0.265894801591 -0.776213484288
5.8459318366 -2 3.83147582705 -3.13375414912 -0.271904147215 -0.775743809705
5.85679000014 -2 3.83213279682 -3.1490481731 -0.283425521972 -0.774829543202
5.85932618451 -2 3.83227179498 -3.15262610925 -0.286116691544 -0.774613375391
5.8634048844 -2 3.83247451034 -3.15838099873 -0.290444677128 -0.774263653592
5.86741546565 -2 3.83269368281 -3.16405808276 -0.294700409899 -0.773917271353
5.86780474176 -2 3.83268775213 -3.16459917263 -0.295113481817 -0.773883518663
5.86874972703 -2 3.83274388115 -3.16594033029 -0.296116232767 -0.773801485283
5.8696174669 -2 3.83278043795 -3.16716658821 -0.297037016623 -0.773726036243
5.87470351668 -2 3.83298493706 -3.1743601131 -0.30243396496 -0.773281475206
5.88157505016 -2 3.83323697925 -3.1840963165 -0.30972547252 -0.772674514102
5.88374974565 -2 3.83332135139 -3.18718577002 -0.312033051568 -0.772480907037
5.88977452304 -2 3.83343028913 -3.19571255073 -0.31842586016 -0.771940729449
5.89334095195 -2 3.83353893072 -3.20078811151 -0.322210053816 -0.771618328638
5.89751291292 -2 3.83358926664 -3.20670614931 -0.326636642001 -0.771238699519
5.90191260696 -2 3.83364974253 -3.21296212816 -0.331304710781 -0.770835440293
5.90589602586 -2 3.83371478004 -3.21864079584 -0.335530957821 -0.770467760801
5.90749169587 -2 3.83367531279 -3.22089307729 -0.337223854007 -0.770319790154
5.90770783533 -2 3.83367861126 -3.22120161833 -0.337453161013 -0.770299716787
5.90992850239 -2 3.83369756362 -3.22436758686 -0.339809084292 -0.770093061159
5.91941992738 -2 3.83367194229 -3.2378932527 -0.349877928952 -0.769201217443
5.92408278405 -2 3.83362539012 -3.24454561855 -0.354823997338 -0.768757992759
5.92878886727 -2 3.83357313305 -3.25127138412 -0.359815572225 -0.768307260015
5.93030288629 -2 3.833508824 -3.25341976124 -0.361421359562 -0.768161526362
5.93227448482 -2 3.83349372119 -3.25624607067 -0.363512401262 -0.767971218048
5.93287030721 -2 3.83348653426 -3.25709965087 -0.364144306018 -0.767913588428
5.93556018685 -2 3.83340108035 -3.26093546882 -0.366997000561 -0.767652734319
5.93603365873 -2 3.83341311012 -3.26162156208 -0.367499117022 -0.767606703381
5.93850988888 -2 3.83332097412 -3.26515219007 -0.370125086201 -0.76736540116
5.94165492694 -2 3.83323203823 -3.26965269997 -0.373460130692 -0.767057562372
5.9426703004 -2 3.83323754103 -3.27112019436 -0.374536804261 -0.766957851145
5.94273328454 -2 3.83322613157 -3.27120670847 -0.37460359017 -0.766951660769
5.94301882193 -2 3.83321003955 -3.27161270438 -0.374906361739 -0.766923589151
5.9541461695 -2 3.83278977454 -3.28755301046 -0.386703915937 -0.76581985186
5.95764372272 -2 3.83261586557 -3.29256281668 -0.39041152554 -0.765468981116
5.96091907711 -2 3.83243746856 -3.29725507402 -0.393883310776 -0.765138690871
5.96297993054 -2 3.83236418231 -3.30022580583 -0.396067614732 -0.764930024379
5.96398997107 -2 3.83228964866 -3.30166781335 -0.397138117823 -0.764827516158
5.96411300972 -2 3.8322643935 -3.30183726991 -0.39726851987 -0.764815018314
5.96557583647 -2 3.83221253502 -3.30394855721 -0.39881885955 -0.764666250541
5.97162232017 -2 3.8318382361 -3.3126272928 -0.405226434527 -0.764047829719
5.97462379411 -2 3.83163346356 -3.31693622043 -0.408406759586 -0.763738751999
5.97596851739 -2 3.83156950724 -3.31887918003 -0.409831524096 -0.763599828122
5.98160212528 -2 3.83114665018 -3.32697093594 -0.415799848573 -0.763014787087
5.98179396823 -2 3.83114101672 -3.32725020251 -0.416003072006 -0.76299477835
5.98223129087 -2 3.83110099848 -3.32787640543 -0.416466333027 -0.762949145483
5.9824508742 -2 3.8310889869 -3.32819398969 -0.416698937896 -0.762926221721
5.98692286099 -2 3.83074102891 -3.33462815177 -0.421435773664 -0.762457743832
5.99117927577 -2 3.8304225541 -3.34076800719 -0.425943643803 -0.762008984699
6.00076567098 -2 3.82956014114 -3.35457916509 -0.43609401785 -0.760988048369
6.00224882552 -2 3.82944522687 -3.35672788213 -0.437664124713 -0.760828828961
6.00254419432 -2 3.82941034474 -3.3571513183 -0.437976799997 -0.760797080069
6.00400729051 -2 3.82923910864 -3.35925013511 -0.439525573715 -0.760639615
6.0054184703 -2 3.82913709445 -3.36130002876 -0.441019312443 -0.760487424703
6.01204391164 -2 3.8284530599 -3.37086041413 -0.448031311596 -0.759768791408
6.01486044003 -2 3.82816520699 -3.37493339332 -0.451011628775 -0.759461244384
6.01597974157 -2 3.82800690199 -3.37653632579 -0.452195929044 -0.759338684129
6.01739413313 -2 3.8278855422 -3.37859324993 -0.453692379936 -0.759183536096
6.02384210479 -2 3.82712482426 -3.38790479025 -0.460513356141 -0.758472334055
6.02396219737 -2 3.82709199189 -3.38807123576 -0.46064037862 -0.758459027205
6.02563295094 -2 3.82692732342 -3.39050047073 -0.462407475715 -0.758273668796
6.0268696008 -2 3.82678189764 -3.39229045984 -0.463715356011 -0.758136193963
6.02878226019 -2 3.82654455313 -3.39505584705 -0.465738047195 -0.757923104696
6.033181339 -2 3.82599335389 -3.40142196329 -0.470389557823 -0.757430862988
6.04004002538 -2 3.82504226604 -3.41133376886 -0.477639989323 -0.75665744693
6.04755113669 -2 3.82400084158 -3.42221856956 -0.485577460329 -0.755802139429
6.05053580003 -2 3.8235517962 -3.42653890766 -0.488730749559 -0.755459853855
6.05592465003 -2 3.82272947282 -3.43434730081 -0.494422876164 -0.754838373823
6.05639919767 -2 3.82268119574 -3.43504499769 -0.494924056729 -0.754783431142
6.05955350605 -2 3.82219080674 -3.43962027689 -0.498255084524 -0.754417345808
6.06070967008 -2 3.82198347038 -3.44128798617 -0.499475886684 -0.754282778554
6.07518607526 -2 3.81957808124 -3.46230446505 -0.514755263822 -0.752580406348
6.07967218115 -2 3.81877283159 -3.46881707228 -0.519487728234 -0.752046298434
6.08239902106 -2 3.81828945586 -3.47278330212 -0.522363722259 -0.751720129302
6.08319102608 -2 3.81811902481 -3.47392443207 -0.523198963721 -0.751625179293
6.08397891343 -2 3.81800667531 -3.47508203913 -0.524029824485 -0.751530626966
6.08470997567 -2 3.81785576331 -3.47613843587 -0.524800726505 -0.751442808464
6.08611183638 -2 3.81757293654 -3.47816747089 -0.526278890029 -0.751274180098
6.10024107317 -2 3.81482719945 -3.49871620289 -0.541170207451 -0.749557671004
6.10574667931 -2 3.81367949574 -3.5067214247 -0.546969224212 -0.748880481034
6.10804602646 -2 3.81323249951 -3.51008182828 -0.549390503685 -0.748596277594
6.10922172357 -2 3.81299711005 -3.51179847821 -0.550628407038 -0.748450644338
6.12536653062 -2 3.80935915671 -3.53528665558 -0.56761759681 -0.746429233292
6.12557079925 -2 3.8093238205 -3.53558880977 -0.567832428476 -0.746403400366
6.12793210296 -2 3.80875667946 -3.53902192737 -0.570315615033 -0.746104309956
6.1298589647 -2 3.8083436182 -3.54184468224 -0.572341628232 -0.745859610366
6.13432161171 -2 3.80727262428 -3.54834523514 -0.577032840751 -0.745290683347
6.13494312387 -2 3.80712421946 -3.54925164524 -0.577686065438 -0.745211205359
6.14139111687 -2 3.80552071812 -3.55864203724 -0.584461313062 -0.74438313195
6.14894602222 -2 3.80361053882 -3.56965843354 -0.592395509965 -0.743404749134
6.15052715906 -2 3.80320647064 -3.57196589405 -0.594055450865 -0.743198873527
6.15172175104 -2 3.80290670609 -3.57371218293 -0.59530944752 -0.743043073257
6.15808828837 -2 3.80121469274 -3.58299420882 -0.601990614274 -0.742209029806
6.1602831635 -2 3.80062123856 -3.58619483695 -0.604293182318 -0.741920043125
6.16112457687 -2 3.80041493774 -3.58743060909 -0.605175773485 -0.741809062069
6.16388300076 -2 3.79962399309 -3.59144000345 -0.608068774082 -0.741444464896
6.16473228018 -2 3.79940148791 -3.59268328561 -0.608959358311 -0.741331974406
6.1727213043 -2 3.7971514955 -3.60433487354 -0.617333907425 -0.740268352252
6.17679802263 -2 3.79598102437 -3.61028359456 -0.621605219437 -0.739721804412
6.17687308601 -2 3.79594714812 -3.6103884422 -0.621683852097 -0.739711716965
6.17986250003 -2 3.7950564072 -3.61474312299 -0.62481500719 -0.739309276147
6.18083249056 -2 3.79481898261 -3.61617692703 -0.625830818126 -0.739178398016
6.18179839573 -2 3.79452732097 -3.61758380589 -0.626842266983 -0.739047926952
6.18278054208 -2 3.79423503128 -3.61901643783 -0.627870636875 -0.738915114584
6.18650053745 -2 3.79313548992 -3.62444968192 -0.631764918966 -0.738410723502
6.20374396104 -2 3.7877469021 -3.64960514193 -0.649799504969 -0.73604483364
6.20529438694 -2 3.78724985883 -3.65186876578 -0.651419688659 -0.735829860491
6.20568495275 -2 3.78711475365 -3.65243534322 -0.651827790488 -0.735775648435
6.21115624265 -2 3.78536506533 -3.66043470043 -0.657543177445 -0.735013739495
6.21868954853 -2 3.78280491582 -3.67141239462 -0.665407751803 -0.733957130026
6.22731672217 -2 3.77983120355 -3.68399870015 -0.674407286172 -0.73273634788
6.23344884708 -2 3.77770442524 -3.69295961648 -0.680799435097 -0.731861648303
6.23376232581 -2 3.77759137118 -3.69341646978 -0.681126101239 -0.731816777243
6.23892247809 -2 3.77572324743 -3.70094000902 -0.686501844299 -0.731075980214
6.24305623965 -2 3.77421524689 -3.70697084898 -0.690806274669 -0.730479571043
6.24486736972 -2 3.77356310253 -3.70961873861 -0.692691602781 -0.730217435474
6.24487001667 -2 3.7735616952 -3.70962243414 -0.692694357906 -0.730217051996
6.24569895076 -2 3.77322352005 -3.71081948381 -0.693557133329 -0.730096906406
6.24612654866 -2 3.77309860945 -3.71145620586 -0.6940021589 -0.730034889005
6.25118501644 -2 3.77121029364 -3.71883592986 -0.699265285978 -0.729299085901
6.25788851175 -2 3.76864999188 -3.72860968926 -0.706235661602 -0.728317918967
6.26554065406 -2 3.76566565447 -3.73976546864 -0.714186310273 -0.727189432928
6.26779558358 -2 3.76477003792 -3.74305117048 -0.716527936736 -0.726855168935
6.26934222929 -2 3.76416131968 -3.74530816824 -0.71813371084 -0.726625445515
6.26952015547 -2 3.76411373492 -3.74557653902 -0.718318421525 -0.726598994469
6.27911709316 -2 3.76022260452 -3.75955945217 -0.728275860395 -0.72516505234
6.28639589414 -2 3.75721138567 -3.77016613959 -0.735820860202 -0.724068008417
6.28681671126 -2 3.75701835575 -3.77077268371 -0.736256874127 -0.724004334044
6.28754081438 -2 3.75675178559 -3.77184184663 -0.737007076736 -0.723894705165
6.28934624286 -2 3.75595628175 -3.77445800348 -0.738877305034 -0.72362101204
6.29601333221 -2 3.7531677434 -3.78418751599 -0.745780262914 -0.722605962733
6.29990406872 -2 3.75147274582 -3.78984721669 -0.749806131469 -0.722010439992
6.3031524771 -2 3.75004280297 -3.79457128898 -0.753165927738 -0.721511445187
6.30587663264 -2 3.74881402494 -3.79852462263 -0.755982480099 -0.721091727604
6.30596495124 -2 3.74881301711 -3.79866782854 -0.756073778691 -0.721078100983
6.30848480767 -2 3.74769930391 -3.80233611207 -0.758678245297 -0.720688807224
6.3106029973 -2 3.7467705128 -3.80542437512 -0.760866938041 -0.72036080975
6.31132601563 -2 3.74643246186 -3.80647078788 -0.761613891554 -0.72024869342
6.31916897679 -2 3.74284426227 -3.81786473313 -0.769712197806 -0.719027329
6.32293684492 -2 3.74111855023 -3.823345905 -0.773599916223 -0.718437195707
6.32989445581 -2 3.73787906738 -3.83346047138 -0.780773959867 -0.717341723501
6.33023787614 -2 3.7377648085 -3.83397778817 -0.78112789784 -0.717287458847
6.3317075562 -2 3.73703912523 -3.83610076761 -0.78264241181 -0.717055025811
6.3498776218 -2 3.72829386421 -3.86249861829 -0.801342760736 -0.714153879388
6.3500290213 -2 3.72819442917 -3.86270880505 -0.801498389467 -0.714129492146
6.35166409627 -2 3.7273789163 -3.86507900677 -0.80317893701 -0.71386589111
6.35194187745 -2 3.72724487211 -3.86548350755 -0.803464406657 -0.713821067241
6.35260926602 -2 3.72690772927 -3.86644963118 -0.804150223525 -0.71371332615
6.36463197894 -2 3.72084383021 -3.88388362581 -0.81649422883 -0.711760655226
6.36618837031 -2 3.72005330219 -3.88614195925 -0.818090718263 -0.711506244304
6.36741271145 -2 3.71943044852 -3.88791867438 -0.819346359507 -0.711305848519
6.3677707619 -2 3.71923609608 -3.88843364642 -0.819713522915 -0.711247200418
6.36789590484 -2 3.71915123541 -3.88860710902 -0.819841846603 -0.711226697541
6.36908796812 -2 3.71854774584 -3.89033879001 -0.821064095869 -0.711031273994
6.3742712147 -2 3.71583208748 -3.89783845592 -0.826376214049 -0.710178999336
6.37530880747 -2 3.7153255468 -3.89935512961 -0.827439137213 -0.710007891649
6.37639557571 -2 3.71473587672 -3.90092123775 -0.828552268374 -0.709828496529
6.37693436934 -2 3.71446768166 -3.90170714162 -0.829104068277 -0.709739489206
6.37818721345 -2 3.71380923434 -3.90352150845 -0.830386991632 -0.709532349532
6.37843052443 -2 3.71368908512 -3.90387691249 -0.830636117596 -0.709492093511
6.38766118506 -2 3.70875578903 -3.91722938547 -0.840080945542 -0.70795813036
6.38817933095 -2 3.70843947612 -3.91796450102 -0.840610738933 -0.707871634773
6.38855446163 -2 3.70827859374 -3.91852306591 -0.840994277246 -0.707808987293
6.3952027674 -2 3.7046614055 -3.92813397928 -0.847788088114 -0.706695108729
6.42208362317 -2 3.68947207491 -3.9669134353 -0.87518822956 -0.702121918344
6.4255975544 -2 3.68736520027 -3.97195176567 -0.878761673149 -0.701515865552
6.43405028267 -2 3.6823914809 -3.98412229502 -0.88734944253 -0.700050213068
6.43945655421 -2 3.67914171205 -3.99189046921 -0.892836011197 -0.699107021556
6.44300691686 -2 3.67703434394 -3.99700666128 -0.896436501633 -0.698485164932
6.44623856772 -2 3.67505572688 -4.00164324776 -0.899711972604 -0.697917441928
6.45175280301 -2 3.67165307211 -4.00955103638 -0.905296972775 -0.696945005915
6.46012105999 -2 3.66646355232 -4.02155716637 -0.913762874659 -0.695460306542
6.46041226336 -2 3.66623394432 -4.02195636899 -0.914057262664 -0.695408446721
6.46107913661 -2 3.66586655511 -4.02293180777 -0.914731374607 -0.69528963535
6.46359058014 -2 3.66422873437 -4.02650819651 -0.917269399086 -0.694841576538
6.47316036712 -2 3.65816830493 -4.04022030988 -0.926930552541 -0.693125347343
6.48312715675 -2 3.65165747872 -4.05444867717 -0.936975586825 -0.691322908649
6.48322635952 -2 3.65157654928 -4.05458419361 -0.937075480723 -0.691304891391
6.48377205401 -2 3.65123215013 -4.05536858794 -0.937624945865 -0.691205754955
6.48776101721 -2 3.64862915732 -4.06107158725 -0.94163987077 -0.690479684599
6.48792981051 -2 3.64853348347 -4.0613185803 -0.941809700351 -0.690448906769
6.48898302856 -2 3.6478264458 -4.06281740525 -0.942869269941 -0.690256763385
6.4904806887 -2 3.64683750914 -4.06495551634 -0.944375621355 -0.689983243869
6.49448109291 -2 3.64413418495 -4.07064535853 -0.948397273493 -0.689250949451
6.49572568673 -2 3.64330254578 -4.07241995611 -0.949647891884 -0.689022616929
6.49836459073 -2 3.6415087053 -4.07617202003 -0.952298645872 -0.688537694917
6.49907095241 -2 3.64107813344 -4.0771957574 -0.953007965925 -0.688407712521
6.49941227932 -2 3.64083557747 -4.07767717028 -0.953350689991 -0.688344875076
6.50373950394 -2 3.63791421436 -4.0838419671 -0.957693792919 -0.687546686185
6.50631841937 -2 3.63614490754 -4.0875071211 -0.960280547963 -0.687069612888
6.5078687967 -2 3.63503669311 -4.08969402869 -0.961835052122 -0.686782315187
6.50948590023 -2 3.63396933095 -4.09200980489 -0.963455989707 -0.686482257679
6.5119124018 -2 3.63226948632 -4.09544782985 -0.96588734069 -0.686031257944
6.5139667296 -2 3.63086320911 -4.09837221451 -0.967944923609 -0.685648722317
6.52021247361 -2 3.62651660265 -4.10724127704 -0.974195747745 -0.684481707988
6.52499116253 -2 3.6230933797 -4.11399497202 -0.978973395846 -0.683584750663
6.52514778914 -2 3.62301643369 -4.11423002085 -0.979129915625 -0.683555292338
6.53316897791 -2 3.61727175242 -4.12557762294 -0.987139421851 -0.682041610454
6.53473369442 -2 3.61615870373 -4.12779566835 -0.988700432087 -0.68174517578
6.53835171933 -2 3.61357453504 -4.13292214892 -0.992308090872 -0.681058297337
6.54440740527 -2 3.60914968164 -4.14146986662 -0.998340783204 -0.679904115058
6.54646376477 -2 3.60761748977 -4.14436261597 -1.00038771831 -0.679510897575
6.54845004708 -2 3.60614270403 -4.14715954516 -1.00236411546 -0.679130461206
6.5493739593 -2 3.60551495272 -4.14848326063 -1.00328316716 -0.678953295277
6.5507556313 -2 3.6044760102 -4.15042444961 -1.00465725883 -0.678688105467
6.557600336 -2 3.5994024436 -4.160074403 -1.01145887825 -0.677370033023
6.56088252745 -2 3.59692181457 -4.16468633403 -1.01471712489 -0.676735424813
6.56192520259 -2 3.59613213846 -4.16615120192 -1.01575174532 -0.676533477032
6.56279936449 -2 3.59547482646 -4.16738129974 -1.01661898739 -0.676364038112
6.56387548744 -2 3.59465224652 -4.16889059943 -1.01768638246 -0.67615529125
6.56570483222 -2 3.59327818375 -4.17146614972 -1.01950035924 -0.675800024277
6.5660925968 -2 3.59296300983 -4.17200292888 -1.01988478024 -0.675724652375
6.56952583821 -2 3.59036850833 -4.1768323279 -1.02328710132 -0.675056303265
6.57480174726 -2 3.58633208509 -4.18423851706 -1.02851086354 -0.674025699624
6.58143411745 -2 3.58121378195 -4.19353831632 -1.03506966123 -0.672724033932
6.60556513291 -2 3.56207356231 -4.22723144204 -1.05885634215 -0.667930861056
6.60574611026 -2 3.56193699295 -4.22748714497 -1.05903427623 -0.667894574092
6.60868355736 -2 3.5595559852 -4.23157464729 -1.06192135653 -0.667304893437
6.61590503855 -2 3.55366040871 -4.24161211859 -1.06901119883 -0.665849554328
6.61689610231 -2 3.55285168781 -4.2429903211 -1.06998332519 -0.665649198581
6.62587074718 -2 3.54540951167 -4.25543049971 -1.07877683077 -0.663827968282
6.62595358178 -2 3.54532792848 -4.25554038952 -1.07885791217 -0.663811100762
6.63150667197 -2 3.54070480732 -4.26323568015 -1.08429005665 -0.662677918206
6.63269193406 -2 3.53966084627 -4.2648565638 -1.08544863004 -0.662435433837
6.63538836305 -2 3.53742246385 -4.26859733982 -1.08808319329 -0.661882983613
6.63932189522 -2 3.53410530353 -4.27403580457 -1.09192360125 -0.661075062428
6.63940881657 -2 3.53401832513 -4.27415072043 -1.09200842615 -0.661057182422
6.64299465995 -2 3.53095957326 -4.27909653451 -1.0955063219 -0.660318547387
6.65303694393 -2 3.52233157877 -4.29293064655 -1.10528703464 -0.658239422218
6.6583641203 -2 3.51769233871 -4.30024923202 -1.11046624385 -0.657130186937
6.6672444789 -2 3.50988487295 -4.31242643199 -1.11908560298 -0.655271374025
6.66900694294 -2 3.50831020965 -4.31483431368 -1.12079412083 -0.654901013643
6.66979403023 -2 3.5076234052 -4.31591605278 -1.12155688594 -0.654735462116
6.67152151505 -2 3.50607956775 -4.31827633855 -1.12323048857 -0.654371777751
6.67879166723 -2 3.49956698987 -4.32820629126 -1.13026631195 -0.652836162172
6.68724500863 -2 3.49195188737 -4.33974069804 -1.13843170649 -0.651040383893
6.71370994099 -2 3.4674113548 -4.37560925498 -1.16388565248 -0.645347084414
6.71451275423 -2 3.46668959121 -4.37670662301 -1.16465516584 -0.645172690594
6.72014923559 -2 3.46136264091 -4.38431168913 -1.17005343115 -0.64394548871
6.73227722003 -2 3.4497335026 -4.40061461082 -1.18164241555 -0.641288315542
6.74148487148 -2 3.44077532791 -4.41294456005 -1.19041649879 -0.639255825466
6.74355245008 -2 3.43878874671 -4.41572311273 -1.19238380324 -0.638797632439
6.75749776584 -2 3.42501022326 -4.43431851848 -1.20562458861 -0.63569001596
6.76158874534 -2 3.42091197338 -4.43975213279 -1.20949949695 -0.634772681116
6.77276218112 -2 3.40964500036 -4.45456384594 -1.22006084487 -0.632254072927
6.78207100077 -2 3.4001063871 -4.46684407078 -1.22883496291 -0.630141069124
6.78537798974 -2 3.39674274702 -4.47121591368 -1.23194653226 -0.629387201092
6.7884489056 -2 3.39352513301 -4.47523911386 -1.23483339834 -0.628685638787
6.7918130706 -2 3.39006813606 -4.47967241242 -1.23799307595 -0.627915413599
6.79403324329 -2 3.38774277458 -4.48258101905 -1.24007665331 -0.627406149478
6.79405025138 -2 3.38772272408 -4.48260243704 -1.24009260992 -0.627402245223
6.80072668199 -2 3.38075131507 -4.49135635418 -1.24635033247 -0.625866206054
6.8024737559 -2 3.37893587236 -4.49365019701 -1.24798587172 -0.625463124077
6.80678666615 -2 3.37434449975 -4.49927001741 -1.25201993103 -0.624466041651
6.81519637841 -2 3.36544194809 -4.51024501382 -1.25987146602 -0.622513589196
6.81799580415 -2 3.36243919019 -4.51388242915 -1.26248082503 -0.62186123747
6.8198919147 -2 3.36040614035 -4.51634618996 -1.26424698487 -0.621418699383
6.82260440643 -2 3.35746522248 -4.51985782951 -1.26677186523 -0.620784660255
6.82428607785 -2 3.35568165434 -4.52205006987 -1.26833620984 -0.620391003467
6.82844392566 -2 3.35119432618 -4.52743960018 -1.27220063515 -0.619415835041
6.82972236806 -2 3.34980568698 -4.52909310598 -1.27338789907 -0.619115457408
6.8329208137 -2 3.3463224495 -4.5332259136 -1.27635625231 -0.618362859682
6.84026913206 -2 3.33825779512 -4.5426942566 -1.28316518441 -0.616627817446
6.84275304913 -2 3.33553143843 -4.54589378153 -1.28546337028 -0.616039446521
6.84919215793 -2 3.32839773091 -4.55416019137 -1.29141294875 -0.614509770986
6.85704103209 -2 3.31967504937 -4.56422124927 -1.29864930262 -0.612636545588
6.86110755829 -2 3.31510418384 -4.56941181429 -1.30239160509 -0.611662286067
6.86489917555 -2 3.3108337221 -4.57424675105 -1.30587666709 -0.610751592248
6.86644220109 -2 3.30911135911 -4.57621995646 -1.30729375993 -0.610380344331
6.86647766532 -2 3.30906665929 -4.57626333089 -1.30732632175 -0.610371807414
6.88052491402 -2 3.29304661902 -4.5940840736 -1.32019543178 -0.606975115317
6.89421771303 -2 3.27718801476 -4.61133992674 -1.33268457948 -0.603634847064
6.89424042035 -2 3.27715869952 -4.61136735942 -1.33270524502 -0.603629283754
6.89777255764 -2 3.27307109316 -4.61581609056 -1.33591793038 -0.602762939185
6.89793720091 -2 3.27285789055 -4.61601466945 -1.33606759311 -0.602722509403
6.89945613216 -2 3.27110465625 -4.61792899972 -1.33744794163 -0.602349323661
6.9000630918 -2 3.27039698652 -4.61869114039 -1.33799933295 -0.602200100461
6.90517782667 -2 3.26438185395 -4.62509163329 -1.34264145897 -0.600940368385
6.90548462668 -2 3.26400564279 -4.62546949933 -1.34291966277 -0.600864676936
6.91078028133 -2 3.25777545711 -4.63209150737 -1.34771729133 -0.599555884513
6.91402230105 -2 3.25391869185 -4.63612711151 -1.35065027395 -0.598752502917
6.92174733281 -2 3.24470742365 -4.64572858798 -1.35762618814 -0.596831686768
6.9246316365 -2 3.241203766 -4.64928631183 -1.3602261678 -0.59611215035
6.92528256328 -2 3.24041925762 -4.65009142801 -1.36081257955 -0.595949588679
6.92695298082 -2 3.23843732095 -4.65216929996 -1.36231684858 -0.595532121665
6.9281602142 -2 3.23698978251 -4.65366487752 -1.36340347577 -0.595230144772
6.93157510598 -2 3.23283482077 -4.6578708592 -1.36647480412 -0.594374728179
6.94036610217 -2 3.2221611553 -4.66869824743 -1.37436493831 -0.59216434668
6.95201177186 -2 3.20789052716 -4.68297058479 -1.3847805137 -0.589217846128
6.96163076176 -2 3.19594621634 -4.69467987876 -1.39335164641 -0.586768351563
6.96957444459 -2 3.18599119221 -4.70430134161 -1.40040806522 -0.584734721471
6.97142563663 -2 3.18367061594 -4.70654147753 -1.40204962537 -0.584259407381
6.97245771607 -2 3.18239921783 -4.70779873939 -1.4029643589 -0.583994180118
6.97410626681 -2 3.18033049732 -4.70979189696 -1.4044247705 -0.583570189285
6.97802365513 -2 3.17536802702 -4.71450792358 -1.40789162368 -0.582560995032
6.97833762583 -2 3.17495490483 -4.71487982521 -1.40816927327 -0.582480007745
6.98263759154 -2 3.16951548518 -4.72005544076 -1.41196863685 -0.58136932195
6.98568928457 -2 3.16562364685 -4.72371405908 -1.4146614603 -0.580579336705
6.98884806252 -2 3.16159196968 -4.72749768536 -1.41744562556 -0.579760118199
6.99174352403 -2 3.15786398354 -4.73095149171 -1.41999487951 -0.579007838464
6.99493662133 -2 3.15376158826 -4.73476157722 -1.42280304216 -0.578176730119
7.00112551301 -2 3.14579797971 -4.742135032 -1.42823644033 -0.57656139152
7.01178475288 -2 3.13195957948 -4.75476635105 -1.43756520467 -0.573765419267
7.01285600757 -2 3.13056257454 -4.75603189604 -1.43850068715 -0.573483454965
7.01431581578 -2 3.12865128001 -4.75775309074 -1.43977486953 -0.573098934868
7.01661842449 -2 3.12564114122 -4.76046872053 -1.44178325667 -0.572491749393
7.01800082379 -2 3.12383351794 -4.76209828372 -1.44298817599 -0.572126825432
7.02054276595 -2 3.12049112381 -4.76508631214 -1.44520212095 -0.571455037802
7.0206157438 -2 3.12038704449 -4.76516893824 -1.44526565059 -0.571435736413
7.0238620703 -2 3.11609963586 -4.76897529251 -1.44808989949 -0.570576308017
7.02597598529 -2 3.1132834648 -4.77144305828 -1.44992708846 -0.570015799246
7.02766528773 -2 3.11107091697 -4.77342896746 -1.45139418078 -0.569567382018
7.02949451947 -2 3.10865408546 -4.77557043745 -1.45298172375 -0.569081325023
7.03275342221 -2 3.10431484477 -4.77937054086 -1.45580727289 -0.568214102532
7.04597514507 -2 3.08663167521 -4.7947288534 -1.46723426296 -0.564678887308
7.05104131143 -2 3.07979874495 -4.8005789884 -1.47159709678 -0.563317156365
7.05512642327 -2 3.07423718024 -4.80527102818 -1.4751087224 -0.562216240173
7.05592439848 -2 3.07318597391 -4.80620058721 -1.47579401026 -0.562000889636
7.0849261335 -2 3.03334647468 -4.83922671385 -1.50055153725 -0.554107527086
7.08838164437 -2 3.02852093903 -4.84311423067 -1.50348188353 -0.553158398684
7.09287836759 -2 3.02223075218 -4.84816335673 -1.50728892762 -0.551920522657
7.09697771011 -2 3.01649893616 -4.85276158855 -1.51075333747 -0.550789322482
7.10786721559 -2 3.0011228014 -4.86489163553 -1.51992732941 -0.547771815423
7.12498301129 -2 2.97670040803 -4.88377781878 -1.53426119272 -0.542992034638
7.12738085499 -2 2.97326556437 -4.88641036016 -1.53626088226 -0.542318802144
7.12948636992 -2 2.97022860007 -4.88871221413 -1.53801506751 -0.541726914559
7.1342361113 -2 2.96333905675 -4.89388412578 -1.54196635289 -0.540389190311
7.16310456812 -2 2.92112763923 -4.92500809786 -1.56580416559 -0.532183813548
7.16374315269 -2 2.92018239815 -4.92568852884 -1.5663279886 -0.53200085386
7.1650183229 -2 2.91829370442 -4.92704632938 -1.56737354045 -0.531635319051
7.16586290143 -2 2.91702345952 -4.92793782767 -1.5680657031 -0.531393077779
7.16899227057 -2 2.91238319253 -4.93126417856 -1.57062801362 -0.530494556112
7.17895278612 -2 2.89754620119 -4.94179953368 -1.57875921187 -0.527624586296
7.18257678182 -2 2.89211699286 -4.94561072122 -1.5817083765 -0.526576592082
7.18425053022 -2 2.88958226048 -4.94735858382 -1.58306877883 -0.526091890611
7.18979974702 -2 2.88124133154 -4.95316945925 -1.58757152586 -0.524481800571
7.19841262055 -2 2.86821701916 -4.96213252469 -1.59453699923 -0.521973395116
7.19968421473 -2 2.86628564325 -4.96344987152 -1.59556297467 -0.521602088168
7.20430630742 -2 2.85924927587 -4.96822621066 -1.59928705512 -0.520250331671
7.21192249722 -2 2.84760773439 -4.97605808061 -1.60540560608 -0.518015748971
7.22279502504 -2 2.83087395961 -4.9871496493 -1.61410131842 -0.514810262202
7.22448686491 -2 2.82827677492 -4.98887338087 -1.61545030165 -0.514309827674
7.22808302073 -2 2.82271434659 -4.99251682823 -1.61831397651 -0.513244643582
7.24226428953 -2 2.80062184679 -5.00676562352 -1.62955733829 -0.509024704711
7.24402871374 -2 2.7978577792 -5.00852593805 -1.63095069027 -0.508497493592
7.24832257499 -2 2.79113152786 -5.01280373624 -1.63433637159 -0.507212479499
7.24980366819 -2 2.78879846396 -5.0142722413 -1.6355025083 -0.506768576689
7.25324548811 -2 2.78335799176 -5.01767347002 -1.63820905424 -0.505735712403
7.26314045773 -2 2.7677261408 -5.02742316657 -1.6459638551 -0.502756132333
7.26771712926 -2 2.7604424836 -5.03189567384 -1.6495373824 -0.501372895669
7.26900258708 -2 2.7583944094 -5.03314911133 -1.6505395707 -0.500983802586
7.27823632267 -2 2.74365056733 -5.04211603669 -1.65771892327 -0.498181370186
7.28444666613 -2 2.73368788806 -5.04810462782 -1.6625281233 -0.49628914076
7.28505956767 -2 2.73270309515 -5.04869396277 -1.6630018952 -0.49610207339
7.28698870759 -2 2.72959423149 -5.0505441154 -1.66449211823 -0.495512890905
7.28756829495 -2 2.72866389993 -5.05110101964 -1.66493954175 -0.495335765871
7.29417405379 -2 2.71798432402 -5.05740643927 -1.67002928623 -0.493313350902
7.30485268007 -2 2.70063572434 -5.06751829717 -1.67821931266 -0.490029759622
7.30500456761 -2 2.70038811495 -5.06766135588 -1.67833546471 -0.489982928607
7.30888828898 -2 2.69404526247 -5.07131064845 -1.68130220009 -0.488784264496
7.31329003495 -2 2.68684659048 -5.07543304754 -1.68465709595 -0.487422906584
7.31410329933 -2 2.68550204637 -5.07618793982 -1.68527606461 -0.487171055801
7.31437554823 -2 2.68506985515 -5.07644748085 -1.68548320953 -0.48708672329
7.31453490728 -2 2.68480802773 -5.07659596732 -1.68560444611 -0.487037354524
7.3191873953 -2 2.67715559291 -5.08092165513 -1.68913928965 -0.48559430725
7.33754145602 -2 2.64681474722 -5.09781033677 -1.7029958981 -0.479868932545
7.33805999491 -2 2.64595990582 -5.09828562018 -1.70338531647 -0.4797064248
7.34329615447 -2 2.63722945468 -5.10303839871 -1.7073112554 -0.478063112965
7.35272292251 -2 2.62146785371 -5.11153800209 -1.71434987012 -0.475093967704
7.35931612807 -2 2.61040274552 -5.11743590992 -1.71925024554 -0.4730091654
7.36612292044 -2 2.59893048451 -5.12347903341 -1.7242898178 -0.470849793994
7.37711236308 -2 2.58029511636 -5.13313287576 -1.73238396702 -0.467348450461
7.37870311364 -2 2.57757015722 -5.1345136169 -1.73355128477 -0.466840078998
7.37931818754 -2 2.57652412149 -5.13505000262 -1.73400234114 -0.466643409314
7.38275282967 -2 2.57068263257 -5.13804084828 -1.73651806769 -0.465544111239
7.38322497519 -2 2.5698862009 -5.13845395605 -1.73686349251 -0.465392853241
7.38590184951 -2 2.56530686003 -5.14076883825 -1.73882007502 -0.464534631625
7.38725499795 -2 2.56299713355 -5.14193928376 -1.73980792971 -0.46410038388
7.39223936979 -2 2.55445731445 -5.14622852452 -1.74343982561 -0.462498381056
7.39423201584 -2 2.55104144782 -5.14793821534 -1.74488873676 -0.461856862499
7.39622707893 -2 2.54760930948 -5.1496427961 -1.74633766026 -0.46121395244
7.39739083758 -2 2.54561422666 -5.15063863419 -1.74718203788 -0.460838647232
7.39784018508 -2 2.54484320317 -5.1510226503 -1.74750790749 -0.460693679468
7.40039201055 -2 2.54044963041 -5.15319525985 -1.74935682254 -0.459869823227
7.40105215426 -2 2.5393108602 -5.15375578945 -1.74983466024 -0.459656532516
7.40615804978 -2 2.53049847457 -5.15808007899 -1.7535240128 -0.458004561249
7.40663441582 -2 2.52968362491 -5.15848549925 -1.75386763197 -0.457850231851
7.40912446236 -2 2.52535395049 -5.16057518304 -1.7556621538 -0.4570429563
7.41836429901 -2 2.50933775259 -5.16831363499 -1.76229705902 -0.45403903633
7.41838729768 -2 2.50929656963 -5.16833231872 -1.76231352644 -0.454031542918
7.4200550677 -2 2.50639899905 -5.16972056394 -1.763507048 -0.453487933636
7.42213665668 -2 2.50277213116 -5.17144672326 -1.76499497343 -0.452808838455
7.43258167383 -2 2.48450622813 -5.18003919254 -1.77243182097 -0.449391180913
7.43381935783 -2 2.48233857533 -5.1810513009 -1.77330980619 -0.448985090265
7.44374342902 -2 2.46490650383 -5.18910959607 -1.78032474372 -0.445720410304
7.44942830809 -2 2.45487602042 -5.19367831241 -1.78432308326 -0.443843438472
7.46078038198 -2 2.43476156076 -5.20270232642 -1.7922633107 -0.440080422965
7.46136555271 -2 2.43372371973 -5.20316468544 -1.79267101379 -0.439885910484
7.4670899208 -2 2.42353285194 -5.20766023589 -1.7966510436 -0.437980329065
7.47595429696 -2 2.40769771258 -5.21455521598 -1.8027845106 -0.43501950226
7.47827012672 -2 2.40355229962 -5.2163440684 -1.80438091095 -0.434243986303
7.48462116993 -2 2.39215190571 -5.22121789116 -1.80874620566 -0.432112930323
7.48630607531 -2 2.38911089643 -5.22249963652 -1.80990115706 -0.431546526168
7.48736153645 -2 2.38722038775 -5.22330707941 -1.81062397088 -0.431191495375
7.4882033622 -2 2.38569622435 -5.22394421246 -1.81120010855 -0.430908203065
7.49271643516 -2 2.37755795561 -5.22736381415 -1.81428318119 -0.429387594623
7.49592648711 -2 2.37175953771 -5.22978325559 -1.81647031657 -0.428304107145
7.49787544055 -2 2.36825319082 -5.23125395727 -1.81779586355 -0.427645502541
7.51156011174 -2 2.34341343808 -5.2414165922 -1.82705301511 -0.423004584465
7.51413081018 -2 2.33873026641 -5.24330353249 -1.82878214363 -0.422129555186
7.51983271863 -2 2.32832663583 -5.24746482369 -1.83260624956 -0.420185069867
7.52698412744 -2 2.31525156933 -5.25263879113 -1.83738066273 -0.417739184156
7.53527407895 -2 2.30002865784 -5.25856188884 -1.84288465627 -0.414894031439
7.5427626754 -2 2.28621967254 -5.26384446666 -1.84782828902 -0.412314798228
7.54921874546 -2 2.27430175801 -5.26835852304 -1.85206862656 -0.410084248506
7.55322727476 -2 2.26687665698 -5.27113496436 -1.85469129072 -0.408696081615
7.55526000019 -2 2.26310299496 -5.27253479579 -1.85601827031 -0.407991195358
7.55724706789 -2 2.25941258642 -5.27389942945 -1.85731350696 -0.40730152598
7.55771277578 -2 2.25855324664 -5.27422095684 -1.85761679354 -0.407139800508
7.56035924129 -2 2.25363245032 -5.2760303492 -1.85933827058 -0.406220132606
7.56496291535 -2 2.2450607584 -5.27916001448 -1.86232475314 -0.404617745858
7.57023522877 -2 2.2352384261 -5.28272108646 -1.86573229089 -0.402778613545
7.57163524946 -2 2.23262549287 -5.2836611127 -1.86663485136 -0.402289526478
7.58713840563 -2 2.20358569823 -5.29392286864 -1.87656502216 -0.396853408274
7.59057648646 -2 2.19711738639 -5.29616087205 -1.87875114663 -0.395642838734
7.59872573618 -2 2.18175548338 -5.30141466125 -1.88390949363 -0.392766157484
7.60048763999 -2 2.17843216585 -5.30254247206 -1.88502041204 -0.392142859999
7.6506433181 -2 2.08279699159 -5.33313334928 -1.91599012625 -0.374198851365
7.65393081632 -2 2.07647011487 -5.33503896192 -1.91797543633 -0.373009150208
7.66523595056 -2 2.05465164766 -5.34149425001 -1.92476015631 -0.368905256381
7.66598876661 -2 2.05319744579 -5.34191951246 -1.92520961454 -0.368631275665
7.66600825569 -2 2.05315935506 -5.34193034353 -1.92522124633 -0.368624181628
7.6769324914 -2 2.03199107599 -5.34801758315 -1.93171026491 -0.364638535648
7.67968808274 -2 2.0266440905 -5.34953295549 -1.93333730434 -0.36363026744
7.68311680574 -2 2.01997823335 -5.35140382151 -1.93535627154 -0.362374066255
7.68712451575 -2 2.01217519589 -5.35357236463 -1.93770839192 -0.360903440541
7.69330803423 -2 2.00012451189 -5.35688456062 -1.94132100599 -0.358629545412
7.69435127354 -2 1.99808895003 -5.35743890471 -1.94192852421 -0.358245328737
7.69583099763 -2 1.9952000464 -5.35822278864 -1.94278924401 -0.357700070395
7.70913329715 -2 1.96917110491 -5.36515453012 -1.95047509254 -0.352783193005
7.71134747308 -2 1.9648299711 -5.36628873225 -1.95174533203 -0.351962127029
7.71525511542 -2 1.95715684768 -5.36827445748 -1.95398074686 -0.350511241542
7.71935065164 -2 1.94910606039 -5.37033661551 -1.95631494442 -0.348988065132
7.72245603915 -2 1.9429966315 -5.37188753868 -1.95807886938 -0.347831412282
7.72793954334 -2 1.93219360181 -5.37459765714 -1.9611810535 -0.345785359619
7.74575777774 -2 1.8969751805 -5.38315750745 -1.97115010931 -0.339104855591
7.74945363755 -2 1.8896460011 -5.38488458849 -1.97319648207 -0.337713054723
7.75101429688 -2 1.88654921145 -5.38560909853 -1.97405839066 -0.337124703265
7.75950431552 -2 1.86968330442 -5.38950054103 -1.97872406426 -0.333917480697
7.76670968153 -2 1.85533848312 -5.3927346207 -1.98265301522 -0.331186834694
7.77034797168 -2 1.84808372932 -5.39434335343 -1.98462614475 -0.329804975907
7.77384565267 -2 1.84110350748 -5.39587502977 -1.98651619305 -0.328474597617
7.79106342014 -2 1.80665409606 -5.40319887746 -1.9957222339 -0.321898147866
7.79241134089 -2 1.80395337722 -5.40375792039 -1.9964360444 -0.321381370548
7.80614540294 -2 1.77636119659 -5.40931785833 -2.00365168369 -0.316099919667
7.8096304742 -2 1.7693454871 -5.41069195351 -2.00546598918 -0.314755104616
7.81773147617 -2 1.75301741185 -5.41382886129 -2.00965709889 -0.311621863735
7.82455088958 -2 1.73924764876 -5.41640609315 -2.01315665669 -0.308976461081
7.82672378244 -2 1.73485601393 -5.41721529868 -2.01426624113 -0.308132041049
7.82947002219 -2 1.72930361861 -5.41823005261 -2.01566479992 -0.307063767983
7.83602869053 -2 1.71602660274 -5.42061443034 -2.01898766831 -0.304507774928
7.84216915454 -2 1.7035816666 -5.4227992028 -2.02207659806 -0.302108749387
7.84722613235 -2 1.6933200116 -5.42456295764 -2.02460441767 -0.30012866686
7.84960635269 -2 1.68848729258 -5.42538244027 -2.02578917816 -0.299195316062
7.85010175427 -2 1.68747950733 -5.42555147723 -2.0260353598 -0.299000945454
7.85294563413 -2 1.68170108857 -5.42651929864 -2.02744587187 -0.2978844182
7.85678810439 -2 1.67388801628 -5.42781073636 -2.02934433367 -0.296373856577
7.86160519816 -2 1.66408578548 -5.42940399963 -2.0317124024 -0.294476932525
7.8661277653 -2 1.65487312296 -5.43087282203 -2.03392357731 -0.292692733696
7.87287999784 -2 1.64110352479 -5.43301787497 -2.03720300392 -0.290023039838
7.8752682741 -2 1.63622957397 -5.4337630615 -2.03835665528 -0.289077081529
7.87660951266 -2 1.63349157363 -5.43417844761 -2.03900309426 -0.288545452582
7.87865813628 -2 1.62930724969 -5.43480816176 -2.03998846721 -0.287732900853
7.88383715056 -2 1.618725534 -5.43637779656 -2.04246870943 -0.285675847042
7.89117608587 -2 1.60371095328 -5.43854282758 -2.04595670955 -0.282753811067
7.89263566359 -2 1.60072396029 -5.43896583267 -2.04664667626 -0.28217168239
7.89514367604 -2 1.59558565855 -5.43968485364 -2.04782935865 -0.281170635529
7.89814720777 -2 1.58943217664 -5.44053655701 -2.04924088414 -0.279970531094
7.90666364219 -2 1.57196649547 -5.44288889022 -2.05321456678 -0.276560103071
7.95701925429 -2 1.46822920171 -5.45490111885 -2.07583516746 -0.256166515704
7.9584346553 -2 1.46530273632 -5.45519154633 -2.07644915426 -0.255587641216
7.96758803915 -2 1.44636793128 -5.45700826646 -2.08039069066 -0.25183660754
7.99725858025 -2 1.38485215483 -5.46214747301 -2.09281826728 -0.239588885772
8.02973086722 -2 1.31732407881 -5.466451958 -2.10580135785 -0.226029056438
8.07853606121 -2 1.21553326448 -5.47029928003 -2.12407872155 -0.20534308504
8.08793049032 -2 1.19590992674 -5.47067530066 -2.12742416618 -0.201319125149
8.09738736462 -2 1.17615005664 -5.47093456705 -2.13073494784 -0.197254673607
8.09782866412 -2 1.17522711607 -5.47094345775 -2.13088804532 -0.197064671599
8.11681404156 -2 1.13554185633 -5.47108962276 -2.13735596217 -0.188862060711
8.15246765073 -2 1.06098916329 -5.47004746555 -2.14887097351 -0.17330777052
8.15416217476 -2 1.05744559832 -5.46995486709 -2.14939756832 -0.172563636058
8.15556673876 -2 1.05450904919 -5.46987538763 -2.14983262365 -0.171946499264
8.15853190818 -2 1.04830875075 -5.46969834891 -2.15074680467 -0.170642665318
8.17082501287 -2 1.02260681489 -5.4688367433 -2.15447499243 -0.165222723248
8.18245044333 -2 0.998306499636 -5.46783187345 -2.15790863465 -0.160075716459
8.18761397834 -2 0.987516166753 -5.46732636645 -2.15940489538 -0.157782945617
8.20150668825 -2 0.958492395168 -5.46578414819 -2.16334224258 -0.151593737861
8.24188416616 -2 0.874241452516 -5.45979048629 -2.17404767906 -0.133436615847
8.25041497794 -2 0.856468025993 -5.45823560713 -2.17616771515 -0.129568276342
8.25126069437 -2 0.854705634849 -5.4580755759 -2.17637517506 -0.129184170613
8.25919564998 -2 0.838185576403 -5.45652956685 -2.178297774 -0.125574917375
8.2637794069 -2 0.828645622917 -5.45559596987 -2.17938867513 -0.123485549221
8.26884015193 -2 0.818117738504 -5.45453147046 -2.18057628183 -0.121174997419
8.27495191447 -2 0.805410713296 -5.45319875745 -2.18198695626 -0.118379324918
8.31315907874 -2 0.72613185671 -5.44367880155 -2.19021704678 -0.100771869273
8.31680376948 -2 0.718587861573 -5.44266435245 -2.19094876324 -0.0990804837115
8.34110078331 -2 0.6683673591 -5.43541809246 -2.19558697436 -0.087752668532
8.36675251179 -2 0.615520350402 -5.42686211498 -2.2000280977 -0.0756944740566
8.37695950615 -2 0.594554605497 -5.42320117516 -2.20166401915 -0.0708682199507
8.3785093881 -2 0.591368956001 -5.42263041727 -2.20190585975 -0.0701339721468
8.37937431276 -2 0.58959164007 -5.42231046599 -2.20204006706 -0.0697240579626
8.43110491482 -2 0.483884948547 -5.40128416641 -2.20907779751 -0.0449975847634
8.43644029193 -2 0.473045416798 -5.3989006078 -2.20969212007 -0.0424238790401
8.43671604438 -2 0.472479881995 -5.39877414213 -2.20972329952 -0.0422907409125
8.45290453888 -2 0.43964643421 -5.39127972591 -2.21145509244 -0.0344541029327
8.45906659685 -2 0.42716487961 -5.38832352995 -2.21206316569 -0.0314605133738
8.4778549138 -2 0.389242601282 -5.3789860807 -2.21374226609 -0.0222968198676
8.49603483299 -2 0.352697512797 -5.36946670123 -2.2151148014 -0.0133780477614
8.51401560083 -2 0.316693727646 -5.3595779985 -2.21622660619 -0.00450684848937
8.51489092459 -2 0.314940841948 -5.35908306815 -2.21627446381 -0.0040737161666
8.53371820394 -2 0.277428037236 -5.34820685412 -2.21716232847 0.00527109604222
8.55200220063 -2 0.241170826538 -5.33715247825 -2.2177644987 0.0143985659273
8.56099213703 -2 0.223403503737 -5.33153724113 -2.21796605603 0.0189052939713
8.60284115766 -2 0.141302643449 -5.30385649199 -2.21807710884 0.0400485739235
8.6131145729 -2 0.121297184633 -5.29666885256 -2.21789460349 0.0452802698033
8.65460503478 -2 0.0411883786365 -5.26608275726 -2.2163065465 0.0665747023384
8.66600651164 -2 0.0193634042457 -5.25723563836 -2.21562938033 0.0724728524941
8.66767006901 -2 0.01619566061 -5.25593255992 -2.21552184238 0.0733351106065
8.6691467053 -2 0.0133684006195 -5.25476594768 -2.21542452092 0.0741008409293
8.67810826374 -2 -0.00371144788369 -5.24763570189 -2.21479617471 0.0787551936929
8.6813297631 -2 -0.00983912789749 -5.2450434072 -2.21455444834 0.0804313654006
8.68211818946 -2 -0.0113407834471 -5.24440548256 -2.21449400986 0.0808418336386
8.68943660965 -2 -0.0252171576212 -5.2384569471 -2.21390897415 0.0846565023402
8.68990608027 -2 -0.0260997072577 -5.23807513093 -2.21386996242 0.0849014920713
8.73021361144 -2 -0.101913150224 -5.20385168466 -2.20985042521 0.106062392183
8.73501694918 -2 -0.110859875668 -5.19961850743 -2.20928261441 0.108600783899
8.74365335499 -2 -0.126909137847 -5.19191997954 -2.2082138158 0.113173763234
8.76012073755 -2 -0.157378964346 -5.17692936073 -2.20600479474 0.121925118027
8.79960839492 -2 -0.229617109505 -5.13935547857 -2.1997863635 0.143080614833
8.81960120897 -2 -0.265706188076 -5.11946602397 -2.19613773157 0.153883438364
8.82439102839 -2 -0.274327546887 -5.11460498124 -2.19521330649 0.156480698604
8.84134231798 -2 -0.304612046665 -5.09716065654 -2.19178485036 0.165700879937
8.86694766824 -2 -0.349929517636 -5.07000197911 -2.18613971465 0.179712206216
8.87427583753 -2 -0.36278257819 -5.06205803644 -2.18442022641 0.18374080952
8.89010998134 -2 -0.390422072089 -5.04461508393 -2.18054618737 0.192473780694
8.90568924817 -2 -0.417422481798 -5.02708753033 -2.17652182737 0.201103910821
8.93585729179 -2 -0.469049666628 -4.99215548334 -2.16812512992 0.217921890359
9.03428877761 -2 -0.631682369016 -4.86895310572 -2.13510273939 0.273771046395
9.03705752612 -2 -0.636100247869 -4.86529336849 -2.1340475654 0.275363612062
9.08119011627 -2 -0.705821742322 -4.80534264621 -2.11628116103 0.30090796309
9.08829433019 -2 -0.716873363028 -4.79542678532 -2.11325367671 0.305048010572
9.18178262748 -2 -0.857293105592 -4.65831262663 -2.06901925285 0.360254225515
9.18482554825 -2 -0.861703638673 -4.65364447453 -2.06744077364 0.362073761011
9.20904950957 -2 -0.896478310605 -4.61601361973 -2.05455915069 0.376609569046
9.21124430627 -2 -0.899578170563 -4.61257122943 -2.0533642208 0.377931047081
9.27665952329 -2 -0.990060014796 -4.50671747577 -2.01560989546 0.41765825488
9.28696951484 -2 -1.00388141419 -4.48950158703 -2.0092788426 0.423979790001
9.33144803412 -2 -1.06204167501 -4.41361967406 -1.98076374168 0.451439514895
9.3345917181 -2 -1.06606516158 -4.40815687301 -1.97867405997 0.453391874617
9.42728405269 -2 -1.1794599248 -4.24128642745 -1.91259244685 0.511642572945
9.67736282143 -2 -1.43171385286 -3.73919360684 -1.68978300191 0.675408407644
9.70157159752 -2 -1.4518165531 -3.68693490653 -1.6646480898 0.691773627665
9.7976934225 -2 -1.52380431599 -3.47389235674 -1.55843209349 0.75764405722
9.97980325532 -2 -1.62553885233 -3.04933860606 -1.32835269125 0.886346791311
10.0335052493 -2 -1.64677155363 -2.91998334373 -1.25309415344 0.925275993732
10.3314664317 -2 -1.69231830158 -2.18502710791 -0.771525946218 1.14934987674
10.5187298595 -2 -1.66060218194 -1.72632740803 -0.411018622796 1.29718180393
10.8992980915 -2 -1.47341654761 -0.88784689231 0.468181218941 1.61427545662
