-4.42162104540659 2.61105008445764
-7.40849035490455 0.832438710858397
-6.38212777791005 0.541835153861686
-4.06289714895699 0.0230095398101973
-4.93838407299091 -0.246033768566207
-5.71614363451205 -0.818045283015577
-6.25133982284132 -0.748120795594202
-6.30932583814658 -0.632813607317743
-6.78843359463028 -0.833373692924784
-6.75337237650007 -0.651128420881104
-6.74772291450302 -0.26297823065255
-6.91422639145631 -0.198201690861566
-7.15317375653004 -0.0356818348291262
-7.20328405152287 0.0962891113492037
-7.24645514492726 0.237060423594543
-7.28743905736874 0.436726727285796
-7.36037008743242 0.55165544100858
-7.27914614155238 0.627250980536271
-7.21470719236231 0.590952057439383
-7.1877765188971 0.569223087222456
-7.13099620363135 0.577808058881142
-7.08147209064718 0.548241199002456
