10
2 2 1 1 2 2 1 2 2 2 1 2 2 2 1 1 2 2 2 2 2 2 2 2 2 2 2 2 2 2 2 2 2 2 2 2 2 2 2 2 2 2 2 2 2 2 2 2 2 2 1 1 2 2 1 2 2 2 1 2 2 2 1 1 1 1 1 1 1 1 1 1 1 1 1 1 1 1 1 1 1 1 1 1 1 2 1 1 1 2 1 1 1 1 1 1 1 1 1 1 1 1 1 1 1 1 1 1 1 1 1 1 1 1 1 1 1 1 1 1 1 1 1 1 1 1 1 1 1 1 1 1 1 1 1 1 1 1 1 1 1 1 1 1 1 1 1 1 1 1 1 1 1 1 1 1 1 1 1 1 1 1 1 1 1 2 2 1 1 2 2 1 1 1 1 1 1 1 1 1 1 1 1 1 1 1 1 1 1 1 1 1 1 1 1 1 1 1 1 1 1 1 1 1 1 1 1 1 1 1 1 1 1 1 1 1 1 1 1 1 1 1 1 1 1 1 1 1 1 1 1 1 1 1 1 1 1 1 1 1 1 1 1 1 1 1 1 1 1 1 1 1 1 1 1 1 689
2 2 2 2 2 3 2 2 2 3 2 2 3 2 2 2 3 3 2 2 3 3 3 3 3 3 2 2 3 3 2 2 3 3 2 2 3 3 2 3 3 2 2 3 3 3 2 2 3 2 2 2 2 3 2 2 2 3 2 2 2 2 2 2 1 1 1 1 2 2 2 2 2 2 2 2 1 1 2 1 1 2 2 1 1 2 1 1 2 2 2 1 1 2 2 1 1 1 1 1 2 1 1 2 2 1 1 2 1 1 1 1 1 2 2 1 1 1 1 1 1 1 1 1 1 2 2 1 1 1 1 1 1 1 1 1 1 1 1 1 1 2 1 1 1 1 1 1 2 1 1 2 2 1 1 2 1 1 1 1 1 1 1 1 1 2 2 1 1 2 2 1 1 1 1 1 1 1 1 1 1 1 1 1 1 1 1 1 1 1 1 1 1 1 1 1 1 1 1 1 1 1 1 1 1 1 1 1 1 1 1 1 1 1 1 1 1 1 1 1 1 1 1 1 1 1 1 1 1 1 1 1 1 1 1 1 1 1 1 1 1 1 1 1 1 1 1 1 1 1 1 1 1 1 1 1 1569
3 2 2 3 2 3 2 2 3 3 2 2 3 2 2 2 4 3 3 3 4 4 3 3 4 4 3 3 4 3 3 3 4 3 3 3 4 4 3 3 4 3 3 3 4 3 3 3 3 2 2 3 2 3 2 3 2 3 2 2 3 3 2 3 2 2 2 2 2 3 3 2 2 3 3 2 2 2 2 2 2 2 2 2 2 2 1 2 2 3 3 2 2 2 2 1 2 1 1 1 2 2 2 2 2 2 1 2 2 1 1 2 1 2 2 2 1 2 1 1 1 1 1 1 1 2 2 2 1 2 2 1 2 2 1 2 1 2 1 1 1 2 1 1 1 2 1 2 2 2 1 2 2 1 1 2 2 1 1 1 1 2 2 1 2 2 2 2 2 2 2 2 1 2 2 1 1 1 1 1 1 1 1 1 1 1 1 1 1 1 1 1 1 1 1 1 1 1 1 1 1 1 1 1 1 1 1 1 1 1 1 1 1 1 1 1 1 1 1 1 1 1 1 1 1 1 1 1 1 1 1 1 1 1 1 1 1 1 1 1 1 1 1 1 1 1 1 1 1 1 1 1 1 1 1 1 3362
3 2 2 3 2 3 2 2 3 3 2 2 3 2 2 2 4 3 3 3 4 4 3 3 4 4 3 3 4 3 3 3 4 3 3 3 4 4 3 3 4 3 3 3 4 3 3 3 3 2 2 3 2 3 2 3 2 3 2 2 3 3 2 3 2 2 2 2 2 3 3 2 2 3 3 2 2 2 2 2 2 2 2 2 2 2 1 2 2 3 3 2 2 2 2 1 2 1 1 1 2 2 2 2 2 2 1 2 2 1 1 2 1 2 2 2 1 2 1 1 1 1 1 1 1 2 2 2 1 2 2 1 2 2 1 2 1 2 1 1 1 2 1 1 1 2 1 2 2 2 1 2 2 1 1 2 2 1 1 1 1 2 2 1 2 2 2 2 2 2 2 2 1 2 2 1 1 1 1 1 1 1 1 1 1 1 1 1 1 1 1 1 1 1 1 1 1 1 1 1 1 1 1 1 1 1 1 1 1 1 1 1 1 1 1 1 1 1 1 1 1 1 1 1 1 1 1 1 1 1 1 1 1 1 1 1 1 1 1 1 1 1 1 1 1 1 1 1 1 1 1 1 1 1 1 1 6489
5
3 2 3 3 3 3 2 3 4 3 2 3 4 3 3 2 4 3 3 4 4 4 4 4 4 4 4 4 4 3 3 4 4 3 3 4 4 4 4 4 4 4 4 4 4 3 3 4 3 2 3 3 3 3 2 4 3 3 2 3 4 3 3 3 3 3 3 3 3 3 3 3 3 3 3 2 2 3 3 3 2 2 2 2 3 3 2 2 2 3 3 3 2 2 2 2 2 2 1 2 2 3 3 2 2 3 2 3 2 1 1 2 1 2 2 2 1 3 1 2 2 2 2 2 2 3 3 2 2 3 3 2 2 2 2 2 2 2 1 2 1 2 2 1 1 2 2 2 3 2 2 2 3 2 2 2 2 2 2 2 2 2 2 2 2 3 3 3 2 3 2 3 2 2 2 2 1 1 1 1 1 1 1 1 1 1 2 1 1 1 1 1 1 1 1 1 1 1 2 1 1 1 1 2 2 1 1 1 1 1 1 1 1 2 2 1 1 1 1 1 1 1 1 1 1 1 1 1 1 1 1 1 1 1 1 1 1 1 1 1 1 1 1 1 1 1 1 1 1 1 1 1 1 1 1 1 6489
4 3 3 4 4 4 3 4 4 4 2 3 4 3 3 3 4 4 3 4 4 5 4 4 4 5 4 4 4 4 4 5 4 4 3 4 5 5 4 4 4 5 4 4 4 3 4 4 4 3 3 3 4 4 3 4 4 4 3 3 4 3 3 3 3 3 3 3 3 3 3 3 3 3 3 3 2 3 3 3 2 3 3 2 3 3 3 3 3 3 3 3 2 3 3 2 2 2 2 3 3 3 3 3 2 3 3 3 2 2 2 2 1 3 3 3 2 3 2 2 2 3 3 3 2 3 3 2 2 3 3 2 2 2 2 2 2 2 2 2 2 2 2 2 1 2 2 2 3 2 3 2 3 2 3 2 2 2 2 2 2 2 2 2 3 3 3 3 3 3 3 3 2 2 3 2 1 2 2 1 2 2 2 2 2 2 3 2 1 1 2 1 1 1 1 1 2 2 2 2 2 2 2 2 2 1 1 1 2 2 2 2 1 2 2 1 1 2 1 2 1 2 2 2 1 1 1 1 1 1 1 1 1 1 1 1 1 1 1 1 1 1 1 1 1 1 1 1 1 1 1 1 1 1 1 1 10807
4 3 3 4 4 4 3 4 4 4 2 3 4 3 3 3 4 4 3 4 4 5 4 4 4 5 4 4 4 4 4 5 4 4 3 4 5 5 4 4 4 5 4 4 4 3 4 4 4 3 3 3 4 4 3 4 4 4 3 3 4 3 3 3 3 3 3 3 3 3 3 3 3 3 3 3 2 3 3 3 2 3 3 2 3 3 3 3 3 3 3 3 2 3 3 2 2 2 2 3 3 3 3 3 2 3 3 3 2 2 2 2 1 3 3 3 2 3 2 2 2 3 3 3 2 3 3 2 2 3 3 2 2 2 2 2 2 2 2 2 2 2 2 2 1 2 2 2 3 2 3 2 3 2 3 2 2 2 2 2 2 2 2 2 3 3 3 3 3 3 3 3 2 2 3 2 1 2 2 1 2 2 2 2 2 2 3 2 1 1 2 1 1 1 1 1 2 2 2 2 2 2 2 2 2 1 1 1 2 2 2 2 1 2 2 1 1 2 1 2 1 2 2 2 1 1 1 1 1 1 1 1 1 1 1 1 1 1 1 1 1 1 1 1 1 1 1 1 1 1 1 1 1 1 1 1 15833
1
5 4 4 4 4 4 3 4 4 4 3 4 5 4 4 3 5 4 4 5 5 5 4 4 5 5 4 4 5 4 4 5 5 4 4 5 5 5 4 4 5 5 4 4 5 4 4 5 5 3 3 4 5 4 3 4 4 4 3 4 5 3 4 4 3 3 3 3 3 3 3 3 3 3 3 3 3 3 3 3 3 3 3 3 3 3 3 3 3 3 3 3 3 3 3 3 3 2 3 3 3 3 3 3 3 3 3 3 3 2 3 3 2 3 3 3 3 3 3 2 2 3 3 3 3 3 3 3 2 3 3 2 2 3 3 3 2 3 3 2 2 3 3 3 2 3 2 3 3 3 3 2 3 3 3 2 2 3 2 2 3 3 3 3 3 3 3 3 3 3 3 3 3 3 3 3 2 2 2 2 3 3 3 3 2 2 3 2 2 2 2 2 2 2 2 2 2 2 2 2 3 2 2 2 2 2 2 2 2 2 3 2 2 2 2 2 2 2 2 2 1 2 2 2 1 1 2 1 1 1 1 1 1 1 1 1 1 1 1 1 1 1 1 1 2 1 1 1 2 1 1 1 1 1 1 1 15833
5 4 4 4 4 4 3 4 4 4 3 4 5 4 4 3 5 4 4 5 5 5 4 4 5 5 4 4 5 4 4 5 5 4 4 5 5 5 4 4 5 5 4 4 5 4 4 5 5 3 3 4 5 4 3 4 4 4 3 4 5 3 4 4 3 3 3 3 3 3 3 3 3 3 3 3 3 3 3 3 3 3 3 3 3 3 3 3 3 3 3 3 3 3 3 3 3 2 3 3 3 3 3 3 3 3 3 3 3 2 3 3 2 3 3 3 3 3 3 2 2 3 3 3 3 3 3 3 2 3 3 2 2 3 3 3 2 3 3 2 2 3 3 3 2 3 2 3 3 3 3 2 3 3 3 2 2 3 2 2 3 3 3 3 3 3 3 3 3 3 3 3 3 3 3 3 2 2 2 2 3 3 3 3 2 2 3 2 2 2 2 2 2 2 2 2 2 2 2 2 3 2 2 2 2 2 2 2 2 2 3 2 2 2 2 2 2 2 2 2 1 2 2 2 1 1 2 1 1 1 1 1 1 1 1 1 1 1 1 1 1 1 1 1 2 1 1 1 2 1 1 1 1 1 1 1 22304
0.5
5 4 4 5 5 4 4 4 5 4 4 4 5 4 4 4 5 4 4 5 5 6 5 5 5 6 5 5 5 4 4 5 5 4 4 5 5 6 5 5 5 6 5 5 5 4 4 5 5 3 4 5 5 4 4 4 5 4 4 4 5 3 4 5 3 4 4 3 4 4 4 4 3 4 4 3 3 4 4 3 4 4 3 4 4 3 3 3 4 3 3 4 4 3 3 4 3 3 3 3 3 3 3 4 3 3 3 3 3 3 3 3 3 3 3 3 3 3 3 3 3 3 3 3 3 4 4 3 3 3 3 3 3 3 3 3 2 3 3 2 3 3 3 3 3 3 2 3 3 3 3 3 3 3 3 3 3 3 3 3 3 3 3 3 3 3 3 3 3 3 3 3 3 3 3 3 2 2 2 2 3 3 3 3 3 3 3 3 2 2 2 2 3 2 3 2 3 3 2 2 3 3 2 2 3 2 3 3 3 3 3 3 2 3 3 2 2 3 2 3 2 2 2 3 2 2 3 2 1 1 1 1 1 1 1 1 1 2 2 2 1 1 1 1 3 1 1 2 3 1 1 2 2 1 1 2 22304
5 4 4 6 5 4 4 5 5 4 4 5 5 4 4 5 5 5 4 5 6 6 5 5 6 6 5 5 5 5 4 5 5 5 4 5 6 6 5 5 6 6 5 5 5 5 4 5 5 4 4 6 5 4 4 5 5 4 4 5 5 4 4 6 4 4 4 4 4 4 4 4 4 4 4 4 4 4 4 4 4 4 4 4 4 3 3 4 4 3 3 4 4 4 4 4 4 4 3 4 4 4 4 4 4 4 4 4 4 4 3 4 4 4 4 4 4 4 4 4 3 4 4 3 4 4 4 4 3 3 3 3 3 3 3 3 2 3 3 2 3 3 3 3 3 3 3 3 3 3 3 3 3 3 3 3 3 3 3 4 3 4 4 3 4 4 4 4 4 4 4 4 3 4 4 3 3 2 2 3 3 3 3 3 3 3 3 3 3 2 2 3 3 3 3 3 3 3 3 3 3 3 3 2 3 3 3 3 3 3 3 3 3 3 3 3 3 3 3 3 3 3 2 3 3 3 3 3 2 1 1 2 1 1 1 1 1 3 3 2 2 2 2 2 3 2 1 3 3 2 1 3 3 2 1 2 30803
5 4 4 6 5 4 4 5 5 4 4 5 5 4 4 5 5 5 4 5 6 6 5 5 6 6 5 5 5 5 4 5 5 5 4 5 6 6 5 5 6 6 5 5 5 5 4 5 5 4 4 6 5 4 4 5 5 4 4 5 5 4 4 6 4 4 4 4 4 4 4 4 4 4 4 4 4 4 4 4 4 4 4 4 4 3 3 4 4 3 3 4 4 4 4 4 4 4 3 4 4 4 4 4 4 4 4 4 4 4 3 4 4 4 4 4 4 4 4 4 3 4 4 3 4 4 4 4 3 3 3 3 3 3 3 3 2 3 3 2 3 3 3 3 3 3 3 3 3 3 3 3 3 3 3 3 3 3 3 4 3 4 4 3 4 4 4 4 4 4 4 4 3 4 4 3 3 2 2 3 3 3 3 3 3 3 3 3 3 2 2 3 3 3 3 3 3 3 3 3 3 3 3 2 3 3 3 3 3 3 3 3 3 3 3 3 3 3 3 3 3 3 2 3 3 3 3 3 2 1 1 2 1 1 1 1 1 3 3 2 2 2 2 2 3 2 1 3 3 2 1 3 3 2 1 2 41079
