1.68556 -2 0.141065 -1.87256
1.81017 -2 0.21108 -1.86975
1.82001 -2 0.216919 -1.86889
1.91011 -2 0.272281 -1.85777
2.06465 -2 0.373825 -1.83044
2.07875 -2 0.383424 -1.82771
2.10784 -2 0.403366 -1.82205
2.20399 -2 0.470425 -1.8037
2.21491 -2 0.478133 -1.8017
2.24788 -2 0.50148 -1.79583
2.29067 -2 0.531928 -1.78864
2.29976 -2 0.538411 -1.78719
2.31507 -2 0.549346 -1.7848
2.38723 -2 0.600959 -1.77476
2.39091 -2 0.603591 -1.77431
2.40415 -2 0.61306 -1.77272
2.41051 -2 0.617611 -1.77199
2.46597 -2 0.657187 -1.76641
2.46868 -2 0.659119 -1.76617
2.49834 -2 0.680193 -1.76386
2.50903 -2 0.687769 -1.76314
2.51765 -2 0.693869 -1.7626
2.55948 -2 0.723345 -1.76058
2.56066 -2 0.724179 -1.76054
2.56593 -2 0.727875 -1.76035
2.57175 -2 0.731949 -1.76017
2.57892 -2 0.736964 -1.75997
2.61166 -2 0.759772 -1.75943
2.62204 -2 0.766963 -1.75939
2.6277 -2 0.77087 -1.75939
2.65265 -2 0.788046 -1.75964
2.66208 -2 0.794508 -1.75982
2.66994 -2 0.799879 -1.76002
2.70537 -2 0.823911 -1.76136
2.70751 -2 0.82535 -1.76147
2.70958 -2 0.826749 -1.76157
2.73966 -2 0.846888 -1.76338
2.76055 -2 0.860733 -1.76496
2.76218 -2 0.861814 -1.76509
2.79791 -2 0.885202 -1.76842
2.80746 -2 0.891391 -1.76945
2.82982 -2 0.905775 -1.77205
2.84221 -2 0.913685 -1.77362
2.87771 -2 0.936051 -1.77862
2.88628 -2 0.941391 -1.77993
2.89161 -2 0.944696 -1.78077
2.89473 -2 0.946631 -1.78127
2.90138 -2 0.950737 -1.78236
2.91805 -2 0.960956 -1.78519
2.9199 -2 0.962083 -1.78551
2.93671 -2 0.97228 -1.78854
2.95692 -2 0.984398 -1.79239
2.95762 -2 0.984815 -1.79253
2.96125 -2 0.986973 -1.79324
2.96537 -2 0.989419 -1.79407
3.00369 -2 1.01184 -1.80216
3.01007 -2 1.01551 -1.80359
3.01311 -2 1.01726 -1.80427
3.01949 -2 1.02091 -1.80573
3.02973 -2 1.02674 -1.80811
3.03188 -2 1.02796 -1.80862
3.03601 -2 1.03029 -1.8096
3.03778 -2 1.03129 -1.81002
3.05153 -2 1.039 -1.81337
3.06973 -2 1.04909 -1.81794
3.07393 -2 1.05139 -1.81901
3.07945 -2 1.05441 -1.82044
3.08152 -2 1.05554 -1.82099
3.0842 -2 1.057 -1.82169
3.08961 -2 1.05994 -1.82312
3.09527 -2 1.06299 -1.82463
3.10622 -2 1.06887 -1.82759
3.1064 -2 1.06896 -1.82764
3.10647 -2 1.069 -1.82766
3.12165 -2 1.07706 -1.83187
3.12704 -2 1.07989 -1.83339
3.13049 -2 1.0817 -1.83437
3.13078 -2 1.08185 -1.83445
3.13655 -2 1.08486 -1.8361
3.14358 -2 1.08851 -1.83814
3.14498 -2 1.08923 -1.83854
3.14757 -2 1.09057 -1.8393
3.15577 -2 1.09478 -1.84171
3.16862 -2 1.10132 -1.84556
3.17249 -2 1.10327 -1.84673
3.17562 -2 1.10485 -1.84768
3.18014 -2 1.10711 -1.84907
3.19422 -2 1.11411 -1.85343
3.1976 -2 1.11578 -1.85449
3.19771 -2 1.11583 -1.85453
3.1985 -2 1.11622 -1.85477
3.20163 -2 1.11776 -1.85576
3.20461 -2 1.11922 -1.8567
3.2139 -2 1.12374 -1.85967
3.21644 -2 1.12496 -1.86048
3.22471 -2 1.12894 -1.86316
3.24289 -2 1.13757 -1.86914
3.24416 -2 1.13817 -1.86956
3.24437 -2 1.13826 -1.86963
3.25317 -2 1.14238 -1.87258
3.25754 -2 1.1444 -1.87405
3.25956 -2 1.14534 -1.87473
3.26075 -2 1.14589 -1.87513
3.26096 -2 1.14598 -1.8752
3.26194 -2 1.14644 -1.87554
3.26827 -2 1.14935 -1.87769
3.2687 -2 1.14954 -1.87784
3.27175 -2 1.15094 -1.87889
3.27775 -2 1.15366 -1.88095
3.27836 -2 1.15394 -1.88116
3.27916 -2 1.1543 -1.88144
3.28524 -2 1.15704 -1.88355
3.28694 -2 1.1578 -1.88414
3.295 -2 1.1614 -1.88696
3.30829 -2 1.16726 -1.89166
3.32043 -2 1.17254 -1.896
3.33068 -2 1.17693 -1.8997
3.34152 -2 1.18152 -1.90365
3.34641 -2 1.18357 -1.90545
3.34694 -2 1.18379 -1.90564
3.35062 -2 1.18533 -1.907
3.36098 -2 1.18961 -1.91084
3.36244 -2 1.19021 -1.91138
3.363 -2 1.19044 -1.91159
3.36497 -2 1.19125 -1.91232
3.36798 -2 1.19247 -1.91345
3.36839 -2 1.19264 -1.9136
3.37577 -2 1.19563 -1.91637
3.3795 -2 1.19713 -1.91778
3.38618 -2 1.19979 -1.9203
3.38641 -2 1.19989 -1.92039
3.3964 -2 1.20383 -1.92419
3.40021 -2 1.20532 -1.92565
3.40513 -2 1.20723 -1.92753
3.41487 -2 1.21098 -1.93128
3.41704 -2 1.21181 -1.93212
3.42103 -2 1.21333 -1.93367
3.43058 -2 1.21693 -1.93738
3.43335 -2 1.21796 -1.93846
3.44707 -2 1.22303 -1.94384
3.4532 -2 1.22526 -1.94626
3.46826 -2 1.23065 -1.95223
3.47851 -2 1.23425 -1.95632
3.4834 -2 1.23595 -1.95828
3.49063 -2 1.23844 -1.96118
3.49148 -2 1.23873 -1.96152
3.49205 -2 1.23892 -1.96176
3.49648 -2 1.24043 -1.96354
3.49885 -2 1.24123 -1.9645
3.50152 -2 1.24213 -1.96557
3.50563 -2 1.24351 -1.96724
3.5088 -2 1.24457 -1.96852
3.51071 -2 1.2452 -1.96929
3.52352 -2 1.2494 -1.9745
3.52803 -2 1.25086 -1.97634
3.53307 -2 1.25248 -1.9784
3.53381 -2 1.25271 -1.9787
3.53685 -2 1.25368 -1.97995
3.54267 -2 1.25552 -1.98233
3.55095 -2 1.2581 -1.98573
3.55399 -2 1.25904 -1.98698
3.55689 -2 1.25993 -1.98818
3.58479 -2 1.26828 -1.99971
3.58534 -2 1.26843 -1.99994
3.5858 -2 1.26857 -2.00013
3.58836 -2 1.26931 -2.00119
3.59514 -2 1.27126 -2.00401
3.5996 -2 1.27253 -2.00587
3.60169 -2 1.27312 -2.00673
3.60307 -2 1.27351 -2.00731
3.60486 -2 1.27402 -2.00806
3.60952 -2 1.27532 -2.01
3.61505 -2 1.27685 -2.0123
3.6174 -2 1.27749 -2.01328
3.61825 -2 1.27773 -2.01364
3.61962 -2 1.2781 -2.01421
3.62049 -2 1.27834 -2.01458
3.62177 -2 1.27869 -2.01511
3.62633 -2 1.27992 -2.01702
3.62983 -2 1.28086 -2.01848
3.63185 -2 1.28139 -2.01932
3.6319 -2 1.28141 -2.01934
3.63326 -2 1.28177 -2.01991
3.63349 -2 1.28183 -2.02001
3.63828 -2 1.28309 -2.02201
3.64364 -2 1.28449 -2.02425
3.64638 -2 1.2852 -2.0254
3.65015 -2 1.28617 -2.02698
3.65298 -2 1.28689 -2.02817
3.66722 -2 1.29046 -2.03414
3.66872 -2 1.29084 -2.03477
3.66985 -2 1.29111 -2.03524
3.67054 -2 1.29128 -2.03553
3.67207 -2 1.29166 -2.03617
3.67217 -2 1.29168 -2.03621
3.67782 -2 1.29305 -2.03858
3.68247 -2 1.29417 -2.04053
3.69473 -2 1.29705 -2.04567
3.69959 -2 1.29818 -2.04771
3.70044 -2 1.29837 -2.04807
3.70243 -2 1.29883 -2.0489
3.70348 -2 1.29907 -2.04935
3.71898 -2 1.30253 -2.05584
3.72082 -2 1.30293 -2.05661
3.72272 -2 1.30334 -2.05741
3.72274 -2 1.30335 -2.05742
3.72596 -2 1.30404 -2.05877
3.72598 -2 1.30405 -2.05878
3.72944 -2 1.30479 -2.06022
3.73188 -2 1.30531 -2.06125
3.73228 -2 1.30539 -2.06141
3.73349 -2 1.30565 -2.06192
3.74161 -2 1.30735 -2.06532
3.74586 -2 1.30822 -2.06709
3.74867 -2 1.3088 -2.06827
3.7515 -2 1.30937 -2.06945
3.75176 -2 1.30942 -2.06956
3.75235 -2 1.30954 -2.0698
3.75566 -2 1.3102 -2.07118
3.76103 -2 1.31127 -2.07342
3.76187 -2 1.31143 -2.07377
3.76533 -2 1.31211 -2.07522
3.76764 -2 1.31255 -2.07618
3.77357 -2 1.31369 -2.07865
3.78043 -2 1.31498 -2.0815
3.78083 -2 1.31506 -2.08167
3.78158 -2 1.3152 -2.08198
3.78523 -2 1.31587 -2.0835
3.79414 -2 1.31749 -2.08719
3.79526 -2 1.31769 -2.08766
3.7959 -2 1.3178 -2.08792
3.80017 -2 1.31856 -2.08968
3.80465 -2 1.31934 -2.09154
3.80608 -2 1.31959 -2.09213
3.81119 -2 1.32047 -2.09424
3.81507 -2 1.32112 -2.09584
3.81614 -2 1.3213 -2.09628
3.82236 -2 1.32234 -2.09884
3.82387 -2 1.32258 -2.09946
3.83079 -2 1.3237 -2.1023
3.83802 -2 1.32485 -2.10526
3.83891 -2 1.32498 -2.10563
3.84377 -2 1.32573 -2.10761
3.84402 -2 1.32577 -2.10772
3.84509 -2 1.32594 -2.10815
3.85627 -2 1.32761 -2.11271
3.85645 -2 1.32764 -2.11278
3.86077 -2 1.32827 -2.11454
3.86666 -2 1.32911 -2.11692
3.86811 -2 1.32931 -2.11751
3.87401 -2 1.33013 -2.1199
3.87765 -2 1.33063 -2.12136
3.87844 -2 1.33074 -2.12168
3.88116 -2 1.3311 -2.12278
3.8833 -2 1.33139 -2.12364
3.8871 -2 1.33189 -2.12517
3.89164 -2 1.33248 -2.12699
3.89676 -2 1.33313 -2.12904
3.9032 -2 1.33393 -2.13161
3.90601 -2 1.33428 -2.13273
3.91058 -2 1.33483 -2.13455
3.91263 -2 1.33507 -2.13536
3.91334 -2 1.33515 -2.13564
3.91445 -2 1.33528 -2.13608
3.91538 -2 1.33539 -2.13645
3.91877 -2 1.33579 -2.13779
3.91966 -2 1.33589 -2.13814
3.92084 -2 1.33602 -2.13861
3.92295 -2 1.33626 -2.13944
3.92443 -2 1.33643 -2.14002
3.92474 -2 1.33646 -2.14015
3.92598 -2 1.3366 -2.14064
3.93259 -2 1.33733 -2.14324
3.93532 -2 1.33762 -2.14431
3.93671 -2 1.33777 -2.14485
3.93845 -2 1.33795 -2.14553
3.94045 -2 1.33816 -2.14632
3.94069 -2 1.33819 -2.14641
3.94332 -2 1.33846 -2.14744
3.94491 -2 1.33862 -2.14806
3.94734 -2 1.33887 -2.149
3.95577 -2 1.3397 -2.15228
3.95951 -2 1.34006 -2.15373
3.96306 -2 1.34039 -2.1551
3.96771 -2 1.34082 -2.15689
3.96884 -2 1.34092 -2.15732
3.97026 -2 1.34104 -2.15787
3.97796 -2 1.34172 -2.16082
3.97924 -2 1.34183 -2.16131
3.98409 -2 1.34224 -2.16315
3.9852 -2 1.34233 -2.16358
3.98905 -2 1.34264 -2.16504
3.99109 -2 1.3428 -2.16581
3.99321 -2 1.34297 -2.16661
3.99567 -2 1.34316 -2.16754
3.99589 -2 1.34318 -2.16763
3.99684 -2 1.34325 -2.16798
4.0015 -2 1.3436 -2.16974
4.00466 -2 1.34384 -2.17093
4.00527 -2 1.34388 -2.17116
4.00921 -2 1.34416 -2.17263
4.01037 -2 1.34424 -2.17306
4.01719 -2 1.34471 -2.1756
4.01938 -2 1.34486 -2.17642
4.02008 -2 1.3449 -2.17668
4.02081 -2 1.34495 -2.17695
4.02193 -2 1.34502 -2.17736
4.02473 -2 1.3452 -2.1784
4.02794 -2 1.3454 -2.17958
4.02825 -2 1.34542 -2.1797
4.0296 -2 1.34551 -2.18019
4.0367 -2 1.34593 -2.1828
4.04092 -2 1.34617 -2.18434
4.04256 -2 1.34626 -2.18494
4.04753 -2 1.34652 -2.18674
4.05455 -2 1.34688 -2.18928
4.05483 -2 1.3469 -2.18938
4.05622 -2 1.34696 -2.18988
4.06546 -2 1.34739 -2.19319
4.06585 -2 1.34741 -2.19333
4.06741 -2 1.34748 -2.19389
4.07092 -2 1.34763 -2.19514
4.07136 -2 1.34765 -2.1953
4.07407 -2 1.34776 -2.19626
4.0761 -2 1.34784 -2.19697
4.07851 -2 1.34793 -2.19783
4.07852 -2 1.34793 -2.19783
4.07882 -2 1.34795 -2.19794
4.07931 -2 1.34796 -2.19811
4.08062 -2 1.34801 -2.19857
4.08088 -2 1.34802 -2.19866
4.09863 -2 1.34862 -2.20486
4.10107 -2 1.34869 -2.2057
4.10294 -2 1.34874 -2.20634
4.10396 -2 1.34877 -2.20669
4.10566 -2 1.34881 -2.20728
4.10887 -2 1.34889 -2.20838
4.10892 -2 1.3489 -2.2084
4.11224 -2 1.34898 -2.20953
4.11403 -2 1.34902 -2.21014
4.12072 -2 1.34916 -2.21241
4.12413 -2 1.34922 -2.21356
4.12749 -2 1.34928 -2.21469
4.13485 -2 1.34939 -2.21716
4.14141 -2 1.34947 -2.21933
4.14189 -2 1.34948 -2.21949
4.14362 -2 1.34949 -2.22006
4.14429 -2 1.3495 -2.22028
4.14764 -2 1.34953 -2.22138
4.14868 -2 1.34954 -2.22172
4.15772 -2 1.34959 -2.22467
4.16179 -2 1.3496 -2.22599
4.1687 -2 1.3496 -2.22821
4.1735 -2 1.3496 -2.22974
4.174 -2 1.34959 -2.2299
4.18268 -2 1.34955 -2.23265
4.18499 -2 1.34954 -2.23337
4.18526 -2 1.34953 -2.23346
4.18892 -2 1.3495 -2.2346
4.18907 -2 1.3495 -2.23465
4.19037 -2 1.34949 -2.23506
4.1915 -2 1.34948 -2.23541
4.19177 -2 1.34947 -2.23549
4.19364 -2 1.34945 -2.23607
4.19832 -2 1.3494 -2.23752
4.20454 -2 1.34931 -2.23942
4.20597 -2 1.34929 -2.23986
4.21325 -2 1.34916 -2.24207
4.22126 -2 1.34899 -2.24448
4.22615 -2 1.34888 -2.24593
4.22652 -2 1.34887 -2.24604
4.22833 -2 1.34883 -2.24658
4.23075 -2 1.34876 -2.24729
4.23597 -2 1.34862 -2.24882
4.23873 -2 1.34854 -2.24963
4.2394 -2 1.34853 -2.24982
4.24173 -2 1.34846 -2.2505
4.24296 -2 1.34842 -2.25085
4.24312 -2 1.34841 -2.2509
4.24506 -2 1.34835 -2.25146
4.24593 -2 1.34833 -2.25171
4.2468 -2 1.3483 -2.25196
4.25575 -2 1.348 -2.25451
4.26151 -2 1.34778 -2.25614
4.26253 -2 1.34775 -2.25643
4.26695 -2 1.34757 -2.25766
4.27081 -2 1.34742 -2.25873
4.27135 -2 1.3474 -2.25888
4.27158 -2 1.34739 -2.25894
4.27167 -2 1.34738 -2.25897
4.2758 -2 1.34721 -2.2601
4.27957 -2 1.34704 -2.26114
4.27994 -2 1.34703 -2.26124
4.28205 -2 1.34693 -2.26181
4.28235 -2 1.34692 -2.26189
4.28368 -2 1.34686 -2.26225
4.28662 -2 1.34672 -2.26305
4.28788 -2 1.34666 -2.26338
4.28833 -2 1.34664 -2.2635
4.28878 -2 1.34662 -2.26363
4.29377 -2 1.34638 -2.26496
4.29396 -2 1.34637 -2.26501
4.29447 -2 1.34634 -2.26514
4.29674 -2 1.34623 -2.26575
4.29893 -2 1.34611 -2.26633
4.30115 -2 1.346 -2.26691
4.30128 -2 1.34599 -2.26694
4.30674 -2 1.3457 -2.26837
4.3091 -2 1.34557 -2.26898
4.31275 -2 1.34537 -2.26992
4.31445 -2 1.34527 -2.27036
4.31627 -2 1.34517 -2.27082
4.31702 -2 1.34513 -2.27101
4.32431 -2 1.3447 -2.27286
4.32462 -2 1.34468 -2.27293
4.32593 -2 1.3446 -2.27326
4.32733 -2 1.34451 -2.27361
4.33213 -2 1.34421 -2.27481
4.33356 -2 1.34412 -2.27516
4.33458 -2 1.34406 -2.27541
4.3378 -2 1.34385 -2.2762
4.34009 -2 1.3437 -2.27676
4.34039 -2 1.34368 -2.27683
4.344 -2 1.34344 -2.27771
4.34414 -2 1.34343 -2.27774
4.34482 -2 1.34339 -2.27791
4.34854 -2 1.34314 -2.2788
4.35014 -2 1.34303 -2.27918
4.35234 -2 1.34287 -2.27971
4.35312 -2 1.34282 -2.27989
4.35373 -2 1.34278 -2.28004
4.35558 -2 1.34265 -2.28047
4.35721 -2 1.34253 -2.28086
4.35803 -2 1.34247 -2.28105
4.35812 -2 1.34246 -2.28107
4.36011 -2 1.34232 -2.28153
4.36063 -2 1.34228 -2.28166
4.36133 -2 1.34223 -2.28182
4.36162 -2 1.34221 -2.28189
4.36491 -2 1.34197 -2.28265
4.36716 -2 1.3418 -2.28317
4.36796 -2 1.34174 -2.28335
4.36901 -2 1.34167 -2.28359
4.37122 -2 1.3415 -2.2841
4.37128 -2 1.34149 -2.28411
4.37235 -2 1.34141 -2.28435
4.37458 -2 1.34124 -2.28486
4.37673 -2 1.34108 -2.28535
4.37673 -2 1.34108 -2.28535
4.37908 -2 1.34089 -2.28587
4.37952 -2 1.34086 -2.28597
4.3824 -2 1.34063 -2.28661
4.38447 -2 1.34047 -2.28707
4.38493 -2 1.34043 -2.28717
4.38712 -2 1.34025 -2.28766
4.3874 -2 1.34023 -2.28772
4.38857 -2 1.34014 -2.28797
4.38892 -2 1.34011 -2.28805
4.38893 -2 1.34011 -2.28805
4.39089 -2 1.33995 -2.28848
4.39217 -2 1.33984 -2.28876
4.3948 -2 1.33962 -2.28933
4.39492 -2 1.33961 -2.28935
4.39934 -2 1.33924 -2.2903
4.40377 -2 1.33886 -2.29124
4.40398 -2 1.33885 -2.29128
4.40489 -2 1.33877 -2.29147
4.40533 -2 1.33873 -2.29157
4.4058 -2 1.33869 -2.29167
4.40611 -2 1.33866 -2.29173
4.41063 -2 1.33827 -2.29267
4.41571 -2 1.33782 -2.29372
4.42273 -2 1.33718 -2.29514
4.42456 -2 1.33701 -2.29551
4.42479 -2 1.33699 -2.29555
4.42847 -2 1.33665 -2.29628
4.42966 -2 1.33654 -2.29652
4.43572 -2 1.33597 -2.29771
4.43661 -2 1.33588 -2.29788
4.44186 -2 1.33538 -2.29888
4.4447 -2 1.3351 -2.29942
4.44894 -2 1.33469 -2.30022
4.44925 -2 1.33466 -2.30028
4.44962 -2 1.33462 -2.30035
4.4515 -2 1.33443 -2.30069
4.4562 -2 1.33396 -2.30156
4.45667 -2 1.33391 -2.30164
4.4599 -2 1.33359 -2.30223
4.46346 -2 1.33322 -2.30287
4.46622 -2 1.33294 -2.30336
4.46651 -2 1.33291 -2.30341
4.47128 -2 1.33241 -2.30425
4.47236 -2 1.3323 -2.30444
4.47236 -2 1.3323 -2.30444
4.47431 -2 1.33209 -2.30477
4.47522 -2 1.33199 -2.30493
4.47533 -2 1.33198 -2.30495
4.47539 -2 1.33198 -2.30496
4.47579 -2 1.33193 -2.30503
4.47658 -2 1.33185 -2.30517
4.48217 -2 1.33125 -2.30611
4.4836 -2 1.3311 -2.30635
4.48362 -2 1.3311 -2.30636
4.48989 -2 1.33041 -2.3074
4.49147 -2 1.33024 -2.30765
4.49177 -2 1.33021 -2.3077
4.49259 -2 1.33012 -2.30784
4.49342 -2 1.33002 -2.30797
4.49623 -2 1.32971 -2.30842
4.50135 -2 1.32914 -2.30924
4.50228 -2 1.32904 -2.30938
4.50387 -2 1.32886 -2.30963
4.50463 -2 1.32877 -2.30975
4.50707 -2 1.32849 -2.31013
4.50736 -2 1.32846 -2.31017
4.50886 -2 1.32829 -2.3104
4.51081 -2 1.32807 -2.3107
4.51218 -2 1.32791 -2.31091
4.5133 -2 1.32778 -2.31108
4.51378 -2 1.32773 -2.31115
4.51597 -2 1.32747 -2.31148
4.51769 -2 1.32727 -2.31173
4.52151 -2 1.32683 -2.31229
4.52161 -2 1.32681 -2.31231
4.52271 -2 1.32669 -2.31247
4.52358 -2 1.32658 -2.31259
4.52543 -2 1.32637 -2.31286
4.52592 -2 1.32631 -2.31293
4.52739 -2 1.32613 -2.31314
4.53012 -2 1.32581 -2.31353
4.53152 -2 1.32564 -2.31372
4.53254 -2 1.32552 -2.31387
4.53326 -2 1.32543 -2.31397
4.5354 -2 1.32518 -2.31426
4.53691 -2 1.325 -2.31447
4.539 -2 1.32474 -2.31476
4.54141 -2 1.32445 -2.31508
4.5508 -2 1.3233 -2.31632
4.55197 -2 1.32315 -2.31647
4.55244 -2 1.3231 -2.31653
4.55299 -2 1.32303 -2.3166
4.55326 -2 1.32299 -2.31663
4.55735 -2 1.32248 -2.31715
4.56163 -2 1.32195 -2.31768
4.56246 -2 1.32184 -2.31778
4.56849 -2 1.32108 -2.3185
4.56927 -2 1.32098 -2.3186
4.57026 -2 1.32085 -2.31871
4.5705 -2 1.32082 -2.31874
4.57226 -2 1.3206 -2.31895
4.57437 -2 1.32033 -2.31919
4.57513 -2 1.32023 -2.31928
4.57639 -2 1.32007 -2.31942
4.57714 -2 1.31997 -2.31951
4.57813 -2 1.31984 -2.31962
4.58021 -2 1.31957 -2.31985
4.58036 -2 1.31955 -2.31987
4.58845 -2 1.3185 -2.32075
4.58875 -2 1.31846 -2.32078
4.58959 -2 1.31835 -2.32087
4.59147 -2 1.3181 -2.32107
4.59768 -2 1.31728 -2.32171
4.59908 -2 1.3171 -2.32185
4.60739 -2 1.31598 -2.32266
4.60774 -2 1.31594 -2.3227
4.61357 -2 1.31515 -2.32324
4.61482 -2 1.31498 -2.32336
4.61483 -2 1.31498 -2.32336
4.61647 -2 1.31475 -2.32351
4.61687 -2 1.3147 -2.32354
4.61931 -2 1.31437 -2.32376
4.61994 -2 1.31428 -2.32381
4.6215 -2 1.31407 -2.32395
4.6271 -2 1.3133 -2.32443
4.62866 -2 1.31308 -2.32456
4.63011 -2 1.31288 -2.32467
4.65099 -2 1.30996 -2.32625
4.65261 -2 1.30973 -2.32636
4.65296 -2 1.30968 -2.32638
4.65322 -2 1.30965 -2.3264
4.65449 -2 1.30947 -2.32649
4.65664 -2 1.30916 -2.32663
4.66054 -2 1.30861 -2.32688
4.66513 -2 1.30795 -2.32716
4.66565 -2 1.30787 -2.32719
4.66607 -2 1.30781 -2.32722
4.66967 -2 1.3073 -2.32743
4.67192 -2 1.30697 -2.32756
4.67587 -2 1.3064 -2.32777
4.67853 -2 1.30601 -2.32792
4.68426 -2 1.30518 -2.3282
4.68439 -2 1.30516 -2.32821
4.68622 -2 1.30489 -2.3283
4.68868 -2 1.30454 -2.32841
4.69107 -2 1.30419 -2.32852
4.69142 -2 1.30413 -2.32854
4.69457 -2 1.30367 -2.32867
4.69628 -2 1.30342 -2.32874
4.69966 -2 1.30292 -2.32888
4.70929 -2 1.30149 -2.32923
4.71024 -2 1.30135 -2.32926
4.71093 -2 1.30125 -2.32928
4.71095 -2 1.30125 -2.32928
4.71131 -2 1.30119 -2.32929
4.7145 -2 1.30072 -2.32939
4.71781 -2 1.30022 -2.32949
4.71885 -2 1.30007 -2.32952
4.72049 -2 1.29982 -2.32956
4.72438 -2 1.29924 -2.32966
4.72453 -2 1.29922 -2.32966
4.72725 -2 1.29881 -2.32972
4.73065 -2 1.2983 -2.32979
4.73263 -2 1.298 -2.32983
4.73635 -2 1.29743 -2.3299
4.73683 -2 1.29736 -2.32991
4.73831 -2 1.29714 -2.32993
4.7392 -2 1.297 -2.32994
4.74362 -2 1.29633 -2.33
4.74752 -2 1.29574 -2.33004
4.75454 -2 1.29467 -2.33009
4.75537 -2 1.29454 -2.3301
4.75697 -2 1.2943 -2.3301
4.76053 -2 1.29376 -2.33011
4.76189 -2 1.29355 -2.33011
4.76205 -2 1.29352 -2.33011
4.76224 -2 1.29349 -2.33011
4.76514 -2 1.29305 -2.33011
4.77074 -2 1.29219 -2.33009
4.77248 -2 1.29192 -2.33008
4.77573 -2 1.29142 -2.33006
4.77597 -2 1.29139 -2.33006
4.77806 -2 1.29106 -2.33004
4.78137 -2 1.29055 -2.33
4.7815 -2 1.29053 -2.33
4.78213 -2 1.29044 -2.32999
4.78243 -2 1.29039 -2.32999
4.78535 -2 1.28994 -2.32995
4.7876 -2 1.28959 -2.32992
4.79091 -2 1.28908 -2.32986
4.79238 -2 1.28885 -2.32984
4.79525 -2 1.28841 -2.32978
4.79591 -2 1.28831 -2.32977
4.79763 -2 1.28804 -2.32973
4.80242 -2 1.2873 -2.32962
4.80294 -2 1.28722 -2.32961
4.81253 -2 1.28572 -2.32934
4.81461 -2 1.2854 -2.32927
4.81761 -2 1.28493 -2.32917
4.81928 -2 1.28467 -2.32911
4.82479 -2 1.28382 -2.32891
4.82598 -2 1.28363 -2.32886
4.82786 -2 1.28334 -2.32878
4.83112 -2 1.28283 -2.32865
4.83521 -2 1.28219 -2.32847
4.83593 -2 1.28208 -2.32843
4.83826 -2 1.28172 -2.32833
4.84094 -2 1.2813 -2.3282
4.84368 -2 1.28087 -2.32806
4.84392 -2 1.28083 -2.32805
4.85287 -2 1.27943 -2.32757
4.85361 -2 1.27932 -2.32753
4.854 -2 1.27926 -2.3275
4.85968 -2 1.27837 -2.32717
4.86094 -2 1.27818 -2.32709
4.86855 -2 1.27699 -2.32661
4.87201 -2 1.27645 -2.32637
4.87703 -2 1.27567 -2.32602
4.87706 -2 1.27566 -2.32602
4.8777 -2 1.27556 -2.32597
4.87845 -2 1.27544 -2.32592
4.88198 -2 1.2749 -2.32566
4.88373 -2 1.27462 -2.32553
4.88375 -2 1.27462 -2.32553
4.88447 -2 1.27451 -2.32547
4.88911 -2 1.27379 -2.32511
4.8912 -2 1.27346 -2.32495
4.89177 -2 1.27337 -2.3249
4.89361 -2 1.27309 -2.32475
4.89732 -2 1.27251 -2.32444
4.89776 -2 1.27244 -2.32441
4.91215 -2 1.27021 -2.32313
4.91383 -2 1.26995 -2.32297
4.91592 -2 1.26963 -2.32277
4.91717 -2 1.26943 -2.32265
4.92136 -2 1.26879 -2.32224
4.92169 -2 1.26874 -2.32221
4.92245 -2 1.26862 -2.32213
4.92373 -2 1.26842 -2.32201
4.92429 -2 1.26834 -2.32195
4.92443 -2 1.26831 -2.32193
4.92575 -2 1.26811 -2.3218
4.92633 -2 1.26802 -2.32174
4.9324 -2 1.26709 -2.32111
4.93244 -2 1.26708 -2.32111
4.93739 -2 1.26632 -2.32057
4.94226 -2 1.26558 -2.32004
4.94586 -2 1.26503 -2.31963
4.94658 -2 1.26492 -2.31955
4.94716 -2 1.26483 -2.31948
4.94736 -2 1.2648 -2.31946
4.95046 -2 1.26433 -2.3191
4.95215 -2 1.26407 -2.3189
4.95787 -2 1.2632 -2.31821
4.95831 -2 1.26313 -2.31816
4.96904 -2 1.26151 -2.31682
4.96936 -2 1.26146 -2.31678
4.97633 -2 1.26041 -2.31586
4.97752 -2 1.26023 -2.31571
4.9806 -2 1.25977 -2.31529
4.98083 -2 1.25974 -2.31526
4.98291 -2 1.25943 -2.31498
4.98397 -2 1.25927 -2.31483
4.98509 -2 1.2591 -2.31468
4.98526 -2 1.25908 -2.31465
4.98716 -2 1.25879 -2.31439
4.99061 -2 1.25828 -2.3139
5.00074 -2 1.25678 -2.31244
5.00911 -2 1.25555 -2.31118
5.01019 -2 1.25539 -2.31102
5.012 -2 1.25512 -2.31074
5.01902 -2 1.2541 -2.30964
5.02182 -2 1.25369 -2.30919
5.02362 -2 1.25343 -2.3089
5.02427 -2 1.25334 -2.30879
5.0377 -2 1.25141 -2.30657
5.03851 -2 1.25129 -2.30643
5.04125 -2 1.2509 -2.30596
5.04257 -2 1.25071 -2.30573
5.04423 -2 1.25048 -2.30544
5.04564 -2 1.25028 -2.3052
5.04859 -2 1.24986 -2.30468
5.05112 -2 1.2495 -2.30423
5.05576 -2 1.24885 -2.3034
5.05905 -2 1.24839 -2.3028
5.06004 -2 1.24825 -2.30262
5.06017 -2 1.24823 -2.3026
5.06129 -2 1.24808 -2.30239
5.06331 -2 1.2478 -2.30202
5.06561 -2 1.24748 -2.30159
5.06646 -2 1.24736 -2.30143
5.06848 -2 1.24708 -2.30105
5.0711 -2 1.24672 -2.30056
5.07132 -2 1.24669 -2.30051
5.07264 -2 1.24651 -2.30026
5.07292 -2 1.24647 -2.30021
5.07401 -2 1.24632 -2.3
5.0761 -2 1.24603 -2.2996
5.07721 -2 1.24588 -2.29939
5.07793 -2 1.24578 -2.29925
5.07887 -2 1.24565 -2.29906
5.08125 -2 1.24533 -2.2986
5.0916 -2 1.24393 -2.29654
5.09197 -2 1.24388 -2.29647
5.09376 -2 1.24364 -2.2961
5.09783 -2 1.2431 -2.29527
5.09882 -2 1.24297 -2.29507
5.09991 -2 1.24283 -2.29485
5.10091 -2 1.24269 -2.29464
5.10283 -2 1.24244 -2.29424
5.10443 -2 1.24223 -2.29391
5.10521 -2 1.24212 -2.29374
5.10827 -2 1.24172 -2.2931
5.1128 -2 1.24113 -2.29213
5.11391 -2 1.24099 -2.2919
5.1149 -2 1.24086 -2.29168
5.11535 -2 1.2408 -2.29159
5.12011 -2 1.24019 -2.29056
5.12394 -2 1.2397 -2.28972
5.12413 -2 1.23967 -2.28967
5.13022 -2 1.2389 -2.28832
5.13103 -2 1.2388 -2.28814
5.136 -2 1.23817 -2.28702
5.14788 -2 1.2367 -2.28428
5.15149 -2 1.23626 -2.28343
5.15287 -2 1.23609 -2.2831
5.15368 -2 1.236 -2.28291
5.15565 -2 1.23576 -2.28244
5.15604 -2 1.23571 -2.28235
5.15651 -2 1.23565 -2.28224
5.16411 -2 1.23475 -2.28041
5.16435 -2 1.23472 -2.28035
5.16553 -2 1.23458 -2.28006
5.17163 -2 1.23386 -2.27856
5.17821 -2 1.2331 -2.27692
5.18228 -2 1.23263 -2.2759
5.18302 -2 1.23254 -2.27571
5.18318 -2 1.23253 -2.27567
5.18462 -2 1.23236 -2.27531
5.18629 -2 1.23217 -2.27488
5.18985 -2 1.23177 -2.27397
5.19261 -2 1.23146 -2.27326
5.20113 -2 1.23052 -2.27103
5.20313 -2 1.23031 -2.2705
5.20315 -2 1.2303 -2.2705
5.21762 -2 1.22876 -2.26662
5.21823 -2 1.22869 -2.26645
5.23201 -2 1.22728 -2.26265
5.23536 -2 1.22695 -2.26171
5.23925 -2 1.22656 -2.26061
5.24453 -2 1.22604 -2.2591
5.24533 -2 1.22597 -2.25887
5.2457 -2 1.22593 -2.25877
5.24578 -2 1.22592 -2.25875
5.25684 -2 1.22488 -2.25554
5.25929 -2 1.22465 -2.25482
5.2656 -2 1.22407 -2.25296
5.26636 -2 1.224 -2.25273
5.2675 -2 1.2239 -2.25239
5.27112 -2 1.22358 -2.25131
5.27298 -2 1.22341 -2.25075
5.27503 -2 1.22323 -2.25014
5.27867 -2 1.22292 -2.24903
5.27875 -2 1.22291 -2.24901
5.29011 -2 1.22196 -2.24553
5.29084 -2 1.22189 -2.2453
5.29369 -2 1.22166 -2.24441
5.29391 -2 1.22164 -2.24435
5.30529 -2 1.22074 -2.24077
5.31047 -2 1.22035 -2.23913
5.31847 -2 1.21976 -2.23655
5.33121 -2 1.21886 -2.2324
5.33236 -2 1.21879 -2.23202
5.33336 -2 1.21872 -2.23169
5.33605 -2 1.21854 -2.2308
5.33699 -2 1.21848 -2.23049
5.33991 -2 1.21829 -2.22952
5.34922 -2 1.2177 -2.22639
5.35998 -2 1.21707 -2.22273
5.36037 -2 1.21704 -2.2226
5.36143 -2 1.21698 -2.22224
5.36206 -2 1.21695 -2.22202
5.36486 -2 1.21679 -2.22106
5.36794 -2 1.21662 -2.21999
5.36986 -2 1.21652 -2.21933
5.37456 -2 1.21628 -2.21769
5.37855 -2 1.21607 -2.21629
5.39059 -2 1.2155 -2.21204
5.39251 -2 1.21542 -2.21135
5.39366 -2 1.21537 -2.21094
5.40733 -2 1.21481 -2.20601
5.42039 -2 1.21435 -2.20123
5.42458 -2 1.21422 -2.19968
5.43255 -2 1.21399 -2.19672
5.44198 -2 1.21376 -2.19317
5.4471 -2 1.21365 -2.19124
5.46304 -2 1.21338 -2.18513
5.47164 -2 1.21328 -2.1818
5.4772 -2 1.21324 -2.17963
5.47746 -2 1.21324 -2.17953
5.47909 -2 1.21323 -2.17889
5.48107 -2 1.21322 -2.17811
5.4813 -2 1.21321 -2.17802
5.48171 -2 1.21321 -2.17786
5.48822 -2 1.21319 -2.17529
5.4933 -2 1.21319 -2.17328
5.49544 -2 1.21319 -2.17243
5.4974 -2 1.2132 -2.17165
5.50403 -2 1.21323 -2.169
5.50721 -2 1.21325 -2.16772
5.50926 -2 1.21327 -2.16689
5.53782 -2 1.21372 -2.15524
5.54459 -2 1.21389 -2.15244
5.5527 -2 1.21412 -2.14907
5.55354 -2 1.21415 -2.14872
5.5557 -2 1.21422 -2.14781
5.55637 -2 1.21424 -2.14753
5.55761 -2 1.21428 -2.14701
5.55909 -2 1.21433 -2.14639
5.56815 -2 1.21466 -2.14258
5.57238 -2 1.21483 -2.14079
5.57241 -2 1.21483 -2.14078
5.5734 -2 1.21487 -2.14036
5.58151 -2 1.21523 -2.13691
5.59553 -2 1.21593 -2.13091
5.59902 -2 1.21612 -2.1294
5.60377 -2 1.21639 -2.12735
5.60558 -2 1.2165 -2.12657
5.62238 -2 1.21757 -2.11925
5.63198 -2 1.21825 -2.11504
5.63295 -2 1.21833 -2.11461
5.63456 -2 1.21845 -2.1139
5.63941 -2 1.21882 -2.11176
5.64522 -2 1.21928 -2.10919
5.65398 -2 1.22002 -2.1053
5.65706 -2 1.22029 -2.10393
5.66289 -2 1.22082 -2.10132
5.66925 -2 1.22141 -2.09848
5.67379 -2 1.22185 -2.09644
5.6741 -2 1.22188 -2.09629
5.67526 -2 1.222 -2.09577
5.67526 -2 1.222 -2.09577
5.67709 -2 1.22218 -2.09495
5.67794 -2 1.22227 -2.09457
5.68303 -2 1.22279 -2.09227
5.68807 -2 1.22332 -2.08999
5.68889 -2 1.22341 -2.08962
5.69596 -2 1.22418 -2.08641
5.70143 -2 1.2248 -2.08393
5.70734 -2 1.22549 -2.08123
5.70805 -2 1.22558 -2.08091
5.71726 -2 1.2267 -2.07669
5.72266 -2 1.22738 -2.07422
5.72472 -2 1.22765 -2.07327
5.73589 -2 1.22913 -2.06813
5.74371 -2 1.23021 -2.06452
5.74422 -2 1.23029 -2.06429
5.74492 -2 1.23038 -2.06396
5.75433 -2 1.23175 -2.0596
5.75528 -2 1.23189 -2.05916
5.76492 -2 1.23335 -2.05468
5.77052 -2 1.23423 -2.05207
5.77455 -2 1.23487 -2.05019
5.78573 -2 1.23671 -2.04497
5.7914 -2 1.23767 -2.04232
5.79194 -2 1.23777 -2.04206
5.81865 -2 1.2426 -2.02952
5.82025 -2 1.2429 -2.02877
5.83224 -2 1.24524 -2.02312
5.8367 -2 1.24614 -2.02101
5.83702 -2 1.2462 -2.02086
5.83787 -2 1.24637 -2.02046
5.83892 -2 1.24659 -2.01996
5.87179 -2 1.25364 -2.00442
5.87263 -2 1.25383 -2.00402
5.88974 -2 1.25781 -1.99592
5.89089 -2 1.25808 -1.99537
5.89682 -2 1.25951 -1.99257
5.90311 -2 1.26105 -1.98959
5.91613 -2 1.26433 -1.98342
5.92297 -2 1.26611 -1.98019
5.94285 -2 1.27145 -1.97079
5.94399 -2 1.27176 -1.97025
5.95578 -2 1.27507 -1.96469
5.97326 -2 1.28016 -1.95646
5.98907 -2 1.28495 -1.94903
6.00346 -2 1.28947 -1.9423
6.01792 -2 1.29416 -1.93556
6.02147 -2 1.29533 -1.93391
6.03767 -2 1.30082 -1.9264
6.04163 -2 1.30219 -1.92457
6.04282 -2 1.3026 -1.92402
6.06692 -2 1.3112 -1.91294
6.06774 -2 1.3115 -1.91257
6.0927 -2 1.32088 -1.90121
6.09459 -2 1.32161 -1.90036
6.11759 -2 1.33069 -1.89003
6.15202 -2 1.34503 -1.8748
6.16832 -2 1.35213 -1.86771
6.16952 -2 1.35265 -1.86719
6.17366 -2 1.35449 -1.8654
6.18822 -2 1.36105 -1.85916
6.2004 -2 1.36667 -1.85399
6.21712 -2 1.37455 -1.84697
6.22038 -2 1.37611 -1.84561
6.22986 -2 1.3807 -1.84168
6.24016 -2 1.38575 -1.83746
6.24789 -2 1.3896 -1.83431
6.26316 -2 1.39733 -1.82817
6.26871 -2 1.40019 -1.82595
6.2693 -2 1.40049 -1.82572
6.30187 -2 1.41769 -1.81302
6.30321 -2 1.41842 -1.8125
6.31116 -2 1.42275 -1.80948
6.32345 -2 1.42952 -1.80486
6.32498 -2 1.43038 -1.80429
6.33116 -2 1.43383 -1.80199
6.37325 -2 1.4581 -1.78688
6.37936 -2 1.46173 -1.78476
6.38961 -2 1.46788 -1.78125
6.42529 -2 1.48985 -1.76949
6.44001 -2 1.49916 -1.76485
6.44592 -2 1.50295 -1.76302
6.45846 -2 1.51105 -1.75921
6.471 -2 1.51926 -1.7555
6.47322 -2 1.52073 -1.75486
6.5218 -2 1.55357 -1.7415
6.52223 -2 1.55387 -1.74139
6.57114 -2 1.58845 -1.72957
6.58438 -2 1.59806 -1.72666
6.58557 -2 1.59893 -1.72641
6.59702 -2 1.60733 -1.72401
6.60817 -2 1.61558 -1.72177
6.64387 -2 1.64247 -1.71524
6.72686 -2 1.70748 -1.70402
6.80186 -2 1.76885 -1.69898
6.8084 -2 1.7743 -1.69878
6.87748 -2 1.83265 -1.69913
6.93613 -2 1.88305 -1.70303
7.05907 -2 1.9896 -1.72242
7.08133 -2 2.00881 -1.7276
7.11457 -2 2.03732 -1.7363
7.12725 -2 2.04813 -1.73992
7.13115 -2 2.05145 -1.74107
7.15415 -2 2.0709 -1.74816
7.16694 -2 2.08164 -1.75235
7.23661 -2 2.13888 -1.77817
7.25017 -2 2.14972 -1.78378
7.52202 -2 2.3324 -1.93515
7.53983 -2 2.34115 -1.94747
7.6761 -2 2.38891 -2.0499
