0	0.00127022
0.0012	0.00127118
0.0024	0.00127214
0.0036	0.00127309
0.0048	0.00127405
0.006	0.001275
0.0072	0.00127595
0.0084	0.00127691
0.0096	0.00127786
0.0108	0.00127881
0.012	0.00127976
0.0132	0.00128071
0.0144	0.00128165
0.0156	0.0012826
0.0168	0.00128354
0.018	0.00128449
0.0192	0.00128543
0.0204	0.00128637
0.0216	0.00128732
0.0228	0.00128826
0.024	0.0012892
0.0252	0.00129013
0.0264	0.00129107
0.0276	0.00129201
0.0288	0.00129294
0.03	0.00129388
0.0312	0.00129481
0.0324	0.00129575
0.0336	0.00129668
0.0348	0.00129761
0.036	0.00129854
0.0372	0.00129947
0.0384	0.0013004
0.0396	0.00130133
0.0408	0.00130225
0.042	0.00130318
0.0432	0.0013041
0.0444	0.00130503
0.0456	0.00130595
0.0468	0.00130687
0.048	0.00130779
0.0492	0.00130871
0.0504	0.00130963
0.0516	0.00131055
0.0528	0.00131147
0.054	0.00131238
0.0552	0.0013133
0.0564	0.00131421
0.0576	0.00131513
0.0588	0.00131604
0.06	0.00131695
0.0612	0.00131786
0.0624	0.00131877
0.0636	0.00131968
0.0648	0.00132059
0.066	0.0013215
0.0672	0.0013224
0.0684	0.00132331
0.0696	0.00132421
0.0708	0.00132512
0.072	0.00132602
0.0732	0.00132692
0.0744	0.00132782
0.0756	0.00132872
0.0768	0.00132962
0.078	0.00133052
0.0792	0.00133142
0.0804	0.00133231
0.0816	0.00133321
0.0828	0.0013341
0.084	0.001335
0.0852	0.00133589
0.0864	0.00133678
0.0876	0.00133767
0.0888	0.00133856
0.09	0.00133945
0.0912	0.00134034
0.0924	0.00134123
0.0936	0.00134212
0.0948	0.001343
0.096	0.00134389
0.0972	0.00134477
0.0984	0.00134565
0.0996	0.00134654
0.1008	0.00134742
0.102	0.0013483
0.1032	0.00134918
0.1044	0.00135006
0.1056	0.00135093
0.1068	0.00135181
0.108	0.00135269
0.1092	0.00135356
0.1104	0.00135444
0.1116	0.00135531
0.1128	0.00135618
0.114	0.00135705
0.1152	0.00135793
0.1164	0.0013588
0.1176	0.00135966
0.1188	0.00136053
0.12	0.0013614
0.1212	0.00136227
0.1224	0.00136313
0.1236	0.001364
0.1248	0.00136486
0.126	0.00136572
0.1272	0.00136659
0.1284	0.00136745
0.1296	0.00136831
0.1308	0.00136917
0.132	0.00137003
0.1332	0.00137088
0.1344	0.00137174
0.1356	0.0013726
0.1368	0.00137345
0.138	0.00137431
0.1392	0.00137516
0.1404	0.00137601
0.1416	0.00137687
0.1428	0.00137772
0.144	0.00137857
0.1452	0.00137942
0.1464	0.00138026
0.1476	0.00138111
0.1488	0.00138196
0.15	0.00138281
0.1512	0.00138365
0.1524	0.00138449
0.1536	0.00138534
0.1548	0.00138618
0.156	0.00138702
0.1572	0.00138786
0.1584	0.0013887
0.1596	0.00138954
0.1608	0.00139038
0.162	0.00139122
0.1632	0.00139206
0.1644	0.00139289
0.1656	0.00139373
0.1668	0.00139456
0.168	0.00139539
0.1692	0.00139623
0.1704	0.00139706
0.1716	0.00139789
0.1728	0.00139872
0.174	0.00139955
0.1752	0.00140038
0.1764	0.0014012
0.1776	0.00140203
0.1788	0.00140286
0.18	0.00140368
0.1812	0.00140451
0.1824	0.00140533
0.1836	0.00140615
0.1848	0.00140697
0.186	0.00140779
0.1872	0.00140861
0.1884	0.00140943
0.1896	0.00141025
0.1908	0.00141107
0.192	0.00141189
0.1932	0.0014127
0.1944	0.00141352
0.1956	0.00141433
0.1968	0.00141515
0.198	0.00141596
0.1992	0.00141677
0.2004	0.00141758
0.2016	0.00141839
0.2028	0.0014192
0.204	0.00142001
0.2052	0.00142082
0.2064	0.00142163
0.2076	0.00142243
0.2088	0.00142324
0.21	0.00142404
0.2112	0.00142485
0.2124	0.00142565
0.2136	0.00142645
0.2148	0.00142725
0.216	0.00142805
0.2172	0.00142885
0.2184	0.00142965
0.2196	0.00143045
0.2208	0.00143125
0.222	0.00143205
0.2232	0.00143284
0.2244	0.00143364
0.2256	0.00143443
0.2268	0.00143522
0.228	0.00143602
0.2292	0.00143681
0.2304	0.0014376
0.2316	0.00143839
0.2328	0.00143918
0.234	0.00143997
0.2352	0.00144076
0.2364	0.00144154
0.2376	0.00144233
0.2388	0.00144312
0.24	0.0014439
0.2412	0.00144468
0.2424	0.00144547
0.2436	0.00144625
0.2448	0.00144703
0.246	0.00144781
0.2472	0.00144859
0.2484	0.00144937
0.2496	0.00145015
0.2508	0.00145093
0.252	0.00145171
0.2532	0.00145248
0.2544	0.00145326
0.2556	0.00145403
0.2568	0.00145481
0.258	0.00145558
0.2592	0.00145635
0.2604	0.00145712
0.2616	0.00145789
0.2628	0.00145866
0.264	0.00145943
0.2652	0.0014602
0.2664	0.00146097
0.2676	0.00146174
0.2688	0.0014625
0.27	0.00146327
0.2712	0.00146403
0.2724	0.0014648
0.2736	0.00146556
0.2748	0.00146632
0.276	0.00146708
0.2772	0.00146785
0.2784	0.00146861
0.2796	0.00146937
0.2808	0.00147012
0.282	0.00147088
0.2832	0.00147164
0.2844	0.00147239
0.2856	0.00147315
0.2868	0.00147391
0.288	0.00147466
0.2892	0.00147541
0.2904	0.00147617
0.2916	0.00147692
0.2928	0.00147767
0.294	0.00147842
0.2952	0.00147917
0.2964	0.00147992
0.2976	0.00148066
0.2988	0.00148141
0.3	0.00148216
0.3012	0.0014829
0.3024	0.00148365
0.3036	0.00148439
0.3048	0.00148514
0.306	0.00148588
0.3072	0.00148662
0.3084	0.00148736
0.3096	0.0014881
0.3108	0.00148884
0.312	0.00148958
0.3132	0.00149032
0.3144	0.00149106
0.3156	0.0014918
0.3168	0.00149253
0.318	0.00149327
0.3192	0.001494
0.3204	0.00149474
0.3216	0.00149547
0.3228	0.0014962
0.324	0.00149693
0.3252	0.00149767
0.3264	0.0014984
0.3276	0.00149912
0.3288	0.00149985
0.33	0.00150058
0.3312	0.00150131
0.3324	0.00150204
0.3336	0.00150276
0.3348	0.00150349
0.336	0.00150421
0.3372	0.00150494
0.3384	0.00150566
0.3396	0.00150638
0.3408	0.0015071
0.342	0.00150782
0.3432	0.00150854
0.3444	0.00150926
0.3456	0.00150998
0.3468	0.0015107
0.348	0.00151142
0.3492	0.00151213
0.3504	0.00151285
0.3516	0.00151356
0.3528	0.00151428
0.354	0.00151499
0.3552	0.00151571
0.3564	0.00151642
0.3576	0.00151713
0.3588	0.00151784
0.36	0.00151855
0.3612	0.00151926
0.3624	0.00151997
0.3636	0.00152068
0.3648	0.00152138
0.366	0.00152209
0.3672	0.0015228
0.3684	0.0015235
0.3696	0.00152421
0.3708	0.00152491
0.372	0.00152561
0.3732	0.00152632
0.3744	0.00152702
0.3756	0.00152772
0.3768	0.00152842
0.378	0.00152912
0.3792	0.00152982
0.3804	0.00153051
0.3816	0.00153121
0.3828	0.00153191
0.384	0.00153261
0.3852	0.0015333
0.3864	0.001534
0.3876	0.00153469
0.3888	0.00153538
0.39	0.00153608
0.3912	0.00153677
0.3924	0.00153746
0.3936	0.00153815
0.3948	0.00153884
0.396	0.00153953
0.3972	0.00154022
0.3984	0.0015409
0.3996	0.00154159
0.4008	0.00154228
0.402	0.00154296
0.4032	0.00154365
0.4044	0.00154433
0.4056	0.00154502
0.4068	0.0015457
0.408	0.00154638
0.4092	0.00154706
0.4104	0.00154774
0.4116	0.00154842
0.4128	0.0015491
0.414	0.00154978
0.4152	0.00155046
0.4164	0.00155114
0.4176	0.00155182
0.4188	0.00155249
0.42	0.00155317
0.4212	0.00155384
0.4224	0.00155452
0.4236	0.00155519
0.4248	0.00155586
0.426	0.00155653
0.4272	0.00155721
0.4284	0.00155788
0.4296	0.00155855
0.4308	0.00155922
0.432	0.00155989
0.4332	0.00156055
0.4344	0.00156122
0.4356	0.00156189
0.4368	0.00156255
0.438	0.00156322
0.4392	0.00156388
0.4404	0.00156455
0.4416	0.00156521
0.4428	0.00156587
0.444	0.00156654
0.4452	0.0015672
0.4464	0.00156786
0.4476	0.00156852
0.4488	0.00156918
0.45	0.00156984
0.4512	0.0015705
0.4524	0.00157115
0.4536	0.00157181
0.4548	0.00157247
0.456	0.00157312
0.4572	0.00157378
0.4584	0.00157443
0.4596	0.00157508
0.4608	0.00157574
0.462	0.00157639
0.4632	0.00157704
0.4644	0.00157769
0.4656	0.00157834
0.4668	0.00157899
0.468	0.00157964
0.4692	0.00158029
0.4704	0.00158094
0.4716	0.00158158
0.4728	0.00158223
0.474	0.00158288
0.4752	0.00158352
0.4764	0.00158417
0.4776	0.00158481
0.4788	0.00158545
0.48	0.0015861
0.4812	0.00158674
0.4824	0.00158738
0.4836	0.00158802
0.4848	0.00158866
0.486	0.0015893
0.4872	0.00158994
0.4884	0.00159058
0.4896	0.00159121
0.4908	0.00159185
0.492	0.00159249
0.4932	0.00159312
0.4944	0.00159376
0.4956	0.00159439
0.4968	0.00159502
0.498	0.00159566
0.4992	0.00159629
0.5004	0.00159692
0.5016	0.00159755
0.5028	0.00159818
0.504	0.00159881
0.5052	0.00159944
0.5064	0.00160007
0.5076	0.0016007
0.5088	0.00160133
0.51	0.00160195
0.5112	0.00160258
0.5124	0.0016032
0.5136	0.00160383
0.5148	0.00160445
0.516	0.00160508
0.5172	0.0016057
0.5184	0.00160632
0.5196	0.00160694
0.5208	0.00160757
0.522	0.00160819
0.5232	0.00160881
0.5244	0.00160942
0.5256	0.00161004
0.5268	0.00161066
0.528	0.00161128
0.5292	0.0016119
0.5304	0.00161251
0.5316	0.00161313
0.5328	0.00161374
0.534	0.00161436
0.5352	0.00161497
0.5364	0.00161558
0.5376	0.0016162
0.5388	0.00161681
0.54	0.00161742
0.5412	0.00161803
0.5424	0.00161864
0.5436	0.00161925
0.5448	0.00161986
0.546	0.00162047
0.5472	0.00162107
0.5484	0.00162168
0.5496	0.00162229
0.5508	0.00162289
0.552	0.0016235
0.5532	0.0016241
0.5544	0.00162471
0.5556	0.00162531
0.5568	0.00162591
0.558	0.00162651
0.5592	0.00162712
0.5604	0.00162772
0.5616	0.00162832
0.5628	0.00162892
0.564	0.00162952
0.5652	0.00163011
0.5664	0.00163071
0.5676	0.00163131
0.5688	0.00163191
0.57	0.0016325
0.5712	0.0016331
0.5724	0.00163369
0.5736	0.00163429
0.5748	0.00163488
0.576	0.00163547
0.5772	0.00163607
0.5784	0.00163666
0.5796	0.00163725
0.5808	0.00163784
0.582	0.00163843
0.5832	0.00163902
0.5844	0.00163961
0.5856	0.0016402
0.5868	0.00164079
0.588	0.00164137
0.5892	0.00164196
0.5904	0.00164255
0.5916	0.00164313
0.5928	0.00164372
0.594	0.0016443
0.5952	0.00164488
0.5964	0.00164547
0.5976	0.00164605
0.5988	0.00164663
0.6	0.00164721
0.6012	0.00164779
0.6024	0.00164837
0.6036	0.00164895
0.6048	0.00164953
0.606	0.00165011
0.6072	0.00165069
0.6084	0.00165127
0.6096	0.00165184
0.6108	0.00165242
0.612	0.001653
0.6132	0.00165357
0.6144	0.00165415
0.6156	0.00165472
0.6168	0.00165529
0.618	0.00165587
0.6192	0.00165644
0.6204	0.00165701
0.6216	0.00165758
0.6228	0.00165815
0.624	0.00165872
0.6252	0.00165929
0.6264	0.00165986
0.6276	0.00166043
0.6288	0.00166099
0.63	0.00166156
0.6312	0.00166213
0.6324	0.00166269
0.6336	0.00166326
0.6348	0.00166382
0.636	0.00166439
0.6372	0.00166495
0.6384	0.00166552
0.6396	0.00166608
0.6408	0.00166664
0.642	0.0016672
0.6432	0.00166776
0.6444	0.00166832
0.6456	0.00166888
0.6468	0.00166944
0.648	0.00167
0.6492	0.00167056
0.6504	0.00167112
0.6516	0.00167167
0.6528	0.00167223
0.654	0.00167278
0.6552	0.00167334
0.6564	0.00167389
0.6576	0.00167445
0.6588	0.001675
0.66	0.00167556
0.6612	0.00167611
0.6624	0.00167666
0.6636	0.00167721
0.6648	0.00167776
0.666	0.00167831
0.6672	0.00167886
0.6684	0.00167941
0.6696	0.00167996
0.6708	0.00168051
0.672	0.00168106
0.6732	0.0016816
0.6744	0.00168215
0.6756	0.0016827
0.6768	0.00168324
0.678	0.00168379
0.6792	0.00168433
0.6804	0.00168487
0.6816	0.00168542
0.6828	0.00168596
0.684	0.0016865
0.6852	0.00168704
0.6864	0.00168758
0.6876	0.00168812
0.6888	0.00168866
0.69	0.0016892
0.6912	0.00168974
0.6924	0.00169028
0.6936	0.00169082
0.6948	0.00169136
0.696	0.00169189
0.6972	0.00169243
0.6984	0.00169296
0.6996	0.0016935
0.7008	0.00169403
0.702	0.00169457
0.7032	0.0016951
0.7044	0.00169563
0.7056	0.00169617
0.7068	0.0016967
0.708	0.00169723
0.7092	0.00169776
0.7104	0.00169829
0.7116	0.00169882
0.7128	0.00169935
0.714	0.00169988
0.7152	0.00170041
0.7164	0.00170094
0.7176	0.00170146
0.7188	0.00170199
0.72	0.00170252
0.7212	0.00170304
0.7224	0.00170357
0.7236	0.00170409
0.7248	0.00170461
0.726	0.00170514
0.7272	0.00170566
0.7284	0.00170618
0.7296	0.00170671
0.7308	0.00170723
0.732	0.00170775
0.7332	0.00170827
0.7344	0.00170879
0.7356	0.00170931
0.7368	0.00170983
0.738	0.00171034
0.7392	0.00171086
0.7404	0.00171138
0.7416	0.0017119
0.7428	0.00171241
0.744	0.00171293
0.7452	0.00171344
0.7464	0.00171396
0.7476	0.00171447
0.7488	0.00171498
0.75	0.0017155
0.7512	0.00171601
0.7524	0.00171652
0.7536	0.00171703
0.7548	0.00171755
0.756	0.00171806
0.7572	0.00171857
0.7584	0.00171908
0.7596	0.00171958
0.7608	0.00172009
0.762	0.0017206
0.7632	0.00172111
0.7644	0.00172162
0.7656	0.00172212
0.7668	0.00172263
0.768	0.00172313
0.7692	0.00172364
0.7704	0.00172414
0.7716	0.00172465
0.7728	0.00172515
0.774	0.00172565
0.7752	0.00172616
0.7764	0.00172666
0.7776	0.00172716
0.7788	0.00172766
0.78	0.00172816
0.7812	0.00172866
0.7824	0.00172916
0.7836	0.00172966
0.7848	0.00173016
0.786	0.00173065
0.7872	0.00173115
0.7884	0.00173165
0.7896	0.00173215
0.7908	0.00173264
0.792	0.00173314
0.7932	0.00173363
0.7944	0.00173413
0.7956	0.00173462
0.7968	0.00173511
0.798	0.00173561
0.7992	0.0017361
0.8004	0.00173659
0.8016	0.00173708
0.8028	0.00173757
0.804	0.00173806
0.8052	0.00173855
0.8064	0.00173904
0.8076	0.00173953
0.8088	0.00174002
0.81	0.00174051
0.8112	0.001741
0.8124	0.00174148
0.8136	0.00174197
0.8148	0.00174246
0.816	0.00174294
0.8172	0.00174343
0.8184	0.00174391
0.8196	0.0017444
0.8208	0.00174488
0.822	0.00174536
0.8232	0.00174585
0.8244	0.00174633
0.8256	0.00174681
0.8268	0.00174729
0.828	0.00174777
0.8292	0.00174825
0.8304	0.00174873
0.8316	0.00174921
0.8328	0.00174969
0.834	0.00175017
0.8352	0.00175065
0.8364	0.00175112
0.8376	0.0017516
0.8388	0.00175208
0.84	0.00175255
0.8412	0.00175303
0.8424	0.0017535
0.8436	0.00175398
0.8448	0.00175445
0.846	0.00175493
0.8472	0.0017554
0.8484	0.00175587
0.8496	0.00175635
0.8508	0.00175682
0.852	0.00175729
0.8532	0.00175776
0.8544	0.00175823
0.8556	0.0017587
0.8568	0.00175917
0.858	0.00175964
0.8592	0.00176011
0.8604	0.00176057
0.8616	0.00176104
0.8628	0.00176151
0.864	0.00176198
0.8652	0.00176244
0.8664	0.00176291
0.8676	0.00176337
0.8688	0.00176384
0.87	0.0017643
0.8712	0.00176477
0.8724	0.00176523
0.8736	0.00176569
0.8748	0.00176615
0.876	0.00176662
0.8772	0.00176708
0.8784	0.00176754
0.8796	0.001768
0.8808	0.00176846
0.882	0.00176892
0.8832	0.00176938
0.8844	0.00176984
0.8856	0.0017703
0.8868	0.00177075
0.888	0.00177121
0.8892	0.00177167
0.8904	0.00177212
0.8916	0.00177258
0.8928	0.00177304
0.894	0.00177349
0.8952	0.00177394
0.8964	0.0017744
0.8976	0.00177485
0.8988	0.00177531
0.9	0.00177576
0.9012	0.00177621
0.9024	0.00177666
0.9036	0.00177711
0.9048	0.00177757
0.906	0.00177802
0.9072	0.00177847
0.9084	0.00177892
0.9096	0.00177936
0.9108	0.00177981
0.912	0.00178026
0.9132	0.00178071
0.9144	0.00178116
0.9156	0.0017816
0.9168	0.00178205
0.918	0.0017825
0.9192	0.00178294
0.9204	0.00178339
0.9216	0.00178383
0.9228	0.00178428
0.924	0.00178472
0.9252	0.00178516
0.9264	0.00178561
0.9276	0.00178605
0.9288	0.00178649
0.93	0.00178693
0.9312	0.00178737
0.9324	0.00178781
0.9336	0.00178826
0.9348	0.0017887
0.936	0.00178913
0.9372	0.00178957
0.9384	0.00179001
0.9396	0.00179045
0.9408	0.00179089
0.942	0.00179133
0.9432	0.00179176
0.9444	0.0017922
0.9456	0.00179263
0.9468	0.00179307
0.948	0.0017935
0.9492	0.00179394
0.9504	0.00179437
0.9516	0.00179481
0.9528	0.00179524
0.954	0.00179567
0.9552	0.00179611
0.9564	0.00179654
0.9576	0.00179697
0.9588	0.0017974
0.96	0.00179783
0.9612	0.00179826
0.9624	0.00179869
0.9636	0.00179912
0.9648	0.00179955
0.966	0.00179998
0.9672	0.00180041
0.9684	0.00180083
0.9696	0.00180126
0.9708	0.00180169
0.972	0.00180212
0.9732	0.00180254
0.9744	0.00180297
0.9756	0.00180339
0.9768	0.00180382
0.978	0.00180424
0.9792	0.00180466
0.9804	0.00180509
0.9816	0.00180551
0.9828	0.00180593
0.984	0.00180636
0.9852	0.00180678
0.9864	0.0018072
0.9876	0.00180762
0.9888	0.00180804
0.99	0.00180846
0.9912	0.00180888
0.9924	0.0018093
0.9936	0.00180972
0.9948	0.00181014
0.996	0.00181055
0.9972	0.00181097
0.9984	0.00181139
0.9996	0.00181181
1.0008	0.00181222
1.002	0.00181264
1.0032	0.00181305
1.0044	0.00181347
1.0056	0.00181388
1.0068	0.0018143
1.008	0.00181471
1.0092	0.00181513
1.0104	0.00181554
1.0116	0.00181595
1.0128	0.00181636
1.014	0.00181677
1.0152	0.00181719
1.0164	0.0018176
1.0176	0.00181801
1.0188	0.00181842
1.02	0.00181883
1.0212	0.00181924
1.0224	0.00181965
1.0236	0.00182005
1.0248	0.00182046
1.026	0.00182087
1.0272	0.00182128
1.0284	0.00182168
1.0296	0.00182209
1.0308	0.0018225
1.032	0.0018229
1.0332	0.00182331
1.0344	0.00182371
1.0356	0.00182412
1.0368	0.00182452
1.038	0.00182492
1.0392	0.00182533
1.0404	0.00182573
1.0416	0.00182613
1.0428	0.00182654
1.044	0.00182694
1.0452	0.00182734
1.0464	0.00182774
1.0476	0.00182814
1.0488	0.00182854
1.05	0.00182894
1.0512	0.00182934
1.0524	0.00182974
1.0536	0.00183014
1.0548	0.00183053
1.056	0.00183093
1.0572	0.00183133
1.0584	0.00183172
1.0596	0.00183212
1.0608	0.00183252
1.062	0.00183291
1.0632	0.00183331
1.0644	0.0018337
1.0656	0.0018341
1.0668	0.00183449
1.068	0.00183488
1.0692	0.00183528
1.0704	0.00183567
1.0716	0.00183606
1.0728	0.00183646
1.074	0.00183685
1.0752	0.00183724
1.0764	0.00183763
1.0776	0.00183802
1.0788	0.00183841
1.08	0.0018388
1.0812	0.00183919
1.0824	0.00183958
1.0836	0.00183997
1.0848	0.00184035
1.086	0.00184074
1.0872	0.00184113
1.0884	0.00184152
1.0896	0.0018419
1.0908	0.00184229
1.092	0.00184268
1.0932	0.00184306
1.0944	0.00184345
1.0956	0.00184383
1.0968	0.00184422
1.098	0.0018446
1.0992	0.00184498
1.1004	0.00184537
1.1016	0.00184575
1.1028	0.00184613
1.104	0.00184651
1.1052	0.00184689
1.1064	0.00184728
1.1076	0.00184766
1.1088	0.00184804
1.11	0.00184842
1.1112	0.0018488
1.1124	0.00184918
1.1136	0.00184956
1.1148	0.00184993
1.116	0.00185031
1.1172	0.00185069
1.1184	0.00185107
1.1196	0.00185144
1.1208	0.00185182
1.122	0.0018522
1.1232	0.00185257
1.1244	0.00185295
1.1256	0.00185332
1.1268	0.0018537
1.128	0.00185407
1.1292	0.00185445
1.1304	0.00185482
1.1316	0.0018552
1.1328	0.00185557
1.134	0.00185594
1.1352	0.00185631
1.1364	0.00185668
1.1376	0.00185706
1.1388	0.00185743
1.14	0.0018578
1.1412	0.00185817
1.1424	0.00185854
1.1436	0.00185891
1.1448	0.00185928
1.146	0.00185965
1.1472	0.00186001
1.1484	0.00186038
1.1496	0.00186075
1.1508	0.00186112
1.152	0.00186149
1.1532	0.00186185
1.1544	0.00186222
1.1556	0.00186258
1.1568	0.00186295
1.158	0.00186331
1.1592	0.00186368
1.1604	0.00186404
1.1616	0.00186441
1.1628	0.00186477
1.164	0.00186514
1.1652	0.0018655
1.1664	0.00186586
1.1676	0.00186622
1.1688	0.00186659
1.17	0.00186695
1.1712	0.00186731
1.1724	0.00186767
1.1736	0.00186803
1.1748	0.00186839
1.176	0.00186875
1.1772	0.00186911
1.1784	0.00186947
1.1796	0.00186983
1.1808	0.00187018
1.182	0.00187054
1.1832	0.0018709
1.1844	0.00187126
1.1856	0.00187161
1.1868	0.00187197
1.188	0.00187233
1.1892	0.00187268
1.1904	0.00187304
1.1916	0.00187339
1.1928	0.00187375
1.194	0.0018741
1.1952	0.00187446
1.1964	0.00187481
1.1976	0.00187516
1.1988	0.00187552
1.2	0.00187587
1.2012	0.00187622
1.2024	0.00187657
1.2036	0.00187693
1.2048	0.00187728
1.206	0.00187763
1.2072	0.00187798
1.2084	0.00187833
1.2096	0.00187868
1.2108	0.00187903
1.212	0.00187938
1.2132	0.00187973
1.2144	0.00188007
1.2156	0.00188042
1.2168	0.00188077
1.218	0.00188112
1.2192	0.00188146
1.2204	0.00188181
1.2216	0.00188216
1.2228	0.0018825
1.224	0.00188285
1.2252	0.00188319
1.2264	0.00188354
1.2276	0.00188388
1.2288	0.00188423
1.23	0.00188457
1.2312	0.00188492
1.2324	0.00188526
1.2336	0.0018856
1.2348	0.00188594
1.236	0.00188629
1.2372	0.00188663
1.2384	0.00188697
1.2396	0.00188731
1.2408	0.00188765
1.242	0.00188799
1.2432	0.00188833
1.2444	0.00188867
1.2456	0.00188901
1.2468	0.00188935
1.248	0.00188969
1.2492	0.00189003
1.2504	0.00189037
1.2516	0.0018907
1.2528	0.00189104
1.254	0.00189138
1.2552	0.00189172
1.2564	0.00189205
1.2576	0.00189239
1.2588	0.00189272
1.26	0.00189306
1.2612	0.0018934
1.2624	0.00189373
1.2636	0.00189406
1.2648	0.0018944
1.266	0.00189473
1.2672	0.00189507
1.2684	0.0018954
1.2696	0.00189573
1.2708	0.00189606
1.272	0.0018964
1.2732	0.00189673
1.2744	0.00189706
1.2756	0.00189739
1.2768	0.00189772
1.278	0.00189805
1.2792	0.00189838
1.2804	0.00189871
1.2816	0.00189904
1.2828	0.00189937
1.284	0.0018997
1.2852	0.00190003
1.2864	0.00190036
1.2876	0.00190068
1.2888	0.00190101
1.29	0.00190134
1.2912	0.00190166
1.2924	0.00190199
1.2936	0.00190232
1.2948	0.00190264
1.296	0.00190297
1.2972	0.00190329
1.2984	0.00190362
1.2996	0.00190394
1.3008	0.00190427
1.302	0.00190459
1.3032	0.00190492
1.3044	0.00190524
1.3056	0.00190556
1.3068	0.00190588
1.308	0.00190621
1.3092	0.00190653
1.3104	0.00190685
1.3116	0.00190717
1.3128	0.00190749
1.314	0.00190781
1.3152	0.00190813
1.3164	0.00190845
1.3176	0.00190877
1.3188	0.00190909
1.32	0.00190941
1.3212	0.00190973
1.3224	0.00191005
1.3236	0.00191037
1.3248	0.00191068
1.326	0.001911
1.3272	0.00191132
1.3284	0.00191164
1.3296	0.00191195
1.3308	0.00191227
1.332	0.00191259
1.3332	0.0019129
1.3344	0.00191322
1.3356	0.00191353
1.3368	0.00191385
1.338	0.00191416
1.3392	0.00191447
1.3404	0.00191479
1.3416	0.0019151
1.3428	0.00191541
1.344	0.00191573
1.3452	0.00191604
1.3464	0.00191635
1.3476	0.00191666
1.3488	0.00191697
1.35	0.00191729
1.3512	0.0019176
1.3524	0.00191791
1.3536	0.00191822
1.3548	0.00191853
1.356	0.00191884
1.3572	0.00191915
1.3584	0.00191946
1.3596	0.00191976
1.3608	0.00192007
1.362	0.00192038
1.3632	0.00192069
1.3644	0.001921
1.3656	0.0019213
1.3668	0.00192161
1.368	0.00192192
1.3692	0.00192222
1.3704	0.00192253
1.3716	0.00192284
1.3728	0.00192314
1.374	0.00192345
1.3752	0.00192375
1.3764	0.00192405
1.3776	0.00192436
1.3788	0.00192466
1.38	0.00192497
1.3812	0.00192527
1.3824	0.00192557
1.3836	0.00192587
1.3848	0.00192618
1.386	0.00192648
1.3872	0.00192678
1.3884	0.00192708
1.3896	0.00192738
1.3908	0.00192768
1.392	0.00192798
1.3932	0.00192829
1.3944	0.00192858
1.3956	0.00192888
1.3968	0.00192918
1.398	0.00192948
1.3992	0.00192978
1.4004	0.00193008
1.4016	0.00193038
1.4028	0.00193068
1.404	0.00193097
1.4052	0.00193127
1.4064	0.00193157
1.4076	0.00193186
1.4088	0.00193216
1.41	0.00193246
1.4112	0.00193275
1.4124	0.00193305
1.4136	0.00193334
1.4148	0.00193364
1.416	0.00193393
1.4172	0.00193423
1.4184	0.00193452
1.4196	0.00193481
1.4208	0.00193511
1.422	0.0019354
1.4232	0.00193569
1.4244	0.00193599
1.4256	0.00193628
1.4268	0.00193657
1.428	0.00193686
1.4292	0.00193715
1.4304	0.00193744
1.4316	0.00193773
1.4328	0.00193803
1.434	0.00193832
1.4352	0.00193861
1.4364	0.00193889
1.4376	0.00193918
1.4388	0.00193947
1.44	0.00193976
1.4412	0.00194005
1.4424	0.00194034
1.4436	0.00194063
1.4448	0.00194091
1.446	0.0019412
1.4472	0.00194149
1.4484	0.00194177
1.4496	0.00194206
1.4508	0.00194235
1.452	0.00194263
1.4532	0.00194292
1.4544	0.0019432
1.4556	0.00194349
1.4568	0.00194377
1.458	0.00194406
1.4592	0.00194434
1.4604	0.00194463
1.4616	0.00194491
1.4628	0.00194519
1.464	0.00194548
1.4652	0.00194576
1.4664	0.00194604
1.4676	0.00194632
1.4688	0.00194661
1.47	0.00194689
1.4712	0.00194717
1.4724	0.00194745
1.4736	0.00194773
1.4748	0.00194801
1.476	0.00194829
1.4772	0.00194857
1.4784	0.00194885
1.4796	0.00194913
1.4808	0.00194941
1.482	0.00194969
1.4832	0.00194997
1.4844	0.00195024
1.4856	0.00195052
1.4868	0.0019508
1.488	0.00195108
1.4892	0.00195135
1.4904	0.00195163
1.4916	0.00195191
1.4928	0.00195218
1.494	0.00195246
1.4952	0.00195274
1.4964	0.00195301
1.4976	0.00195329
1.4988	0.00195356
1.5	0.00195384
1.5012	0.00195411
1.5024	0.00195438
1.5036	0.00195466
1.5048	0.00195493
1.506	0.00195521
1.5072	0.00195548
1.5084	0.00195575
1.5096	0.00195602
1.5108	0.0019563
1.512	0.00195657
1.5132	0.00195684
1.5144	0.00195711
1.5156	0.00195738
1.5168	0.00195765
1.518	0.00195792
1.5192	0.00195819
1.5204	0.00195846
1.5216	0.00195873
1.5228	0.001959
1.524	0.00195927
1.5252	0.00195954
1.5264	0.00195981
1.5276	0.00196008
1.5288	0.00196035
1.53	0.00196061
1.5312	0.00196088
1.5324	0.00196115
1.5336	0.00196142
1.5348	0.00196168
1.536	0.00196195
1.5372	0.00196222
1.5384	0.00196248
1.5396	0.00196275
1.5408	0.00196301
1.542	0.00196328
1.5432	0.00196354
1.5444	0.00196381
1.5456	0.00196407
1.5468	0.00196434
1.548	0.0019646
1.5492	0.00196486
1.5504	0.00196513
1.5516	0.00196539
1.5528	0.00196565
1.554	0.00196592
1.5552	0.00196618
1.5564	0.00196644
1.5576	0.0019667
1.5588	0.00196696
1.56	0.00196722
1.5612	0.00196748
1.5624	0.00196775
1.5636	0.00196801
1.5648	0.00196827
1.566	0.00196853
1.5672	0.00196879
1.5684	0.00196905
1.5696	0.0019693
1.5708	0.00196956
1.572	0.00196982
1.5732	0.00197008
1.5744	0.00197034
1.5756	0.0019706
1.5768	0.00197085
1.578	0.00197111
1.5792	0.00197137
1.5804	0.00197163
1.5816	0.00197188
1.5828	0.00197214
1.584	0.00197239
1.5852	0.00197265
1.5864	0.00197291
1.5876	0.00197316
1.5888	0.00197342
1.59	0.00197367
1.5912	0.00197393
1.5924	0.00197418
1.5936	0.00197443
1.5948	0.00197469
1.596	0.00197494
1.5972	0.00197519
1.5984	0.00197545
1.5996	0.0019757
1.6008	0.00197595
1.602	0.0019762
1.6032	0.00197646
1.6044	0.00197671
1.6056	0.00197696
1.6068	0.00197721
1.608	0.00197746
1.6092	0.00197771
1.6104	0.00197796
1.6116	0.00197821
1.6128	0.00197846
1.614	0.00197871
1.6152	0.00197896
1.6164	0.00197921
1.6176	0.00197946
1.6188	0.00197971
1.62	0.00197996
1.6212	0.00198021
1.6224	0.00198046
1.6236	0.0019807
1.6248	0.00198095
1.626	0.0019812
1.6272	0.00198144
1.6284	0.00198169
1.6296	0.00198194
1.6308	0.00198218
1.632	0.00198243
1.6332	0.00198268
1.6344	0.00198292
1.6356	0.00198317
1.6368	0.00198341
1.638	0.00198366
1.6392	0.0019839
1.6404	0.00198415
1.6416	0.00198439
1.6428	0.00198463
1.644	0.00198488
1.6452	0.00198512
1.6464	0.00198536
1.6476	0.00198561
1.6488	0.00198585
1.65	0.00198609
1.6512	0.00198633
1.6524	0.00198658
1.6536	0.00198682
1.6548	0.00198706
1.656	0.0019873
1.6572	0.00198754
1.6584	0.00198778
1.6596	0.00198802
1.6608	0.00198826
1.662	0.0019885
1.6632	0.00198874
1.6644	0.00198898
1.6656	0.00198922
1.6668	0.00198946
1.668	0.0019897
1.6692	0.00198994
1.6704	0.00199017
1.6716	0.00199041
1.6728	0.00199065
1.674	0.00199089
1.6752	0.00199113
1.6764	0.00199136
1.6776	0.0019916
1.6788	0.00199184
1.68	0.00199207
1.6812	0.00199231
1.6824	0.00199254
1.6836	0.00199278
1.6848	0.00199302
1.686	0.00199325
1.6872	0.00199349
1.6884	0.00199372
1.6896	0.00199396
1.6908	0.00199419
1.692	0.00199442
1.6932	0.00199466
1.6944	0.00199489
1.6956	0.00199512
1.6968	0.00199536
1.698	0.00199559
1.6992	0.00199582
1.7004	0.00199606
1.7016	0.00199629
1.7028	0.00199652
1.704	0.00199675
1.7052	0.00199698
1.7064	0.00199721
1.7076	0.00199744
1.7088	0.00199768
1.71	0.00199791
1.7112	0.00199814
1.7124	0.00199837
1.7136	0.0019986
1.7148	0.00199883
1.716	0.00199906
1.7172	0.00199928
1.7184	0.00199951
1.7196	0.00199974
1.7208	0.00199997
1.722	0.0020002
1.7232	0.00200043
1.7244	0.00200065
1.7256	0.00200088
1.7268	0.00200111
1.728	0.00200134
1.7292	0.00200156
1.7304	0.00200179
1.7316	0.00200202
1.7328	0.00200224
1.734	0.00200247
1.7352	0.00200269
1.7364	0.00200292
1.7376	0.00200315
1.7388	0.00200337
1.74	0.0020036
1.7412	0.00200382
1.7424	0.00200404
1.7436	0.00200427
1.7448	0.00200449
1.746	0.00200472
1.7472	0.00200494
1.7484	0.00200516
1.7496	0.00200539
1.7508	0.00200561
1.752	0.00200583
1.7532	0.00200605
1.7544	0.00200628
1.7556	0.0020065
1.7568	0.00200672
1.758	0.00200694
1.7592	0.00200716
1.7604	0.00200738
1.7616	0.0020076
1.7628	0.00200783
1.764	0.00200805
1.7652	0.00200827
1.7664	0.00200849
1.7676	0.00200871
1.7688	0.00200893
1.77	0.00200914
1.7712	0.00200936
1.7724	0.00200958
1.7736	0.0020098
1.7748	0.00201002
1.776	0.00201024
1.7772	0.00201046
1.7784	0.00201067
1.7796	0.00201089
1.7808	0.00201111
1.782	0.00201133
1.7832	0.00201154
1.7844	0.00201176
1.7856	0.00201198
1.7868	0.00201219
1.788	0.00201241
1.7892	0.00201262
1.7904	0.00201284
1.7916	0.00201305
1.7928	0.00201327
1.794	0.00201348
1.7952	0.0020137
1.7964	0.00201391
1.7976	0.00201413
1.7988	0.00201434
1.8	0.00201456
1.8012	0.00201477
1.8024	0.00201498
1.8036	0.0020152
1.8048	0.00201541
1.806	0.00201562
1.8072	0.00201584
1.8084	0.00201605
1.8096	0.00201626
1.8108	0.00201647
1.812	0.00201668
1.8132	0.0020169
1.8144	0.00201711
1.8156	0.00201732
1.8168	0.00201753
1.818	0.00201774
1.8192	0.00201795
1.8204	0.00201816
1.8216	0.00201837
1.8228	0.00201858
1.824	0.00201879
1.8252	0.002019
1.8264	0.00201921
1.8276	0.00201942
1.8288	0.00201963
1.83	0.00201983
1.8312	0.00202004
1.8324	0.00202025
1.8336	0.00202046
1.8348	0.00202067
1.836	0.00202087
1.8372	0.00202108
1.8384	0.00202129
1.8396	0.0020215
1.8408	0.0020217
1.842	0.00202191
1.8432	0.00202212
1.8444	0.00202232
1.8456	0.00202253
1.8468	0.00202273
1.848	0.00202294
1.8492	0.00202314
1.8504	0.00202335
1.8516	0.00202355
1.8528	0.00202376
1.854	0.00202396
1.8552	0.00202417
1.8564	0.00202437
1.8576	0.00202458
1.8588	0.00202478
1.86	0.00202498
1.8612	0.00202519
1.8624	0.00202539
1.8636	0.00202559
1.8648	0.00202579
1.866	0.002026
1.8672	0.0020262
1.8684	0.0020264
1.8696	0.0020266
1.8708	0.0020268
1.872	0.00202701
1.8732	0.00202721
1.8744	0.00202741
1.8756	0.00202761
1.8768	0.00202781
1.878	0.00202801
1.8792	0.00202821
1.8804	0.00202841
1.8816	0.00202861
1.8828	0.00202881
1.884	0.00202901
1.8852	0.00202921
1.8864	0.00202941
1.8876	0.00202961
1.8888	0.00202981
1.89	0.00203
1.8912	0.0020302
1.8924	0.0020304
1.8936	0.0020306
1.8948	0.0020308
1.896	0.00203099
1.8972	0.00203119
1.8984	0.00203139
1.8996	0.00203158
1.9008	0.00203178
1.902	0.00203198
1.9032	0.00203217
1.9044	0.00203237
1.9056	0.00203257
1.9068	0.00203276
1.908	0.00203296
1.9092	0.00203315
1.9104	0.00203335
1.9116	0.00203354
1.9128	0.00203374
1.914	0.00203393
1.9152	0.00203413
1.9164	0.00203432
1.9176	0.00203451
1.9188	0.00203471
1.92	0.0020349
1.9212	0.00203509
1.9224	0.00203529
1.9236	0.00203548
1.9248	0.00203567
1.926	0.00203587
1.9272	0.00203606
1.9284	0.00203625
1.9296	0.00203644
1.9308	0.00203663
1.932	0.00203683
1.9332	0.00203702
1.9344	0.00203721
1.9356	0.0020374
1.9368	0.00203759
1.938	0.00203778
1.9392	0.00203797
1.9404	0.00203816
1.9416	0.00203835
1.9428	0.00203854
1.944	0.00203873
1.9452	0.00203892
1.9464	0.00203911
1.9476	0.0020393
1.9488	0.00203949
1.95	0.00203968
1.9512	0.00203987
1.9524	0.00204005
1.9536	0.00204024
1.9548	0.00204043
1.956	0.00204062
1.9572	0.00204081
1.9584	0.00204099
1.9596	0.00204118
1.9608	0.00204137
1.962	0.00204155
1.9632	0.00204174
1.9644	0.00204193
1.9656	0.00204211
1.9668	0.0020423
1.968	0.00204249
1.9692	0.00204267
1.9704	0.00204286
1.9716	0.00204304
1.9728	0.00204323
1.974	0.00204341
1.9752	0.0020436
1.9764	0.00204378
1.9776	0.00204397
1.9788	0.00204415
1.98	0.00204433
1.9812	0.00204452
1.9824	0.0020447
1.9836	0.00204489
1.9848	0.00204507
1.986	0.00204525
1.9872	0.00204544
1.9884	0.00204562
1.9896	0.0020458
1.9908	0.00204598
1.992	0.00204617
1.9932	0.00204635
1.9944	0.00204653
1.9956	0.00204671
1.9968	0.00204689
1.998	0.00204707
1.9992	0.00204726
2.0004	0.00204744
2.0016	0.00204762
2.0028	0.0020478
2.004	0.00204798
2.0052	0.00204816
2.0064	0.00204834
2.0076	0.00204852
2.0088	0.0020487
2.01	0.00204888
2.0112	0.00204906
2.0124	0.00204924
2.0136	0.00204942
2.0148	0.00204959
2.016	0.00204977
2.0172	0.00204995
2.0184	0.00205013
2.0196	0.00205031
2.0208	0.00205049
2.022	0.00205066
2.0232	0.00205084
2.0244	0.00205102
2.0256	0.0020512
2.0268	0.00205137
2.028	0.00205155
2.0292	0.00205173
2.0304	0.0020519
2.0316	0.00205208
2.0328	0.00205226
2.034	0.00205243
2.0352	0.00205261
2.0364	0.00205278
2.0376	0.00205296
2.0388	0.00205313
2.04	0.00205331
2.0412	0.00205348
2.0424	0.00205366
2.0436	0.00205383
2.0448	0.00205401
2.046	0.00205418
2.0472	0.00205436
2.0484	0.00205453
2.0496	0.0020547
2.0508	0.00205488
2.052	0.00205505
2.0532	0.00205522
2.0544	0.0020554
2.0556	0.00205557
2.0568	0.00205574
2.058	0.00205591
2.0592	0.00205609
2.0604	0.00205626
2.0616	0.00205643
2.0628	0.0020566
2.064	0.00205677
2.0652	0.00205695
2.0664	0.00205712
2.0676	0.00205729
2.0688	0.00205746
2.07	0.00205763
2.0712	0.0020578
2.0724	0.00205797
2.0736	0.00205814
2.0748	0.00205831
2.076	0.00205848
2.0772	0.00205865
2.0784	0.00205882
2.0796	0.00205899
2.0808	0.00205916
2.082	0.00205933
2.0832	0.0020595
2.0844	0.00205967
2.0856	0.00205984
2.0868	0.00206
2.088	0.00206017
2.0892	0.00206034
2.0904	0.00206051
2.0916	0.00206068
2.0928	0.00206084
2.094	0.00206101
2.0952	0.00206118
2.0964	0.00206135
2.0976	0.00206151
2.0988	0.00206168
2.1	0.00206185
2.1012	0.00206201
2.1024	0.00206218
2.1036	0.00206234
2.1048	0.00206251
2.106	0.00206268
2.1072	0.00206284
2.1084	0.00206301
2.1096	0.00206317
2.1108	0.00206334
2.112	0.0020635
2.1132	0.00206367
2.1144	0.00206383
2.1156	0.002064
2.1168	0.00206416
2.118	0.00206432
2.1192	0.00206449
2.1204	0.00206465
2.1216	0.00206482
2.1228	0.00206498
2.124	0.00206514
2.1252	0.00206531
2.1264	0.00206547
2.1276	0.00206563
2.1288	0.00206579
2.13	0.00206596
2.1312	0.00206612
2.1324	0.00206628
2.1336	0.00206644
2.1348	0.0020666
2.136	0.00206677
2.1372	0.00206693
2.1384	0.00206709
2.1396	0.00206725
2.1408	0.00206741
2.142	0.00206757
2.1432	0.00206773
2.1444	0.00206789
2.1456	0.00206805
2.1468	0.00206821
2.148	0.00206837
2.1492	0.00206853
2.1504	0.00206869
2.1516	0.00206885
2.1528	0.00206901
2.154	0.00206917
2.1552	0.00206933
2.1564	0.00206949
2.1576	0.00206965
2.1588	0.00206981
2.16	0.00206997
2.1612	0.00207012
2.1624	0.00207028
2.1636	0.00207044
2.1648	0.0020706
2.166	0.00207076
2.1672	0.00207091
2.1684	0.00207107
2.1696	0.00207123
2.1708	0.00207138
2.172	0.00207154
2.1732	0.0020717
2.1744	0.00207185
2.1756	0.00207201
2.1768	0.00207217
2.178	0.00207232
2.1792	0.00207248
2.1804	0.00207264
2.1816	0.00207279
2.1828	0.00207295
2.184	0.0020731
2.1852	0.00207326
2.1864	0.00207341
2.1876	0.00207357
2.1888	0.00207372
2.19	0.00207388
2.1912	0.00207403
2.1924	0.00207418
2.1936	0.00207434
2.1948	0.00207449
2.196	0.00207465
2.1972	0.0020748
2.1984	0.00207495
2.1996	0.00207511
2.2008	0.00207526
2.202	0.00207541
2.2032	0.00207557
2.2044	0.00207572
2.2056	0.00207587
2.2068	0.00207602
2.208	0.00207618
2.2092	0.00207633
2.2104	0.00207648
2.2116	0.00207663
2.2128	0.00207678
2.214	0.00207693
2.2152	0.00207709
2.2164	0.00207724
2.2176	0.00207739
2.2188	0.00207754
2.22	0.00207769
2.2212	0.00207784
2.2224	0.00207799
2.2236	0.00207814
2.2248	0.00207829
2.226	0.00207844
2.2272	0.00207859
2.2284	0.00207874
2.2296	0.00207889
2.2308	0.00207904
2.232	0.00207919
2.2332	0.00207934
2.2344	0.00207949
2.2356	0.00207964
2.2368	0.00207978
2.238	0.00207993
2.2392	0.00208008
2.2404	0.00208023
2.2416	0.00208038
2.2428	0.00208052
2.244	0.00208067
2.2452	0.00208082
2.2464	0.00208097
2.2476	0.00208112
2.2488	0.00208126
2.25	0.00208141
2.2512	0.00208156
2.2524	0.0020817
2.2536	0.00208185
2.2548	0.002082
2.256	0.00208214
2.2572	0.00208229
2.2584	0.00208243
2.2596	0.00208258
2.2608	0.00208273
2.262	0.00208287
2.2632	0.00208302
2.2644	0.00208316
2.2656	0.00208331
2.2668	0.00208345
2.268	0.0020836
2.2692	0.00208374
2.2704	0.00208389
2.2716	0.00208403
2.2728	0.00208417
2.274	0.00208432
2.2752	0.00208446
2.2764	0.00208461
2.2776	0.00208475
2.2788	0.00208489
2.28	0.00208504
2.2812	0.00208518
2.2824	0.00208532
2.2836	0.00208547
2.2848	0.00208561
2.286	0.00208575
2.2872	0.00208589
2.2884	0.00208604
2.2896	0.00208618
2.2908	0.00208632
2.292	0.00208646
2.2932	0.0020866
2.2944	0.00208675
2.2956	0.00208689
2.2968	0.00208703
2.298	0.00208717
2.2992	0.00208731
2.3004	0.00208745
2.3016	0.00208759
2.3028	0.00208773
2.304	0.00208787
2.3052	0.00208801
2.3064	0.00208816
2.3076	0.0020883
2.3088	0.00208844
2.31	0.00208858
2.3112	0.00208871
2.3124	0.00208885
2.3136	0.00208899
2.3148	0.00208913
2.316	0.00208927
2.3172	0.00208941
2.3184	0.00208955
2.3196	0.00208969
2.3208	0.00208983
2.322	0.00208997
2.3232	0.0020901
2.3244	0.00209024
2.3256	0.00209038
2.3268	0.00209052
2.328	0.00209066
2.3292	0.00209079
2.3304	0.00209093
2.3316	0.00209107
2.3328	0.00209121
2.334	0.00209134
2.3352	0.00209148
2.3364	0.00209162
2.3376	0.00209175
2.3388	0.00209189
2.34	0.00209203
2.3412	0.00209216
2.3424	0.0020923
2.3436	0.00209243
2.3448	0.00209257
2.346	0.00209271
2.3472	0.00209284
2.3484	0.00209298
2.3496	0.00209311
2.3508	0.00209325
2.352	0.00209338
2.3532	0.00209352
2.3544	0.00209365
2.3556	0.00209379
2.3568	0.00209392
2.358	0.00209406
2.3592	0.00209419
2.3604	0.00209432
2.3616	0.00209446
2.3628	0.00209459
2.364	0.00209473
2.3652	0.00209486
2.3664	0.00209499
2.3676	0.00209513
2.3688	0.00209526
2.37	0.00209539
2.3712	0.00209552
2.3724	0.00209566
2.3736	0.00209579
2.3748	0.00209592
2.376	0.00209605
2.3772	0.00209619
2.3784	0.00209632
2.3796	0.00209645
2.3808	0.00209658
2.382	0.00209671
2.3832	0.00209685
2.3844	0.00209698
2.3856	0.00209711
2.3868	0.00209724
2.388	0.00209737
2.3892	0.0020975
2.3904	0.00209763
2.3916	0.00209776
2.3928	0.00209789
2.394	0.00209802
2.3952	0.00209815
2.3964	0.00209828
2.3976	0.00209841
2.3988	0.00209854
2.4	0.00209867
2.4012	0.0020988
2.4024	0.00209893
2.4036	0.00209906
2.4048	0.00209919
2.406	0.00209932
2.4072	0.00209945
2.4084	0.00209958
2.4096	0.00209971
2.4108	0.00209984
2.412	0.00209996
2.4132	0.00210009
2.4144	0.00210022
2.4156	0.00210035
2.4168	0.00210048
2.418	0.0021006
2.4192	0.00210073
2.4204	0.00210086
2.4216	0.00210099
2.4228	0.00210111
2.424	0.00210124
2.4252	0.00210137
2.4264	0.0021015
2.4276	0.00210162
2.4288	0.00210175
2.43	0.00210188
2.4312	0.002102
2.4324	0.00210213
2.4336	0.00210225
2.4348	0.00210238
2.436	0.00210251
2.4372	0.00210263
2.4384	0.00210276
2.4396	0.00210288
2.4408	0.00210301
2.442	0.00210313
2.4432	0.00210326
2.4444	0.00210338
2.4456	0.00210351
2.4468	0.00210363
2.448	0.00210376
2.4492	0.00210388
2.4504	0.00210401
2.4516	0.00210413
2.4528	0.00210426
2.454	0.00210438
2.4552	0.0021045
2.4564	0.00210463
2.4576	0.00210475
2.4588	0.00210487
2.46	0.002105
2.4612	0.00210512
2.4624	0.00210524
2.4636	0.00210537
2.4648	0.00210549
2.466	0.00210561
2.4672	0.00210574
2.4684	0.00210586
2.4696	0.00210598
2.4708	0.0021061
2.472	0.00210623
2.4732	0.00210635
2.4744	0.00210647
2.4756	0.00210659
2.4768	0.00210671
2.478	0.00210683
2.4792	0.00210696
2.4804	0.00210708
2.4816	0.0021072
2.4828	0.00210732
2.484	0.00210744
2.4852	0.00210756
2.4864	0.00210768
2.4876	0.0021078
2.4888	0.00210792
2.49	0.00210804
2.4912	0.00210816
2.4924	0.00210828
2.4936	0.0021084
2.4948	0.00210852
2.496	0.00210864
2.4972	0.00210876
2.4984	0.00210888
2.4996	0.002109
2.5008	0.00210912
2.502	0.00210924
2.5032	0.00210936
2.5044	0.00210948
2.5056	0.0021096
2.5068	0.00210972
2.508	0.00210983
2.5092	0.00210995
2.5104	0.00211007
2.5116	0.00211019
2.5128	0.00211031
2.514	0.00211043
2.5152	0.00211054
2.5164	0.00211066
2.5176	0.00211078
2.5188	0.0021109
2.52	0.00211101
2.5212	0.00211113
2.5224	0.00211125
2.5236	0.00211137
2.5248	0.00211148
2.526	0.0021116
2.5272	0.00211172
2.5284	0.00211183
2.5296	0.00211195
2.5308	0.00211206
2.532	0.00211218
2.5332	0.0021123
2.5344	0.00211241
2.5356	0.00211253
2.5368	0.00211264
2.538	0.00211276
2.5392	0.00211288
2.5404	0.00211299
2.5416	0.00211311
2.5428	0.00211322
2.544	0.00211334
2.5452	0.00211345
2.5464	0.00211357
2.5476	0.00211368
2.5488	0.0021138
2.55	0.00211391
2.5512	0.00211402
2.5524	0.00211414
2.5536	0.00211425
2.5548	0.00211437
2.556	0.00211448
2.5572	0.00211459
2.5584	0.00211471
2.5596	0.00211482
2.5608	0.00211494
2.562	0.00211505
2.5632	0.00211516
2.5644	0.00211528
2.5656	0.00211539
2.5668	0.0021155
2.568	0.00211561
2.5692	0.00211573
2.5704	0.00211584
2.5716	0.00211595
2.5728	0.00211606
2.574	0.00211618
2.5752	0.00211629
2.5764	0.0021164
2.5776	0.00211651
2.5788	0.00211662
2.58	0.00211674
2.5812	0.00211685
2.5824	0.00211696
2.5836	0.00211707
2.5848	0.00211718
2.586	0.00211729
2.5872	0.0021174
2.5884	0.00211751
2.5896	0.00211763
2.5908	0.00211774
2.592	0.00211785
2.5932	0.00211796
2.5944	0.00211807
2.5956	0.00211818
2.5968	0.00211829
2.598	0.0021184
2.5992	0.00211851
2.6004	0.00211862
2.6016	0.00211873
2.6028	0.00211884
2.604	0.00211895
2.6052	0.00211906
2.6064	0.00211916
2.6076	0.00211927
2.6088	0.00211938
2.61	0.00211949
2.6112	0.0021196
2.6124	0.00211971
2.6136	0.00211982
2.6148	0.00211993
2.616	0.00212003
2.6172	0.00212014
2.6184	0.00212025
2.6196	0.00212036
2.6208	0.00212047
2.622	0.00212057
2.6232	0.00212068
2.6244	0.00212079
2.6256	0.0021209
2.6268	0.002121
2.628	0.00212111
2.6292	0.00212122
2.6304	0.00212133
2.6316	0.00212143
2.6328	0.00212154
2.634	0.00212165
2.6352	0.00212175
2.6364	0.00212186
2.6376	0.00212197
2.6388	0.00212207
2.64	0.00212218
2.6412	0.00212228
2.6424	0.00212239
2.6436	0.0021225
2.6448	0.0021226
2.646	0.00212271
2.6472	0.00212281
2.6484	0.00212292
2.6496	0.00212302
2.6508	0.00212313
2.652	0.00212324
2.6532	0.00212334
2.6544	0.00212345
2.6556	0.00212355
2.6568	0.00212365
2.658	0.00212376
2.6592	0.00212386
2.6604	0.00212397
2.6616	0.00212407
2.6628	0.00212418
2.664	0.00212428
2.6652	0.00212438
2.6664	0.00212449
2.6676	0.00212459
2.6688	0.0021247
2.67	0.0021248
2.6712	0.0021249
2.6724	0.00212501
2.6736	0.00212511
2.6748	0.00212521
2.676	0.00212532
2.6772	0.00212542
2.6784	0.00212552
2.6796	0.00212562
2.6808	0.00212573
2.682	0.00212583
2.6832	0.00212593
2.6844	0.00212604
2.6856	0.00212614
2.6868	0.00212624
2.688	0.00212634
2.6892	0.00212644
2.6904	0.00212655
2.6916	0.00212665
2.6928	0.00212675
2.694	0.00212685
2.6952	0.00212695
2.6964	0.00212705
2.6976	0.00212715
2.6988	0.00212726
2.7	0.00212736
2.7012	0.00212746
2.7024	0.00212756
2.7036	0.00212766
2.7048	0.00212776
2.706	0.00212786
2.7072	0.00212796
2.7084	0.00212806
2.7096	0.00212816
2.7108	0.00212826
2.712	0.00212836
2.7132	0.00212846
2.7144	0.00212856
2.7156	0.00212866
2.7168	0.00212876
2.718	0.00212886
2.7192	0.00212896
2.7204	0.00212906
2.7216	0.00212916
2.7228	0.00212926
2.724	0.00212936
2.7252	0.00212945
2.7264	0.00212955
2.7276	0.00212965
2.7288	0.00212975
2.73	0.00212985
2.7312	0.00212995
2.7324	0.00213005
2.7336	0.00213014
2.7348	0.00213024
2.736	0.00213034
2.7372	0.00213044
2.7384	0.00213054
2.7396	0.00213063
2.7408	0.00213073
2.742	0.00213083
2.7432	0.00213093
2.7444	0.00213102
2.7456	0.00213112
2.7468	0.00213122
2.748	0.00213132
2.7492	0.00213141
2.7504	0.00213151
2.7516	0.00213161
2.7528	0.0021317
2.754	0.0021318
2.7552	0.0021319
2.7564	0.00213199
2.7576	0.00213209
2.7588	0.00213219
2.76	0.00213228
2.7612	0.00213238
2.7624	0.00213247
2.7636	0.00213257
2.7648	0.00213266
2.766	0.00213276
2.7672	0.00213286
2.7684	0.00213295
2.7696	0.00213305
2.7708	0.00213314
2.772	0.00213324
2.7732	0.00213333
2.7744	0.00213343
2.7756	0.00213352
2.7768	0.00213362
2.778	0.00213371
2.7792	0.00213381
2.7804	0.0021339
2.7816	0.002134
2.7828	0.00213409
2.784	0.00213418
2.7852	0.00213428
2.7864	0.00213437
2.7876	0.00213447
2.7888	0.00213456
2.79	0.00213465
2.7912	0.00213475
2.7924	0.00213484
2.7936	0.00213493
2.7948	0.00213503
2.796	0.00213512
2.7972	0.00213521
2.7984	0.00213531
2.7996	0.0021354
2.8008	0.00213549
2.802	0.00213559
2.8032	0.00213568
2.8044	0.00213577
2.8056	0.00213586
2.8068	0.00213596
2.808	0.00213605
2.8092	0.00213614
2.8104	0.00213623
2.8116	0.00213632
2.8128	0.00213642
2.814	0.00213651
2.8152	0.0021366
2.8164	0.00213669
2.8176	0.00213678
2.8188	0.00213687
2.82	0.00213697
2.8212	0.00213706
2.8224	0.00213715
2.8236	0.00213724
2.8248	0.00213733
2.826	0.00213742
2.8272	0.00213751
2.8284	0.0021376
2.8296	0.00213769
2.8308	0.00213779
2.832	0.00213788
2.8332	0.00213797
2.8344	0.00213806
2.8356	0.00213815
2.8368	0.00213824
2.838	0.00213833
2.8392	0.00213842
2.8404	0.00213851
2.8416	0.0021386
2.8428	0.00213869
2.844	0.00213878
2.8452	0.00213887
2.8464	0.00213895
2.8476	0.00213904
2.8488	0.00213913
2.85	0.00213922
2.8512	0.00213931
2.8524	0.0021394
2.8536	0.00213949
2.8548	0.00213958
2.856	0.00213967
2.8572	0.00213976
2.8584	0.00213984
2.8596	0.00213993
2.8608	0.00214002
2.862	0.00214011
2.8632	0.0021402
2.8644	0.00214029
2.8656	0.00214037
2.8668	0.00214046
2.868	0.00214055
2.8692	0.00214064
2.8704	0.00214072
2.8716	0.00214081
2.8728	0.0021409
2.874	0.00214099
2.8752	0.00214107
2.8764	0.00214116
2.8776	0.00214125
2.8788	0.00214134
2.88	0.00214142
2.8812	0.00214151
2.8824	0.0021416
2.8836	0.00214168
2.8848	0.00214177
2.886	0.00214186
2.8872	0.00214194
2.8884	0.00214203
2.8896	0.00214212
2.8908	0.0021422
2.892	0.00214229
2.8932	0.00214237
2.8944	0.00214246
2.8956	0.00214255
2.8968	0.00214263
2.898	0.00214272
2.8992	0.0021428
2.9004	0.00214289
2.9016	0.00214297
2.9028	0.00214306
2.904	0.00214314
2.9052	0.00214323
2.9064	0.00214331
2.9076	0.0021434
2.9088	0.00214348
2.91	0.00214357
2.9112	0.00214365
2.9124	0.00214374
2.9136	0.00214382
2.9148	0.00214391
2.916	0.00214399
2.9172	0.00214408
2.9184	0.00214416
2.9196	0.00214424
2.9208	0.00214433
2.922	0.00214441
2.9232	0.0021445
2.9244	0.00214458
2.9256	0.00214466
2.9268	0.00214475
2.928	0.00214483
2.9292	0.00214491
2.9304	0.002145
2.9316	0.00214508
2.9328	0.00214516
2.934	0.00214525
2.9352	0.00214533
2.9364	0.00214541
2.9376	0.0021455
2.9388	0.00214558
2.94	0.00214566
2.9412	0.00214574
2.9424	0.00214583
2.9436	0.00214591
2.9448	0.00214599
2.946	0.00214607
2.9472	0.00214616
2.9484	0.00214624
2.9496	0.00214632
2.9508	0.0021464
2.952	0.00214648
2.9532	0.00214657
2.9544	0.00214665
2.9556	0.00214673
2.9568	0.00214681
2.958	0.00214689
2.9592	0.00214697
2.9604	0.00214706
2.9616	0.00214714
2.9628	0.00214722
2.964	0.0021473
2.9652	0.00214738
2.9664	0.00214746
2.9676	0.00214754
2.9688	0.00214762
2.97	0.0021477
2.9712	0.00214778
2.9724	0.00214786
2.9736	0.00214794
2.9748	0.00214803
2.976	0.00214811
2.9772	0.00214819
2.9784	0.00214827
2.9796	0.00214835
2.9808	0.00214843
2.982	0.00214851
2.9832	0.00214859
2.9844	0.00214867
2.9856	0.00214874
2.9868	0.00214882
2.988	0.0021489
2.9892	0.00214898
2.9904	0.00214906
2.9916	0.00214914
2.9928	0.00214922
2.994	0.0021493
2.9952	0.00214938
2.9964	0.00214946
2.9976	0.00214954
2.9988	0.00214962
3	0.00214969
3.0012	0.00214977
3.0024	0.00214985
3.0036	0.00214993
3.0048	0.00215001
3.006	0.00215009
3.0072	0.00215016
3.0084	0.00215024
3.0096	0.00215032
3.0108	0.0021504
3.012	0.00215048
3.0132	0.00215055
3.0144	0.00215063
3.0156	0.00215071
3.0168	0.00215079
3.018	0.00215087
3.0192	0.00215094
3.0204	0.00215102
3.0216	0.0021511
3.0228	0.00215117
3.024	0.00215125
3.0252	0.00215133
3.0264	0.00215141
3.0276	0.00215148
3.0288	0.00215156
3.03	0.00215164
3.0312	0.00215171
3.0324	0.00215179
3.0336	0.00215187
3.0348	0.00215194
3.036	0.00215202
3.0372	0.00215209
3.0384	0.00215217
3.0396	0.00215225
3.0408	0.00215232
3.042	0.0021524
3.0432	0.00215248
3.0444	0.00215255
3.0456	0.00215263
3.0468	0.0021527
3.048	0.00215278
3.0492	0.00215285
3.0504	0.00215293
3.0516	0.002153
3.0528	0.00215308
3.054	0.00215315
3.0552	0.00215323
3.0564	0.00215331
3.0576	0.00215338
3.0588	0.00215345
3.06	0.00215353
3.0612	0.0021536
3.0624	0.00215368
3.0636	0.00215375
3.0648	0.00215383
3.066	0.0021539
3.0672	0.00215398
3.0684	0.00215405
3.0696	0.00215413
3.0708	0.0021542
3.072	0.00215427
3.0732	0.00215435
3.0744	0.00215442
3.0756	0.0021545
3.0768	0.00215457
3.078	0.00215464
3.0792	0.00215472
3.0804	0.00215479
3.0816	0.00215486
3.0828	0.00215494
3.084	0.00215501
3.0852	0.00215508
3.0864	0.00215516
3.0876	0.00215523
3.0888	0.0021553
3.09	0.00215538
3.0912	0.00215545
3.0924	0.00215552
3.0936	0.0021556
3.0948	0.00215567
3.096	0.00215574
3.0972	0.00215581
3.0984	0.00215589
3.0996	0.00215596
3.1008	0.00215603
3.102	0.0021561
3.1032	0.00215618
3.1044	0.00215625
3.1056	0.00215632
3.1068	0.00215639
3.108	0.00215646
3.1092	0.00215654
3.1104	0.00215661
3.1116	0.00215668
3.1128	0.00215675
3.114	0.00215682
3.1152	0.00215689
3.1164	0.00215696
3.1176	0.00215704
3.1188	0.00215711
3.12	0.00215718
3.1212	0.00215725
3.1224	0.00215732
3.1236	0.00215739
3.1248	0.00215746
3.126	0.00215753
3.1272	0.0021576
3.1284	0.00215767
3.1296	0.00215775
3.1308	0.00215782
3.132	0.00215789
3.1332	0.00215796
3.1344	0.00215803
3.1356	0.0021581
3.1368	0.00215817
3.138	0.00215824
3.1392	0.00215831
3.1404	0.00215838
3.1416	0.00215845
3.1428	0.00215852
3.144	0.00215859
3.1452	0.00215866
3.1464	0.00215873
3.1476	0.0021588
3.1488	0.00215887
3.15	0.00215894
3.1512	0.002159
3.1524	0.00215907
3.1536	0.00215914
3.1548	0.00215921
3.156	0.00215928
3.1572	0.00215935
3.1584	0.00215942
3.1596	0.00215949
3.1608	0.00215956
3.162	0.00215963
3.1632	0.00215969
3.1644	0.00215976
3.1656	0.00215983
3.1668	0.0021599
3.168	0.00215997
3.1692	0.00216004
3.1704	0.00216011
3.1716	0.00216017
3.1728	0.00216024
3.174	0.00216031
3.1752	0.00216038
3.1764	0.00216045
3.1776	0.00216051
3.1788	0.00216058
3.18	0.00216065
3.1812	0.00216072
3.1824	0.00216078
3.1836	0.00216085
3.1848	0.00216092
3.186	0.00216099
3.1872	0.00216105
3.1884	0.00216112
3.1896	0.00216119
3.1908	0.00216126
3.192	0.00216132
3.1932	0.00216139
3.1944	0.00216146
3.1956	0.00216152
3.1968	0.00216159
3.198	0.00216166
3.1992	0.00216172
3.2004	0.00216179
3.2016	0.00216186
3.2028	0.00216192
3.204	0.00216199
3.2052	0.00216206
3.2064	0.00216212
3.2076	0.00216219
3.2088	0.00216225
3.21	0.00216232
3.2112	0.00216239
3.2124	0.00216245
3.2136	0.00216252
3.2148	0.00216258
3.216	0.00216265
3.2172	0.00216272
3.2184	0.00216278
3.2196	0.00216285
3.2208	0.00216291
3.222	0.00216298
3.2232	0.00216304
3.2244	0.00216311
3.2256	0.00216317
3.2268	0.00216324
3.228	0.0021633
3.2292	0.00216337
3.2304	0.00216343
3.2316	0.0021635
3.2328	0.00216356
3.234	0.00216363
3.2352	0.00216369
3.2364	0.00216376
3.2376	0.00216382
3.2388	0.00216389
3.24	0.00216395
3.2412	0.00216401
3.2424	0.00216408
3.2436	0.00216414
3.2448	0.00216421
3.246	0.00216427
3.2472	0.00216434
3.2484	0.0021644
3.2496	0.00216446
3.2508	0.00216453
3.252	0.00216459
3.2532	0.00216465
3.2544	0.00216472
3.2556	0.00216478
3.2568	0.00216485
3.258	0.00216491
3.2592	0.00216497
3.2604	0.00216504
3.2616	0.0021651
3.2628	0.00216516
3.264	0.00216523
3.2652	0.00216529
3.2664	0.00216535
3.2676	0.00216541
3.2688	0.00216548
3.27	0.00216554
3.2712	0.0021656
3.2724	0.00216567
3.2736	0.00216573
3.2748	0.00216579
3.276	0.00216585
3.2772	0.00216592
3.2784	0.00216598
3.2796	0.00216604
3.2808	0.0021661
3.282	0.00216617
3.2832	0.00216623
3.2844	0.00216629
3.2856	0.00216635
3.2868	0.00216641
3.288	0.00216648
3.2892	0.00216654
3.2904	0.0021666
3.2916	0.00216666
3.2928	0.00216672
3.294	0.00216678
3.2952	0.00216685
3.2964	0.00216691
3.2976	0.00216697
3.2988	0.00216703
3.3	0.00216709
3.3012	0.00216715
3.3024	0.00216721
3.3036	0.00216727
3.3048	0.00216734
3.306	0.0021674
3.3072	0.00216746
3.3084	0.00216752
3.3096	0.00216758
3.3108	0.00216764
3.312	0.0021677
3.3132	0.00216776
3.3144	0.00216782
3.3156	0.00216788
3.3168	0.00216794
3.318	0.002168
3.3192	0.00216806
3.3204	0.00216812
3.3216	0.00216818
3.3228	0.00216824
3.324	0.0021683
3.3252	0.00216836
3.3264	0.00216842
3.3276	0.00216848
3.3288	0.00216854
3.33	0.0021686
3.3312	0.00216866
3.3324	0.00216872
3.3336	0.00216878
3.3348	0.00216884
3.336	0.0021689
3.3372	0.00216896
3.3384	0.00216902
3.3396	0.00216908
3.3408	0.00216914
3.342	0.0021692
3.3432	0.00216926
3.3444	0.00216932
3.3456	0.00216937
3.3468	0.00216943
3.348	0.00216949
3.3492	0.00216955
3.3504	0.00216961
3.3516	0.00216967
3.3528	0.00216973
3.354	0.00216979
3.3552	0.00216984
3.3564	0.0021699
3.3576	0.00216996
3.3588	0.00217002
3.36	0.00217008
3.3612	0.00217014
3.3624	0.00217019
3.3636	0.00217025
3.3648	0.00217031
3.366	0.00217037
3.3672	0.00217043
3.3684	0.00217048
3.3696	0.00217054
3.3708	0.0021706
3.372	0.00217066
3.3732	0.00217072
3.3744	0.00217077
3.3756	0.00217083
3.3768	0.00217089
3.378	0.00217095
3.3792	0.002171
3.3804	0.00217106
3.3816	0.00217112
3.3828	0.00217117
3.384	0.00217123
3.3852	0.00217129
3.3864	0.00217135
3.3876	0.0021714
3.3888	0.00217146
3.39	0.00217152
3.3912	0.00217157
3.3924	0.00217163
3.3936	0.00217169
3.3948	0.00217174
3.396	0.0021718
3.3972	0.00217186
3.3984	0.00217191
3.3996	0.00217197
3.4008	0.00217203
3.402	0.00217208
3.4032	0.00217214
3.4044	0.00217219
3.4056	0.00217225
3.4068	0.00217231
3.408	0.00217236
3.4092	0.00217242
3.4104	0.00217247
3.4116	0.00217253
3.4128	0.00217259
3.414	0.00217264
3.4152	0.0021727
3.4164	0.00217275
3.4176	0.00217281
3.4188	0.00217286
3.42	0.00217292
3.4212	0.00217297
3.4224	0.00217303
3.4236	0.00217309
3.4248	0.00217314
3.426	0.0021732
3.4272	0.00217325
3.4284	0.00217331
3.4296	0.00217336
3.4308	0.00217342
3.432	0.00217347
3.4332	0.00217353
3.4344	0.00217358
3.4356	0.00217364
3.4368	0.00217369
3.438	0.00217374
3.4392	0.0021738
3.4404	0.00217385
3.4416	0.00217391
3.4428	0.00217396
3.444	0.00217402
3.4452	0.00217407
3.4464	0.00217413
3.4476	0.00217418
3.4488	0.00217423
3.45	0.00217429
3.4512	0.00217434
3.4524	0.0021744
3.4536	0.00217445
3.4548	0.0021745
3.456	0.00217456
3.4572	0.00217461
3.4584	0.00217466
3.4596	0.00217472
3.4608	0.00217477
3.462	0.00217483
3.4632	0.00217488
3.4644	0.00217493
3.4656	0.00217499
3.4668	0.00217504
3.468	0.00217509
3.4692	0.00217515
3.4704	0.0021752
3.4716	0.00217525
3.4728	0.00217531
3.474	0.00217536
3.4752	0.00217541
3.4764	0.00217546
3.4776	0.00217552
3.4788	0.00217557
3.48	0.00217562
3.4812	0.00217568
3.4824	0.00217573
3.4836	0.00217578
3.4848	0.00217583
3.486	0.00217589
3.4872	0.00217594
3.4884	0.00217599
3.4896	0.00217604
3.4908	0.00217609
3.492	0.00217615
3.4932	0.0021762
3.4944	0.00217625
3.4956	0.0021763
3.4968	0.00217636
3.498	0.00217641
3.4992	0.00217646
3.5004	0.00217651
3.5016	0.00217656
3.5028	0.00217661
3.504	0.00217667
3.5052	0.00217672
3.5064	0.00217677
3.5076	0.00217682
3.5088	0.00217687
3.51	0.00217692
3.5112	0.00217698
3.5124	0.00217703
3.5136	0.00217708
3.5148	0.00217713
3.516	0.00217718
3.5172	0.00217723
3.5184	0.00217728
3.5196	0.00217733
3.5208	0.00217738
3.522	0.00217744
3.5232	0.00217749
3.5244	0.00217754
3.5256	0.00217759
3.5268	0.00217764
3.528	0.00217769
3.5292	0.00217774
3.5304	0.00217779
3.5316	0.00217784
3.5328	0.00217789
3.534	0.00217794
3.5352	0.00217799
3.5364	0.00217804
3.5376	0.00217809
3.5388	0.00217814
3.54	0.00217819
3.5412	0.00217824
3.5424	0.00217829
3.5436	0.00217834
3.5448	0.00217839
3.546	0.00217844
3.5472	0.00217849
3.5484	0.00217854
3.5496	0.00217859
3.5508	0.00217864
3.552	0.00217869
3.5532	0.00217874
3.5544	0.00217879
3.5556	0.00217884
3.5568	0.00217889
3.558	0.00217894
3.5592	0.00217899
3.5604	0.00217904
3.5616	0.00217909
3.5628	0.00217914
3.564	0.00217919
3.5652	0.00217924
3.5664	0.00217928
3.5676	0.00217933
3.5688	0.00217938
3.57	0.00217943
3.5712	0.00217948
3.5724	0.00217953
3.5736	0.00217958
3.5748	0.00217963
3.576	0.00217968
3.5772	0.00217972
3.5784	0.00217977
3.5796	0.00217982
3.5808	0.00217987
3.582	0.00217992
3.5832	0.00217997
3.5844	0.00218002
3.5856	0.00218006
3.5868	0.00218011
3.588	0.00218016
3.5892	0.00218021
3.5904	0.00218026
3.5916	0.0021803
3.5928	0.00218035
3.594	0.0021804
3.5952	0.00218045
3.5964	0.0021805
3.5976	0.00218054
3.5988	0.00218059
3.6	0.00218064
3.6012	0.00218069
3.6024	0.00218073
3.6036	0.00218078
3.6048	0.00218083
3.606	0.00218088
3.6072	0.00218092
3.6084	0.00218097
3.6096	0.00218102
3.6108	0.00218107
3.612	0.00218111
3.6132	0.00218116
3.6144	0.00218121
3.6156	0.00218126
3.6168	0.0021813
3.618	0.00218135
3.6192	0.0021814
3.6204	0.00218144
3.6216	0.00218149
3.6228	0.00218154
3.624	0.00218158
3.6252	0.00218163
3.6264	0.00218168
3.6276	0.00218172
3.6288	0.00218177
3.63	0.00218182
3.6312	0.00218186
3.6324	0.00218191
3.6336	0.00218196
3.6348	0.002182
3.636	0.00218205
3.6372	0.0021821
3.6384	0.00218214
3.6396	0.00218219
3.6408	0.00218223
3.642	0.00218228
3.6432	0.00218233
3.6444	0.00218237
3.6456	0.00218242
3.6468	0.00218246
3.648	0.00218251
3.6492	0.00218256
3.6504	0.0021826
3.6516	0.00218265
3.6528	0.00218269
3.654	0.00218274
3.6552	0.00218278
3.6564	0.00218283
3.6576	0.00218287
3.6588	0.00218292
3.66	0.00218297
3.6612	0.00218301
3.6624	0.00218306
3.6636	0.0021831
3.6648	0.00218315
3.666	0.00218319
3.6672	0.00218324
3.6684	0.00218328
3.6696	0.00218333
3.6708	0.00218337
3.672	0.00218342
3.6732	0.00218346
3.6744	0.00218351
3.6756	0.00218355
3.6768	0.0021836
3.678	0.00218364
3.6792	0.00218369
3.6804	0.00218373
3.6816	0.00218378
3.6828	0.00218382
3.684	0.00218386
3.6852	0.00218391
3.6864	0.00218395
3.6876	0.002184
3.6888	0.00218404
3.69	0.00218409
3.6912	0.00218413
3.6924	0.00218417
3.6936	0.00218422
3.6948	0.00218426
3.696	0.00218431
3.6972	0.00218435
3.6984	0.00218439
3.6996	0.00218444
3.7008	0.00218448
3.702	0.00218453
3.7032	0.00218457
3.7044	0.00218461
3.7056	0.00218466
3.7068	0.0021847
3.708	0.00218474
3.7092	0.00218479
3.7104	0.00218483
3.7116	0.00218488
3.7128	0.00218492
3.714	0.00218496
3.7152	0.00218501
3.7164	0.00218505
3.7176	0.00218509
3.7188	0.00218514
3.72	0.00218518
3.7212	0.00218522
3.7224	0.00218526
3.7236	0.00218531
3.7248	0.00218535
3.726	0.00218539
3.7272	0.00218544
3.7284	0.00218548
3.7296	0.00218552
3.7308	0.00218557
3.732	0.00218561
3.7332	0.00218565
3.7344	0.00218569
3.7356	0.00218574
3.7368	0.00218578
3.738	0.00218582
3.7392	0.00218586
3.7404	0.00218591
3.7416	0.00218595
3.7428	0.00218599
3.744	0.00218603
3.7452	0.00218608
3.7464	0.00218612
3.7476	0.00218616
3.7488	0.0021862
3.75	0.00218624
3.7512	0.00218629
3.7524	0.00218633
3.7536	0.00218637
3.7548	0.00218641
3.756	0.00218645
3.7572	0.0021865
3.7584	0.00218654
3.7596	0.00218658
3.7608	0.00218662
3.762	0.00218666
3.7632	0.0021867
3.7644	0.00218675
3.7656	0.00218679
3.7668	0.00218683
3.768	0.00218687
3.7692	0.00218691
3.7704	0.00218695
3.7716	0.002187
3.7728	0.00218704
3.774	0.00218708
3.7752	0.00218712
3.7764	0.00218716
3.7776	0.0021872
3.7788	0.00218724
3.78	0.00218728
3.7812	0.00218732
3.7824	0.00218737
3.7836	0.00218741
3.7848	0.00218745
3.786	0.00218749
3.7872	0.00218753
3.7884	0.00218757
3.7896	0.00218761
3.7908	0.00218765
3.792	0.00218769
3.7932	0.00218773
3.7944	0.00218777
3.7956	0.00218781
3.7968	0.00218785
3.798	0.0021879
3.7992	0.00218794
3.8004	0.00218798
3.8016	0.00218802
3.8028	0.00218806
3.804	0.0021881
3.8052	0.00218814
3.8064	0.00218818
3.8076	0.00218822
3.8088	0.00218826
3.81	0.0021883
3.8112	0.00218834
3.8124	0.00218838
3.8136	0.00218842
3.8148	0.00218846
3.816	0.0021885
3.8172	0.00218854
3.8184	0.00218858
3.8196	0.00218862
3.8208	0.00218866
3.822	0.0021887
3.8232	0.00218874
3.8244	0.00218878
3.8256	0.00218881
3.8268	0.00218885
3.828	0.00218889
3.8292	0.00218893
3.8304	0.00218897
3.8316	0.00218901
3.8328	0.00218905
3.834	0.00218909
3.8352	0.00218913
3.8364	0.00218917
3.8376	0.00218921
3.8388	0.00218925
3.84	0.00218929
3.8412	0.00218933
3.8424	0.00218936
3.8436	0.0021894
3.8448	0.00218944
3.846	0.00218948
3.8472	0.00218952
3.8484	0.00218956
3.8496	0.0021896
3.8508	0.00218964
3.852	0.00218967
3.8532	0.00218971
3.8544	0.00218975
3.8556	0.00218979
3.8568	0.00218983
3.858	0.00218987
3.8592	0.00218991
3.8604	0.00218994
3.8616	0.00218998
3.8628	0.00219002
3.864	0.00219006
3.8652	0.0021901
3.8664	0.00219014
3.8676	0.00219017
3.8688	0.00219021
3.87	0.00219025
3.8712	0.00219029
3.8724	0.00219033
3.8736	0.00219036
3.8748	0.0021904
3.876	0.00219044
3.8772	0.00219048
3.8784	0.00219052
3.8796	0.00219055
3.8808	0.00219059
3.882	0.00219063
3.8832	0.00219067
3.8844	0.0021907
3.8856	0.00219074
3.8868	0.00219078
3.888	0.00219082
3.8892	0.00219085
3.8904	0.00219089
3.8916	0.00219093
3.8928	0.00219097
3.894	0.002191
3.8952	0.00219104
3.8964	0.00219108
3.8976	0.00219112
3.8988	0.00219115
3.9	0.00219119
3.9012	0.00219123
3.9024	0.00219127
3.9036	0.0021913
3.9048	0.00219134
3.906	0.00219138
3.9072	0.00219141
3.9084	0.00219145
3.9096	0.00219149
3.9108	0.00219152
3.912	0.00219156
3.9132	0.0021916
3.9144	0.00219163
3.9156	0.00219167
3.9168	0.00219171
3.918	0.00219174
3.9192	0.00219178
3.9204	0.00219182
3.9216	0.00219185
3.9228	0.00219189
3.924	0.00219193
3.9252	0.00219196
3.9264	0.002192
3.9276	0.00219204
3.9288	0.00219207
3.93	0.00219211
3.9312	0.00219214
3.9324	0.00219218
3.9336	0.00219222
3.9348	0.00219225
3.936	0.00219229
3.9372	0.00219232
3.9384	0.00219236
3.9396	0.0021924
3.9408	0.00219243
3.942	0.00219247
3.9432	0.0021925
3.9444	0.00219254
3.9456	0.00219258
3.9468	0.00219261
3.948	0.00219265
3.9492	0.00219268
3.9504	0.00219272
3.9516	0.00219275
3.9528	0.00219279
3.954	0.00219283
3.9552	0.00219286
3.9564	0.0021929
3.9576	0.00219293
3.9588	0.00219297
3.96	0.002193
3.9612	0.00219304
3.9624	0.00219307
3.9636	0.00219311
3.9648	0.00219314
3.966	0.00219318
3.9672	0.00219321
3.9684	0.00219325
3.9696	0.00219328
3.9708	0.00219332
3.972	0.00219335
3.9732	0.00219339
3.9744	0.00219342
3.9756	0.00219346
3.9768	0.00219349
3.978	0.00219353
3.9792	0.00219356
3.9804	0.0021936
3.9816	0.00219363
3.9828	0.00219367
3.984	0.0021937
3.9852	0.00219374
3.9864	0.00219377
3.9876	0.00219381
3.9888	0.00219384
3.99	0.00219388
3.9912	0.00219391
3.9924	0.00219394
3.9936	0.00219398
3.9948	0.00219401
3.996	0.00219405
3.9972	0.00219408
3.9984	0.00219412
3.9996	0.00219415
4.0008	0.00219418
4.002	0.00219422
4.0032	0.00219425
4.0044	0.00219429
4.0056	0.00219432
4.0068	0.00219435
4.008	0.00219439
4.0092	0.00219442
4.0104	0.00219446
4.0116	0.00219449
4.0128	0.00219452
4.014	0.00219456
4.0152	0.00219459
4.0164	0.00219463
4.0176	0.00219466
4.0188	0.00219469
4.02	0.00219473
4.0212	0.00219476
4.0224	0.00219479
4.0236	0.00219483
4.0248	0.00219486
4.026	0.00219489
4.0272	0.00219493
4.0284	0.00219496
4.0296	0.00219499
4.0308	0.00219503
4.032	0.00219506
4.0332	0.00219509
4.0344	0.00219513
4.0356	0.00219516
4.0368	0.00219519
4.038	0.00219523
4.0392	0.00219526
4.0404	0.00219529
4.0416	0.00219533
4.0428	0.00219536
4.044	0.00219539
4.0452	0.00219542
4.0464	0.00219546
4.0476	0.00219549
4.0488	0.00219552
4.05	0.00219556
4.0512	0.00219559
4.0524	0.00219562
4.0536	0.00219565
4.0548	0.00219569
4.056	0.00219572
4.0572	0.00219575
4.0584	0.00219578
4.0596	0.00219582
4.0608	0.00219585
4.062	0.00219588
4.0632	0.00219591
4.0644	0.00219595
4.0656	0.00219598
4.0668	0.00219601
4.068	0.00219604
4.0692	0.00219608
4.0704	0.00219611
4.0716	0.00219614
4.0728	0.00219617
4.074	0.00219621
4.0752	0.00219624
4.0764	0.00219627
4.0776	0.0021963
4.0788	0.00219633
4.08	0.00219637
4.0812	0.0021964
4.0824	0.00219643
4.0836	0.00219646
4.0848	0.00219649
4.086	0.00219653
4.0872	0.00219656
4.0884	0.00219659
4.0896	0.00219662
4.0908	0.00219665
4.092	0.00219668
4.0932	0.00219672
4.0944	0.00219675
4.0956	0.00219678
4.0968	0.00219681
4.098	0.00219684
4.0992	0.00219687
4.1004	0.0021969
4.1016	0.00219694
4.1028	0.00219697
4.104	0.002197
4.1052	0.00219703
4.1064	0.00219706
4.1076	0.00219709
4.1088	0.00219712
4.11	0.00219716
4.1112	0.00219719
4.1124	0.00219722
4.1136	0.00219725
4.1148	0.00219728
4.116	0.00219731
4.1172	0.00219734
4.1184	0.00219737
4.1196	0.0021974
4.1208	0.00219743
4.122	0.00219747
4.1232	0.0021975
4.1244	0.00219753
4.1256	0.00219756
4.1268	0.00219759
4.128	0.00219762
4.1292	0.00219765
4.1304	0.00219768
4.1316	0.00219771
4.1328	0.00219774
4.134	0.00219777
4.1352	0.0021978
4.1364	0.00219783
4.1376	0.00219786
4.1388	0.00219789
4.14	0.00219793
4.1412	0.00219796
4.1424	0.00219799
4.1436	0.00219802
4.1448	0.00219805
4.146	0.00219808
4.1472	0.00219811
4.1484	0.00219814
4.1496	0.00219817
4.1508	0.0021982
4.152	0.00219823
4.1532	0.00219826
4.1544	0.00219829
4.1556	0.00219832
4.1568	0.00219835
4.158	0.00219838
4.1592	0.00219841
4.1604	0.00219844
4.1616	0.00219847
4.1628	0.0021985
4.164	0.00219853
4.1652	0.00219856
4.1664	0.00219859
4.1676	0.00219862
4.1688	0.00219865
4.17	0.00219868
4.1712	0.00219871
4.1724	0.00219874
4.1736	0.00219876
4.1748	0.00219879
4.176	0.00219882
4.1772	0.00219885
4.1784	0.00219888
4.1796	0.00219891
4.1808	0.00219894
4.182	0.00219897
4.1832	0.002199
4.1844	0.00219903
4.1856	0.00219906
4.1868	0.00219909
4.188	0.00219912
4.1892	0.00219915
4.1904	0.00219918
4.1916	0.00219921
4.1928	0.00219923
4.194	0.00219926
4.1952	0.00219929
4.1964	0.00219932
4.1976	0.00219935
4.1988	0.00219938
4.2	0.00219941
4.2012	0.00219944
4.2024	0.00219947
4.2036	0.0021995
4.2048	0.00219952
4.206	0.00219955
4.2072	0.00219958
4.2084	0.00219961
4.2096	0.00219964
4.2108	0.00219967
4.212	0.0021997
4.2132	0.00219972
4.2144	0.00219975
4.2156	0.00219978
4.2168	0.00219981
4.218	0.00219984
4.2192	0.00219987
4.2204	0.0021999
4.2216	0.00219992
4.2228	0.00219995
4.224	0.00219998
4.2252	0.00220001
4.2264	0.00220004
4.2276	0.00220007
4.2288	0.00220009
4.23	0.00220012
4.2312	0.00220015
4.2324	0.00220018
4.2336	0.00220021
4.2348	0.00220024
4.236	0.00220026
4.2372	0.00220029
4.2384	0.00220032
4.2396	0.00220035
4.2408	0.00220038
4.242	0.0022004
4.2432	0.00220043
4.2444	0.00220046
4.2456	0.00220049
4.2468	0.00220052
4.248	0.00220054
4.2492	0.00220057
4.2504	0.0022006
4.2516	0.00220063
4.2528	0.00220065
4.254	0.00220068
4.2552	0.00220071
4.2564	0.00220074
4.2576	0.00220076
4.2588	0.00220079
4.26	0.00220082
4.2612	0.00220085
4.2624	0.00220087
4.2636	0.0022009
4.2648	0.00220093
4.266	0.00220096
4.2672	0.00220098
4.2684	0.00220101
4.2696	0.00220104
4.2708	0.00220107
4.272	0.00220109
4.2732	0.00220112
4.2744	0.00220115
4.2756	0.00220117
4.2768	0.0022012
4.278	0.00220123
4.2792	0.00220126
4.2804	0.00220128
4.2816	0.00220131
4.2828	0.00220134
4.284	0.00220136
4.2852	0.00220139
4.2864	0.00220142
4.2876	0.00220145
4.2888	0.00220147
4.29	0.0022015
4.2912	0.00220153
4.2924	0.00220155
4.2936	0.00220158
4.2948	0.00220161
4.296	0.00220163
4.2972	0.00220166
4.2984	0.00220169
4.2996	0.00220171
4.3008	0.00220174
4.302	0.00220177
4.3032	0.00220179
4.3044	0.00220182
4.3056	0.00220185
4.3068	0.00220187
4.308	0.0022019
4.3092	0.00220193
4.3104	0.00220195
4.3116	0.00220198
4.3128	0.002202
4.314	0.00220203
4.3152	0.00220206
4.3164	0.00220208
4.3176	0.00220211
4.3188	0.00220214
4.32	0.00220216
4.3212	0.00220219
4.3224	0.00220221
4.3236	0.00220224
4.3248	0.00220227
4.326	0.00220229
4.3272	0.00220232
4.3284	0.00220234
4.3296	0.00220237
4.3308	0.0022024
4.332	0.00220242
4.3332	0.00220245
4.3344	0.00220247
4.3356	0.0022025
4.3368	0.00220253
4.338	0.00220255
4.3392	0.00220258
4.3404	0.0022026
4.3416	0.00220263
4.3428	0.00220265
4.344	0.00220268
4.3452	0.00220271
4.3464	0.00220273
4.3476	0.00220276
4.3488	0.00220278
4.35	0.00220281
4.3512	0.00220283
4.3524	0.00220286
4.3536	0.00220288
4.3548	0.00220291
4.356	0.00220294
4.3572	0.00220296
4.3584	0.00220299
4.3596	0.00220301
4.3608	0.00220304
4.362	0.00220306
4.3632	0.00220309
4.3644	0.00220311
4.3656	0.00220314
4.3668	0.00220316
4.368	0.00220319
4.3692	0.00220321
4.3704	0.00220324
4.3716	0.00220326
4.3728	0.00220329
4.374	0.00220331
4.3752	0.00220334
4.3764	0.00220336
4.3776	0.00220339
4.3788	0.00220341
4.38	0.00220344
4.3812	0.00220346
4.3824	0.00220349
4.3836	0.00220351
4.3848	0.00220354
4.386	0.00220356
4.3872	0.00220359
4.3884	0.00220361
4.3896	0.00220364
4.3908	0.00220366
4.392	0.00220369
4.3932	0.00220371
4.3944	0.00220374
4.3956	0.00220376
4.3968	0.00220378
4.398	0.00220381
4.3992	0.00220383
4.4004	0.00220386
4.4016	0.00220388
4.4028	0.00220391
4.404	0.00220393
4.4052	0.00220396
4.4064	0.00220398
4.4076	0.002204
4.4088	0.00220403
4.41	0.00220405
4.4112	0.00220408
4.4124	0.0022041
4.4136	0.00220413
4.4148	0.00220415
4.416	0.00220417
4.4172	0.0022042
4.4184	0.00220422
4.4196	0.00220425
4.4208	0.00220427
4.422	0.0022043
4.4232	0.00220432
4.4244	0.00220434
4.4256	0.00220437
4.4268	0.00220439
4.428	0.00220441
4.4292	0.00220444
4.4304	0.00220446
4.4316	0.00220449
4.4328	0.00220451
4.434	0.00220453
4.4352	0.00220456
4.4364	0.00220458
4.4376	0.00220461
4.4388	0.00220463
4.44	0.00220465
4.4412	0.00220468
4.4424	0.0022047
4.4436	0.00220472
4.4448	0.00220475
4.446	0.00220477
4.4472	0.00220479
4.4484	0.00220482
4.4496	0.00220484
4.4508	0.00220487
4.452	0.00220489
4.4532	0.00220491
4.4544	0.00220494
4.4556	0.00220496
4.4568	0.00220498
4.458	0.00220501
4.4592	0.00220503
4.4604	0.00220505
4.4616	0.00220508
4.4628	0.0022051
4.464	0.00220512
4.4652	0.00220515
4.4664	0.00220517
4.4676	0.00220519
4.4688	0.00220521
4.47	0.00220524
4.4712	0.00220526
4.4724	0.00220528
4.4736	0.00220531
4.4748	0.00220533
4.476	0.00220535
4.4772	0.00220538
4.4784	0.0022054
4.4796	0.00220542
4.4808	0.00220544
4.482	0.00220547
4.4832	0.00220549
4.4844	0.00220551
4.4856	0.00220554
4.4868	0.00220556
4.488	0.00220558
4.4892	0.0022056
4.4904	0.00220563
4.4916	0.00220565
4.4928	0.00220567
4.494	0.0022057
4.4952	0.00220572
4.4964	0.00220574
4.4976	0.00220576
4.4988	0.00220579
4.5	0.00220581
4.5012	0.00220583
4.5024	0.00220585
4.5036	0.00220588
4.5048	0.0022059
4.506	0.00220592
4.5072	0.00220594
4.5084	0.00220597
4.5096	0.00220599
4.5108	0.00220601
4.512	0.00220603
4.5132	0.00220605
4.5144	0.00220608
4.5156	0.0022061
4.5168	0.00220612
4.518	0.00220614
4.5192	0.00220617
4.5204	0.00220619
4.5216	0.00220621
4.5228	0.00220623
4.524	0.00220625
4.5252	0.00220628
4.5264	0.0022063
4.5276	0.00220632
4.5288	0.00220634
4.53	0.00220636
4.5312	0.00220639
4.5324	0.00220641
4.5336	0.00220643
4.5348	0.00220645
4.536	0.00220647
4.5372	0.0022065
4.5384	0.00220652
4.5396	0.00220654
4.5408	0.00220656
4.542	0.00220658
4.5432	0.00220661
4.5444	0.00220663
4.5456	0.00220665
4.5468	0.00220667
4.548	0.00220669
4.5492	0.00220671
4.5504	0.00220674
4.5516	0.00220676
4.5528	0.00220678
4.554	0.0022068
4.5552	0.00220682
4.5564	0.00220684
4.5576	0.00220686
4.5588	0.00220689
4.56	0.00220691
4.5612	0.00220693
4.5624	0.00220695
4.5636	0.00220697
4.5648	0.00220699
4.566	0.00220701
4.5672	0.00220704
4.5684	0.00220706
4.5696	0.00220708
4.5708	0.0022071
4.572	0.00220712
4.5732	0.00220714
4.5744	0.00220716
4.5756	0.00220718
4.5768	0.00220721
4.578	0.00220723
4.5792	0.00220725
4.5804	0.00220727
4.5816	0.00220729
4.5828	0.00220731
4.584	0.00220733
4.5852	0.00220735
4.5864	0.00220737
4.5876	0.00220739
4.5888	0.00220742
4.59	0.00220744
4.5912	0.00220746
4.5924	0.00220748
4.5936	0.0022075
4.5948	0.00220752
4.596	0.00220754
4.5972	0.00220756
4.5984	0.00220758
4.5996	0.0022076
4.6008	0.00220762
4.602	0.00220764
4.6032	0.00220767
4.6044	0.00220769
4.6056	0.00220771
4.6068	0.00220773
4.608	0.00220775
4.6092	0.00220777
4.6104	0.00220779
4.6116	0.00220781
4.6128	0.00220783
4.614	0.00220785
4.6152	0.00220787
4.6164	0.00220789
4.6176	0.00220791
4.6188	0.00220793
4.62	0.00220795
4.6212	0.00220797
4.6224	0.00220799
4.6236	0.00220801
4.6248	0.00220803
4.626	0.00220805
4.6272	0.00220807
4.6284	0.00220809
4.6296	0.00220812
4.6308	0.00220814
4.632	0.00220816
4.6332	0.00220818
4.6344	0.0022082
4.6356	0.00220822
4.6368	0.00220824
4.638	0.00220826
4.6392	0.00220828
4.6404	0.0022083
4.6416	0.00220832
4.6428	0.00220834
4.644	0.00220836
4.6452	0.00220838
4.6464	0.0022084
4.6476	0.00220842
4.6488	0.00220844
4.65	0.00220846
4.6512	0.00220848
4.6524	0.0022085
4.6536	0.00220852
4.6548	0.00220854
4.656	0.00220856
4.6572	0.00220857
4.6584	0.00220859
4.6596	0.00220861
4.6608	0.00220863
4.662	0.00220865
4.6632	0.00220867
4.6644	0.00220869
4.6656	0.00220871
4.6668	0.00220873
4.668	0.00220875
4.6692	0.00220877
4.6704	0.00220879
4.6716	0.00220881
4.6728	0.00220883
4.674	0.00220885
4.6752	0.00220887
4.6764	0.00220889
4.6776	0.00220891
4.6788	0.00220893
4.68	0.00220895
4.6812	0.00220897
4.6824	0.00220899
4.6836	0.00220901
4.6848	0.00220902
4.686	0.00220904
4.6872	0.00220906
4.6884	0.00220908
4.6896	0.0022091
4.6908	0.00220912
4.692	0.00220914
4.6932	0.00220916
4.6944	0.00220918
4.6956	0.0022092
4.6968	0.00220922
4.698	0.00220924
4.6992	0.00220925
4.7004	0.00220927
4.7016	0.00220929
4.7028	0.00220931
4.704	0.00220933
4.7052	0.00220935
4.7064	0.00220937
4.7076	0.00220939
4.7088	0.00220941
4.71	0.00220943
4.7112	0.00220944
4.7124	0.00220946
4.7136	0.00220948
4.7148	0.0022095
4.716	0.00220952
4.7172	0.00220954
4.7184	0.00220956
4.7196	0.00220958
4.7208	0.0022096
4.722	0.00220961
4.7232	0.00220963
4.7244	0.00220965
4.7256	0.00220967
4.7268	0.00220969
4.728	0.00220971
4.7292	0.00220973
4.7304	0.00220974
4.7316	0.00220976
4.7328	0.00220978
4.734	0.0022098
4.7352	0.00220982
4.7364	0.00220984
4.7376	0.00220986
4.7388	0.00220987
4.74	0.00220989
4.7412	0.00220991
4.7424	0.00220993
4.7436	0.00220995
4.7448	0.00220997
4.746	0.00220998
4.7472	0.00221
4.7484	0.00221002
4.7496	0.00221004
4.7508	0.00221006
4.752	0.00221008
4.7532	0.00221009
4.7544	0.00221011
4.7556	0.00221013
4.7568	0.00221015
4.758	0.00221017
4.7592	0.00221019
4.7604	0.0022102
4.7616	0.00221022
4.7628	0.00221024
4.764	0.00221026
4.7652	0.00221028
4.7664	0.00221029
4.7676	0.00221031
4.7688	0.00221033
4.77	0.00221035
4.7712	0.00221037
4.7724	0.00221038
4.7736	0.0022104
4.7748	0.00221042
4.776	0.00221044
4.7772	0.00221046
4.7784	0.00221047
4.7796	0.00221049
4.7808	0.00221051
4.782	0.00221053
4.7832	0.00221055
4.7844	0.00221056
4.7856	0.00221058
4.7868	0.0022106
4.788	0.00221062
4.7892	0.00221063
4.7904	0.00221065
4.7916	0.00221067
4.7928	0.00221069
4.794	0.0022107
4.7952	0.00221072
4.7964	0.00221074
4.7976	0.00221076
4.7988	0.00221077
4.8	0.00221079
4.8012	0.00221081
4.8024	0.00221083
4.8036	0.00221085
4.8048	0.00221086
4.806	0.00221088
4.8072	0.0022109
4.8084	0.00221091
4.8096	0.00221093
4.8108	0.00221095
4.812	0.00221097
4.8132	0.00221098
4.8144	0.002211
4.8156	0.00221102
4.8168	0.00221104
4.818	0.00221105
4.8192	0.00221107
4.8204	0.00221109
4.8216	0.00221111
4.8228	0.00221112
4.824	0.00221114
4.8252	0.00221116
4.8264	0.00221117
4.8276	0.00221119
4.8288	0.00221121
4.83	0.00221123
4.8312	0.00221124
4.8324	0.00221126
4.8336	0.00221128
4.8348	0.00221129
4.836	0.00221131
4.8372	0.00221133
4.8384	0.00221135
4.8396	0.00221136
4.8408	0.00221138
4.842	0.0022114
4.8432	0.00221141
4.8444	0.00221143
4.8456	0.00221145
4.8468	0.00221146
4.848	0.00221148
4.8492	0.0022115
4.8504	0.00221151
4.8516	0.00221153
4.8528	0.00221155
4.854	0.00221156
4.8552	0.00221158
4.8564	0.0022116
4.8576	0.00221161
4.8588	0.00221163
4.86	0.00221165
4.8612	0.00221167
4.8624	0.00221168
4.8636	0.0022117
4.8648	0.00221171
4.866	0.00221173
4.8672	0.00221175
4.8684	0.00221176
4.8696	0.00221178
4.8708	0.0022118
4.872	0.00221181
4.8732	0.00221183
4.8744	0.00221185
4.8756	0.00221186
4.8768	0.00221188
4.878	0.0022119
4.8792	0.00221191
4.8804	0.00221193
4.8816	0.00221195
4.8828	0.00221196
4.884	0.00221198
4.8852	0.002212
4.8864	0.00221201
4.8876	0.00221203
4.8888	0.00221204
4.89	0.00221206
4.8912	0.00221208
4.8924	0.00221209
4.8936	0.00221211
4.8948	0.00221213
4.896	0.00221214
4.8972	0.00221216
4.8984	0.00221217
4.8996	0.00221219
4.9008	0.00221221
4.902	0.00221222
4.9032	0.00221224
4.9044	0.00221225
4.9056	0.00221227
4.9068	0.00221229
4.908	0.0022123
4.9092	0.00221232
4.9104	0.00221233
4.9116	0.00221235
4.9128	0.00221237
4.914	0.00221238
4.9152	0.0022124
4.9164	0.00221241
4.9176	0.00221243
4.9188	0.00221245
4.92	0.00221246
4.9212	0.00221248
4.9224	0.00221249
4.9236	0.00221251
4.9248	0.00221253
4.926	0.00221254
4.9272	0.00221256
4.9284	0.00221257
4.9296	0.00221259
4.9308	0.0022126
4.932	0.00221262
4.9332	0.00221264
4.9344	0.00221265
4.9356	0.00221267
4.9368	0.00221268
4.938	0.0022127
4.9392	0.00221271
4.9404	0.00221273
4.9416	0.00221275
4.9428	0.00221276
4.944	0.00221278
4.9452	0.00221279
4.9464	0.00221281
4.9476	0.00221282
4.9488	0.00221284
4.95	0.00221285
4.9512	0.00221287
4.9524	0.00221289
4.9536	0.0022129
4.9548	0.00221292
4.956	0.00221293
4.9572	0.00221295
4.9584	0.00221296
4.9596	0.00221298
4.9608	0.00221299
4.962	0.00221301
4.9632	0.00221302
4.9644	0.00221304
4.9656	0.00221305
4.9668	0.00221307
4.968	0.00221309
4.9692	0.0022131
4.9704	0.00221312
4.9716	0.00221313
4.9728	0.00221315
4.974	0.00221316
4.9752	0.00221318
4.9764	0.00221319
4.9776	0.00221321
4.9788	0.00221322
4.98	0.00221324
4.9812	0.00221325
4.9824	0.00221327
4.9836	0.00221328
4.9848	0.0022133
4.986	0.00221331
4.9872	0.00221333
4.9884	0.00221334
4.9896	0.00221336
4.9908	0.00221337
4.992	0.00221339
4.9932	0.0022134
4.9944	0.00221342
4.9956	0.00221343
4.9968	0.00221345
4.998	0.00221346
4.9992	0.00221348
5.0004	0.00221349
5.0016	0.00221351
5.0028	0.00221352
5.004	0.00221354
5.0052	0.00221355
5.0064	0.00221357
5.0076	0.00221358
5.0088	0.0022136
5.01	0.00221361
5.0112	0.00221362
5.0124	0.00221364
5.0136	0.00221365
5.0148	0.00221367
5.016	0.00221368
5.0172	0.0022137
5.0184	0.00221371
5.0196	0.00221373
5.0208	0.00221374
5.022	0.00221376
5.0232	0.00221377
5.0244	0.00221379
5.0256	0.0022138
5.0268	0.00221381
5.028	0.00221383
5.0292	0.00221384
5.0304	0.00221386
5.0316	0.00221387
5.0328	0.00221389
5.034	0.0022139
5.0352	0.00221392
5.0364	0.00221393
5.0376	0.00221394
5.0388	0.00221396
5.04	0.00221397
5.0412	0.00221399
5.0424	0.002214
5.0436	0.00221402
5.0448	0.00221403
5.046	0.00221405
5.0472	0.00221406
5.0484	0.00221407
5.0496	0.00221409
5.0508	0.0022141
5.052	0.00221412
5.0532	0.00221413
5.0544	0.00221414
5.0556	0.00221416
5.0568	0.00221417
5.058	0.00221419
5.0592	0.0022142
5.0604	0.00221422
5.0616	0.00221423
5.0628	0.00221424
5.064	0.00221426
5.0652	0.00221427
5.0664	0.00221429
5.0676	0.0022143
5.0688	0.00221431
5.07	0.00221433
5.0712	0.00221434
5.0724	0.00221436
5.0736	0.00221437
5.0748	0.00221438
5.076	0.0022144
5.0772	0.00221441
5.0784	0.00221443
5.0796	0.00221444
5.0808	0.00221445
5.082	0.00221447
5.0832	0.00221448
5.0844	0.0022145
5.0856	0.00221451
5.0868	0.00221452
5.088	0.00221454
5.0892	0.00221455
5.0904	0.00221456
5.0916	0.00221458
5.0928	0.00221459
5.094	0.00221461
5.0952	0.00221462
5.0964	0.00221463
5.0976	0.00221465
5.0988	0.00221466
5.1	0.00221467
5.1012	0.00221469
5.1024	0.0022147
5.1036	0.00221472
5.1048	0.00221473
5.106	0.00221474
5.1072	0.00221476
5.1084	0.00221477
5.1096	0.00221478
5.1108	0.0022148
5.112	0.00221481
5.1132	0.00221482
5.1144	0.00221484
5.1156	0.00221485
5.1168	0.00221486
5.118	0.00221488
5.1192	0.00221489
5.1204	0.0022149
5.1216	0.00221492
5.1228	0.00221493
5.124	0.00221494
5.1252	0.00221496
5.1264	0.00221497
5.1276	0.00221498
5.1288	0.002215
5.13	0.00221501
5.1312	0.00221502
5.1324	0.00221504
5.1336	0.00221505
5.1348	0.00221506
5.136	0.00221508
5.1372	0.00221509
5.1384	0.0022151
5.1396	0.00221512
5.1408	0.00221513
5.142	0.00221514
5.1432	0.00221516
5.1444	0.00221517
5.1456	0.00221518
5.1468	0.0022152
5.148	0.00221521
5.1492	0.00221522
5.1504	0.00221524
5.1516	0.00221525
5.1528	0.00221526
5.154	0.00221528
5.1552	0.00221529
5.1564	0.0022153
5.1576	0.00221531
5.1588	0.00221533
5.16	0.00221534
5.1612	0.00221535
5.1624	0.00221537
5.1636	0.00221538
5.1648	0.00221539
5.166	0.00221541
5.1672	0.00221542
5.1684	0.00221543
5.1696	0.00221544
5.1708	0.00221546
5.172	0.00221547
5.1732	0.00221548
5.1744	0.0022155
5.1756	0.00221551
5.1768	0.00221552
5.178	0.00221553
5.1792	0.00221555
5.1804	0.00221556
5.1816	0.00221557
5.1828	0.00221559
5.184	0.0022156
5.1852	0.00221561
5.1864	0.00221562
5.1876	0.00221564
5.1888	0.00221565
5.19	0.00221566
5.1912	0.00221567
5.1924	0.00221569
5.1936	0.0022157
5.1948	0.00221571
5.196	0.00221572
5.1972	0.00221574
5.1984	0.00221575
5.1996	0.00221576
5.2008	0.00221578
5.202	0.00221579
5.2032	0.0022158
5.2044	0.00221581
5.2056	0.00221583
5.2068	0.00221584
5.208	0.00221585
5.2092	0.00221586
5.2104	0.00221588
5.2116	0.00221589
5.2128	0.0022159
5.214	0.00221591
5.2152	0.00221593
5.2164	0.00221594
5.2176	0.00221595
5.2188	0.00221596
5.22	0.00221597
5.2212	0.00221599
5.2224	0.002216
5.2236	0.00221601
5.2248	0.00221602
5.226	0.00221604
5.2272	0.00221605
5.2284	0.00221606
5.2296	0.00221607
5.2308	0.00221609
5.232	0.0022161
5.2332	0.00221611
5.2344	0.00221612
5.2356	0.00221613
5.2368	0.00221615
5.238	0.00221616
5.2392	0.00221617
5.2404	0.00221618
5.2416	0.0022162
5.2428	0.00221621
5.244	0.00221622
5.2452	0.00221623
5.2464	0.00221624
5.2476	0.00221626
5.2488	0.00221627
5.25	0.00221628
5.2512	0.00221629
5.2524	0.0022163
5.2536	0.00221632
5.2548	0.00221633
5.256	0.00221634
5.2572	0.00221635
5.2584	0.00221636
5.2596	0.00221638
5.2608	0.00221639
5.262	0.0022164
5.2632	0.00221641
5.2644	0.00221642
5.2656	0.00221644
5.2668	0.00221645
5.268	0.00221646
5.2692	0.00221647
5.2704	0.00221648
5.2716	0.0022165
5.2728	0.00221651
5.274	0.00221652
5.2752	0.00221653
5.2764	0.00221654
5.2776	0.00221655
5.2788	0.00221657
5.28	0.00221658
5.2812	0.00221659
5.2824	0.0022166
5.2836	0.00221661
5.2848	0.00221662
5.286	0.00221664
5.2872	0.00221665
5.2884	0.00221666
5.2896	0.00221667
5.2908	0.00221668
5.292	0.00221669
5.2932	0.00221671
5.2944	0.00221672
5.2956	0.00221673
5.2968	0.00221674
5.298	0.00221675
5.2992	0.00221676
5.3004	0.00221678
5.3016	0.00221679
5.3028	0.0022168
5.304	0.00221681
5.3052	0.00221682
5.3064	0.00221683
5.3076	0.00221685
5.3088	0.00221686
5.31	0.00221687
5.3112	0.00221688
5.3124	0.00221689
5.3136	0.0022169
5.3148	0.00221691
5.316	0.00221693
5.3172	0.00221694
5.3184	0.00221695
5.3196	0.00221696
5.3208	0.00221697
5.322	0.00221698
5.3232	0.00221699
5.3244	0.00221701
5.3256	0.00221702
5.3268	0.00221703
5.328	0.00221704
5.3292	0.00221705
5.3304	0.00221706
5.3316	0.00221707
5.3328	0.00221708
5.334	0.0022171
5.3352	0.00221711
5.3364	0.00221712
5.3376	0.00221713
5.3388	0.00221714
5.34	0.00221715
5.3412	0.00221716
5.3424	0.00221717
5.3436	0.00221719
5.3448	0.0022172
5.346	0.00221721
5.3472	0.00221722
5.3484	0.00221723
5.3496	0.00221724
5.3508	0.00221725
5.352	0.00221726
5.3532	0.00221727
5.3544	0.00221729
5.3556	0.0022173
5.3568	0.00221731
5.358	0.00221732
5.3592	0.00221733
5.3604	0.00221734
5.3616	0.00221735
5.3628	0.00221736
5.364	0.00221737
5.3652	0.00221738
5.3664	0.0022174
5.3676	0.00221741
5.3688	0.00221742
5.37	0.00221743
5.3712	0.00221744
5.3724	0.00221745
5.3736	0.00221746
5.3748	0.00221747
5.376	0.00221748
5.3772	0.00221749
5.3784	0.0022175
5.3796	0.00221751
5.3808	0.00221753
5.382	0.00221754
5.3832	0.00221755
5.3844	0.00221756
5.3856	0.00221757
5.3868	0.00221758
5.388	0.00221759
5.3892	0.0022176
5.3904	0.00221761
5.3916	0.00221762
5.3928	0.00221763
5.394	0.00221764
5.3952	0.00221765
5.3964	0.00221767
5.3976	0.00221768
5.3988	0.00221769
5.4	0.0022177
5.4012	0.00221771
5.4024	0.00221772
5.4036	0.00221773
5.4048	0.00221774
5.406	0.00221775
5.4072	0.00221776
5.4084	0.00221777
5.4096	0.00221778
5.4108	0.00221779
5.412	0.0022178
5.4132	0.00221781
5.4144	0.00221782
5.4156	0.00221783
5.4168	0.00221785
5.418	0.00221786
5.4192	0.00221787
5.4204	0.00221788
5.4216	0.00221789
5.4228	0.0022179
5.424	0.00221791
5.4252	0.00221792
5.4264	0.00221793
5.4276	0.00221794
5.4288	0.00221795
5.43	0.00221796
5.4312	0.00221797
5.4324	0.00221798
5.4336	0.00221799
5.4348	0.002218
5.436	0.00221801
5.4372	0.00221802
5.4384	0.00221803
5.4396	0.00221804
5.4408	0.00221805
5.442	0.00221806
5.4432	0.00221807
5.4444	0.00221808
5.4456	0.00221809
5.4468	0.0022181
5.448	0.00221811
5.4492	0.00221812
5.4504	0.00221814
5.4516	0.00221815
5.4528	0.00221816
5.454	0.00221817
5.4552	0.00221818
5.4564	0.00221819
5.4576	0.0022182
5.4588	0.00221821
5.46	0.00221822
5.4612	0.00221823
5.4624	0.00221824
5.4636	0.00221825
5.4648	0.00221826
5.466	0.00221827
5.4672	0.00221828
5.4684	0.00221829
5.4696	0.0022183
5.4708	0.00221831
5.472	0.00221832
5.4732	0.00221833
5.4744	0.00221834
5.4756	0.00221835
5.4768	0.00221836
5.478	0.00221837
5.4792	0.00221838
5.4804	0.00221839
5.4816	0.0022184
5.4828	0.00221841
5.484	0.00221842
5.4852	0.00221843
5.4864	0.00221844
5.4876	0.00221845
5.4888	0.00221846
5.49	0.00221847
5.4912	0.00221848
5.4924	0.00221849
5.4936	0.0022185
5.4948	0.00221851
5.496	0.00221852
5.4972	0.00221853
5.4984	0.00221854
5.4996	0.00221855
5.5008	0.00221855
5.502	0.00221856
5.5032	0.00221857
5.5044	0.00221858
5.5056	0.00221859
5.5068	0.0022186
5.508	0.00221861
5.5092	0.00221862
5.5104	0.00221863
5.5116	0.00221864
5.5128	0.00221865
5.514	0.00221866
5.5152	0.00221867
5.5164	0.00221868
5.5176	0.00221869
5.5188	0.0022187
5.52	0.00221871
5.5212	0.00221872
5.5224	0.00221873
5.5236	0.00221874
5.5248	0.00221875
5.526	0.00221876
5.5272	0.00221877
5.5284	0.00221878
5.5296	0.00221879
5.5308	0.0022188
5.532	0.00221881
5.5332	0.00221882
5.5344	0.00221883
5.5356	0.00221883
5.5368	0.00221884
5.538	0.00221885
5.5392	0.00221886
5.5404	0.00221887
5.5416	0.00221888
5.5428	0.00221889
5.544	0.0022189
5.5452	0.00221891
5.5464	0.00221892
5.5476	0.00221893
5.5488	0.00221894
5.55	0.00221895
5.5512	0.00221896
5.5524	0.00221897
5.5536	0.00221898
5.5548	0.00221899
5.556	0.00221899
5.5572	0.002219
5.5584	0.00221901
5.5596	0.00221902
5.5608	0.00221903
5.562	0.00221904
5.5632	0.00221905
5.5644	0.00221906
5.5656	0.00221907
5.5668	0.00221908
5.568	0.00221909
5.5692	0.0022191
5.5704	0.00221911
5.5716	0.00221912
5.5728	0.00221912
5.574	0.00221913
5.5752	0.00221914
5.5764	0.00221915
5.5776	0.00221916
5.5788	0.00221917
5.58	0.00221918
5.5812	0.00221919
5.5824	0.0022192
5.5836	0.00221921
5.5848	0.00221922
5.586	0.00221923
5.5872	0.00221923
5.5884	0.00221924
5.5896	0.00221925
5.5908	0.00221926
5.592	0.00221927
5.5932	0.00221928
5.5944	0.00221929
5.5956	0.0022193
5.5968	0.00221931
5.598	0.00221932
5.5992	0.00221933
5.6004	0.00221933
5.6016	0.00221934
5.6028	0.00221935
5.604	0.00221936
5.6052	0.00221937
5.6064	0.00221938
5.6076	0.00221939
5.6088	0.0022194
5.61	0.00221941
5.6112	0.00221941
5.6124	0.00221942
5.6136	0.00221943
5.6148	0.00221944
5.616	0.00221945
5.6172	0.00221946
5.6184	0.00221947
5.6196	0.00221948
5.6208	0.00221949
5.622	0.00221949
5.6232	0.0022195
5.6244	0.00221951
5.6256	0.00221952
5.6268	0.00221953
5.628	0.00221954
5.6292	0.00221955
5.6304	0.00221956
5.6316	0.00221957
5.6328	0.00221957
5.634	0.00221958
5.6352	0.00221959
5.6364	0.0022196
5.6376	0.00221961
5.6388	0.00221962
5.64	0.00221963
5.6412	0.00221964
5.6424	0.00221964
5.6436	0.00221965
5.6448	0.00221966
5.646	0.00221967
5.6472	0.00221968
5.6484	0.00221969
5.6496	0.0022197
5.6508	0.0022197
5.652	0.00221971
5.6532	0.00221972
5.6544	0.00221973
5.6556	0.00221974
5.6568	0.00221975
5.658	0.00221976
5.6592	0.00221976
5.6604	0.00221977
5.6616	0.00221978
5.6628	0.00221979
5.664	0.0022198
5.6652	0.00221981
5.6664	0.00221982
5.6676	0.00221982
5.6688	0.00221983
5.67	0.00221984
5.6712	0.00221985
5.6724	0.00221986
5.6736	0.00221987
5.6748	0.00221988
5.676	0.00221988
5.6772	0.00221989
5.6784	0.0022199
5.6796	0.00221991
5.6808	0.00221992
5.682	0.00221993
5.6832	0.00221993
5.6844	0.00221994
5.6856	0.00221995
5.6868	0.00221996
5.688	0.00221997
5.6892	0.00221998
5.6904	0.00221999
5.6916	0.00221999
5.6928	0.00222
5.694	0.00222001
5.6952	0.00222002
5.6964	0.00222003
5.6976	0.00222004
5.6988	0.00222004
5.7	0.00222005
5.7012	0.00222006
5.7024	0.00222007
5.7036	0.00222008
5.7048	0.00222008
5.706	0.00222009
5.7072	0.0022201
5.7084	0.00222011
5.7096	0.00222012
5.7108	0.00222013
5.712	0.00222013
5.7132	0.00222014
5.7144	0.00222015
5.7156	0.00222016
5.7168	0.00222017
5.718	0.00222018
5.7192	0.00222018
5.7204	0.00222019
5.7216	0.0022202
5.7228	0.00222021
5.724	0.00222022
5.7252	0.00222022
5.7264	0.00222023
5.7276	0.00222024
5.7288	0.00222025
5.73	0.00222026
5.7312	0.00222026
5.7324	0.00222027
5.7336	0.00222028
5.7348	0.00222029
5.736	0.0022203
5.7372	0.0022203
5.7384	0.00222031
5.7396	0.00222032
5.7408	0.00222033
5.742	0.00222034
5.7432	0.00222034
5.7444	0.00222035
5.7456	0.00222036
5.7468	0.00222037
5.748	0.00222038
5.7492	0.00222038
5.7504	0.00222039
5.7516	0.0022204
5.7528	0.00222041
5.754	0.00222042
5.7552	0.00222042
5.7564	0.00222043
5.7576	0.00222044
5.7588	0.00222045
5.76	0.00222046
5.7612	0.00222046
5.7624	0.00222047
5.7636	0.00222048
5.7648	0.00222049
5.766	0.0022205
5.7672	0.0022205
5.7684	0.00222051
5.7696	0.00222052
5.7708	0.00222053
5.772	0.00222053
5.7732	0.00222054
5.7744	0.00222055
5.7756	0.00222056
5.7768	0.00222057
5.778	0.00222057
5.7792	0.00222058
5.7804	0.00222059
5.7816	0.0022206
5.7828	0.0022206
5.784	0.00222061
5.7852	0.00222062
5.7864	0.00222063
5.7876	0.00222064
5.7888	0.00222064
5.79	0.00222065
5.7912	0.00222066
5.7924	0.00222067
5.7936	0.00222067
5.7948	0.00222068
5.796	0.00222069
5.7972	0.0022207
5.7984	0.0022207
5.7996	0.00222071
5.8008	0.00222072
5.802	0.00222073
5.8032	0.00222073
5.8044	0.00222074
5.8056	0.00222075
5.8068	0.00222076
5.808	0.00222077
5.8092	0.00222077
5.8104	0.00222078
5.8116	0.00222079
5.8128	0.0022208
5.814	0.0022208
5.8152	0.00222081
5.8164	0.00222082
5.8176	0.00222083
5.8188	0.00222083
5.82	0.00222084
5.8212	0.00222085
5.8224	0.00222086
5.8236	0.00222086
5.8248	0.00222087
5.826	0.00222088
5.8272	0.00222089
5.8284	0.00222089
5.8296	0.0022209
5.8308	0.00222091
5.832	0.00222092
5.8332	0.00222092
5.8344	0.00222093
5.8356	0.00222094
5.8368	0.00222094
5.838	0.00222095
5.8392	0.00222096
5.8404	0.00222097
5.8416	0.00222097
5.8428	0.00222098
5.844	0.00222099
5.8452	0.002221
5.8464	0.002221
5.8476	0.00222101
5.8488	0.00222102
5.85	0.00222103
5.8512	0.00222103
5.8524	0.00222104
5.8536	0.00222105
5.8548	0.00222105
5.856	0.00222106
5.8572	0.00222107
5.8584	0.00222108
5.8596	0.00222108
5.8608	0.00222109
5.862	0.0022211
5.8632	0.00222111
5.8644	0.00222111
5.8656	0.00222112
5.8668	0.00222113
5.868	0.00222113
5.8692	0.00222114
5.8704	0.00222115
5.8716	0.00222116
5.8728	0.00222116
5.874	0.00222117
5.8752	0.00222118
5.8764	0.00222118
5.8776	0.00222119
5.8788	0.0022212
5.88	0.00222121
5.8812	0.00222121
5.8824	0.00222122
5.8836	0.00222123
5.8848	0.00222123
5.886	0.00222124
5.8872	0.00222125
5.8884	0.00222126
5.8896	0.00222126
5.8908	0.00222127
5.892	0.00222128
5.8932	0.00222128
5.8944	0.00222129
5.8956	0.0022213
5.8968	0.00222131
5.898	0.00222131
5.8992	0.00222132
5.9004	0.00222133
5.9016	0.00222133
5.9028	0.00222134
5.904	0.00222135
5.9052	0.00222135
5.9064	0.00222136
5.9076	0.00222137
5.9088	0.00222138
5.91	0.00222138
5.9112	0.00222139
5.9124	0.0022214
5.9136	0.0022214
5.9148	0.00222141
5.916	0.00222142
5.9172	0.00222142
5.9184	0.00222143
5.9196	0.00222144
5.9208	0.00222144
5.922	0.00222145
5.9232	0.00222146
5.9244	0.00222147
5.9256	0.00222147
5.9268	0.00222148
5.928	0.00222149
5.9292	0.00222149
5.9304	0.0022215
5.9316	0.00222151
5.9328	0.00222151
5.934	0.00222152
5.9352	0.00222153
5.9364	0.00222153
5.9376	0.00222154
5.9388	0.00222155
5.94	0.00222155
5.9412	0.00222156
5.9424	0.00222157
5.9436	0.00222157
5.9448	0.00222158
5.946	0.00222159
5.9472	0.00222159
5.9484	0.0022216
5.9496	0.00222161
5.9508	0.00222162
5.952	0.00222162
5.9532	0.00222163
5.9544	0.00222164
5.9556	0.00222164
5.9568	0.00222165
5.958	0.00222166
5.9592	0.00222166
5.9604	0.00222167
5.9616	0.00222168
5.9628	0.00222168
5.964	0.00222169
5.9652	0.0022217
5.9664	0.0022217
5.9676	0.00222171
5.9688	0.00222172
5.97	0.00222172
5.9712	0.00222173
5.9724	0.00222174
5.9736	0.00222174
5.9748	0.00222175
5.976	0.00222175
5.9772	0.00222176
5.9784	0.00222177
5.9796	0.00222177
5.9808	0.00222178
5.982	0.00222179
5.9832	0.00222179
5.9844	0.0022218
5.9856	0.00222181
5.9868	0.00222181
5.988	0.00222182
5.9892	0.00222183
5.9904	0.00222183
5.9916	0.00222184
5.9928	0.00222185
5.994	0.00222185
5.9952	0.00222186
5.9964	0.00222187
5.9976	0.00222187
5.9988	0.00222188
6	0.00222189
