1.77034980863 -2 1.13763286369 -2.14781306813 0.141565947485 0.398009367276
1.8432278434 -2 1.14159515545 -2.16193115055 0.116162437019 0.415074256427
2.31646863451 -2 1.26773436584 -2.06405856925 0.153921408586 0.466488422864
2.33512630927 -2 1.27605227087 -2.05549058033 0.160803324768 0.466190915738
2.45692219066 -2 1.33605406461 -1.99444019167 0.21248354275 0.459642072452
2.48579163325 -2 1.35168410779 -1.97889671413 0.226242625187 0.456909289435
2.62338254656 -2 1.43318942553 -1.90110803091 0.297990663784 0.437626957161
2.66057751736 -2 1.45712926003 -1.87939171216 0.318802270524 0.430637942013
2.67432180343 -2 1.46617217775 -1.87132788029 0.326612838122 0.427864582293
2.68771619993 -2 1.4750854285 -1.86345488845 0.334281512401 0.42506295132
2.69564571163 -2 1.48040845686 -1.858788821 0.33884649515 0.423358441419
2.6958551585 -2 1.48054952208 -1.85866552967 0.338967317432 0.423312956415
2.77642195416 -2 1.5365474601 -1.81121252332 0.386247078679 0.404056348106
2.79288973227 -2 1.54840859101 -1.80154326751 0.396073946373 0.399690190656
2.80088896053 -2 1.55421954233 -1.79685486238 0.400862846256 0.397516956057
2.82161402402 -2 1.56942338175 -1.78473946869 0.413311766609 0.391727521818
2.83820738572 -2 1.58174850448 -1.77507858057 0.423316141609 0.386927546294
2.84523511219 -2 1.58700881043 -1.77099906205 0.427561720353 0.384850616024
2.84993723142 -2 1.59054165525 -1.76827389907 0.430404848783 0.383446388414
2.86424727594 -2 1.60135818185 -1.76000341537 0.439068246727 0.379101041267
2.87842567569 -2 1.61217065574 -1.75184608906 0.447665362375 0.374689303292
2.91838323924 -2 1.64314262097 -1.72908654546 0.471936259373 0.361689842661
2.99775736577 -2 1.70676301912 -1.68513481117 0.520092665486 0.33341861573
3.02880159727 -2 1.73236508826 -1.66850004402 0.538811155078 0.321489454
3.03939363638 -2 1.74118874275 -1.66290573753 0.545173270459 0.317308736023
3.04759783229 -2 1.7480535401 -1.65860241742 0.550091231215 0.314032085122
3.05192664923 -2 1.7516862153 -1.65634254992 0.552682420621 0.312289733768
3.06671367828 -2 1.76414973045 -1.64868011705 0.561513226241 0.306267983528
3.08083304238 -2 1.77612807894 -1.64144854425 0.569913314999 0.300417567548
3.10046009441 -2 1.79290232237 -1.63153930849 0.581532857451 0.292122935933
3.1095014817 -2 1.80067694006 -1.62703243788 0.58686128328 0.288238897635
3.11363412366 -2 1.80424038122 -1.6249848948 0.589291424641 0.286450403123
3.14177250774 -2 1.82866389191 -1.61125747277 0.605742101892 0.274054497805
3.18230002403 -2 1.86431716173 -1.5921737217 0.62911086943 0.255539204867
3.30681810541 -2 1.9770540841 -1.53921421269 0.697917391556 0.193928267664
3.3131140677 -2 1.98287078784 -1.53678371153 0.701256519911 0.190629858927
3.33652743523 -2 2.00459131268 -1.52796821142 0.713541457777 0.178213961057
3.33763982571 -2 2.00562671139 -1.52755823179 0.714119818129 0.177618235031
3.35191143561 -2 2.01893748414 -1.52237062093 0.721496193746 0.169928714384
3.35515579443 -2 2.02197030081 -1.52121016481 0.723161592051 0.168168662442
3.3694538057 -2 2.0353657519 -1.51618010942 0.730449448352 0.160359491357
3.37171981058 -2 2.03749309934 -1.51539560272 0.731596640695 0.159114035484
3.40553697876 -2 2.06937830484 -1.50410712514 0.748455454023 0.140275841655
3.40645287465 -2 2.0702453561 -1.50381245562 0.748905095173 0.139759138757
3.44119637405 -2 2.10326420841 -1.49307499466 0.765680668466 0.119910130817
3.44469822014 -2 2.10660563822 -1.49204093679 0.767340519538 0.117882939227
3.45981080518 -2 2.12105282106 -1.48768115309 0.77443701857 0.109079344679
3.47079374606 -2 2.13157885696 -1.48461832961 0.779525385574 0.102625793981
3.47430388468 -2 2.13494757394 -1.48365835337 0.781139220264 0.100553454829
3.48896379661 -2 2.14904028925 -1.47974879775 0.787813540503 0.0918476034973
3.50917349196 -2 2.16852775846 -1.47462571381 0.796837675629 0.0797129999934
3.51126158448 -2 2.17054502521 -1.47411416386 0.797758195821 0.0784505459902
3.51791720477 -2 2.17697949292 -1.4725060159 0.800677273354 0.0744158117503
3.5188040559 -2 2.17783739883 -1.47229431048 0.80106450483 0.0738769556191
3.52359962437 -2 2.18247855014 -1.4711600652 0.803151338187 0.0709581309243
3.52574461775 -2 2.18455561286 -1.47065849759 0.804080867577 0.0696498503846
3.5278124682 -2 2.1865586349 -1.47017834914 0.804974687072 0.0683870283847
3.53076166355 -2 2.18941648148 -1.4694993068 0.806245580785 0.0665832760618
3.54714501159 -2 2.20531555155 -1.46585082919 0.813221840438 0.0565056959359
3.57774043944 -2 2.23510557706 -1.45960523815 0.825862528235 0.0374298293476
3.58974682911 -2 2.2468285049 -1.45735897424 0.830682349001 0.0298545612298
3.59149578805 -2 2.2485376125 -1.45704147792 0.831377730709 0.0287469360431
3.5949991145 -2 2.25196218692 -1.45641295964 0.832765478068 0.0265251102653
3.61776138349 -2 2.27424620831 -1.45257287089 0.84161274923 0.0119878262444
3.70990932552 -2 2.36494034739 -1.44143574314 0.874320742338 -0.0485813726575
3.71842160709 -2 2.37334806907 -1.44077110883 0.877081972169 -0.0543089742836
3.74541780764 -2 2.4000351495 -1.43907856047 0.885538475278 -0.0726140957584
3.75623792631 -2 2.41073929561 -1.43857857804 0.888798171856 -0.0800095011785
3.75742376057 -2 2.41191264642 -1.43853002129 0.889150867429 -0.0808220084981
3.76998693964 -2 2.42434594461 -1.43809152253 0.892831936559 -0.0894540729953
3.77538044454 -2 2.42968485704 -1.43794594469 0.894380999841 -0.0931732728714
3.7958269861 -2 2.44992900874 -1.43762793882 0.900081536714 -0.107344151946
3.79815603879 -2 2.45223533352 -1.4376152728 0.900713523902 -0.108965432194
3.80477539689 -2 2.45879030689 -1.43760566782 0.902490187619 -0.113581036985
3.80605799408 -2 2.46006045532 -1.43760832776 0.902831099683 -0.114476704328
3.8075555481 -2 2.46154348172 -1.43761329261 0.903227771323 -0.115523023316
3.86327547457 -2 2.5167120633 -1.43923027334 0.916921956843 -0.15485632305
3.86460737381 -2 2.51803013063 -1.43930325748 0.917223647098 -0.155805816528
3.8703872649 -2 2.52374941426 -1.43963865855 0.918518833331 -0.159931073148
3.89462669181 -2 2.54772232477 -1.44137680624 0.923700993207 -0.177315609019
3.89912847905 -2 2.55217202193 -1.44175874086 0.924618819763 -0.180558960442
3.91619468167 -2 2.56903187723 -1.44337544302 0.927970477897 -0.192894991396
3.93013256905 -2 2.58278945726 -1.44489447446 0.930556931162 -0.203016277309
3.95334292859 -2 2.60567188164 -1.44782196142 0.934560821667 -0.219960433077
3.9651561036 -2 2.61730306709 -1.4495034561 0.936452169677 -0.228625836311
3.97441749826 -2 2.62641389889 -1.45091231073 0.937865469908 -0.235438361389
3.98352280311 -2 2.63536397291 -1.45237516108 0.939195183011 -0.242151939169
3.98897609924 -2 2.64072070997 -1.45328823464 0.939963111617 -0.246180192768
3.99224726142 -2 2.64393261566 -1.45384923705 0.940413503561 -0.248599164407
4.00234540239 -2 2.6538412869 -1.4556440103 0.941755276999 -0.256078794222
4.00642707744 -2 2.65784348287 -1.45639646659 0.942276748397 -0.259107229301
4.01308960822 -2 2.66437256595 -1.45765813773 0.943102070232 -0.264056830767
4.0136194529 -2 2.66489159654 -1.45776025422 0.943166325486 -0.264450784005
4.03560800673 -2 2.68640389407 -1.46222973879 0.945653143883 -0.280841792491
4.03793743932 -2 2.68867960471 -1.4627297558 0.945895973371 -0.282582925351
4.04593874218 -2 2.69649137301 -1.46448600273 0.946699874518 -0.288570147739
4.04715688756 -2 2.69767997126 -1.46475864688 0.94681815709 -0.289482557117
4.05980842471 -2 2.71001348494 -1.46767265565 0.947982338282 -0.298972439874
4.06048175063 -2 2.71066930366 -1.46783195435 0.948041005365 -0.299478189994
4.06481103895 -2 2.71488458772 -1.46886637237 0.948410258667 -0.302731652718
4.06534562495 -2 2.71540492238 -1.46899532526 0.948454898536 -0.303133589945
4.06814035323 -2 2.71812451823 -1.46967384242 0.94868484514 -0.305235546513
4.07939760334 -2 2.72906823747 -1.47248129445 0.949552801142 -0.313713923819
4.09872665573 -2 2.74781647401 -1.47757991947 0.950824682678 -0.328313558854
4.12292046525 -2 2.77120251412 -1.48445768115 0.95202589732 -0.346658094447
4.14293868056 -2 2.79047948925 -1.49056559965 0.952689762707 -0.361891509074
4.14785201134 -2 2.79520026643 -1.49212251322 0.952806866982 -0.365637591331
4.15898725633 -2 2.80588305447 -1.4957352885 0.953005236597 -0.37413739613
4.1651354135 -2 2.81177163208 -1.49778015087 0.953074852176 -0.378836160852
4.17213240669 -2 2.81846455953 -1.50015071963 0.953119482493 -0.384188438083
4.17382950899 -2 2.82008650485 -1.50073265458 0.953124752694 -0.385487369552
4.1810533603 -2 2.82698420993 -1.5032401034 0.953122902518 -0.39101957463
4.18735627123 -2 2.83299419076 -1.5054680987 0.953089134903 -0.395850633617
4.18993663854 -2 2.83545235345 -1.50639103437 0.953066658565 -0.39782951775
4.20217433625 -2 2.84709209681 -1.51085367269 0.952891539244 -0.407222878595
4.2032098471 -2 2.84807559817 -1.51123776547 0.95287152347 -0.408018321489
4.21428494153 -2 2.85858036137 -1.51540897067 0.952606666545 -0.416531515433
4.22527235766 -2 2.86897603022 -1.51966137826 0.952252028982 -0.424987173941
4.23713353144 -2 2.88016859716 -1.52437958853 0.951766320667 -0.434125563568
4.2371439948 -2 2.8801784568 -1.52438380919 0.951765845004 -0.434133629524
4.25376030421 -2 2.89580439502 -1.5312164046 0.950905391384 -0.446952141315
4.26152573381 -2 2.90308490325 -1.53449857107 0.950431194188 -0.452948794875
4.26941768024 -2 2.91046926446 -1.53789227481 0.949902181682 -0.459046801343
4.26984015933 -2 2.91086414638 -1.53807559963 0.94987252279 -0.459373344971
4.27577006229 -2 2.91640209532 -1.54066642673 0.949441863184 -0.463957724593
4.27627394858 -2 2.91687227786 -1.5408881009 0.949404031585 -0.464347363024
4.29215628116 -2 2.93165982541 -1.54799728318 0.948112242448 -0.476635114097
4.29252480971 -2 2.93200219528 -1.54816505028 0.948079980977 -0.476920376172
4.29982907088 -2 2.93878080259 -1.55151646163 0.947419140599 -0.48257550544
4.31522130383 -2 2.95301982159 -1.55874240573 0.945892993923 -0.494499467757
4.31926538597 -2 2.95675049107 -1.56067767317 0.94546195499 -0.497633706771
4.32287187686 -2 2.9600737679 -1.56241642562 0.945066998248 -0.500429243114
4.32542900103 -2 2.96242794793 -1.56365662074 0.944780928252 -0.502411610837
4.32845814788 -2 2.96521438229 -1.56513364472 0.944435574893 -0.504760149146
4.33143200954 -2 2.9679475144 -1.56659204251 0.944089690239 -0.507066068185
4.37044857715 -2 3.00357476445 -1.58648897451 0.938924222414 -0.53733584744
4.372560093 -2 3.00549027806 -1.58760612341 0.938611400457 -0.538974569136
4.37883228432 -2 3.01117241809 -1.59094895651 0.937662019653 -0.54384248453
4.38290225652 -2 3.01485319545 -1.59313759302 0.93702984212 -0.547001307195
4.38487781601 -2 3.0166380355 -1.59420548369 0.936718406489 -0.548534604787
4.39130363436 -2 3.02243529265 -1.5977039415 0.935684722409 -0.553521883017
4.39237409018 -2 3.02339981068 -1.59829044829 0.935509448983 -0.554352689044
4.39338380915 -2 3.02430927976 -1.59884464781 0.935343315463 -0.555136352192
4.39368663008 -2 3.02458197394 -1.59901103932 0.935293338671 -0.555371376841
4.41314584327 -2 3.0420453507 -1.60988079574 0.931934472638 -0.570472641872
4.41324078412 -2 3.04213026157 -1.60993468463 0.93191737348 -0.570546310837
4.4282846582 -2 3.05554828727 -1.61857840608 0.929120677972 -0.582217728877
4.43976336983 -2 3.06573689694 -1.62531347125 0.926870161316 -0.591120121812
4.43986026508 -2 3.06582271691 -1.62537083795 0.926850734617 -0.591195255806
4.44252800522 -2 3.0681843037 -1.62695364635 0.926313051588 -0.593263761527
4.44568288891 -2 3.07097406469 -1.62883389014 0.925670153926 -0.595709731779
4.45029994101 -2 3.07505075589 -1.6316019635 0.924715565832 -0.599288786308
4.45922187577 -2 3.08290807297 -1.63700612164 0.92282471905 -0.606202960219
4.46311322129 -2 3.08632657214 -1.63938591375 0.921980947531 -0.609217736654
4.47058007352 -2 3.09287149045 -1.64399096647 0.920329465757 -0.615000969787
4.47102261252 -2 3.09325878215 -1.64426548735 0.920230249343 -0.615343654976
4.47384897271 -2 3.09573068436 -1.64602296773 0.919593054259 -0.61753208545
4.47977230289 -2 3.10090208594 -1.64972974216 0.918237855834 -0.622117349371
4.4856566048 -2 3.1060271605 -1.6534436186 0.916865051955 -0.626670806007
4.50267712967 -2 3.12078188222 -1.66436259135 0.912745397119 -0.63983195113
4.51181607505 -2 3.12866082869 -1.67033331236 0.910442249534 -0.646891976267
4.53109916846 -2 3.1451837041 -1.68317790283 0.905373954852 -0.661771222054
4.5442577832 -2 3.1563780992 -1.69213414471 0.901753092233 -0.671909726499
4.54982864272 -2 3.16109732823 -1.69597244405 0.900180542722 -0.67619800322
4.55031186996 -2 3.16150611633 -1.69630668881 0.90004302686 -0.676569860456
4.55052813137 -2 3.16168903417 -1.69645634259 0.89998142624 -0.676736273726
4.55464841477 -2 3.1651705648 -1.69931554612 0.898801015595 -0.679906107632
4.57315669334 -2 3.18072718951 -1.71234499262 0.893339963736 -0.694127162477
4.58658367556 -2 3.19192722048 -1.72198696107 0.889216026012 -0.704424435501
4.59923532825 -2 3.20241337242 -1.73121739728 0.885205704052 -0.714110880901
4.61015499787 -2 3.2114108139 -1.73929704668 0.881647432359 -0.722457835455
4.61365989188 -2 3.21428816871 -1.74191247354 0.880486315547 -0.725134211028
4.62550909515 -2 3.22397741042 -1.75083387692 0.876492529178 -0.734172094345
4.63565791097 -2 3.23222862406 -1.75857202557 0.872988136339 -0.741899913937
4.63651373874 -2 3.23292240514 -1.75922864722 0.872689091348 -0.742551013622
4.64800255727 -2 3.24220509881 -1.76810455485 0.868621606296 -0.751282660539
4.65587868465 -2 3.24853547149 -1.77425513964 0.865776187156 -0.757258836826
4.66001595995 -2 3.25184980692 -1.77750735626 0.864262972765 -0.760394797468
4.66478438705 -2 3.25566032446 -1.78127391509 0.862503094819 -0.764006292542
4.66634788083 -2 3.25690752794 -1.78251315079 0.861922372813 -0.765189769835
4.66753301762 -2 3.25785218689 -1.78345389167 0.86148097043 -0.766086627506
4.677983901 -2 3.26615515381 -1.79180155099 0.857543353253 -0.773986865552
4.68246782805 -2 3.26970239266 -1.79541163105 0.855829064554 -0.777371665569
4.6852649798 -2 3.27191059088 -1.79767231995 0.854752109523 -0.779481679581
4.68882723661 -2 3.27471762611 -1.80056099172 0.853372181474 -0.782167175779
4.69224972678 -2 3.27740904964 -1.80334645948 0.852037544814 -0.784745523759
4.69572376417 -2 3.28013550016 -1.80618402247 0.85067394323 -0.787360898696
4.69796585585 -2 3.28189215375 -1.80802076167 0.849789157182 -0.789047846545
4.69921024024 -2 3.28286611151 -1.80904200372 0.849296488582 -0.789983787416
4.70439852351 -2 3.28691914697 -1.8133140067 0.847230053627 -0.793883474752
4.70995898484 -2 3.29124899987 -1.81791763125 0.844993335729 -0.798058215646
4.71508019002 -2 3.29522399462 -1.8221805736 0.84291315559 -0.801898804761
4.71737673187 -2 3.29700252338 -1.82409938324 0.841974054331 -0.803619693172
4.72463768065 -2 3.30260926139 -1.83019510682 0.838979397818 -0.809054912357
4.74061891974 -2 3.31486097266 -1.84376658968 0.832251946589 -0.820986491573
4.74506638394 -2 3.31824865038 -1.84758116649 0.830346494393 -0.824299110811
4.74758805855 -2 3.32016516893 -1.84975127212 0.829259700367 -0.826175785441
4.75138104467 -2 3.32304207218 -1.85302534026 0.827616255405 -0.828996455265
4.75487239004 -2 3.32568397089 -1.85604952685 0.826094235027 -0.831590518744
4.75757192264 -2 3.32772260699 -1.85839473292 0.824911310795 -0.833594748093
4.76894829399 -2 3.33627433071 -1.86834367943 0.819867997013 -0.842026188446
4.7693947062 -2 3.3366085949 -1.8687362421 0.819668179111 -0.842356547083
4.77161136514 -2 3.33826691342 -1.87068792514 0.818673842693 -0.843996383293
4.77550989365 -2 3.34117751789 -1.87413016822 0.816916421319 -0.846878159879
4.77799374177 -2 3.34302796919 -1.87632977248 0.815790983604 -0.848712689497
4.79922951419 -2 3.35872134607 -1.8953399401 0.805987063768 -0.864347607845
4.80797928494 -2 3.36512057609 -1.9032786686 0.801853094911 -0.870763184462
4.81067081713 -2 3.36708112046 -1.90573308466 0.800570387107 -0.872733500428
4.8181252001 -2 3.37249138265 -1.91256104053 0.796990753326 -0.878182471069
4.82204901781 -2 3.37532760154 -1.91617295365 0.795090549769 -0.881045937769
4.83072181197 -2 3.38156787284 -1.9241998292 0.790851555501 -0.887363245276
4.83370479952 -2 3.38370505168 -1.92697445515 0.78938117711 -0.889532268971
4.83574352625 -2 3.38516300451 -1.92887483061 0.788372603408 -0.891013560635
4.84278164209 -2 3.39017922688 -1.93546056884 0.784868100235 -0.89612017539
4.85445356758 -2 3.39843980477 -1.94646823409 0.778978879533 -0.904564218733
4.85708097103 -2 3.40028921131 -1.94896083963 0.77763990653 -0.906460694961
4.86353319223 -2 3.40481504907 -1.95510491264 0.774331073916 -0.911111117752
4.86399945677 -2 3.40514123127 -1.95555016674 0.774090827329 -0.911446798121
4.86604574394 -2 3.40657134514 -1.95750624676 0.773034651849 -0.912919385431
4.86980348937 -2 3.40919163291 -1.96110681675 0.771087450304 -0.915621016606
4.87054211528 -2 3.40970577378 -1.96181583758 0.770703539531 -0.916151655901
4.87110458255 -2 3.41009709481 -1.96235604428 0.770410932583 -0.91655565281
4.88489032755 -2 3.4196339138 -1.97567269745 0.763169968303 -0.926433478396
4.88529190834 -2 3.4199101541 -1.97606281075 0.762957044332 -0.926720525486
4.89694446069 -2 3.42788678137 -1.98743651147 0.756729697848 -0.93503224307
4.89777243435 -2 3.42845068528 -1.98824862632 0.756283614309 -0.935621538973
4.90475650132 -2 3.43319201936 -1.99511972313 0.752501887322 -0.940585406408
4.90477406205 -2 3.43320390647 -1.99513704661 0.752492335883 -0.940597871873
4.90524153632 -2 3.43352028301 -1.99559829138 0.752237993775 -0.940929678952
4.9169373401 -2 3.44139563322 -2.00719217421 0.745825327963 -0.949212838286
4.91827398211 -2 3.44229072815 -2.00852375455 0.745086444025 -0.950157201467
4.92911099962 -2 3.44951025265 -2.01936936843 0.739050391293 -0.957796322463
4.93968670624 -2 3.45649077812 -2.03003825786 0.733082115027 -0.965220884168
4.94744983799 -2 3.46157372424 -2.03792276922 0.728652384282 -0.970651480801
4.95008773073 -2 3.46329292561 -2.04061207039 0.727137814978 -0.972492992758
4.95214355654 -2 3.46462996223 -2.04271152604 0.725954159094 -0.973926820789
4.96015642328 -2 3.46981765357 -2.05092417001 0.721313275665 -0.979504050057
4.96029415244 -2 3.46990649303 -2.05106574569 0.721233124865 -0.979599755891
4.96173281846 -2 3.47083380928 -2.05254542291 0.720395131728 -0.980599140598
4.96855477097 -2 3.47521441083 -2.05958247745 0.716402410069 -0.985330049284
4.97971755713 -2 3.48232296338 -2.07117042007 0.709801338861 -0.993042314174
4.98076777131 -2 3.48298793204 -2.07226528923 0.709175981288 -0.993766028535
4.98493316109 -2 3.48561885896 -2.07661564686 0.706688375006 -0.996633250783
4.98934034515 -2 3.48839119145 -2.08123216756 0.704043698922 -0.999661325588
4.99052439823 -2 3.48913403054 -2.08247484521 0.703330952256 -1.00047387726
4.99075935027 -2 3.4892813321 -2.08272155001 0.703189410172 -1.00063506245
5.01450120593 -2 3.50399387786 -2.10785446352 0.688696916307 -1.01683674468
5.01485128822 -2 3.50420825222 -2.10822805435 0.688480419232 -1.01707435273
5.02677933849 -2 3.51146746529 -2.12100867936 0.681055557212 -1.02514730716
5.03155104457 -2 3.51434687171 -2.12614940254 0.678059077006 -1.0283642697
5.03494625858 -2 3.51638706418 -2.12981686184 0.675917891577 -1.03064882468
5.03611341519 -2 3.51708675759 -2.13107946124 0.675180081775 -1.03143332403
5.04668766614 -2 3.52338716627 -2.14256147942 0.668455067243 -1.03852076094
5.04862711014 -2 3.52453514677 -2.144675809 0.667213705457 -1.03981674491
5.05021291877 -2 3.5254720521 -2.14640654054 0.666196873158 -1.04087550789
5.05314378588 -2 3.52719946614 -2.14960980439 0.664313277663 -1.04283012798
5.05685556249 -2 3.52937937472 -2.15367501723 0.661919810057 -1.0453014863
5.06314030354 -2 3.53305053192 -2.16057968065 0.657846873566 -1.04947556087
5.06387632979 -2 3.53347883692 -2.16139007048 0.657368208751 -1.04996354001
5.06681068638 -2 3.53518296638 -2.16462456025 0.655456414316 -1.05190719192
5.06693710801 -2 3.53525626293 -2.1647640441 0.655373923224 -1.05199086593
5.07008545199 -2 3.53707832569 -2.16824118135 0.653316283734 -1.05407291059
5.07234399995 -2 3.53838154152 -2.17073973509 0.651836252101 -1.05556446251
5.0791647878 -2 3.5422974594 -2.1783062501 0.647346689845 -1.06005843378
5.09235591967 -2 3.54978594959 -2.193028201 0.638579627434 -1.0687043716
5.0965241057 -2 3.55212883771 -2.19770423102 0.635786334501 -1.07142381217
5.10047422034 -2 3.55433875006 -2.20214625201 0.633129008478 -1.0739953654
5.1045882881 -2 3.55662959749 -2.20678360512 0.630350886875 -1.07666781513
5.11729713512 -2 3.56363644757 -2.2211791758 0.621701525682 -1.08488535129
5.11843278395 -2 3.56425741495 -2.22247068707 0.620923687352 -1.0856168457
5.12397572236 -2 3.56727607292 -2.22878639994 0.617115579707 -1.08918047716
5.12577761878 -2 3.56825300947 -2.23084380077 0.615873504303 -1.09033654136
5.12984090492 -2 3.57044812212 -2.23549095253 0.613065183917 -1.09293912912
5.131774238 -2 3.57148872629 -2.23770583014 0.611725359369 -1.09417533407
5.13299705908 -2 3.57214562092 -2.23910796818 0.610876728367 -1.09495651795
5.13426367858 -2 3.57282499629 -2.24056134058 0.609996721636 -1.09576510234
5.13496165677 -2 3.57319891424 -2.24136267029 0.609511362849 -1.09621042517
5.13938296258 -2 3.57555994238 -2.24644590366 0.606429862806 -1.09902712145
5.14098681734 -2 3.57641319747 -2.24829296697 0.605309037012 -1.10004710583
5.14378131188 -2 3.57789577057 -2.25151513922 0.603352352565 -1.10182200329
5.1444603585 -2 3.57825523886 -2.25229886036 0.602876160458 -1.10225285425
5.14450500768 -2 3.57827886407 -2.25235040246 0.602844839545 -1.10228117786
5.1534091117 -2 3.58296357227 -2.26265439527 0.59657415553 -1.10791465392
5.15480188973 -2 3.58369153377 -2.26427067908 0.59558888659 -1.10879314342
5.16833534265 -2 3.59069681911 -2.28003933352 0.585953330022 -1.11729093653
5.17524459928 -2 3.59422531591 -2.28813378117 0.58099103913 -1.12160224641
5.1763087064 -2 3.59476585447 -2.28938305014 0.580224214059 -1.12226459765
5.1783961222 -2 3.59582396035 -2.291835722 0.578717973037 -1.12356262728
5.18246647552 -2 3.59787863968 -2.29662602847 0.575773304885 -1.12608883487
5.1831250394 -2 3.5982100104 -2.29740203485 0.575295931567 -1.12649695483
5.19276904243 -2 3.60302846944 -2.30879627282 0.568275383299 -1.13245393407
5.19422369733 -2 3.60374970339 -2.31051984715 0.567211591578 -1.13334926831
5.19447947222 -2 3.60387636842 -2.31082303959 0.567024411939 -1.13350660995
5.19566939646 -2 3.60446504952 -2.31223408337 0.566153093963 -1.13423825823
5.20295124722 -2 3.60804619675 -2.32088776514 0.560802556771 -1.13870335396
5.21250120912 -2 3.61268697213 -2.33228520902 0.553737636115 -1.1445269524
5.21370786216 -2 3.613268819 -2.33372917614 0.552841125254 -1.14526014994
5.22111848428 -2 3.61681988222 -2.34261623816 0.547316380845 -1.1497500606
5.221347958 -2 3.61692922856 -2.3428919502 0.547144787782 -1.14988873488
5.22203716399 -2 3.6172574194 -2.34372021645 0.546629235512 -1.15030510227
5.22223581514 -2 3.61735195257 -2.34395900131 0.546480585047 -1.15042507648
5.23171445184 -2 3.62183034374 -2.35537962134 0.539360825244 -1.15613076454
5.23335046805 -2 3.62259690695 -2.35735615711 0.538126632013 -1.15711180964
5.23374879973 -2 3.62278326092 -2.35783763404 0.537825898361 -1.15735050293
5.23916205939 -2 3.62530465094 -2.36438998916 0.53372981453 -1.1605877541
5.24279160844 -2 3.62698359207 -2.36879282405 0.530973880921 -1.16275144832
5.24951252306 -2 3.63006779604 -2.37696573876 0.525850510298 -1.16674338656
5.25669570544 -2 3.63332851172 -2.38572945607 0.520345941173 -1.17098876284
5.26116374672 -2 3.63533809134 -2.39119545624 0.516907068591 -1.17361835891
5.26763867453 -2 3.63822485718 -2.39913666275 0.511903311176 -1.17741388452
5.27601439852 -2 3.6419142371 -2.4094440988 0.5053952274 -1.18229677679
5.28154596933 -2 3.64432297747 -2.41627290619 0.501075306889 -1.18550484736
5.28305684807 -2 3.64497703383 -2.41814106243 0.499892372094 -1.18637876419
5.28963891259 -2 3.64780702027 -2.42629429934 0.494723994374 -1.19017423045
5.29312646413 -2 3.64929370656 -2.43062400384 0.491975644055 -1.1921775344
5.30840235321 -2 3.65570060509 -2.44966667865 0.479857653566 -1.20088842899
5.31069481227 -2 3.65664728621 -2.45253529963 0.478027935492 -1.20218664426
5.31973380583 -2 3.66034214791 -2.46387343556 0.47078528945 -1.20728222815
5.32256584987 -2 3.66148735152 -2.4674347697 0.46850684219 -1.20887110078
5.32459495385 -2 3.66230420608 -2.46998900312 0.466871682825 -1.21000724308
5.3331572863 -2 3.66571739439 -2.48079109851 0.459946996562 -1.21478067662
5.33750372734 -2 3.66742907842 -2.4862891576 0.456416638093 -1.21719084137
5.3521825649 -2 3.67310511188 -2.5049294023 0.444418654667 -1.22526546039
5.35246232443 -2 3.67321171584 -2.50528573362 0.444188867302 -1.22541837177
5.35663043366 -2 3.67479300229 -2.51059939136 0.440760346215 -1.22769221285
5.35901573627 -2 3.67569202711 -2.51364422466 0.438794131643 -1.22898978111
5.36370645105 -2 3.67744740348 -2.51964028461 0.434918752041 -1.23153358855
5.36398738435 -2 3.67755200608 -2.51999974804 0.434686280537 -1.23168560869
5.36675115891 -2 3.67857787583 -2.52353819792 0.432397042143 -1.23317915242
5.36678809818 -2 3.67859154783 -2.52358551702 0.432366417989 -1.23319908973
5.36952687377 -2 3.67960233749 -2.52709577895 0.430093858504 -1.23467547845
5.37666771598 -2 3.68221092826 -2.5362656663 0.424150047621 -1.23850797625
5.38044655667 -2 3.68357561832 -2.54112844861 0.420993858319 -1.24052615187
5.38243356616 -2 3.6842888265 -2.54368823699 0.419331266394 -1.24158459049
5.38819942533 -2 3.68634127467 -2.55112710046 0.41449517383 -1.244645101
5.40022656061 -2 3.69054028248 -2.56669584024 0.404352143557 -1.250976862
5.40410731546 -2 3.69187135318 -2.57173416204 0.401063469149 -1.25300474236
5.40844463083 -2 3.6933452288 -2.57737369997 0.397378789559 -1.25526238571
5.40915364263 -2 3.69358477373 -2.5782964301 0.396775551589 -1.255630551
5.41087879897 -2 3.69416600171 -2.58054259316 0.395306695219 -1.2565253219
5.4121820182 -2 3.69460354162 -2.5822403212 0.394196088428 -1.25720026915
5.4169308905 -2 3.69618674788 -2.58843350925 0.390141807892 -1.25965258274
5.42179072656 -2 3.69778876841 -2.59478230912 0.385981005227 -1.26215052015
5.43804356916 -2 3.70301229931 -2.61609382437 0.371980006815 -1.2704179441
5.44859387387 -2 3.70629198836 -2.62999207893 0.362821315166 -1.27571269366
5.45552155671 -2 3.70839772411 -2.63914515952 0.35677769518 -1.27915829909
5.45578658567 -2 3.70847752732 -2.63949574603 0.356546022154 -1.27928962372
5.46151256188 -2 3.71018807204 -2.64707773791 0.351532366841 -1.28211801476
5.46316440684 -2 3.71067669333 -2.64926767812 0.350083059485 -1.28293079133
5.46539495907 -2 3.71133305305 -2.65222672744 0.34812390887 -1.28402606067
5.46714480198 -2 3.71184518655 -2.65454958013 0.346585297151 -1.2848834702
5.46861750846 -2 3.71227431823 -2.65650557168 0.345289224606 -1.28560384516
5.48068513666 -2 3.71572543859 -2.67256841323 0.334629814576 -1.29146385763
5.4834903899 -2 3.71651098442 -2.67631127877 0.332141973808 -1.29281508496
5.48577251104 -2 3.71714537888 -2.6793586119 0.330115321942 -1.29391125654
5.5097455077 -2 3.7235557623 -2.71150056278 0.308678261843 -1.30525817627
5.51122881666 -2 3.72393711533 -2.71349703476 0.307343085405 -1.30595010033
5.51235383903 -2 3.7242251619 -2.71501185854 0.306329739035 -1.30647409823
5.51499850523 -2 3.72489823843 -2.71857485769 0.303945305468 -1.30770319073
5.51592509346 -2 3.72513271177 -2.71982385627 0.303109133235 -1.30813291805
5.52390593602 -2 3.72712329078 -2.73059579685 0.295890809493 -1.31181485276
5.52437798413 -2 3.72723940035 -2.7312337206 0.295462953638 -1.31203154059
5.53130319924 -2 3.72892184063 -2.74060245999 0.289174458824 -1.31519642393
5.53465709884 -2 3.7297225283 -2.74514647412 0.286121144539 -1.31671970262
5.53515132274 -2 3.72983973577 -2.74581643865 0.285670786766 -1.31694364532
5.53644199522 -2 3.73014487887 -2.74756650419 0.284494154404 -1.31752783846
5.55067344148 -2 3.73341860643 -2.76690555718 0.271470883785 -1.32390810695
5.55801038816 -2 3.73504103796 -2.77690548227 0.264721804783 -1.32715327134
5.55869086653 -2 3.73518925438 -2.77783395571 0.264094652586 -1.32745271919
5.55907731481 -2 3.73527325658 -2.77836131818 0.263738398442 -1.32762266173
5.56058535192 -2 3.73559987367 -2.78041977112 0.262347563855 -1.32828502463
5.5630392638 -2 3.73612731842 -2.78377111839 0.260082246359 -1.32936009789
5.57084279918 -2 3.73777134861 -2.79444312923 0.252861070748 -1.33275625909
5.58456925859 -2 3.74053999274 -2.81326829931 0.240095415382 -1.33864612938
5.5869028869 -2 3.74099501303 -2.81647537758 0.237917145867 -1.33963674786
5.58745191302 -2 3.74110140095 -2.81723017425 0.23740433549 -1.33986935352
5.59524373201 -2 3.74258398526 -2.82795357317 0.230112791652 -1.34315180362
5.5953921865 -2 3.742611737 -2.8281580851 0.229973621042 -1.34321400287
5.61790465471 -2 3.74660492807 -2.8592574935 0.208763138301 -1.35249800987
5.62299113254 -2 3.74744771129 -2.86630732551 0.203942028375 -1.35455458012
5.62593916202 -2 3.74792610472 -2.87039710904 0.201143003058 -1.35573955184
5.63781321369 -2 3.74977797367 -2.88689794293 0.189833756031 -1.36046027374
5.63921356924 -2 3.74998843448 -2.88884687814 0.188496302092 -1.3610114843
5.64041951794 -2 3.75016833314 -2.89052573788 0.187343899503 -1.361485235
5.64079159541 -2 3.75022358692 -2.8910438161 0.18698822665 -1.36163122853
5.6444712501 -2 3.75076363403 -2.89616964736 0.183467860226 -1.363070576
5.65660163602 -2 3.75246166936 -2.91309677477 0.171824971943 -1.36775804286
5.6585915176 -2 3.75272813448 -2.91587774496 0.169909592589 -1.36851852139
5.68514721559 -2 3.7559566267 -2.95310104427 0.144203330729 -1.37843707604
5.68977343115 -2 3.75645647048 -2.95960603024 0.139697952704 -1.38012081558
5.69025282913 -2 3.75650720159 -2.96028045479 0.139230622967 -1.38029454103
5.69226676606 -2 3.75671813295 -2.96311437834 0.13726645672 -1.38102280648
5.69454585956 -2 3.75695256894 -2.96632274887 0.135041883306 -1.38184393248
5.69813546706 -2 3.75731261405 -2.97137882578 0.131534277468 -1.38313069766
5.70349851826 -2 3.75782955465 -2.9789392693 0.126284971948 -1.38503828996
5.7048084858 -2 3.75795199643 -2.98078712395 0.125001199145 -1.38550151595
5.70493299322 -2 3.75796355585 -2.98096277896 0.124879149089 -1.38554548819
5.71124916662 -2 3.75853212615 -2.98987894355 0.118680295687 -1.38776347821
5.71640802895 -2 3.75897053613 -2.9971690423 0.113606636377 -1.3895565532
5.73036931409 -2 3.76003949725 -3.01693164303 0.0998286476364 -1.39432516899
5.73224415705 -2 3.76016994751 -3.0195891976 0.0979732156356 -1.3949561636
5.73894777195 -2 3.76061094501 -3.02909837316 0.0913290429142 -1.39719407606
5.74380179099 -2 3.76090541636 -3.03599053402 0.0865084136647 -1.39879667495
5.7591751332 -2 3.76169989738 -3.05785483687 0.0711880771875 -1.40377283144
5.75975597958 -2 3.76172578873 -3.05868197449 0.0706076790839 -1.40395786649
5.76252662795 -2 3.76184514793 -3.06262846217 0.0678376271847 -1.40483749225
5.76616708474 -2 3.7619915573 -3.06781645429 0.0641940935541 -1.40598572661
5.76630575538 -2 3.76199690011 -3.06801412993 0.0640552193392 -1.40602929516
5.7723708296 -2 3.76221375029 -3.07666396513 0.0579750736449 -1.40792267124
5.77505862138 -2 3.7622993168 -3.08049971891 0.0552767654446 -1.40875410072
5.77580621564 -2 3.76232196567 -3.08156688247 0.0545258293949 -1.40898452289
5.77586990707 -2 3.76232387208 -3.08165780506 0.0544618449009 -1.40900413693
5.78503761662 -2 3.76256029858 -3.09475390971 0.0452383237583 -1.411799773
5.79581659012 -2 3.76274158619 -3.11017340658 0.034359502951 -1.41501636423
5.80014683077 -2 3.76278491755 -3.11637428671 0.0299788808496 -1.41628704515
5.80379918721 -2 3.76280829573 -3.12160722307 0.026279503825 -1.41734918019
5.80471649258 -2 3.76281227207 -3.12292189334 0.0253497417199 -1.41761455386
5.80541762971 -2 3.76281479805 -3.12392686032 0.0246389086681 -1.41781701507
5.80871247881 -2 3.76282070953 -3.12865071962 0.0212964747447 -1.41876407714
5.81174867522 -2 3.76281745103 -3.13300551647 0.0182134911053 -1.41963041506
5.81328369156 -2 3.76281262312 -3.13520781975 0.0166537530892 -1.42006607976
5.81733189065 -2 3.76278963727 -3.14101784579 0.0125369370526 -1.4212075074
5.82169896006 -2 3.76274815247 -3.14728877954 0.00809031874282 -1.42242658894
5.82659473868 -2 3.7626810249 -3.15432286501 0.00309859599378 -1.42377810152
5.82768100582 -2 3.76266317302 -3.15588413301 0.00199007787902 -1.42407579637
5.82924281965 -2 3.76263562205 -3.15812924436 0.00039566196967 -1.42450242905
5.83137354982 -2 3.76259444968 -3.16119283629 -0.00178070317051 -1.42508182836
5.83323620858 -2 3.76255506567 -3.1638716121 -0.00368434553744 -1.42558583256
5.83401558369 -2 3.76253764725 -3.16499263803 -0.00448116987638 -1.42579602578
5.83555145904 -2 3.76250169885 -3.16720208004 -0.00605194970978 -1.426209046
5.83600793446 -2 3.76249059952 -3.16785881978 -0.00651893133076 -1.42633149288
5.8381222262 -2 3.76243670776 -3.17090113329 -0.0086826739486 -1.42689680739
5.84026813151 -2 3.76237783345 -3.17398967494 -0.0108800917842 -1.42746749072
5.8459318366 -2 3.76220221846 -3.18214480427 -0.0166861107534 -1.42895875159
5.85679000014 -2 3.76178335124 -3.19779323005 -0.0278425794661 -1.43175688467
5.85932618451 -2 3.76166992365 -3.20145083085 -0.0304532022868 -1.43239889605
5.8634048844 -2 3.76147510587 -3.2073349495 -0.0346553523278 -1.43342217091
5.86741546565 -2 3.76126861253 -3.2131231013 -0.0387917844527 -1.43441726026
5.86780474176 -2 3.76124778103 -3.21368503221 -0.0391935101605 -1.43451325922
5.86874972703 -2 3.76119663067 -3.21504923206 -0.0401688891708 -1.43474586873
5.8696174669 -2 3.76114893655 -3.21630202737 -0.0410647523231 -1.43495892465
5.87470351668 -2 3.76085542461 -3.22364704848 -0.0463197398853 -1.43619730216
5.88157505016 -2 3.76042093773 -3.23357603275 -0.0534305432591 -1.43784213752
5.88374974565 -2 3.76027433721 -3.23671961726 -0.0556835762055 -1.43835590524
5.88977452304 -2 3.75984532659 -3.24543169858 -0.0619318723286 -1.43976215734
5.89334095195 -2 3.75957551757 -3.25059099439 -0.0656350730911 -1.4405827446
5.89751291292 -2 3.75924491908 -3.25662818441 -0.0699711930192 -1.44153143811
5.90191260696 -2 3.75887875722 -3.262997101 -0.0745488288908 -1.44251878529
5.90589602586 -2 3.75853171146 -3.26876529848 -0.0786975836573 -1.44340106176
5.90749169587 -2 3.75838854926 -3.27107639934 -0.0803606027897 -1.44375137036
5.90770783533 -2 3.75836897505 -3.27138946775 -0.080585913962 -1.44379868394
5.90992850239 -2 3.75816534444 -3.27460629489 -0.0829014885354 -1.44428289991
5.91941992738 -2 3.75724316438 -3.2883612161 -0.0928123062165 -1.4463135004
5.92408278405 -2 3.7567593055 -3.2951218909 -0.0976892558383 -1.44728785427
5.92878886727 -2 3.756250339 -3.30194732811 -0.102616720259 -1.44825567953
5.93030288629 -2 3.75608218796 -3.30414360838 -0.104203083966 -1.44856371401
5.93227448482 -2 3.75585999744 -3.30700397522 -0.106269705894 -1.4489624121
5.93287030721 -2 3.75579213398 -3.30786845362 -0.106894425231 -1.44908235777
5.93556018685 -2 3.75548161619 -3.31177158432 -0.109715801088 -1.44962072643
5.93603365873 -2 3.7554262565 -3.31245867696 -0.110212594436 -1.44971495851
5.93850988888 -2 3.75513330137 -3.31605244096 -0.112811646664 -1.45020519267
5.94165492694 -2 3.75475292215 -3.32061758468 -0.116114732123 -1.4508215498
5.9426703004 -2 3.75462813273 -3.32209161046 -0.117181618754 -1.45101903689
5.94273328454 -2 3.75462036006 -3.32218304777 -0.117247806098 -1.45103126293
5.94301882193 -2 3.75458507607 -3.32259758103 -0.117547876567 -1.45108665399
5.9541461695 -2 3.75315032888 -3.33875676888 -0.129256028509 -1.45319991334
5.95764372272 -2 3.75267526866 -3.34383780244 -0.132941888096 -1.45384585528
5.96091907711 -2 3.75221992624 -3.34859679777 -0.136396040178 -1.4544428019
5.96297993054 -2 3.75192823434 -3.3515915217 -0.138570600501 -1.45481444981
5.96398997107 -2 3.75178380916 -3.35305935942 -0.139636708295 -1.45499548189
5.96411300972 -2 3.75176615007 -3.35323816933 -0.139766591989 -1.45501748425
5.96557583647 -2 3.75155510233 -3.35536414264 -0.141311052556 -1.45527823887
5.97162232017 -2 3.75066128845 -3.36415307481 -0.147699861583 -1.45633968428
5.97462379411 -2 3.7502047507 -3.36851668912 -0.150874167791 -1.45685678191
5.97596851739 -2 3.74999744482 -3.37047184171 -0.152296942205 -1.4570863392
5.98160212528 -2 3.74911032405 -3.37866383008 -0.158261662301 -1.45803381315
5.98179396823 -2 3.74907958476 -3.37894282275 -0.158464897146 -1.45806567258
5.98223129087 -2 3.74900938137 -3.37957881752 -0.158928217126 -1.45813819905
5.9824508742 -2 3.74897406323 -3.37989815931 -0.159160868862 -1.45817456284
5.98692286099 -2 3.74824482423 -3.38640230507 -0.163901165029 -1.45890751872
5.99117927577 -2 3.74753309374 -3.39259375967 -0.168416749728 -1.45959162842
6.00076567098 -2 3.74586700481 -3.40654097909 -0.178600170108 -1.46108398885
6.00224882552 -2 3.74560141923 -3.40869911515 -0.180177316131 -1.46130887576
6.00254419432 -2 3.74554827777 -3.40912891465 -0.180491454601 -1.46135346936
6.00400729051 -2 3.7452838175 -3.41125794911 -0.182047776164 -1.461573419
6.0054184703 -2 3.74502680739 -3.41331150132 -0.183549267266 -1.4617840769
6.01204391164 -2 3.7437947481 -3.42295363604 -0.190603839206 -1.46275355943
6.01486044003 -2 3.74325829084 -3.42705293471 -0.193605324461 -1.46315591458
6.01597974157 -2 3.74304299492 -3.42868206691 -0.194798543274 -1.46331418977
6.01739413313 -2 3.74276922563 -3.43074073925 -0.196306674834 -1.46351287125
6.02384210479 -2 3.74149690482 -3.44012637724 -0.203186690788 -1.46439991385
6.02396219737 -2 3.74147283045 -3.44030119038 -0.203314902638 -1.4644161434
6.02563295094 -2 3.74113646964 -3.44273325112 -0.205098885781 -1.46464082535
6.0268696008 -2 3.74088578135 -3.44453342768 -0.206419671843 -1.46480579838
6.02878226019 -2 3.74049516865 -3.44731770342 -0.208463004313 -1.46505872196
6.033181339 -2 3.73958345357 -3.45372163958 -0.213165116373 -1.46563014459
6.04004002538 -2 3.73812492305 -3.46370643831 -0.220503085878 -1.46649237167
6.04755113669 -2 3.7364757802 -3.47464118229 -0.228548403298 -1.46739640532
6.05053580003 -2 3.73580539283 -3.47898625417 -0.231747997088 -1.46774393771
6.05592465003 -2 3.73457326315 -3.48683120434 -0.237528660432 -1.46835452045
6.05639919767 -2 3.73446341941 -3.48752202702 -0.238037940583 -1.46840724608
6.05955350605 -2 3.7337277697 -3.49211384942 -0.241424047191 -1.46875341649
6.06070967008 -2 3.73345572405 -3.49379688244 -0.24266557677 -1.46887842843
6.07518607526 -2 3.72994010274 -3.51486831794 -0.25822874755 -1.47035849929
6.07967218115 -2 3.72880949476 -3.52139720953 -0.263058190628 -1.47078503858
6.08239902106 -2 3.72811273691 -3.52536546119 -0.265995199114 -1.4710368577
6.08319102608 -2 3.72790901428 -3.52651798939 -0.266848453817 -1.47110894139
6.08397891343 -2 3.72770574734 -3.52766450593 -0.267697364189 -1.47118017808
6.08470997567 -2 3.72751660227 -3.52872831398 -0.268485129874 -1.47124585554
6.08611183638 -2 3.72715245386 -3.53076818781 -0.269995942118 -1.47137066132
6.10024107317 -2 3.72337569751 -3.55132381786 -0.285239001815 -1.47254507532
6.10574667931 -2 3.72185149282 -3.55933121816 -0.291186133336 -1.47296145106
6.10804602646 -2 3.72120619156 -3.56267497071 -0.293671085961 -1.4731284775
6.10922172357 -2 3.72087424753 -3.56438458638 -0.2949419578 -1.47321231576
6.12536653062 -2 3.71617958488 -3.58785333651 -0.312411739143 -1.47425617702
6.12557079925 -2 3.71611855633 -3.58815016767 -0.312632981124 -1.47426809848
6.12793210296 -2 3.71541011797 -3.59158127514 -0.315190861856 -1.47440357004
6.1298589647 -2 3.7148279815 -3.59438083575 -0.317278632533 -1.47451092623
6.13432161171 -2 3.71346579581 -3.60086367582 -0.322115644358 -1.47474854156
6.13494312387 -2 3.7132745382 -3.60176642689 -0.322789480062 -1.47478041151
6.14139111687 -2 3.71126798009 -3.61113048333 -0.329782941154 -1.47509338751
6.14894602222 -2 3.70886511527 -3.62209788913 -0.337982897232 -1.4754190196
6.15052715906 -2 3.70835514334 -3.62439261708 -0.339699823173 -1.47548155064
6.15172175104 -2 3.7079682182 -3.62612620477 -0.340997185187 -1.475527503
6.15808828837 -2 3.70588247509 -3.63536318303 -0.347913966789 -1.47575363314
6.1602831635 -2 3.70515417874 -3.63854679624 -0.350299510695 -1.47582425542
6.16112457687 -2 3.70487372778 -3.63976712695 -0.351214147241 -1.47585033013
6.16388300076 -2 3.7039494363 -3.64376729357 -0.354213118239 -1.47593192732
6.16473228018 -2 3.70366335307 -3.64499874094 -0.355136610962 -1.4759558508
6.1727213043 -2 3.70093746513 -3.65657925613 -0.363827173536 -1.47615322133
6.17679802263 -2 3.69952224532 -3.66248615478 -0.368264203 -1.47623462899
6.17687308601 -2 3.69949603371 -3.66259490024 -0.368345915016 -1.47623600541
6.17986250003 -2 3.69844763444 -3.66692521613 -0.371600527174 -1.4762872172
6.18083249056 -2 3.69810556098 -3.66833008708 -0.37265674027 -1.47630232231
6.18179839573 -2 3.69776400587 -3.66972893809 -0.373708587833 -1.4763166273
6.18278054208 -2 3.69741576379 -3.67115120394 -0.374778205994 -1.47633041895
6.18650053745 -2 3.69608812349 -3.67653722059 -0.378830272311 -1.47637575967
6.20374396104 -2 3.68975547194 -3.70148182025 -0.397627882656 -1.47644303176
6.20529438694 -2 3.68917166474 -3.70372287737 -0.399319188617 -1.47643753122
6.20568495275 -2 3.68902422328 -3.70428737008 -0.39974527144 -1.47643584444
6.21115624265 -2 3.68694288594 -3.71219302661 -0.405715270832 -1.47639946371
6.21868954853 -2 3.68402858023 -3.72307153876 -0.413938664704 -1.47631036152
6.22731672217 -2 3.68062193217 -3.73551982481 -0.423360698437 -1.4761526681
6.23344884708 -2 3.67815556195 -3.74436131052 -0.43006056415 -1.47600436195
6.23376232581 -2 3.678028475 -3.74481314108 -0.430403124743 -1.47599597047
6.23892247809 -2 3.67592245918 -3.75224851498 -0.436042776571 -1.47584650217
6.24305623965 -2 3.67421623052 -3.75820192737 -0.440561691958 -1.47571132744
6.24486736972 -2 3.67346331891 -3.76080944271 -0.442541846472 -1.47564777171
6.24487001667 -2 3.67346221615 -3.76081325318 -0.442544740563 -1.47564767689
6.24569895076 -2 3.67311652501 -3.76200650667 -0.443451090065 -1.47561770533
6.24612654866 -2 3.6729379359 -3.76262199167 -0.443918635239 -1.4756020284
6.25118501644 -2 3.67081140922 -3.76990087835 -0.449450344883 -1.47540538714
6.25788851175 -2 3.66795403254 -3.77954027469 -0.456782778776 -1.47511298048
6.26554065406 -2 3.66463749578 -3.79053430353 -0.465155150497 -1.47473477254
6.26779558358 -2 3.66364902853 -3.79377203859 -0.467622743979 -1.47461427275
6.26934222929 -2 3.66296810689 -3.79599225586 -0.469315360451 -1.4745292378
6.26952015547 -2 3.66288962036 -3.7962476419 -0.469510084495 -1.47451933087
6.27911709316 -2 3.65860935212 -3.81001393674 -0.480014598385 -1.47394686508
6.28639589414 -2 3.65530155002 -3.82044337402 -0.487983549583 -1.47346268966
6.28681671126 -2 3.65510869095 -3.82104602831 -0.488444308807 -1.47343337656
6.28754081438 -2 3.65477642188 -3.82208293873 -0.489237150566 -1.47338259901
6.28934624286 -2 3.65394567864 -3.82466784971 -0.491214020686 -1.47325412978
6.29601333221 -2 3.65084961573 -3.83420778323 -0.498514818366 -1.4727566411
6.29990406872 -2 3.64902225084 -3.83977087242 -0.502775760635 -1.47244951694
6.3031524771 -2 3.64748494111 -3.84441314845 -0.506333444498 -1.47218359694
6.30587663264 -2 3.64618757342 -3.84830451772 -0.509317077473 -1.47195392194
6.30596495124 -2 3.64614538745 -3.84843065185 -0.509413810073 -1.47194637384
6.30848480767 -2 3.64493846301 -3.8520287424 -0.51217376894 -1.47172831795
6.3106029973 -2 3.64391899256 -3.85505224641 -0.514493841825 -1.47154098568
6.31132601563 -2 3.64356997751 -3.85608406209 -0.515285780573 -1.47147619799
6.31916897679 -2 3.63975028968 -3.86726939504 -0.52387661189 -1.47074577752
6.32293684492 -2 3.63789327922 -3.8726381483 -0.528003877342 -1.47037685674
6.32989445581 -2 3.63442667404 -3.88254345838 -0.535625183997 -1.46966483356
6.33023787614 -2 3.63425430506 -3.88303208675 -0.536001362325 -1.46962865331
6.3317075562 -2 3.63351530505 -3.88512288158 -0.537611227657 -1.46947271714
6.3498776218 -2 3.62419919115 -3.91092968855 -0.557513200685 -1.46739704919
6.3500290213 -2 3.6241201686 -3.91114438408 -0.557679015749 -1.4673786031
6.35166409627 -2 3.62326527326 -3.91346267799 -0.559469753027 -1.46717817602
6.35194187745 -2 3.62311976812 -3.91385646456 -0.559773975376 -1.46714390476
6.35260926602 -2 3.62276986388 -3.91480248565 -0.560504885625 -1.46706130336
6.36463197894 -2 3.61638954132 -3.93182538374 -0.573670482492 -1.46550975465
6.36618837031 -2 3.61555291719 -3.93402636203 -0.5753745958 -1.46530008959
6.36741271145 -2 3.61489306497 -3.93575732679 -0.576715100835 -1.46513373459
6.3677707619 -2 3.61469980952 -3.93626346198 -0.577107115459 -1.4650848486
6.36789590484 -2 3.61463223389 -3.9364403544 -0.577244128501 -1.4650677371
6.36908796812 -2 3.61398774169 -3.93812515757 -0.578549241362 -1.46490408378
6.3742712147 -2 3.61116871744 -3.94544654245 -0.584223589108 -1.46417868771
6.37530880747 -2 3.61060113904 -3.94691129414 -0.585359398053 -1.46403077713
6.37639557571 -2 3.61000549452 -3.94844515686 -0.586549002149 -1.46387489041
6.37693436934 -2 3.60970974571 -3.94920549162 -0.587138765757 -1.46379723891
6.37818721345 -2 3.60902091374 -3.95097317784 -0.58851009367 -1.46361573796
6.37843052443 -2 3.60888695385 -3.9513164256 -0.5887764092 -1.46358033678
6.38766118506 -2 3.60376061665 -3.96432653222 -0.598878312716 -1.46220064345
6.38817933095 -2 3.60347030515 -3.96505613455 -0.599445272539 -1.46212107791
6.38855446163 -2 3.60325995403 -3.96558431026 -0.59985573742 -1.46206333284
6.3952027674 -2 3.59950835527 -3.97493843527 -0.607129326111 -1.46102031966
6.42208362317 -2 3.58388329732 -4.01262922042 -0.636517216148 -1.45642338594
6.4255975544 -2 3.58178662264 -4.01754026354 -0.640355958369 -1.45577732299
6.43405028267 -2 3.57669178145 -4.02933805859 -0.649586850221 -1.45418033883
6.43945655421 -2 3.57339515583 -4.03687201302 -0.655488346822 -1.45312711468
6.44300691686 -2 3.57121407985 -4.04181457394 -0.65936282 -1.45242193052
6.44623856772 -2 3.56921766746 -4.04630991234 -0.662888693972 -1.45177072306
6.45175280301 -2 3.56578665157 -4.0539725468 -0.668903163533 -1.45063901131
6.46012105999 -2 3.56052080903 -4.06558196039 -0.67802600938 -1.44887200677
6.46041226336 -2 3.56033628372 -4.06598552986 -0.678343368826 -1.44880944087
6.46107913661 -2 3.55991338487 -4.06690962064 -0.679070114478 -1.44866588819
6.46359058014 -2 3.55831669093 -4.07038839697 -0.681806702269 -1.44812185764
6.47316036712 -2 3.55217374852 -4.08362445559 -0.692229388929 -1.4459993859
6.48312715675 -2 3.54567692601 -4.09737581594 -0.703075585147 -1.44370543189
6.48322635952 -2 3.5456117529 -4.09751251185 -0.703183493402 -1.44368217092
6.48377205401 -2 3.54525306965 -4.09826438601 -0.703777057846 -1.44355406594
6.48776101721 -2 3.54262193121 -4.10375727414 -0.708115055082 -1.4426098634
6.48792981051 -2 3.54251023719 -4.10398958059 -0.708298582918 -1.44256960783
6.48898302856 -2 3.54181264589 -4.10543886997 -0.709443675315 -1.44231787228
6.4904806887 -2 3.540818737 -4.10749905006 -0.711071786473 -1.44195826562
6.49448109291 -2 3.53815270754 -4.11299802539 -0.715419513203 -1.44098825866
6.49572568673 -2 3.53731993698 -4.11470766375 -0.716771826349 -1.44068366379
6.49836459073 -2 3.53554900103 -4.11833072517 -0.719638586961 -1.44003342073
6.49907095241 -2 3.53507376718 -4.11930008518 -0.720405813937 -1.43985835088
6.49941227932 -2 3.53484394338 -4.11976843192 -0.720776532921 -1.43977359986
6.50373950394 -2 3.53192002852 -4.12570224008 -0.725475287243 -1.43869044908
6.50631841937 -2 3.53016837889 -4.12923533241 -0.728274647985 -1.43803723919
6.5078687967 -2 3.52911207145 -4.13135814068 -0.729957194596 -1.43764178421
6.50948590023 -2 3.52800769269 -4.13357135129 -0.731711867314 -1.43722709862
6.5119124018 -2 3.52634554811 -4.13689047815 -0.734344236392 -1.43660061677
6.5139667296 -2 3.52493365143 -4.13969878086 -0.736572326434 -1.43606624781
6.52021247361 -2 3.52061466735 -4.14822694701 -0.743343317508 -1.4344192052
6.52499116253 -2 3.5172833167 -4.15474181258 -0.748520718324 -1.43313624255
6.52514778914 -2 3.51717373417 -4.15495519443 -0.748690365872 -1.43309385742
6.53316897791 -2 3.51152833817 -4.16587011655 -0.757374286132 -1.43089479968
6.53473369442 -2 3.5104194281 -4.16799636969 -0.759067331191 -1.43045931979
6.53835171933 -2 3.50784578409 -4.17290908695 -0.762980868258 -1.4294442419
6.54440740527 -2 3.50350826563 -4.18112004781 -0.769527301204 -1.42771981186
6.54646376477 -2 3.50202684641 -4.18390492055 -0.771749184484 -1.42712698943
6.54845004708 -2 3.50059181637 -4.18659325935 -0.773894801505 -1.42655087769
6.5493739593 -2 3.49992294594 -4.18784318299 -0.77489264273 -1.42628173181
6.5507556313 -2 3.49892105358 -4.18971174069 -0.776384651881 -1.42587784944
6.557600336 -2 3.49392903122 -4.19895687188 -0.783772006933 -1.42385253299
6.56088252745 -2 3.49151828886 -4.20338324103 -0.787312039094 -1.42286686814
6.56192520259 -2 3.49075015232 -4.20478845423 -0.788436297094 -1.42255177983
6.56279936449 -2 3.49010530435 -4.20596621158 -0.789378734299 -1.42228688424
6.56387548744 -2 3.48931040397 -4.20741563089 -0.790538752465 -1.42195987346
6.56570483222 -2 3.48795640933 -4.20987844036 -0.792510321995 -1.42140165606
6.5660925968 -2 3.48766896571 -4.21040029886 -0.792928170114 -1.42128295611
6.56952583821 -2 3.48511726672 -4.21501802664 -0.796626789285 -1.42022626917
6.57480174726 -2 3.48117259366 -4.22210438648 -0.802307032626 -1.41858237875
6.58143411745 -2 3.47617342969 -4.23099573533 -0.809441594445 -1.41648131646
6.60556513291 -2 3.45760582936 -4.2631828891 -0.835339678969 -1.40851176058
6.60574611026 -2 3.4574643312 -4.26342330232 -0.835533538736 -1.40845006045
6.60868355736 -2 3.4551629975 -4.26732337358 -0.838679284048 -1.40744457999
6.61590503855 -2 3.44946791535 -4.27689462619 -0.846406392287 -1.4049404385
6.61689610231 -2 3.4486821788 -4.27820629666 -0.84746612164 -1.40459319468
6.62587074718 -2 3.44152125186 -4.29006344317 -0.857054438165 -1.40140933416
6.62595358178 -2 3.44145477478 -4.29017270756 -0.857142867848 -1.40137961718
6.63150667197 -2 3.43698229651 -4.29749023349 -0.863068116798 -1.39937364801
6.63269193406 -2 3.4360236074 -4.29905021165 -0.864332060848 -1.39894196895
6.63538836305 -2 3.43383728389 -4.30259661842 -0.867206492393 -1.39795529779
6.63932189522 -2 3.43063458531 -4.3077638664 -0.871397190547 -1.39650444128
6.63940881657 -2 3.4305636353 -4.30787796609 -0.871489760851 -1.39647222668
6.64299465995 -2 3.4276299532 -4.31258185226 -0.875307362034 -1.39513743426
6.65303694393 -2 3.41934426002 -4.32572207519 -0.885985161897 -1.39133883222
6.6583641203 -2 3.41490715085 -4.33267257387 -0.891641208855 -1.38928756392
6.6672444789 -2 3.40744618786 -4.34422768814 -0.901056757131 -1.3858122633
6.66900694294 -2 3.40595586379 -4.34651631041 -0.902923470279 -1.38511421889
6.66979403023 -2 3.40528928664 -4.34753786602 -0.903756900508 -1.38480159439
6.67152151505 -2 3.40382408069 -4.34977886154 -0.905585635031 -1.38411352621
6.67879166723 -2 3.39762438819 -4.35919354265 -0.913274861257 -1.38118876846
6.68724500863 -2 3.3903479757 -4.37010641098 -0.922200941809 -1.37772902949
6.71370994099 -2 3.36709689717 -4.40402977867 -0.950040802976 -1.36648679535
6.71451275423 -2 3.36638042953 -4.40505301712 -0.950882755222 -1.36613601775
6.72014923559 -2 3.36133170094 -4.4122272681 -0.956789645509 -1.36365706308
6.73227722003 -2 3.35035876252 -4.42760526952 -0.969473042468 -1.35822702898
6.74148487148 -2 3.34192812296 -4.43922605572 -0.979077729611 -1.35401681952
6.74355245008 -2 3.34002317165 -4.44182898892 -0.981231483117 -1.353061003
6.75749776584 -2 3.32706127689 -4.4593220032 -0.995728912228 -1.34651442366
6.76158874534 -2 3.32322131731 -4.46443267542 -0.999972086936 -1.34456092177
6.77276218112 -2 3.31264690741 -4.47834181781 -1.0115381076 -1.33914908806
6.78207100077 -2 3.30374042681 -4.48987407318 -1.02114770069 -1.33455496185
6.78537798974 -2 3.30055521803 -4.49395862044 -1.02455568517 -1.33290418158
6.7884489056 -2 3.29758746279 -4.4977457621 -1.02771760679 -1.331362461
6.7918130706 -2 3.29432534066 -4.50188808069 -1.03117837361 -1.32966380743
6.79403324329 -2 3.29216623051 -4.50461807688 -1.03346051543 -1.32853722279
6.79405025138 -2 3.29214967093 -4.50463897914 -1.03347799275 -1.32852857529
6.80072668199 -2 3.28562667199 -4.51283056378 -1.04033212572 -1.32511398961
6.8024737559 -2 3.28391229755 -4.51496966424 -1.04212354967 -1.32421386244
6.80678666615 -2 3.27966688406 -4.52024239392 -1.04654209108 -1.32198003051
6.81519637841 -2 3.27133465917 -4.5304908825 -1.05514184089 -1.31757624395
6.81799580415 -2 3.26854516103 -4.53389272732 -1.05799980444 -1.31609621336
6.8198919147 -2 3.26665127461 -4.53619410962 -1.05993421232 -1.3150897562
6.82260440643 -2 3.26393564764 -4.53948247877 -1.06269958342 -1.31364434472
6.82428607785 -2 3.26224829905 -4.54151887529 -1.06441290658 -1.31274490714
6.82844392566 -2 3.25806415111 -4.54654616852 -1.06864527121 -1.31051017755
6.82972236806 -2 3.2567741124 -4.54808976512 -1.06994555009 -1.30981992479
6.8329208137 -2 3.25353942587 -4.55194707376 -1.0731963981 -1.30808659045
6.84026913206 -2 3.2460687343 -4.56078459215 -1.08065295323 -1.30406945602
6.84275304913 -2 3.24353113242 -4.56376413053 -1.08316959431 -1.30270057605
6.84919215793 -2 3.23692388817 -4.57146965923 -1.0896843523 -1.29912614588
6.85704103209 -2 3.22881356103 -4.58082608857 -1.09760732697 -1.29471866112
6.86110755829 -2 3.22458717635 -4.58565795909 -1.10170432997 -1.29241331491
6.86489917555 -2 3.22063151285 -4.59015345246 -1.10551944964 -1.29025040006
6.86644220109 -2 3.21901758639 -4.59198022778 -1.10707067425 -1.28936647948
6.86647766532 -2 3.21898046445 -4.59202219521 -1.1071063176 -1.28934613862
6.88052491402 -2 3.20417715819 -4.60857998076 -1.12119128677 -1.28120009017
6.89421771303 -2 3.18955664456 -4.62459314626 -1.13485598807 -1.27308844348
6.89424042035 -2 3.18953224256 -4.62461959645 -1.13487859474 -1.27307485126
6.89777255764 -2 3.18573020283 -4.62872967737 -1.13839287519 -1.27095491216
6.89793720091 -2 3.1855526736 -4.62892105332 -1.13855657919 -1.27085582125
6.89945613216 -2 3.18391358037 -4.63068573816 -1.14006639457 -1.2699404964
6.9000630918 -2 3.18325795799 -4.6313904601 -1.14066948392 -1.26957415415
6.90517782667 -2 3.17771849414 -4.63731901442 -1.14574642086 -1.26647386467
6.90548462668 -2 3.17738538453 -4.63767406029 -1.14605065798 -1.26628714845
6.91078028133 -2 3.17162075301 -4.64379227808 -1.15129677004 -1.26305087685
6.91402230105 -2 3.16807777633 -4.6475283221 -1.15450348602 -1.26105714033
6.92174733281 -2 3.15959327535 -4.65640109778 -1.16212903604 -1.25626829997
6.9246316365 -2 3.15641011946 -4.65970326052 -1.16497060576 -1.25446648814
6.92528256328 -2 3.15569059892 -4.66044768328 -1.1656114654 -1.25405881946
6.92695298082 -2 3.15384221926 -4.66235667082 -1.16725533377 -1.25301090592
6.9281602142 -2 3.1525046362 -4.66373510134 -1.16844273812 -1.25225199819
6.93157510598 -2 3.14871314903 -4.66762869891 -1.17179861483 -1.2500981647
6.94036610217 -2 3.13889916905 -4.67761406807 -1.18041766127 -1.24450514295
6.95201177186 -2 3.12577977605 -4.69075704253 -1.19179056152 -1.23698860342
6.96163076176 -2 3.11484179998 -4.70153902316 -1.20114498251 -1.23068793397
6.96957444459 -2 3.10573957011 -4.710392343 -1.20884298842 -1.22542173571
6.97142563663 -2 3.10360939526 -4.71244887063 -1.21063335981 -1.22418632978
6.97245771607 -2 3.10242030143 -4.71359433444 -1.21163094165 -1.22349622303
6.97410626681 -2 3.10051875948 -4.71542236709 -1.21322351269 -1.22239191681
6.97802365513 -2 3.09598939337 -4.71975820096 -1.21700354061 -1.21975796856
6.97833762583 -2 3.09562571579 -4.72010521773 -1.21730623706 -1.2195462642
6.98263759154 -2 3.09063516938 -4.72485040347 -1.22144782177 -1.21663793951
6.98568928457 -2 3.08708226645 -4.72820972554 -1.22438259924 -1.21456378633
6.98884806252 -2 3.08339498755 -4.73167960563 -1.22741639315 -1.21240801071
6.99174352403 -2 3.08000641471 -4.73485367363 -1.2301937298 -1.21042404268
6.99493662133 -2 3.07625991093 -4.73834671679 -1.23325259441 -1.20822737598
7.00112551301 -2 3.06896973142 -4.74509507779 -1.23916940214 -1.20394361943
7.01178475288 -2 3.05632515294 -4.75664976263 -1.24932282874 -1.19648474703
7.01285600757 -2 3.05504818056 -4.75780621429 -1.25034062424 -1.19572947131
7.01431581578 -2 3.05330622018 -4.75938070526 -1.25172680657 -1.19469858703
7.01661842449 -2 3.05055429908 -4.76186088233 -1.25391145762 -1.1930686357
7.01800082379 -2 3.04889964343 -4.76334792869 -1.25522196397 -1.19208778143
7.02054276595 -2 3.04585217325 -4.76607845253 -1.25762959776 -1.19027970641
7.0206157438 -2 3.04576458812 -4.76615677086 -1.2576986792 -1.19022771162
7.0238620703 -2 3.04186317975 -4.76963649878 -1.26076938682 -1.18790994047
7.02597598529 -2 3.03931712706 -4.77189801265 -1.26276652753 -1.18639557527
7.02766528773 -2 3.03727933328 -4.7737027744 -1.26436113713 -1.18518250298
7.02949451947 -2 3.03506958406 -4.77565452839 -1.26608645196 -1.18386605308
7.03275342221 -2 3.03112462634 -4.77912525634 -1.26915665213 -1.18151324728
7.04597514507 -2 3.01501270297 -4.79312104863 -1.28156552112 -1.17186966484
7.05104131143 -2 3.00879375226 -4.798447294 -1.28629993522 -1.16813288487
7.05512642327 -2 3.00376082074 -4.80272728425 -1.29010926961 -1.16510292776
7.05592439848 -2 3.00277579786 -4.8035617754 -1.29085250957 -1.16450931321
7.0849261335 -2 2.96655487898 -4.83354312486 -1.31767013069 -1.1425469208
7.08838164437 -2 2.96218469547 -4.83706981104 -1.32083976785 -1.1398798274
7.09287836759 -2 2.95648035549 -4.84164447831 -1.32495617637 -1.13639306208
7.09697771011 -2 2.95126304696 -4.84580036264 -1.32870059159 -1.13319863984
7.10786721559 -2 2.93732483287 -4.85677246173 -1.3386088819 -1.12463988583
7.12498301129 -2 2.91518591787 -4.87381773228 -1.35406823981 -1.11097308315
7.12738085499 -2 2.9120618386 -4.87618597229 -1.35622274185 -1.10903751749
7.12948636992 -2 2.90931407017 -4.87826147182 -1.3581122759 -1.10733368855
7.1342361113 -2 2.90309986445 -4.88292966022 -1.36236684871 -1.10347555778
7.16310456812 -2 2.86486599283 -4.91088583292 -1.38798559257 -1.07959352937
7.16374315269 -2 2.86401124757 -4.91149607397 -1.38854756894 -1.0790568571
7.1650183229 -2 2.86230327103 -4.91271357996 -1.38966914382 -1.07798410718
7.16586290143 -2 2.8611711816 -4.91351918343 -1.39041153777 -1.07727280081
7.16899227057 -2 2.85697059929 -4.91649869729 -1.39315912584 -1.07463170879
7.17895278612 -2 2.84353856348 -4.92592495985 -1.40187114001 -1.06616740756
7.18257678182 -2 2.83862815089 -4.92933285424 -1.40502822605 -1.06306593091
7.18425053022 -2 2.83635606847 -4.93090286823 -1.40648403864 -1.06162957452
7.18979974702 -2 2.82880414226 -4.93609035583 -1.4113002971 -1.05684964192
7.19841262055 -2 2.81702525126 -4.9440873944 -1.41874371197 -1.04937671078
7.19968421473 -2 2.81528029962 -4.94526243989 -1.41983934947 -1.04826785028
7.20430630742 -2 2.80892477371 -4.94952134813 -1.42381467358 -1.04422522005
7.21192249722 -2 2.7984084067 -4.95649706209 -1.43034042338 -1.03752263607
7.22279502504 -2 2.78330133642 -4.9663641133 -1.43960257346 -1.02786553514
7.22448686491 -2 2.78094061222 -4.96788980596 -1.4410381079 -1.02635344401
7.22808302073 -2 2.7759137871 -4.97112409968 -1.44408431878 -1.02313097584
7.24226428953 -2 2.75597303461 -4.98376247771 -1.45602824757 -1.01031229084
7.24402871374 -2 2.7534789094 -4.98532194037 -1.45750659088 -1.00870502023
7.24832257499 -2 2.74739716922 -4.98910493746 -1.46109707338 -1.00478217254
7.24980366819 -2 2.74529540415 -4.99040583965 -1.46233318191 -1.00342529691
7.25324548811 -2 2.74040337901 -4.99342102883 -1.46520099542 -1.0002646996
7.26314045773 -2 2.72627802285 -5.00202775307 -1.47340894235 -0.991120336546
7.26771712926 -2 2.71971405697 -5.00597747486 -1.47718674775 -0.986861818174
7.26900258708 -2 2.7178669448 -5.00708328834 -1.47824570244 -0.98566242188
7.27823632267 -2 2.70455394339 -5.01498065445 -1.4858249016 -0.977004406151
7.28444666613 -2 2.69555587257 -5.02024665241 -1.49089513942 -0.971139372915
7.28505956767 -2 2.69466592826 -5.02076436305 -1.49139432653 -0.970558725067
7.28698870759 -2 2.69186253151 -5.02239154285 -1.49296413689 -0.96872896635
7.28756829495 -2 2.69101961706 -5.02287971502 -1.49343535022 -0.96817860282
7.29417405379 -2 2.68139087996 -5.02842085466 -1.49879225856 -0.961885231919
7.30485268007 -2 2.66574102276 -5.03728971737 -1.50739857112 -0.951631255833
7.30500456761 -2 2.66551767621 -5.03741506974 -1.50752050399 -0.951484693087
7.30888828898 -2 2.6597996288 -5.04061270458 -1.51063370775 -0.947730317786
7.31329003495 -2 2.65330229113 -5.04421915778 -1.51415146488 -0.943459339546
7.31410329933 -2 2.65209991833 -5.04488342253 -1.51480015656 -0.942668395937
7.31437554823 -2 2.65169727699 -5.04510564839 -1.51501722594 -0.942403491005
7.31453490728 -2 2.65146156238 -5.0452356933 -1.51514426576 -0.942248400878
7.3191873953 -2 2.644569711 -5.04902144391 -1.51884658604 -0.937710840818
7.33754145602 -2 2.61719022518 -5.06374938024 -1.53332673758 -0.919627462014
7.33805999491 -2 2.61641228309 -5.06416065568 -1.533732902 -0.919112343514
7.34329615447 -2 2.60854313404 -5.06829876597 -1.53782523238 -0.913897731662
7.35272292251 -2 2.59431406123 -5.07568006566 -1.5451508966 -0.904450234599
7.35931612807 -2 2.58431475297 -5.08078996726 -1.55024239144 -0.8977971246
7.36612292044 -2 2.57395078577 -5.08601969764 -1.55547086243 -0.890889349108
7.37711236308 -2 2.55713129541 -5.09436450473 -1.56385176343 -0.879653122946
7.37870311364 -2 2.55468774544 -5.09556231834 -1.56505870973 -0.878018094289
7.37931818754 -2 2.5537423299 -5.09602477277 -1.56552496062 -0.877385320598
7.38275282967 -2 2.54845686308 -5.09860011023 -1.56812421869 -0.873845903937
7.38322497519 -2 2.54772947629 -5.09895319367 -1.56848095134 -0.873358568511
7.38590184951 -2 2.54360175976 -5.10095074572 -1.57050084332 -0.870591979067
7.38725499795 -2 2.54151280709 -5.1019577229 -1.57152018134 -0.869191155622
7.39223936979 -2 2.53380413186 -5.10565084624 -1.57526502807 -0.864017717423
7.39423201584 -2 2.53071623832 -5.1071201746 -1.57675776142 -0.861943569835
7.39622707893 -2 2.52762109641 -5.10858721277 -1.57824979467 -0.859863523212
7.39739083758 -2 2.52581402327 -5.10944108063 -1.57911896459 -0.858648629518
7.39784018508 -2 2.52511596209 -5.1097704022 -1.57945433695 -0.858179229897
7.40039201055 -2 2.52114833633 -5.11163667509 -1.581356477 -0.855510276385
7.40105215426 -2 2.5201210012 -5.11211838101 -1.58184787837 -0.854818931956
7.40615804978 -2 2.51216213894 -5.11582900048 -1.58563927886 -0.849459222763
7.40663441582 -2 2.51141843326 -5.11617382144 -1.58599215983 -0.848958049019
7.40912446236 -2 2.50752772268 -5.11797244886 -1.58783437306 -0.846335198606
7.41836429901 -2 2.49304305851 -5.1245905848 -1.59463560993 -0.836556695205
7.41838729768 -2 2.49300691211 -5.12460694744 -1.59465247036 -0.836532265695
7.4200550677 -2 2.49038449328 -5.12579203484 -1.59587421244 -0.834759545832
7.42213665668 -2 2.48710798311 -5.12726711786 -1.59739658711 -0.832543671327
7.43258167383 -2 2.47061022995 -5.134600609 -1.60499325816 -0.821369675742
7.43381935783 -2 2.46864905634 -5.13546203598 -1.60588873382 -0.820039523799
7.44374342902 -2 2.45287598331 -5.14231105606 -1.61303273636 -0.809327486471
7.44942830809 -2 2.44380232427 -5.14618772036 -1.61709600148 -0.803154017303
7.46078038198 -2 2.42560020226 -5.15382666551 -1.6251460605 -0.790745398913
7.46136555271 -2 2.42465893824 -5.15421672603 -1.62555870504 -0.790102850042
7.4670899208 -2 2.41543570664 -5.15801321605 -1.62958332858 -0.78380213794
7.47595429696 -2 2.40109814463 -5.16382315034 -1.63577237195 -0.773991480731
7.47827012672 -2 2.39734144056 -5.16532713443 -1.63738057809 -0.771417683728
7.48462116993 -2 2.38701556081 -5.16942215529 -1.64177244768 -0.764336369129
7.48630607531 -2 2.38427042285 -5.1705012582 -1.64293301737 -0.76245212154
7.48736153645 -2 2.38254958797 -5.17117567196 -1.64365904383 -0.76127059218
7.4882033622 -2 2.38117639256 -5.17171271616 -1.64423757428 -0.760327555491
7.49271643516 -2 2.37380443206 -5.17457878431 -1.64733090338 -0.755261903927
7.49592648711 -2 2.36855048014 -5.17660394474 -1.64952268903 -0.751648585491
7.49787544055 -2 2.36535636659 -5.17782805333 -1.65084998345 -0.749450648533
7.51156011174 -2 2.34283912915 -5.18630686661 -1.6600963778 -0.733929747346
7.51413081018 -2 2.33859176249 -5.18787683903 -1.66181896288 -0.730996961189
7.51983271863 -2 2.32915131697 -5.19133327198 -1.66562341627 -0.724472623297
7.52698412744 -2 2.31727285102 -5.19561791448 -1.67036312108 -0.716252164187
7.53527407895 -2 2.30345036078 -5.20051416875 -1.67581278443 -0.706670810255
7.5427626754 -2 2.29091539527 -5.20487177034 -1.68069424165 -0.697967643946
7.54921874546 -2 2.28007183978 -5.20857856824 -1.68487093475 -0.690427999183
7.55322727476 -2 2.27332201029 -5.21085673711 -1.68744938037 -0.685729732806
7.55526000019 -2 2.26989416501 -5.21200514501 -1.68875255546 -0.683342286802
7.55724706789 -2 2.26654006221 -5.21312329564 -1.69002362188 -0.681005246591
7.55771277578 -2 2.26575349851 -5.21338471731 -1.69032111478 -0.680457055725
7.56035924129 -2 2.26128036774 -5.2148656825 -1.69200873739 -0.677338551033
7.56496291535 -2 2.253485565 -5.2174232041 -1.69493254829 -0.671900316796
7.57023522877 -2 2.24453756523 -5.22032294981 -1.69826239543 -0.665651328633
7.57163524946 -2 2.24215772227 -5.22108770039 -1.69914326117 -0.663988215514
7.58713840563 -2 2.21569908944 -5.22940827567 -1.70880315815 -0.645466985117
7.59057648646 -2 2.20980536316 -5.23121662672 -1.71092184177 -0.641333648414
7.59872573618 -2 2.19579789511 -5.23544924769 -1.7159093805 -0.631498960031
7.60048763999 -2 2.19276247907 -5.23635440845 -1.71698133705 -0.629365739088
7.6506433181 -2 2.10533193508 -5.26062392256 -1.74653452537 -0.567617524777
7.65393081632 -2 2.0995330606 -5.26211281608 -1.7484059847 -0.56350179135
7.66523595056 -2 2.07952863753 -5.26713629891 -1.75477919107 -0.549284946724
7.66598876661 -2 2.0781930701 -5.26746549087 -1.75520014229 -0.548334749955
7.66600825569 -2 2.07815848889 -5.26747400422 -1.75521103425 -0.548310145267
7.6769324914 -2 2.0587293193 -5.27217563741 -1.76127074305 -0.534472694894
7.67968808274 -2 2.05381414797 -5.27333937391 -1.7627848711 -0.530967864142
7.68311680574 -2 2.04769032371 -5.27477485168 -1.76466073755 -0.526598805994
7.68712451575 -2 2.04052121482 -5.27643508723 -1.76684192039 -0.521480646076
7.69330803423 -2 2.02943636527 -5.27895929981 -1.7701830086 -0.513559916326
7.69435127354 -2 2.02756339337 -5.2793806888 -1.77074378348 -0.512220734395
7.69583099763 -2 2.02490539082 -5.27997616413 -1.77153773985 -0.510319836746
7.70913329715 -2 2.00093771816 -5.28521212985 -1.77859894661 -0.493157230627
7.71134747308 -2 1.99693558495 -5.28606313745 -1.77976092747 -0.490287601574
7.71525511542 -2 1.98986370291 -5.28755069411 -1.78180228902 -0.485214244355
7.71935065164 -2 1.98243975092 -5.28909012164 -1.78392899097 -0.479884698686
7.72245603915 -2 1.9768024521 -5.29024394291 -1.78553277454 -0.475835304443
7.72793954334 -2 1.96683091007 -5.29225303224 -1.78834624792 -0.468667356936
7.74575777774 -2 1.93427869413 -5.29853079074 -1.7973246248 -0.445222040101
7.74945363755 -2 1.9274981001 -5.29978476085 -1.79915540473 -0.440329746819
7.75101429688 -2 1.9246319088 -5.30030929401 -1.79992522784 -0.438260861251
7.75950431552 -2 1.90900936162 -5.30311083741 -1.80407904456 -0.426974905667
7.76670968153 -2 1.89571059855 -5.30541950068 -1.8075590912 -0.417355491064
7.77034797168 -2 1.88898157647 -5.30656112334 -1.80930047743 -0.412483939955
7.77384565267 -2 1.88250383835 -5.30764334081 -1.81096452247 -0.407791635462
7.79106342014 -2 1.8504918475 -5.31275162198 -1.81901191094 -0.384564883802
7.79241134089 -2 1.8479770541 -5.31313612098 -1.81963176813 -0.382737580273
7.80614540294 -2 1.82228243019 -5.31692576109 -1.82586311984 -0.364045408991
7.8096304742 -2 1.81574179999 -5.31785021949 -1.82741981965 -0.359280950401
7.81773147617 -2 1.80050633463 -5.31994079309 -1.83099982741 -0.34817298445
7.82455088958 -2 1.78764679255 -5.32163728268 -1.83397159435 -0.338786639387
7.82672378244 -2 1.7835427511 -5.32216565142 -1.83491043482 -0.335789012743
7.82947002219 -2 1.77835128271 -5.32282499862 -1.83609141568 -0.33199571727
7.83602869053 -2 1.76593248121 -5.32436150441 -1.83888660047 -0.322915235546
7.84216915454 -2 1.75427966807 -5.32575118063 -1.84147118126 -0.314386771757
7.84722613235 -2 1.74466430757 -5.32686010121 -1.84357614073 -0.307343643738
7.84960635269 -2 1.74013272827 -5.32737091927 -1.8445595199 -0.304022501069
7.85010175427 -2 1.73918909165 -5.32747634079 -1.84476359828 -0.303330774455
7.85294563413 -2 1.7337689866 -5.3280755397 -1.84593115207 -0.299356628942
7.85678810439 -2 1.72643729659 -5.32886895067 -1.84749792658 -0.293978235419
7.86160519816 -2 1.71723239202 -5.3298372901 -1.8494446218 -0.287221424312
7.8661277653 -2 1.70857661349 -5.33071973833 -1.85125455378 -0.280863391414
7.87287999784 -2 1.69562893321 -5.33198906393 -1.85392475185 -0.271345039168
7.8752682741 -2 1.69104231516 -5.33242419214 -1.85485999806 -0.26797102256
7.87660951266 -2 1.68846490515 -5.33266538348 -1.85538311252 -0.266074517644
7.87865813628 -2 1.68452592345 -5.33302937356 -1.8561791878 -0.263175442317
7.88383715056 -2 1.6745560916 -5.33392577429 -1.85817585804 -0.255833908961
7.89117608587 -2 1.66039923991 -5.3351375647 -1.86096627716 -0.245399914996
7.89263566359 -2 1.65757966029 -5.33537038416 -1.86151578164 -0.243320518126
7.89514367604 -2 1.65273161573 -5.33576409309 -1.86245576686 -0.239744163572
7.89814720777 -2 1.64692053969 -5.33622502105 -1.8635744155 -0.235455735647
7.90666364219 -2 1.63041282942 -5.33746925176 -1.86670442815 -0.223263675116
7.95701925429 -2 1.53190367344 -5.34291956464 -1.88393507813 -0.150214487721
7.9584346553 -2 1.52911294195 -5.34302537013 -1.88438759724 -0.148137880372
7.96758803915 -2 1.51103716835 -5.34364669802 -1.88727171765 -0.134678233642
7.99725858025 -2 1.45211515453 -5.34490893197 -1.89611413564 -0.090693324446
8.02973086722 -2 1.38706868909 -5.34496546732 -1.90489672104 -0.0419461221472
8.07853606121 -2 1.28825672039 -5.34242307114 -1.91631515932 0.0324718197619
8.08793049032 -2 1.26909823667 -5.34156911409 -1.91826506529 0.0469499316026
8.09738736462 -2 1.24976883391 -5.3405900445 -1.92014649276 0.0615730304782
8.09782866412 -2 1.24886578194 -5.3405414266 -1.92023228914 0.0622565939824
8.11681404156 -2 1.20992726782 -5.33820192714 -1.92375407861 0.0917634204349
8.15246765073 -2 1.13635281165 -5.33249463995 -1.92946882695 0.147685901129
8.15416217476 -2 1.13284186878 -5.33218055973 -1.92971107363 0.150359913657
8.15556673876 -2 1.12993075441 -5.33191727136 -1.9299098415 0.152577451924
8.15853190818 -2 1.12378229616 -5.33135265339 -1.93032342397 0.157262128896
8.17082501287 -2 1.09825145506 -5.32888446081 -1.93195056612 0.176730574007
8.18245044333 -2 1.07404848492 -5.3263612149 -1.93335931214 0.195209738467
8.18761397834 -2 1.06328054874 -5.32518144531 -1.93394438175 0.20343834837
8.20150668825 -2 1.0342551853 -5.32182661507 -1.93539411663 0.225640701785
8.24188416616 -2 0.949469762228 -5.3105769909 -1.93857283564 0.290673903271
8.25041497794 -2 0.931479091996 -5.30791394001 -1.93904644633 0.304506699165
8.25126069437 -2 0.929694140556 -5.30764448149 -1.93908962181 0.305879750299
8.25919564998 -2 0.912934524199 -5.30506833971 -1.93946149232 0.318777336632
8.2637794069 -2 0.903243069181 -5.30354068534 -1.93964892032 0.326240009732
8.26884015193 -2 0.892534746888 -5.30182043853 -1.93983252708 0.334489492947
8.27495191447 -2 0.879590966202 -5.29969586179 -1.94002159783 0.344466417353
8.31315907874 -2 0.798400108761 -5.28524500389 -1.94039081082 0.407176954158
8.31680376948 -2 0.790631510298 -5.28376099846 -1.94035259214 0.413188792305
8.34110078331 -2 0.738744789459 -5.27339753152 -1.93976964248 0.453392229842
8.36675251179 -2 0.683790712383 -5.26156707024 -1.93853297061 0.496065547046
8.37695950615 -2 0.661877779808 -5.2566052907 -1.93786286053 0.513107635906
8.3785093881 -2 0.658548210139 -5.25583919565 -1.93775222757 0.51569838665
8.37937431276 -2 0.656689868019 -5.25541021689 -1.93768946944 0.517144516158
8.43110491482 -2 0.545244679717 -5.22785880663 -1.93260588637 0.604056948586
8.43644029193 -2 0.533719912821 -5.22480504797 -1.9319323644 0.613065313419
8.43671604438 -2 0.533124128664 -5.22464613925 -1.93189679419 0.613531112103
8.45290453888 -2 0.498124399281 -5.21513125933 -1.92967755564 0.640912268122
8.45906659685 -2 0.484790459704 -5.21141340606 -1.92876505182 0.651352711422
8.4778549138 -2 0.444098990467 -5.19975049259 -1.92575182844 0.683244113267
8.49603483299 -2 0.404678742966 -5.18799629576 -1.92250459195 0.714181630653
8.51401560083 -2 0.36565157473 -5.17591718713 -1.91897163449 0.744850810177
8.51489092459 -2 0.363750811854 -5.17531764745 -1.91879148239 0.746345512927
8.53371820394 -2 0.322850185116 -5.16216344109 -1.91473296402 0.778530749076
8.55200220063 -2 0.28310282604 -5.14891564894 -1.91045537893 0.809848446843
8.56099213703 -2 0.263551992679 -5.14223103137 -1.90823057979 0.825267076238
8.60284115766 -2 0.172500721476 -5.10963202094 -1.89681789678 0.897193065376
8.6131145729 -2 0.150144655765 -5.10125691051 -1.8937502671 0.914882340254
8.65460503478 -2 0.0598780528071 -5.06594229422 -1.8802939923 0.986417200285
8.66600651164 -2 0.0350861955594 -5.05582009316 -1.87629655688 1.00609454911
8.66767006901 -2 0.0314695885339 -5.05432815768 -1.87570250298 1.00896611311
8.6691467053 -2 0.0282595147393 -5.05300065368 -1.87517289453 1.01151511549
8.67810826374 -2 0.00878140656054 -5.04487952026 -1.87191228186 1.02698644213
8.6813297631 -2 0.00178099700744 -5.04193302723 -1.87072066119 1.03254868028
8.68211818946 -2 6.78592150652e-05 -5.0412097229 -1.87042745489 1.03391001804
8.68943660965 -2 -0.0158313555727 -5.0344548421 -1.86767635663 1.04654703488
8.68990608027 -2 -0.016851106625 -5.03401899972 -1.86749806027 1.04735772357
8.73021361144 -2 -0.104312006938 -4.99546700386 -1.85137424777 1.11696206072
8.73501694918 -2 -0.114720345565 -4.99072396758 -1.84934534785 1.12525484603
8.74365335499 -2 -0.133425720578 -4.98211641909 -1.84563986993 1.1401631425
8.76012073755 -2 -0.169058057769 -4.96542110695 -1.83836977705 1.16857938375
8.79960839492 -2 -0.254291162162 -4.92387975769 -1.81984420614 1.23663818651
8.81960120897 -2 -0.297312895571 -4.90203957196 -1.80987799156 1.27103498682
8.82439102839 -2 -0.30760510818 -4.89672687582 -1.80743188561 1.27926797201
8.84134231798 -2 -0.343980253962 -4.87767653798 -1.79859393842 1.30837766788
8.86694766824 -2 -0.398769108338 -4.84816801602 -1.78470953686 1.35225798228
8.87427583753 -2 -0.414412181351 -4.83956113477 -1.78061775785 1.36479380823
8.89010998134 -2 -0.448151896655 -4.82071935115 -1.77159749955 1.39184217162
8.90568924817 -2 -0.481263417834 -4.80185536796 -1.76248398676 1.41840028661
8.93585729179 -2 -0.545122373768 -4.76441369697 -1.74416626806 1.469654991
9.03428877761 -2 -0.750688129463 -4.63399104967 -1.67831155542 1.63489644795
9.03705752612 -2 -0.756400057431 -4.63014214584 -1.6763257057 1.6394920553
9.08119011627 -2 -0.846853994755 -4.56748329646 -1.6436987008 1.71228657846
9.08829433019 -2 -0.861305934226 -4.55716822681 -1.63827629324 1.72391950343
9.18178262748 -2 -1.048337435 -4.41563931458 -1.56258759477 1.87447179481
9.18482554825 -2 -1.05431897729 -4.41085481883 -1.5599903577 1.87928538465
9.20904950957 -2 -1.10167750747 -4.37237439375 -1.53901841946 1.91738996275
9.21124430627 -2 -1.10594520561 -4.36885364629 -1.53709239458 1.92082306432
9.27665952329 -2 -1.23126609516 -4.26134998604 -1.47774039907 2.02156354919
9.28696951484 -2 -1.25067015756 -4.24395983446 -1.4680463718 2.03714558546
9.33144803412 -2 -1.33321688904 -4.16757680782 -1.42518601054 2.10336627811
9.3345917181 -2 -1.33897723464 -4.1620956754 -1.42209350983 2.10798271078
9.42728405269 -2 -1.50408329164 -3.99574987461 -1.32726128748 2.23995188321
9.67736282143 -2 -1.89503882828 -3.50562909021 -1.03896569294 2.54712655075
9.70157159752 -2 -1.92791216623 -3.45538006485 -1.00880243029 2.57231256093
9.7976934225 -2 -2.04838127521 -3.25177610127 -0.885634199374 2.66296254489
9.97980325532 -2 -2.22727223583 -2.85138043515 -0.63955598675 2.78827133541
10.0335052493 -2 -2.26618290251 -2.73061589181 -0.564465812027 2.81205291966
10.3314664317 -2 -2.34610850034 -2.05304295444 -0.137068178201 2.8126112252
10.5187298595 -2 -2.25827105472 -1.63554808591 0.130553112914 2.67775279288
10.8992980915 -2 -1.66732876148 -0.873790165537 0.625059568466 1.99253118106
