1.77034980863 -2 1.16059585858 -2.0014819064 0.333834857174 0.311521336247
1.8432278434 -2 1.16012446097 -2.00599008894 0.331569051044 0.308556101968
2.31646863451 -2 1.1553652199 -2.05233431503 0.30569495035 0.274699934398
2.33512630927 -2 1.15515377552 -2.05446421485 0.304306371641 0.27281744939
2.45692219066 -2 1.15377940661 -2.06865303498 0.294393677726 0.259128364741
2.48579163325 -2 1.1534627973 -2.07204082558 0.291833186452 0.255519395867
2.62338254656 -2 1.15209340606 -2.08769409184 0.278783602938 0.236651649904
2.66057751736 -2 1.15176947551 -2.09181127209 0.274957000944 0.230968130491
2.67432180343 -2 1.15165540782 -2.09332741384 0.273499420943 0.228785306755
2.68771619993 -2 1.15155019928 -2.09476441296 0.272092480845 0.226668963027
2.69564571163 -2 1.15149175724 -2.09558094818 0.271281654728 0.225445136958
2.6958551585 -2 1.15148694349 -2.09564883916 0.271213860395 0.22534267323
2.77642195416 -2 1.15095352527 -2.10406820112 0.262320434424 0.211717874682
2.79288973227 -2 1.15086549513 -2.1057397807 0.260429878438 0.208774986178
2.80088896053 -2 1.15082448532 -2.10656865931 0.259475627074 0.207283435371
2.82161402402 -2 1.1507324742 -2.10858910139 0.257101120026 0.203554153793
2.83820738572 -2 1.15067145359 -2.11021223412 0.255107928459 0.200374988046
2.84523511219 -2 1.15064061985 -2.11095124127 0.254233926323 0.199017463253
2.84993723142 -2 1.15062586351 -2.11138193806 0.253700113633 0.198168786812
2.86424727594 -2 1.15058232554 -2.11278732174 0.251933742318 0.195351553307
2.87842567569 -2 1.15054801356 -2.11411756028 0.250226300563 0.192615246377
2.91838323924 -2 1.15049218898 -2.11785084982 0.245239496727 0.184550705457
2.99775736577 -2 1.15059369933 -2.1249291028 0.234911942225 0.167511543147
3.02880159727 -2 1.15072242505 -2.12758867372 0.230703723584 0.160441317171
3.03939363638 -2 1.15078019676 -2.12849694091 0.229222393052 0.15793541251
3.04759783229 -2 1.15082915351 -2.12918660935 0.228082148519 0.156000498818
3.05192664923 -2 1.15085726869 -2.12955623839 0.227465484017 0.154951895797
3.06671367828 -2 1.1509585176 -2.13076234925 0.225426013485 0.151473119633
3.08083304238 -2 1.15107380836 -2.13195589755 0.223366081799 0.147942775725
3.10046009441 -2 1.15125246781 -2.13354544237 0.220557073549 0.143101959066
3.1095014817 -2 1.1513422723 -2.13425635381 0.219276159406 0.140884414161
3.11363412366 -2 1.15138255053 -2.13455974604 0.218724837691 0.139928018144
3.14177250774 -2 1.15172024205 -2.13681165399 0.214544571338 0.132638838828
3.18230002403 -2 1.15231647059 -2.13994883464 0.208460092401 0.121912948828
3.30681810541 -2 1.15516075315 -2.14921723866 0.188782341355 0.0863301619693
3.3131140677 -2 1.1553540163 -2.14968224778 0.187735178451 0.0844002237756
3.33652743523 -2 1.15611573129 -2.15140121775 0.183823448492 0.0771598756677
3.33763982571 -2 1.15615905673 -2.15149411552 0.183610326965 0.076764013296
3.35191143561 -2 1.15667373282 -2.15256278088 0.181147005181 0.0721782413788
3.35515579443 -2 1.15678968927 -2.15279524105 0.18060846787 0.0711731853879
3.3694538057 -2 1.15731766632 -2.15381908867 0.178225983697 0.0667161677013
3.37171981058 -2 1.15741682841 -2.15400546858 0.177790536909 0.0658996918193
3.40553697876 -2 1.15882692244 -2.15648512173 0.171954566531 0.0549023871584
3.40645287465 -2 1.15888375456 -2.15657916155 0.171731915668 0.0544808354168
3.44119637405 -2 1.16055639525 -2.1591840876 0.165539286985 0.0426990701547
3.44469822014 -2 1.1607193254 -2.15942300857 0.164969616029 0.0416097917794
3.45981080518 -2 1.16152780838 -2.16057571623 0.16221954117 0.0363386596778
3.47079374606 -2 1.16212761946 -2.16139867471 0.160255841105 0.0325620955521
3.47430388468 -2 1.16234483009 -2.16169052455 0.15955964527 0.0312206698616
3.48896379661 -2 1.16320479338 -2.16281657699 0.156875739157 0.0260371796006
3.50917349196 -2 1.16447579788 -2.16440450306 0.153101445964 0.0187156353837
3.51126158448 -2 1.16459954253 -2.16455475388 0.152745200239 0.0180226606922
3.51791720477 -2 1.16506017021 -2.16510783835 0.151435426457 0.0154720648322
3.5188040559 -2 1.16510258725 -2.16515829096 0.151316080034 0.0152394365665
3.52359962437 -2 1.16544520936 -2.1655629735 0.150359649971 0.0133738673726
3.52574461775 -2 1.16557520834 -2.16571522387 0.150000227869 0.012672194616
3.5278124682 -2 1.16570604027 -2.16586774893 0.149640390386 0.0119693836533
3.53076166355 -2 1.16592595536 -2.16612257662 0.14903973752 0.0107955004285
3.54714501159 -2 1.16710771816 -2.16746071195 0.145897688678 0.00464015568159
3.57774043944 -2 1.16946502543 -2.16999434049 0.140014369092 -0.0069503722626
3.58974682911 -2 1.17046420242 -2.17102240372 0.137655781111 -0.0116201426198
3.59149578805 -2 1.17062551952 -2.17118613477 0.137281822577 -0.0123617397345
3.5949991145 -2 1.17089656454 -2.17145989546 0.136657617603 -0.0136003245396
3.61776138349 -2 1.17293050392 -2.17346474315 0.13212854542 -0.0226139717592
3.70990932552 -2 1.18281325689 -2.1823205546 0.113128499559 -0.0609139793705
3.71842160709 -2 1.18383324804 -2.18317543521 0.111387134633 -0.0644613503446
3.74541780764 -2 1.1873868192 -2.18609307008 0.105569075143 -0.0763560555318
3.75623792631 -2 1.18887055712 -2.18728668553 0.1032442287 -0.0811270187612
3.75742376057 -2 1.18904813855 -2.18742867117 0.102969796437 -0.0816908618135
3.76998693964 -2 1.19085961388 -2.18886707665 0.100214802131 -0.0873588875443
3.77538044454 -2 1.19160261468 -2.18945207273 0.0991073685616 -0.0896411757624
3.7958269861 -2 1.1947831161 -2.19191409045 0.0945340301296 -0.0991238682183
3.79815603879 -2 1.19508023048 -2.1921555943 0.094085439796 -0.100018245499
3.80477539689 -2 1.1961877278 -2.1930056857 0.0925383942396 -0.103223901981
3.80605799408 -2 1.19639139943 -2.19316149304 0.0922564809061 -0.103808504374
3.8075555481 -2 1.19659578621 -2.19331768711 0.0919743729887 -0.10439364711
3.86327547457 -2 1.2063268907 -2.20059515583 0.0793689305733 -0.130675303236
3.86460737381 -2 1.20656552472 -2.20077026554 0.0790780643195 -0.131284786055
3.8703872649 -2 1.20764940959 -2.20156390806 0.0777667592014 -0.134034153163
3.89462669181 -2 1.21254103695 -2.20510373041 0.0720646579296 -0.146053318856
3.89912847905 -2 1.2134520226 -2.20576928323 0.0710030676655 -0.148257476259
3.91619468167 -2 1.21706988331 -2.20835896504 0.0669852588989 -0.156739033762
3.93013256905 -2 1.22013840901 -2.21053879977 0.063685394031 -0.163722597705
3.95334292859 -2 1.22540163999 -2.21424681063 0.0582352015177 -0.175290696244
3.9651561036 -2 1.22830442295 -2.21627712782 0.0553335503105 -0.181466206538
3.97441749826 -2 1.230659593 -2.21790963268 0.053054619052 -0.186355792103
3.98352280311 -2 1.23290713517 -2.21947772295 0.0508713181368 -0.1909851066
3.98897609924 -2 1.23437956838 -2.2204895736 0.0495020997495 -0.193942361874
3.99224726142 -2 1.23520542585 -2.22106811905 0.0487027375627 -0.195620603373
4.00234540239 -2 1.23789428813 -2.22292281686 0.0462129145207 -0.200950250242
4.00642707744 -2 1.23891996807 -2.22362870025 0.0452760899538 -0.202957634036
4.01308960822 -2 1.24082528262 -2.22493773311 0.0435541374992 -0.206650234187
4.0136194529 -2 1.24082528262 -2.22493773311 0.0435541374992 -0.206650234187
4.03560800673 -2 1.24710631992 -2.22923424097 0.038037094042 -0.21850582052
4.03793743932 -2 1.24784574263 -2.2297382842 0.0374028954658 -0.219871022514
4.04593874218 -2 1.25009109095 -2.23126678626 0.0354957882566 -0.223979235314
4.04715688756 -2 1.25046929117 -2.23152394262 0.0351772800436 -0.224665773625
4.05980842471 -2 1.25431454977 -2.23413386234 0.0319819014443 -0.231559939831
4.06048175063 -2 1.25450985717 -2.23426620668 0.0318216420229 -0.231906019512
4.06481103895 -2 1.25588521028 -2.23519760365 0.0306985211935 -0.234332226372
4.06534562495 -2 1.25608286473 -2.23533137539 0.030537889095 -0.23467934828
4.06814035323 -2 1.25707616738 -2.23599721985 0.0297562307564 -0.236398524467
4.07939760334 -2 1.26050641458 -2.23832013962 0.0269922330886 -0.242348898737
4.09872665573 -2 1.26698835749 -2.24268354008 0.0219581221023 -0.25326222515
4.12292046525 -2 1.27534379233 -2.2482836328 0.0157272535902 -0.266807963297
4.14293868056 -2 1.28274235923 -2.25322277654 0.0104295017492 -0.278357051004
4.14785201134 -2 1.28440611482 -2.25433121915 0.00926449608112 -0.280900591811
4.15898725633 -2 1.28876045613 -2.25722863302 0.00625874928954 -0.287469250457
4.1651354135 -2 1.29122743435 -2.25886800614 0.00458268602427 -0.291135929749
4.17213240669 -2 1.29398112564 -2.26069615999 0.00273392598942 -0.29518358077
4.17382950899 -2 1.29448633376 -2.26103137054 0.0023972167405 -0.295921122418
4.1810533603 -2 1.29754713115 -2.26306100811 0.000373284851681 -0.30035670895
4.18735627123 -2 1.30013678314 -2.26477663498 -0.001318122032 -0.30406652258
4.18993663854 -2 1.30118264884 -2.26546911691 -0.0019959009753 -0.305553869759
4.20217433625 -2 1.30622938589 -2.26880757974 -0.00522479227277 -0.312645343924
4.2032098471 -2 1.30676826038 -2.26916376286 -0.00556557931321 -0.313394359622
4.21428494153 -2 1.31140812359 -2.27222843837 -0.00846917568985 -0.319780451042
4.22527235766 -2 1.31643813211 -2.27554667311 -0.0115569573821 -0.326579927724
4.23713353144 -2 1.32159061082 -2.27894158822 -0.0146583776736 -0.333417883242
4.2371439948 -2 1.32159061082 -2.27894158822 -0.0146583776736 -0.333417883242
4.25376030421 -2 1.32955321085 -2.28418063244 -0.0193357806433 -0.34374619498
4.26152573381 -2 1.33318371075 -2.28656659859 -0.0214242527332 -0.348363771952
4.26941768024 -2 1.33687137162 -2.28898850291 -0.0235185871663 -0.352997939545
4.26984015933 -2 1.33718127481 -2.28919196266 -0.0236933782612 -0.353384865487
4.27577006229 -2 1.33998849962 -2.29103448958 -0.0252683118209 -0.35687233669
4.27627394858 -2 1.34030243022 -2.29124048437 -0.0254435054776 -0.357260403109
4.29215628116 -2 1.34828303191 -2.29647372362 -0.0298363127496 -0.366998828371
4.29252480971 -2 1.34860758792 -2.29668641407 -0.0300125404883 -0.367389827813
4.29982907088 -2 1.35220504075 -2.2990432529 -0.031953639973 -0.37169818864
4.31522130383 -2 1.36056926839 -2.30451850375 -0.0363827608872 -0.381539743729
4.31926538597 -2 1.36261600076 -2.30585740242 -0.0374493353774 -0.383911918023
4.32287187686 -2 1.36467809665 -2.30720601325 -0.0385172847054 -0.386288007653
4.32542900103 -2 1.36606139693 -2.30811050605 -0.0392300115272 -0.387874234425
4.32845814788 -2 1.3678004756 -2.30924462208 -0.0401046050481 -0.389845250875
4.33143200954 -2 1.36919900801 -2.31016154573 -0.0408358604311 -0.391449554537
4.37044857715 -2 1.39177876482 -2.32490215502 -0.0519799399637 -0.416312552419
4.372560093 -2 1.39291484407 -2.3256429983 -0.0525227054638 -0.417525725454
4.37883228432 -2 1.39673128792 -2.32813120937 -0.0543342271503 -0.421576247979
4.38290225652 -2 1.39943016821 -2.3298879871 -0.0555882090424 -0.424404261516
4.38487781601 -2 1.40059337187 -2.33064839988 -0.0561492662541 -0.425636876662
4.39130363436 -2 1.40450140133 -2.33319477569 -0.0579677882004 -0.429707523404
4.39237409018 -2 1.40489474297 -2.33345102635 -0.0581498306059 -0.430115135644
4.39338380915 -2 1.40568281492 -2.33396441015 -0.0585140187102 -0.43093065763
4.39368663008 -2 1.40607776981 -2.33421941895 -0.058680178421 -0.431325357224
4.41314584327 -2 1.41813643597 -2.34207349621 -0.0641763385582 -0.443621445463
4.41324078412 -2 1.41813643597 -2.34207349621 -0.0641763385582 -0.443621445463
4.4282846582 -2 1.42808941025 -2.34854965829 -0.0685820699016 -0.453510178539
4.43976336983 -2 1.43573519945 -2.35352207262 -0.0718986245838 -0.460962283802
4.43986026508 -2 1.43573519945 -2.35352207262 -0.0718986245838 -0.460962283802
4.44252800522 -2 1.43788682883 -2.35492100971 -0.0728217196201 -0.463037633903
4.44568288891 -2 1.44005061044 -2.35632769135 -0.0737456011537 -0.465115274341
4.45029994101 -2 1.44310038676 -2.35831010112 -0.0750403472445 -0.468027794926
4.45922187577 -2 1.44927197852 -2.36232085145 -0.0776343805838 -0.473866091456
4.46311322129 -2 1.45194649787 -2.36405859103 -0.0787479410146 -0.476373573889
4.47058007352 -2 1.4573490405 -2.36756820334 -0.0809783124277 -0.481398059697
4.47102261252 -2 1.45780248353 -2.36786273274 -0.0811643706586 -0.481817335586
4.47384897271 -2 1.45962124171 -2.36904403231 -0.0819088996209 -0.483495308189
4.47977230289 -2 1.46374268769 -2.3717206191 -0.0835858102529 -0.487275801687
4.4856566048 -2 1.46836974588 -2.3747250391 -0.0854518076866 -0.491484481877
4.50267712967 -2 1.481115427 -2.38299831302 -0.090504204795 -0.502889850109
4.51181607505 -2 1.48787066977 -2.38738168044 -0.0931319165512 -0.508827303553
4.53109916846 -2 1.50268656621 -2.39699221464 -0.0987803195405 -0.521602847651
4.5442577832 -2 1.51333654899 -2.40389795079 -0.102747949141 -0.530586938366
4.54982864272 -2 1.51797172916 -2.40690292227 -0.104451702751 -0.534447336694
4.55031186996 -2 1.51848938632 -2.40723849587 -0.104641130019 -0.534876636817
4.55052813137 -2 1.51848938632 -2.40723849587 -0.104641130019 -0.534876636817
4.55464841477 -2 1.52212778794 -2.40959698575 -0.10596779271 -0.537883773746
4.57315669334 -2 1.53747842978 -2.41954539712 -0.111476182406 -0.550379091445
4.58658367556 -2 1.54887524131 -2.42692929266 -0.115476816693 -0.559463593512
4.59923532825 -2 1.55995045442 -2.43410325522 -0.119295685668 -0.568142550824
4.61015499787 -2 1.56953505591 -2.44031052225 -0.122548121519 -0.575539639339
4.61365989188 -2 1.57295546488 -2.44252543494 -0.123697392761 -0.578154630983
4.62550909515 -2 1.58391673 -2.44962267368 -0.127341234469 -0.586449646282
4.63565791097 -2 1.59330106196 -2.45569794241 -0.13041481569 -0.593451165519
4.63651373874 -2 1.59389226581 -2.4560806511 -0.130607063385 -0.593889239913
4.64800255727 -2 1.60462841204 -2.46303002854 -0.134070409235 -0.601783954102
4.65587868465 -2 1.61249398197 -2.46811977672 -0.136563326588 -0.607486857725
4.66001595995 -2 1.61615576315 -2.47049046705 -0.137731855474 -0.610135925048
4.66478438705 -2 1.62106941063 -2.4736702345 -0.139275176828 -0.613658054384
4.66634788083 -2 1.62230339086 -2.4744687511 -0.139661155475 -0.61453908342
4.66753301762 -2 1.62353960008 -2.47526869873 -0.140047192551 -0.615420308892
4.677983901 -2 1.6335096106 -2.4817198608 -0.143137538544 -0.622477048892
4.68246782805 -2 1.63854833305 -2.48497909924 -0.144672752564 -0.626000671905
4.6852649798 -2 1.6410809986 -2.48661851654 -0.145457593848 -0.627777457659
4.68882723661 -2 1.64489700106 -2.48908649249 -0.14660713925 -0.630420924646
4.69224972678 -2 1.64809226549 -2.49115443953 -0.147585946004 -0.632641844105
4.69572376417 -2 1.65130162956 -2.49323062627 -0.148553874232 -0.63485467054
4.69796585585 -2 1.65387922029 -2.49489806316 -0.149328432803 -0.636625698032
4.69921024024 -2 1.6551713836 -2.49573394512 -0.149715782805 -0.637511464021
4.70439852351 -2 1.66036250142 -2.49909190471 -0.151265643352 -0.641056182297
4.70995898484 -2 1.6662455006 -2.50289722989 -0.153010088828 -0.645047083111
4.71508019002 -2 1.67151307787 -2.50630431426 -0.154561431272 -0.648597216008
4.71737673187 -2 1.67416037254 -2.50801653504 -0.155337348151 -0.650373198307
4.72463768065 -2 1.6814868857 -2.51275499382 -0.1574719263 -0.655260203533
4.74061891974 -2 1.69839161825 -2.52368718776 -0.16232727973 -0.666382788856
4.74506638394 -2 1.703188088 -2.52678879144 -0.16368768669 -0.669500790665
4.74758805855 -2 1.70594133445 -2.52856911225 -0.164465224306 -0.671283188089
4.75138104467 -2 1.71008812275 -2.53125047059 -0.165631741452 -0.673957688204
4.75487239004 -2 1.7142552131 -2.53394488188 -0.166798499588 -0.676633243436
4.75757192264 -2 1.71704455163 -2.53574840768 -0.167576465609 -0.678417516568
4.76894829399 -2 1.72970820597 -2.54393605494 -0.171078457248 -0.686452097165
4.7693947062 -2 1.73041709695 -2.5443943676 -0.171273062685 -0.686898708115
4.77161136514 -2 1.73254715063 -2.54577147976 -0.171856908024 -0.688238689014
4.77550989365 -2 1.73682246862 -2.5485354864 -0.173024723622 -0.690919302817
4.77799374177 -2 1.73968394479 -2.55038540199 -0.173803354391 -0.69270684794
4.79922951419 -2 1.76436990098 -2.56634343694 -0.180423921638 -0.707914628241
4.80797928494 -2 1.77472338708 -2.57303577225 -0.183150809147 -0.714182817
4.81067081713 -2 1.77770169763 -2.57496084633 -0.183929961933 -0.715974287077
4.8181252001 -2 1.78669033824 -2.5807706269 -0.186267469402 -0.721350030885
4.82204901781 -2 1.7912148326 -2.5836949333 -0.187436224604 -0.724038587794
4.83072181197 -2 1.80185006183 -2.59056855796 -0.190163224714 -0.730313416328
4.83370479952 -2 1.80490874332 -2.59254535045 -0.190942323856 -0.732106569824
4.83574352625 -2 1.8079763661 -2.5945274271 -0.191712235352 -0.733892413379
4.84278164209 -2 1.81645795284 -2.60000926552 -0.193863667256 -0.738832000622
4.85445356758 -2 1.83048148978 -2.60907183432 -0.197368451472 -0.74690420503
4.85708097103 -2 1.83362212176 -2.61110137416 -0.198147132865 -0.748698186474
4.86353319223 -2 1.84151222987 -2.61620002577 -0.200093531431 -0.75318326482
4.86399945677 -2 1.8423042634 -2.61671183683 -0.20028814544 -0.753631777758
4.86604574394 -2 1.8446836568 -2.61824938981 -0.20087195734 -0.754977317344
4.86980348937 -2 1.84945724568 -2.62133402514 -0.202039439354 -0.757668384549
4.87054211528 -2 1.85025476057 -2.62184936502 -0.202234000502 -0.758116892193
4.87110458255 -2 1.85105282262 -2.62236505717 -0.202428555984 -0.758565398362
4.88489032755 -2 1.86874824301 -2.63379916927 -0.206707202157 -0.768431811252
4.88529190834 -2 1.86955883781 -2.63432293061 -0.20690160809 -0.768880235769
4.89694446069 -2 1.88424211503 -2.64381024202 -0.210399591401 -0.776950744551
4.89777243435 -2 1.88506298189 -2.64434061774 -0.210593845815 -0.777399032149
4.90475650132 -2 1.89412800497 -2.65019760347 -0.212730055821 -0.782329565702
4.90477406205 -2 1.89495535358 -2.65073179404 -0.212915907048 -0.782771040974
4.90524153632 -2 1.89495531812 -2.65073213042 -0.21292420138 -0.782777734168
4.9169373401 -2 1.91077576954 -2.66095351021 -0.21661107422 -0.79129062894
4.91827398211 -2 1.91245226057 -2.66203664542 -0.216998945874 -0.792186440906
4.92911099962 -2 1.92678788744 -2.67129833222 -0.220294014229 -0.799798307493
4.93968670624 -2 1.94127548174 -2.68065790144 -0.223585537803 -0.80740501565
4.94744983799 -2 1.95159275009 -2.68732310007 -0.225906637949 -0.812770870097
4.95008773073 -2 1.95504842001 -2.68955551363 -0.226679884074 -0.814558764879
4.95214355654 -2 1.95764559229 -2.69123331519 -0.227259664844 -0.81589943652
4.96015642328 -2 1.9689534664 -2.69853822842 -0.229770473527 -0.82170641651
4.96029415244 -2 1.9689534664 -2.69853822842 -0.229770473527 -0.82170641651
4.96173281846 -2 1.97070082078 -2.69966700976 -0.23015651803 -0.822599407014
4.96855477097 -2 1.9803476781 -2.70589876282 -0.232278602694 -0.827508877304
4.97971755713 -2 1.99626541521 -2.71618120097 -0.23574666958 -0.835534841188
4.98076777131 -2 1.99804411817 -2.71732991413 -0.236124252607 -0.836420075786
4.98493316109 -2 2.00339209355 -2.72078475953 -0.237286169601 -0.839098625295
4.98934034515 -2 2.00965403883 -2.72482969107 -0.238632248366 -0.84221515793
4.99052439823 -2 2.0114476213 -2.72598825645 -0.239016669821 -0.843105281463
4.99075935027 -2 2.0114476213 -2.72598825645 -0.239016669821 -0.843105281463
5.01450120593 -2 2.04589721007 -2.74824039311 -0.246305213039 -0.85998885779
5.01485128822 -2 2.04589721007 -2.74824039311 -0.246305213039 -0.85998885779
5.02677933849 -2 2.06338230913 -2.75953420184 -0.24993765694 -0.868408146249
5.03155104457 -2 2.07079535989 -2.76432229419 -0.25146456918 -0.871948180428
5.03494625858 -2 2.07544367782 -2.76732462268 -0.252418098987 -0.874159152592
5.03611341519 -2 2.07730625427 -2.76852764814 -0.252799337985 -0.875043201123
5.04668766614 -2 2.09321250965 -2.77880128523 -0.256035780025 -0.882549515137
5.04862711014 -2 2.09603320244 -2.78062311378 -0.256606140175 -0.883872612372
5.05021291877 -2 2.09791593086 -2.78183912695 -0.256986247985 -0.88475441244
5.05314378588 -2 2.10263065603 -2.78488425417 -0.257936049961 -0.886957974775
5.05685556249 -2 2.10830315966 -2.78854796721 -0.259074919544 -0.889600453633
5.06314030354 -2 2.11779300869 -2.79467714993 -0.260970827545 -0.894000123569
5.06387632979 -2 2.11874443036 -2.79529163878 -0.261160264115 -0.894439777833
5.06681068638 -2 2.12255452157 -2.79775243309 -0.261917726068 -0.896197816647
5.06693710801 -2 2.12350814288 -2.79836833971 -0.262107020084 -0.896637180825
5.07008545199 -2 2.12828283236 -2.80145193217 -0.263046623547 -0.898828076574
5.07234399995 -2 2.13115284975 -2.80330573553 -0.263620330783 -0.900149968545
5.0791647878 -2 2.14170962822 -2.81012385753 -0.265698055325 -0.904973746416
5.09235591967 -2 2.16200670352 -2.82323259203 -0.269654372381 -0.914161634655
5.0965241057 -2 2.16783982074 -2.82699983048 -0.270782197269 -0.916781449262
5.10047422034 -2 2.17466391678 -2.83140689413 -0.272090396091 -0.919830065165
5.1045882881 -2 2.18052906208 -2.83519493983 -0.27322179747 -0.922449317861
5.11729713512 -2 2.20018422555 -2.84788869853 -0.276963945264 -0.931145840726
5.11843278395 -2 2.20215847029 -2.84916370101 -0.277337400737 -0.932013891029
5.12397572236 -2 2.21106189469 -2.85491366864 -0.279016201136 -0.935916412441
5.12577761878 -2 2.21304469756 -2.85619418807 -0.279388875366 -0.93678280672
5.12984090492 -2 2.21999659889 -2.86068380074 -0.280692096009 -0.939812764917
5.131774238 -2 2.22298170458 -2.8626116075 -0.281250071881 -0.941110153375
5.13299705908 -2 2.22497366864 -2.86389803273 -0.281621871774 -0.941974686717
5.13426367858 -2 2.22696714155 -2.86518543066 -0.281993523701 -0.942838904379
5.13496165677 -2 2.2279644422 -2.86582949333 -0.282179293977 -0.943270894337
5.13938296258 -2 2.23495601736 -2.8703446821 -0.283478638921 -0.946292586638
5.14098681734 -2 2.23695695614 -2.87163689301 -0.283849541393 -0.947155202201
5.14378131188 -2 2.24196575497 -2.87487157961 -0.284776131964 -0.949310315052
5.1444603585 -2 2.24296861545 -2.87551922653 -0.284961335331 -0.949741091573
5.14450500768 -2 2.24296861545 -2.87551922653 -0.284961335331 -0.949741091573
5.1534091117 -2 2.2570467172 -2.88461081655 -0.287550109994 -0.955763212501
5.15480188973 -2 2.25906361199 -2.8859133139 -0.287919307078 -0.956622164133
5.16833534265 -2 2.28134181695 -2.90030032952 -0.291969845496 -0.96604767096
5.17524459928 -2 2.29254292936 -2.90753381463 -0.293987635829 -0.97074421762
5.1763087064 -2 2.2935632137 -2.90819269448 -0.294170818576 -0.971170627112
5.1783961222 -2 2.29764765952 -2.91083023081 -0.294897756684 -0.972871282404
5.18246647552 -2 2.30378411026 -2.9147931318 -0.296000296616 -0.975429606438
5.1831250394 -2 2.30480798911 -2.91545432903 -0.296183007693 -0.975854988423
5.19276904243 -2 2.32020443901 -2.92539695834 -0.29891842447 -0.982224253602
5.19422369733 -2 2.32329222177 -2.92739085118 -0.299459092078 -0.983491575297
5.19447947222 -2 2.32329221107 -2.92739095263 -0.299464312828 -0.983495492947
5.19566939646 -2 2.32535227138 -2.92872127861 -0.299828014395 -0.984342495165
5.20295124722 -2 2.33670441415 -2.9360521332 -0.301825138723 -0.988993914402
5.21250120912 -2 2.35224268864 -2.94608619741 -0.304539521123 -0.995317050138
5.21370786216 -2 2.35431939813 -2.94742725718 -0.304900643941 -0.996158384937
5.22111848428 -2 2.36680341956 -2.95548893686 -0.307063387215 -1.00119758412
5.221347958 -2 2.36680341956 -2.95548893686 -0.307063387215 -1.00119758412
5.22203716399 -2 2.36784556761 -2.95616191229 -0.307243304139 -1.00161682917
5.22223581514 -2 2.36888799081 -2.95683506512 -0.30742317273 -1.0020359674
5.23171445184 -2 2.38455680576 -2.96695328885 -0.310115346215 -1.00831008673
5.23335046805 -2 2.38665049719 -2.96830529685 -0.310473464835 -1.00914478032
5.23374879973 -2 2.38769773397 -2.96898155298 -0.310652449482 -1.00956196157
5.23916205939 -2 2.3960849046 -2.9743975823 -0.312082523957 -1.01289541212
5.24279160844 -2 2.40238592975 -2.97846646837 -0.313152959491 -1.01539079178
5.24951252306 -2 2.41396085637 -2.98594095088 -0.315110640665 -1.01995501649
5.25669570544 -2 2.4255646478 -2.99343404168 -0.317062038404 -1.02450524745
5.26116374672 -2 2.4329633836 -2.99821172292 -0.318300515576 -1.02739344055
5.26763867453 -2 2.44355188562 -3.00504915244 -0.320065222478 -1.03150927571
5.27601439852 -2 2.45841157265 -3.01464462147 -0.322526684531 -1.03725102488
5.28154596933 -2 2.46692072946 -3.02013928979 -0.323928376258 -1.04052113945
5.28305684807 -2 2.47011489697 -3.02220187486 -0.324453088514 -1.04174536384
5.28963891259 -2 2.480774447 -3.02908510289 -0.326198459413 -1.0458178714
5.29312646413 -2 2.48717899988 -3.03322072664 -0.327242946931 -1.04825522961
5.30840235321 -2 2.51285893137 -3.04980300189 -0.33139999121 -1.05795760039
5.31069481227 -2 2.51607544838 -3.05187999196 -0.331917233365 -1.05916501276
5.31973380583 -2 2.53217799 -3.06227780298 -0.334495328175 -1.06518374857
5.32256584987 -2 2.53647735069 -3.06505399983 -0.335180512832 -1.06678353042
5.32459495385 -2 2.53970327492 -3.06713705195 -0.335693757485 -1.06798191055
5.3331572863 -2 2.55477268406 -3.07686768839 -0.338081534266 -1.07355767995
5.33750372734 -2 2.56231613512 -3.08173864152 -0.339270825678 -1.07633514991
5.3521825649 -2 2.58713779001 -3.09776640921 -0.343156506701 -1.0854112242
5.35246232443 -2 2.58713779001 -3.09776640921 -0.343156506701 -1.0854112242
5.35663043366 -2 2.59470187121 -3.10265064903 -0.344332306814 -1.08815806229
5.35901573627 -2 2.59902597546 -3.10544278407 -0.345002747837 -1.08972439807
5.36370645105 -2 2.6065960228 -3.11033086441 -0.3461734725 -1.09245968913
5.36398738435 -2 2.60767773936 -3.11102934259 -0.346340452943 -1.09284983957
5.36675115891 -2 2.61200526739 -3.11382368112 -0.347007706613 -1.09440891977
5.36678809818 -2 2.61200526739 -3.11382368112 -0.347007706613 -1.09440891977
5.36952687377 -2 2.6163338047 -3.11661866899 -0.347673887423 -1.09596555593
5.37666771598 -2 2.62932480758 -3.12500709966 -0.349665940701 -1.10062067276
5.38044655667 -2 2.63582292798 -3.12920299841 -0.350658285048 -1.10293983211
5.38243356616 -2 2.63907254376 -3.13130130465 -0.351153528982 -1.10409729324
5.38819942533 -2 2.64882327144 -3.13759743016 -0.352635521581 -1.10756113809
5.40022656061 -2 2.66941448142 -3.15089330956 -0.355745531143 -1.11483109438
5.40410731546 -2 2.67591784664 -3.15509256557 -0.35672231468 -1.11711468907
5.40844463083 -2 2.68350511521 -3.15999169788 -0.357858625972 -1.11977139715
5.40915364263 -2 2.68458899128 -3.16069156088 -0.358020667223 -1.12015026511
5.41087879897 -2 2.68784056636 -3.16279111486 -0.358506355808 -1.12128587199
5.4121820182 -2 2.69000822793 -3.1641907813 -0.358829784751 -1.12204211045
5.4169308905 -2 2.69759455817 -3.1690892968 -0.359959486205 -1.12468367361
5.42179072656 -2 2.70626335278 -3.17468675572 -0.361246165603 -1.12769249519
5.43804356916 -2 2.73442071196 -3.19286793636 -0.365391693093 -1.13739363313
5.44859387387 -2 2.75172973525 -3.20404437958 -0.367922494469 -1.14330800872
5.45552155671 -2 2.76361853002 -3.21172093935 -0.36964872442 -1.1473464339
5.45578658567 -2 2.76469881843 -3.21241844447 -0.369802090692 -1.14771074367
5.46151256188 -2 2.77441716341 -3.21869357504 -0.371209804771 -1.15099880284
5.46316440684 -2 2.77657571516 -3.2200873424 -0.371521074169 -1.15172709574
5.46539495907 -2 2.78089157042 -3.22287407004 -0.372142661232 -1.15318148824
5.46714480198 -2 2.78304885556 -3.22426701845 -0.372452977632 -1.15390758476
5.46861750846 -2 2.78628395428 -3.22635590512 -0.372917854043 -1.15499535052
5.48068513666 -2 2.80674788237 -3.23956934016 -0.375845269998 -1.16184578247
5.4834903899 -2 2.81105010702 -3.24234725673 -0.37645783884 -1.16327937295
5.48577251104 -2 2.81535008754 -3.24512372295 -0.377069099248 -1.16470994248
5.5097455077 -2 2.85607365023 -3.27141856841 -0.382809859027 -1.17814734301
5.51122881666 -2 2.85820997676 -3.27279797258 -0.383108639608 -1.17884679318
5.51235383903 -2 2.86034553518 -3.2741768805 -0.383407079378 -1.17954545457
5.51499850523 -2 2.86461430967 -3.27693318305 -0.384002934012 -1.18094040499
5.51592509346 -2 2.86568100838 -3.27762193895 -0.384151683699 -1.18128864724
5.52390593602 -2 2.87952942609 -3.28656370714 -0.386077598932 -1.18579766295
5.52437798413 -2 2.88059321143 -3.28725058093 -0.386225141203 -1.18614310883
5.53130319924 -2 2.89228026124 -3.29479676835 -0.387842359146 -1.18992969607
5.53465709884 -2 2.8975834431 -3.29822096643 -0.388573957795 -1.19164275848
5.53515132274 -2 2.89864337555 -3.29890535134 -0.388720013694 -1.19198475925
5.53644199522 -2 2.90076252691 -3.30027366024 -0.389011861049 -1.19266814761
5.55067344148 -2 2.92400774924 -3.31528278622 -0.392198743587 -1.2001310484
5.55801038816 -2 2.93663343442 -3.32343500833 -0.393918745971 -1.20415925308
5.55869086653 -2 2.93768377748 -3.32411319926 -0.394061490772 -1.20449356961
5.55907731481 -2 2.93873383836 -3.32479120794 -0.394204144648 -1.20482767495
5.56058535192 -2 2.9408331087 -3.32614667537 -0.394489179322 -1.20549525131
5.5630392638 -2 2.9450282097 -3.32885538861 -0.395058154257 -1.20682786156
5.57084279918 -2 2.95758529417 -3.33696330277 -0.396756280564 -1.21080524701
5.58456925859 -2 2.98049090328 -3.35175307866 -0.399834880856 -1.21801660327
5.5869028869 -2 2.98463866618 -3.35443121847 -0.400389762354 -1.21931644426
5.58745191302 -2 2.98463866618 -3.35443121847 -0.400389762354 -1.21931644426
5.59524373201 -2 2.99808123797 -3.36311085261 -0.402182685009 -1.22351662393
5.5953921865 -2 2.99808123797 -3.36311085261 -0.402182685009 -1.22351662393
5.61790465471 -2 3.03498710998 -3.38694027503 -0.407061214486 -1.23495070149
5.62299113254 -2 3.04312050404 -3.39219184976 -0.408128705186 -1.23745187845
5.62593916202 -2 3.04717746607 -3.39481136525 -0.408662038279 -1.23869730565
5.63781321369 -2 3.06635664667 -3.40719497601 -0.411164394537 -1.24456085521
5.63921356924 -2 3.06836650794 -3.40849270217 -0.411425707482 -1.24517318675
5.64041951794 -2 3.07037461715 -3.40978929691 -0.411686619587 -1.24578458263
5.64079159541 -2 3.07137801165 -3.41043716801 -0.411816925147 -1.24608992927
5.6444712501 -2 3.07638833381 -3.41367222897 -0.412466945202 -1.24761314251
5.65660163602 -2 3.09631611326 -3.42653917349 -0.415041743763 -1.25364695635
5.6585915176 -2 3.0992892192 -3.42845884376 -0.415424452102 -1.25454382577
5.68514721559 -2 3.14044757596 -3.45503387563 -0.420684764788 -1.26687183903
5.68977343115 -2 3.14721923889 -3.45940618208 -0.421543566176 -1.26888460186
5.69025282913 -2 3.14818448362 -3.46002941821 -0.421665829651 -1.2691711509
5.69226676606 -2 3.15107698731 -3.46189704057 -0.422031984937 -1.27002931162
5.69454585956 -2 3.15492607679 -3.46438229721 -0.422517193658 -1.27117030799
5.69813546706 -2 3.15972513811 -3.46748094894 -0.423124718783 -1.27259037762
5.70349851826 -2 3.16832855599 -3.47303597216 -0.424208816602 -1.27513122637
5.7048084858 -2 3.17023426233 -3.47426644134 -0.424448549538 -1.27569310188
5.70493299322 -2 3.17023426233 -3.47426644134 -0.424448549538 -1.27569310188
5.71124916662 -2 3.17972865909 -3.48039674559 -0.425640762544 -1.27848736997
5.71640802895 -2 3.18728263097 -3.48527416225 -0.426586759209 -1.2807045754
5.73036931409 -2 3.20786030123 -3.49856065776 -0.429152331671 -1.28671772521
5.73224415705 -2 3.21064360388 -3.50035776697 -0.429498073969 -1.28752807019
5.73894777195 -2 3.2208012339 -3.50691629407 -0.430757299941 -1.29047941536
5.74380179099 -2 3.22722553097 -3.51106430033 -0.431551646206 -1.29234117691
5.7591751332 -2 3.2499108503 -3.52571162976 -0.434343919678 -1.2988855147
5.75975597958 -2 3.2499108503 -3.52571162976 -0.434343919678 -1.2988855147
5.76252662795 -2 3.25439832557 -3.52860907614 -0.434893939152 -1.30017458769
5.76616708474 -2 3.25976100747 -3.53207162013 -0.435550226326 -1.30171270516
5.76630575538 -2 3.25976100747 -3.53207162013 -0.435550226326 -1.30171270516
5.7723708296 -2 3.2677589094 -3.53723565586 -0.436526987058 -1.3040018743
5.77505862138 -2 3.27217799919 -3.54008894574 -0.437065640512 -1.30526426279
5.77580621564 -2 3.2730597262 -3.54065825359 -0.437173028166 -1.30551593491
5.77586990707 -2 3.2730597262 -3.54065825359 -0.437173028166 -1.30551593491
5.78503761662 -2 3.28532990214 -3.54858078059 -0.438664406409 -1.30901104505
5.79581659012 -2 3.30004041925 -3.55807896696 -0.440444959108 -1.31318367316
5.80014683077 -2 3.30603621377 -3.56195028941 -0.441168371033 -1.31487888589
5.80379918721 -2 3.31114647417 -3.56524984586 -0.441783885339 -1.31632122347
5.80471649258 -2 3.31199556367 -3.56579807985 -0.441886061489 -1.31656065028
5.80541762971 -2 3.31369148616 -3.56689309084 -0.442090062202 -1.31703867737
5.80871247881 -2 3.31791807624 -3.56962208475 -0.442598010341 -1.31822891694
5.81174867522 -2 3.32212567219 -3.57233881432 -0.443103018882 -1.31941224488
5.81328369156 -2 3.3238033604 -3.5734220516 -0.443304197586 -1.31988363681
5.81733189065 -2 3.32881796366 -3.57665984312 -0.443904900106 -1.32129114903
5.82169896006 -2 3.3346330775 -3.58041450172 -0.444600334609 -1.32292058148
5.82659473868 -2 3.34123195688 -3.58467521537 -0.44538799165 -1.32476602978
5.82768100582 -2 3.34287378568 -3.58573529863 -0.445583715147 -1.32522459059
5.82924281965 -2 3.3445124402 -3.58679333229 -0.445778961434 -1.32568202866
5.83137354982 -2 3.34778019066 -3.58890322778 -0.446168020571 -1.32659353217
5.83323620858 -2 3.35022260586 -3.5904802219 -0.446457888239 -1.32727576837
5.83401558369 -2 3.35103513707 -3.59100485585 -0.446555165464 -1.32750053151
5.83555145904 -2 3.35265778655 -3.59205255528 -0.446748018948 -1.32795233935
5.83600793446 -2 3.35346790149 -3.59257562384 -0.446844265754 -1.32817781984
5.8381222262 -2 3.3558933938 -3.59414169632 -0.447132285761 -1.32885256592
5.84026813151 -2 3.35911601987 -3.5962224556 -0.447514629398 -1.32974826637
5.8459318366 -2 3.36631910247 -3.60087327847 -0.448367258261 -1.33174869134
5.85679000014 -2 3.37974182522 -3.60953995552 -0.449952742133 -1.33545939731
5.85932618451 -2 3.38286486046 -3.61155641055 -0.45032054994 -1.33632087681
5.8634048844 -2 3.38752394168 -3.61456464649 -0.450868598999 -1.33760447033
5.86741546565 -2 3.39215225139 -3.61755301381 -0.451412242633 -1.33887768781
5.86780474176 -2 3.39292062849 -3.61804913291 -0.451502420796 -1.33908887996
5.86874972703 -2 3.39445479494 -3.61903970025 -0.451682408836 -1.33951039673
5.8696174669 -2 3.39522058219 -3.61953414713 -0.451772218608 -1.33972072109
5.87470351668 -2 3.40131563669 -3.62346954885 -0.452486267913 -1.34139288225
5.88157505016 -2 3.40960491034 -3.62882169396 -0.453455193303 -1.34366172777
5.88374974565 -2 3.41184708727 -3.63026940282 -0.45371684688 -1.3442743799
5.88977452304 -2 3.41926310237 -3.63505770895 -0.454580954855 -1.346297533
5.89334095195 -2 3.42293746916 -3.63743014086 -0.455008341262 -1.3472981079
5.89751291292 -2 3.42804358895 -3.64072701377 -0.455601438979 -1.34868655263
5.90191260696 -2 3.43310506661 -3.6439950622 -0.456188404028 -1.35006053895
5.90589602586 -2 3.43740768136 -3.64677313472 -0.456686622904 -1.35122670199
5.90749169587 -2 3.43954652583 -3.64815412395 -0.456934034705 -1.35180578032
5.90770783533 -2 3.43954652583 -3.64815412395 -0.456934034705 -1.35180578032
5.90992850239 -2 3.44238533325 -3.64998705867 -0.45726215362 -1.35257372597
5.91941992738 -2 3.45289765241 -3.65677455399 -0.458474599028 -1.3554110667
5.92408278405 -2 3.45773076449 -3.65989515184 -0.459030648175 -1.35671213907
5.92878886727 -2 3.46251719082 -3.6629856058 -0.459580464692 -1.35799850681
5.93030288629 -2 3.46455414266 -3.66430080528 -0.459814188393 -1.358545296
5.93227448482 -2 3.46658243278 -3.6656104121 -0.460046763101 -1.35908937392
5.93287030721 -2 3.46725660019 -3.66604570201 -0.460124032455 -1.35927013019
5.93556018685 -2 3.46994359792 -3.66778061672 -0.460431830889 -1.35999013702
5.93603365873 -2 3.47061292463 -3.66821278109 -0.460508460521 -1.3601693836
5.93850988888 -2 3.47328051206 -3.66993516304 -0.460813697764 -1.36088334598
5.94165492694 -2 3.47659305695 -3.67207397474 -0.461192357987 -1.36176898664
5.9426703004 -2 3.47725263127 -3.67249984224 -0.461267704731 -1.36194520534
5.94273328454 -2 3.47725263127 -3.67249984224 -0.461267704731 -1.36194520534
5.94301882193 -2 3.47791122517 -3.67292507671 -0.461342922936 -1.36212112063
5.9541461695 -2 3.48895641777 -3.68005662793 -0.462601922196 -1.36506515159
5.95764372272 -2 3.49278615709 -3.68252937599 -0.463037361305 -1.36608317681
5.96091907711 -2 3.49595004582 -3.68457220414 -0.46339666338 -1.36692311585
5.96297993054 -2 3.49783630195 -3.68579010315 -0.463610687046 -1.3674234011
5.96398997107 -2 3.49908875893 -3.68659877704 -0.463752719775 -1.36775539024
5.96411300972 -2 3.49908875893 -3.68659877704 -0.463752719775 -1.36775539024
5.96557583647 -2 3.50033716986 -3.6874048385 -0.463894232329 -1.36808615089
5.97162232017 -2 3.50651828482 -3.69139579862 -0.464593980462 -1.36972149715
5.97462379411 -2 3.50957056724 -3.69336656549 -0.464938961328 -1.37052761229
5.97596851739 -2 3.51078430073 -3.69415023664 -0.465076038599 -1.3708478967
5.98160212528 -2 3.51619510294 -3.69764382845 -0.465686404394 -1.37227386336
5.98179396823 -2 3.51619510294 -3.69764382845 -0.465686404394 -1.37227386336
5.98223129087 -2 3.51679113456 -3.69802866807 -0.465753567244 -1.37243075525
5.9824508742 -2 3.51679113456 -3.69802866807 -0.465753567244 -1.37243075525
5.98692286099 -2 3.52093427565 -3.70070376912 -0.466220029454 -1.37352030879
5.99117927577 -2 3.52502631836 -3.70334587733 -0.466680045617 -1.37459463054
6.00076567098 -2 3.53362157789 -3.70889557596 -0.46764402416 -1.37684529862
6.00224882552 -2 3.5347496341 -3.70962392763 -0.467770306214 -1.37714007338
6.00254419432 -2 3.5353120685 -3.70998707445 -0.467833248497 -1.37728699098
6.00400729051 -2 3.53643374583 -3.71071130746 -0.46795873538 -1.37757988611
6.0054184703 -2 3.53755116248 -3.71143278946 -0.46808369176 -1.37787152718
6.01204391164 -2 3.54362050678 -3.71535158062 -0.468761455299 -1.37945310261
6.01486044003 -2 3.54579532974 -3.71675579765 -0.469003923695 -1.38001878502
6.01597974157 -2 3.54687627207 -3.71745372922 -0.469124358388 -1.38029973583
6.01739413313 -2 3.54795289328 -3.71814887076 -0.469244259676 -1.38057942539
6.02384210479 -2 3.55327096479 -3.72158258754 -0.469835754604 -1.38195892838
6.02396219737 -2 3.55379679205 -3.72192209818 -0.469894168825 -1.38209513988
6.02563295094 -2 3.55484517484 -3.72259900699 -0.470010595732 -1.38236661326
6.0268696008 -2 3.55588919027 -3.72327309591 -0.470126487015 -1.38263681986
6.02878226019 -2 3.55744701132 -3.72427893346 -0.470299319008 -1.383039753
6.033181339 -2 3.56104354535 -3.72660110573 -0.470697898921 -1.38396882609
6.04004002538 -2 3.5665861604 -3.73017980301 -0.471310934625 -1.38539732744
6.04755113669 -2 3.57247958692 -3.73398500838 -0.471961107162 -1.38691170361
6.05053580003 -2 3.57488775743 -3.73553989043 -0.472226272377 -1.38752911226
6.05592465003 -2 3.5786825003 -3.73799003981 -0.47264349897 -1.38850031219
6.05639919767 -2 3.57915178078 -3.73829303986 -0.472695042556 -1.38862026923
6.05955350605 -2 3.58148126051 -3.73979711364 -0.472950725714 -1.3892152388
6.06070967008 -2 3.58240514242 -3.74039363591 -0.473052048804 -1.38945097781
6.07518607526 -2 3.59270298993 -3.74704263916 -0.474178977402 -1.39207380264
6.07967218115 -2 3.59571702875 -3.74898871338 -0.474506550355 -1.39283238322
6.08239902106 -2 3.59741401805 -3.75008440742 -0.474691201126 -1.39326126027
6.08319102608 -2 3.59783538181 -3.75035646911 -0.474737021645 -1.39336766932
6.08397891343 -2 3.59825559092 -3.75062778526 -0.474782705234 -1.39347375412
6.08470997567 -2 3.59909254266 -3.75116817938 -0.474873661506 -1.39368495072
6.08611183638 -2 3.59992486835 -3.75170558661 -0.474964069701 -1.39389484946
6.10024107317 -2 3.60877374993 -3.75741903874 -0.475922319839 -1.39611790916
6.10574667931 -2 3.61223077873 -3.7596511366 -0.476295137747 -1.39698188069
6.10804602646 -2 3.6133619763 -3.76038151632 -0.476416928091 -1.39726399078
6.10922172357 -2 3.61411022124 -3.76086463523 -0.476497431491 -1.39745042911
6.12536653062 -2 3.6234068072 -3.76686715743 -0.477493631836 -1.39975484287
6.12557079925 -2 3.6234068072 -3.76686715743 -0.477493631836 -1.39975484287
6.12793210296 -2 3.62476573562 -3.7677445762 -0.47763857839 -1.40008966383
6.1298589647 -2 3.62577239248 -3.76839454394 -0.477745830254 -1.40033732391
6.13432161171 -2 3.62807937926 -3.76988409527 -0.477991220421 -1.40090366852
6.13494312387 -2 3.62840415543 -3.7700937934 -0.478025719897 -1.4009832564
6.14139111687 -2 3.63158584983 -3.7721481171 -0.478363058169 -1.40176098587
6.14894602222 -2 3.63524484886 -3.77451062227 -0.478749464944 -1.40265064291
6.15052715906 -2 3.63583776366 -3.77489344949 -0.47881191209 -1.40279428639
6.15172175104 -2 3.63642583517 -3.77527314955 -0.478873800477 -1.40293660502
6.15808828837 -2 3.63929342176 -3.77712466403 -0.479174854927 -1.40362830986
6.1602831635 -2 3.64040643311 -3.7778433021 -0.479291359331 -1.40389570238
6.16112457687 -2 3.64068164294 -3.77802099684 -0.479320135401 -1.40396172042
6.16388300076 -2 3.64203941351 -3.77889766869 -0.479461914525 -1.40428682739
6.16473228018 -2 3.64230730908 -3.77907064087 -0.47948984996 -1.40435085177
6.1727213043 -2 3.64567875314 -3.78124748076 -0.479841745492 -1.40515878289
6.17679802263 -2 3.64716499641 -3.7822071052 -0.479993966682 -1.40550408896
6.17687308601 -2 3.64716499641 -3.7822071052 -0.479993966682 -1.40550408896
6.17986250003 -2 3.64836977877 -3.7829849976 -0.480118201339 -1.40578758114
6.18083249056 -2 3.64860704824 -3.7831381955 -0.480142626411 -1.40584327878
6.18179839573 -2 3.64907789734 -3.78344220891 -0.48019105455 -1.40595367288
6.18278054208 -2 3.64931147626 -3.78359302395 -0.480215057578 -1.40600836925
6.18650053745 -2 3.65068708926 -3.78448121691 -0.48035612004 -1.40632953491
6.20374396104 -2 3.65651861931 -3.78824646601 -0.480949041795 -1.40767550791
6.20529438694 -2 3.65689797934 -3.78849140908 -0.480985312083 -1.40775473859
6.20568495275 -2 3.65708579909 -3.78861267896 -0.481004097019 -1.40779705245
6.21115624265 -2 3.65854360446 -3.78955394265 -0.481149286961 -1.40812348282
6.21868954853 -2 3.66058091249 -3.79086937563 -0.481350094212 -1.40857282716
6.22731672217 -2 3.66273066388 -3.79225741151 -0.481558590525 -1.40903586099
6.23344884708 -2 3.66398321575 -3.79306615098 -0.481677947746 -1.40929867846
6.23376232581 -2 3.6641161269 -3.79315196822 -0.48169050016 -1.4093261956
6.23892247809 -2 3.66513429164 -3.79380937087 -0.48178580845 -1.40953419514
6.24305623965 -2 3.66595932684 -3.7943420753 -0.481861746382 -1.40969848524
6.24486736972 -2 3.66618375192 -3.79448698102 -0.481882164046 -1.40974238779
6.24487001667 -2 3.66618375192 -3.79448698102 -0.481882164046 -1.40974238779
6.24569895076 -2 3.66640315262 -3.79462864267 -0.481902013156 -1.40978493992
6.24612654866 -2 3.66640315262 -3.79462864267 -0.481902013156 -1.40978493992
6.25118501644 -2 3.66723048562 -3.79516283179 -0.481975722361 -1.40994163954
6.25788851175 -2 3.66823662845 -3.79581247551 -0.482062207221 -1.41012178914
6.26554065406 -2 3.66916046959 -3.79640898095 -0.482136910102 -1.41027164575
6.26779558358 -2 3.66942808812 -3.79658177738 -0.482157253341 -1.41031076874
6.26934222929 -2 3.669554332 -3.79666329088 -0.482166570091 -1.41032829891
6.26952015547 -2 3.669554332 -3.79666329088 -0.482166570091 -1.41032829891
6.27911709316 -2 3.67038262878 -3.79719810997 -0.482222881481 -1.41042753725
6.28639589414 -2 3.67076462223 -3.79744476317 -0.482236534195 -1.41043232033
6.28681671126 -2 3.67079177283 -3.79746229448 -0.482237128684 -1.41043142715
6.28754081438 -2 3.67081766043 -3.79747901031 -0.482237580488 -1.4104301948
6.28934624286 -2 3.67088774476 -3.79752426467 -0.482238079726 -1.4104244626
6.29601333221 -2 3.67103925002 -3.7976220975 -0.482230467087 -1.41038330272
6.29990406872 -2 3.67106951219 -3.79764164344 -0.482219047493 -1.41034231716
6.3031524771 -2 3.67105430124 -3.79763182787 -0.482204985566 -1.4102973565
6.30587663264 -2 3.67100687349 -3.79760121104 -0.482187284819 -1.41024374402
6.30596495124 -2 3.67100687349 -3.79760121104 -0.482187284819 -1.41024374402
6.30848480767 -2 3.67094619116 -3.79756203508 -0.482170553513 -1.41019474138
6.3106029973 -2 3.67088741525 -3.79752408891 -0.482156505325 -1.41015442322
6.31132601563 -2 3.67086529692 -3.79750980901 -0.482151536921 -1.4101403045
6.31916897679 -2 3.67046282875 -3.7972499641 -0.482073948258 -1.40992584666
6.32293684492 -2 3.67020510365 -3.79708356684 -0.482029994856 -1.40980749882
6.32989445581 -2 3.66961460982 -3.79670231823 -0.481936054529 -1.40955875189
6.33023787614 -2 3.66961460982 -3.79670231823 -0.481936054529 -1.40955875189
6.3317075562 -2 3.66942707491 -3.79658123695 -0.481907433896 -1.40948377419
6.3498776218 -2 3.66712988265 -3.795098053 -0.481578297711 -1.40863644999
6.3500290213 -2 3.66712988265 -3.795098053 -0.481578297711 -1.40863644999
6.35166409627 -2 3.66682522676 -3.79490135093 -0.4815363897 -1.40852985745
6.35194187745 -2 3.66672117376 -3.79483416748 -0.481525046821 -1.40850291331
6.35260926602 -2 3.66661583717 -3.79476615778 -0.481507736773 -1.408457096
6.36463197894 -2 3.66437611429 -3.79332006875 -0.481210063648 -1.4077075916
6.36618837031 -2 3.66411399434 -3.79315083083 -0.481172388403 -1.40761100804
6.36741271145 -2 3.66384687659 -3.79297836471 -0.481137166077 -1.40752261063
6.3677707619 -2 3.66371145323 -3.7928909265 -0.481122393037 -1.40748751841
6.36789590484 -2 3.66371143867 -3.79289091842 -0.481119340761 -1.40747790214
6.36908796812 -2 3.66343680577 -3.79271360003 -0.481083261841 -1.40738746562
6.3742712147 -2 3.66228821042 -3.79197200218 -0.480933236341 -1.40701212672
6.37530880747 -2 3.66213900737 -3.79187566825 -0.480913840877 -1.40696368029
6.37639557571 -2 3.66183685127 -3.79168057914 -0.480874621819 -1.40686576813
6.37693436934 -2 3.66168389867 -3.79158182426 -0.480854798236 -1.40681630242
6.37818721345 -2 3.66137424551 -3.79138189458 -0.480814722987 -1.40671635179
6.37843052443 -2 3.66137424551 -3.79138189458 -0.480814722987 -1.40671635179
6.38766118506 -2 3.65889274076 -3.78977969304 -0.480495969506 -1.40592341278
6.38817933095 -2 3.65871733582 -3.78966644151 -0.480473578287 -1.40586783323
6.38855446163 -2 3.65871733582 -3.78966644151 -0.480473578287 -1.40586783323
6.3952027674 -2 3.65670577286 -3.78836766018 -0.480217865679 -1.40523405052
6.42208362317 -2 3.64764645629 -3.7825184349 -0.47908299383 -1.40243657491
6.4255975544 -2 3.64617478277 -3.7815682356 -0.478900386297 -1.40198813421
6.43405028267 -2 3.64283482238 -3.77941175955 -0.478487195778 -1.40097471091
6.43945655421 -2 3.64040158392 -3.77784071649 -0.478187090532 -1.40023962308
6.44300691686 -2 3.63900714726 -3.77694038538 -0.478015402012 -1.39981941006
6.44623856772 -2 3.63758232057 -3.77602043259 -0.477840170266 -1.39939075064
6.45175280301 -2 3.63494121923 -3.77431518043 -0.477515829556 -1.39859788987
6.46012105999 -2 3.63095341424 -3.77174041595 -0.477027100411 -1.39740439617
6.46041226336 -2 3.63063822155 -3.77153690876 -0.476988516019 -1.39731022869
6.46107913661 -2 3.63032182566 -3.77133262471 -0.476949790297 -1.3972157242
6.46359058014 -2 3.62904421968 -3.77050772609 -0.476793474406 -1.39683433663
6.47316036712 -2 3.62408233276 -3.76730403573 -0.476187169473 -1.39535614844
6.48312715675 -2 3.61849372136 -3.76369569434 -0.475505475194 -1.39369600495
6.48322635952 -2 3.61849372136 -3.76369569434 -0.475505475194 -1.39369600495
6.48377205401 -2 3.6181343366 -3.76346365405 -0.475461672313 -1.3935893905
6.48776101721 -2 3.61595316839 -3.76205536149 -0.475195900616 -1.39294265519
6.48792981051 -2 3.61595316839 -3.76205536149 -0.475195900616 -1.39294265519
6.48898302856 -2 3.61521665488 -3.76157982434 -0.475106184998 -1.39272439251
6.4904806887 -2 3.61447541988 -3.76110123872 -0.475015907098 -1.39250478825
6.49448109291 -2 3.61184397905 -3.7594022232 -0.474695508648 -1.39172561296
6.49572568673 -2 3.61108158115 -3.7589099713 -0.47460700261 -1.39151278286
6.49836459073 -2 3.60954261077 -3.75791632225 -0.474415405548 -1.39104468171
6.49907095241 -2 3.60915494406 -3.75766602145 -0.47436823059 -1.39093002119
6.49941227932 -2 3.60915494406 -3.75766602145 -0.47436823059 -1.39093002119
6.50373950394 -2 3.60640850917 -3.75589275888 -0.474034079594 -1.39011802739
6.50631841937 -2 3.60481342255 -3.75486287559 -0.473840052984 -1.38964667246
6.5078687967 -2 3.60360487262 -3.75408256351 -0.473693062502 -1.38928964642
6.50948590023 -2 3.60279335537 -3.75355859946 -0.473594368905 -1.38904995837
6.5119124018 -2 3.60115638089 -3.75250167089 -0.4733953026 -1.38856657428
6.5139667296 -2 3.59991647151 -3.75170111128 -0.473244534309 -1.38820053064
6.52021247361 -2 3.59570827409 -3.74898404754 -0.472732890111 -1.38695870126
6.52499116253 -2 3.59225876778 -3.7467568402 -0.472313524312 -1.38594124265
6.52514778914 -2 3.59225876778 -3.7467568402 -0.472313524312 -1.38594124265
6.53316897791 -2 3.58649695796 -3.74303667173 -0.471613032515 -1.38424245089
6.53473369442 -2 3.58559341746 -3.74245329205 -0.471503176819 -1.38397611274
6.53835171933 -2 3.58285553346 -3.74068555077 -0.47117027331 -1.38316913005
6.54440740527 -2 3.57867228821 -3.73798459814 -0.470661543558 -1.38193626559
6.54646376477 -2 3.5767837443 -3.73676524161 -0.470431834546 -1.38137971022
6.54845004708 -2 3.57535553256 -3.735843103 -0.470258097543 -1.38095881737
6.5493739593 -2 3.57487721734 -3.73553427419 -0.470199908152 -1.3808178579
6.5507556313 -2 3.57391722411 -3.73491444536 -0.470083113939 -1.38053494649
6.557600336 -2 3.56855735019 -3.73145379159 -0.469430853147 -1.37895529905
6.56088252745 -2 3.56607650909 -3.72985201295 -0.469128842845 -1.37822406902
6.56192520259 -2 3.56507640927 -3.72920628902 -0.469007072403 -1.37792926797
6.56279936449 -2 3.56457469869 -3.72888235483 -0.46894598022 -1.37778137288
6.56387548744 -2 3.56356795983 -3.72823234435 -0.468823382061 -1.37748459389
6.56570483222 -2 3.56204956829 -3.7272519805 -0.468638450747 -1.37703695423
6.5660925968 -2 3.56154123185 -3.72692376829 -0.468576531329 -1.37688708228
6.56952583821 -2 3.55898303855 -3.72527204668 -0.468264868121 -1.37613278468
6.57480174726 -2 3.55483287182 -3.72259245262 -0.467759051093 -1.37490880557
6.58143411745 -2 3.54901236071 -3.71883438541 -0.467049195386 -1.37319151574
6.60556513291 -2 3.52790298459 -3.70520492421 -0.464469567833 -1.36695445321
6.60574611026 -2 3.52790298459 -3.70520492421 -0.464469567833 -1.36695445321
6.60868355736 -2 3.52501126752 -3.70333786124 -0.464115490764 -1.36609874449
6.61590503855 -2 3.51855733566 -3.69917082296 -0.463324575886 -1.36418760932
6.61689610231 -2 3.5173703455 -3.69840443233 -0.463179011025 -1.36383591433
6.62587074718 -2 3.50894555316 -3.69296489174 -0.462144908111 -1.36133780162
6.62595358178 -2 3.50894555316 -3.69296489174 -0.462144908111 -1.36133780162
6.63150667197 -2 3.50342329319 -3.68939939714 -0.461466157017 -1.35969843922
6.63269193406 -2 3.5021849045 -3.68859982092 -0.46131384171 -1.35933059012
6.63538836305 -2 3.49969594034 -3.68699280006 -0.461007596705 -1.35859102778
6.63932189522 -2 3.49593213398 -3.68456266671 -0.460544197338 -1.35747203315
6.63940881657 -2 3.49593213398 -3.68456266671 -0.460544197338 -1.35747203315
6.64299465995 -2 3.49213206748 -3.68210912196 -0.460075966387 -1.35634147213
6.65303694393 -2 3.48182277344 -3.67545284135 -0.458803787162 -1.35327022589
6.6583641203 -2 3.47657312515 -3.67206336348 -0.458154879092 -1.35170390714
6.6672444789 -2 3.46723565827 -3.66603455385 -0.45699879804 -1.34891376848
6.66900694294 -2 3.46521003881 -3.6647266968 -0.456747681114 -1.34830777236
6.66979403023 -2 3.46453290383 -3.66428949932 -0.45666371041 -1.34810513865
6.67152151505 -2 3.46249572683 -3.66297418017 -0.45641100364 -1.34749533368
6.67879166723 -2 3.45426089968 -3.65765730094 -0.45538827497 -1.34502759768
6.68724500863 -2 3.44518581613 -3.65179790542 -0.45425888834 -1.34230286151
6.71370994099 -2 3.41479712038 -3.63217723041 -0.450458799707 -1.33313715719
6.71451275423 -2 3.4140540819 -3.63169748266 -0.450365521271 -1.33291221126
6.72014923559 -2 3.40732672521 -3.62735392059 -0.44952018702 -1.33087371692
6.73227722003 -2 3.39289070371 -3.6180332122 -0.44770125009 -1.32648783419
6.74148487148 -2 3.38127354024 -3.61053252116 -0.446232483012 -1.3229466662
6.74355245008 -2 3.37892713556 -3.60901755138 -0.445935275054 -1.32223014034
6.75749776584 -2 3.36149014475 -3.59775926186 -0.44372072881 -1.31689153145
6.76158874534 -2 3.35666528407 -3.59464406536 -0.443106103626 -1.31540995221
6.77276218112 -2 3.34201609199 -3.58518574205 -0.44123497414 -1.31089974518
6.78207100077 -2 3.32961192925 -3.57717693793 -0.439644621833 -1.30706656518
6.78537798974 -2 3.32543821918 -3.57448216406 -0.43910825611 -1.30577382116
6.7884489056 -2 3.32124524922 -3.5717749555 -0.438568776243 -1.30447359123
6.7918130706 -2 3.31703316084 -3.56905540361 -0.438026188283 -1.30316588915
6.79403324329 -2 3.31364995818 -3.56687101557 -0.437598156435 -1.30213779374
6.79405025138 -2 3.31364982026 -3.56687093647 -0.437589884172 -1.30211435684
6.80072668199 -2 3.30513881322 -3.56137577296 -0.436490458826 -1.29946468963
6.8024737559 -2 3.30257096908 -3.55971783524 -0.436158222821 -1.29866399741
6.80678666615 -2 3.29655349936 -3.55583263532 -0.435378694265 -1.29678534592
6.81519637841 -2 3.28528339429 -3.54855605662 -0.433915035095 -1.29325801925
6.81799580415 -2 3.28179118931 -3.54630130439 -0.433460517095 -1.2921626754
6.8198919147 -2 3.27916455673 -3.54460541174 -0.433118347023 -1.29133808348
6.82260440643 -2 3.27477268346 -3.54176978706 -0.432545626552 -1.28995789855
6.82428607785 -2 3.27301100806 -3.54063235683 -0.432315686601 -1.28940377451
6.82844392566 -2 3.26682314862 -3.5366371504 -0.431507071381 -1.28745513234
6.82972236806 -2 3.26504894298 -3.53549163048 -0.431274947192 -1.28689575043
6.8329208137 -2 3.26060138006 -3.53262005184 -0.430692519032 -1.28549219723
6.84026913206 -2 3.2498577619 -3.52568341441 -0.42928238195 -1.2820940296
6.84275304913 -2 3.24715671064 -3.52393947621 -0.428927140192 -1.28123796734
6.84919215793 -2 3.23720181034 -3.51751208076 -0.427615356582 -1.27807683847
6.85704103209 -2 3.22625185537 -3.51044223122 -0.426167840447 -1.27458863121
6.86110755829 -2 3.22074225756 -3.50688495556 -0.425437661797 -1.27282905527
6.86489917555 -2 3.21520992378 -3.50331300162 -0.42470321827 -1.27105919985
6.86644220109 -2 3.21243531179 -3.50152157252 -0.424334400833 -1.27017042567
6.86647766532 -2 3.21243531179 -3.50152157252 -0.424334400833 -1.27017042567
6.88052491402 -2 3.19191954222 -3.48827556933 -0.421597390268 -1.2635747484
6.89421771303 -2 3.17111615904 -3.47484388676 -0.418803863065 -1.25684274581
6.89424042035 -2 3.17111615904 -3.47484388676 -0.418803863065 -1.25684274581
6.89777255764 -2 3.16634934092 -3.47176619832 -0.418161149979 -1.25529387315
6.89793720091 -2 3.16539428791 -3.47114957 -0.418032261357 -1.25498326345
6.89945613216 -2 3.16348250222 -3.46991522902 -0.417774138561 -1.25436120994
6.9000630918 -2 3.16252577198 -3.46929751793 -0.417644904501 -1.25404976637
6.90517782667 -2 3.15485199335 -3.46434295864 -0.416606895606 -1.25154823162
6.90548462668 -2 3.15389053618 -3.46372217878 -0.416486888045 -1.25126316291
6.91078028133 -2 3.14617718649 -3.45874209084 -0.415430371883 -1.24871284403
6.91402230105 -2 3.14133903571 -3.4556183522 -0.414772752734 -1.24712798074
6.92174733281 -2 3.12967372598 -3.44808668196 -0.413182875502 -1.24329630815
6.9246316365 -2 3.1247911667 -3.44493427504 -0.412515614993 -1.24168815215
6.92528256328 -2 3.123813123 -3.44430280476 -0.41238182429 -1.24136570269
6.92695298082 -2 3.12185551353 -3.44303888165 -0.412113904749 -1.2407199866
6.9281602142 -2 3.11989588283 -3.44177365373 -0.41184553475 -1.2400731818
6.93157510598 -2 3.11400496148 -3.4379702045 -0.41103772669 -1.23812624595
6.94036610217 -2 3.10019056729 -3.42905100457 -0.409137162789 -1.23354549137
6.95201177186 -2 3.08229192345 -3.41749484287 -0.406661543429 -1.22757846788
6.96163076176 -2 3.06726317777 -3.40779162902 -0.404571226344 -1.22253989018
6.96957444459 -2 3.05415844796 -3.39933065441 -0.402739710122 -1.21812493017
6.97142563663 -2 3.05112405926 -3.39737152461 -0.402314442306 -1.21709977249
6.97245771607 -2 3.05011175861 -3.39671794058 -0.402172469538 -1.2167575281
6.97410626681 -2 3.04707236061 -3.3947555773 -0.4017459016 -1.21572922144
6.97802365513 -2 3.04098244308 -3.39082367192 -0.400889847866 -1.21366553988
6.97833762583 -2 3.03996602949 -3.39016743303 -0.400746794717 -1.21332067834
6.98263759154 -2 3.03385909578 -3.38622454399 -0.399886216244 -1.21124603408
6.98568928457 -2 3.02875905123 -3.38293174603 -0.399166115305 -1.20951000972
6.98884806252 -2 3.02364923128 -3.37963263834 -0.398443338753 -1.20776750036
6.99174352403 -2 3.01852978944 -3.37632732006 -0.397717894311 -1.20601852367
6.99493662133 -2 3.01340087915 -3.37301589028 -0.39698978972 -1.20426309733
7.00112551301 -2 3.0031156447 -3.36637530928 -0.395537866507 -1.20076726812
7.01178475288 -2 2.98658384476 -3.35570176838 -0.393161065376 -1.19503160038
7.01285600757 -2 2.98451118062 -3.35436357776 -0.392863608941 -1.19431435349
7.01431581578 -2 2.98243716323 -3.35302451373 -0.392565735135 -1.19359609353
7.01661842449 -2 2.97828510779 -3.35034379073 -0.391968737434 -1.19215653898
7.01800082379 -2 2.97620708928 -3.34900214437 -0.391669614548 -1.19143524672
7.02054276595 -2 2.97204711954 -3.34631631347 -0.391070123235 -1.18998963796
7.0206157438 -2 2.97204711954 -3.34631631347 -0.391070123235 -1.18998963796
7.0238620703 -2 2.96683988413 -3.34295433078 -0.390318428928 -1.18817696857
7.02597598529 -2 2.96266837232 -3.3402610508 -0.3897152143 -1.1867223176
7.02766528773 -2 2.96058073539 -3.33891319684 -0.389412988657 -1.18599349017
7.02949451947 -2 2.9574469561 -3.33688991613 -0.388958878712 -1.18489837484
7.03275342221 -2 2.9522178747 -3.33351383462 -0.388199975774 -1.18306819456
7.04597514507 -2 2.93017545557 -3.31928248605 -0.384984728363 -1.17531373606
7.05104131143 -2 2.92174582636 -3.31384003611 -0.383748120761 -1.17233108271
7.05512642327 -2 2.91435594554 -3.30906888731 -0.382660811184 -1.16970842172
7.05592439848 -2 2.91329921075 -3.30838662514 -0.382505080497 -1.16933278079
7.0849261335 -2 2.86443237261 -3.27683672206 -0.375234433443 -1.15179267789
7.08838164437 -2 2.8590930831 -3.27338952941 -0.374431665885 -1.14985573632
7.09287836759 -2 2.85160992576 -3.26855820123 -0.3733037337 -1.14713412321
7.09697771011 -2 2.84411762427 -3.26372097498 -0.372171088163 -1.14440101293
7.10786721559 -2 2.82588644622 -3.25195047269 -0.369400894403 -1.13771591303
7.12498301129 -2 2.79683922926 -3.23319694088 -0.364945116882 -1.12696149411
7.12738085499 -2 2.79252750718 -3.23041320499 -0.36427921683 -1.12535410839
7.12948636992 -2 2.78929242531 -3.22832457145 -0.363778820077 -1.12414619292
7.1342361113 -2 2.78066038604 -3.22275156039 -0.362440371593 -1.12091516147
7.16310456812 -2 2.73199084463 -3.19132974044 -0.354803143426 -1.10247509156
7.16374315269 -2 2.73090756246 -3.19063036003 -0.354631363472 -1.10206025515
7.1650183229 -2 2.72874082542 -3.18923148819 -0.354287537637 -1.10122993017
7.16586290143 -2 2.72657386552 -3.18783247312 -0.353943357685 -1.10039873666
7.16899227057 -2 2.72115554913 -3.18433434654 -0.35308136212 -1.09831696124
7.17895278612 -2 2.70489396061 -3.17383570564 -0.350482201689 -1.09203930643
7.18257678182 -2 2.69838713835 -3.16963484832 -0.349437041822 -1.08951475163
7.18425053022 -2 2.69513337705 -3.16753419597 -0.348913291622 -1.08824959976
7.18979974702 -2 2.6864558109 -3.16193190306 -0.347512827282 -1.08486653173
7.19841262055 -2 2.67126841959 -3.15212685332 -0.345048812632 -1.07891370946
7.19968421473 -2 2.66909875897 -3.15072611346 -0.344695447677 -1.07805995456
7.20430630742 -2 2.66150514051 -3.14582365512 -0.343456003778 -1.07506525154
7.21192249722 -2 2.64848906109 -3.13742046549 -0.341321647272 -1.06990785612
7.22279502504 -2 2.62897318877 -3.12482098534 -0.338115549169 -1.06216640241
7.22448686491 -2 2.6268043548 -3.12342087028 -0.337737737895 -1.06124655197
7.22808302073 -2 2.62030211435 -3.11922305584 -0.336656137582 -1.05863231508
7.24226428953 -2 2.59647819545 -3.10384251991 -0.332665229445 -1.04898498568
7.24402871374 -2 2.5932320229 -3.10174682492 -0.332117992727 -1.04766197819
7.24832257499 -2 2.58566037391 -3.096858656 -0.330838312353 -1.0445680545
7.24980366819 -2 2.58349779004 -3.09546251905 -0.330471973241 -1.04368230611
7.25324548811 -2 2.57701214409 -3.09127547348 -0.329371054484 -1.04102035931
7.26314045773 -2 2.56081305288 -3.08081759797 -0.326606363067 -1.03433482857
7.26771712926 -2 2.55326153416 -3.07594247743 -0.32531016395 -1.03120003651
7.26900258708 -2 2.5500281432 -3.07385497188 -0.324772830282 -1.0299076364
7.27823632267 -2 2.53494607818 -3.06411841288 -0.32214651344 -1.02354797252
7.28444666613 -2 2.52418960987 -3.05717430542 -0.320275233451 -1.0190211928
7.28505956767 -2 2.52311471835 -3.05648038384 -0.320087689009 -1.01856748138
7.28698870759 -2 2.51989089443 -3.05439916998 -0.319524603319 -1.01720522411
7.28756829495 -2 2.51881657316 -3.0537056177 -0.319336757533 -1.01675076455
7.29417405379 -2 2.50808148779 -3.04677535768 -0.317454177156 -1.01219592994
7.30485268007 -2 2.48986776379 -3.03501717416 -0.31423673679 -1.00441032452
7.30500456761 -2 2.48986776379 -3.03501717416 -0.31423673679 -1.00441032452
7.30888828898 -2 2.48345089555 -3.03087467563 -0.313096094918 -1.00164983989
7.31329003495 -2 2.47597255396 -3.02604694272 -0.311762031231 -0.998421021802
7.31410329933 -2 2.47383750925 -3.02466864198 -0.311380217611 -0.997496877047
7.31437554823 -2 2.47383750925 -3.02466864198 -0.311380217611 -0.997496877047
7.31453490728 -2 2.47383750925 -3.02466864198 -0.311380217611 -0.997496877047
7.3191873953 -2 2.46530475469 -3.01916024496 -0.309850078529 -0.993793110193
7.33754145602 -2 2.43447932311 -2.99926079112 -0.304265117156 -0.980271647148
7.33805999491 -2 2.43342123182 -2.99857761793 -0.304093076831 -0.979862978607
7.34329615447 -2 2.42494884016 -2.99310841892 -0.30251985668 -0.976045365849
7.35272292251 -2 2.40910537488 -2.98288078893 -0.299598680837 -0.96897052118
7.35931612807 -2 2.39857250907 -2.97608142486 -0.297642711051 -0.964232623073
7.36612292044 -2 2.38701471951 -2.96862047985 -0.295483368014 -0.959001438827
7.37711236308 -2 2.36921359632 -2.95712934984 -0.292130385066 -0.950877178762
7.37870311364 -2 2.36608015053 -2.95510663448 -0.291536709826 -0.949438529713
7.37931818754 -2 2.36503620838 -2.95443274534 -0.291338687549 -0.948958651808
7.38275282967 -2 2.35982058161 -2.95106594253 -0.290347600275 -0.946556807637
7.38322497519 -2 2.35877827857 -2.95039311412 -0.290149188122 -0.946075948965
7.38590184951 -2 2.35461183369 -2.94770359125 -0.289354892802 -0.944150886672
7.38725499795 -2 2.35253028255 -2.94635991137 -0.288957358076 -0.943187381143
7.39223936979 -2 2.34421536528 -2.94099249617 -0.287364651512 -0.939326892195
7.39423201584 -2 2.3411019826 -2.93898276427 -0.286766332282 -0.937876552388
7.39622707893 -2 2.337991202 -2.93697471624 -0.28616744087 -0.936424770134
7.39739083758 -2 2.33591880405 -2.93563695964 -0.285767862961 -0.935456116008
7.39784018508 -2 2.3348830441 -2.93496836544 -0.28556797912 -0.934971549623
7.40039201055 -2 2.3307429488 -2.93229589409 -0.284767812782 -0.933031692232
7.40105215426 -2 2.32970866488 -2.93162825507 -0.284567613795 -0.932546330696
7.40615804978 -2 2.32144516557 -2.92629411371 -0.282963765939 -0.928657743071
7.40663441582 -2 2.32041358589 -2.92562822466 -0.282763003985 -0.928170960025
7.40912446236 -2 2.31629031656 -2.9229666418 -0.28195933474 -0.92622225767
7.41836429901 -2 2.30189788418 -2.91367634626 -0.279138716694 -0.919382138663
7.41838729768 -2 2.30189788418 -2.91367634626 -0.279138716694 -0.919382138663
7.4200550677 -2 2.29882181675 -2.91169076197 -0.278532737027 -0.917912447472
7.42213665668 -2 2.29574862513 -2.90970703869 -0.277926210313 -0.916441370919
7.43258167383 -2 2.27838912136 -2.89850169322 -0.274478980842 -0.908079303104
7.43381935783 -2 2.27635309985 -2.89718747678 -0.274072288866 -0.907092649601
7.44374342902 -2 2.26112603649 -2.88735874382 -0.27101457645 -0.899673638122
7.44942830809 -2 2.25202694242 -2.88148554153 -0.269173640029 -0.895206186947
7.46078038198 -2 2.23391460044 -2.8697946927 -0.265477800815 -0.88623570394
7.46136555271 -2 2.23291177343 -2.86914741065 -0.265271936352 -0.885735966249
7.4670899208 -2 2.2239027734 -2.86333251367 -0.263416626115 -0.881231865652
7.47595429696 -2 2.20994841622 -2.85432571805 -0.260521621915 -0.874202564482
7.47827012672 -2 2.20597499516 -2.85176110962 -0.259692494617 -0.872189116131
7.48462116993 -2 2.19606816639 -2.84536688426 -0.257615863501 -0.867145722509
7.48630607531 -2 2.19310362884 -2.84345347788 -0.256991819339 -0.86562999862
7.48736153645 -2 2.19211622559 -2.84281617796 -0.256783697049 -0.865124481207
7.4882033622 -2 2.19014258656 -2.84154233371 -0.256367291513 -0.864113033102
7.49271643516 -2 2.18324717007 -2.83709185267 -0.254908189036 -0.860568641048
7.49592648711 -2 2.17833368773 -2.83392058474 -0.253864379272 -0.858032835578
7.49787544055 -2 2.1753903591 -2.83202090532 -0.253237459888 -0.856509722513
7.51156011174 -2 2.15488841756 -2.81878875394 -0.2488358804 -0.845814068366
7.51413081018 -2 2.15003710227 -2.81565745851 -0.247812780276 -0.843337523351
7.51983271863 -2 2.14132441009 -2.81003433404 -0.245917400201 -0.838730510755
7.52698412744 -2 2.13071779602 -2.80318924245 -0.243566529214 -0.833005272951
7.53527407895 -2 2.11825323004 -2.7951449186 -0.240814164479 -0.826312822832
7.5427626754 -2 2.1068120069 -2.78776116198 -0.238266211167 -0.820116184629
7.54921874546 -2 2.09732560827 -2.78163907526 -0.236137639566 -0.814938578999
7.55322727476 -2 2.09165490946 -2.77797950921 -0.234858222607 -0.81182608479
7.55526000019 -2 2.08882554601 -2.77615360149 -0.234217880039 -0.810268182008
7.55724706789 -2 2.08505929719 -2.77372309497 -0.233363436254 -0.808189270055
7.55771277578 -2 2.08505929719 -2.77372309497 -0.233363436254 -0.808189270055
7.56035924129 -2 2.08036589184 -2.77069396787 -0.232324547056 -0.80567204415
7.56496291535 -2 2.07380358749 -2.76645943845 -0.230795661169 -0.801940908058
7.57023522877 -2 2.06633593149 -2.76164040613 -0.229080148693 -0.797765736823
7.57163524946 -2 2.06447356855 -2.76043859468 -0.228650817422 -0.796720754941
7.58713840563 -2 2.04134930528 -2.74551648954 -0.223269131185 -0.783618911142
7.59057648646 -2 2.03675928854 -2.74255462537 -0.222189500815 -0.780989862449
7.59872573618 -2 2.02488025941 -2.73488940342 -0.2193774295 -0.77414103181
7.60048763999 -2 2.02215029482 -2.73312785591 -0.218727468148 -0.772557826983
7.6506433181 -2 1.95182947516 -2.6877561483 -0.201480231091 -0.730515871766
7.65393081632 -2 1.94748245235 -2.68495167002 -0.200380472903 -0.727833072704
7.66523595056 -2 1.93193742606 -2.67492309412 -0.196413721935 -0.718154344578
7.66598876661 -2 1.93107861827 -2.67436906411 -0.196193001609 -0.717615699816
7.66600825569 -2 1.93107861827 -2.67436906411 -0.196193001609 -0.717615699816
7.6769324914 -2 1.91570709615 -2.66445290867 -0.192213945218 -0.707903495988
7.67968808274 -2 1.91231367401 -2.66226388012 -0.191328163095 -0.705741002054
7.68311680574 -2 1.90808343454 -2.65953507158 -0.190220156004 -0.703035749971
7.68712451575 -2 1.9021826871 -2.65572872972 -0.188667504155 -0.699244441594
7.69330803423 -2 1.89463312793 -2.65085891605 -0.186668794829 -0.694363187028
7.69435127354 -2 1.8929611324 -2.64978041929 -0.18622426783 -0.69327744641
7.69583099763 -2 1.89129120741 -2.6487032645 -0.185779607511 -0.692191338076
7.70913329715 -2 1.873882392 -2.63747441772 -0.181102740411 -0.680765258494
7.71134747308 -2 1.87059247253 -2.63535247265 -0.180210291669 -0.678584377119
7.71525511542 -2 1.865673275 -2.63217972083 -0.178870666017 -0.675310403381
7.71935065164 -2 1.85995803762 -2.62849362339 -0.177306339302 -0.67148677829
7.72245603915 -2 1.85670372798 -2.62639476375 -0.176411753854 -0.66929993662
7.72793954334 -2 1.8494122772 -2.62169226359 -0.17439713841 -0.664374504906
7.74575777774 -2 1.82700099009 -2.6072394284 -0.168113917629 -0.649007212667
7.74945363755 -2 1.82225255636 -2.6041774013 -0.166764536279 -0.645705792037
7.75101429688 -2 1.81988550337 -2.60265103398 -0.166089460738 -0.644053986503
7.75950431552 -2 1.80968353795 -2.5960726203 -0.16316121 -0.636887818121
7.76670968153 -2 1.80112135622 -2.59055183888 -0.160679813222 -0.630813690002
7.77034797168 -2 1.79647825918 -2.58755813825 -0.159324942784 -0.627496554174
7.77384565267 -2 1.79185437066 -2.58457689945 -0.157969112087 -0.624176645442
7.79106342014 -2 1.77128491871 -2.57131578063 -0.151856298036 -0.609203427823
7.79241134089 -2 1.7697767676 -2.57034354163 -0.15140276128 -0.608092151341
7.80614540294 -2 1.75332846751 -2.55974066211 -0.146407393493 -0.595849066838
7.8096304742 -2 1.74962637354 -2.55735438588 -0.145270463734 -0.593061753788
7.81773147617 -2 1.7400636125 -2.55119076186 -0.142311720212 -0.585806608768
7.82455088958 -2 1.73204275912 -2.5460213003 -0.139805157125 -0.579658610733
7.82672378244 -2 1.72986650116 -2.54461875064 -0.139121079545 -0.577980468786
7.82947002219 -2 1.72697232051 -2.54275355268 -0.138208667342 -0.575742012103
7.83602869053 -2 1.71905748666 -2.53765293938 -0.135697738989 -0.569580806776
7.84216915454 -2 1.71193105992 -2.53305979043 -0.133457116919 -0.564096155527
7.84722613235 -2 1.7069527825 -2.52985286559 -0.131812161457 -0.56004350322
7.84960635269 -2 1.70412706352 -2.52803213581 -0.130897038457 -0.557796756012
7.85010175427 -2 1.70342196892 -2.52757782078 -0.13066820685 -0.557234911931
7.85294563413 -2 1.69991770678 -2.52531902198 -0.129568635808 -0.554549730613
7.85678810439 -2 1.69570115479 -2.52260324291 -0.128149733641 -0.551050512911
7.86160519816 -2 1.69082150832 -2.51945943431 -0.126545822887 -0.547111102031
7.8661277653 -2 1.68596796477 -2.51633258883 -0.124940962678 -0.543168713741
7.87287999784 -2 1.67839363973 -2.5114532077 -0.122417160602 -0.536967604098
7.8752682741 -2 1.67565528166 -2.50968924958 -0.121498855476 -0.534710881958
7.87660951266 -2 1.67428928786 -2.50880934109 -0.121039592737 -0.533582169819
7.87865813628 -2 1.67224427648 -2.50749206526 -0.120350561964 -0.531888665124
7.88383715056 -2 1.66681423888 -2.50399449464 -0.118512353753 -0.527370111725
7.89117608587 -2 1.65873270037 -2.4987894383 -0.115752922109 -0.520585447166
7.89263566359 -2 1.65739317611 -2.49792674021 -0.115292774343 -0.519453882952
7.89514367604 -2 1.6547204609 -2.49620546284 -0.11437227428 -0.517190087502
7.89814720777 -2 1.65139143162 -2.4940615827 -0.113221269497 -0.514359100923
7.90666364219 -2 1.64279754116 -2.48852755324 -0.110226721775 -0.506992162897
7.95701925429 -2 1.59185177887 -2.45573441763 -0.0917426302814 -0.461466552642
7.9584346553 -2 1.59062044397 -2.45494214191 -0.0912794046343 -0.460324461688
7.96758803915 -2 1.58147019363 -2.44905376573 -0.08785532795 -0.451896915925
7.99725858025 -2 1.55403743279 -2.4314118171 -0.0771285551682 -0.425406630468
8.02973086722 -2 1.52431190099 -2.4123057936 -0.0650357053975 -0.395522056525
8.07853606121 -2 1.48267609786 -2.38557037898 -0.0470905855713 -0.351095958929
8.08793049032 -2 1.47491532444 -2.38058896894 -0.0436500606536 -0.342585386965
8.09738736462 -2 1.46770643625 -2.37596696306 -0.0403230691287 -0.334316632853
8.09782866412 -2 1.46719700149 -2.37564024312 -0.0400896374562 -0.333737613096
8.11681404156 -2 1.45212017931 -2.36597395887 -0.0330848554958 -0.316354604317
8.15246765073 -2 1.4250183584 -2.34861455092 -0.0200020139362 -0.283846921594
8.15416217476 -2 1.42360373348 -2.34770909649 -0.0193009628837 -0.282103434567
8.15556673876 -2 1.42266271437 -2.34710681975 -0.0188335881718 -0.280941003398
8.15853190818 -2 1.42031736732 -2.34560587143 -0.0176651274217 -0.278034556571
8.17082501287 -2 1.41149804632 -2.33996356029 -0.0132247224248 -0.266985379369
8.18245044333 -2 1.40282380366 -2.33441694564 -0.00878406515096 -0.255929121275
8.18761397834 -2 1.39921418985 -2.33210972004 -0.00691428651428 -0.251271839561
8.20150668825 -2 1.38941588627 -2.32584953606 -0.00177245958369 -0.23845848607
8.24188416616 -2 1.36194186258 -2.30832041171 0.0131827257229 -0.201139732541
8.25041497794 -2 1.3565410007 -2.30487920503 0.0162195493739 -0.193552377634
8.25126069437 -2 1.35612797942 -2.30461611384 0.0164531333622 -0.192968647253
8.25919564998 -2 1.35078989838 -2.30121670724 0.0194894734922 -0.185379055735
8.2637794069 -2 1.34793930876 -2.29940209537 0.0211242204656 -0.181291534812
8.26884015193 -2 1.34470158938 -2.29734166086 0.0229923133388 -0.176619410451
8.27495191447 -2 1.34068422217 -2.29478600306 0.0253271277522 -0.170778285642
8.31315907874 -2 1.3172480346 -2.27989934515 0.0393277312969 -0.135711636913
8.31680376948 -2 1.31496489411 -2.27845129691 0.040726899802 -0.132203338311
8.34110078331 -2 1.30074561801 -2.26944267933 0.049583919918 -0.109978562488
8.36675251179 -2 1.2858460625 -2.26002260621 0.0591307696282 -0.0859904713767
8.37695950615 -2 1.28014854308 -2.2564261771 0.0628534404347 -0.0766274232097
8.3785093881 -2 1.27944078086 -2.2559796528 0.0633186520476 -0.07545698407
8.37937431276 -2 1.27873398829 -2.25553379285 0.0637838360095 -0.0742865330907
8.43110491482 -2 1.25087217607 -2.23800288171 0.0825988735765 -0.026877030875
8.43644029193 -2 1.24786159378 -2.2361142335 0.0846862207925 -0.0216090258515
8.43671604438 -2 1.24786159378 -2.2361142335 0.0846862207925 -0.0216090258515
8.45290453888 -2 1.23925032929 -2.23071868509 0.0907124399487 -0.00639066592156
8.45906659685 -2 1.236062154 -2.22871889545 0.0929424201405 -0.000777659613266
8.4778549138 -2 1.22655544679 -2.22278325096 0.0997404388459 0.0164348998424
8.49603483299 -2 1.21727096943 -2.21699465008 0.106444296532 0.0334051877934
8.51401560083 -2 1.20841784913 -2.21148747097 0.112909123854 0.0497873912877
8.51489092459 -2 1.20778932726 -2.2110969698 0.113370593595 0.0509574210848
8.53371820394 -2 1.19872828723 -2.20547457415 0.120057238488 0.0679206707864
8.55200220063 -2 1.1897558453 -2.19992083573 0.126734937096 0.0848793340419
8.56099213703 -2 1.18545186255 -2.19726173631 0.129955361358 0.0930644210507
8.60284115766 -2 1.16504482681 -2.18469917707 0.145336521381 0.132216359182
8.6131145729 -2 1.16020565533 -2.18173143913 0.149001832963 0.141560694361
8.65460503478 -2 1.14060614556 -2.16975666967 0.163859802834 0.179497196728
8.66600651164 -2 1.13518110077 -2.16645496358 0.167964875289 0.189994979855
8.66767006901 -2 1.13427650461 -2.16590496399 0.168648646544 0.191744261446
8.6691467053 -2 1.1336733511 -2.16553832916 0.169104428979 0.192910392781
8.67810826374 -2 1.12944885935 -2.16297233964 0.17229344133 0.201072030377
8.6813297631 -2 1.12793889284 -2.16205598923 0.173431749792 0.20398634864
8.68211818946 -2 1.1273346979 -2.16168944261 0.173886980654 0.205151993271
8.68943660965 -2 1.12400924705 -2.1596732178 0.176389801061 0.211562183056
8.68990608027 -2 1.12370671737 -2.15948989637 0.176617250248 0.212144855044
8.73021361144 -2 1.10423921196 -2.14772883896 0.191145768472 0.249409336341
8.73501694918 -2 1.10209386251 -2.14643696014 0.192731394594 0.253481813359
8.74365335499 -2 1.09779122331 -2.14384847161 0.195900577364 0.261624690301
8.76012073755 -2 1.08975364734 -2.13902168045 0.201778804006 0.27673961181
8.79960839492 -2 1.07028719255 -2.12737638288 0.215756415262 0.312740704663
8.81960120897 -2 1.06004008061 -2.12127043467 0.222948205101 0.331297006346
8.82439102839 -2 1.05777775795 -2.1199245084 0.224519326465 0.335353807825
8.84134231798 -2 1.04897610048 -2.11469515614 0.230572264791 0.350993144969
8.86694766824 -2 1.03536153431 -2.10662728462 0.239741854636 0.37471545507
8.87427583753 -2 1.03165352748 -2.10443413743 0.242197418602 0.381074352058
8.89010998134 -2 1.02313278775 -2.09940085718 0.247770938529 0.395517182644
8.90568924817 -2 1.01447525947 -2.09429551494 0.25333417836 0.409946820293
8.93585729179 -2 0.997798982139 -2.08448446652 0.263764661237 0.437037028814
9.03428877761 -2 0.938065933364 -2.04954424732 0.298105580739 0.526559719625
9.03705752612 -2 0.936434409144 -2.0485935294 0.298980204657 0.528846370803
9.08119011627 -2 0.906976394036 -2.03145386412 0.314235665519 0.568783189658
9.08829433019 -2 0.90218544138 -2.02867057546 0.316624094228 0.575044713634
9.18178262748 -2 0.833050661533 -1.98860900151 0.348511588116 0.658869790183
9.18482554825 -2 0.83105445251 -1.98745459788 0.349366737473 0.661123580016
9.20904950957 -2 0.811218190374 -1.97598899301 0.357685084791 0.683062583086
9.21124430627 -2 0.809663927859 -1.97509102122 0.358323484858 0.684747477071
9.27665952329 -2 0.753749497922 -1.9428198543 0.380109023216 0.742342996994
9.28696951484 -2 0.744030847468 -1.9372163788 0.383678994019 0.751799098442
9.33144803412 -2 0.702494753532 -1.91328285041 0.398297864303 0.790573318423
9.3345917181 -2 0.699432965315 -1.91151946777 0.399336945597 0.79333246278
9.42728405269 -2 0.604282100633 -1.85676319662 0.429356410636 0.87322138944
9.67736282143 -2 0.28987291746 -1.67614774993 0.506878982186 1.08100438119
9.70157159752 -2 0.255369570467 -1.65634129145 0.51399884923 1.10018643351
9.7976934225 -2 0.110693699337 -1.57330568274 0.541776652913 1.17516965489
9.97980325532 -2 -0.187116220669 -1.40242426331 0.590893473091 1.30828074729
10.0335052493 -2 -0.27786191844 -1.35036142641 0.604253241225 1.34458456221
10.3314664317 -2 -0.783288697785 -1.06041164139 0.668996814644 1.52111106148
10.5187298595 -2 -1.06035437005 -0.90147484854 0.699565614367 1.60469195649
10.8992980915 -2 -1.38634374126 -0.714476179316 0.733153300576 1.69637477171
