5.83224 -2 1.409 -1.95599
3.72598 -2 1.12223 -2.04464
3.99109 -2 1.1704 -2.12044
3.53381 -2 1.08611 -1.98779
3.94491 -2 1.13753 -2.09118
3.92443 -2 1.15836 -2.10149
4.95831 -2 1.33327 -2.24818
5.77052 -2 1.41144 -1.95597
2.70958 -2 0.776584 -1.83536
5.07793 -2 1.36315 -2.19624
4.93739 -2 1.31265 -2.21829
6.26871 -2 1.48302 -1.82504
4.37235 -2 1.24044 -2.21458
3.52352 -2 1.08388 -1.96823
4.83112 -2 1.31585 -2.26897
3.76533 -2 1.11144 -2.01414
4.04753 -2 1.18022 -2.11983
3.64364 -2 1.08736 -1.97624
5.10443 -2 1.32541 -2.17795
3.16862 -2 0.993023 -1.86378
3.36798 -2 1.03919 -1.90044
4.12413 -2 1.19449 -2.15834
4.26695 -2 1.19775 -2.18593
4.1687 -2 1.21899 -2.14615
4.47236 -2 1.24391 -2.22259
4.82786 -2 1.31807 -2.28854
5.136 -2 1.33545 -2.15775
4.69107 -2 1.30065 -2.30933
5.89089 -2 1.4166 -1.93581
4.72049 -2 1.27982 -2.29902
3.87765 -2 1.12549 -2.07223
4.52358 -2 1.24592 -2.26173
5.47746 -2 1.39406 -2.08675
4.69628 -2 1.30065 -2.30933
2.76218 -2 0.817991 -1.83115
4.20597 -2 1.1857 -2.16698
5.2675 -2 1.35065 -2.1174
5.95578 -2 1.4242 -1.91563
2.9199 -2 0.910842 -1.80253
4.2758 -2 1.20778 -2.16574
4.50135 -2 1.26452 -2.25248
4.72438 -2 1.27982 -2.29902
5.47164 -2 1.39406 -2.08675
3.91334 -2 1.15614 -2.08193
5.19261 -2 1.34305 -2.13757
5.15287 -2 1.35606 -2.18764
3.15577 -2 0.993023 -1.86378
4.37908 -2 1.24266 -2.23414
3.27836 -2 1.03794 -1.91199
2.38723 -2 0.569548 -1.85643
4.79238 -2 1.28742 -2.27884
4.58845 -2 1.25796 -2.28068
4.61483 -2 1.26799 -2.26049
4.41571 -2 1.23187 -2.20364
5.57238 -2 1.3786 -2.0367
2.66208 -2 0.745214 -1.81938
6.00346 -2 1.45262 -1.90576
4.36491 -2 1.25512 -2.203
4.85968 -2 1.29502 -2.25866
3.60952 -2 1.07732 -1.99643
3.07393 -2 0.999586 -1.83558
5.90311 -2 1.42664 -1.91561
3.4532 -2 1.08652 -1.9377
2.56593 -2 0.693769 -1.84379
4.75697 -2 1.31047 -2.30871
4.91717 -2 1.30262 -2.23848
5.36037 -2 1.35581 -2.09723
4.66967 -2 1.28004 -2.27944
3.52803 -2 1.08388 -1.96823
2.49834 -2 0.67319 -1.85831
4.37128 -2 1.24044 -2.21458
4.4599 -2 1.23387 -2.24278
4.05483 -2 1.18245 -2.13939
4.3824 -2 1.24266 -2.23414
4.35234 -2 1.21982 -2.18469
5.70805 -2 1.40384 -1.97615
2.51765 -2 0.652362 -1.848
2.21491 -2 0.455363 -1.84887
5.27112 -2 1.38594 -2.1357
4.92373 -2 1.30262 -2.23848
4.58959 -2 1.25796 -2.28068
4.18499 -2 1.20653 -2.17729
4.29893 -2 1.24308 -2.18405
6.33116 -2 1.49062 -1.80487
5.54459 -2 1.40165 -2.06657
3.60486 -2 1.09815 -2.00674
2.50903 -2 0.652362 -1.848
6.42529 -2 1.50825 -1.76449
4.89177 -2 1.32567 -2.26836
3.99589 -2 1.14958 -2.11013
5.69596 -2 1.3938 -1.99634
2.89473 -2 0.900806 -1.82273
4.24173 -2 1.21635 -2.17668
4.65664 -2 1.27 -2.29963
5.33605 -2 1.39354 -2.11553
4.22833 -2 1.19574 -2.14679
4.81761 -2 1.33275 -2.27695
4.98397 -2 1.31022 -2.21831
3.76764 -2 1.11144 -2.01414
3.59514 -2 1.09815 -2.00674
4.71885 -2 1.27982 -2.29902
4.31627 -2 1.23062 -2.21519
3.01007 -2 0.989766 -1.83619
3.87401 -2 1.12549 -2.07223
4.19832 -2 1.1857 -2.16698
4.59908 -2 1.25796 -2.28068
4.28368 -2 1.20778 -2.16574
4.98509 -2 1.31022 -2.21831
5.55909 -2 1.3786 -2.0367
4.78213 -2 1.28742 -2.27884
5.04423 -2 1.31781 -2.19813
3.81119 -2 1.11345 -2.05328
5.30529 -2 1.34821 -2.11741
4.07136 -2 1.16162 -2.12908
5.15565 -2 1.35384 -2.16808
3.05153 -2 0.978975 -1.80569
4.87706 -2 1.30506 -2.23847
5.48107 -2 1.39183 -2.06719
6.02147 -2 1.4318 -1.89545
5.7914 -2 1.44673 -1.97428
4.68426 -2 1.28004 -2.27944
4.46346 -2 1.23387 -2.24278
4.38892 -2 1.22183 -2.22383
4.66054 -2 1.27 -2.29963
5.27298 -2 1.38594 -2.1357
4.50736 -2 1.26674 -2.27204
3.32043 -2 1.06244 -1.8998
4.77573 -2 1.28742 -2.27884
6.01792 -2 1.4318 -1.89545
5.53782 -2 1.40165 -2.06657
3.58836 -2 1.09593 -1.98718
4.36716 -2 1.24044 -2.21458
3.62177 -2 1.07732 -1.99643
3.99321 -2 1.1704 -2.12044
6.18822 -2 1.47764 -1.86479
4.32733 -2 1.20979 -2.20488
3.81507 -2 1.11345 -2.05328
4.58036 -2 1.25796 -2.28068
4.57437 -2 1.27879 -2.29099
5.39251 -2 1.36585 -2.07704
3.22471 -2 1.00507 -1.88273
3.70044 -2 1.0994 -1.99519
4.86855 -2 1.30506 -2.23847
4.85287 -2 1.29502 -2.25866
4.38712 -2 1.22183 -2.22383
2.20399 -2 0.455363 -1.84887
4.61647 -2 1.26799 -2.26049
4.8912 -2 1.32567 -2.26836
3.76103 -2 1.11144 -2.01414
5.33121 -2 1.35825 -2.09722
4.24506 -2 1.21857 -2.19624
2.62204 -2 0.756005 -1.84989
5.67526 -2 1.41463 -2.00665
4.04092 -2 1.18022 -2.11983
7.12725 -2 2.04002 -1.78953
4.5133 -2 1.26674 -2.27204
4.08088 -2 1.17165 -2.10889
5.20313 -2 1.34305 -2.13757
4.65099 -2 1.27 -2.29963
4.12072 -2 1.19449 -2.15834
2.65265 -2 0.745214 -1.81938
2.90138 -2 0.900806 -1.82273
4.96904 -2 1.33104 -2.22861
3.26827 -2 1.03571 -1.89243
4.87703 -2 1.30506 -2.23847
3.94332 -2 1.13753 -2.09118
4.14189 -2 1.17366 -2.14803
4.7876 -2 1.28742 -2.27884
4.65322 -2 1.27 -2.29963
3.50563 -2 1.06327 -1.93834
5.75528 -2 1.4014 -1.97616
3.70243 -2 1.0994 -1.99519
3.87844 -2 1.12549 -2.07223
3.69473 -2 1.0994 -1.99519
1.82001 -2 0.206919 -1.87415
4.52543 -2 1.24592 -2.26173
3.19422 -2 1.03835 -1.8619
3.27175 -2 1.03794 -1.91199
4.38857 -2 1.22183 -2.22383
3.73349 -2 1.12223 -2.04464
3.91445 -2 1.15614 -2.08193
5.04125 -2 1.31781 -2.19813
3.62983 -2 1.08736 -1.97624
3.26075 -2 1.03571 -1.89243
4.61994 -2 1.26799 -2.26049
4.32462 -2 1.20979 -2.20488
4.36133 -2 1.25512 -2.203
3.49063 -2 1.05324 -1.95853
3.85627 -2 1.14632 -2.08254
4.92136 -2 1.30262 -2.23848
3.66722 -2 1.11019 -2.02569
5.70734 -2 1.40384 -1.97615
4.57813 -2 1.27879 -2.29099
4.87845 -2 1.30506 -2.23847
3.03778 -2 0.968938 -1.82588
5.33236 -2 1.35825 -2.09722
4.98716 -2 1.31022 -2.21831
4.62866 -2 1.28861 -2.29038
4.15772 -2 1.1837 -2.12784
7.25017 -2 2.1285 -1.8106
6.59702 -2 1.64598 -1.78601
5.04257 -2 1.31781 -2.19813
3.36244 -2 1.02915 -1.92063
4.344 -2 1.21982 -2.18469
5.06561 -2 1.32785 -2.17793
3.79526 -2 1.13428 -2.06359
4.81253 -2 1.29746 -2.25864
3.69959 -2 1.0994 -1.99519
6.06692 -2 1.46022 -1.88558
3.85645 -2 1.14632 -2.08254
5.02182 -2 1.34086 -2.228
5.67794 -2 1.41463 -2.00665
6.16832 -2 1.45703 -1.8349
4.11224 -2 1.19227 -2.13878
5.05905 -2 1.32785 -2.17793
4.01037 -2 1.14958 -2.11013
4.4562 -2 1.23387 -2.24278
4.52271 -2 1.24592 -2.26173
4.19364 -2 1.1857 -2.16698
5.05112 -2 1.31781 -2.19813
4.53152 -2 1.24592 -2.26173
4.1735 -2 1.20431 -2.15773
4.10396 -2 1.20695 -2.1272
5.78573 -2 1.41144 -1.95597
4.92443 -2 1.30262 -2.23848
5.5734 -2 1.3786 -2.0367
4.51769 -2 1.24592 -2.26173
4.35014 -2 1.21982 -2.18469
4.65296 -2 1.27 -2.29963
5.68889 -2 1.3938 -1.99634
4.66607 -2 1.28004 -2.27944
3.41704 -2 1.04119 -1.93958
5.16411 -2 1.35384 -2.16808
3.65298 -2 1.10797 -2.00613
3.78523 -2 1.13205 -2.04403
4.27158 -2 1.19775 -2.18593
2.46868 -2 0.620992 -1.83202
3.82236 -2 1.12348 -2.03309
5.63295 -2 1.3862 -2.01652
4.18892 -2 1.20653 -2.17729
4.84094 -2 1.29502 -2.25866
4.68439 -2 1.28004 -2.27944
3.91058 -2 1.15614 -2.08193
4.33356 -2 1.20979 -2.20488
4.38893 -2 1.22183 -2.22383
5.07401 -2 1.32785 -2.17793
3.28694 -2 1.01711 -1.90168
2.41051 -2 0.614879 -1.85454
5.79194 -2 1.44673 -1.97428
4.23873 -2 1.21635 -2.17668
3.14757 -2 1.01385 -1.87409
3.34641 -2 1.02915 -1.92063
4.27994 -2 1.20778 -2.16574
5.29391 -2 1.36904 -2.12772
2.57175 -2 0.693769 -1.84379
4.60739 -2 1.26799 -2.26049
4.86094 -2 1.30506 -2.23847
5.12011 -2 1.33545 -2.15775
4.3948 -2 1.22183 -2.22383
3.2139 -2 1.02589 -1.89304
3.66872 -2 1.11019 -2.02569
6.44001 -2 1.54355 -1.7828
2.82982 -2 0.859398 -1.82694
5.91613 -2 1.42664 -1.91561
5.21823 -2 1.36366 -2.16746
3.8871 -2 1.13553 -2.05204
5.07132 -2 1.32785 -2.17793
5.65706 -2 1.39624 -1.99632
3.72272 -2 1.12001 -2.02508
4.24312 -2 1.21635 -2.17668
5.63941 -2 1.3862 -2.01652
3.75566 -2 1.11144 -2.01414
4.24296 -2 1.21635 -2.17668
5.50403 -2 1.37101 -2.05688
2.96125 -2 0.942213 -1.81851
3.80465 -2 1.11345 -2.05328
5.18318 -2 1.33301 -2.15777
6.8084 -2 1.79375 -1.78733
3.36497 -2 1.02915 -1.92063
4.30128 -2 1.22839 -2.19563
6.52223 -2 1.5759 -1.77526
4.98291 -2 1.31022 -2.21831
6.80186 -2 1.79375 -1.78733
4.76514 -2 1.30825 -2.28915
3.1985 -2 1.02367 -1.87348
2.66994 -2 0.745214 -1.81938
4.05455 -2 1.18245 -2.13939
3.65015 -2 1.10797 -2.00613
4.5705 -2 1.27879 -2.29099
6.32345 -2 1.49284 -1.82443
4.34009 -2 1.21982 -2.18469
4.37952 -2 1.24266 -2.23414
4.10892 -2 1.19227 -2.13878
4.68622 -2 1.31533 -2.29775
5.71726 -2 1.40384 -1.97615
4.37458 -2 1.24044 -2.21458
3.72596 -2 1.12223 -2.04464
6.09459 -2 1.43939 -1.87527
3.60307 -2 1.09815 -2.00674
3.03188 -2 0.968938 -1.82588
3.76187 -2 1.11144 -2.01414
4.25575 -2 1.19775 -2.18593
3.363 -2 1.02915 -1.92063
5.48822 -2 1.39183 -2.06719
6.64387 -2 1.67663 -1.7957
4.31445 -2 1.23062 -2.21519
4.71131 -2 1.27982 -2.29902
3.92295 -2 1.15836 -2.10149
3.96771 -2 1.14757 -2.07099
4.67192 -2 1.28004 -2.27944
5.35998 -2 1.37664 -2.10754
5.20315 -2 1.34305 -2.13757
3.13078 -2 1.01163 -1.85453
4.68868 -2 1.31533 -2.29775
5.25929 -2 1.35065 -2.1174
4.40489 -2 1.22183 -2.22383
3.53307 -2 1.08611 -1.98779
4.06741 -2 1.16162 -2.12908
4.19177 -2 1.1857 -2.16698
3.26194 -2 1.03571 -1.89243
4.42966 -2 1.26716 -2.22195
5.36486 -2 1.35581 -2.09723
5.66925 -2 1.41685 -2.02622
4.67853 -2 1.28004 -2.27944
4.23075 -2 1.23103 -2.1651
3.01949 -2 0.989766 -1.83619
5.10283 -2 1.32541 -2.17795
3.06973 -2 0.999586 -1.83558
5.75433 -2 1.4014 -1.97616
3.28524 -2 1.01711 -1.90168
5.08125 -2 1.34846 -2.20782
5.01019 -2 1.35555 -2.21642
4.49147 -2 1.2792 -2.2409
5.09991 -2 1.34624 -2.18826
6.87748 -2 1.85304 -1.76757
5.11535 -2 1.32541 -2.17795
1.81017 -2 0.206919 -1.87415
5.27867 -2 1.37126 -2.14729
5.18302 -2 1.33301 -2.15777
4.52739 -2 1.24592 -2.26173
3.02973 -2 0.968938 -1.82588
5.97326 -2 1.43423 -1.89543
4.65261 -2 1.27 -2.29963
5.31047 -2 1.34821 -2.11741
5.12413 -2 1.33545 -2.15775
6.26316 -2 1.48302 -1.82504
4.12749 -2 1.17366 -2.14803
4.58875 -2 1.25796 -2.28068
4.36796 -2 1.24044 -2.21458
2.76055 -2 0.817991 -1.83115
5.06004 -2 1.32785 -2.17793
4.78243 -2 1.28742 -2.27884
4.94586 -2 1.34795 -2.2366
7.13115 -2 2.04002 -1.78953
5.42039 -2 1.38424 -2.08737
3.75176 -2 1.10141 -2.03433
6.24016 -2 1.46463 -1.81472
5.74492 -2 1.42223 -1.98647
3.53685 -2 1.08611 -1.98779
3.96884 -2 1.14757 -2.07099
4.26253 -2 1.19775 -2.18593
4.35803 -2 1.21982 -2.18469
4.44186 -2 1.2547 -2.25309
3.25317 -2 1.0151 -1.86254
4.01719 -2 1.15961 -2.08994
4.47658 -2 1.24391 -2.22259
5.33336 -2 1.35825 -2.09722
4.7392 -2 1.28986 -2.27882
6.60817 -2 1.64598 -1.78601
3.79414 -2 1.13428 -2.06359
5.01902 -2 1.34086 -2.228
5.43255 -2 1.36341 -2.07706
4.61357 -2 1.26799 -2.26049
3.36839 -2 1.03919 -1.90044
5.2457 -2 1.34061 -2.13759
3.55095 -2 1.06528 -1.97748
5.06017 -2 1.32785 -2.17793
4.56849 -2 1.27656 -2.27143
4.18526 -2 1.20653 -2.17729
5.06848 -2 1.32785 -2.17793
4.84392 -2 1.29502 -2.25866
4.94736 -2 1.34795 -2.2366
5.18462 -2 1.33301 -2.15777
4.47236 -2 1.24391 -2.22259
4.61687 -2 1.26799 -2.26049
3.37577 -2 1.03919 -1.90044
3.42103 -2 1.04119 -1.93958
4.67587 -2 1.28004 -2.27944
4.42456 -2 1.23187 -2.20364
5.24578 -2 1.34061 -2.13759
5.70143 -2 1.3938 -1.99634
4.2468 -2 1.21857 -2.19624
7.6761 -2 2.32884 -2.0941
7.23661 -2 2.10767 -1.80029
4.57714 -2 1.27879 -2.29099
4.854 -2 1.29502 -2.25866
4.37122 -2 1.24044 -2.21458
4.06546 -2 1.16162 -2.12908
3.1976 -2 1.02367 -1.87348
4.07407 -2 1.16162 -2.12908
3.17562 -2 1.00306 -1.84359
4.04256 -2 1.18022 -2.11983
4.31702 -2 1.23062 -2.21519
4.14868 -2 1.1837 -2.12784
3.78083 -2 1.13205 -2.04403
4.40533 -2 1.23187 -2.20364
4.94226 -2 1.31265 -2.21829
6.24789 -2 1.49992 -1.83303
4.55197 -2 1.25595 -2.24154
4.07851 -2 1.16162 -2.12908
3.99567 -2 1.14958 -2.11013
4.42479 -2 1.23187 -2.20364
4.02081 -2 1.15961 -2.08994
4.46622 -2 1.23387 -2.24278
5.39366 -2 1.36585 -2.07704
4.59768 -2 1.25796 -2.28068
4.31275 -2 1.23062 -2.21519
3.91263 -2 1.15614 -2.08193
5.94399 -2 1.44503 -1.92594
4.40611 -2 1.23187 -2.20364
5.46304 -2 1.37344 -2.05686
5.29084 -2 1.36904 -2.12772
5.67379 -2 1.41685 -2.02622
4.73065 -2 1.28986 -2.27882
5.68807 -2 1.3938 -1.99634
6.15202 -2 1.44699 -1.85509
3.86666 -2 1.12549 -2.07223
3.6174 -2 1.07732 -1.99643
2.96537 -2 0.942213 -1.81851
4.36063 -2 1.25512 -2.203
4.28833 -2 1.20778 -2.16574
3.74867 -2 1.10141 -2.03433
3.8833 -2 1.12549 -2.07223
5.87263 -2 1.43743 -1.94612
5.94285 -2 1.44503 -1.92594
4.48217 -2 1.24391 -2.22259
3.25956 -2 1.0504 -1.88085
4.63011 -2 1.28861 -2.29038
3.73228 -2 1.12223 -2.04464
4.77597 -2 1.28742 -2.27884
4.83593 -2 1.31585 -2.26897
3.47851 -2 1.05324 -1.95853
3.19771 -2 1.02367 -1.87348
4.88911 -2 1.32567 -2.26836
4.39492 -2 1.22183 -2.22383
4.28662 -2 1.20778 -2.16574
5.06331 -2 1.32785 -2.17793
4.61931 -2 1.26799 -2.26049
4.29447 -2 1.20778 -2.16574
4.07931 -2 1.16162 -2.12908
3.67217 -2 1.08936 -2.01538
4.44962 -2 1.2547 -2.25309
4.35373 -2 1.21982 -2.18469
1.68556 -2 0.124105 -1.88257
4.27957 -2 1.20778 -2.16574
5.13103 -2 1.33545 -2.15775
4.47539 -2 1.24391 -2.22259
4.28235 -2 1.20778 -2.16574
5.55354 -2 1.39943 -2.04701
4.73635 -2 1.28986 -2.27882
4.55735 -2 1.29125 -2.25985
3.93532 -2 1.13753 -2.09118
2.84221 -2 0.859398 -1.82694
4.08062 -2 1.17165 -2.10889
3.67207 -2 1.08936 -2.01538
4.52151 -2 1.24592 -2.26173
2.56066 -2 0.714598 -1.8541
4.0761 -2 1.16162 -2.12908
3.34152 -2 1.04998 -1.93094
3.63828 -2 1.08736 -1.97624
3.89676 -2 1.13553 -2.05204
6.30321 -2 1.47223 -1.79454
4.3378 -2 1.20979 -2.20488
4.14764 -2 1.1837 -2.12784
4.82479 -2 1.31807 -2.28854
4.3091 -2 1.22839 -2.19563
5.25684 -2 1.35065 -2.1174
5.83892 -2 1.41904 -1.93579
4.39217 -2 1.22183 -2.22383
3.9852 -2 1.1704 -2.12044
5.06646 -2 1.32785 -2.17793
4.44894 -2 1.2547 -2.25309
3.3964 -2 1.0598 -1.93033
4.47128 -2 1.24391 -2.22259
7.16694 -2 2.07067 -1.79922
3.27916 -2 1.03794 -1.91199
3.49648 -2 1.06327 -1.93834
4.49342 -2 1.2792 -2.2409
3.72082 -2 1.12001 -2.02508
5.00911 -2 1.32025 -2.19811
3.63185 -2 1.08736 -1.97624
4.18268 -2 1.20653 -2.17729
4.40377 -2 1.22183 -2.22383
3.13655 -2 1.01163 -1.85453
5.29011 -2 1.36904 -2.12772
4.10294 -2 1.20695 -2.1272
4.10566 -2 1.19227 -2.13878
4.28205 -2 1.20778 -2.16574
5.07264 -2 1.32785 -2.17793
5.0916 -2 1.34624 -2.18826
5.87179 -2 1.43743 -1.94612
5.50721 -2 1.37101 -2.05688
4.92429 -2 1.30262 -2.23848
4.0015 -2 1.14958 -2.11013
6.45846 -2 1.52664 -1.77482
3.38641 -2 1.07448 -1.91875
6.17366 -2 1.45703 -1.8349
4.57513 -2 1.27879 -2.29099
4.92633 -2 1.31265 -2.21829
3.49885 -2 1.06327 -1.93834
4.82598 -2 1.31807 -2.28854
3.88116 -2 1.12549 -2.07223
4.56927 -2 1.27656 -2.27143
4.29674 -2 1.24308 -2.18405
4.71093 -2 1.27982 -2.29902
5.36206 -2 1.35581 -2.09723
6.37325 -2 1.47983 -1.77436
3.97796 -2 1.16818 -2.10088
5.07721 -2 1.36315 -2.19624
3.5858 -2 1.09593 -1.98718
4.50886 -2 1.26674 -2.27204
3.68247 -2 1.08936 -2.01538
4.79591 -2 1.29746 -2.25864
4.34039 -2 1.21982 -2.18469
3.95951 -2 1.14757 -2.07099
5.16553 -2 1.33301 -2.15777
4.5508 -2 1.25595 -2.24154
4.00921 -2 1.14958 -2.11013
4.38493 -2 1.24266 -2.23414
2.24788 -2 0.486733 -1.86485
4.55326 -2 1.25595 -2.24154
5.65398 -2 1.39624 -1.99632
2.55948 -2 0.714598 -1.8541
3.44707 -2 1.05123 -1.91939
4.41063 -2 1.23187 -2.20364
4.53012 -2 1.24592 -2.26173
4.13485 -2 1.17366 -2.14803
5.10521 -2 1.32541 -2.17795
4.83826 -2 1.31585 -2.26897
3.1064 -2 0.991017 -1.82464
4.92169 -2 1.30262 -2.23848
5.6741 -2 1.41685 -2.02622
4.14362 -2 1.17366 -2.14803
5.98907 -2 1.46953 -1.91374
3.60169 -2 1.09815 -2.00674
5.67526 -2 1.41463 -2.00665
3.78043 -2 1.13205 -2.04403
4.34414 -2 1.21982 -2.18469
5.29369 -2 1.36904 -2.12772
2.61166 -2 0.753783 -1.83032
5.83787 -2 1.41904 -1.93579
2.73966 -2 0.821915 -1.83348
4.4515 -2 1.23387 -2.24278
4.87201 -2 1.30506 -2.23847
5.39059 -2 1.36585 -2.07704
4.59147 -2 1.25796 -2.28068
4.02473 -2 1.15961 -2.08994
3.91877 -2 1.15614 -2.08193
3.24437 -2 1.0151 -1.86254
3.4834 -2 1.05324 -1.95853
5.23925 -2 1.34061 -2.13759
3.49148 -2 1.05324 -1.95853
4.97633 -2 1.31022 -2.21831
5.55761 -2 1.3786 -2.0367
5.26636 -2 1.35065 -2.1174
4.174 -2 1.20431 -2.15773
4.94716 -2 1.34795 -2.2366
6.72686 -2 1.74449 -1.78689
4.91215 -2 1.30262 -2.23848
4.83521 -2 1.31585 -2.26897
7.05907 -2 1.99077 -1.78909
5.56815 -2 1.3786 -2.0367
4.35812 -2 1.21982 -2.18469
4.55244 -2 1.25595 -2.24154
3.99684 -2 1.14958 -2.11013
4.14429 -2 1.17366 -2.14803
4.92245 -2 1.30262 -2.23848
3.93259 -2 1.13753 -2.09118
3.66985 -2 1.11019 -2.02569
3.98409 -2 1.16818 -2.10088
3.5996 -2 1.09815 -2.00674
5.07292 -2 1.32785 -2.17793
6.57114 -2 1.64206 -1.78368
4.01938 -2 1.15961 -2.08994
5.63198 -2 1.3862 -2.01652
4.72453 -2 1.27982 -2.29902
3.96306 -2 1.14757 -2.07099
4.47522 -2 1.24391 -2.22259
4.88447 -2 1.34035 -2.25678
3.91538 -2 1.15614 -2.08193
3.94734 -2 1.13753 -2.09118
4.33458 -2 1.20979 -2.20488
3.93845 -2 1.13753 -2.09118
3.70348 -2 1.0994 -1.99519
7.52202 -2 2.24522 -1.97393
3.63326 -2 1.08736 -1.97624
4.22652 -2 1.19574 -2.14679
4.27135 -2 1.19775 -2.18593
4.50707 -2 1.26674 -2.27204
4.57639 -2 1.27879 -2.29099
5.67709 -2 1.41463 -2.00665
4.37673 -2 1.24266 -2.23414
4.56163 -2 1.27656 -2.27143
4.53326 -2 1.24592 -2.26173
4.88198 -2 1.34035 -2.25678
5.15651 -2 1.35384 -2.16808
5.37855 -2 1.35581 -2.09723
4.20454 -2 1.1857 -2.16698
3.92084 -2 1.15836 -2.10149
4.57026 -2 1.27879 -2.29099
3.86811 -2 1.12549 -2.07223
4.71781 -2 1.27982 -2.29902
5.47909 -2 1.39406 -2.08675
4.02193 -2 1.15961 -2.08994
5.4813 -2 1.39183 -2.06719
5.37456 -2 1.35581 -2.09723
5.23201 -2 1.34061 -2.13759
4.39089 -2 1.22183 -2.22383
5.1128 -2 1.32541 -2.17795
6.31116 -2 1.50752 -1.81285
3.40021 -2 1.06202 -1.94989
5.0711 -2 1.32785 -2.17793
4.18907 -2 1.20653 -2.17729
3.55399 -2 1.06528 -1.97748
4.51378 -2 1.26674 -2.27204
5.89682 -2 1.4166 -1.93581
5.012 -2 1.35555 -2.21642
3.10622 -2 0.991017 -1.82464
3.25754 -2 1.0504 -1.88085
5.15604 -2 1.35384 -2.16808
4.10107 -2 1.20695 -2.1272
4.05622 -2 1.18245 -2.13939
5.15368 -2 1.35606 -2.18764
3.0842 -2 1.00181 -1.85514
4.80242 -2 1.29746 -2.25864
3.43058 -2 1.05123 -1.91939
4.539 -2 1.25595 -2.24154
4.52592 -2 1.24592 -2.26173
3.08152 -2 1.00181 -1.85514
4.57226 -2 1.27879 -2.29099
4.47533 -2 1.24391 -2.22259
4.66513 -2 1.28004 -2.27944
4.50463 -2 1.26452 -2.25248
4.49259 -2 1.2792 -2.2409
5.4974 -2 1.37101 -2.05688
3.63349 -2 1.08736 -1.97624
4.43572 -2 1.25248 -2.23353
5.50926 -2 1.37101 -2.05688
5.4772 -2 1.39406 -2.08675
4.02825 -2 1.15961 -2.08994
3.10647 -2 0.991017 -1.82464
4.09863 -2 1.17165 -2.10889
5.33699 -2 1.39354 -2.11553
5.27875 -2 1.37126 -2.14729
4.73683 -2 1.28986 -2.27882
5.12394 -2 1.33545 -2.15775
4.37673 -2 1.24266 -2.23414
4.7815 -2 1.28742 -2.27884
4.95046 -2 1.33327 -2.24818
7.53983 -2 2.23519 -1.99412
3.21644 -2 1.00507 -1.88273
4.27081 -2 1.19775 -2.18593
3.80017 -2 1.11345 -2.05328
4.78137 -2 1.28742 -2.27884
3.09527 -2 0.98098 -1.84483
4.19037 -2 1.1857 -2.16698
5.77455 -2 1.41144 -1.95597
6.04163 -2 1.44183 -1.87525
3.49205 -2 1.05324 -1.95853
4.23597 -2 1.21635 -2.17668
2.80746 -2 0.878005 -1.81768
4.00527 -2 1.14958 -2.11013
5.42458 -2 1.38424 -2.08737
3.80608 -2 1.11345 -2.05328
5.14788 -2 1.35606 -2.18764
4.50387 -2 1.26452 -2.25248
5.0377 -2 1.31781 -2.19813
4.93244 -2 1.31265 -2.21829
5.8367 -2 1.41904 -1.93579
4.22126 -2 1.19574 -2.14679
3.24289 -2 1.0151 -1.86254
3.9032 -2 1.13553 -2.05204
4.77248 -2 1.30825 -2.28915
4.96936 -2 1.33104 -2.22861
4.73263 -2 1.28986 -2.27882
5.55637 -2 1.3786 -2.0367
3.97026 -2 1.18286 -2.0893
5.09882 -2 1.34624 -2.18826
4.71095 -2 1.27982 -2.29902
2.31507 -2 0.52814 -1.86064
4.36162 -2 1.25512 -2.203
3.64638 -2 1.12265 -1.99455
5.83702 -2 1.41904 -1.93579
4.8777 -2 1.30506 -2.23847
5.27503 -2 1.37126 -2.14729
3.78158 -2 1.13205 -2.04403
3.71898 -2 1.12001 -2.02508
4.16179 -2 1.1837 -2.12784
4.50228 -2 1.26452 -2.25248
3.20163 -2 1.02367 -1.87348
4.35558 -2 1.21982 -2.18469
4.28878 -2 1.20778 -2.16574
3.07945 -2 1.00181 -1.85514
3.46826 -2 1.07406 -1.96884
4.71024 -2 1.27982 -2.29902
3.61505 -2 1.07732 -1.99643
4.36901 -2 1.24044 -2.21458
6.2004 -2 1.47542 -1.84522
3.27775 -2 1.03794 -1.91199
5.72266 -2 1.40384 -1.97615
3.295 -2 1.01711 -1.90168
6.21712 -2 1.45459 -1.83491
4.07092 -2 1.16162 -2.12908
5.06129 -2 1.32785 -2.17793
5.18985 -2 1.34305 -2.13757
3.61962 -2 1.07732 -1.99643
3.3795 -2 1.03919 -1.90044
4.84368 -2 1.29502 -2.25866
4.75454 -2 1.32515 -2.29713
4.81928 -2 1.33275 -2.27695
5.1149 -2 1.32541 -2.17795
7.15415 -2 2.05006 -1.76933
5.02362 -2 1.34086 -2.228
2.87771 -2 0.919412 -1.81347
5.04564 -2 1.31781 -2.19813
5.36794 -2 1.35581 -2.09723
4.53691 -2 1.25595 -2.24154
4.0296 -2 1.15961 -2.08994
4.72725 -2 1.27982 -2.29902
5.04859 -2 1.31781 -2.19813
2.29976 -2 0.548969 -1.87095
4.77806 -2 1.28742 -2.27884
4.36011 -2 1.25512 -2.203
4.91592 -2 1.30262 -2.23848
2.6277 -2 0.756005 -1.84989
4.33213 -2 1.20979 -2.20488
3.84377 -2 1.15878 -2.0514
3.90601 -2 1.17082 -2.07035
3.03601 -2 0.968938 -1.82588
4.28788 -2 1.20778 -2.16574
4.65449 -2 1.27 -2.29963
3.55689 -2 1.06528 -1.97748
4.32593 -2 1.20979 -2.20488
3.92598 -2 1.15836 -2.10149
5.13022 -2 1.33545 -2.15775
5.09376 -2 1.34624 -2.18826
3.94069 -2 1.13753 -2.09118
4.80294 -2 1.29746 -2.25864
5.21762 -2 1.36366 -2.16746
3.81614 -2 1.11345 -2.05328
6.0927 -2 1.43939 -1.87527
2.46597 -2 0.620992 -1.83202
4.07882 -2 1.16162 -2.12908
3.74586 -2 1.10141 -2.03433
4.95215 -2 1.33327 -2.24818
3.89164 -2 1.13553 -2.05204
5.15149 -2 1.35606 -2.18764
6.47322 -2 1.54747 -1.78513
5.58151 -2 1.38864 -2.0165
3.34694 -2 1.02915 -1.92063
6.38961 -2 1.50044 -1.80425
4.44925 -2 1.2547 -2.25309
4.78535 -2 1.28742 -2.27884
5.02427 -2 1.34086 -2.228
5.10827 -2 1.32541 -2.17795
5.5557 -2 1.3786 -2.0367
6.22038 -2 1.45459 -1.83491
4.34482 -2 1.21982 -2.18469
3.7515 -2 1.10141 -2.03433
3.98905 -2 1.1704 -2.12044
3.51071 -2 1.06327 -1.93834
4.94658 -2 1.34795 -2.2366
5.62238 -2 1.3862 -2.01652
4.61482 -2 1.26799 -2.26049
4.98083 -2 1.31022 -2.21831
5.24533 -2 1.34061 -2.13759
4.49623 -2 1.26452 -2.25248
5.03851 -2 1.31781 -2.19813
6.16952 -2 1.45703 -1.8349
6.58438 -2 1.62738 -1.79526
2.10784 -2 0.424747 -1.88359
3.97924 -2 1.16818 -2.10088
2.95692 -2 0.942213 -1.81851
5.36143 -2 1.35581 -2.09723
4.42847 -2 1.26716 -2.22195
3.62633 -2 1.08736 -1.97624
6.32498 -2 1.49284 -1.82443
5.48171 -2 1.39183 -2.06719
4.06585 -2 1.16162 -2.12908
4.53254 -2 1.24592 -2.26173
3.12704 -2 1.02631 -1.84295
3.41487 -2 1.04119 -1.93958
5.18228 -2 1.33301 -2.15777
4.98526 -2 1.31022 -2.21831
4.51218 -2 1.26674 -2.27204
4.79525 -2 1.29746 -2.25864
3.84402 -2 1.15878 -2.0514
4.52161 -2 1.24592 -2.26173
3.13049 -2 1.01163 -1.85453
4.0367 -2 1.19491 -2.10825
3.83079 -2 1.12348 -2.03309
4.29377 -2 1.20778 -2.16574
4.48989 -2 1.24391 -2.22259
4.47579 -2 1.24391 -2.22259
5.74422 -2 1.42223 -1.98647
2.40415 -2 0.579585 -1.83623
5.64522 -2 1.39624 -1.99632
2.70537 -2 0.776584 -1.83536
5.20113 -2 1.34305 -2.13757
2.06465 -2 0.362511 -1.87749
5.72472 -2 1.40384 -1.97615
4.79091 -2 1.28742 -2.27884
4.07852 -2 1.16162 -2.12908
4.42273 -2 1.23187 -2.20364
6.04282 -2 1.44183 -1.87525
4.60774 -2 1.26799 -2.26049
3.6319 -2 1.08736 -1.97624
6.5218 -2 1.5759 -1.77526
4.5354 -2 1.25595 -2.24154
3.20461 -2 1.02367 -1.87348
4.35312 -2 1.21982 -2.18469
3.38618 -2 1.07448 -1.91875
4.70929 -2 1.30065 -2.30933
5.4471 -2 1.37344 -2.05686
5.16435 -2 1.35384 -2.16808
6.2693 -2 1.48302 -1.82504
4.38447 -2 1.24266 -2.23414
7.11457 -2 2.0192 -1.77922
4.89361 -2 1.32567 -2.26836
4.9806 -2 1.31022 -2.21831
3.36098 -2 1.02915 -1.92063
5.63456 -2 1.3862 -2.01652
5.68303 -2 1.41463 -2.00665
5.73589 -2 1.42445 -2.00604
3.5088 -2 1.06327 -1.93834
4.30674 -2 1.22839 -2.19563
4.91383 -2 1.30262 -2.23848
4.76053 -2 1.31047 -2.30871
2.79791 -2 0.828028 -1.81096
5.60377 -2 1.40925 -2.04639
6.471 -2 1.54747 -1.78513
3.75235 -2 1.10141 -2.03433
4.48362 -2 1.24391 -2.22259
4.85361 -2 1.29502 -2.25866
7.08133 -2 2.00081 -1.76889
5.17163 -2 1.33301 -2.15777
5.92297 -2 1.46193 -1.93392
4.47431 -2 1.24391 -2.22259
4.24593 -2 1.21857 -2.19624
4.79763 -2 1.29746 -2.25864
4.56246 -2 1.27656 -2.27143
5.40733 -2 1.38646 -2.10693
6.93613 -2 1.89226 -1.78821
5.49544 -2 1.37101 -2.05688
4.69457 -2 1.30065 -2.30933
3.62049 -2 1.07732 -1.99643
4.69966 -2 1.30065 -2.30933
3.40513 -2 1.06202 -1.94989
4.02008 -2 1.15961 -2.08994
4.35721 -2 1.21982 -2.18469
3.7959 -2 1.13428 -2.06359
5.36986 -2 1.35581 -2.09723
4.74362 -2 1.28986 -2.27882
3.82387 -2 1.12348 -2.03309
3.84509 -2 1.1441 -2.06298
4.6271 -2 1.28861 -2.29038
3.74161 -2 1.10141 -2.03433
4.88375 -2 1.34035 -2.25678
5.74371 -2 1.42223 -1.98647
4.10887 -2 1.19227 -2.13878
4.97752 -2 1.31022 -2.21831
4.3874 -2 1.22183 -2.22383
5.81865 -2 1.409 -1.95599
4.39934 -2 1.22183 -2.22383
4.76205 -2 1.31047 -2.30871
5.05576 -2 1.32785 -2.17793
5.82025 -2 1.409 -1.95599
5.59553 -2 1.42394 -2.03481
4.1915 -2 1.1857 -2.16698
4.76224 -2 1.31047 -2.30871
5.10091 -2 1.32541 -2.17795
2.91805 -2 0.910842 -1.80253
4.21325 -2 1.19574 -2.14679
4.34854 -2 1.21982 -2.18469
4.92575 -2 1.31265 -2.21829
4.2394 -2 1.21635 -2.17668
4.66565 -2 1.28004 -2.27944
3.01311 -2 0.989766 -1.83619
4.58021 -2 1.25796 -2.28068
3.26096 -2 1.03571 -1.89243
3.72274 -2 1.12001 -2.02508
5.44198 -2 1.36341 -2.07706
5.09197 -2 1.34624 -2.18826
6.30187 -2 1.47223 -1.79454
5.31847 -2 1.35825 -2.09722
4.11403 -2 1.19227 -2.13878
3.12165 -2 0.991017 -1.82464
4.6215 -2 1.30329 -2.2788
5.66289 -2 1.43153 -2.01463
2.95762 -2 0.942213 -1.81851
4.55299 -2 1.25595 -2.24154
4.69142 -2 1.30065 -2.30933
5.00074 -2 1.32025 -2.19811
3.77357 -2 1.11144 -2.01414
1.91011 -2 0.300525 -1.89623
5.0761 -2 1.36315 -2.19624
2.88628 -2 0.921634 -1.83304
3.95577 -2 1.14757 -2.07099
4.49177 -2 1.2792 -2.2409
4.73831 -2 1.28986 -2.27882
2.57892 -2 0.693769 -1.84379
3.00369 -2 0.987544 -1.81663
3.54267 -2 1.06528 -1.97748
4.43661 -2 1.25248 -2.23353
4.89732 -2 1.32345 -2.24879
5.60558 -2 1.40925 -2.04639
3.83802 -2 1.12348 -2.03309
4.95787 -2 1.33327 -2.24818
6.06774 -2 1.46022 -1.88558
4.14141 -2 1.17366 -2.14803
4.51081 -2 1.26674 -2.27204
3.86077 -2 1.14632 -2.08254
5.59902 -2 1.42394 -2.03481
4.00466 -2 1.14958 -2.11013
3.92474 -2 1.15836 -2.10149
2.89161 -2 0.900806 -1.82273
4.81461 -2 1.29746 -2.25864
3.61825 -2 1.07732 -1.99643
4.4836 -2 1.24391 -2.22259
5.23536 -2 1.34061 -2.13759
4.75537 -2 1.31047 -2.30871
5.76492 -2 1.4014 -1.97616
3.24416 -2 1.0151 -1.86254
3.17249 -2 1.00306 -1.84359
6.58557 -2 1.62515 -1.7757
4.7145 -2 1.27982 -2.29902
5.34922 -2 1.37886 -2.12711
5.11391 -2 1.32541 -2.17795
4.30115 -2 1.22839 -2.19563
3.94045 -2 1.13753 -2.09118
4.29396 -2 1.20778 -2.16574
5.17821 -2 1.33301 -2.15777
5.18629 -2 1.34305 -2.13757
5.57241 -2 1.3786 -2.0367
4.27167 -2 1.19775 -2.18593
3.35062 -2 1.02915 -1.92063
3.14498 -2 1.01385 -1.87409
3.91966 -2 1.15614 -2.08193
5.09783 -2 1.34624 -2.18826
2.93671 -2 0.960819 -1.80926
4.88373 -2 1.34035 -2.25678
4.45667 -2 1.23387 -2.24278
4.51597 -2 1.24592 -2.26173
3.33068 -2 1.04776 -1.91138
4.26151 -2 1.19775 -2.18593
4.77074 -2 1.30825 -2.28915
5.33991 -2 1.39354 -2.11553
2.70751 -2 0.776584 -1.83536
5.24453 -2 1.34061 -2.13759
2.39091 -2 0.579585 -1.83623
6.37936 -2 1.51512 -1.79267
3.67054 -2 1.08936 -2.01538
3.50152 -2 1.06327 -1.93834
5.2656 -2 1.35065 -2.1174
3.43335 -2 1.05123 -1.91939
4.22615 -2 1.19574 -2.14679
3.58534 -2 1.09593 -1.98718
3.93671 -2 1.13753 -2.09118
3.14358 -2 1.01385 -1.87409
4.46651 -2 1.23387 -2.24278
3.18014 -2 1.00306 -1.84359
6.03767 -2 1.44183 -1.87525
3.73188 -2 1.12223 -2.04464
4.32431 -2 1.20979 -2.20488
6.44592 -2 1.52887 -1.79438
2.29067 -2 0.546747 -1.85139
4.74752 -2 1.28986 -2.27882
4.54141 -2 1.25595 -2.24154
3.83891 -2 1.12348 -2.03309
3.72944 -2 1.12223 -2.04464
5.4933 -2 1.37101 -2.05688
4.99061 -2 1.32025 -2.19811
5.07887 -2 1.36315 -2.19624
3.67782 -2 1.08936 -2.01538
3.2687 -2 1.03571 -1.89243
4.76189 -2 1.31047 -2.30871
6.22986 -2 1.46463 -1.81472
2.07875 -2 0.372548 -1.8573
4.40398 -2 1.22183 -2.22383
4.9324 -2 1.31265 -2.21829
4.4058 -2 1.23187 -2.20364
5.5527 -2 1.39943 -2.04701
4.02794 -2 1.15961 -2.08994
3.30829 -2 1.02714 -1.88149
6.11759 -2 1.48473 -1.87338
4.4447 -2 1.2547 -2.25309
3.58479 -2 1.11061 -1.9756
4.89776 -2 1.32345 -2.24879
3.08961 -2 0.98098 -1.84483
5.88974 -2 1.4166 -1.93581
