1.68556 -2 0.139446 -1.87588
1.81017 -2 0.220993 -1.85296
1.82001 -2 0.227456 -1.85124
1.91011 -2 0.286391 -1.83625
2.06465 -2 0.386336 -1.81367
2.07875 -2 0.395419 -1.8118
2.10784 -2 0.414151 -1.80806
2.20399 -2 0.476159 -1.79674
2.21491 -2 0.483222 -1.79556
2.24788 -2 0.504567 -1.79213
2.29067 -2 0.532348 -1.78802
2.29976 -2 0.538261 -1.78719
2.31507 -2 0.548235 -1.78584
2.38723 -2 0.595425 -1.78022
2.39091 -2 0.59784 -1.77996
2.40415 -2 0.606535 -1.77908
2.41051 -2 0.61072 -1.77867
2.46597 -2 0.647287 -1.77559
2.46868 -2 0.649081 -1.77546
2.49834 -2 0.668718 -1.77419
2.50903 -2 0.675809 -1.7738
2.51765 -2 0.681532 -1.77351
2.55948 -2 0.709355 -1.77245
2.56066 -2 0.710147 -1.77243
2.56593 -2 0.713658 -1.77234
2.57175 -2 0.717535 -1.77226
2.57892 -2 0.722316 -1.77216
2.61166 -2 0.744187 -1.77197
2.62204 -2 0.751127 -1.772
2.6277 -2 0.754908 -1.77202
2.65265 -2 0.77161 -1.7723
2.66208 -2 0.777929 -1.77246
2.66994 -2 0.783197 -1.77263
2.70537 -2 0.806945 -1.77369
2.70751 -2 0.808377 -1.77377
2.70958 -2 0.809769 -1.77385
2.73966 -2 0.829935 -1.77522
2.76055 -2 0.84393 -1.7764
2.76218 -2 0.845027 -1.7765
2.79791 -2 0.868938 -1.77901
2.80746 -2 0.875321 -1.77978
2.82982 -2 0.890248 -1.78176
2.84221 -2 0.898512 -1.78296
2.87771 -2 0.922101 -1.78681
2.88628 -2 0.927782 -1.78784
2.89161 -2 0.931308 -1.78849
2.89473 -2 0.933376 -1.78888
2.90138 -2 0.937773 -1.78973
2.91805 -2 0.948765 -1.79196
2.9199 -2 0.94998 -1.79222
2.93671 -2 0.961029 -1.79463
2.95692 -2 0.974254 -1.79773
2.95762 -2 0.97471 -1.79784
2.96125 -2 0.977077 -1.79842
2.96537 -2 0.979763 -1.79908
3.00369 -2 1.00459 -1.80572
3.01007 -2 1.00869 -1.8069
3.01311 -2 1.01065 -1.80747
3.01949 -2 1.01474 -1.80868
3.02973 -2 1.02129 -1.81068
3.03188 -2 1.02266 -1.8111
3.03601 -2 1.02529 -1.81193
3.03778 -2 1.02642 -1.81228
3.05153 -2 1.03515 -1.81511
3.06973 -2 1.04663 -1.81901
3.07393 -2 1.04926 -1.81994
3.07945 -2 1.05272 -1.82117
3.08152 -2 1.05402 -1.82164
3.0842 -2 1.05569 -1.82224
3.08961 -2 1.05907 -1.82348
3.09527 -2 1.06259 -1.82479
3.10622 -2 1.06937 -1.82738
3.1064 -2 1.06948 -1.82742
3.10647 -2 1.06952 -1.82744
3.12165 -2 1.07886 -1.83113
3.12704 -2 1.08216 -1.83247
3.13049 -2 1.08427 -1.83334
3.13078 -2 1.08445 -1.83341
3.13655 -2 1.08795 -1.83488
3.14358 -2 1.09222 -1.83669
3.14498 -2 1.09307 -1.83705
3.14757 -2 1.09463 -1.83773
3.15577 -2 1.09957 -1.83989
3.16862 -2 1.10727 -1.84335
3.17249 -2 1.10957 -1.84441
3.17562 -2 1.11143 -1.84527
3.18014 -2 1.11411 -1.84652
3.19422 -2 1.12241 -1.8505
3.1976 -2 1.12438 -1.85147
3.19771 -2 1.12445 -1.8515
3.1985 -2 1.12491 -1.85173
3.20163 -2 1.12674 -1.85264
3.20461 -2 1.12847 -1.8535
3.2139 -2 1.13386 -1.85623
3.21644 -2 1.13533 -1.85699
3.22471 -2 1.14009 -1.85947
3.24289 -2 1.15043 -1.86504
3.24416 -2 1.15115 -1.86544
3.24437 -2 1.15127 -1.8655
3.25317 -2 1.15622 -1.86827
3.25754 -2 1.15866 -1.86965
3.25956 -2 1.15979 -1.8703
3.26075 -2 1.16045 -1.87068
3.26096 -2 1.16057 -1.87075
3.26194 -2 1.16111 -1.87106
3.26827 -2 1.16463 -1.8731
3.2687 -2 1.16487 -1.87324
3.27175 -2 1.16655 -1.87423
3.27775 -2 1.16985 -1.87619
3.27836 -2 1.17019 -1.87639
3.27916 -2 1.17062 -1.87666
3.28524 -2 1.17394 -1.87867
3.28694 -2 1.17487 -1.87923
3.295 -2 1.17924 -1.88193
3.30829 -2 1.18636 -1.88645
3.32043 -2 1.19279 -1.89065
3.33068 -2 1.19816 -1.89425
3.34152 -2 1.20377 -1.8981
3.34641 -2 1.20628 -1.89986
3.34694 -2 1.20655 -1.90005
3.35062 -2 1.20843 -1.90138
3.36098 -2 1.21368 -1.90516
3.36244 -2 1.21442 -1.90569
3.363 -2 1.2147 -1.9059
3.36497 -2 1.21569 -1.90662
3.36798 -2 1.21719 -1.90773
3.36839 -2 1.2174 -1.90788
3.37577 -2 1.22106 -1.91063
3.3795 -2 1.22291 -1.91202
3.38618 -2 1.22619 -1.91453
3.38641 -2 1.2263 -1.91462
3.3964 -2 1.23115 -1.91841
3.40021 -2 1.23298 -1.91986
3.40513 -2 1.23534 -1.92175
3.41487 -2 1.23995 -1.92552
3.41704 -2 1.24097 -1.92636
3.42103 -2 1.24284 -1.92792
3.43058 -2 1.24727 -1.93167
3.43335 -2 1.24854 -1.93276
3.44707 -2 1.25478 -1.93823
3.4532 -2 1.25753 -1.94069
3.46826 -2 1.26417 -1.94679
3.47851 -2 1.2686 -1.95098
3.4834 -2 1.27069 -1.953
3.49063 -2 1.27375 -1.95599
3.49148 -2 1.27411 -1.95634
3.49205 -2 1.27435 -1.95658
3.49648 -2 1.2762 -1.95842
3.49885 -2 1.27718 -1.95941
3.50152 -2 1.27829 -1.96052
3.50563 -2 1.27998 -1.96224
3.5088 -2 1.28128 -1.96357
3.51071 -2 1.28205 -1.96438
3.52352 -2 1.2872 -1.96979
3.52803 -2 1.28899 -1.9717
3.53307 -2 1.29097 -1.97385
3.53381 -2 1.29125 -1.97416
3.53685 -2 1.29244 -1.97546
3.54267 -2 1.29469 -1.97796
3.55095 -2 1.29784 -1.98152
3.55399 -2 1.29898 -1.98283
3.55689 -2 1.30006 -1.98408
3.58479 -2 1.31019 -1.99623
3.58534 -2 1.31038 -1.99647
3.5858 -2 1.31054 -1.99667
3.58836 -2 1.31144 -1.9978
3.59514 -2 1.31379 -2.00078
3.5996 -2 1.31532 -2.00274
3.60169 -2 1.31604 -2.00366
3.60307 -2 1.3165 -2.00427
3.60486 -2 1.31711 -2.00506
3.60952 -2 1.31868 -2.00713
3.61505 -2 1.32051 -2.00957
3.6174 -2 1.32128 -2.01062
3.61825 -2 1.32156 -2.011
3.61962 -2 1.32201 -2.0116
3.62049 -2 1.32229 -2.01199
3.62177 -2 1.32271 -2.01256
3.62633 -2 1.32418 -2.01459
3.62983 -2 1.3253 -2.01615
3.63185 -2 1.32594 -2.01705
3.6319 -2 1.32595 -2.01707
3.63326 -2 1.32638 -2.01768
3.63349 -2 1.32646 -2.01778
3.63828 -2 1.32796 -2.01992
3.64364 -2 1.32962 -2.02231
3.64638 -2 1.33046 -2.02354
3.65015 -2 1.3316 -2.02523
3.65298 -2 1.33246 -2.0265
3.66722 -2 1.33665 -2.03289
3.66872 -2 1.33709 -2.03357
3.66985 -2 1.33741 -2.03407
3.67054 -2 1.33761 -2.03439
3.67207 -2 1.33805 -2.03508
3.67217 -2 1.33808 -2.03512
3.67782 -2 1.33968 -2.03767
3.68247 -2 1.34097 -2.03976
3.69473 -2 1.34431 -2.04529
3.69959 -2 1.34561 -2.04749
3.70044 -2 1.34583 -2.04787
3.70243 -2 1.34635 -2.04877
3.70348 -2 1.34663 -2.04925
3.71898 -2 1.35058 -2.05625
3.72082 -2 1.35103 -2.05708
3.72272 -2 1.3515 -2.05794
3.72274 -2 1.35151 -2.05795
3.72596 -2 1.35229 -2.05941
3.72598 -2 1.3523 -2.05942
3.72944 -2 1.35313 -2.06098
3.73188 -2 1.35372 -2.06209
3.73228 -2 1.35381 -2.06227
3.73349 -2 1.3541 -2.06281
3.74161 -2 1.356 -2.06649
3.74586 -2 1.35698 -2.06841
3.74867 -2 1.35761 -2.06968
3.7515 -2 1.35825 -2.07096
3.75176 -2 1.3583 -2.07107
3.75235 -2 1.35844 -2.07134
3.75566 -2 1.35917 -2.07284
3.76103 -2 1.36034 -2.07526
3.76187 -2 1.36052 -2.07564
3.76533 -2 1.36126 -2.07721
3.76764 -2 1.36174 -2.07824
3.77357 -2 1.36298 -2.08092
3.78043 -2 1.36437 -2.08401
3.78083 -2 1.36445 -2.08419
3.78158 -2 1.3646 -2.08453
3.78523 -2 1.36532 -2.08617
3.79414 -2 1.36704 -2.09018
3.79526 -2 1.36726 -2.09069
3.7959 -2 1.36737 -2.09097
3.80017 -2 1.36817 -2.09289
3.80465 -2 1.36899 -2.0949
3.80608 -2 1.36925 -2.09554
3.81119 -2 1.37016 -2.09783
3.81507 -2 1.37084 -2.09956
3.81614 -2 1.37102 -2.10004
3.82236 -2 1.37208 -2.10282
3.82387 -2 1.37233 -2.10349
3.83079 -2 1.37346 -2.10657
3.83802 -2 1.37461 -2.10979
3.83891 -2 1.37474 -2.11018
3.84377 -2 1.37549 -2.11234
3.84402 -2 1.37553 -2.11245
3.84509 -2 1.37569 -2.11292
3.85627 -2 1.37731 -2.11786
3.85645 -2 1.37734 -2.11794
3.86077 -2 1.37794 -2.11985
3.86666 -2 1.37874 -2.12243
3.86811 -2 1.37893 -2.12307
3.87401 -2 1.3797 -2.12566
3.87765 -2 1.38016 -2.12725
3.87844 -2 1.38026 -2.12759
3.88116 -2 1.38059 -2.12878
3.8833 -2 1.38085 -2.12971
3.8871 -2 1.3813 -2.13137
3.89164 -2 1.38183 -2.13334
3.89676 -2 1.38241 -2.13556
3.9032 -2 1.3831 -2.13834
3.90601 -2 1.3834 -2.13955
3.91058 -2 1.38386 -2.14151
3.91263 -2 1.38407 -2.14239
3.91334 -2 1.38414 -2.1427
3.91445 -2 1.38424 -2.14317
3.91538 -2 1.38433 -2.14357
3.91877 -2 1.38466 -2.14502
3.91966 -2 1.38474 -2.1454
3.92084 -2 1.38485 -2.1459
3.92295 -2 1.38504 -2.14681
3.92443 -2 1.38518 -2.14743
3.92474 -2 1.38521 -2.14757
3.92598 -2 1.38532 -2.1481
3.93259 -2 1.38589 -2.1509
3.93532 -2 1.38611 -2.15206
3.93671 -2 1.38623 -2.15264
3.93845 -2 1.38637 -2.15338
3.94045 -2 1.38652 -2.15422
3.94069 -2 1.38654 -2.15432
3.94332 -2 1.38675 -2.15543
3.94491 -2 1.38687 -2.1561
3.94734 -2 1.38705 -2.15712
3.95577 -2 1.38764 -2.16064
3.95951 -2 1.38788 -2.1622
3.96306 -2 1.38811 -2.16367
3.96771 -2 1.38839 -2.1656
3.96884 -2 1.38845 -2.16606
3.97026 -2 1.38853 -2.16665
3.97796 -2 1.38895 -2.16982
3.97924 -2 1.38902 -2.17034
3.98409 -2 1.38925 -2.17232
3.9852 -2 1.3893 -2.17277
3.98905 -2 1.38948 -2.17434
3.99109 -2 1.38956 -2.17516
3.99321 -2 1.38965 -2.17602
3.99567 -2 1.38975 -2.17702
3.99589 -2 1.38976 -2.17711
3.99684 -2 1.3898 -2.17749
4.0015 -2 1.38997 -2.17937
4.00466 -2 1.39007 -2.18063
4.00527 -2 1.39009 -2.18088
4.00921 -2 1.39021 -2.18245
4.01037 -2 1.39025 -2.18291
4.01719 -2 1.39043 -2.18562
4.01938 -2 1.39048 -2.18649
4.02008 -2 1.3905 -2.18677
4.02081 -2 1.39051 -2.18705
4.02193 -2 1.39054 -2.18749
4.02473 -2 1.39059 -2.1886
4.02794 -2 1.39065 -2.18985
4.02825 -2 1.39066 -2.18998
4.0296 -2 1.39068 -2.1905
4.0367 -2 1.39078 -2.19327
4.04092 -2 1.39082 -2.1949
4.04256 -2 1.39083 -2.19554
4.04753 -2 1.39086 -2.19745
4.05455 -2 1.39087 -2.20014
4.05483 -2 1.39087 -2.20024
4.05622 -2 1.39087 -2.20077
4.06546 -2 1.39083 -2.20426
4.06585 -2 1.39083 -2.20441
4.06741 -2 1.39082 -2.205
4.07092 -2 1.39078 -2.20632
4.07136 -2 1.39078 -2.20648
4.07407 -2 1.39074 -2.20749
4.0761 -2 1.39072 -2.20825
4.07851 -2 1.39068 -2.20914
4.07852 -2 1.39068 -2.20914
4.07882 -2 1.39068 -2.20926
4.07931 -2 1.39067 -2.20943
4.08062 -2 1.39065 -2.20992
4.08088 -2 1.39064 -2.21002
4.09863 -2 1.39024 -2.2165
4.10107 -2 1.39017 -2.21739
4.10294 -2 1.39012 -2.21806
4.10396 -2 1.39009 -2.21842
4.10566 -2 1.39003 -2.21903
4.10887 -2 1.38993 -2.22018
4.10892 -2 1.38993 -2.2202
4.11224 -2 1.38981 -2.22138
4.11403 -2 1.38974 -2.22202
4.12072 -2 1.38948 -2.22438
4.12413 -2 1.38934 -2.22557
4.12749 -2 1.38919 -2.22674
4.13485 -2 1.38884 -2.22929
4.14141 -2 1.38851 -2.23153
4.14189 -2 1.38848 -2.23169
4.14362 -2 1.38839 -2.23228
4.14429 -2 1.38836 -2.23251
4.14764 -2 1.38817 -2.23364
4.14868 -2 1.38811 -2.23399
4.15772 -2 1.38757 -2.23702
4.16179 -2 1.38732 -2.23837
4.1687 -2 1.38686 -2.24064
4.1735 -2 1.38653 -2.24221
4.174 -2 1.38649 -2.24237
4.18268 -2 1.38586 -2.24516
4.18499 -2 1.38568 -2.2459
4.18526 -2 1.38566 -2.24598
4.18892 -2 1.38538 -2.24714
4.18907 -2 1.38537 -2.24719
4.19037 -2 1.38527 -2.2476
4.1915 -2 1.38518 -2.24796
4.19177 -2 1.38515 -2.24804
4.19364 -2 1.385 -2.24863
4.19832 -2 1.38462 -2.25009
4.20454 -2 1.38409 -2.25201
4.20597 -2 1.38397 -2.25245
4.21325 -2 1.38332 -2.25467
4.22126 -2 1.38258 -2.25708
4.22615 -2 1.38211 -2.25853
4.22652 -2 1.38208 -2.25864
4.22833 -2 1.3819 -2.25917
4.23075 -2 1.38166 -2.25988
4.23597 -2 1.38114 -2.2614
4.23873 -2 1.38086 -2.2622
4.2394 -2 1.38079 -2.26239
4.24173 -2 1.38055 -2.26306
4.24296 -2 1.38042 -2.26342
4.24312 -2 1.3804 -2.26346
4.24506 -2 1.3802 -2.26401
4.24593 -2 1.38011 -2.26426
4.2468 -2 1.38001 -2.26451
4.25575 -2 1.37904 -2.26702
4.26151 -2 1.3784 -2.26862
4.26253 -2 1.37828 -2.2689
4.26695 -2 1.37778 -2.27011
4.27081 -2 1.37733 -2.27115
4.27135 -2 1.37727 -2.2713
4.27158 -2 1.37724 -2.27136
4.27167 -2 1.37723 -2.27138
4.2758 -2 1.37674 -2.27249
4.27957 -2 1.37629 -2.27349
4.27994 -2 1.37625 -2.27359
4.28205 -2 1.37599 -2.27415
4.28235 -2 1.37595 -2.27422
4.28368 -2 1.37579 -2.27457
4.28662 -2 1.37543 -2.27534
4.28788 -2 1.37527 -2.27567
4.28833 -2 1.37522 -2.27578
4.28878 -2 1.37516 -2.2759
4.29377 -2 1.37454 -2.27718
4.29396 -2 1.37451 -2.27724
4.29447 -2 1.37445 -2.27736
4.29674 -2 1.37416 -2.27794
4.29893 -2 1.37388 -2.2785
4.30115 -2 1.37359 -2.27906
4.30128 -2 1.37358 -2.27909
4.30674 -2 1.37287 -2.28045
4.3091 -2 1.37255 -2.28104
4.31275 -2 1.37207 -2.28194
4.31445 -2 1.37184 -2.28235
4.31627 -2 1.3716 -2.28279
4.31702 -2 1.37149 -2.28297
4.32431 -2 1.3705 -2.28472
4.32462 -2 1.37046 -2.28479
4.32593 -2 1.37027 -2.2851
4.32733 -2 1.37008 -2.28543
4.33213 -2 1.36941 -2.28656
4.33356 -2 1.36921 -2.28689
4.33458 -2 1.36906 -2.28712
4.3378 -2 1.36861 -2.28787
4.34009 -2 1.36828 -2.28839
4.34039 -2 1.36823 -2.28845
4.344 -2 1.36771 -2.28927
4.34414 -2 1.36769 -2.28931
4.34482 -2 1.36759 -2.28946
4.34854 -2 1.36705 -2.29029
4.35014 -2 1.36682 -2.29064
4.35234 -2 1.36649 -2.29113
4.35312 -2 1.36638 -2.2913
4.35373 -2 1.36629 -2.29143
4.35558 -2 1.36601 -2.29184
4.35721 -2 1.36577 -2.29219
4.35803 -2 1.36565 -2.29237
4.35812 -2 1.36563 -2.29239
4.36011 -2 1.36534 -2.29282
4.36063 -2 1.36526 -2.29293
4.36133 -2 1.36515 -2.29308
4.36162 -2 1.36511 -2.29314
4.36491 -2 1.36461 -2.29384
4.36716 -2 1.36427 -2.29432
4.36796 -2 1.36415 -2.29449
4.36901 -2 1.36399 -2.29471
4.37122 -2 1.36365 -2.29517
4.37128 -2 1.36364 -2.29518
4.37235 -2 1.36347 -2.2954
4.37458 -2 1.36313 -2.29586
4.37673 -2 1.3628 -2.29631
4.37673 -2 1.3628 -2.29631
4.37908 -2 1.36243 -2.29678
4.37952 -2 1.36236 -2.29687
4.3824 -2 1.36191 -2.29746
4.38447 -2 1.36158 -2.29787
4.38493 -2 1.36151 -2.29796
4.38712 -2 1.36116 -2.2984
4.3874 -2 1.36112 -2.29845
4.38857 -2 1.36093 -2.29868
4.38892 -2 1.36088 -2.29875
4.38893 -2 1.36088 -2.29875
4.39089 -2 1.36057 -2.29914
4.39217 -2 1.36036 -2.29939
4.3948 -2 1.35994 -2.2999
4.39492 -2 1.35992 -2.29992
4.39934 -2 1.35921 -2.30077
4.40377 -2 1.35849 -2.30161
4.40398 -2 1.35845 -2.30164
4.40489 -2 1.3583 -2.30181
4.40533 -2 1.35823 -2.3019
4.4058 -2 1.35815 -2.30199
4.40611 -2 1.3581 -2.30204
4.41063 -2 1.35736 -2.30288
4.41571 -2 1.35652 -2.3038
4.42273 -2 1.35534 -2.30504
4.42456 -2 1.35504 -2.30536
4.42479 -2 1.355 -2.3054
4.42847 -2 1.35437 -2.30604
4.42966 -2 1.35417 -2.30624
4.43572 -2 1.35314 -2.30727
4.43661 -2 1.35298 -2.30741
4.44186 -2 1.35208 -2.30828
4.4447 -2 1.35159 -2.30874
4.44894 -2 1.35085 -2.30942
4.44925 -2 1.3508 -2.30946
4.44962 -2 1.35073 -2.30952
4.4515 -2 1.35041 -2.30982
4.4562 -2 1.34958 -2.31055
4.45667 -2 1.3495 -2.31062
4.4599 -2 1.34893 -2.31111
4.46346 -2 1.3483 -2.31165
4.46622 -2 1.34781 -2.31205
4.46651 -2 1.34776 -2.3121
4.47128 -2 1.3469 -2.31279
4.47236 -2 1.34671 -2.31295
4.47236 -2 1.34671 -2.31295
4.47431 -2 1.34636 -2.31322
4.47522 -2 1.3462 -2.31335
4.47533 -2 1.34618 -2.31337
4.47539 -2 1.34617 -2.31338
4.47579 -2 1.34609 -2.31343
4.47658 -2 1.34595 -2.31355
4.48217 -2 1.34494 -2.31432
4.4836 -2 1.34468 -2.31452
4.48362 -2 1.34468 -2.31452
4.48989 -2 1.34354 -2.31536
4.49147 -2 1.34325 -2.31557
4.49177 -2 1.3432 -2.3156
4.49259 -2 1.34304 -2.31571
4.49342 -2 1.34289 -2.31582
4.49623 -2 1.34238 -2.31618
4.50135 -2 1.34144 -2.31683
4.50228 -2 1.34126 -2.31694
4.50387 -2 1.34097 -2.31714
4.50463 -2 1.34083 -2.31723
4.50707 -2 1.34038 -2.31753
4.50736 -2 1.34032 -2.31756
4.50886 -2 1.34005 -2.31774
4.51081 -2 1.33968 -2.31798
4.51218 -2 1.33943 -2.31814
4.5133 -2 1.33922 -2.31827
4.51378 -2 1.33913 -2.31832
4.51597 -2 1.33872 -2.31858
4.51769 -2 1.3384 -2.31877
4.52151 -2 1.33768 -2.3192
4.52161 -2 1.33767 -2.31921
4.52271 -2 1.33746 -2.31934
4.52358 -2 1.33729 -2.31943
4.52543 -2 1.33695 -2.31963
4.52592 -2 1.33685 -2.31969
4.52739 -2 1.33658 -2.31985
4.53012 -2 1.33606 -2.32014
4.53152 -2 1.3358 -2.32029
4.53254 -2 1.33561 -2.32039
4.53326 -2 1.33547 -2.32047
4.5354 -2 1.33506 -2.32069
4.53691 -2 1.33478 -2.32084
4.539 -2 1.33438 -2.32105
4.54141 -2 1.33392 -2.32129
4.5508 -2 1.33213 -2.32219
4.55197 -2 1.33191 -2.3223
4.55244 -2 1.33182 -2.32234
4.55299 -2 1.33171 -2.32239
4.55326 -2 1.33166 -2.32241
4.55735 -2 1.33088 -2.32278
4.56163 -2 1.33005 -2.32315
4.56246 -2 1.32989 -2.32322
4.56849 -2 1.32873 -2.32372
4.56927 -2 1.32858 -2.32379
4.57026 -2 1.32839 -2.32387
4.5705 -2 1.32834 -2.32388
4.57226 -2 1.328 -2.32402
4.57437 -2 1.32759 -2.32419
4.57513 -2 1.32745 -2.32425
4.57639 -2 1.3272 -2.32434
4.57714 -2 1.32706 -2.3244
4.57813 -2 1.32686 -2.32447
4.58021 -2 1.32646 -2.32463
4.58036 -2 1.32643 -2.32464
4.58845 -2 1.32486 -2.32521
4.58875 -2 1.3248 -2.32523
4.58959 -2 1.32463 -2.32529
4.59147 -2 1.32427 -2.32542
4.59768 -2 1.32305 -2.32582
4.59908 -2 1.32278 -2.3259
4.60739 -2 1.32115 -2.32639
4.60774 -2 1.32108 -2.32641
4.61357 -2 1.31994 -2.32673
4.61482 -2 1.31969 -2.32679
4.61483 -2 1.31969 -2.32679
4.61647 -2 1.31937 -2.32688
4.61687 -2 1.31929 -2.3269
4.61931 -2 1.31881 -2.32702
4.61994 -2 1.31869 -2.32705
4.6215 -2 1.31838 -2.32712
4.6271 -2 1.31728 -2.32737
4.62866 -2 1.31697 -2.32744
4.63011 -2 1.31668 -2.3275
4.65099 -2 1.31256 -2.32824
4.65261 -2 1.31224 -2.32828
4.65296 -2 1.31217 -2.32829
4.65322 -2 1.31212 -2.3283
4.65449 -2 1.31187 -2.32833
4.65664 -2 1.31144 -2.32839
4.66054 -2 1.31067 -2.32848
4.66513 -2 1.30976 -2.32858
4.66565 -2 1.30966 -2.32859
4.66607 -2 1.30958 -2.3286
4.66967 -2 1.30887 -2.32866
4.67192 -2 1.30842 -2.3287
4.67587 -2 1.30764 -2.32876
4.67853 -2 1.30711 -2.32879
4.68426 -2 1.30598 -2.32884
4.68439 -2 1.30595 -2.32885
4.68622 -2 1.30559 -2.32886
4.68868 -2 1.30511 -2.32887
4.69107 -2 1.30463 -2.32888
4.69142 -2 1.30456 -2.32889
4.69457 -2 1.30394 -2.32889
4.69628 -2 1.30361 -2.3289
4.69966 -2 1.30294 -2.32889
4.70929 -2 1.30104 -2.32885
4.71024 -2 1.30085 -2.32884
4.71093 -2 1.30071 -2.32884
4.71095 -2 1.30071 -2.32884
4.71131 -2 1.30064 -2.32883
4.7145 -2 1.30001 -2.3288
4.71781 -2 1.29936 -2.32876
4.71885 -2 1.29916 -2.32875
4.72049 -2 1.29883 -2.32873
4.72438 -2 1.29807 -2.32867
4.72453 -2 1.29804 -2.32867
4.72725 -2 1.2975 -2.32862
4.73065 -2 1.29684 -2.32855
4.73263 -2 1.29645 -2.32851
4.73635 -2 1.29572 -2.32842
4.73683 -2 1.29563 -2.32841
4.73831 -2 1.29534 -2.32838
4.7392 -2 1.29516 -2.32835
4.74362 -2 1.2943 -2.32824
4.74752 -2 1.29354 -2.32812
4.75454 -2 1.29217 -2.32789
4.75537 -2 1.29201 -2.32786
4.75697 -2 1.2917 -2.32781
4.76053 -2 1.291 -2.32767
4.76189 -2 1.29074 -2.32762
4.76205 -2 1.29071 -2.32761
4.76224 -2 1.29067 -2.32761
4.76514 -2 1.29011 -2.32749
4.77074 -2 1.28903 -2.32725
4.77248 -2 1.28869 -2.32717
4.77573 -2 1.28806 -2.32702
4.77597 -2 1.28802 -2.32701
4.77806 -2 1.28761 -2.32691
4.78137 -2 1.28698 -2.32675
4.7815 -2 1.28695 -2.32674
4.78213 -2 1.28683 -2.32671
4.78243 -2 1.28677 -2.32669
4.78535 -2 1.28621 -2.32654
4.7876 -2 1.28578 -2.32642
4.79091 -2 1.28514 -2.32624
4.79238 -2 1.28486 -2.32615
4.79525 -2 1.28431 -2.32599
4.79591 -2 1.28419 -2.32595
4.79763 -2 1.28386 -2.32585
4.80242 -2 1.28295 -2.32555
4.80294 -2 1.28285 -2.32552
4.81253 -2 1.28103 -2.32489
4.81461 -2 1.28063 -2.32474
4.81761 -2 1.28007 -2.32453
4.81928 -2 1.27975 -2.32441
4.82479 -2 1.27872 -2.324
4.82598 -2 1.27849 -2.32391
4.82786 -2 1.27814 -2.32377
4.83112 -2 1.27753 -2.32351
4.83521 -2 1.27677 -2.32318
4.83593 -2 1.27663 -2.32312
4.83826 -2 1.2762 -2.32293
4.84094 -2 1.2757 -2.3227
4.84368 -2 1.27519 -2.32247
4.84392 -2 1.27515 -2.32245
4.85287 -2 1.2735 -2.32165
4.85361 -2 1.27336 -2.32158
4.854 -2 1.27329 -2.32155
4.85968 -2 1.27225 -2.32102
4.86094 -2 1.27202 -2.3209
4.86855 -2 1.27063 -2.32015
4.87201 -2 1.27 -2.3198
4.87703 -2 1.26909 -2.31928
4.87706 -2 1.26909 -2.31928
4.8777 -2 1.26897 -2.31921
4.87845 -2 1.26884 -2.31913
4.88198 -2 1.2682 -2.31875
4.88373 -2 1.26789 -2.31856
4.88375 -2 1.26789 -2.31856
4.88447 -2 1.26776 -2.31848
4.88911 -2 1.26693 -2.31797
4.8912 -2 1.26656 -2.31774
4.89177 -2 1.26645 -2.31767
4.89361 -2 1.26613 -2.31746
4.89732 -2 1.26547 -2.31704
4.89776 -2 1.26539 -2.31699
4.91215 -2 1.26286 -2.31526
4.91383 -2 1.26257 -2.31505
4.91592 -2 1.26221 -2.31478
4.91717 -2 1.26199 -2.31463
4.92136 -2 1.26127 -2.31409
4.92169 -2 1.26121 -2.31405
4.92245 -2 1.26108 -2.31395
4.92373 -2 1.26086 -2.31379
4.92429 -2 1.26076 -2.31371
4.92443 -2 1.26073 -2.31369
4.92575 -2 1.26051 -2.31352
4.92633 -2 1.26041 -2.31344
4.9324 -2 1.25937 -2.31264
4.93244 -2 1.25936 -2.31263
4.93739 -2 1.25852 -2.31196
4.94226 -2 1.2577 -2.31128
4.94586 -2 1.25709 -2.31077
4.94658 -2 1.25697 -2.31067
4.94716 -2 1.25687 -2.31059
4.94736 -2 1.25684 -2.31056
4.95046 -2 1.25632 -2.31012
4.95215 -2 1.25604 -2.30987
4.95787 -2 1.25509 -2.30903
4.95831 -2 1.25501 -2.30897
4.96904 -2 1.25325 -2.30735
4.96936 -2 1.2532 -2.3073
4.97633 -2 1.25207 -2.30621
4.97752 -2 1.25187 -2.30603
4.9806 -2 1.25138 -2.30554
4.98083 -2 1.25134 -2.3055
4.98291 -2 1.25101 -2.30517
4.98397 -2 1.25084 -2.305
4.98509 -2 1.25066 -2.30481
4.98526 -2 1.25063 -2.30479
4.98716 -2 1.25033 -2.30448
4.99061 -2 1.24978 -2.30391
5.00074 -2 1.24819 -2.30222
5.00911 -2 1.24689 -2.30078
5.01019 -2 1.24672 -2.30059
5.012 -2 1.24644 -2.30027
5.01902 -2 1.24537 -2.29903
5.02182 -2 1.24495 -2.29852
5.02362 -2 1.24467 -2.2982
5.02427 -2 1.24457 -2.29808
5.0377 -2 1.24257 -2.2956
5.03851 -2 1.24245 -2.29545
5.04125 -2 1.24205 -2.29493
5.04257 -2 1.24186 -2.29468
5.04423 -2 1.24162 -2.29436
5.04564 -2 1.24141 -2.29409
5.04859 -2 1.24098 -2.29352
5.05112 -2 1.24062 -2.29303
5.05576 -2 1.23995 -2.29212
5.05905 -2 1.23948 -2.29147
5.06004 -2 1.23934 -2.29128
5.06017 -2 1.23933 -2.29125
5.06129 -2 1.23917 -2.29103
5.06331 -2 1.23888 -2.29062
5.06561 -2 1.23856 -2.29016
5.06646 -2 1.23844 -2.28999
5.06848 -2 1.23816 -2.28958
5.0711 -2 1.23779 -2.28904
5.07132 -2 1.23776 -2.289
5.07264 -2 1.23758 -2.28873
5.07292 -2 1.23754 -2.28867
5.07401 -2 1.23739 -2.28845
5.0761 -2 1.2371 -2.28802
5.07721 -2 1.23695 -2.28779
5.07793 -2 1.23685 -2.28764
5.07887 -2 1.23672 -2.28744
5.08125 -2 1.2364 -2.28695
5.0916 -2 1.235 -2.28476
5.09197 -2 1.23495 -2.28468
5.09376 -2 1.23471 -2.2843
5.09783 -2 1.23418 -2.28342
5.09882 -2 1.23405 -2.2832
5.09991 -2 1.2339 -2.28297
5.10091 -2 1.23377 -2.28275
5.10283 -2 1.23352 -2.28233
5.10443 -2 1.23331 -2.28198
5.10521 -2 1.23321 -2.28181
5.10827 -2 1.23282 -2.28113
5.1128 -2 1.23224 -2.28012
5.11391 -2 1.2321 -2.27987
5.1149 -2 1.23197 -2.27965
5.11535 -2 1.23191 -2.27955
5.12011 -2 1.23131 -2.27848
5.12394 -2 1.23084 -2.2776
5.12413 -2 1.23081 -2.27756
5.13022 -2 1.23006 -2.27616
5.13103 -2 1.22996 -2.27597
5.136 -2 1.22936 -2.27481
5.14788 -2 1.22795 -2.272
5.15149 -2 1.22753 -2.27113
5.15287 -2 1.22737 -2.27079
5.15368 -2 1.22727 -2.2706
5.15565 -2 1.22705 -2.27012
5.15604 -2 1.227 -2.27003
5.15651 -2 1.22695 -2.26991
5.16411 -2 1.22609 -2.26805
5.16435 -2 1.22606 -2.26799
5.16553 -2 1.22593 -2.2677
5.17163 -2 1.22525 -2.26618
5.17821 -2 1.22453 -2.26453
5.18228 -2 1.2241 -2.26349
5.18302 -2 1.22402 -2.2633
5.18318 -2 1.224 -2.26326
5.18462 -2 1.22385 -2.2629
5.18629 -2 1.22367 -2.26247
5.18985 -2 1.2233 -2.26155
5.19261 -2 1.22301 -2.26084
5.20113 -2 1.22215 -2.25861
5.20313 -2 1.22195 -2.25809
5.20315 -2 1.22194 -2.25808
5.21762 -2 1.22053 -2.25422
5.21823 -2 1.22047 -2.25406
5.23201 -2 1.2192 -2.25029
5.23536 -2 1.2189 -2.24936
5.23925 -2 1.21855 -2.24828
5.24453 -2 1.21809 -2.2468
5.24533 -2 1.21802 -2.24658
5.2457 -2 1.21799 -2.24647
5.24578 -2 1.21799 -2.24645
5.25684 -2 1.21706 -2.24331
5.25929 -2 1.21686 -2.24261
5.2656 -2 1.21636 -2.24079
5.26636 -2 1.2163 -2.24057
5.2675 -2 1.21621 -2.24024
5.27112 -2 1.21593 -2.23918
5.27298 -2 1.21579 -2.23864
5.27503 -2 1.21563 -2.23804
5.27867 -2 1.21536 -2.23696
5.27875 -2 1.21535 -2.23694
5.29011 -2 1.21453 -2.23356
5.29084 -2 1.21448 -2.23334
5.29369 -2 1.21429 -2.23248
5.29391 -2 1.21427 -2.23242
5.30529 -2 1.21351 -2.22896
5.31047 -2 1.21319 -2.22737
5.31847 -2 1.2127 -2.2249
5.33121 -2 1.21197 -2.2209
5.33236 -2 1.21191 -2.22054
5.33336 -2 1.21186 -2.22022
5.33605 -2 1.21171 -2.21937
5.33699 -2 1.21166 -2.21907
5.33991 -2 1.21151 -2.21814
5.34922 -2 1.21105 -2.21515
5.35998 -2 1.21056 -2.21165
5.36037 -2 1.21055 -2.21152
5.36143 -2 1.2105 -2.21118
5.36206 -2 1.21047 -2.21097
5.36486 -2 1.21036 -2.21005
5.36794 -2 1.21023 -2.20903
5.36986 -2 1.21015 -2.2084
5.37456 -2 1.20997 -2.20684
5.37855 -2 1.20983 -2.20551
5.39059 -2 1.20942 -2.20146
5.39251 -2 1.20937 -2.20081
5.39366 -2 1.20933 -2.20042
5.40733 -2 1.20896 -2.19574
5.42039 -2 1.20869 -2.19121
5.42458 -2 1.20861 -2.18975
5.43255 -2 1.20849 -2.18694
5.44198 -2 1.20839 -2.18359
5.4471 -2 1.20835 -2.18176
5.46304 -2 1.20829 -2.17599
5.47164 -2 1.20831 -2.17285
5.4772 -2 1.20834 -2.1708
5.47746 -2 1.20834 -2.1707
5.47909 -2 1.20835 -2.1701
5.48107 -2 1.20837 -2.16937
5.4813 -2 1.20837 -2.16928
5.48171 -2 1.20837 -2.16913
5.48822 -2 1.20844 -2.16671
5.4933 -2 1.20851 -2.16481
5.49544 -2 1.20854 -2.16401
5.4974 -2 1.20857 -2.16327
5.50403 -2 1.20868 -2.16077
5.50721 -2 1.20875 -2.15957
5.50926 -2 1.20879 -2.15879
5.53782 -2 1.2096 -2.14781
5.54459 -2 1.20985 -2.14517
5.5527 -2 1.21018 -2.14199
5.55354 -2 1.21021 -2.14166
5.5557 -2 1.21031 -2.14081
5.55637 -2 1.21034 -2.14055
5.55761 -2 1.21039 -2.14006
5.55909 -2 1.21046 -2.13947
5.56815 -2 1.2109 -2.13587
5.57238 -2 1.21111 -2.13419
5.57241 -2 1.21111 -2.13418
5.5734 -2 1.21117 -2.13378
5.58151 -2 1.21161 -2.13053
5.59553 -2 1.21247 -2.12486
5.59902 -2 1.21269 -2.12344
5.60377 -2 1.21301 -2.1215
5.60558 -2 1.21314 -2.12076
5.62238 -2 1.21439 -2.11385
5.63198 -2 1.21517 -2.10986
5.63295 -2 1.21525 -2.10946
5.63456 -2 1.21538 -2.10879
5.63941 -2 1.2158 -2.10677
5.64522 -2 1.21633 -2.10433
5.65398 -2 1.21714 -2.10064
5.65706 -2 1.21744 -2.09934
5.66289 -2 1.21802 -2.09687
5.66925 -2 1.21867 -2.09417
5.67379 -2 1.21916 -2.09223
5.6741 -2 1.21919 -2.09209
5.67526 -2 1.21931 -2.0916
5.67526 -2 1.21931 -2.0916
5.67709 -2 1.21951 -2.09082
5.67794 -2 1.2196 -2.09045
5.68303 -2 1.22017 -2.08827
5.68807 -2 1.22074 -2.0861
5.68889 -2 1.22084 -2.08575
5.69596 -2 1.22167 -2.0827
5.70143 -2 1.22234 -2.08033
5.70734 -2 1.22307 -2.07776
5.70805 -2 1.22316 -2.07745
5.71726 -2 1.22436 -2.07343
5.72266 -2 1.22508 -2.07107
5.72472 -2 1.22536 -2.07017
5.73589 -2 1.22693 -2.06525
5.74371 -2 1.22807 -2.0618
5.74422 -2 1.22814 -2.06157
5.74492 -2 1.22825 -2.06126
5.75433 -2 1.22968 -2.05709
5.75528 -2 1.22983 -2.05666
5.76492 -2 1.23135 -2.05236
5.77052 -2 1.23227 -2.04986
5.77455 -2 1.23294 -2.04805
5.78573 -2 1.23485 -2.04303
5.7914 -2 1.23585 -2.04047
5.79194 -2 1.23595 -2.04023
5.81865 -2 1.24094 -2.02811
5.82025 -2 1.24125 -2.02738
5.83224 -2 1.24366 -2.02191
5.8367 -2 1.24458 -2.01987
5.83702 -2 1.24465 -2.01972
5.83787 -2 1.24482 -2.01933
5.83892 -2 1.24504 -2.01885
5.87179 -2 1.25228 -2.00372
5.87263 -2 1.25247 -2.00334
5.88974 -2 1.25654 -1.99542
5.89089 -2 1.25682 -1.99488
5.89682 -2 1.25828 -1.99213
5.90311 -2 1.25986 -1.98921
5.91613 -2 1.26321 -1.98316
5.92297 -2 1.26501 -1.97998
5.94285 -2 1.27046 -1.97072
5.94399 -2 1.27078 -1.97019
5.95578 -2 1.27415 -1.96469
5.97326 -2 1.27933 -1.95654
5.98907 -2 1.28421 -1.94917
6.00346 -2 1.28881 -1.94246
6.01792 -2 1.29359 -1.93573
6.02147 -2 1.29479 -1.93409
6.03767 -2 1.30037 -1.92657
6.04163 -2 1.30176 -1.92473
6.04282 -2 1.30219 -1.92418
6.06692 -2 1.31095 -1.91305
6.06774 -2 1.31125 -1.91267
6.0927 -2 1.32081 -1.90122
6.09459 -2 1.32155 -1.90036
6.11759 -2 1.33081 -1.8899
6.15202 -2 1.34543 -1.87442
6.16832 -2 1.35267 -1.86718
6.16952 -2 1.35321 -1.86665
6.17366 -2 1.35509 -1.86483
6.18822 -2 1.36179 -1.85844
6.2004 -2 1.36752 -1.85314
6.21712 -2 1.37557 -1.84594
6.22038 -2 1.37716 -1.84455
6.22986 -2 1.38185 -1.84051
6.24016 -2 1.38701 -1.83617
6.24789 -2 1.39094 -1.83293
6.26316 -2 1.39884 -1.82659
6.26871 -2 1.40176 -1.82431
6.2693 -2 1.40207 -1.82407
6.30187 -2 1.41966 -1.81094
6.30321 -2 1.42041 -1.81041
6.31116 -2 1.42483 -1.80728
6.32345 -2 1.43175 -1.8025
6.32498 -2 1.43263 -1.8019
6.33116 -2 1.43616 -1.79953
6.37325 -2 1.46096 -1.78386
6.37936 -2 1.46467 -1.78166
6.38961 -2 1.47095 -1.77801
6.42529 -2 1.49338 -1.76579
6.44001 -2 1.50288 -1.76098
6.44592 -2 1.50674 -1.75908
6.45846 -2 1.515 -1.75513
6.471 -2 1.52336 -1.75128
6.47322 -2 1.52485 -1.75061
6.5218 -2 1.55825 -1.73679
6.52223 -2 1.55855 -1.73667
6.57114 -2 1.59361 -1.72452
6.58438 -2 1.60332 -1.72155
6.58557 -2 1.6042 -1.72128
6.59702 -2 1.61269 -1.71884
6.60817 -2 1.62101 -1.71656
6.64387 -2 1.64808 -1.70997
6.72686 -2 1.7131 -1.69902
6.80186 -2 1.77386 -1.69471
6.8084 -2 1.77922 -1.6946
6.87748 -2 1.83634 -1.69608
6.93613 -2 1.88519 -1.70124
7.05907 -2 1.98703 -1.72397
7.08133 -2 2.0052 -1.72982
7.11457 -2 2.03207 -1.73953
7.12725 -2 2.04223 -1.74354
7.13115 -2 2.04535 -1.74481
7.15415 -2 2.06359 -1.75261
7.16694 -2 2.07365 -1.75718
7.23661 -2 2.12713 -1.78498
7.25017 -2 2.13725 -1.79095
7.52202 -2 2.31308 -1.94306
7.53983 -2 2.32245 -1.95483
7.6761 -2 2.38421 -2.05103
