1.68556 -2 0.13938 -1.87571
1.81017 -2 0.221072 -1.85316
1.82001 -2 0.227526 -1.85142
1.91011 -2 0.286386 -1.83623
2.06465 -2 0.386325 -1.81364
2.07875 -2 0.395412 -1.81179
2.10784 -2 0.414154 -1.80807
2.20399 -2 0.476191 -1.79682
2.21491 -2 0.483256 -1.79565
2.24788 -2 0.504606 -1.79224
2.29067 -2 0.532389 -1.78813
2.29976 -2 0.538303 -1.7873
2.31507 -2 0.548277 -1.78595
2.38723 -2 0.595459 -1.78031
2.39091 -2 0.597873 -1.78005
2.40415 -2 0.606567 -1.77916
2.41051 -2 0.61075 -1.77875
2.46597 -2 0.647308 -1.77564
2.46868 -2 0.649101 -1.77551
2.49834 -2 0.668733 -1.77423
2.50903 -2 0.675822 -1.77384
2.51765 -2 0.681544 -1.77354
2.55948 -2 0.70936 -1.77247
2.56066 -2 0.710152 -1.77245
2.56593 -2 0.713662 -1.77235
2.57175 -2 0.717538 -1.77226
2.57892 -2 0.722319 -1.77217
2.61166 -2 0.744186 -1.77197
2.62204 -2 0.751125 -1.77199
2.6277 -2 0.754906 -1.77202
2.65265 -2 0.771605 -1.77229
2.66208 -2 0.777924 -1.77245
2.66994 -2 0.783192 -1.77262
2.70537 -2 0.806938 -1.77367
2.70751 -2 0.80837 -1.77375
2.70958 -2 0.809763 -1.77383
2.73966 -2 0.829928 -1.7752
2.76055 -2 0.843924 -1.77639
2.76218 -2 0.845021 -1.77649
2.79791 -2 0.868933 -1.779
2.80746 -2 0.875316 -1.77977
2.82982 -2 0.890244 -1.78175
2.84221 -2 0.898509 -1.78295
2.87771 -2 0.9221 -1.78681
2.88628 -2 0.927782 -1.78784
2.89161 -2 0.931308 -1.78849
2.89473 -2 0.933376 -1.78888
2.90138 -2 0.937773 -1.78973
2.91805 -2 0.948765 -1.79197
2.9199 -2 0.949981 -1.79222
2.93671 -2 0.961031 -1.79464
2.95692 -2 0.974256 -1.79773
2.95762 -2 0.974713 -1.79784
2.96125 -2 0.977079 -1.79842
2.96537 -2 0.979766 -1.79909
3.00369 -2 1.00459 -1.80573
3.01007 -2 1.00869 -1.80691
3.01311 -2 1.01065 -1.80748
3.01949 -2 1.01474 -1.80869
3.02973 -2 1.02129 -1.81069
3.03188 -2 1.02267 -1.81112
3.03601 -2 1.0253 -1.81194
3.03778 -2 1.02642 -1.8123
3.05153 -2 1.03516 -1.81513
3.06973 -2 1.04664 -1.81903
3.07393 -2 1.04927 -1.81995
3.07945 -2 1.05273 -1.82118
3.08152 -2 1.05403 -1.82165
3.0842 -2 1.0557 -1.82225
3.08961 -2 1.05907 -1.82349
3.09527 -2 1.06259 -1.8248
3.10622 -2 1.06937 -1.82739
3.1064 -2 1.06948 -1.82743
3.10647 -2 1.06953 -1.82745
3.12165 -2 1.07886 -1.83114
3.12704 -2 1.08216 -1.83248
3.13049 -2 1.08427 -1.83335
3.13078 -2 1.08445 -1.83342
3.13655 -2 1.08796 -1.83488
3.14358 -2 1.09222 -1.83669
3.14498 -2 1.09307 -1.83706
3.14757 -2 1.09464 -1.83773
3.15577 -2 1.09957 -1.83989
3.16862 -2 1.10727 -1.84335
3.17249 -2 1.10957 -1.84441
3.17562 -2 1.11143 -1.84527
3.18014 -2 1.11411 -1.84652
3.19422 -2 1.12241 -1.8505
3.1976 -2 1.12438 -1.85147
3.19771 -2 1.12445 -1.8515
3.1985 -2 1.12491 -1.85173
3.20163 -2 1.12674 -1.85264
3.20461 -2 1.12847 -1.8535
3.2139 -2 1.13386 -1.85623
3.21644 -2 1.13533 -1.85698
3.22471 -2 1.14008 -1.85946
3.24289 -2 1.15043 -1.86503
3.24416 -2 1.15115 -1.86543
3.24437 -2 1.15126 -1.86549
3.25317 -2 1.15622 -1.86826
3.25754 -2 1.15866 -1.86964
3.25956 -2 1.15979 -1.87029
3.26075 -2 1.16045 -1.87067
3.26096 -2 1.16056 -1.87074
3.26194 -2 1.16111 -1.87105
3.26827 -2 1.16462 -1.87309
3.2687 -2 1.16486 -1.87323
3.27175 -2 1.16655 -1.87422
3.27775 -2 1.16985 -1.87618
3.27836 -2 1.17018 -1.87638
3.27916 -2 1.17062 -1.87665
3.28524 -2 1.17394 -1.87865
3.28694 -2 1.17486 -1.87922
3.295 -2 1.17923 -1.88192
3.30829 -2 1.18636 -1.88643
3.32043 -2 1.19279 -1.89063
3.33068 -2 1.19816 -1.89423
3.34152 -2 1.20376 -1.89808
3.34641 -2 1.20627 -1.89984
3.34694 -2 1.20654 -1.90003
3.35062 -2 1.20843 -1.90136
3.36098 -2 1.21367 -1.90513
3.36244 -2 1.21441 -1.90567
3.363 -2 1.21469 -1.90587
3.36497 -2 1.21568 -1.9066
3.36798 -2 1.21718 -1.90771
3.36839 -2 1.21739 -1.90786
3.37577 -2 1.22105 -1.9106
3.3795 -2 1.2229 -1.91199
3.38618 -2 1.22617 -1.9145
3.38641 -2 1.22629 -1.91459
3.3964 -2 1.23113 -1.91838
3.40021 -2 1.23297 -1.91983
3.40513 -2 1.23532 -1.92172
3.41487 -2 1.23994 -1.92549
3.41704 -2 1.24096 -1.92633
3.42103 -2 1.24283 -1.92789
3.43058 -2 1.24726 -1.93164
3.43335 -2 1.24853 -1.93273
3.44707 -2 1.25477 -1.93819
3.4532 -2 1.25752 -1.94065
3.46826 -2 1.26416 -1.94675
3.47851 -2 1.26859 -1.95095
3.4834 -2 1.27068 -1.95296
3.49063 -2 1.27374 -1.95595
3.49148 -2 1.27409 -1.9563
3.49205 -2 1.27433 -1.95654
3.49648 -2 1.27618 -1.95838
3.49885 -2 1.27717 -1.95937
3.50152 -2 1.27828 -1.96049
3.50563 -2 1.27997 -1.96221
3.5088 -2 1.28127 -1.96354
3.51071 -2 1.28204 -1.96434
3.52352 -2 1.28719 -1.96975
3.52803 -2 1.28898 -1.97167
3.53307 -2 1.29095 -1.97381
3.53381 -2 1.29124 -1.97413
3.53685 -2 1.29243 -1.97543
3.54267 -2 1.29467 -1.97792
3.55095 -2 1.29782 -1.98148
3.55399 -2 1.29897 -1.98279
3.55689 -2 1.30005 -1.98405
3.58479 -2 1.31017 -1.9962
3.58534 -2 1.31037 -1.99644
3.5858 -2 1.31053 -1.99664
3.58836 -2 1.31143 -1.99776
3.59514 -2 1.31378 -2.00074
3.5996 -2 1.31531 -2.00271
3.60169 -2 1.31602 -2.00363
3.60307 -2 1.31649 -2.00424
3.60486 -2 1.3171 -2.00503
3.60952 -2 1.31866 -2.0071
3.61505 -2 1.32049 -2.00954
3.6174 -2 1.32127 -2.01059
3.61825 -2 1.32155 -2.01097
3.61962 -2 1.32199 -2.01157
3.62049 -2 1.32228 -2.01196
3.62177 -2 1.32269 -2.01253
3.62633 -2 1.32417 -2.01456
3.62983 -2 1.32528 -2.01612
3.63185 -2 1.32593 -2.01702
3.6319 -2 1.32594 -2.01704
3.63326 -2 1.32637 -2.01765
3.63349 -2 1.32645 -2.01775
3.63828 -2 1.32795 -2.01989
3.64364 -2 1.32961 -2.02229
3.64638 -2 1.33045 -2.02351
3.65015 -2 1.33159 -2.0252
3.65298 -2 1.33245 -2.02647
3.66722 -2 1.33664 -2.03287
3.66872 -2 1.33708 -2.03355
3.66985 -2 1.3374 -2.03405
3.67054 -2 1.3376 -2.03436
3.67207 -2 1.33804 -2.03505
3.67217 -2 1.33807 -2.0351
3.67782 -2 1.33967 -2.03764
3.68247 -2 1.34097 -2.03974
3.69473 -2 1.34431 -2.04527
3.69959 -2 1.3456 -2.04747
3.70044 -2 1.34582 -2.04785
3.70243 -2 1.34635 -2.04875
3.70348 -2 1.34662 -2.04923
3.71898 -2 1.35057 -2.05624
3.72082 -2 1.35103 -2.05707
3.72272 -2 1.3515 -2.05793
3.72274 -2 1.3515 -2.05794
3.72596 -2 1.35229 -2.05939
3.72598 -2 1.35229 -2.05941
3.72944 -2 1.35313 -2.06097
3.73188 -2 1.35372 -2.06207
3.73228 -2 1.35381 -2.06225
3.73349 -2 1.3541 -2.0628
3.74161 -2 1.356 -2.06648
3.74586 -2 1.35697 -2.0684
3.74867 -2 1.35761 -2.06967
3.7515 -2 1.35824 -2.07095
3.75176 -2 1.3583 -2.07106
3.75235 -2 1.35843 -2.07133
3.75566 -2 1.35917 -2.07283
3.76103 -2 1.36033 -2.07525
3.76187 -2 1.36051 -2.07563
3.76533 -2 1.36126 -2.0772
3.76764 -2 1.36174 -2.07824
3.77357 -2 1.36298 -2.08091
3.78043 -2 1.36437 -2.08401
3.78083 -2 1.36445 -2.08419
3.78158 -2 1.3646 -2.08452
3.78523 -2 1.36532 -2.08617
3.79414 -2 1.36704 -2.09018
3.79526 -2 1.36725 -2.09068
3.7959 -2 1.36737 -2.09097
3.80017 -2 1.36817 -2.09289
3.80465 -2 1.36899 -2.0949
3.80608 -2 1.36925 -2.09554
3.81119 -2 1.37016 -2.09783
3.81507 -2 1.37084 -2.09956
3.81614 -2 1.37102 -2.10004
3.82236 -2 1.37208 -2.10282
3.82387 -2 1.37233 -2.1035
3.83079 -2 1.37346 -2.10658
3.83802 -2 1.37461 -2.10979
3.83891 -2 1.37475 -2.11019
3.84377 -2 1.37549 -2.11234
3.84402 -2 1.37553 -2.11246
3.84509 -2 1.37569 -2.11293
3.85627 -2 1.37732 -2.11787
3.85645 -2 1.37734 -2.11795
3.86077 -2 1.37794 -2.11986
3.86666 -2 1.37874 -2.12245
3.86811 -2 1.37894 -2.12308
3.87401 -2 1.3797 -2.12567
3.87765 -2 1.38016 -2.12726
3.87844 -2 1.38026 -2.12761
3.88116 -2 1.3806 -2.12879
3.8833 -2 1.38086 -2.12973
3.8871 -2 1.38131 -2.13138
3.89164 -2 1.38184 -2.13335
3.89676 -2 1.38241 -2.13557
3.9032 -2 1.38311 -2.13836
3.90601 -2 1.3834 -2.13956
3.91058 -2 1.38387 -2.14153
3.91263 -2 1.38407 -2.14241
3.91334 -2 1.38414 -2.14272
3.91445 -2 1.38425 -2.14319
3.91538 -2 1.38434 -2.14359
3.91877 -2 1.38466 -2.14504
3.91966 -2 1.38475 -2.14542
3.92084 -2 1.38486 -2.14592
3.92295 -2 1.38505 -2.14682
3.92443 -2 1.38519 -2.14745
3.92474 -2 1.38521 -2.14759
3.92598 -2 1.38532 -2.14812
3.93259 -2 1.3859 -2.15092
3.93532 -2 1.38612 -2.15208
3.93671 -2 1.38624 -2.15267
3.93845 -2 1.38637 -2.1534
3.94045 -2 1.38653 -2.15424
3.94069 -2 1.38655 -2.15434
3.94332 -2 1.38675 -2.15545
3.94491 -2 1.38687 -2.15612
3.94734 -2 1.38705 -2.15714
3.95577 -2 1.38765 -2.16067
3.95951 -2 1.38789 -2.16222
3.96306 -2 1.38812 -2.1637
3.96771 -2 1.3884 -2.16562
3.96884 -2 1.38846 -2.16609
3.97026 -2 1.38854 -2.16667
3.97796 -2 1.38896 -2.16984
3.97924 -2 1.38903 -2.17036
3.98409 -2 1.38926 -2.17234
3.9852 -2 1.38931 -2.1728
3.98905 -2 1.38949 -2.17437
3.99109 -2 1.38957 -2.17519
3.99321 -2 1.38966 -2.17605
3.99567 -2 1.38976 -2.17704
3.99589 -2 1.38977 -2.17713
3.99684 -2 1.3898 -2.17751
4.0015 -2 1.38998 -2.17939
4.00466 -2 1.39008 -2.18066
4.00527 -2 1.3901 -2.1809
4.00921 -2 1.39022 -2.18248
4.01037 -2 1.39026 -2.18294
4.01719 -2 1.39044 -2.18565
4.01938 -2 1.39049 -2.18652
4.02008 -2 1.39051 -2.18679
4.02081 -2 1.39052 -2.18708
4.02193 -2 1.39055 -2.18752
4.02473 -2 1.3906 -2.18862
4.02794 -2 1.39066 -2.18988
4.02825 -2 1.39067 -2.19
4.0296 -2 1.39069 -2.19053
4.0367 -2 1.39079 -2.1933
4.04092 -2 1.39083 -2.19493
4.04256 -2 1.39084 -2.19556
4.04753 -2 1.39087 -2.19748
4.05455 -2 1.39088 -2.20016
4.05483 -2 1.39088 -2.20027
4.05622 -2 1.39088 -2.2008
4.06546 -2 1.39084 -2.20429
4.06585 -2 1.39084 -2.20444
4.06741 -2 1.39083 -2.20503
4.07092 -2 1.39079 -2.20634
4.07136 -2 1.39079 -2.2065
4.07407 -2 1.39075 -2.20752
4.0761 -2 1.39073 -2.20827
4.07851 -2 1.39069 -2.20917
4.07852 -2 1.39069 -2.20917
4.07882 -2 1.39069 -2.20928
4.07931 -2 1.39068 -2.20946
4.08062 -2 1.39066 -2.20995
4.08088 -2 1.39065 -2.21004
4.09863 -2 1.39025 -2.21653
4.10107 -2 1.39018 -2.21741
4.10294 -2 1.39013 -2.21808
4.10396 -2 1.3901 -2.21845
4.10566 -2 1.39004 -2.21906
4.10887 -2 1.38994 -2.2202
4.10892 -2 1.38993 -2.22022
4.11224 -2 1.38982 -2.2214
4.11403 -2 1.38975 -2.22204
4.12072 -2 1.38949 -2.2244
4.12413 -2 1.38935 -2.22559
4.12749 -2 1.3892 -2.22676
4.13485 -2 1.38885 -2.22931
4.14141 -2 1.38852 -2.23155
4.14189 -2 1.38849 -2.23171
4.14362 -2 1.3884 -2.23231
4.14429 -2 1.38836 -2.23253
4.14764 -2 1.38818 -2.23366
4.14868 -2 1.38812 -2.23401
4.15772 -2 1.38758 -2.23704
4.16179 -2 1.38732 -2.23839
4.1687 -2 1.38687 -2.24066
4.1735 -2 1.38654 -2.24222
4.174 -2 1.3865 -2.24239
4.18268 -2 1.38587 -2.24518
4.18499 -2 1.38569 -2.24591
4.18526 -2 1.38567 -2.246
4.18892 -2 1.38539 -2.24716
4.18907 -2 1.38537 -2.2472
4.19037 -2 1.38527 -2.24762
4.1915 -2 1.38518 -2.24797
4.19177 -2 1.38516 -2.24805
4.19364 -2 1.38501 -2.24864
4.19832 -2 1.38463 -2.2501
4.20454 -2 1.3841 -2.25203
4.20597 -2 1.38397 -2.25246
4.21325 -2 1.38333 -2.25468
4.22126 -2 1.38258 -2.25709
4.22615 -2 1.38212 -2.25854
4.22652 -2 1.38208 -2.25865
4.22833 -2 1.3819 -2.25918
4.23075 -2 1.38167 -2.25989
4.23597 -2 1.38114 -2.26141
4.23873 -2 1.38086 -2.26221
4.2394 -2 1.38079 -2.2624
4.24173 -2 1.38055 -2.26307
4.24296 -2 1.38042 -2.26342
4.24312 -2 1.3804 -2.26347
4.24506 -2 1.3802 -2.26402
4.24593 -2 1.38011 -2.26427
4.2468 -2 1.38002 -2.26452
4.25575 -2 1.37905 -2.26703
4.26151 -2 1.3784 -2.26862
4.26253 -2 1.37829 -2.26891
4.26695 -2 1.37778 -2.27011
4.27081 -2 1.37733 -2.27116
4.27135 -2 1.37727 -2.2713
4.27158 -2 1.37724 -2.27136
4.27167 -2 1.37723 -2.27139
4.2758 -2 1.37674 -2.27249
4.27957 -2 1.37629 -2.27349
4.27994 -2 1.37625 -2.27359
4.28205 -2 1.37599 -2.27415
4.28235 -2 1.37595 -2.27423
4.28368 -2 1.37579 -2.27458
4.28662 -2 1.37543 -2.27534
4.28788 -2 1.37528 -2.27567
4.28833 -2 1.37522 -2.27579
4.28878 -2 1.37516 -2.2759
4.29377 -2 1.37454 -2.27719
4.29396 -2 1.37451 -2.27724
4.29447 -2 1.37445 -2.27737
4.29674 -2 1.37416 -2.27794
4.29893 -2 1.37388 -2.2785
4.30115 -2 1.37359 -2.27906
4.30128 -2 1.37358 -2.27909
4.30674 -2 1.37287 -2.28045
4.3091 -2 1.37255 -2.28104
4.31275 -2 1.37207 -2.28193
4.31445 -2 1.37184 -2.28235
4.31627 -2 1.37159 -2.28279
4.31702 -2 1.37149 -2.28297
4.32431 -2 1.3705 -2.28471
4.32462 -2 1.37045 -2.28479
4.32593 -2 1.37027 -2.2851
4.32733 -2 1.37008 -2.28543
4.33213 -2 1.36941 -2.28655
4.33356 -2 1.36921 -2.28688
4.33458 -2 1.36906 -2.28712
4.3378 -2 1.3686 -2.28786
4.34009 -2 1.36828 -2.28838
4.34039 -2 1.36823 -2.28845
4.344 -2 1.36771 -2.28927
4.34414 -2 1.36769 -2.2893
4.34482 -2 1.36759 -2.28945
4.34854 -2 1.36705 -2.29028
4.35014 -2 1.36682 -2.29063
4.35234 -2 1.36649 -2.29112
4.35312 -2 1.36638 -2.29129
4.35373 -2 1.36628 -2.29143
4.35558 -2 1.36601 -2.29183
4.35721 -2 1.36577 -2.29218
4.35803 -2 1.36564 -2.29236
4.35812 -2 1.36563 -2.29238
4.36011 -2 1.36533 -2.29281
4.36063 -2 1.36525 -2.29292
4.36133 -2 1.36515 -2.29307
4.36162 -2 1.3651 -2.29313
4.36491 -2 1.36461 -2.29383
4.36716 -2 1.36426 -2.29431
4.36796 -2 1.36414 -2.29448
4.36901 -2 1.36398 -2.2947
4.37122 -2 1.36364 -2.29516
4.37128 -2 1.36363 -2.29517
4.37235 -2 1.36347 -2.29539
4.37458 -2 1.36313 -2.29585
4.37673 -2 1.36279 -2.29629
4.37673 -2 1.36279 -2.2963
4.37908 -2 1.36243 -2.29677
4.37952 -2 1.36236 -2.29686
4.3824 -2 1.3619 -2.29744
4.38447 -2 1.36158 -2.29786
4.38493 -2 1.36151 -2.29795
4.38712 -2 1.36116 -2.29838
4.3874 -2 1.36112 -2.29844
4.38857 -2 1.36093 -2.29867
4.38892 -2 1.36087 -2.29874
4.38893 -2 1.36087 -2.29874
4.39089 -2 1.36056 -2.29913
4.39217 -2 1.36035 -2.29938
4.3948 -2 1.35993 -2.29988
4.39492 -2 1.35991 -2.29991
4.39934 -2 1.3592 -2.30076
4.40377 -2 1.35848 -2.30159
4.40398 -2 1.35845 -2.30163
4.40489 -2 1.3583 -2.3018
4.40533 -2 1.35823 -2.30188
4.4058 -2 1.35815 -2.30197
4.40611 -2 1.3581 -2.30203
4.41063 -2 1.35735 -2.30286
4.41571 -2 1.35651 -2.30378
4.42273 -2 1.35534 -2.30503
4.42456 -2 1.35503 -2.30535
4.42479 -2 1.35499 -2.30539
4.42847 -2 1.35437 -2.30602
4.42966 -2 1.35417 -2.30622
4.43572 -2 1.35313 -2.30725
4.43661 -2 1.35298 -2.3074
4.44186 -2 1.35208 -2.30826
4.4447 -2 1.35158 -2.30872
4.44894 -2 1.35085 -2.3094
4.44925 -2 1.35079 -2.30945
4.44962 -2 1.35073 -2.3095
4.4515 -2 1.3504 -2.3098
4.4562 -2 1.34957 -2.31053
4.45667 -2 1.34949 -2.3106
4.4599 -2 1.34892 -2.31109
4.46346 -2 1.34829 -2.31163
4.46622 -2 1.3478 -2.31203
4.46651 -2 1.34775 -2.31208
4.47128 -2 1.3469 -2.31277
4.47236 -2 1.3467 -2.31293
4.47236 -2 1.3467 -2.31293
4.47431 -2 1.34635 -2.3132
4.47522 -2 1.34619 -2.31333
4.47533 -2 1.34617 -2.31335
4.47539 -2 1.34616 -2.31336
4.47579 -2 1.34609 -2.31341
4.47658 -2 1.34594 -2.31353
4.48217 -2 1.34493 -2.3143
4.4836 -2 1.34468 -2.31449
4.48362 -2 1.34467 -2.3145
4.48989 -2 1.34353 -2.31534
4.49147 -2 1.34324 -2.31554
4.49177 -2 1.34319 -2.31558
4.49259 -2 1.34304 -2.31569
4.49342 -2 1.34289 -2.3158
4.49623 -2 1.34237 -2.31616
4.50135 -2 1.34143 -2.3168
4.50228 -2 1.34126 -2.31692
4.50387 -2 1.34096 -2.31712
4.50463 -2 1.34082 -2.31721
4.50707 -2 1.34037 -2.31751
4.50736 -2 1.34032 -2.31754
4.50886 -2 1.34004 -2.31772
4.51081 -2 1.33967 -2.31795
4.51218 -2 1.33942 -2.31811
4.5133 -2 1.33921 -2.31825
4.51378 -2 1.33912 -2.3183
4.51597 -2 1.33871 -2.31855
4.51769 -2 1.33839 -2.31875
4.52151 -2 1.33767 -2.31918
4.52161 -2 1.33766 -2.31919
4.52271 -2 1.33745 -2.31931
4.52358 -2 1.33729 -2.31941
4.52543 -2 1.33694 -2.31961
4.52592 -2 1.33685 -2.31967
4.52739 -2 1.33657 -2.31983
4.53012 -2 1.33606 -2.32012
4.53152 -2 1.33579 -2.32026
4.53254 -2 1.3356 -2.32037
4.53326 -2 1.33546 -2.32045
4.5354 -2 1.33506 -2.32067
4.53691 -2 1.33477 -2.32082
4.539 -2 1.33437 -2.32103
4.54141 -2 1.33391 -2.32127
4.5508 -2 1.33212 -2.32217
4.55197 -2 1.3319 -2.32228
4.55244 -2 1.33181 -2.32232
4.55299 -2 1.3317 -2.32237
4.55326 -2 1.33165 -2.32239
4.55735 -2 1.33087 -2.32276
4.56163 -2 1.33004 -2.32313
4.56246 -2 1.32989 -2.3232
4.56849 -2 1.32872 -2.3237
4.56927 -2 1.32857 -2.32377
4.57026 -2 1.32838 -2.32385
4.5705 -2 1.32833 -2.32387
4.57226 -2 1.32799 -2.324
4.57437 -2 1.32758 -2.32417
4.57513 -2 1.32744 -2.32423
4.57639 -2 1.32719 -2.32432
4.57714 -2 1.32705 -2.32438
4.57813 -2 1.32686 -2.32446
4.58021 -2 1.32645 -2.32461
4.58036 -2 1.32642 -2.32462
4.58845 -2 1.32485 -2.3252
4.58875 -2 1.32479 -2.32522
4.58959 -2 1.32463 -2.32527
4.59147 -2 1.32426 -2.3254
4.59768 -2 1.32305 -2.3258
4.59908 -2 1.32277 -2.32589
4.60739 -2 1.32115 -2.32638
4.60774 -2 1.32108 -2.3264
4.61357 -2 1.31993 -2.32671
4.61482 -2 1.31969 -2.32678
4.61483 -2 1.31969 -2.32678
4.61647 -2 1.31936 -2.32686
4.61687 -2 1.31929 -2.32688
4.61931 -2 1.31881 -2.327
4.61994 -2 1.31868 -2.32703
4.6215 -2 1.31837 -2.32711
4.6271 -2 1.31727 -2.32736
4.62866 -2 1.31696 -2.32743
4.63011 -2 1.31668 -2.32749
4.65099 -2 1.31256 -2.32823
4.65261 -2 1.31224 -2.32827
4.65296 -2 1.31217 -2.32828
4.65322 -2 1.31212 -2.32829
4.65449 -2 1.31186 -2.32833
4.65664 -2 1.31144 -2.32838
4.66054 -2 1.31067 -2.32847
4.66513 -2 1.30976 -2.32857
4.66565 -2 1.30966 -2.32858
4.66607 -2 1.30958 -2.32859
4.66967 -2 1.30886 -2.32866
4.67192 -2 1.30842 -2.32869
4.67587 -2 1.30764 -2.32875
4.67853 -2 1.30711 -2.32878
4.68426 -2 1.30598 -2.32884
4.68439 -2 1.30595 -2.32884
4.68622 -2 1.30559 -2.32886
4.68868 -2 1.30511 -2.32887
4.69107 -2 1.30463 -2.32888
4.69142 -2 1.30456 -2.32888
4.69457 -2 1.30394 -2.32889
4.69628 -2 1.30361 -2.32889
4.69966 -2 1.30294 -2.32889
4.70929 -2 1.30104 -2.32885
4.71024 -2 1.30085 -2.32884
4.71093 -2 1.30072 -2.32884
4.71095 -2 1.30071 -2.32884
4.71131 -2 1.30064 -2.32884
4.7145 -2 1.30001 -2.32881
4.71781 -2 1.29936 -2.32877
4.71885 -2 1.29916 -2.32875
4.72049 -2 1.29884 -2.32873
4.72438 -2 1.29807 -2.32867
4.72453 -2 1.29804 -2.32867
4.72725 -2 1.29751 -2.32862
4.73065 -2 1.29684 -2.32856
4.73263 -2 1.29645 -2.32852
4.73635 -2 1.29572 -2.32843
4.73683 -2 1.29563 -2.32842
4.73831 -2 1.29534 -2.32839
4.7392 -2 1.29517 -2.32836
4.74362 -2 1.2943 -2.32825
4.74752 -2 1.29354 -2.32813
4.75454 -2 1.29217 -2.32791
4.75537 -2 1.29201 -2.32788
4.75697 -2 1.2917 -2.32782
4.76053 -2 1.29101 -2.32769
4.76189 -2 1.29075 -2.32764
4.76205 -2 1.29071 -2.32763
4.76224 -2 1.29068 -2.32762
4.76514 -2 1.29012 -2.32751
4.77074 -2 1.28903 -2.32727
4.77248 -2 1.2887 -2.32719
4.77573 -2 1.28807 -2.32704
4.77597 -2 1.28802 -2.32703
4.77806 -2 1.28762 -2.32693
4.78137 -2 1.28698 -2.32677
4.7815 -2 1.28696 -2.32676
4.78213 -2 1.28684 -2.32673
4.78243 -2 1.28678 -2.32671
4.78535 -2 1.28622 -2.32656
4.7876 -2 1.28579 -2.32644
4.79091 -2 1.28515 -2.32626
4.79238 -2 1.28487 -2.32618
4.79525 -2 1.28432 -2.32601
4.79591 -2 1.2842 -2.32597
4.79763 -2 1.28387 -2.32587
4.80242 -2 1.28296 -2.32558
4.80294 -2 1.28286 -2.32555
4.81253 -2 1.28104 -2.32492
4.81461 -2 1.28065 -2.32477
4.81761 -2 1.28008 -2.32456
4.81928 -2 1.27977 -2.32444
4.82479 -2 1.27873 -2.32404
4.82598 -2 1.27851 -2.32395
4.82786 -2 1.27815 -2.3238
4.83112 -2 1.27755 -2.32355
4.83521 -2 1.27678 -2.32322
4.83593 -2 1.27665 -2.32316
4.83826 -2 1.27621 -2.32297
4.84094 -2 1.27572 -2.32274
4.84368 -2 1.27521 -2.32251
4.84392 -2 1.27516 -2.32249
4.85287 -2 1.27351 -2.32169
4.85361 -2 1.27338 -2.32163
4.854 -2 1.2733 -2.32159
4.85968 -2 1.27226 -2.32106
4.86094 -2 1.27203 -2.32094
4.86855 -2 1.27065 -2.3202
4.87201 -2 1.27002 -2.31985
4.87703 -2 1.26911 -2.31933
4.87706 -2 1.26911 -2.31933
4.8777 -2 1.26899 -2.31926
4.87845 -2 1.26886 -2.31918
4.88198 -2 1.26822 -2.3188
4.88373 -2 1.26791 -2.31861
4.88375 -2 1.26791 -2.31861
4.88447 -2 1.26778 -2.31853
4.88911 -2 1.26695 -2.31802
4.8912 -2 1.26658 -2.31779
4.89177 -2 1.26647 -2.31773
4.89361 -2 1.26615 -2.31752
4.89732 -2 1.26549 -2.31709
4.89776 -2 1.26541 -2.31704
4.91215 -2 1.26289 -2.31532
4.91383 -2 1.26259 -2.31511
4.91592 -2 1.26223 -2.31485
4.91717 -2 1.26201 -2.31469
4.92136 -2 1.26129 -2.31416
4.92169 -2 1.26123 -2.31411
4.92245 -2 1.2611 -2.31401
4.92373 -2 1.26088 -2.31385
4.92429 -2 1.26078 -2.31378
4.92443 -2 1.26076 -2.31376
4.92575 -2 1.26053 -2.31359
4.92633 -2 1.26043 -2.31351
4.9324 -2 1.25939 -2.3127
4.93244 -2 1.25939 -2.3127
4.93739 -2 1.25855 -2.31202
4.94226 -2 1.25772 -2.31135
4.94586 -2 1.25712 -2.31084
4.94658 -2 1.257 -2.31074
4.94716 -2 1.2569 -2.31066
4.94736 -2 1.25686 -2.31063
4.95046 -2 1.25635 -2.31019
4.95215 -2 1.25606 -2.30994
4.95787 -2 1.25511 -2.30911
4.95831 -2 1.25504 -2.30904
4.96904 -2 1.25328 -2.30742
4.96936 -2 1.25323 -2.30737
4.97633 -2 1.2521 -2.30629
4.97752 -2 1.2519 -2.3061
4.9806 -2 1.25141 -2.30561
4.98083 -2 1.25137 -2.30558
4.98291 -2 1.25104 -2.30524
4.98397 -2 1.25087 -2.30507
4.98509 -2 1.25069 -2.30489
4.98526 -2 1.25066 -2.30487
4.98716 -2 1.25036 -2.30456
4.99061 -2 1.24981 -2.30399
5.00074 -2 1.24822 -2.3023
5.00911 -2 1.24692 -2.30086
5.01019 -2 1.24675 -2.30067
5.012 -2 1.24647 -2.30036
5.01902 -2 1.2454 -2.29911
5.02182 -2 1.24498 -2.29861
5.02362 -2 1.24471 -2.29829
5.02427 -2 1.24461 -2.29817
5.0377 -2 1.24261 -2.29569
5.03851 -2 1.24249 -2.29554
5.04125 -2 1.24209 -2.29502
5.04257 -2 1.24189 -2.29477
5.04423 -2 1.24165 -2.29445
5.04564 -2 1.24145 -2.29418
5.04859 -2 1.24102 -2.29361
5.05112 -2 1.24065 -2.29312
5.05576 -2 1.23999 -2.29221
5.05905 -2 1.23952 -2.29156
5.06004 -2 1.23938 -2.29137
5.06017 -2 1.23936 -2.29134
5.06129 -2 1.2392 -2.29112
5.06331 -2 1.23892 -2.29071
5.06561 -2 1.23859 -2.29025
5.06646 -2 1.23847 -2.29008
5.06848 -2 1.23819 -2.28967
5.0711 -2 1.23783 -2.28914
5.07132 -2 1.2378 -2.28909
5.07264 -2 1.23761 -2.28882
5.07292 -2 1.23758 -2.28877
5.07401 -2 1.23743 -2.28854
5.0761 -2 1.23714 -2.28811
5.07721 -2 1.23699 -2.28788
5.07793 -2 1.23689 -2.28773
5.07887 -2 1.23676 -2.28754
5.08125 -2 1.23643 -2.28704
5.0916 -2 1.23504 -2.28485
5.09197 -2 1.23499 -2.28478
5.09376 -2 1.23475 -2.28439
5.09783 -2 1.23421 -2.28351
5.09882 -2 1.23408 -2.2833
5.09991 -2 1.23394 -2.28306
5.10091 -2 1.23381 -2.28284
5.10283 -2 1.23356 -2.28243
5.10443 -2 1.23335 -2.28207
5.10521 -2 1.23325 -2.2819
5.10827 -2 1.23286 -2.28123
5.1128 -2 1.23227 -2.28022
5.11391 -2 1.23213 -2.27997
5.1149 -2 1.23201 -2.27975
5.11535 -2 1.23195 -2.27965
5.12011 -2 1.23135 -2.27857
5.12394 -2 1.23087 -2.2777
5.12413 -2 1.23085 -2.27766
5.13022 -2 1.2301 -2.27625
5.13103 -2 1.23 -2.27607
5.136 -2 1.2294 -2.27491
5.14788 -2 1.22798 -2.27209
5.15149 -2 1.22756 -2.27122
5.15287 -2 1.2274 -2.27089
5.15368 -2 1.22731 -2.2707
5.15565 -2 1.22708 -2.27022
5.15604 -2 1.22704 -2.27012
5.15651 -2 1.22698 -2.27001
5.16411 -2 1.22612 -2.26815
5.16435 -2 1.2261 -2.26809
5.16553 -2 1.22596 -2.2678
5.17163 -2 1.22529 -2.26628
5.17821 -2 1.22457 -2.26462
5.18228 -2 1.22413 -2.26359
5.18302 -2 1.22405 -2.2634
5.18318 -2 1.22404 -2.26336
5.18462 -2 1.22389 -2.26299
5.18629 -2 1.22371 -2.26256
5.18985 -2 1.22334 -2.26165
5.19261 -2 1.22305 -2.26093
5.20113 -2 1.22218 -2.25871
5.20313 -2 1.22198 -2.25818
5.20315 -2 1.22198 -2.25817
5.21762 -2 1.22057 -2.25431
5.21823 -2 1.22051 -2.25415
5.23201 -2 1.21923 -2.25038
5.23536 -2 1.21893 -2.24945
5.23925 -2 1.21859 -2.24837
5.24453 -2 1.21813 -2.24689
5.24533 -2 1.21806 -2.24666
5.2457 -2 1.21803 -2.24656
5.24578 -2 1.21802 -2.24654
5.25684 -2 1.21709 -2.24339
5.25929 -2 1.21689 -2.24269
5.2656 -2 1.21639 -2.24087
5.26636 -2 1.21633 -2.24065
5.2675 -2 1.21624 -2.24032
5.27112 -2 1.21596 -2.23926
5.27298 -2 1.21582 -2.23872
5.27503 -2 1.21566 -2.23811
5.27867 -2 1.21539 -2.23704
5.27875 -2 1.21538 -2.23702
5.29011 -2 1.21456 -2.23364
5.29084 -2 1.21451 -2.23341
5.29369 -2 1.21431 -2.23256
5.29391 -2 1.2143 -2.23249
5.30529 -2 1.21354 -2.22903
5.31047 -2 1.21321 -2.22744
5.31847 -2 1.21272 -2.22496
5.33121 -2 1.212 -2.22096
5.33236 -2 1.21193 -2.2206
5.33336 -2 1.21188 -2.22028
5.33605 -2 1.21174 -2.21943
5.33699 -2 1.21169 -2.21913
5.33991 -2 1.21154 -2.2182
5.34922 -2 1.21107 -2.2152
5.35998 -2 1.21058 -2.2117
5.36037 -2 1.21057 -2.21157
5.36143 -2 1.21052 -2.21123
5.36206 -2 1.21049 -2.21102
5.36486 -2 1.21038 -2.2101
5.36794 -2 1.21025 -2.20908
5.36986 -2 1.21017 -2.20845
5.37456 -2 1.20999 -2.20689
5.37855 -2 1.20984 -2.20556
5.39059 -2 1.20944 -2.20151
5.39251 -2 1.20938 -2.20085
5.39366 -2 1.20935 -2.20046
5.40733 -2 1.20898 -2.19578
5.42039 -2 1.2087 -2.19124
5.42458 -2 1.20862 -2.18978
5.43255 -2 1.2085 -2.18696
5.44198 -2 1.2084 -2.18361
5.4471 -2 1.20835 -2.18178
5.46304 -2 1.2083 -2.17601
5.47164 -2 1.20831 -2.17286
5.4772 -2 1.20834 -2.17081
5.47746 -2 1.20835 -2.17071
5.47909 -2 1.20836 -2.17011
5.48107 -2 1.20837 -2.16937
5.4813 -2 1.20837 -2.16929
5.48171 -2 1.20838 -2.16914
5.48822 -2 1.20844 -2.16671
5.4933 -2 1.20851 -2.16481
5.49544 -2 1.20854 -2.16401
5.4974 -2 1.20857 -2.16327
5.50403 -2 1.20868 -2.16077
5.50721 -2 1.20874 -2.15957
5.50926 -2 1.20879 -2.15879
5.53782 -2 1.20959 -2.1478
5.54459 -2 1.20984 -2.14516
5.5527 -2 1.21017 -2.14197
5.55354 -2 1.21021 -2.14164
5.5557 -2 1.2103 -2.14079
5.55637 -2 1.21033 -2.14053
5.55761 -2 1.21038 -2.14004
5.55909 -2 1.21045 -2.13945
5.56815 -2 1.21089 -2.13585
5.57238 -2 1.2111 -2.13416
5.57241 -2 1.2111 -2.13415
5.5734 -2 1.21116 -2.13376
5.58151 -2 1.2116 -2.1305
5.59553 -2 1.21245 -2.12483
5.59902 -2 1.21268 -2.12341
5.60377 -2 1.213 -2.12147
5.60558 -2 1.21313 -2.12073
5.62238 -2 1.21437 -2.11381
5.63198 -2 1.21515 -2.10982
5.63295 -2 1.21523 -2.10942
5.63456 -2 1.21537 -2.10875
5.63941 -2 1.21579 -2.10672
5.64522 -2 1.21631 -2.10428
5.65398 -2 1.21713 -2.10059
5.65706 -2 1.21742 -2.0993
5.66289 -2 1.218 -2.09682
5.66925 -2 1.21866 -2.09412
5.67379 -2 1.21914 -2.09218
5.6741 -2 1.21917 -2.09205
5.67526 -2 1.2193 -2.09155
5.67526 -2 1.2193 -2.09155
5.67709 -2 1.21949 -2.09077
5.67794 -2 1.21959 -2.0904
5.68303 -2 1.22015 -2.08822
5.68807 -2 1.22072 -2.08605
5.68889 -2 1.22082 -2.0857
5.69596 -2 1.22165 -2.08265
5.70143 -2 1.22232 -2.08028
5.70734 -2 1.22305 -2.07771
5.70805 -2 1.22314 -2.0774
5.71726 -2 1.22434 -2.07338
5.72266 -2 1.22506 -2.07102
5.72472 -2 1.22534 -2.07012
5.73589 -2 1.22691 -2.0652
5.74371 -2 1.22805 -2.06174
5.74422 -2 1.22812 -2.06152
5.74492 -2 1.22823 -2.06121
5.75433 -2 1.22966 -2.05703
5.75528 -2 1.22981 -2.05661
5.76492 -2 1.23133 -2.05231
5.77052 -2 1.23225 -2.04981
5.77455 -2 1.23292 -2.048
5.78573 -2 1.23483 -2.04297
5.7914 -2 1.23583 -2.04042
5.79194 -2 1.23593 -2.04017
5.81865 -2 1.24092 -2.02807
5.82025 -2 1.24124 -2.02734
5.83224 -2 1.24364 -2.02186
5.8367 -2 1.24456 -2.01982
5.83702 -2 1.24463 -2.01968
5.83787 -2 1.24481 -2.01929
5.83892 -2 1.24503 -2.0188
5.87179 -2 1.25226 -2.00369
5.87263 -2 1.25246 -2.0033
5.88974 -2 1.25652 -1.99538
5.89089 -2 1.25681 -1.99485
5.89682 -2 1.25827 -1.9921
5.90311 -2 1.25984 -1.98919
5.91613 -2 1.2632 -1.98314
5.92297 -2 1.265 -1.97996
5.94285 -2 1.27045 -1.9707
5.94399 -2 1.27077 -1.97017
5.95578 -2 1.27414 -1.96468
5.97326 -2 1.27933 -1.95653
5.98907 -2 1.28421 -1.94916
6.00346 -2 1.28881 -1.94246
6.01792 -2 1.29359 -1.93574
6.02147 -2 1.29479 -1.93409
6.03767 -2 1.30037 -1.92658
6.04163 -2 1.30177 -1.92475
6.04282 -2 1.30219 -1.92419
6.06692 -2 1.31095 -1.91307
6.06774 -2 1.31126 -1.91269
6.0927 -2 1.32082 -1.90125
6.09459 -2 1.32156 -1.90038
6.11759 -2 1.33082 -1.88993
6.15202 -2 1.34544 -1.87445
6.16832 -2 1.35269 -1.86722
6.16952 -2 1.35322 -1.86669
6.17366 -2 1.3551 -1.86487
6.18822 -2 1.3618 -1.85848
6.2004 -2 1.36753 -1.85318
6.21712 -2 1.37558 -1.84598
6.22038 -2 1.37718 -1.84459
6.22986 -2 1.38186 -1.84055
6.24016 -2 1.38703 -1.83621
6.24789 -2 1.39096 -1.83297
6.26316 -2 1.39886 -1.82663
6.26871 -2 1.40178 -1.82435
6.2693 -2 1.40209 -1.82411
6.30187 -2 1.41967 -1.81097
6.30321 -2 1.42042 -1.81044
6.31116 -2 1.42484 -1.80731
6.32345 -2 1.43176 -1.80252
6.32498 -2 1.43264 -1.80193
6.33116 -2 1.43617 -1.79955
6.37325 -2 1.46097 -1.78387
6.37936 -2 1.46467 -1.78166
6.38961 -2 1.47095 -1.77801
6.42529 -2 1.49337 -1.76578
6.44001 -2 1.50287 -1.76096
6.44592 -2 1.50673 -1.75906
6.45846 -2 1.51499 -1.75511
6.471 -2 1.52335 -1.75125
6.47322 -2 1.52484 -1.75058
6.5218 -2 1.55823 -1.73674
6.52223 -2 1.55853 -1.73663
6.57114 -2 1.59358 -1.72446
6.58438 -2 1.6033 -1.72148
6.58557 -2 1.60418 -1.72122
6.59702 -2 1.61267 -1.71878
6.60817 -2 1.62099 -1.7165
6.64387 -2 1.64805 -1.70991
6.72686 -2 1.71308 -1.69897
6.80186 -2 1.77386 -1.69471
6.8084 -2 1.77922 -1.69461
6.87748 -2 1.83637 -1.69614
6.93613 -2 1.88523 -1.70135
7.05907 -2 1.98709 -1.72412
7.08133 -2 2.00525 -1.72996
7.11457 -2 2.03212 -1.73965
7.12725 -2 2.04227 -1.74365
7.13115 -2 2.04538 -1.74491
7.15415 -2 2.06362 -1.75268
7.16694 -2 2.07367 -1.75724
7.23661 -2 2.12711 -1.78491
7.25017 -2 2.13721 -1.79085
7.52202 -2 2.31313 -1.94318
7.53983 -2 2.32254 -1.95505
7.6761 -2 2.38437 -2.05146
