0	0
0.0012	6.42251e-07
0.0024	1.2845e-06
0.0036	1.92675e-06
0.0048	2.569e-06
0.006	3.21125e-06
0.0072	3.85351e-06
0.0084	4.49576e-06
0.0096	5.13801e-06
0.0108	5.78026e-06
0.012	6.42251e-06
0.0132	7.06476e-06
0.0144	7.70701e-06
0.0156	8.34926e-06
0.0168	8.99151e-06
0.018	9.63376e-06
0.0192	1.0276e-05
0.0204	1.09183e-05
0.0216	1.15605e-05
0.0228	1.22028e-05
0.024	1.2845e-05
0.0252	1.34873e-05
0.0264	1.41295e-05
0.0276	1.47718e-05
0.0288	1.5414e-05
0.03	1.60563e-05
0.0312	1.66985e-05
0.0324	1.73408e-05
0.0336	1.7983e-05
0.0348	1.86253e-05
0.036	1.92675e-05
0.0372	1.99098e-05
0.0384	2.0552e-05
0.0396	2.11943e-05
0.0408	2.18365e-05
0.042	2.24788e-05
0.0432	2.3121e-05
0.0444	2.37633e-05
0.0456	2.44055e-05
0.0468	2.50478e-05
0.048	2.569e-05
0.0492	2.63323e-05
0.0504	2.69745e-05
0.0516	2.76168e-05
0.0528	2.8259e-05
0.054	2.89013e-05
0.0552	2.95435e-05
0.0564	3.01858e-05
0.0576	3.0828e-05
0.0588	3.14703e-05
0.06	3.21125e-05
0.0612	3.27548e-05
0.0624	3.3397e-05
0.0636	3.40393e-05
0.0648	3.46815e-05
0.066	3.53238e-05
0.0672	3.5966e-05
0.0684	3.66083e-05
0.0696	3.72505e-05
0.0708	3.78928e-05
0.072	3.8535e-05
0.0732	3.91773e-05
0.0744	3.98195e-05
0.0756	4.04618e-05
0.0768	4.1104e-05
0.078	4.17463e-05
0.0792	4.23885e-05
0.0804	4.30308e-05
0.0816	4.3673e-05
0.0828	4.43153e-05
0.084	4.49575e-05
0.0852	4.55998e-05
0.0864	4.6242e-05
0.0876	4.68843e-05
0.0888	4.75265e-05
0.09	4.81688e-05
0.0912	4.8811e-05
0.0924	4.94533e-05
0.0936	5.00955e-05
0.0948	5.07378e-05
0.096	5.138e-05
0.0972	5.20223e-05
0.0984	5.26645e-05
0.0996	5.33068e-05
0.1008	5.3949e-05
0.102	5.45913e-05
0.1032	5.52335e-05
0.1044	5.58758e-05
0.1056	5.6518e-05
0.1068	5.71603e-05
0.108	5.78025e-05
0.1092	5.84448e-05
0.1104	5.9087e-05
0.1116	5.97293e-05
0.1128	6.03715e-05
0.114	6.10138e-05
0.1152	6.1656e-05
0.1164	6.22983e-05
0.1176	6.29405e-05
0.1188	6.35828e-05
0.12	6.4225e-05
0.1212	6.48673e-05
0.1224	6.55095e-05
0.1236	6.61517e-05
0.1248	6.6794e-05
0.126	6.74362e-05
0.1272	6.80785e-05
0.1284	6.87207e-05
0.1296	6.9363e-05
0.1308	7.00052e-05
0.132	7.06475e-05
0.1332	7.12897e-05
0.1344	7.1932e-05
0.1356	7.25742e-05
0.1368	7.32165e-05
0.138	7.38587e-05
0.1392	7.4501e-05
0.1404	7.51432e-05
0.1416	7.57855e-05
0.1428	7.64277e-05
0.144	7.707e-05
0.1452	7.77122e-05
0.1464	7.83545e-05
0.1476	7.89967e-05
0.1488	7.9639e-05
0.15	8.02812e-05
0.1512	8.09235e-05
0.1524	8.15657e-05
0.1536	8.2208e-05
0.1548	8.28502e-05
0.156	8.34925e-05
0.1572	8.41347e-05
0.1584	8.4777e-05
0.1596	8.54192e-05
0.1608	8.60615e-05
0.162	8.67037e-05
0.1632	8.7346e-05
0.1644	8.79882e-05
0.1656	8.86304e-05
0.1668	8.92727e-05
0.168	8.99149e-05
0.1692	9.05572e-05
0.1704	9.11994e-05
0.1716	9.18417e-05
0.1728	9.24839e-05
0.174	9.31262e-05
0.1752	9.37684e-05
0.1764	9.44107e-05
0.1776	9.50529e-05
0.1788	9.56952e-05
0.18	9.63374e-05
0.1812	9.69797e-05
0.1824	9.76219e-05
0.1836	9.82642e-05
0.1848	9.89064e-05
0.186	9.95487e-05
0.1872	0.000100191
0.1884	0.000100833
0.1896	0.000101475
0.1908	0.000102118
0.192	0.00010276
0.1932	0.000103402
0.1944	0.000104044
0.1956	0.000104687
0.1968	0.000105329
0.198	0.000105971
0.1992	0.000106613
0.2004	0.000107256
0.2016	0.000107898
0.2028	0.00010854
0.204	0.000109182
0.2052	0.000109825
0.2064	0.000110467
0.2076	0.000111109
0.2088	0.000111751
0.21	0.000112394
0.2112	0.000113036
0.2124	0.000113678
0.2136	0.00011432
0.2148	0.000114963
0.216	0.000115605
0.2172	0.000116247
0.2184	0.000116889
0.2196	0.000117532
0.2208	0.000118174
0.222	0.000118816
0.2232	0.000119458
0.2244	0.000120101
0.2256	0.000120743
0.2268	0.000121385
0.228	0.000122027
0.2292	0.00012267
0.2304	0.000123312
0.2316	0.000123954
0.2328	0.000124596
0.234	0.000125239
0.2352	0.000125881
0.2364	0.000126523
0.2376	0.000127165
0.2388	0.000127808
0.24	0.00012845
0.2412	0.000129092
0.2424	0.000129734
0.2436	0.000130377
0.2448	0.000131019
0.246	0.000131661
0.2472	0.000132303
0.2484	0.000132946
0.2496	0.000133588
0.2508	0.00013423
0.252	0.000134872
0.2532	0.000135515
0.2544	0.000136157
0.2556	0.000136799
0.2568	0.000137441
0.258	0.000138084
0.2592	0.000138726
0.2604	0.000139368
0.2616	0.00014001
0.2628	0.000140652
0.264	0.000141295
0.2652	0.000141937
0.2664	0.000142579
0.2676	0.000143221
0.2688	0.000143864
0.27	0.000144506
0.2712	0.000145148
0.2724	0.00014579
0.2736	0.000146433
0.2748	0.000147075
0.276	0.000147717
0.2772	0.000148359
0.2784	0.000149002
0.2796	0.000149644
0.2808	0.000150286
0.282	0.000150928
0.2832	0.000151571
0.2844	0.000152213
0.2856	0.000152855
0.2868	0.000153497
0.288	0.00015414
0.2892	0.000154782
0.2904	0.000155424
0.2916	0.000156066
0.2928	0.000156709
0.294	0.000157351
0.2952	0.000157993
0.2964	0.000158635
0.2976	0.000159278
0.2988	0.00015992
0.3	0.000160562
0.3012	0.000161204
0.3024	0.000161847
0.3036	0.000162489
0.3048	0.000163131
0.306	0.000163773
0.3072	0.000164416
0.3084	0.000165058
0.3096	0.0001657
0.3108	0.000166342
0.312	0.000166985
0.3132	0.000167627
0.3144	0.000168269
0.3156	0.000168911
0.3168	0.000169554
0.318	0.000170196
0.3192	0.000170838
0.3204	0.00017148
0.3216	0.000172123
0.3228	0.000172765
0.324	0.000173407
0.3252	0.000174049
0.3264	0.000174692
0.3276	0.000175334
0.3288	0.000175976
0.33	0.000176618
0.3312	0.000177261
0.3324	0.000177903
0.3336	0.000178545
0.3348	0.000179187
0.336	0.000179829
0.3372	0.000180472
0.3384	0.000181114
0.3396	0.000181756
0.3408	0.000182398
0.342	0.000183041
0.3432	0.000183683
0.3444	0.000184325
0.3456	0.000184967
0.3468	0.00018561
0.348	0.000186252
0.3492	0.000186894
0.3504	0.000187536
0.3516	0.000188179
0.3528	0.000188821
0.354	0.000189463
0.3552	0.000190105
0.3564	0.000190748
0.3576	0.00019139
0.3588	0.000192032
0.36	0.000192674
0.3612	0.000193317
0.3624	0.000193959
0.3636	0.000194601
0.3648	0.000195243
0.366	0.000195886
0.3672	0.000196528
0.3684	0.00019717
0.3696	0.000197812
0.3708	0.000198455
0.372	0.000199097
0.3732	0.000199739
0.3744	0.000200381
0.3756	0.000201024
0.3768	0.000201666
0.378	0.000202308
0.3792	0.00020295
0.3804	0.000203593
0.3816	0.000204235
0.3828	0.000204877
0.384	0.000205519
0.3852	0.000206162
0.3864	0.000206804
0.3876	0.000207446
0.3888	0.000208088
0.39	0.000208731
0.3912	0.000209373
0.3924	0.000210015
0.3936	0.000210657
0.3948	0.000211299
0.396	0.000211942
0.3972	0.000212584
0.3984	0.000213226
0.3996	0.000213868
0.4008	0.000214511
0.402	0.000215153
0.4032	0.000215795
0.4044	0.000216437
0.4056	0.00021708
0.4068	0.000217722
0.408	0.000218364
0.4092	0.000219006
0.4104	0.000219649
0.4116	0.000220291
0.4128	0.000220933
0.414	0.000221575
0.4152	0.000222218
0.4164	0.00022286
0.4176	0.000223502
0.4188	0.000224144
0.42	0.000224787
0.4212	0.000225429
0.4224	0.000226071
0.4236	0.000226713
0.4248	0.000227356
0.426	0.000227998
0.4272	0.00022864
0.4284	0.000229282
0.4296	0.000229925
0.4308	0.000230567
0.432	0.000231209
0.4332	0.000231851
0.4344	0.000232494
0.4356	0.000233136
0.4368	0.000233778
0.438	0.00023442
0.4392	0.000235063
0.4404	0.000235705
0.4416	0.000236347
0.4428	0.000236989
0.444	0.000237631
0.4452	0.000238274
0.4464	0.000238916
0.4476	0.000239558
0.4488	0.0002402
0.45	0.000240843
0.4512	0.000241485
0.4524	0.000242127
0.4536	0.000242769
0.4548	0.000243412
0.456	0.000244054
0.4572	0.000244696
0.4584	0.000245338
0.4596	0.000245981
0.4608	0.000246623
0.462	0.000247265
0.4632	0.000247907
0.4644	0.00024855
0.4656	0.000249192
0.4668	0.000249834
0.468	0.000250476
0.4692	0.000251119
0.4704	0.000251761
0.4716	0.000252403
0.4728	0.000253045
0.474	0.000253688
0.4752	0.00025433
0.4764	0.000254972
0.4776	0.000255614
0.4788	0.000256257
0.48	0.000256899
0.4812	0.000257541
0.4824	0.000258183
0.4836	0.000258826
0.4848	0.000259468
0.486	0.00026011
0.4872	0.000260752
0.4884	0.000261394
0.4896	0.000262037
0.4908	0.000262679
0.492	0.000263321
0.4932	0.000263963
0.4944	0.000264606
0.4956	0.000265248
0.4968	0.00026589
0.498	0.000266532
0.4992	0.000267175
0.5004	0.000267817
0.5016	0.000268459
0.5028	0.000269101
0.504	0.000269744
0.5052	0.000270386
0.5064	0.000271028
0.5076	0.00027167
0.5088	0.000272313
0.51	0.000272955
0.5112	0.000273597
0.5124	0.000274239
0.5136	0.000274882
0.5148	0.000275524
0.516	0.000276166
0.5172	0.000276808
0.5184	0.000277451
0.5196	0.000278093
0.5208	0.000278735
0.522	0.000279377
0.5232	0.00028002
0.5244	0.000280662
0.5256	0.000281304
0.5268	0.000281946
0.528	0.000282588
0.5292	0.000283231
0.5304	0.000283873
0.5316	0.000284515
0.5328	0.000285157
0.534	0.0002858
0.5352	0.000286442
0.5364	0.000287084
0.5376	0.000287726
0.5388	0.000288369
0.54	0.000289011
0.5412	0.000289653
0.5424	0.000290295
0.5436	0.000290938
0.5448	0.00029158
0.546	0.000292222
0.5472	0.000292864
0.5484	0.000293507
0.5496	0.000294149
0.5508	0.000294791
0.552	0.000295433
0.5532	0.000296076
0.5544	0.000296718
0.5556	0.00029736
0.5568	0.000298002
0.558	0.000298645
0.5592	0.000299287
0.5604	0.000299929
0.5616	0.000300571
0.5628	0.000301213
0.564	0.000301856
0.5652	0.000302498
0.5664	0.00030314
0.5676	0.000303782
0.5688	0.000304425
0.57	0.000305067
0.5712	0.000305709
0.5724	0.000306351
0.5736	0.000306994
0.5748	0.000307636
0.576	0.000308278
0.5772	0.00030892
0.5784	0.000309563
0.5796	0.000310205
0.5808	0.000310847
0.582	0.000311489
0.5832	0.000312132
0.5844	0.000312774
0.5856	0.000313416
0.5868	0.000314058
0.588	0.000314701
0.5892	0.000315343
0.5904	0.000315985
0.5916	0.000316627
0.5928	0.00031727
0.594	0.000317912
0.5952	0.000318554
0.5964	0.000319196
0.5976	0.000319838
0.5988	0.000320481
0.6	0.000321123
0.6012	0.000321765
0.6024	0.000322407
0.6036	0.00032305
0.6048	0.000323692
0.606	0.000324334
0.6072	0.000324976
0.6084	0.000325619
0.6096	0.000326261
0.6108	0.000326903
0.612	0.000327545
0.6132	0.000328188
0.6144	0.00032883
0.6156	0.000329472
0.6168	0.000330114
0.618	0.000330757
0.6192	0.000331399
0.6204	0.000332041
0.6216	0.000332683
0.6228	0.000333326
0.624	0.000333968
0.6252	0.00033461
0.6264	0.000335252
0.6276	0.000335895
0.6288	0.000336537
0.63	0.000337179
0.6312	0.000337821
0.6324	0.000338463
0.6336	0.000339106
0.6348	0.000339748
0.636	0.00034039
0.6372	0.000341032
0.6384	0.000341675
0.6396	0.000342317
0.6408	0.000342959
0.642	0.000343601
0.6432	0.000344244
0.6444	0.000344886
0.6456	0.000345528
0.6468	0.00034617
0.648	0.000346813
0.6492	0.000347455
0.6504	0.000348097
0.6516	0.000348739
0.6528	0.000349382
0.654	0.000350024
0.6552	0.000350666
0.6564	0.000351308
0.6576	0.000351951
0.6588	0.000352593
0.66	0.000353235
0.6612	0.000353877
0.6624	0.000354519
0.6636	0.000355162
0.6648	0.000355804
0.666	0.000356446
0.6672	0.000357088
0.6684	0.000357731
0.6696	0.000358373
0.6708	0.000359015
0.672	0.000359657
0.6732	0.0003603
0.6744	0.000360942
0.6756	0.000361584
0.6768	0.000362226
0.678	0.000362869
0.6792	0.000363511
0.6804	0.000364153
0.6816	0.000364795
0.6828	0.000365438
0.684	0.00036608
0.6852	0.000366722
0.6864	0.000367364
0.6876	0.000368006
0.6888	0.000368649
0.69	0.000369291
0.6912	0.000369933
0.6924	0.000370575
0.6936	0.000371218
0.6948	0.00037186
0.696	0.000372502
0.6972	0.000373144
0.6984	0.000373787
0.6996	0.000374429
0.7008	0.000375071
0.702	0.000375713
0.7032	0.000376356
0.7044	0.000376998
0.7056	0.00037764
0.7068	0.000378282
0.708	0.000378925
0.7092	0.000379567
0.7104	0.000380209
0.7116	0.000380851
0.7128	0.000381494
0.714	0.000382136
0.7152	0.000382778
0.7164	0.00038342
0.7176	0.000384062
0.7188	0.000384705
0.72	0.000385347
0.7212	0.000385989
0.7224	0.000386631
0.7236	0.000387274
0.7248	0.000387916
0.726	0.000388558
0.7272	0.0003892
0.7284	0.000389843
0.7296	0.000390485
0.7308	0.000391127
0.732	0.000391769
0.7332	0.000392412
0.7344	0.000393054
0.7356	0.000393696
0.7368	0.000394338
0.738	0.000394981
0.7392	0.000395623
0.7404	0.000396265
0.7416	0.000396907
0.7428	0.000397549
0.744	0.000398192
0.7452	0.000398834
0.7464	0.000399476
0.7476	0.000400118
0.7488	0.000400761
0.75	0.000401403
0.7512	0.000402045
0.7524	0.000402687
0.7536	0.00040333
0.7548	0.000403972
0.756	0.000404614
0.7572	0.000405256
0.7584	0.000405899
0.7596	0.000406541
0.7608	0.000407183
0.762	0.000407825
0.7632	0.000408468
0.7644	0.00040911
0.7656	0.000409752
0.7668	0.000410394
0.768	0.000411036
0.7692	0.000411679
0.7704	0.000412321
0.7716	0.000412963
0.7728	0.000413605
0.774	0.000414248
0.7752	0.00041489
0.7764	0.000415532
0.7776	0.000416174
0.7788	0.000416817
0.78	0.000417459
0.7812	0.000418101
0.7824	0.000418743
0.7836	0.000419386
0.7848	0.000420028
0.786	0.00042067
0.7872	0.000421312
0.7884	0.000421955
0.7896	0.000422597
0.7908	0.000423239
0.792	0.000423881
0.7932	0.000424523
0.7944	0.000425166
0.7956	0.000425808
0.7968	0.00042645
0.798	0.000427092
0.7992	0.000427735
0.8004	0.000428377
0.8016	0.000429019
0.8028	0.000429661
0.804	0.000430304
0.8052	0.000430946
0.8064	0.000431588
0.8076	0.00043223
0.8088	0.000432873
0.81	0.000433515
0.8112	0.000434157
0.8124	0.000434799
0.8136	0.000435442
0.8148	0.000436084
0.816	0.000436726
0.8172	0.000437368
0.8184	0.00043801
0.8196	0.000438653
0.8208	0.000439295
0.822	0.000439937
0.8232	0.000440579
0.8244	0.000441222
0.8256	0.000441864
0.8268	0.000442506
0.828	0.000443148
0.8292	0.000443791
0.8304	0.000444433
0.8316	0.000445075
0.8328	0.000445717
0.834	0.00044636
0.8352	0.000447002
0.8364	0.000447644
0.8376	0.000448286
0.8388	0.000448928
0.84	0.000449571
0.8412	0.000450213
0.8424	0.000450855
0.8436	0.000451497
0.8448	0.00045214
0.846	0.000452782
0.8472	0.000453424
0.8484	0.000454066
0.8496	0.000454709
0.8508	0.000455351
0.852	0.000455993
0.8532	0.000456635
0.8544	0.000457278
0.8556	0.00045792
0.8568	0.000458562
0.858	0.000459204
0.8592	0.000459847
0.8604	0.000460489
0.8616	0.000461131
0.8628	0.000461773
0.864	0.000462415
0.8652	0.000463058
0.8664	0.0004637
0.8676	0.000464342
0.8688	0.000464984
0.87	0.000465627
0.8712	0.000466269
0.8724	0.000466911
0.8736	0.000467553
0.8748	0.000468196
0.876	0.000468838
0.8772	0.00046948
0.8784	0.000470122
0.8796	0.000470765
0.8808	0.000471407
0.882	0.000472049
0.8832	0.000472691
0.8844	0.000473333
0.8856	0.000473976
0.8868	0.000474618
0.888	0.00047526
0.8892	0.000475902
0.8904	0.000476545
0.8916	0.000477187
0.8928	0.000477829
0.894	0.000478471
0.8952	0.000479114
0.8964	0.000479756
0.8976	0.000480398
0.8988	0.00048104
0.9	0.000481683
0.9012	0.000482325
0.9024	0.000482967
0.9036	0.000483609
0.9048	0.000484251
0.906	0.000484894
0.9072	0.000485536
0.9084	0.000486178
0.9096	0.00048682
0.9108	0.000487463
0.912	0.000488105
0.9132	0.000488747
0.9144	0.000489389
0.9156	0.000490032
0.9168	0.000490674
0.918	0.000491316
0.9192	0.000491958
0.9204	0.000492601
0.9216	0.000493243
0.9228	0.000493885
0.924	0.000494527
0.9252	0.000495169
0.9264	0.000495812
0.9276	0.000496454
0.9288	0.000497096
0.93	0.000497738
0.9312	0.000498381
0.9324	0.000499023
0.9336	0.000499665
0.9348	0.000500307
0.936	0.00050095
0.9372	0.000501592
0.9384	0.000502234
0.9396	0.000502876
0.9408	0.000503519
0.942	0.000504161
0.9432	0.000504803
0.9444	0.000505445
0.9456	0.000506087
0.9468	0.00050673
0.948	0.000507372
0.9492	0.000508014
0.9504	0.000508656
0.9516	0.000509299
0.9528	0.000509941
0.954	0.000510583
0.9552	0.000511225
0.9564	0.000511868
0.9576	0.00051251
0.9588	0.000513152
0.96	0.000513794
0.9612	0.000514437
0.9624	0.000515079
0.9636	0.000515721
0.9648	0.000516363
0.966	0.000517005
0.9672	0.000517648
0.9684	0.00051829
0.9696	0.000518932
0.9708	0.000519574
0.972	0.000520217
0.9732	0.000520859
0.9744	0.000521501
0.9756	0.000522143
0.9768	0.000522786
0.978	0.000523428
0.9792	0.00052407
0.9804	0.000524712
0.9816	0.000525355
0.9828	0.000525997
0.984	0.000526639
0.9852	0.000527281
0.9864	0.000527923
0.9876	0.000528566
0.9888	0.000529208
0.99	0.00052985
0.9912	0.000530492
0.9924	0.000531135
0.9936	0.000531777
0.9948	0.000532419
0.996	0.000533061
0.9972	0.000533704
0.9984	0.000534346
0.9996	0.000534988
1.0008	0.00053563
1.002	0.000536273
1.0032	0.000536915
1.0044	0.000537557
1.0056	0.000538199
1.0068	0.000538841
1.008	0.000539484
1.0092	0.000540126
1.0104	0.000540768
1.0116	0.00054141
1.0128	0.000542053
1.014	0.000542695
1.0152	0.000543337
1.0164	0.000543979
1.0176	0.000544622
1.0188	0.000545264
1.02	0.000545906
1.0212	0.000546548
1.0224	0.00054719
1.0236	0.000547833
1.0248	0.000548475
1.026	0.000549117
1.0272	0.000549759
1.0284	0.000550402
1.0296	0.000551044
1.0308	0.000551686
1.032	0.000552328
1.0332	0.000552971
1.0344	0.000553613
1.0356	0.000554255
1.0368	0.000554897
1.038	0.00055554
1.0392	0.000556182
1.0404	0.000556824
1.0416	0.000557466
1.0428	0.000558108
1.044	0.000558751
1.0452	0.000559393
1.0464	0.000560035
1.0476	0.000560677
1.0488	0.00056132
1.05	0.000561962
1.0512	0.000562604
1.0524	0.000563246
1.0536	0.000563889
1.0548	0.000564531
1.056	0.000565173
1.0572	0.000565815
1.0584	0.000566457
1.0596	0.0005671
1.0608	0.000567742
1.062	0.000568384
1.0632	0.000569026
1.0644	0.000569669
1.0656	0.000570311
1.0668	0.000570953
1.068	0.000571595
1.0692	0.000572238
1.0704	0.00057288
1.0716	0.000573522
1.0728	0.000574164
1.074	0.000574807
1.0752	0.000575449
1.0764	0.000576091
1.0776	0.000576733
1.0788	0.000577375
1.08	0.000578018
1.0812	0.00057866
1.0824	0.000579302
1.0836	0.000579944
1.0848	0.000580587
1.086	0.000581229
1.0872	0.000581871
1.0884	0.000582513
1.0896	0.000583156
1.0908	0.000583798
1.092	0.00058444
1.0932	0.000585082
1.0944	0.000585724
1.0956	0.000586367
1.0968	0.000587009
1.098	0.000587651
1.0992	0.000588293
1.1004	0.000588936
1.1016	0.000589578
1.1028	0.00059022
1.104	0.000590862
1.1052	0.000591505
1.1064	0.000592147
1.1076	0.000592789
1.1088	0.000593431
1.11	0.000594073
1.1112	0.000594716
1.1124	0.000595358
1.1136	0.000596
1.1148	0.000596642
1.116	0.000597285
1.1172	0.000597927
1.1184	0.000598569
1.1196	0.000599211
1.1208	0.000599854
1.122	0.000600496
1.1232	0.000601138
1.1244	0.00060178
1.1256	0.000602423
1.1268	0.000603065
1.128	0.000603707
1.1292	0.000604349
1.1304	0.000604991
1.1316	0.000605634
1.1328	0.000606276
1.134	0.000606918
1.1352	0.00060756
1.1364	0.000608203
1.1376	0.000608845
1.1388	0.000609487
1.14	0.000610129
1.1412	0.000610772
1.1424	0.000611414
1.1436	0.000612056
1.1448	0.000612698
1.146	0.00061334
1.1472	0.000613983
1.1484	0.000614625
1.1496	0.000615267
1.1508	0.000615909
1.152	0.000616552
1.1532	0.000617194
1.1544	0.000617836
1.1556	0.000618478
1.1568	0.000619121
1.158	0.000619763
1.1592	0.000620405
1.1604	0.000621047
1.1616	0.000621689
1.1628	0.000622332
1.164	0.000622974
1.1652	0.000623616
1.1664	0.000624258
1.1676	0.000624901
1.1688	0.000625543
1.17	0.000626185
1.1712	0.000626827
1.1724	0.00062747
1.1736	0.000628112
1.1748	0.000628754
1.176	0.000629396
1.1772	0.000630038
1.1784	0.000630681
1.1796	0.000631323
1.1808	0.000631965
1.182	0.000632607
1.1832	0.00063325
1.1844	0.000633892
1.1856	0.000634534
1.1868	0.000635176
1.188	0.000635819
1.1892	0.000636461
1.1904	0.000637103
1.1916	0.000637745
1.1928	0.000638387
1.194	0.00063903
1.1952	0.000639672
1.1964	0.000640314
1.1976	0.000640956
1.1988	0.000641599
1.2	0.000642241
1.2012	0.000642883
1.2024	0.000643525
1.2036	0.000644168
1.2048	0.00064481
1.206	0.000645452
1.2072	0.000646094
1.2084	0.000646736
1.2096	0.000647379
1.2108	0.000648021
1.212	0.000648663
1.2132	0.000649305
1.2144	0.000649948
1.2156	0.00065059
1.2168	0.000651232
1.218	0.000651874
1.2192	0.000652517
1.2204	0.000653159
1.2216	0.000653801
1.2228	0.000654443
1.224	0.000655085
1.2252	0.000655728
1.2264	0.00065637
1.2276	0.000657012
1.2288	0.000657654
1.23	0.000658297
1.2312	0.000658939
1.2324	0.000659581
1.2336	0.000660223
1.2348	0.000660866
1.236	0.000661508
1.2372	0.00066215
1.2384	0.000662792
1.2396	0.000663434
1.2408	0.000664077
1.242	0.000664719
1.2432	0.000665361
1.2444	0.000666003
1.2456	0.000666646
1.2468	0.000667288
1.248	0.00066793
1.2492	0.000668572
1.2504	0.000669215
1.2516	0.000669857
1.2528	0.000670499
1.254	0.000671141
1.2552	0.000671783
1.2564	0.000672426
1.2576	0.000673068
1.2588	0.00067371
1.26	0.000674352
1.2612	0.000674995
1.2624	0.000675637
1.2636	0.000676279
1.2648	0.000676921
1.266	0.000677563
1.2672	0.000678206
1.2684	0.000678848
1.2696	0.00067949
1.2708	0.000680132
1.272	0.000680775
1.2732	0.000681417
1.2744	0.000682059
1.2756	0.000682701
1.2768	0.000683344
1.278	0.000683986
1.2792	0.000684628
1.2804	0.00068527
1.2816	0.000685912
1.2828	0.000686555
1.284	0.000687197
1.2852	0.000687839
1.2864	0.000688481
1.2876	0.000689124
1.2888	0.000689766
1.29	0.000690408
1.2912	0.00069105
1.2924	0.000691693
1.2936	0.000692335
1.2948	0.000692977
1.296	0.000693619
1.2972	0.000694261
1.2984	0.000694904
1.2996	0.000695546
1.3008	0.000696188
1.302	0.00069683
1.3032	0.000697473
1.3044	0.000698115
1.3056	0.000698757
1.3068	0.000699399
1.308	0.000700042
1.3092	0.000700684
1.3104	0.000701326
1.3116	0.000701968
1.3128	0.00070261
1.314	0.000703253
1.3152	0.000703895
1.3164	0.000704537
1.3176	0.000705179
1.3188	0.000705822
1.32	0.000706464
1.3212	0.000707106
1.3224	0.000707748
1.3236	0.00070839
1.3248	0.000709033
1.326	0.000709675
1.3272	0.000710317
1.3284	0.000710959
1.3296	0.000711602
1.3308	0.000712244
1.332	0.000712886
1.3332	0.000713528
1.3344	0.000714171
1.3356	0.000714813
1.3368	0.000715455
1.338	0.000716097
1.3392	0.000716739
1.3404	0.000717382
1.3416	0.000718024
1.3428	0.000718666
1.344	0.000719308
1.3452	0.000719951
1.3464	0.000720593
1.3476	0.000721235
1.3488	0.000721877
1.35	0.00072252
1.3512	0.000723162
1.3524	0.000723804
1.3536	0.000724446
1.3548	0.000725088
1.356	0.000725731
1.3572	0.000726373
1.3584	0.000727015
1.3596	0.000727657
1.3608	0.0007283
1.362	0.000728942
1.3632	0.000729584
1.3644	0.000730226
1.3656	0.000730868
1.3668	0.000731511
1.368	0.000732153
1.3692	0.000732795
1.3704	0.000733437
1.3716	0.00073408
1.3728	0.000734722
1.374	0.000735364
1.3752	0.000736006
1.3764	0.000736649
1.3776	0.000737291
1.3788	0.000737933
1.38	0.000738575
1.3812	0.000739217
1.3824	0.00073986
1.3836	0.000740502
1.3848	0.000741144
1.386	0.000741786
1.3872	0.000742429
1.3884	0.000743071
1.3896	0.000743713
1.3908	0.000744355
1.392	0.000744997
1.3932	0.00074564
1.3944	0.000746282
1.3956	0.000746924
1.3968	0.000747566
1.398	0.000748209
1.3992	0.000748851
1.4004	0.000749493
1.4016	0.000750135
1.4028	0.000750778
1.404	0.00075142
1.4052	0.000752062
1.4064	0.000752704
1.4076	0.000753346
1.4088	0.000753989
1.41	0.000754631
1.4112	0.000755273
1.4124	0.000755915
1.4136	0.000756558
1.4148	0.0007572
1.416	0.000757842
1.4172	0.000758484
1.4184	0.000759126
1.4196	0.000759769
1.4208	0.000760411
1.422	0.000761053
1.4232	0.000761695
1.4244	0.000762338
1.4256	0.00076298
1.4268	0.000763622
1.428	0.000764264
1.4292	0.000764907
1.4304	0.000765549
1.4316	0.000766191
1.4328	0.000766833
1.434	0.000767475
1.4352	0.000768118
1.4364	0.00076876
1.4376	0.000769402
1.4388	0.000770044
1.44	0.000770687
1.4412	0.000771329
1.4424	0.000771971
1.4436	0.000772613
1.4448	0.000773255
1.446	0.000773898
1.4472	0.00077454
1.4484	0.000775182
1.4496	0.000775824
1.4508	0.000776467
1.452	0.000777109
1.4532	0.000777751
1.4544	0.000778393
1.4556	0.000779036
1.4568	0.000779678
1.458	0.00078032
1.4592	0.000780962
1.4604	0.000781604
1.4616	0.000782247
1.4628	0.000782889
1.464	0.000783531
1.4652	0.000784173
1.4664	0.000784816
1.4676	0.000785458
1.4688	0.0007861
1.47	0.000786742
1.4712	0.000787384
1.4724	0.000788027
1.4736	0.000788669
1.4748	0.000789311
1.476	0.000789953
1.4772	0.000790596
1.4784	0.000791238
1.4796	0.00079188
1.4808	0.000792522
1.482	0.000793164
1.4832	0.000793807
1.4844	0.000794449
1.4856	0.000795091
1.4868	0.000795733
1.488	0.000796376
1.4892	0.000797018
1.4904	0.00079766
1.4916	0.000798302
1.4928	0.000798945
1.494	0.000799587
1.4952	0.000800229
1.4964	0.000800871
1.4976	0.000801513
1.4988	0.000802156
1.5	0.000802798
1.5012	0.00080344
1.5024	0.000804082
1.5036	0.000804725
1.5048	0.000805367
1.506	0.000806009
1.5072	0.000806651
1.5084	0.000807293
1.5096	0.000807936
1.5108	0.000808578
1.512	0.00080922
1.5132	0.000809862
1.5144	0.000810505
1.5156	0.000811147
1.5168	0.000811789
1.518	0.000812431
1.5192	0.000813073
1.5204	0.000813716
1.5216	0.000814358
1.5228	0.000815
1.524	0.000815642
1.5252	0.000816285
1.5264	0.000816927
1.5276	0.000817569
1.5288	0.000818211
1.53	0.000818854
1.5312	0.000819496
1.5324	0.000820138
1.5336	0.00082078
1.5348	0.000821422
1.536	0.000822065
1.5372	0.000822707
1.5384	0.000823349
1.5396	0.000823991
1.5408	0.000824634
1.542	0.000825276
1.5432	0.000825918
1.5444	0.00082656
1.5456	0.000827202
1.5468	0.000827845
1.548	0.000828487
1.5492	0.000829129
1.5504	0.000829771
1.5516	0.000830414
1.5528	0.000831056
1.554	0.000831698
1.5552	0.00083234
1.5564	0.000832982
1.5576	0.000833625
1.5588	0.000834267
1.56	0.000834909
1.5612	0.000835551
1.5624	0.000836194
1.5636	0.000836836
1.5648	0.000837478
1.566	0.00083812
1.5672	0.000838762
1.5684	0.000839405
1.5696	0.000840047
1.5708	0.000840689
1.572	0.000841331
1.5732	0.000841974
1.5744	0.000842616
1.5756	0.000843258
1.5768	0.0008439
1.578	0.000844542
1.5792	0.000845185
1.5804	0.000845827
1.5816	0.000846469
1.5828	0.000847111
1.584	0.000847754
1.5852	0.000848396
1.5864	0.000849038
1.5876	0.00084968
1.5888	0.000850323
1.59	0.000850965
1.5912	0.000851607
1.5924	0.000852249
1.5936	0.000852891
1.5948	0.000853534
1.596	0.000854176
1.5972	0.000854818
1.5984	0.00085546
1.5996	0.000856103
1.6008	0.000856745
1.602	0.000857387
1.6032	0.000858029
1.6044	0.000858671
1.6056	0.000859314
1.6068	0.000859956
1.608	0.000860598
1.6092	0.00086124
1.6104	0.000861883
1.6116	0.000862525
1.6128	0.000863167
1.614	0.000863809
1.6152	0.000864451
1.6164	0.000865094
1.6176	0.000865736
1.6188	0.000866378
1.62	0.00086702
1.6212	0.000867663
1.6224	0.000868305
1.6236	0.000868947
1.6248	0.000869589
1.626	0.000870231
1.6272	0.000870874
1.6284	0.000871516
1.6296	0.000872158
1.6308	0.0008728
1.632	0.000873443
1.6332	0.000874085
1.6344	0.000874727
1.6356	0.000875369
1.6368	0.000876011
1.638	0.000876654
1.6392	0.000877296
1.6404	0.000877938
1.6416	0.00087858
1.6428	0.000879223
1.644	0.000879865
1.6452	0.000880507
1.6464	0.000881149
1.6476	0.000881791
1.6488	0.000882434
1.65	0.000883076
1.6512	0.000883718
1.6524	0.00088436
1.6536	0.000885003
1.6548	0.000885645
1.656	0.000886287
1.6572	0.000886929
1.6584	0.000887571
1.6596	0.000888214
1.6608	0.000888856
1.662	0.000889498
1.6632	0.00089014
1.6644	0.000890783
1.6656	0.000891425
1.6668	0.000892067
1.668	0.000892709
1.6692	0.000893351
1.6704	0.000893994
1.6716	0.000894636
1.6728	0.000895278
1.674	0.00089592
1.6752	0.000896563
1.6764	0.000897205
1.6776	0.000897847
1.6788	0.000898489
1.68	0.000899131
1.6812	0.000899774
1.6824	0.000900416
1.6836	0.000901058
1.6848	0.0009017
1.686	0.000902343
1.6872	0.000902985
1.6884	0.000903627
1.6896	0.000904269
1.6908	0.000904911
1.692	0.000905554
1.6932	0.000906196
1.6944	0.000906838
1.6956	0.00090748
1.6968	0.000908123
1.698	0.000908765
1.6992	0.000909407
1.7004	0.000910049
1.7016	0.000910691
1.7028	0.000911334
1.704	0.000911976
1.7052	0.000912618
1.7064	0.00091326
1.7076	0.000913903
1.7088	0.000914545
1.71	0.000915187
1.7112	0.000915829
1.7124	0.000916471
1.7136	0.000917114
1.7148	0.000917756
1.716	0.000918398
1.7172	0.00091904
1.7184	0.000919683
1.7196	0.000920325
1.7208	0.000920967
1.722	0.000921609
1.7232	0.000922251
1.7244	0.000922894
1.7256	0.000923536
1.7268	0.000924178
1.728	0.00092482
1.7292	0.000925463
1.7304	0.000926105
1.7316	0.000926747
1.7328	0.000927389
1.734	0.000928031
1.7352	0.000928674
1.7364	0.000929316
1.7376	0.000929958
1.7388	0.0009306
1.74	0.000931243
1.7412	0.000931885
1.7424	0.000932527
1.7436	0.000933169
1.7448	0.000933811
1.746	0.000934454
1.7472	0.000935096
1.7484	0.000935738
1.7496	0.00093638
1.7508	0.000937023
1.752	0.000937665
1.7532	0.000938307
1.7544	0.000938949
1.7556	0.000939591
1.7568	0.000940234
1.758	0.000940876
1.7592	0.000941518
1.7604	0.00094216
1.7616	0.000942803
1.7628	0.000943445
1.764	0.000944087
1.7652	0.000944729
1.7664	0.000945371
1.7676	0.000946014
1.7688	0.000946656
1.77	0.000947298
1.7712	0.00094794
1.7724	0.000948583
1.7736	0.000949225
1.7748	0.000949867
1.776	0.000950509
1.7772	0.000951151
1.7784	0.000951794
1.7796	0.000952436
1.7808	0.000953078
1.782	0.00095372
1.7832	0.000954363
1.7844	0.000955005
1.7856	0.000955647
1.7868	0.000956289
1.788	0.000956931
1.7892	0.000957574
1.7904	0.000958216
1.7916	0.000958858
1.7928	0.0009595
1.794	0.000960143
1.7952	0.000960785
1.7964	0.000961427
1.7976	0.000962069
1.7988	0.000962711
1.8	0.000963354
1.8012	0.000963996
1.8024	0.000964638
1.8036	0.00096528
1.8048	0.000965923
1.806	0.000966565
1.8072	0.000967207
1.8084	0.000967849
1.8096	0.000968491
1.8108	0.000969134
1.812	0.000969776
1.8132	0.000970418
1.8144	0.00097106
1.8156	0.000971702
1.8168	0.000972345
1.818	0.000972987
1.8192	0.000973629
1.8204	0.000974271
1.8216	0.000974914
1.8228	0.000975556
1.824	0.000976198
1.8252	0.00097684
1.8264	0.000977482
1.8276	0.000978125
1.8288	0.000978767
1.83	0.000979409
1.8312	0.000980051
1.8324	0.000980694
1.8336	0.000981336
1.8348	0.000981978
1.836	0.00098262
1.8372	0.000983262
1.8384	0.000983905
1.8396	0.000984547
1.8408	0.000985189
1.842	0.000985831
1.8432	0.000986474
1.8444	0.000987116
1.8456	0.000987758
1.8468	0.0009884
1.848	0.000989042
1.8492	0.000989685
1.8504	0.000990327
1.8516	0.000990969
1.8528	0.000991611
1.854	0.000992254
1.8552	0.000992896
1.8564	0.000993538
1.8576	0.00099418
1.8588	0.000994822
1.86	0.000995465
1.8612	0.000996107
1.8624	0.000996749
1.8636	0.000997391
1.8648	0.000998034
1.866	0.000998676
1.8672	0.000999318
1.8684	0.00099996
1.8696	0.0010006
1.8708	0.00100124
1.872	0.00100189
1.8732	0.00100253
1.8744	0.00100317
1.8756	0.00100381
1.8768	0.00100446
1.878	0.0010051
1.8792	0.00100574
1.8804	0.00100638
1.8816	0.00100702
1.8828	0.00100767
1.884	0.00100831
1.8852	0.00100895
1.8864	0.00100959
1.8876	0.00101024
1.8888	0.00101088
1.89	0.00101152
1.8912	0.00101216
1.8924	0.0010128
1.8936	0.00101345
1.8948	0.00101409
1.896	0.00101473
1.8972	0.00101537
1.8984	0.00101602
1.8996	0.00101666
1.9008	0.0010173
1.902	0.00101794
1.9032	0.00101858
1.9044	0.00101923
1.9056	0.00101987
1.9068	0.00102051
1.908	0.00102115
1.9092	0.0010218
1.9104	0.00102244
1.9116	0.00102308
1.9128	0.00102372
1.914	0.00102436
1.9152	0.00102501
1.9164	0.00102565
1.9176	0.00102629
1.9188	0.00102693
1.92	0.00102758
1.9212	0.00102822
1.9224	0.00102886
1.9236	0.0010295
1.9248	0.00103014
1.926	0.00103079
1.9272	0.00103143
1.9284	0.00103207
1.9296	0.00103271
1.9308	0.00103336
1.932	0.001034
1.9332	0.00103464
1.9344	0.00103528
1.9356	0.00103592
1.9368	0.00103657
1.938	0.00103721
1.9392	0.00103785
1.9404	0.00103849
1.9416	0.00103914
1.9428	0.00103978
1.944	0.00104042
1.9452	0.00104106
1.9464	0.0010417
1.9476	0.00104235
1.9488	0.00104299
1.95	0.00104363
1.9512	0.00104427
1.9524	0.00104492
1.9536	0.00104556
1.9548	0.0010462
1.956	0.00104684
1.9572	0.00104748
1.9584	0.00104813
1.9596	0.00104877
1.9608	0.00104941
1.962	0.00105005
1.9632	0.0010507
1.9644	0.00105134
1.9656	0.00105198
1.9668	0.00105262
1.968	0.00105326
1.9692	0.00105391
1.9704	0.00105455
1.9716	0.00105519
1.9728	0.00105583
1.974	0.00105648
1.9752	0.00105712
1.9764	0.00105776
1.9776	0.0010584
1.9788	0.00105904
1.98	0.00105969
1.9812	0.00106033
1.9824	0.00106097
1.9836	0.00106161
1.9848	0.00106226
1.986	0.0010629
1.9872	0.00106354
1.9884	0.00106418
1.9896	0.00106482
1.9908	0.00106547
1.992	0.00106611
1.9932	0.00106675
1.9944	0.00106739
1.9956	0.00106804
1.9968	0.00106868
1.998	0.00106932
1.9992	0.00106996
2.0004	0.0010706
2.0016	0.00107125
2.0028	0.00107189
2.004	0.00107253
2.0052	0.00107317
2.0064	0.00107382
2.0076	0.00107446
2.0088	0.0010751
2.01	0.00107574
2.0112	0.00107638
2.0124	0.00107703
2.0136	0.00107767
2.0148	0.00107831
2.016	0.00107895
2.0172	0.0010796
2.0184	0.00108024
2.0196	0.00108088
2.0208	0.00108152
2.022	0.00108216
2.0232	0.00108281
2.0244	0.00108345
2.0256	0.00108409
2.0268	0.00108473
2.028	0.00108538
2.0292	0.00108602
2.0304	0.00108666
2.0316	0.0010873
2.0328	0.00108794
2.034	0.00108859
2.0352	0.00108923
2.0364	0.00108987
2.0376	0.00109051
2.0388	0.00109116
2.04	0.0010918
2.0412	0.00109244
2.0424	0.00109308
2.0436	0.00109372
2.0448	0.00109437
2.046	0.00109501
2.0472	0.00109565
2.0484	0.00109629
2.0496	0.00109694
2.0508	0.00109758
2.052	0.00109822
2.0532	0.00109886
2.0544	0.0010995
2.0556	0.00110015
2.0568	0.00110079
2.058	0.00110143
2.0592	0.00110207
2.0604	0.00110271
2.0616	0.00110336
2.0628	0.001104
2.064	0.00110464
2.0652	0.00110528
2.0664	0.00110593
2.0676	0.00110657
2.0688	0.00110721
2.07	0.00110785
2.0712	0.00110849
2.0724	0.00110914
2.0736	0.00110978
2.0748	0.00111042
2.076	0.00111106
2.0772	0.00111171
2.0784	0.00111235
2.0796	0.00111299
2.0808	0.00111363
2.082	0.00111427
2.0832	0.00111492
2.0844	0.00111556
2.0856	0.0011162
2.0868	0.00111684
2.088	0.00111749
2.0892	0.00111813
2.0904	0.00111877
2.0916	0.00111941
2.0928	0.00112005
2.094	0.0011207
2.0952	0.00112134
2.0964	0.00112198
2.0976	0.00112262
2.0988	0.00112327
2.1	0.00112391
2.1012	0.00112455
2.1024	0.00112519
2.1036	0.00112583
2.1048	0.00112648
2.106	0.00112712
2.1072	0.00112776
2.1084	0.0011284
2.1096	0.00112905
2.1108	0.00112969
2.112	0.00113033
2.1132	0.00113097
2.1144	0.00113161
2.1156	0.00113226
2.1168	0.0011329
2.118	0.00113354
2.1192	0.00113418
2.1204	0.00113483
2.1216	0.00113547
2.1228	0.00113611
2.124	0.00113675
2.1252	0.00113739
2.1264	0.00113804
2.1276	0.00113868
2.1288	0.00113932
2.13	0.00113996
2.1312	0.00114061
2.1324	0.00114125
2.1336	0.00114189
2.1348	0.00114253
2.136	0.00114317
2.1372	0.00114382
2.1384	0.00114446
2.1396	0.0011451
2.1408	0.00114574
2.142	0.00114639
2.1432	0.00114703
2.1444	0.00114767
2.1456	0.00114831
2.1468	0.00114895
2.148	0.0011496
2.1492	0.00115024
2.1504	0.00115088
2.1516	0.00115152
2.1528	0.00115217
2.154	0.00115281
2.1552	0.00115345
2.1564	0.00115409
2.1576	0.00115473
2.1588	0.00115538
2.16	0.00115602
2.1612	0.00115666
2.1624	0.0011573
2.1636	0.00115795
2.1648	0.00115859
2.166	0.00115923
2.1672	0.00115987
2.1684	0.00116051
2.1696	0.00116116
2.1708	0.0011618
2.172	0.00116244
2.1732	0.00116308
2.1744	0.00116373
2.1756	0.00116437
2.1768	0.00116501
2.178	0.00116565
2.1792	0.00116629
2.1804	0.00116694
2.1816	0.00116758
2.1828	0.00116822
2.184	0.00116886
2.1852	0.00116951
2.1864	0.00117015
2.1876	0.00117079
2.1888	0.00117143
2.19	0.00117207
2.1912	0.00117272
2.1924	0.00117336
2.1936	0.001174
2.1948	0.00117464
2.196	0.00117529
2.1972	0.00117593
2.1984	0.00117657
2.1996	0.00117721
2.2008	0.00117785
2.202	0.0011785
2.2032	0.00117914
2.2044	0.00117978
2.2056	0.00118042
2.2068	0.00118107
2.208	0.00118171
2.2092	0.00118235
2.2104	0.00118299
2.2116	0.00118363
2.2128	0.00118428
2.214	0.00118492
2.2152	0.00118556
2.2164	0.0011862
2.2176	0.00118685
2.2188	0.00118749
2.22	0.00118813
2.2212	0.00118877
2.2224	0.00118941
2.2236	0.00119006
2.2248	0.0011907
2.226	0.00119134
2.2272	0.00119198
2.2284	0.00119263
2.2296	0.00119327
2.2308	0.00119391
2.232	0.00119455
2.2332	0.00119519
2.2344	0.00119584
2.2356	0.00119648
2.2368	0.00119712
2.238	0.00119776
2.2392	0.0011984
2.2404	0.00119905
2.2416	0.00119969
2.2428	0.00120033
2.244	0.00120097
2.2452	0.00120162
2.2464	0.00120226
2.2476	0.0012029
2.2488	0.00120354
2.25	0.00120418
2.2512	0.00120483
2.2524	0.00120547
2.2536	0.00120611
2.2548	0.00120675
2.256	0.0012074
2.2572	0.00120804
2.2584	0.00120868
2.2596	0.00120932
2.2608	0.00120996
2.262	0.00121061
2.2632	0.00121125
2.2644	0.00121189
2.2656	0.00121253
2.2668	0.00121318
2.268	0.00121382
2.2692	0.00121446
2.2704	0.0012151
2.2716	0.00121574
2.2728	0.00121639
2.274	0.00121703
2.2752	0.00121767
2.2764	0.00121831
2.2776	0.00121896
2.2788	0.0012196
2.28	0.00122024
2.2812	0.00122088
2.2824	0.00122152
2.2836	0.00122217
2.2848	0.00122281
2.286	0.00122345
2.2872	0.00122409
2.2884	0.00122474
2.2896	0.00122538
2.2908	0.00122602
2.292	0.00122666
2.2932	0.0012273
2.2944	0.00122795
2.2956	0.00122859
2.2968	0.00122923
2.298	0.00122987
2.2992	0.00123052
2.3004	0.00123116
2.3016	0.0012318
2.3028	0.00123244
2.304	0.00123308
2.3052	0.00123373
2.3064	0.00123437
2.3076	0.00123501
2.3088	0.00123565
2.31	0.0012363
2.3112	0.00123694
2.3124	0.00123758
2.3136	0.00123822
2.3148	0.00123886
2.316	0.00123951
2.3172	0.00124015
2.3184	0.00124079
2.3196	0.00124143
2.3208	0.00124208
2.322	0.00124272
2.3232	0.00124336
2.3244	0.001244
2.3256	0.00124464
2.3268	0.00124529
2.328	0.00124593
2.3292	0.00124657
2.3304	0.00124721
2.3316	0.00124786
2.3328	0.0012485
2.334	0.00124914
2.3352	0.00124978
2.3364	0.00125042
2.3376	0.00125107
2.3388	0.00125171
2.34	0.00125235
2.3412	0.00125299
2.3424	0.00125364
2.3436	0.00125428
2.3448	0.00125492
2.346	0.00125556
2.3472	0.0012562
2.3484	0.00125685
2.3496	0.00125749
2.3508	0.00125813
2.352	0.00125877
2.3532	0.00125942
2.3544	0.00126006
2.3556	0.0012607
2.3568	0.00126134
2.358	0.00126198
2.3592	0.00126263
2.3604	0.00126327
2.3616	0.00126391
2.3628	0.00126455
2.364	0.00126519
2.3652	0.00126584
2.3664	0.00126648
2.3676	0.00126712
2.3688	0.00126776
2.37	0.00126841
2.3712	0.00126905
2.3724	0.00126969
2.3736	0.00127033
2.3748	0.00127097
2.376	0.00127162
2.3772	0.00127226
2.3784	0.0012729
2.3796	0.00127354
2.3808	0.00127419
2.382	0.00127483
2.3832	0.00127547
2.3844	0.00127611
2.3856	0.00127675
2.3868	0.0012774
2.388	0.00127804
2.3892	0.00127868
2.3904	0.00127932
2.3916	0.00127997
2.3928	0.00128061
2.394	0.00128125
2.3952	0.00128189
2.3964	0.00128253
2.3976	0.00128318
2.3988	0.00128382
2.4	0.00128446
2.4012	0.0012851
2.4024	0.00128575
2.4036	0.00128639
2.4048	0.00128703
2.406	0.00128767
2.4072	0.00128831
2.4084	0.00128896
2.4096	0.0012896
2.4108	0.00129024
2.412	0.00129088
2.4132	0.00129153
2.4144	0.00129217
2.4156	0.00129281
2.4168	0.00129345
2.418	0.00129409
2.4192	0.00129474
2.4204	0.00129538
2.4216	0.00129602
2.4228	0.00129666
2.424	0.00129731
2.4252	0.00129795
2.4264	0.00129859
2.4276	0.00129923
2.4288	0.00129987
2.43	0.00130052
2.4312	0.00130116
2.4324	0.0013018
2.4336	0.00130244
2.4348	0.00130309
2.436	0.00130373
2.4372	0.00130437
2.4384	0.00130501
2.4396	0.00130565
2.4408	0.0013063
2.442	0.00130694
2.4432	0.00130758
2.4444	0.00130822
2.4456	0.00130887
2.4468	0.00130951
2.448	0.00131015
2.4492	0.00131079
2.4504	0.00131143
2.4516	0.00131208
2.4528	0.00131272
2.454	0.00131336
2.4552	0.001314
2.4564	0.00131465
2.4576	0.00131529
2.4588	0.00131593
2.46	0.00131657
2.4612	0.00131721
2.4624	0.00131786
2.4636	0.0013185
2.4648	0.00131914
2.466	0.00131978
2.4672	0.00132043
2.4684	0.00132107
2.4696	0.00132171
2.4708	0.00132235
2.472	0.00132299
2.4732	0.00132364
2.4744	0.00132428
2.4756	0.00132492
2.4768	0.00132556
2.478	0.0013262
2.4792	0.00132685
2.4804	0.00132749
2.4816	0.00132813
2.4828	0.00132877
2.484	0.00132942
2.4852	0.00133006
2.4864	0.0013307
2.4876	0.00133134
2.4888	0.00133198
2.49	0.00133263
2.4912	0.00133327
2.4924	0.00133391
2.4936	0.00133455
2.4948	0.0013352
2.496	0.00133584
2.4972	0.00133648
2.4984	0.00133712
2.4996	0.00133776
2.5008	0.00133841
2.502	0.00133905
2.5032	0.00133969
2.5044	0.00134033
2.5056	0.00134098
2.5068	0.00134162
2.508	0.00134226
2.5092	0.0013429
2.5104	0.00134354
2.5116	0.00134419
2.5128	0.00134483
2.514	0.00134547
2.5152	0.00134611
2.5164	0.00134676
2.5176	0.0013474
2.5188	0.00134804
2.52	0.00134868
2.5212	0.00134932
2.5224	0.00134997
2.5236	0.00135061
2.5248	0.00135125
2.526	0.00135189
2.5272	0.00135254
2.5284	0.00135318
2.5296	0.00135382
2.5308	0.00135446
2.532	0.0013551
2.5332	0.00135575
2.5344	0.00135639
2.5356	0.00135703
2.5368	0.00135767
2.538	0.00135832
2.5392	0.00135896
2.5404	0.0013596
2.5416	0.00136024
2.5428	0.00136088
2.544	0.00136153
2.5452	0.00136217
2.5464	0.00136281
2.5476	0.00136345
2.5488	0.0013641
2.55	0.00136474
2.5512	0.00136538
2.5524	0.00136602
2.5536	0.00136666
2.5548	0.00136731
2.556	0.00136795
2.5572	0.00136859
2.5584	0.00136923
2.5596	0.00136988
2.5608	0.00137052
2.562	0.00137116
2.5632	0.0013718
2.5644	0.00137244
2.5656	0.00137309
2.5668	0.00137373
2.568	0.00137437
2.5692	0.00137501
2.5704	0.00137565
2.5716	0.0013763
2.5728	0.00137694
2.574	0.00137758
2.5752	0.00137822
2.5764	0.00137887
2.5776	0.00137951
2.5788	0.00138015
2.58	0.00138079
2.5812	0.00138143
2.5824	0.00138208
2.5836	0.00138272
2.5848	0.00138336
2.586	0.001384
2.5872	0.00138465
2.5884	0.00138529
2.5896	0.00138593
2.5908	0.00138657
2.592	0.00138721
2.5932	0.00138786
2.5944	0.0013885
2.5956	0.00138914
2.5968	0.00138978
2.598	0.00139043
2.5992	0.00139107
2.6004	0.00139171
2.6016	0.00139235
2.6028	0.00139299
2.604	0.00139364
2.6052	0.00139428
2.6064	0.00139492
2.6076	0.00139556
2.6088	0.00139621
2.61	0.00139685
2.6112	0.00139749
2.6124	0.00139813
2.6136	0.00139877
2.6148	0.00139942
2.616	0.00140006
2.6172	0.0014007
2.6184	0.00140134
2.6196	0.00140199
2.6208	0.00140263
2.622	0.00140327
2.6232	0.00140391
2.6244	0.00140455
2.6256	0.0014052
2.6268	0.00140584
2.628	0.00140648
2.6292	0.00140712
2.6304	0.00140777
2.6316	0.00140841
2.6328	0.00140905
2.634	0.00140969
2.6352	0.00141033
2.6364	0.00141098
2.6376	0.00141162
2.6388	0.00141226
2.64	0.0014129
2.6412	0.00141355
2.6424	0.00141419
2.6436	0.00141483
2.6448	0.00141547
2.646	0.00141611
2.6472	0.00141676
2.6484	0.0014174
2.6496	0.00141804
2.6508	0.00141868
2.652	0.00141933
2.6532	0.00141997
2.6544	0.00142061
2.6556	0.00142125
2.6568	0.00142189
2.658	0.00142254
2.6592	0.00142318
2.6604	0.00142382
2.6616	0.00142446
2.6628	0.0014251
2.664	0.00142575
2.6652	0.00142639
2.6664	0.00142703
2.6676	0.00142767
2.6688	0.00142832
2.67	0.00142896
2.6712	0.0014296
2.6724	0.00143024
2.6736	0.00143088
2.6748	0.00143153
2.676	0.00143217
2.6772	0.00143281
2.6784	0.00143345
2.6796	0.0014341
2.6808	0.00143474
2.682	0.00143538
2.6832	0.00143602
2.6844	0.00143666
2.6856	0.00143731
2.6868	0.00143795
2.688	0.00143859
2.6892	0.00143923
2.6904	0.00143988
2.6916	0.00144052
2.6928	0.00144116
2.694	0.0014418
2.6952	0.00144244
2.6964	0.00144309
2.6976	0.00144373
2.6988	0.00144437
2.7	0.00144501
2.7012	0.00144566
2.7024	0.0014463
2.7036	0.00144694
2.7048	0.00144758
2.706	0.00144822
2.7072	0.00144887
2.7084	0.00144951
2.7096	0.00145015
2.7108	0.00145079
2.712	0.00145144
2.7132	0.00145208
2.7144	0.00145272
2.7156	0.00145336
2.7168	0.001454
2.718	0.00145465
2.7192	0.00145529
2.7204	0.00145593
2.7216	0.00145657
2.7228	0.00145722
2.724	0.00145786
2.7252	0.0014585
2.7264	0.00145914
2.7276	0.00145978
2.7288	0.00146043
2.73	0.00146107
2.7312	0.00146171
2.7324	0.00146235
2.7336	0.00146299
2.7348	0.00146364
2.736	0.00146428
2.7372	0.00146492
2.7384	0.00146556
2.7396	0.00146621
2.7408	0.00146685
2.742	0.00146749
2.7432	0.00146813
2.7444	0.00146877
2.7456	0.00146942
2.7468	0.00147006
2.748	0.0014707
2.7492	0.00147134
2.7504	0.00147199
2.7516	0.00147263
2.7528	0.00147327
2.754	0.00147391
2.7552	0.00147455
2.7564	0.0014752
2.7576	0.00147584
2.7588	0.00147648
2.76	0.00147712
2.7612	0.00147777
2.7624	0.00147841
2.7636	0.00147905
2.7648	0.00147969
2.766	0.00148033
2.7672	0.00148098
2.7684	0.00148162
2.7696	0.00148226
2.7708	0.0014829
2.772	0.00148355
2.7732	0.00148419
2.7744	0.00148483
2.7756	0.00148547
2.7768	0.00148611
2.778	0.00148676
2.7792	0.0014874
2.7804	0.00148804
2.7816	0.00148868
2.7828	0.00148933
2.784	0.00148997
2.7852	0.00149061
2.7864	0.00149125
2.7876	0.00149189
2.7888	0.00149254
2.79	0.00149318
2.7912	0.00149382
2.7924	0.00149446
2.7936	0.00149511
2.7948	0.00149575
2.796	0.00149639
2.7972	0.00149703
2.7984	0.00149767
2.7996	0.00149832
2.8008	0.00149896
2.802	0.0014996
2.8032	0.00150024
2.8044	0.00150089
2.8056	0.00150153
2.8068	0.00150217
2.808	0.00150281
2.8092	0.00150345
2.8104	0.0015041
2.8116	0.00150474
2.8128	0.00150538
2.814	0.00150602
2.8152	0.00150666
2.8164	0.00150731
2.8176	0.00150795
2.8188	0.00150859
2.82	0.00150923
2.8212	0.00150988
2.8224	0.00151052
2.8236	0.00151116
2.8248	0.0015118
2.826	0.00151244
2.8272	0.00151309
2.8284	0.00151373
2.8296	0.00151437
2.8308	0.00151501
2.832	0.00151566
2.8332	0.0015163
2.8344	0.00151694
2.8356	0.00151758
2.8368	0.00151822
2.838	0.00151887
2.8392	0.00151951
2.8404	0.00152015
2.8416	0.00152079
2.8428	0.00152144
2.844	0.00152208
2.8452	0.00152272
2.8464	0.00152336
2.8476	0.001524
2.8488	0.00152465
2.85	0.00152529
2.8512	0.00152593
2.8524	0.00152657
2.8536	0.00152722
2.8548	0.00152786
2.856	0.0015285
2.8572	0.00152914
2.8584	0.00152978
2.8596	0.00153043
2.8608	0.00153107
2.862	0.00153171
2.8632	0.00153235
2.8644	0.001533
2.8656	0.00153364
2.8668	0.00153428
2.868	0.00153492
2.8692	0.00153556
2.8704	0.00153621
2.8716	0.00153685
2.8728	0.00153749
2.874	0.00153813
2.8752	0.00153877
2.8764	0.00153942
2.8776	0.00154006
2.8788	0.0015407
2.88	0.00154134
2.8812	0.00154199
2.8824	0.00154263
2.8836	0.00154327
2.8848	0.00154391
2.886	0.00154455
2.8872	0.0015452
2.8884	0.00154584
2.8896	0.00154648
2.8908	0.00154712
2.892	0.00154777
2.8932	0.00154841
2.8944	0.00154905
2.8956	0.00154969
2.8968	0.00155033
2.898	0.00155098
2.8992	0.00155162
2.9004	0.00155226
2.9016	0.0015529
2.9028	0.00155355
2.904	0.00155419
2.9052	0.00155483
2.9064	0.00155547
2.9076	0.00155611
2.9088	0.00155676
2.91	0.0015574
2.9112	0.00155804
2.9124	0.00155868
2.9136	0.00155933
2.9148	0.00155997
2.916	0.00156061
2.9172	0.00156125
2.9184	0.00156189
2.9196	0.00156254
2.9208	0.00156318
2.922	0.00156382
2.9232	0.00156446
2.9244	0.00156511
2.9256	0.00156575
2.9268	0.00156639
2.928	0.00156703
2.9292	0.00156767
2.9304	0.00156832
2.9316	0.00156896
2.9328	0.0015696
2.934	0.00157024
2.9352	0.00157089
2.9364	0.00157153
2.9376	0.00157217
2.9388	0.00157281
2.94	0.00157345
2.9412	0.0015741
2.9424	0.00157474
2.9436	0.00157538
2.9448	0.00157602
2.946	0.00157666
2.9472	0.00157731
2.9484	0.00157795
2.9496	0.00157859
2.9508	0.00157923
2.952	0.00157988
2.9532	0.00158052
2.9544	0.00158116
2.9556	0.0015818
2.9568	0.00158244
2.958	0.00158309
2.9592	0.00158373
2.9604	0.00158437
2.9616	0.00158501
2.9628	0.00158566
2.964	0.0015863
2.9652	0.00158694
2.9664	0.00158758
2.9676	0.00158822
2.9688	0.00158887
2.97	0.00158951
2.9712	0.00159015
2.9724	0.00159079
2.9736	0.00159144
2.9748	0.00159208
2.976	0.00159272
2.9772	0.00159336
2.9784	0.001594
2.9796	0.00159465
2.9808	0.00159529
2.982	0.00159593
2.9832	0.00159657
2.9844	0.00159722
2.9856	0.00159786
2.9868	0.0015985
2.988	0.00159914
2.9892	0.00159978
2.9904	0.00160043
2.9916	0.00160107
2.9928	0.00160171
2.994	0.00160235
2.9952	0.001603
2.9964	0.00160364
2.9976	0.00160428
2.9988	0.00160492
3	0.00160556
3.0012	0.00160621
3.0024	0.00160685
3.0036	0.00160749
3.0048	0.00160813
3.006	0.00160877
3.0072	0.00160942
3.0084	0.00161006
3.0096	0.0016107
3.0108	0.00161134
3.012	0.00161199
3.0132	0.00161263
3.0144	0.00161327
3.0156	0.00161391
3.0168	0.00161455
3.018	0.0016152
3.0192	0.00161584
3.0204	0.00161648
3.0216	0.00161712
3.0228	0.00161777
3.024	0.00161841
3.0252	0.00161905
3.0264	0.00161969
3.0276	0.00162033
3.0288	0.00162098
3.03	0.00162162
3.0312	0.00162226
3.0324	0.0016229
3.0336	0.00162355
3.0348	0.00162419
3.036	0.00162483
3.0372	0.00162547
3.0384	0.00162611
3.0396	0.00162676
3.0408	0.0016274
3.042	0.00162804
3.0432	0.00162868
3.0444	0.00162933
3.0456	0.00162997
3.0468	0.00163061
3.048	0.00163125
3.0492	0.00163189
3.0504	0.00163254
3.0516	0.00163318
3.0528	0.00163382
3.054	0.00163446
3.0552	0.00163511
3.0564	0.00163575
3.0576	0.00163639
3.0588	0.00163703
3.06	0.00163767
3.0612	0.00163832
3.0624	0.00163896
3.0636	0.0016396
3.0648	0.00164024
3.066	0.00164088
3.0672	0.00164153
3.0684	0.00164217
3.0696	0.00164281
3.0708	0.00164345
3.072	0.0016441
3.0732	0.00164474
3.0744	0.00164538
3.0756	0.00164602
3.0768	0.00164666
3.078	0.00164731
3.0792	0.00164795
3.0804	0.00164859
3.0816	0.00164923
3.0828	0.00164988
3.084	0.00165052
3.0852	0.00165116
3.0864	0.0016518
3.0876	0.00165244
3.0888	0.00165309
3.09	0.00165373
3.0912	0.00165437
3.0924	0.00165501
3.0936	0.00165566
3.0948	0.0016563
3.096	0.00165694
3.0972	0.00165758
3.0984	0.00165822
3.0996	0.00165887
3.1008	0.00165951
3.102	0.00166015
3.1032	0.00166079
3.1044	0.00166144
3.1056	0.00166208
3.1068	0.00166272
3.108	0.00166336
3.1092	0.001664
3.1104	0.00166465
3.1116	0.00166529
3.1128	0.00166593
3.114	0.00166657
3.1152	0.00166722
3.1164	0.00166786
3.1176	0.0016685
3.1188	0.00166914
3.12	0.00166978
3.1212	0.00167043
3.1224	0.00167107
3.1236	0.00167171
3.1248	0.00167235
3.126	0.00167299
3.1272	0.00167364
3.1284	0.00167428
3.1296	0.00167492
3.1308	0.00167556
3.132	0.00167621
3.1332	0.00167685
3.1344	0.00167749
3.1356	0.00167813
3.1368	0.00167877
3.138	0.00167942
3.1392	0.00168006
3.1404	0.0016807
3.1416	0.00168134
3.1428	0.00168199
3.144	0.00168263
3.1452	0.00168327
3.1464	0.00168391
3.1476	0.00168455
3.1488	0.0016852
3.15	0.00168584
3.1512	0.00168648
3.1524	0.00168712
3.1536	0.00168777
3.1548	0.00168841
3.156	0.00168905
3.1572	0.00168969
3.1584	0.00169033
3.1596	0.00169098
3.1608	0.00169162
3.162	0.00169226
3.1632	0.0016929
3.1644	0.00169355
3.1656	0.00169419
3.1668	0.00169483
3.168	0.00169547
3.1692	0.00169611
3.1704	0.00169676
3.1716	0.0016974
3.1728	0.00169804
3.174	0.00169868
3.1752	0.00169932
3.1764	0.00169997
3.1776	0.00170061
3.1788	0.00170125
3.18	0.00170189
3.1812	0.00170254
3.1824	0.00170318
3.1836	0.00170382
3.1848	0.00170446
3.186	0.0017051
3.1872	0.00170575
3.1884	0.00170639
3.1896	0.00170703
3.1908	0.00170767
3.192	0.00170832
3.1932	0.00170896
3.1944	0.0017096
3.1956	0.00171024
3.1968	0.00171088
3.198	0.00171153
3.1992	0.00171217
3.2004	0.00171281
3.2016	0.00171345
3.2028	0.0017141
3.204	0.00171474
3.2052	0.00171538
3.2064	0.00171602
3.2076	0.00171666
3.2088	0.00171731
3.21	0.00171795
3.2112	0.00171859
3.2124	0.00171923
3.2136	0.00171988
3.2148	0.00172052
3.216	0.00172116
3.2172	0.0017218
3.2184	0.00172244
3.2196	0.00172309
3.2208	0.00172373
3.222	0.00172437
3.2232	0.00172501
3.2244	0.00172565
3.2256	0.0017263
3.2268	0.00172694
3.228	0.00172758
3.2292	0.00172822
3.2304	0.00172887
3.2316	0.00172951
3.2328	0.00173015
3.234	0.00173079
3.2352	0.00173143
3.2364	0.00173208
3.2376	0.00173272
3.2388	0.00173336
3.24	0.001734
3.2412	0.00173465
3.2424	0.00173529
3.2436	0.00173593
3.2448	0.00173657
3.246	0.00173721
3.2472	0.00173786
3.2484	0.0017385
3.2496	0.00173914
3.2508	0.00173978
3.252	0.00174043
3.2532	0.00174107
3.2544	0.00174171
3.2556	0.00174235
3.2568	0.00174299
3.258	0.00174364
3.2592	0.00174428
3.2604	0.00174492
3.2616	0.00174556
3.2628	0.00174621
3.264	0.00174685
3.2652	0.00174749
3.2664	0.00174813
3.2676	0.00174877
3.2688	0.00174942
3.27	0.00175006
3.2712	0.0017507
3.2724	0.00175134
3.2736	0.00175199
3.2748	0.00175263
3.276	0.00175327
3.2772	0.00175391
3.2784	0.00175455
3.2796	0.0017552
3.2808	0.00175584
3.282	0.00175648
3.2832	0.00175712
3.2844	0.00175776
3.2856	0.00175841
3.2868	0.00175905
3.288	0.00175969
3.2892	0.00176033
3.2904	0.00176098
3.2916	0.00176162
3.2928	0.00176226
3.294	0.0017629
3.2952	0.00176354
3.2964	0.00176419
3.2976	0.00176483
3.2988	0.00176547
3.3	0.00176611
3.3012	0.00176676
3.3024	0.0017674
3.3036	0.00176804
3.3048	0.00176868
3.306	0.00176932
3.3072	0.00176997
3.3084	0.00177061
3.3096	0.00177125
3.3108	0.00177189
3.312	0.00177254
3.3132	0.00177318
3.3144	0.00177382
3.3156	0.00177446
3.3168	0.0017751
3.318	0.00177575
3.3192	0.00177639
3.3204	0.00177703
3.3216	0.00177767
3.3228	0.00177832
3.324	0.00177896
3.3252	0.0017796
3.3264	0.00178024
3.3276	0.00178088
3.3288	0.00178153
3.33	0.00178217
3.3312	0.00178281
3.3324	0.00178345
3.3336	0.00178409
3.3348	0.00178474
3.336	0.00178538
3.3372	0.00178602
3.3384	0.00178666
3.3396	0.00178731
3.3408	0.00178795
3.342	0.00178859
3.3432	0.00178923
3.3444	0.00178987
3.3456	0.00179052
3.3468	0.00179116
3.348	0.0017918
3.3492	0.00179244
3.3504	0.00179309
3.3516	0.00179373
3.3528	0.00179437
3.354	0.00179501
3.3552	0.00179565
3.3564	0.0017963
3.3576	0.00179694
3.3588	0.00179758
3.36	0.00179822
3.3612	0.00179887
3.3624	0.00179951
3.3636	0.00180015
3.3648	0.00180079
3.366	0.00180143
3.3672	0.00180208
3.3684	0.00180272
3.3696	0.00180336
3.3708	0.001804
3.372	0.00180464
3.3732	0.00180529
3.3744	0.00180593
3.3756	0.00180657
3.3768	0.00180721
3.378	0.00180786
3.3792	0.0018085
3.3804	0.00180914
3.3816	0.00180978
3.3828	0.00181042
3.384	0.00181107
3.3852	0.00181171
3.3864	0.00181235
3.3876	0.00181299
3.3888	0.00181364
3.39	0.00181428
3.3912	0.00181492
3.3924	0.00181556
3.3936	0.0018162
3.3948	0.00181685
3.396	0.00181749
3.3972	0.00181813
3.3984	0.00181877
3.3996	0.00181942
3.4008	0.00182006
3.402	0.0018207
3.4032	0.00182134
3.4044	0.00182198
3.4056	0.00182263
3.4068	0.00182327
3.408	0.00182391
3.4092	0.00182455
3.4104	0.0018252
3.4116	0.00182584
3.4128	0.00182648
3.414	0.00182712
3.4152	0.00182776
3.4164	0.00182841
3.4176	0.00182905
3.4188	0.00182969
3.42	0.00183033
3.4212	0.00183097
3.4224	0.00183162
3.4236	0.00183226
3.4248	0.0018329
3.426	0.00183354
3.4272	0.00183419
3.4284	0.00183483
3.4296	0.00183547
3.4308	0.00183611
3.432	0.00183675
3.4332	0.0018374
3.4344	0.00183804
3.4356	0.00183868
3.4368	0.00183932
3.438	0.00183997
3.4392	0.00184061
3.4404	0.00184125
3.4416	0.00184189
3.4428	0.00184253
3.444	0.00184318
3.4452	0.00184382
3.4464	0.00184446
3.4476	0.0018451
3.4488	0.00184575
3.45	0.00184639
3.4512	0.00184703
3.4524	0.00184767
3.4536	0.00184831
3.4548	0.00184896
3.456	0.0018496
3.4572	0.00185024
3.4584	0.00185088
3.4596	0.00185153
3.4608	0.00185217
3.462	0.00185281
3.4632	0.00185345
3.4644	0.00185409
3.4656	0.00185474
3.4668	0.00185538
3.468	0.00185602
3.4692	0.00185666
3.4704	0.0018573
3.4716	0.00185795
3.4728	0.00185859
3.474	0.00185923
3.4752	0.00185987
3.4764	0.00186052
3.4776	0.00186116
3.4788	0.0018618
3.48	0.00186244
3.4812	0.00186308
3.4824	0.00186373
3.4836	0.00186437
3.4848	0.00186501
3.486	0.00186565
3.4872	0.0018663
3.4884	0.00186694
3.4896	0.00186758
3.4908	0.00186822
3.492	0.00186886
3.4932	0.00186951
3.4944	0.00187015
3.4956	0.00187079
3.4968	0.00187143
3.498	0.00187208
3.4992	0.00187272
3.5004	0.00187336
3.5016	0.001874
3.5028	0.00187464
3.504	0.00187529
3.5052	0.00187593
3.5064	0.00187657
3.5076	0.00187721
3.5088	0.00187785
3.51	0.0018785
3.5112	0.00187914
3.5124	0.00187978
3.5136	0.00188042
3.5148	0.00188107
3.516	0.00188171
3.5172	0.00188235
3.5184	0.00188299
3.5196	0.00188363
3.5208	0.00188428
3.522	0.00188492
3.5232	0.00188556
3.5244	0.0018862
3.5256	0.00188685
3.5268	0.00188749
3.528	0.00188813
3.5292	0.00188877
3.5304	0.00188941
3.5316	0.00189006
3.5328	0.0018907
3.534	0.00189134
3.5352	0.00189198
3.5364	0.00189263
3.5376	0.00189327
3.5388	0.00189391
3.54	0.00189455
3.5412	0.00189519
3.5424	0.00189584
3.5436	0.00189648
3.5448	0.00189712
3.546	0.00189776
3.5472	0.00189841
3.5484	0.00189905
3.5496	0.00189969
3.5508	0.00190033
3.552	0.00190097
3.5532	0.00190162
3.5544	0.00190226
3.5556	0.0019029
3.5568	0.00190354
3.558	0.00190418
3.5592	0.00190483
3.5604	0.00190547
3.5616	0.00190611
3.5628	0.00190675
3.564	0.0019074
3.5652	0.00190804
3.5664	0.00190868
3.5676	0.00190932
3.5688	0.00190996
3.57	0.00191061
3.5712	0.00191125
3.5724	0.00191189
3.5736	0.00191253
3.5748	0.00191318
3.576	0.00191382
3.5772	0.00191446
3.5784	0.0019151
3.5796	0.00191574
3.5808	0.00191639
3.582	0.00191703
3.5832	0.00191767
3.5844	0.00191831
3.5856	0.00191896
3.5868	0.0019196
3.588	0.00192024
3.5892	0.00192088
3.5904	0.00192152
3.5916	0.00192217
3.5928	0.00192281
3.594	0.00192345
3.5952	0.00192409
3.5964	0.00192473
3.5976	0.00192538
3.5988	0.00192602
3.6	0.00192666
3.6012	0.0019273
3.6024	0.00192795
3.6036	0.00192859
3.6048	0.00192923
3.606	0.00192987
3.6072	0.00193051
3.6084	0.00193116
3.6096	0.0019318
3.6108	0.00193244
3.612	0.00193308
3.6132	0.00193373
3.6144	0.00193437
3.6156	0.00193501
3.6168	0.00193565
3.618	0.00193629
3.6192	0.00193694
3.6204	0.00193758
3.6216	0.00193822
3.6228	0.00193886
3.624	0.00193951
3.6252	0.00194015
3.6264	0.00194079
3.6276	0.00194143
3.6288	0.00194207
3.63	0.00194272
3.6312	0.00194336
3.6324	0.001944
3.6336	0.00194464
3.6348	0.00194528
3.636	0.00194593
3.6372	0.00194657
3.6384	0.00194721
3.6396	0.00194785
3.6408	0.0019485
3.642	0.00194914
3.6432	0.00194978
3.6444	0.00195042
3.6456	0.00195106
3.6468	0.00195171
3.648	0.00195235
3.6492	0.00195299
3.6504	0.00195363
3.6516	0.00195428
3.6528	0.00195492
3.654	0.00195556
3.6552	0.0019562
3.6564	0.00195684
3.6576	0.00195749
3.6588	0.00195813
3.66	0.00195877
3.6612	0.00195941
3.6624	0.00196006
3.6636	0.0019607
3.6648	0.00196134
3.666	0.00196198
3.6672	0.00196262
3.6684	0.00196327
3.6696	0.00196391
3.6708	0.00196455
3.672	0.00196519
3.6732	0.00196583
3.6744	0.00196648
3.6756	0.00196712
3.6768	0.00196776
3.678	0.0019684
3.6792	0.00196905
3.6804	0.00196969
3.6816	0.00197033
3.6828	0.00197097
3.684	0.00197161
3.6852	0.00197226
3.6864	0.0019729
3.6876	0.00197354
3.6888	0.00197418
3.69	0.00197483
3.6912	0.00197547
3.6924	0.00197611
3.6936	0.00197675
3.6948	0.00197739
3.696	0.00197804
3.6972	0.00197868
3.6984	0.00197932
3.6996	0.00197996
3.7008	0.00198061
3.702	0.00198125
3.7032	0.00198189
3.7044	0.00198253
3.7056	0.00198317
3.7068	0.00198382
3.708	0.00198446
3.7092	0.0019851
3.7104	0.00198574
3.7116	0.00198638
3.7128	0.00198703
3.714	0.00198767
3.7152	0.00198831
3.7164	0.00198895
3.7176	0.0019896
3.7188	0.00199024
3.72	0.00199088
3.7212	0.00199152
3.7224	0.00199216
3.7236	0.00199281
3.7248	0.00199345
3.726	0.00199409
3.7272	0.00199473
3.7284	0.00199538
3.7296	0.00199602
3.7308	0.00199666
3.732	0.0019973
3.7332	0.00199794
3.7344	0.00199859
3.7356	0.00199923
3.7368	0.00199987
3.738	0.00200051
3.7392	0.00200116
3.7404	0.0020018
3.7416	0.00200244
3.7428	0.00200308
3.744	0.00200372
3.7452	0.00200437
3.7464	0.00200501
3.7476	0.00200565
3.7488	0.00200629
3.75	0.00200693
3.7512	0.00200758
3.7524	0.00200822
3.7536	0.00200886
3.7548	0.0020095
3.756	0.00201015
3.7572	0.00201079
3.7584	0.00201143
3.7596	0.00201207
3.7608	0.00201271
3.762	0.00201336
3.7632	0.002014
3.7644	0.00201464
3.7656	0.00201528
3.7668	0.00201593
3.768	0.00201657
3.7692	0.00201721
3.7704	0.00201785
3.7716	0.00201849
3.7728	0.00201914
3.774	0.00201978
3.7752	0.00202042
3.7764	0.00202106
3.7776	0.00202171
3.7788	0.00202235
3.78	0.00202299
3.7812	0.00202363
3.7824	0.00202427
3.7836	0.00202492
3.7848	0.00202556
3.786	0.0020262
3.7872	0.00202684
3.7884	0.00202748
3.7896	0.00202813
3.7908	0.00202877
3.792	0.00202941
3.7932	0.00203005
3.7944	0.0020307
3.7956	0.00203134
3.7968	0.00203198
3.798	0.00203262
3.7992	0.00203326
3.8004	0.00203391
3.8016	0.00203455
3.8028	0.00203519
3.804	0.00203583
3.8052	0.00203648
3.8064	0.00203712
3.8076	0.00203776
3.8088	0.0020384
3.81	0.00203904
3.8112	0.00203969
3.8124	0.00204033
3.8136	0.00204097
3.8148	0.00204161
3.816	0.00204226
3.8172	0.0020429
3.8184	0.00204354
3.8196	0.00204418
3.8208	0.00204482
3.822	0.00204547
3.8232	0.00204611
3.8244	0.00204675
3.8256	0.00204739
3.8268	0.00204803
3.828	0.00204868
3.8292	0.00204932
3.8304	0.00204996
3.8316	0.0020506
3.8328	0.00205125
3.834	0.00205189
3.8352	0.00205253
3.8364	0.00205317
3.8376	0.00205381
3.8388	0.00205446
3.84	0.0020551
3.8412	0.00205574
3.8424	0.00205638
3.8436	0.00205703
3.8448	0.00205767
3.846	0.00205831
3.8472	0.00205895
3.8484	0.00205959
3.8496	0.00206024
3.8508	0.00206088
3.852	0.00206152
3.8532	0.00206216
3.8544	0.00206281
3.8556	0.00206345
3.8568	0.00206409
3.858	0.00206473
3.8592	0.00206537
3.8604	0.00206602
3.8616	0.00206666
3.8628	0.0020673
3.864	0.00206794
3.8652	0.00206858
3.8664	0.00206923
3.8676	0.00206987
3.8688	0.00207051
3.87	0.00207115
3.8712	0.0020718
3.8724	0.00207244
3.8736	0.00207308
3.8748	0.00207372
3.876	0.00207436
3.8772	0.00207501
3.8784	0.00207565
3.8796	0.00207629
3.8808	0.00207693
3.882	0.00207758
3.8832	0.00207822
3.8844	0.00207886
3.8856	0.0020795
3.8868	0.00208014
3.888	0.00208079
3.8892	0.00208143
3.8904	0.00208207
3.8916	0.00208271
3.8928	0.00208336
3.894	0.002084
3.8952	0.00208464
3.8964	0.00208528
3.8976	0.00208592
3.8988	0.00208657
3.9	0.00208721
3.9012	0.00208785
3.9024	0.00208849
3.9036	0.00208913
3.9048	0.00208978
3.906	0.00209042
3.9072	0.00209106
3.9084	0.0020917
3.9096	0.00209235
3.9108	0.00209299
3.912	0.00209363
3.9132	0.00209427
3.9144	0.00209491
3.9156	0.00209556
3.9168	0.0020962
3.918	0.00209684
3.9192	0.00209748
3.9204	0.00209813
3.9216	0.00209877
3.9228	0.00209941
3.924	0.00210005
3.9252	0.00210069
3.9264	0.00210134
3.9276	0.00210198
3.9288	0.00210262
3.93	0.00210326
3.9312	0.00210391
3.9324	0.00210455
3.9336	0.00210519
3.9348	0.00210583
3.936	0.00210647
3.9372	0.00210712
3.9384	0.00210776
3.9396	0.0021084
3.9408	0.00210904
3.942	0.00210968
3.9432	0.00211033
3.9444	0.00211097
3.9456	0.00211161
3.9468	0.00211225
3.948	0.0021129
3.9492	0.00211354
3.9504	0.00211418
3.9516	0.00211482
3.9528	0.00211546
3.954	0.00211611
3.9552	0.00211675
3.9564	0.00211739
3.9576	0.00211803
3.9588	0.00211868
3.96	0.00211932
3.9612	0.00211996
3.9624	0.0021206
3.9636	0.00212124
3.9648	0.00212189
3.966	0.00212253
3.9672	0.00212317
3.9684	0.00212381
3.9696	0.00212445
3.9708	0.0021251
3.972	0.00212574
3.9732	0.00212638
3.9744	0.00212702
3.9756	0.00212767
3.9768	0.00212831
3.978	0.00212895
3.9792	0.00212959
3.9804	0.00213023
3.9816	0.00213088
3.9828	0.00213152
3.984	0.00213216
3.9852	0.0021328
3.9864	0.00213345
3.9876	0.00213409
3.9888	0.00213473
3.99	0.00213537
3.9912	0.00213601
3.9924	0.00213666
3.9936	0.0021373
3.9948	0.00213794
3.996	0.00213858
3.9972	0.00213923
3.9984	0.00213987
3.9996	0.00214051
4.0008	0.00214115
4.002	0.00214179
4.0032	0.00214244
4.0044	0.00214308
4.0056	0.00214372
4.0068	0.00214436
4.008	0.002145
4.0092	0.00214565
4.0104	0.00214629
4.0116	0.00214693
4.0128	0.00214757
4.014	0.00214822
4.0152	0.00214886
4.0164	0.0021495
4.0176	0.00215014
4.0188	0.00215078
4.02	0.00215143
4.0212	0.00215207
4.0224	0.00215271
4.0236	0.00215335
4.0248	0.002154
4.026	0.00215464
4.0272	0.00215528
4.0284	0.00215592
4.0296	0.00215656
4.0308	0.00215721
4.032	0.00215785
4.0332	0.00215849
4.0344	0.00215913
4.0356	0.00215978
4.0368	0.00216042
4.038	0.00216106
4.0392	0.0021617
4.0404	0.00216234
4.0416	0.00216299
4.0428	0.00216363
4.044	0.00216427
4.0452	0.00216491
4.0464	0.00216555
4.0476	0.0021662
4.0488	0.00216684
4.05	0.00216748
4.0512	0.00216812
4.0524	0.00216877
4.0536	0.00216941
4.0548	0.00217005
4.056	0.00217069
4.0572	0.00217133
4.0584	0.00217198
4.0596	0.00217262
4.0608	0.00217326
4.062	0.0021739
4.0632	0.00217455
4.0644	0.00217519
4.0656	0.00217583
4.0668	0.00217647
4.068	0.00217711
4.0692	0.00217776
4.0704	0.0021784
4.0716	0.00217904
4.0728	0.00217968
4.074	0.00218032
4.0752	0.00218097
4.0764	0.00218161
4.0776	0.00218225
4.0788	0.00218289
4.08	0.00218354
4.0812	0.00218418
4.0824	0.00218482
4.0836	0.00218546
4.0848	0.0021861
4.086	0.00218675
4.0872	0.00218739
4.0884	0.00218803
4.0896	0.00218867
4.0908	0.00218932
4.092	0.00218996
4.0932	0.0021906
4.0944	0.00219124
4.0956	0.00219188
4.0968	0.00219253
4.098	0.00219317
4.0992	0.00219381
4.1004	0.00219445
4.1016	0.0021951
4.1028	0.00219574
4.104	0.00219638
4.1052	0.00219702
4.1064	0.00219766
4.1076	0.00219831
4.1088	0.00219895
4.11	0.00219959
4.1112	0.00220023
4.1124	0.00220087
4.1136	0.00220152
4.1148	0.00220216
4.116	0.0022028
4.1172	0.00220344
4.1184	0.00220409
4.1196	0.00220473
4.1208	0.00220537
4.122	0.00220601
4.1232	0.00220665
4.1244	0.0022073
4.1256	0.00220794
4.1268	0.00220858
4.128	0.00220922
4.1292	0.00220987
4.1304	0.00221051
4.1316	0.00221115
4.1328	0.00221179
4.134	0.00221243
4.1352	0.00221308
4.1364	0.00221372
4.1376	0.00221436
4.1388	0.002215
4.14	0.00221564
4.1412	0.00221629
4.1424	0.00221693
4.1436	0.00221757
4.1448	0.00221821
4.146	0.00221886
4.1472	0.0022195
4.1484	0.00222014
4.1496	0.00222078
4.1508	0.00222142
4.152	0.00222207
4.1532	0.00222271
4.1544	0.00222335
4.1556	0.00222399
4.1568	0.00222464
4.158	0.00222528
4.1592	0.00222592
4.1604	0.00222656
4.1616	0.0022272
4.1628	0.00222785
4.164	0.00222849
4.1652	0.00222913
4.1664	0.00222977
4.1676	0.00223041
4.1688	0.00223106
4.17	0.0022317
4.1712	0.00223234
4.1724	0.00223298
4.1736	0.00223363
4.1748	0.00223427
4.176	0.00223491
4.1772	0.00223555
4.1784	0.00223619
4.1796	0.00223684
4.1808	0.00223748
4.182	0.00223812
4.1832	0.00223876
4.1844	0.00223941
4.1856	0.00224005
4.1868	0.00224069
4.188	0.00224133
4.1892	0.00224197
4.1904	0.00224262
4.1916	0.00224326
4.1928	0.0022439
4.194	0.00224454
4.1952	0.00224519
4.1964	0.00224583
4.1976	0.00224647
4.1988	0.00224711
4.2	0.00224775
4.2012	0.0022484
4.2024	0.00224904
4.2036	0.00224968
4.2048	0.00225032
4.206	0.00225096
4.2072	0.00225161
4.2084	0.00225225
4.2096	0.00225289
4.2108	0.00225353
4.212	0.00225418
4.2132	0.00225482
4.2144	0.00225546
4.2156	0.0022561
4.2168	0.00225674
4.218	0.00225739
4.2192	0.00225803
4.2204	0.00225867
4.2216	0.00225931
4.2228	0.00225996
4.224	0.0022606
4.2252	0.00226124
4.2264	0.00226188
4.2276	0.00226252
4.2288	0.00226317
4.23	0.00226381
4.2312	0.00226445
4.2324	0.00226509
4.2336	0.00226573
4.2348	0.00226638
4.236	0.00226702
4.2372	0.00226766
4.2384	0.0022683
4.2396	0.00226895
4.2408	0.00226959
4.242	0.00227023
4.2432	0.00227087
4.2444	0.00227151
4.2456	0.00227216
4.2468	0.0022728
4.248	0.00227344
4.2492	0.00227408
4.2504	0.00227473
4.2516	0.00227537
4.2528	0.00227601
4.254	0.00227665
4.2552	0.00227729
4.2564	0.00227794
4.2576	0.00227858
4.2588	0.00227922
4.26	0.00227986
4.2612	0.0022805
4.2624	0.00228115
4.2636	0.00228179
4.2648	0.00228243
4.266	0.00228307
4.2672	0.00228372
4.2684	0.00228436
4.2696	0.002285
4.2708	0.00228564
4.272	0.00228628
4.2732	0.00228693
4.2744	0.00228757
4.2756	0.00228821
4.2768	0.00228885
4.278	0.0022895
4.2792	0.00229014
4.2804	0.00229078
4.2816	0.00229142
4.2828	0.00229206
4.284	0.00229271
4.2852	0.00229335
4.2864	0.00229399
4.2876	0.00229463
4.2888	0.00229528
4.29	0.00229592
4.2912	0.00229656
4.2924	0.0022972
4.2936	0.00229784
4.2948	0.00229849
4.296	0.00229913
4.2972	0.00229977
4.2984	0.00230041
4.2996	0.00230105
4.3008	0.0023017
4.302	0.00230234
4.3032	0.00230298
4.3044	0.00230362
4.3056	0.00230427
4.3068	0.00230491
4.308	0.00230555
4.3092	0.00230619
4.3104	0.00230683
4.3116	0.00230748
4.3128	0.00230812
4.314	0.00230876
4.3152	0.0023094
4.3164	0.00231005
4.3176	0.00231069
4.3188	0.00231133
4.32	0.00231197
4.3212	0.00231261
4.3224	0.00231326
4.3236	0.0023139
4.3248	0.00231454
4.326	0.00231518
4.3272	0.00231582
4.3284	0.00231647
4.3296	0.00231711
4.3308	0.00231775
4.332	0.00231839
4.3332	0.00231904
4.3344	0.00231968
4.3356	0.00232032
4.3368	0.00232096
4.338	0.0023216
4.3392	0.00232225
4.3404	0.00232289
4.3416	0.00232353
4.3428	0.00232417
4.344	0.00232482
4.3452	0.00232546
4.3464	0.0023261
4.3476	0.00232674
4.3488	0.00232738
4.35	0.00232803
4.3512	0.00232867
4.3524	0.00232931
4.3536	0.00232995
4.3548	0.00233059
4.356	0.00233124
4.3572	0.00233188
4.3584	0.00233252
4.3596	0.00233316
4.3608	0.00233381
4.362	0.00233445
4.3632	0.00233509
4.3644	0.00233573
4.3656	0.00233637
4.3668	0.00233702
4.368	0.00233766
4.3692	0.0023383
4.3704	0.00233894
4.3716	0.00233959
4.3728	0.00234023
4.374	0.00234087
4.3752	0.00234151
4.3764	0.00234215
4.3776	0.0023428
4.3788	0.00234344
4.38	0.00234408
4.3812	0.00234472
4.3824	0.00234536
4.3836	0.00234601
4.3848	0.00234665
4.386	0.00234729
4.3872	0.00234793
4.3884	0.00234858
4.3896	0.00234922
4.3908	0.00234986
4.392	0.0023505
4.3932	0.00235114
4.3944	0.00235179
4.3956	0.00235243
4.3968	0.00235307
4.398	0.00235371
4.3992	0.00235436
4.4004	0.002355
4.4016	0.00235564
4.4028	0.00235628
4.404	0.00235692
4.4052	0.00235757
4.4064	0.00235821
4.4076	0.00235885
4.4088	0.00235949
4.41	0.00236013
4.4112	0.00236078
4.4124	0.00236142
4.4136	0.00236206
4.4148	0.0023627
4.416	0.00236335
4.4172	0.00236399
4.4184	0.00236463
4.4196	0.00236527
4.4208	0.00236591
4.422	0.00236656
4.4232	0.0023672
4.4244	0.00236784
4.4256	0.00236848
4.4268	0.00236913
4.428	0.00236977
4.4292	0.00237041
4.4304	0.00237105
4.4316	0.00237169
4.4328	0.00237234
4.434	0.00237298
4.4352	0.00237362
4.4364	0.00237426
4.4376	0.00237491
4.4388	0.00237555
4.44	0.00237619
4.4412	0.00237683
4.4424	0.00237747
4.4436	0.00237812
4.4448	0.00237876
4.446	0.0023794
4.4472	0.00238004
4.4484	0.00238068
4.4496	0.00238133
4.4508	0.00238197
4.452	0.00238261
4.4532	0.00238325
4.4544	0.0023839
4.4556	0.00238454
4.4568	0.00238518
4.458	0.00238582
4.4592	0.00238646
4.4604	0.00238711
4.4616	0.00238775
4.4628	0.00238839
4.464	0.00238903
4.4652	0.00238968
4.4664	0.00239032
4.4676	0.00239096
4.4688	0.0023916
4.47	0.00239224
4.4712	0.00239289
4.4724	0.00239353
4.4736	0.00239417
4.4748	0.00239481
4.476	0.00239545
4.4772	0.0023961
4.4784	0.00239674
4.4796	0.00239738
4.4808	0.00239802
4.482	0.00239867
4.4832	0.00239931
4.4844	0.00239995
4.4856	0.00240059
4.4868	0.00240123
4.488	0.00240188
4.4892	0.00240252
4.4904	0.00240316
4.4916	0.0024038
4.4928	0.00240445
4.494	0.00240509
4.4952	0.00240573
4.4964	0.00240637
4.4976	0.00240701
4.4988	0.00240766
4.5	0.0024083
4.5012	0.00240894
4.5024	0.00240958
4.5036	0.00241022
4.5048	0.00241087
4.506	0.00241151
4.5072	0.00241215
4.5084	0.00241279
4.5096	0.00241344
4.5108	0.00241408
4.512	0.00241472
4.5132	0.00241536
4.5144	0.002416
4.5156	0.00241665
4.5168	0.00241729
4.518	0.00241793
4.5192	0.00241857
4.5204	0.00241922
4.5216	0.00241986
4.5228	0.0024205
4.524	0.00242114
4.5252	0.00242178
4.5264	0.00242243
4.5276	0.00242307
4.5288	0.00242371
4.53	0.00242435
4.5312	0.00242499
4.5324	0.00242564
4.5336	0.00242628
4.5348	0.00242692
4.536	0.00242756
4.5372	0.00242821
4.5384	0.00242885
4.5396	0.00242949
4.5408	0.00243013
4.542	0.00243077
4.5432	0.00243142
4.5444	0.00243206
4.5456	0.0024327
4.5468	0.00243334
4.548	0.00243399
4.5492	0.00243463
4.5504	0.00243527
4.5516	0.00243591
4.5528	0.00243655
4.554	0.0024372
4.5552	0.00243784
4.5564	0.00243848
4.5576	0.00243912
4.5588	0.00243976
4.56	0.00244041
4.5612	0.00244105
4.5624	0.00244169
4.5636	0.00244233
4.5648	0.00244298
4.566	0.00244362
4.5672	0.00244426
4.5684	0.0024449
4.5696	0.00244554
4.5708	0.00244619
4.572	0.00244683
4.5732	0.00244747
4.5744	0.00244811
4.5756	0.00244876
4.5768	0.0024494
4.578	0.00245004
4.5792	0.00245068
4.5804	0.00245132
4.5816	0.00245197
4.5828	0.00245261
4.584	0.00245325
4.5852	0.00245389
4.5864	0.00245453
4.5876	0.00245518
4.5888	0.00245582
4.59	0.00245646
4.5912	0.0024571
4.5924	0.00245775
4.5936	0.00245839
4.5948	0.00245903
4.596	0.00245967
4.5972	0.00246031
4.5984	0.00246096
4.5996	0.0024616
4.6008	0.00246224
4.602	0.00246288
4.6032	0.00246353
4.6044	0.00246417
4.6056	0.00246481
4.6068	0.00246545
4.608	0.00246609
4.6092	0.00246674
4.6104	0.00246738
4.6116	0.00246802
4.6128	0.00246866
4.614	0.0024693
4.6152	0.00246995
4.6164	0.00247059
4.6176	0.00247123
4.6188	0.00247187
4.62	0.00247252
4.6212	0.00247316
4.6224	0.0024738
4.6236	0.00247444
4.6248	0.00247508
4.626	0.00247573
4.6272	0.00247637
4.6284	0.00247701
4.6296	0.00247765
4.6308	0.0024783
4.632	0.00247894
4.6332	0.00247958
4.6344	0.00248022
4.6356	0.00248086
4.6368	0.00248151
4.638	0.00248215
4.6392	0.00248279
4.6404	0.00248343
4.6416	0.00248407
4.6428	0.00248472
4.644	0.00248536
4.6452	0.002486
4.6464	0.00248664
4.6476	0.00248729
4.6488	0.00248793
4.65	0.00248857
4.6512	0.00248921
4.6524	0.00248985
4.6536	0.0024905
4.6548	0.00249114
4.656	0.00249178
4.6572	0.00249242
4.6584	0.00249306
4.6596	0.00249371
4.6608	0.00249435
4.662	0.00249499
4.6632	0.00249563
4.6644	0.00249628
4.6656	0.00249692
4.6668	0.00249756
4.668	0.0024982
4.6692	0.00249884
4.6704	0.00249949
4.6716	0.00250013
4.6728	0.00250077
4.674	0.00250141
4.6752	0.00250206
4.6764	0.0025027
4.6776	0.00250334
4.6788	0.00250398
4.68	0.00250462
4.6812	0.00250527
4.6824	0.00250591
4.6836	0.00250655
4.6848	0.00250719
4.686	0.00250783
4.6872	0.00250848
4.6884	0.00250912
4.6896	0.00250976
4.6908	0.0025104
4.692	0.00251105
4.6932	0.00251169
4.6944	0.00251233
4.6956	0.00251297
4.6968	0.00251361
4.698	0.00251426
4.6992	0.0025149
4.7004	0.00251554
4.7016	0.00251618
4.7028	0.00251683
4.704	0.00251747
4.7052	0.00251811
4.7064	0.00251875
4.7076	0.00251939
4.7088	0.00252004
4.71	0.00252068
4.7112	0.00252132
4.7124	0.00252196
4.7136	0.0025226
4.7148	0.00252325
4.716	0.00252389
4.7172	0.00252453
4.7184	0.00252517
4.7196	0.00252582
4.7208	0.00252646
4.722	0.0025271
4.7232	0.00252774
4.7244	0.00252838
4.7256	0.00252903
4.7268	0.00252967
4.728	0.00253031
4.7292	0.00253095
4.7304	0.0025316
4.7316	0.00253224
4.7328	0.00253288
4.734	0.00253352
4.7352	0.00253416
4.7364	0.00253481
4.7376	0.00253545
4.7388	0.00253609
4.74	0.00253673
4.7412	0.00253737
4.7424	0.00253802
4.7436	0.00253866
4.7448	0.0025393
4.746	0.00253994
4.7472	0.00254059
4.7484	0.00254123
4.7496	0.00254187
4.7508	0.00254251
4.752	0.00254315
4.7532	0.0025438
4.7544	0.00254444
4.7556	0.00254508
4.7568	0.00254572
4.758	0.00254637
4.7592	0.00254701
4.7604	0.00254765
4.7616	0.00254829
4.7628	0.00254893
4.764	0.00254958
4.7652	0.00255022
4.7664	0.00255086
4.7676	0.0025515
4.7688	0.00255214
4.77	0.00255279
4.7712	0.00255343
4.7724	0.00255407
4.7736	0.00255471
4.7748	0.00255536
4.776	0.002556
4.7772	0.00255664
4.7784	0.00255728
4.7796	0.00255792
4.7808	0.00255857
4.782	0.00255921
4.7832	0.00255985
4.7844	0.00256049
4.7856	0.00256114
4.7868	0.00256178
4.788	0.00256242
4.7892	0.00256306
4.7904	0.0025637
4.7916	0.00256435
4.7928	0.00256499
4.794	0.00256563
4.7952	0.00256627
4.7964	0.00256691
4.7976	0.00256756
4.7988	0.0025682
4.8	0.00256884
4.8012	0.00256948
4.8024	0.00257013
4.8036	0.00257077
4.8048	0.00257141
4.806	0.00257205
4.8072	0.00257269
4.8084	0.00257334
4.8096	0.00257398
4.8108	0.00257462
4.812	0.00257526
4.8132	0.00257591
4.8144	0.00257655
4.8156	0.00257719
4.8168	0.00257783
4.818	0.00257847
4.8192	0.00257912
4.8204	0.00257976
4.8216	0.0025804
4.8228	0.00258104
4.824	0.00258168
4.8252	0.00258233
4.8264	0.00258297
4.8276	0.00258361
4.8288	0.00258425
4.83	0.0025849
4.8312	0.00258554
4.8324	0.00258618
4.8336	0.00258682
4.8348	0.00258746
4.836	0.00258811
4.8372	0.00258875
4.8384	0.00258939
4.8396	0.00259003
4.8408	0.00259067
4.842	0.00259132
4.8432	0.00259196
4.8444	0.0025926
4.8456	0.00259324
4.8468	0.00259389
4.848	0.00259453
4.8492	0.00259517
4.8504	0.00259581
4.8516	0.00259645
4.8528	0.0025971
4.854	0.00259774
4.8552	0.00259838
4.8564	0.00259902
4.8576	0.00259967
4.8588	0.00260031
4.86	0.00260095
4.8612	0.00260159
4.8624	0.00260223
4.8636	0.00260288
4.8648	0.00260352
4.866	0.00260416
4.8672	0.0026048
4.8684	0.00260544
4.8696	0.00260609
4.8708	0.00260673
4.872	0.00260737
4.8732	0.00260801
4.8744	0.00260866
4.8756	0.0026093
4.8768	0.00260994
4.878	0.00261058
4.8792	0.00261122
4.8804	0.00261187
4.8816	0.00261251
4.8828	0.00261315
4.884	0.00261379
4.8852	0.00261444
4.8864	0.00261508
4.8876	0.00261572
4.8888	0.00261636
4.89	0.002617
4.8912	0.00261765
4.8924	0.00261829
4.8936	0.00261893
4.8948	0.00261957
4.896	0.00262021
4.8972	0.00262086
4.8984	0.0026215
4.8996	0.00262214
4.9008	0.00262278
4.902	0.00262343
4.9032	0.00262407
4.9044	0.00262471
4.9056	0.00262535
4.9068	0.00262599
4.908	0.00262664
4.9092	0.00262728
4.9104	0.00262792
4.9116	0.00262856
4.9128	0.0026292
4.914	0.00262985
4.9152	0.00263049
4.9164	0.00263113
4.9176	0.00263177
4.9188	0.00263242
4.92	0.00263306
4.9212	0.0026337
4.9224	0.00263434
4.9236	0.00263498
4.9248	0.00263563
4.926	0.00263627
4.9272	0.00263691
4.9284	0.00263755
4.9296	0.0026382
4.9308	0.00263884
4.932	0.00263948
4.9332	0.00264012
4.9344	0.00264076
4.9356	0.00264141
4.9368	0.00264205
4.938	0.00264269
4.9392	0.00264333
4.9404	0.00264397
4.9416	0.00264462
4.9428	0.00264526
4.944	0.0026459
4.9452	0.00264654
4.9464	0.00264719
4.9476	0.00264783
4.9488	0.00264847
4.95	0.00264911
4.9512	0.00264975
4.9524	0.0026504
4.9536	0.00265104
4.9548	0.00265168
4.956	0.00265232
4.9572	0.00265297
4.9584	0.00265361
4.9596	0.00265425
4.9608	0.00265489
4.962	0.00265553
4.9632	0.00265618
4.9644	0.00265682
4.9656	0.00265746
4.9668	0.0026581
4.968	0.00265874
4.9692	0.00265939
4.9704	0.00266003
4.9716	0.00266067
4.9728	0.00266131
4.974	0.00266196
4.9752	0.0026626
4.9764	0.00266324
4.9776	0.00266388
4.9788	0.00266452
4.98	0.00266517
4.9812	0.00266581
4.9824	0.00266645
4.9836	0.00266709
4.9848	0.00266774
4.986	0.00266838
4.9872	0.00266902
4.9884	0.00266966
4.9896	0.0026703
4.9908	0.00267095
4.992	0.00267159
4.9932	0.00267223
4.9944	0.00267287
4.9956	0.00267351
4.9968	0.00267416
4.998	0.0026748
4.9992	0.00267544
5.0004	0.00267608
5.0016	0.00267673
5.0028	0.00267737
5.004	0.00267801
5.0052	0.00267865
5.0064	0.00267929
5.0076	0.00267994
5.0088	0.00268058
5.01	0.00268122
5.0112	0.00268186
5.0124	0.0026825
5.0136	0.00268315
5.0148	0.00268379
5.016	0.00268443
5.0172	0.00268507
5.0184	0.00268572
5.0196	0.00268636
5.0208	0.002687
5.022	0.00268764
5.0232	0.00268828
5.0244	0.00268893
5.0256	0.00268957
5.0268	0.00269021
5.028	0.00269085
5.0292	0.0026915
5.0304	0.00269214
5.0316	0.00269278
5.0328	0.00269342
5.034	0.00269406
5.0352	0.00269471
5.0364	0.00269535
5.0376	0.00269599
5.0388	0.00269663
5.04	0.00269727
5.0412	0.00269792
5.0424	0.00269856
5.0436	0.0026992
5.0448	0.00269984
5.046	0.00270049
5.0472	0.00270113
5.0484	0.00270177
5.0496	0.00270241
5.0508	0.00270305
5.052	0.0027037
5.0532	0.00270434
5.0544	0.00270498
5.0556	0.00270562
5.0568	0.00270626
5.058	0.00270691
5.0592	0.00270755
5.0604	0.00270819
5.0616	0.00270883
5.0628	0.00270948
5.064	0.00271012
5.0652	0.00271076
5.0664	0.0027114
5.0676	0.00271204
5.0688	0.00271269
5.07	0.00271333
5.0712	0.00271397
5.0724	0.00271461
5.0736	0.00271526
5.0748	0.0027159
5.076	0.00271654
5.0772	0.00271718
5.0784	0.00271782
5.0796	0.00271847
5.0808	0.00271911
5.082	0.00271975
5.0832	0.00272039
5.0844	0.00272103
5.0856	0.00272168
5.0868	0.00272232
5.088	0.00272296
5.0892	0.0027236
5.0904	0.00272425
5.0916	0.00272489
5.0928	0.00272553
5.094	0.00272617
5.0952	0.00272681
5.0964	0.00272746
5.0976	0.0027281
5.0988	0.00272874
5.1	0.00272938
5.1012	0.00273003
5.1024	0.00273067
5.1036	0.00273131
5.1048	0.00273195
5.106	0.00273259
5.1072	0.00273324
5.1084	0.00273388
5.1096	0.00273452
5.1108	0.00273516
5.112	0.0027358
5.1132	0.00273645
5.1144	0.00273709
5.1156	0.00273773
5.1168	0.00273837
5.118	0.00273902
5.1192	0.00273966
5.1204	0.0027403
5.1216	0.00274094
5.1228	0.00274158
5.124	0.00274223
5.1252	0.00274287
5.1264	0.00274351
5.1276	0.00274415
5.1288	0.00274479
5.13	0.00274544
5.1312	0.00274608
5.1324	0.00274672
5.1336	0.00274736
5.1348	0.00274801
5.136	0.00274865
5.1372	0.00274929
5.1384	0.00274993
5.1396	0.00275057
5.1408	0.00275122
5.142	0.00275186
5.1432	0.0027525
5.1444	0.00275314
5.1456	0.00275379
5.1468	0.00275443
5.148	0.00275507
5.1492	0.00275571
5.1504	0.00275635
5.1516	0.002757
5.1528	0.00275764
5.154	0.00275828
5.1552	0.00275892
5.1564	0.00275956
5.1576	0.00276021
5.1588	0.00276085
5.16	0.00276149
5.1612	0.00276213
5.1624	0.00276278
5.1636	0.00276342
5.1648	0.00276406
5.166	0.0027647
5.1672	0.00276534
5.1684	0.00276599
5.1696	0.00276663
5.1708	0.00276727
5.172	0.00276791
5.1732	0.00276855
5.1744	0.0027692
5.1756	0.00276984
5.1768	0.00277048
5.178	0.00277112
5.1792	0.00277177
5.1804	0.00277241
5.1816	0.00277305
5.1828	0.00277369
5.184	0.00277433
5.1852	0.00277498
5.1864	0.00277562
5.1876	0.00277626
5.1888	0.0027769
5.19	0.00277755
5.1912	0.00277819
5.1924	0.00277883
5.1936	0.00277947
5.1948	0.00278011
5.196	0.00278076
5.1972	0.0027814
5.1984	0.00278204
5.1996	0.00278268
5.2008	0.00278332
5.202	0.00278397
5.2032	0.00278461
5.2044	0.00278525
5.2056	0.00278589
5.2068	0.00278654
5.208	0.00278718
5.2092	0.00278782
5.2104	0.00278846
5.2116	0.0027891
5.2128	0.00278975
5.214	0.00279039
5.2152	0.00279103
5.2164	0.00279167
5.2176	0.00279231
5.2188	0.00279296
5.22	0.0027936
5.2212	0.00279424
5.2224	0.00279488
5.2236	0.00279553
5.2248	0.00279617
5.226	0.00279681
5.2272	0.00279745
5.2284	0.00279809
5.2296	0.00279874
5.2308	0.00279938
5.232	0.00280002
5.2332	0.00280066
5.2344	0.00280131
5.2356	0.00280195
5.2368	0.00280259
5.238	0.00280323
5.2392	0.00280387
5.2404	0.00280452
5.2416	0.00280516
5.2428	0.0028058
5.244	0.00280644
5.2452	0.00280708
5.2464	0.00280773
5.2476	0.00280837
5.2488	0.00280901
5.25	0.00280965
5.2512	0.0028103
5.2524	0.00281094
5.2536	0.00281158
5.2548	0.00281222
5.256	0.00281286
5.2572	0.00281351
5.2584	0.00281415
5.2596	0.00281479
5.2608	0.00281543
5.262	0.00281607
5.2632	0.00281672
5.2644	0.00281736
5.2656	0.002818
5.2668	0.00281864
5.268	0.00281929
5.2692	0.00281993
5.2704	0.00282057
5.2716	0.00282121
5.2728	0.00282185
5.274	0.0028225
5.2752	0.00282314
5.2764	0.00282378
5.2776	0.00282442
5.2788	0.00282507
5.28	0.00282571
5.2812	0.00282635
5.2824	0.00282699
5.2836	0.00282763
5.2848	0.00282828
5.286	0.00282892
5.2872	0.00282956
5.2884	0.0028302
5.2896	0.00283084
5.2908	0.00283149
5.292	0.00283213
5.2932	0.00283277
5.2944	0.00283341
5.2956	0.00283406
5.2968	0.0028347
5.298	0.00283534
5.2992	0.00283598
5.3004	0.00283662
5.3016	0.00283727
5.3028	0.00283791
5.304	0.00283855
5.3052	0.00283919
5.3064	0.00283983
5.3076	0.00284048
5.3088	0.00284112
5.31	0.00284176
5.3112	0.0028424
5.3124	0.00284305
5.3136	0.00284369
5.3148	0.00284433
5.316	0.00284497
5.3172	0.00284561
5.3184	0.00284626
5.3196	0.0028469
5.3208	0.00284754
5.322	0.00284818
5.3232	0.00284883
5.3244	0.00284947
5.3256	0.00285011
5.3268	0.00285075
5.328	0.00285139
5.3292	0.00285204
5.3304	0.00285268
5.3316	0.00285332
5.3328	0.00285396
5.334	0.0028546
5.3352	0.00285525
5.3364	0.00285589
5.3376	0.00285653
5.3388	0.00285717
5.34	0.00285782
5.3412	0.00285846
5.3424	0.0028591
5.3436	0.00285974
5.3448	0.00286038
5.346	0.00286103
5.3472	0.00286167
5.3484	0.00286231
5.3496	0.00286295
5.3508	0.00286359
5.352	0.00286424
5.3532	0.00286488
5.3544	0.00286552
5.3556	0.00286616
5.3568	0.00286681
5.358	0.00286745
5.3592	0.00286809
5.3604	0.00286873
5.3616	0.00286937
5.3628	0.00287002
5.364	0.00287066
5.3652	0.0028713
5.3664	0.00287194
5.3676	0.00287259
5.3688	0.00287323
5.37	0.00287387
5.3712	0.00287451
5.3724	0.00287515
5.3736	0.0028758
5.3748	0.00287644
5.376	0.00287708
5.3772	0.00287772
5.3784	0.00287836
5.3796	0.00287901
5.3808	0.00287965
5.382	0.00288029
5.3832	0.00288093
5.3844	0.00288158
5.3856	0.00288222
5.3868	0.00288286
5.388	0.0028835
5.3892	0.00288414
5.3904	0.00288479
5.3916	0.00288543
5.3928	0.00288607
5.394	0.00288671
5.3952	0.00288735
5.3964	0.002888
5.3976	0.00288864
5.3988	0.00288928
5.4	0.00288992
5.4012	0.00289057
5.4024	0.00289121
5.4036	0.00289185
5.4048	0.00289249
5.406	0.00289313
5.4072	0.00289378
5.4084	0.00289442
5.4096	0.00289506
5.4108	0.0028957
5.412	0.00289634
5.4132	0.00289699
5.4144	0.00289763
5.4156	0.00289827
5.4168	0.00289891
5.418	0.00289956
5.4192	0.0029002
5.4204	0.00290084
5.4216	0.00290148
5.4228	0.00290212
5.424	0.00290277
5.4252	0.00290341
5.4264	0.00290405
5.4276	0.00290469
5.4288	0.00290534
5.43	0.00290598
5.4312	0.00290662
5.4324	0.00290726
5.4336	0.0029079
5.4348	0.00290855
5.436	0.00290919
5.4372	0.00290983
5.4384	0.00291047
5.4396	0.00291111
5.4408	0.00291176
5.442	0.0029124
5.4432	0.00291304
5.4444	0.00291368
5.4456	0.00291433
5.4468	0.00291497
5.448	0.00291561
5.4492	0.00291625
5.4504	0.00291689
5.4516	0.00291754
5.4528	0.00291818
5.454	0.00291882
5.4552	0.00291946
5.4564	0.0029201
5.4576	0.00292075
5.4588	0.00292139
5.46	0.00292203
5.4612	0.00292267
5.4624	0.00292332
5.4636	0.00292396
5.4648	0.0029246
5.466	0.00292524
5.4672	0.00292588
5.4684	0.00292653
5.4696	0.00292717
5.4708	0.00292781
5.472	0.00292845
5.4732	0.0029291
5.4744	0.00292974
5.4756	0.00293038
5.4768	0.00293102
5.478	0.00293166
5.4792	0.00293231
5.4804	0.00293295
5.4816	0.00293359
5.4828	0.00293423
5.484	0.00293487
5.4852	0.00293552
5.4864	0.00293616
5.4876	0.0029368
5.4888	0.00293744
5.49	0.00293809
5.4912	0.00293873
5.4924	0.00293937
5.4936	0.00294001
5.4948	0.00294065
5.496	0.0029413
5.4972	0.00294194
5.4984	0.00294258
5.4996	0.00294322
5.5008	0.00294386
5.502	0.00294451
5.5032	0.00294515
5.5044	0.00294579
5.5056	0.00294643
5.5068	0.00294708
5.508	0.00294772
5.5092	0.00294836
5.5104	0.002949
5.5116	0.00294964
5.5128	0.00295029
5.514	0.00295093
5.5152	0.00295157
5.5164	0.00295221
5.5176	0.00295285
5.5188	0.0029535
5.52	0.00295414
5.5212	0.00295478
5.5224	0.00295542
5.5236	0.00295607
5.5248	0.00295671
5.526	0.00295735
5.5272	0.00295799
5.5284	0.00295863
5.5296	0.00295928
5.5308	0.00295992
5.532	0.00296056
5.5332	0.0029612
5.5344	0.00296185
5.5356	0.00296249
5.5368	0.00296313
5.538	0.00296377
5.5392	0.00296441
5.5404	0.00296506
5.5416	0.0029657
5.5428	0.00296634
5.544	0.00296698
5.5452	0.00296762
5.5464	0.00296827
5.5476	0.00296891
5.5488	0.00296955
5.55	0.00297019
5.5512	0.00297084
5.5524	0.00297148
5.5536	0.00297212
5.5548	0.00297276
5.556	0.0029734
5.5572	0.00297405
5.5584	0.00297469
5.5596	0.00297533
5.5608	0.00297597
5.562	0.00297661
5.5632	0.00297726
5.5644	0.0029779
5.5656	0.00297854
5.5668	0.00297918
5.568	0.00297983
5.5692	0.00298047
5.5704	0.00298111
5.5716	0.00298175
5.5728	0.00298239
5.574	0.00298304
5.5752	0.00298368
5.5764	0.00298432
5.5776	0.00298496
5.5788	0.0029856
5.58	0.00298625
5.5812	0.00298689
5.5824	0.00298753
5.5836	0.00298817
5.5848	0.00298882
5.586	0.00298946
5.5872	0.0029901
5.5884	0.00299074
5.5896	0.00299138
5.5908	0.00299203
5.592	0.00299267
5.5932	0.00299331
5.5944	0.00299395
5.5956	0.0029946
5.5968	0.00299524
5.598	0.00299588
5.5992	0.00299652
5.6004	0.00299716
5.6016	0.00299781
5.6028	0.00299845
5.604	0.00299909
5.6052	0.00299973
5.6064	0.00300037
5.6076	0.00300102
5.6088	0.00300166
5.61	0.0030023
5.6112	0.00300294
5.6124	0.00300359
5.6136	0.00300423
5.6148	0.00300487
5.616	0.00300551
5.6172	0.00300615
5.6184	0.0030068
5.6196	0.00300744
5.6208	0.00300808
5.622	0.00300872
5.6232	0.00300936
5.6244	0.00301001
5.6256	0.00301065
5.6268	0.00301129
5.628	0.00301193
5.6292	0.00301258
5.6304	0.00301322
5.6316	0.00301386
5.6328	0.0030145
5.634	0.00301514
5.6352	0.00301579
5.6364	0.00301643
5.6376	0.00301707
5.6388	0.00301771
5.64	0.00301835
5.6412	0.003019
5.6424	0.00301964
5.6436	0.00302028
5.6448	0.00302092
5.646	0.00302157
5.6472	0.00302221
5.6484	0.00302285
5.6496	0.00302349
5.6508	0.00302413
5.652	0.00302478
5.6532	0.00302542
5.6544	0.00302606
5.6556	0.0030267
5.6568	0.00302734
5.658	0.00302799
5.6592	0.00302863
5.6604	0.00302927
5.6616	0.00302991
5.6628	0.00303056
5.664	0.0030312
5.6652	0.00303184
5.6664	0.00303248
5.6676	0.00303312
5.6688	0.00303377
5.67	0.00303441
5.6712	0.00303505
5.6724	0.00303569
5.6736	0.00303634
5.6748	0.00303698
5.676	0.00303762
5.6772	0.00303826
5.6784	0.0030389
5.6796	0.00303955
5.6808	0.00304019
5.682	0.00304083
5.6832	0.00304147
5.6844	0.00304211
5.6856	0.00304276
5.6868	0.0030434
5.688	0.00304404
5.6892	0.00304468
5.6904	0.00304533
5.6916	0.00304597
5.6928	0.00304661
5.694	0.00304725
5.6952	0.00304789
5.6964	0.00304854
5.6976	0.00304918
5.6988	0.00304982
5.7	0.00305046
5.7012	0.0030511
5.7024	0.00305175
5.7036	0.00305239
5.7048	0.00305303
5.706	0.00305367
5.7072	0.00305432
5.7084	0.00305496
5.7096	0.0030556
5.7108	0.00305624
5.712	0.00305688
5.7132	0.00305753
5.7144	0.00305817
5.7156	0.00305881
5.7168	0.00305945
5.718	0.00306009
5.7192	0.00306074
5.7204	0.00306138
5.7216	0.00306202
5.7228	0.00306266
5.724	0.00306331
5.7252	0.00306395
5.7264	0.00306459
5.7276	0.00306523
5.7288	0.00306587
5.73	0.00306652
5.7312	0.00306716
5.7324	0.0030678
5.7336	0.00306844
5.7348	0.00306909
5.736	0.00306973
5.7372	0.00307037
5.7384	0.00307101
5.7396	0.00307165
5.7408	0.0030723
5.742	0.00307294
5.7432	0.00307358
5.7444	0.00307422
5.7456	0.00307486
5.7468	0.00307551
5.748	0.00307615
5.7492	0.00307679
5.7504	0.00307743
5.7516	0.00307808
5.7528	0.00307872
5.754	0.00307936
5.7552	0.00308
5.7564	0.00308064
5.7576	0.00308129
5.7588	0.00308193
5.76	0.00308257
5.7612	0.00308321
5.7624	0.00308385
5.7636	0.0030845
5.7648	0.00308514
5.766	0.00308578
5.7672	0.00308642
5.7684	0.00308707
5.7696	0.00308771
5.7708	0.00308835
5.772	0.00308899
5.7732	0.00308963
5.7744	0.00309028
5.7756	0.00309092
5.7768	0.00309156
5.778	0.0030922
5.7792	0.00309284
5.7804	0.00309349
5.7816	0.00309413
5.7828	0.00309477
5.784	0.00309541
5.7852	0.00309606
5.7864	0.0030967
5.7876	0.00309734
5.7888	0.00309798
5.79	0.00309862
5.7912	0.00309927
5.7924	0.00309991
5.7936	0.00310055
5.7948	0.00310119
5.796	0.00310183
5.7972	0.00310248
5.7984	0.00310312
5.7996	0.00310376
5.8008	0.0031044
5.802	0.00310505
5.8032	0.00310569
5.8044	0.00310633
5.8056	0.00310697
5.8068	0.00310761
5.808	0.00310826
5.8092	0.0031089
5.8104	0.00310954
5.8116	0.00311018
5.8128	0.00311082
5.814	0.00311147
5.8152	0.00311211
5.8164	0.00311275
5.8176	0.00311339
5.8188	0.00311404
5.82	0.00311468
5.8212	0.00311532
5.8224	0.00311596
5.8236	0.0031166
5.8248	0.00311725
5.826	0.00311789
5.8272	0.00311853
5.8284	0.00311917
5.8296	0.00311982
5.8308	0.00312046
5.832	0.0031211
5.8332	0.00312174
5.8344	0.00312238
5.8356	0.00312303
5.8368	0.00312367
5.838	0.00312431
5.8392	0.00312495
5.8404	0.00312559
5.8416	0.00312624
5.8428	0.00312688
5.844	0.00312752
5.8452	0.00312816
5.8464	0.00312881
5.8476	0.00312945
5.8488	0.00313009
5.85	0.00313073
5.8512	0.00313137
5.8524	0.00313202
5.8536	0.00313266
5.8548	0.0031333
5.856	0.00313394
5.8572	0.00313458
5.8584	0.00313523
5.8596	0.00313587
5.8608	0.00313651
5.862	0.00313715
5.8632	0.0031378
5.8644	0.00313844
5.8656	0.00313908
5.8668	0.00313972
5.868	0.00314036
5.8692	0.00314101
5.8704	0.00314165
5.8716	0.00314229
5.8728	0.00314293
5.874	0.00314357
5.8752	0.00314422
5.8764	0.00314486
5.8776	0.0031455
5.8788	0.00314614
5.88	0.00314679
5.8812	0.00314743
5.8824	0.00314807
5.8836	0.00314871
5.8848	0.00314935
5.886	0.00315
5.8872	0.00315064
5.8884	0.00315128
5.8896	0.00315192
5.8908	0.00315256
5.892	0.00315321
5.8932	0.00315385
5.8944	0.00315449
5.8956	0.00315513
5.8968	0.00315578
5.898	0.00315642
5.8992	0.00315706
5.9004	0.0031577
5.9016	0.00315834
5.9028	0.00315899
5.904	0.00315963
5.9052	0.00316027
5.9064	0.00316091
5.9076	0.00316155
5.9088	0.0031622
5.91	0.00316284
5.9112	0.00316348
5.9124	0.00316412
5.9136	0.00316477
5.9148	0.00316541
5.916	0.00316605
5.9172	0.00316669
5.9184	0.00316733
5.9196	0.00316798
5.9208	0.00316862
5.922	0.00316926
5.9232	0.0031699
5.9244	0.00317055
5.9256	0.00317119
5.9268	0.00317183
5.928	0.00317247
5.9292	0.00317311
5.9304	0.00317376
5.9316	0.0031744
5.9328	0.00317504
5.934	0.00317568
5.9352	0.00317632
5.9364	0.00317697
5.9376	0.00317761
5.9388	0.00317825
5.94	0.00317889
5.9412	0.00317954
5.9424	0.00318018
5.9436	0.00318082
5.9448	0.00318146
5.946	0.0031821
5.9472	0.00318275
5.9484	0.00318339
5.9496	0.00318403
5.9508	0.00318467
5.952	0.00318531
5.9532	0.00318596
5.9544	0.0031866
5.9556	0.00318724
5.9568	0.00318788
5.958	0.00318853
5.9592	0.00318917
5.9604	0.00318981
5.9616	0.00319045
5.9628	0.00319109
5.964	0.00319174
5.9652	0.00319238
5.9664	0.00319302
5.9676	0.00319366
5.9688	0.0031943
5.97	0.00319495
5.9712	0.00319559
5.9724	0.00319623
5.9736	0.00319687
5.9748	0.00319752
5.976	0.00319816
5.9772	0.0031988
5.9784	0.00319944
5.9796	0.00320008
5.9808	0.00320073
5.982	0.00320137
5.9832	0.00320201
5.9844	0.00320265
5.9856	0.00320329
5.9868	0.00320394
5.988	0.00320458
5.9892	0.00320522
5.9904	0.00320586
5.9916	0.00320651
5.9928	0.00320715
5.994	0.00320779
5.9952	0.00320843
5.9964	0.00320907
5.9976	0.00320972
5.9988	0.00321036
6	0.003211
