!Geom file
1 -1.02 -1.02 -1.02
2 -0.68 -1.02 -1.02
3 -0.34 -1.02 -1.02
4 0 -1.02 -1.02
5 0.34 -1.02 -1.02
6 0.68 -1.02 -1.02
7 1.02 -1.02 -1.02
8 -1.02 -0.68 -1.02
9 -0.68 -0.68 -1.02
10 -0.34 -0.68 -1.02
11 0 -0.68 -1.02
12 0.34 -0.68 -1.02
13 0.68 -0.68 -1.02
14 1.02 -0.68 -1.02
15 -1.02 -0.34 -1.02
16 -0.68 -0.34 -1.02
17 -0.34 -0.34 -1.02
18 0 -0.34 -1.02
19 0.34 -0.34 -1.02
20 0.68 -0.34 -1.02
21 1.02 -0.34 -1.02
22 -1.02 0 -1.02
23 -0.68 0 -1.02
24 -0.34 0 -1.02
25 0 0 -1.02
26 0.34 0 -1.02
27 0.68 0 -1.02
28 1.02 0 -1.02
29 -1.02 0.34 -1.02
30 -0.68 0.34 -1.02
31 -0.34 0.34 -1.02
32 0 0.34 -1.02
33 0.34 0.34 -1.02
34 0.68 0.34 -1.02
35 1.02 0.34 -1.02
36 -1.02 0.68 -1.02
37 -0.68 0.68 -1.02
38 -0.34 0.68 -1.02
39 0 0.68 -1.02
40 0.34 0.68 -1.02
41 0.68 0.68 -1.02
42 1.02 0.68 -1.02
43 -1.02 1.02 -1.02
44 -0.68 1.02 -1.02
45 -0.34 1.02 -1.02
46 0 1.02 -1.02
47 0.34 1.02 -1.02
48 0.68 1.02 -1.02
49 1.02 1.02 -1.02
50 -1.02 -1.02 -0.68
51 -0.68 -1.02 -0.68
52 -0.34 -1.02 -0.68
53 0 -1.02 -0.68
54 0.34 -1.02 -0.68
55 0.68 -1.02 -0.68
56 1.02 -1.02 -0.68
57 -1.02 -0.68 -0.68
58 1.02 -0.68 -0.68
59 -1.02 -0.34 -0.68
60 1.02 -0.34 -0.68
61 -1.02 0 -0.68
62 1.02 0 -0.68
63 -1.02 0.34 -0.68
64 1.02 0.34 -0.68
65 -1.02 0.68 -0.68
66 1.02 0.68 -0.68
67 -1.02 1.02 -0.68
68 -0.68 1.02 -0.68
69 -0.34 1.02 -0.68
70 0 1.02 -0.68
71 0.34 1.02 -0.68
72 0.68 1.02 -0.68
73 1.02 1.02 -0.68
74 -1.02 -1.02 -0.34
75 -0.68 -1.02 -0.34
76 -0.34 -1.02 -0.34
77 0 -1.02 -0.34
78 0.34 -1.02 -0.34
79 0.68 -1.02 -0.34
80 1.02 -1.02 -0.34
81 -1.02 -0.68 -0.34
82 1.02 -0.68 -0.34
83 -1.02 -0.34 -0.34
84 1.02 -0.34 -0.34
85 -1.02 0 -0.34
86 1.02 0 -0.34
87 -1.02 0.34 -0.34
88 1.02 0.34 -0.34
89 -1.02 0.68 -0.34
90 1.02 0.68 -0.34
91 -1.02 1.02 -0.34
92 -0.68 1.02 -0.34
93 -0.34 1.02 -0.34
94 0 1.02 -0.34
95 0.34 1.02 -0.34
96 0.68 1.02 -0.34
97 1.02 1.02 -0.34
98 -1.02 -1.02 0
99 -0.68 -1.02 0
100 -0.34 -1.02 0
101 0 -1.02 0
102 0.34 -1.02 0
103 0.68 -1.02 0
104 1.02 -1.02 0
105 -1.02 -0.68 0
106 1.02 -0.68 0
107 -1.02 -0.34 0
108 1.02 -0.34 0
109 -1.02 0 0
110 1.02 0 0
111 -1.02 0.34 0
112 1.02 0.34 0
113 -1.02 0.68 0
114 1.02 0.68 0
115 -1.02 1.02 0
116 -0.68 1.02 0
117 -0.34 1.02 0
118 0 1.02 0
119 0.34 1.02 0
120 0.68 1.02 0
121 1.02 1.02 0
122 -1.02 -1.02 0.34
123 -0.68 -1.02 0.34
124 -0.34 -1.02 0.34
125 0 -1.02 0.34
126 0.34 -1.02 0.34
127 0.68 -1.02 0.34
128 1.02 -1.02 0.34
129 -1.02 -0.68 0.34
130 1.02 -0.68 0.34
131 -1.02 -0.34 0.34
132 1.02 -0.34 0.34
133 -1.02 0 0.34
134 1.02 0 0.34
135 -1.02 0.34 0.34
136 1.02 0.34 0.34
137 -1.02 0.68 0.34
138 1.02 0.68 0.34
139 -1.02 1.02 0.34
140 -0.68 1.02 0.34
141 -0.34 1.02 0.34
142 0 1.02 0.34
143 0.34 1.02 0.34
144 0.68 1.02 0.34
145 1.02 1.02 0.34
146 -1.02 -1.02 0.68
147 -0.68 -1.02 0.68
148 -0.34 -1.02 0.68
149 0 -1.02 0.68
150 0.34 -1.02 0.68
151 0.68 -1.02 0.68
152 1.02 -1.02 0.68
153 -1.02 -0.68 0.68
154 1.02 -0.68 0.68
155 -1.02 -0.34 0.68
156 1.02 -0.34 0.68
157 -1.02 0 0.68
158 1.02 0 0.68
159 -1.02 0.34 0.68
160 1.02 0.34 0.68
161 -1.02 0.68 0.68
162 1.02 0.68 0.68
163 -1.02 1.02 0.68
164 -0.68 1.02 0.68
165 -0.34 1.02 0.68
166 0 1.02 0.68
167 0.34 1.02 0.68
168 0.68 1.02 0.68
169 1.02 1.02 0.68
170 -1.02 -1.02 1.02
171 -0.68 -1.02 1.02
172 -0.34 -1.02 1.02
173 0 -1.02 1.02
174 0.34 -1.02 1.02
175 0.68 -1.02 1.02
176 1.02 -1.02 1.02
177 -1.02 -0.68 1.02
178 -0.68 -0.68 1.02
179 -0.34 -0.68 1.02
180 0 -0.68 1.02
181 0.34 -0.68 1.02
182 0.68 -0.68 1.02
183 1.02 -0.68 1.02
184 -1.02 -0.34 1.02
185 -0.68 -0.34 1.02
186 -0.34 -0.34 1.02
187 0 -0.34 1.02
188 0.34 -0.34 1.02
189 0.68 -0.34 1.02
190 1.02 -0.34 1.02
191 -1.02 0 1.02
192 -0.68 0 1.02
193 -0.34 0 1.02
194 0 0 1.02
195 0.34 0 1.02
196 0.68 0 1.02
197 1.02 0 1.02
198 -1.02 0.34 1.02
199 -0.68 0.34 1.02
200 -0.34 0.34 1.02
201 0 0.34 1.02
202 0.34 0.34 1.02
203 0.68 0.34 1.02
204 1.02 0.34 1.02
205 -1.02 0.68 1.02
206 -0.68 0.68 1.02
207 -0.34 0.68 1.02
208 0 0.68 1.02
209 0.34 0.68 1.02
210 0.68 0.68 1.02
211 1.02 0.68 1.02
212 -1.02 1.02 1.02
213 -0.68 1.02 1.02
214 -0.34 1.02 1.02
215 0 1.02 1.02
216 0.34 1.02 1.02
217 0.68 1.02 1.02
218 1.02 1.02 1.02
219 -0.68 -0.68 -0.68
220 -0.34 -0.68 -0.68
221 0 -0.68 -0.68
222 0.34 -0.68 -0.68
223 0.68 -0.68 -0.68
224 -0.68 -0.34 -0.68
225 -0.34 -0.34 -0.68
226 0 -0.34 -0.68
227 0.34 -0.34 -0.68
228 0.68 -0.34 -0.68
229 -0.68 0 -0.68
230 -0.34 0 -0.68
231 0 0 -0.68
232 0.34 0 -0.68
233 0.68 0 -0.68
234 -0.68 0.34 -0.68
235 -0.34 0.34 -0.68
236 0 0.34 -0.68
237 0.34 0.34 -0.68
238 0.68 0.34 -0.68
239 -0.68 0.68 -0.68
240 -0.34 0.68 -0.68
241 0 0.68 -0.68
242 0.34 0.68 -0.68
243 0.68 0.68 -0.68
244 -0.68 -0.68 -0.34
245 -0.34 -0.68 -0.34
246 0 -0.68 -0.34
247 0.34 -0.68 -0.34
248 0.68 -0.68 -0.34
249 -0.68 -0.34 -0.34
250 0.68 -0.34 -0.34
251 -0.68 0 -0.34
252 0.68 0 -0.34
253 -0.68 0.34 -0.34
254 0.68 0.34 -0.34
255 -0.68 0.68 -0.34
256 -0.34 0.68 -0.34
257 0 0.68 -0.34
258 0.34 0.68 -0.34
259 0.68 0.68 -0.34
260 -0.68 -0.68 0
261 -0.34 -0.68 0
262 0 -0.68 0
263 0.34 -0.68 0
264 0.68 -0.68 0
265 -0.68 -0.34 0
266 0.68 -0.34 0
267 -0.68 0 0
268 0.68 0 0
269 -0.68 0.34 0
270 0.68 0.34 0
271 -0.68 0.68 0
272 -0.34 0.68 0
273 0 0.68 0
274 0.34 0.68 0
275 0.68 0.68 0
276 -0.68 -0.68 0.34
277 -0.34 -0.68 0.34
278 0 -0.68 0.34
279 0.34 -0.68 0.34
280 0.68 -0.68 0.34
281 -0.68 -0.34 0.34
282 0.68 -0.34 0.34
283 -0.68 0 0.34
284 0.68 0 0.34
285 -0.68 0.34 0.34
286 0.68 0.34 0.34
287 -0.68 0.68 0.34
288 -0.34 0.68 0.34
289 0 0.68 0.34
290 0.34 0.68 0.34
291 0.68 0.68 0.34
292 -0.68 -0.68 0.68
293 -0.34 -0.68 0.68
294 0 -0.68 0.68
295 0.34 -0.68 0.68
296 0.68 -0.68 0.68
297 -0.68 -0.34 0.68
298 -0.34 -0.34 0.68
299 0 -0.34 0.68
300 0.34 -0.34 0.68
301 0.68 -0.34 0.68
302 -0.68 0 0.68
303 -0.34 0 0.68
304 0 0 0.68
305 0.34 0 0.68
306 0.68 0 0.68
307 -0.68 0.34 0.68
308 -0.34 0.34 0.68
309 0 0.34 0.68
310 0.34 0.34 0.68
311 0.68 0.34 0.68
312 -0.68 0.68 0.68
313 -0.34 0.68 0.68
314 0 0.68 0.68
315 0.34 0.68 0.68
316 0.68 0.68 0.68
317 -0.34 -0.34 -0.34
318 0 -0.34 -0.34
319 0.34 -0.34 -0.34
320 -0.34 0 -0.34
321 0 0 -0.34
322 0.34 0 -0.34
323 -0.34 0.34 -0.34
324 0 0.34 -0.34
325 0.34 0.34 -0.34
326 -0.34 -0.34 0
327 0 -0.34 0
328 0.34 -0.34 0
329 -0.34 0 0
330 0.34 0 0
331 -0.34 0.34 0
332 0 0.34 0
333 0.34 0.34 0
334 -0.34 -0.34 0.34
335 0 -0.34 0.34
336 0.34 -0.34 0.34
337 -0.34 0 0.34
338 0 0 0.34
339 0.34 0 0.34
340 -0.34 0.34 0.34
341 0 0.34 0.34
342 0.34 0.34 0.34
343 0 0 0
344 -1.17 -1.17 -1.17
345 -1.17 -1.17 -0.78
346 -1.17 -1.17 -0.39
347 -1.17 -1.17 0
348 -1.17 -1.17 0.39
349 -1.17 -1.17 0.78
350 -1.17 -1.17 1.17
351 -1.17 -0.78 -1.17
352 -1.17 -0.78 -0.78
353 -1.17 -0.78 -0.39
354 -1.17 -0.78 0
355 -1.17 -0.78 0.39
356 -1.17 -0.78 0.78
357 -1.17 -0.78 1.17
358 -1.17 -0.39 -1.17
359 -1.17 -0.39 -0.78
360 -1.17 -0.39 -0.39
361 -1.17 -0.39 0
362 -1.17 -0.39 0.39
363 -1.17 -0.39 0.78
364 -1.17 -0.39 1.17
365 -1.17 0 -1.17
366 -1.17 0 -0.78
367 -1.17 0 -0.39
368 -1.17 0 0
369 -1.17 0 0.39
370 -1.17 0 0.78
371 -1.17 0 1.17
372 -1.17 0.39 -1.17
373 -1.17 0.39 -0.78
374 -1.17 0.39 -0.39
375 -1.17 0.39 0
376 -1.17 0.39 0.39
377 -1.17 0.39 0.78
378 -1.17 0.39 1.17
379 -1.17 0.78 -1.17
380 -1.17 0.78 -0.78
381 -1.17 0.78 -0.39
382 -1.17 0.78 0
383 -1.17 0.78 0.39
384 -1.17 0.78 0.78
385 -1.17 0.78 1.17
386 -1.17 1.17 -1.17
387 -1.17 1.17 -0.78
388 -1.17 1.17 -0.39
389 -1.17 1.17 0
390 -1.17 1.17 0.39
391 -1.17 1.17 0.78
392 -1.17 1.17 1.17
393 -1.32 -1.32 -1.32
394 -1.32 -1.32 -0.88
395 -1.32 -1.32 -0.44
396 -1.32 -1.32 0
397 -1.32 -1.32 0.44
398 -1.32 -1.32 0.88
399 -1.32 -1.32 1.32
400 -1.32 -0.88 -1.32
401 -1.32 -0.88 -0.88
402 -1.32 -0.88 -0.44
403 -1.32 -0.88 0
404 -1.32 -0.88 0.44
405 -1.32 -0.88 0.88
406 -1.32 -0.88 1.32
407 -1.32 -0.44 -1.32
408 -1.32 -0.44 -0.88
409 -1.32 -0.44 -0.44
410 -1.32 -0.44 0
411 -1.32 -0.44 0.44
412 -1.32 -0.44 0.88
413 -1.32 -0.44 1.32
414 -1.32 0 -1.32
415 -1.32 0 -0.88
416 -1.32 0 -0.44
417 -1.32 0 0
418 -1.32 0 0.44
419 -1.32 0 0.88
420 -1.32 0 1.32
421 -1.32 0.44 -1.32
422 -1.32 0.44 -0.88
423 -1.32 0.44 -0.44
424 -1.32 0.44 0
425 -1.32 0.44 0.44
426 -1.32 0.44 0.88
427 -1.32 0.44 1.32
428 -1.32 0.88 -1.32
429 -1.32 0.88 -0.88
430 -1.32 0.88 -0.44
431 -1.32 0.88 0
432 -1.32 0.88 0.44
433 -1.32 0.88 0.88
434 -1.32 0.88 1.32
435 -1.32 1.32 -1.32
436 -1.32 1.32 -0.88
437 -1.32 1.32 -0.44
438 -1.32 1.32 0
439 -1.32 1.32 0.44
440 -1.32 1.32 0.88
441 -1.32 1.32 1.32
442 1.17 -1.17 -1.17
443 1.17 -0.78 -1.17
444 1.17 -0.39 -1.17
445 1.17 0 -1.17
446 1.17 0.39 -1.17
447 1.17 0.78 -1.17
448 1.17 1.17 -1.17
449 1.17 -1.17 -0.78
450 1.17 -0.78 -0.78
451 1.17 -0.39 -0.78
452 1.17 0 -0.78
453 1.17 0.39 -0.78
454 1.17 0.78 -0.78
455 1.17 1.17 -0.78
456 1.17 -1.17 -0.39
457 1.17 -0.78 -0.39
458 1.17 -0.39 -0.39
459 1.17 0 -0.39
460 1.17 0.39 -0.39
461 1.17 0.78 -0.39
462 1.17 1.17 -0.39
463 1.17 -1.17 0
464 1.17 -0.78 0
465 1.17 -0.39 0
466 1.17 0 0
467 1.17 0.39 0
468 1.17 0.78 0
469 1.17 1.17 0
470 1.17 -1.17 0.39
471 1.17 -0.78 0.39
472 1.17 -0.39 0.39
473 1.17 0 0.39
474 1.17 0.39 0.39
475 1.17 0.78 0.39
476 1.17 1.17 0.39
477 1.17 -1.17 0.78
478 1.17 -0.78 0.78
479 1.17 -0.39 0.78
480 1.17 0 0.78
481 1.17 0.39 0.78
482 1.17 0.78 0.78
483 1.17 1.17 0.78
484 1.17 -1.17 1.17
485 1.17 -0.78 1.17
486 1.17 -0.39 1.17
487 1.17 0 1.17
488 1.17 0.39 1.17
489 1.17 0.78 1.17
490 1.17 1.17 1.17
491 1.32 -1.32 -1.32
492 1.32 -0.88 -1.32
493 1.32 -0.44 -1.32
494 1.32 0 -1.32
495 1.32 0.44 -1.32
496 1.32 0.88 -1.32
497 1.32 1.32 -1.32
498 1.32 -1.32 -0.88
499 1.32 -0.88 -0.88
500 1.32 -0.44 -0.88
501 1.32 0 -0.88
502 1.32 0.44 -0.88
503 1.32 0.88 -0.88
504 1.32 1.32 -0.88
505 1.32 -1.32 -0.44
506 1.32 -0.88 -0.44
507 1.32 -0.44 -0.44
508 1.32 0 -0.44
509 1.32 0.44 -0.44
510 1.32 0.88 -0.44
511 1.32 1.32 -0.44
512 1.32 -1.32 0
513 1.32 -0.88 0
514 1.32 -0.44 0
515 1.32 0 0
516 1.32 0.44 0
517 1.32 0.88 0
518 1.32 1.32 0
519 1.32 -1.32 0.44
520 1.32 -0.88 0.44
521 1.32 -0.44 0.44
522 1.32 0 0.44
523 1.32 0.44 0.44
524 1.32 0.88 0.44
525 1.32 1.32 0.44
526 1.32 -1.32 0.88
527 1.32 -0.88 0.88
528 1.32 -0.44 0.88
529 1.32 0 0.88
530 1.32 0.44 0.88
531 1.32 0.88 0.88
532 1.32 1.32 0.88
533 1.32 -1.32 1.32
534 1.32 -0.88 1.32
535 1.32 -0.44 1.32
536 1.32 0 1.32
537 1.32 0.44 1.32
538 1.32 0.88 1.32
539 1.32 1.32 1.32
540 -0.78 -1.17 -1.17
541 -0.39 -1.17 -1.17
542 0 -1.17 -1.17
543 0.39 -1.17 -1.17
544 0.78 -1.17 -1.17
545 -0.78 -1.17 -0.78
546 -0.39 -1.17 -0.78
547 0 -1.17 -0.78
548 0.39 -1.17 -0.78
549 0.78 -1.17 -0.78
550 -0.78 -1.17 -0.39
551 -0.39 -1.17 -0.39
552 0 -1.17 -0.39
553 0.39 -1.17 -0.39
554 0.78 -1.17 -0.39
555 -0.78 -1.17 0
556 -0.39 -1.17 0
557 0 -1.17 0
558 0.39 -1.17 0
559 0.78 -1.17 0
560 -0.78 -1.17 0.39
561 -0.39 -1.17 0.39
562 0 -1.17 0.39
563 0.39 -1.17 0.39
564 0.78 -1.17 0.39
565 -0.78 -1.17 0.78
566 -0.39 -1.17 0.78
567 0 -1.17 0.78
568 0.39 -1.17 0.78
569 0.78 -1.17 0.78
570 -0.78 -1.17 1.17
571 -0.39 -1.17 1.17
572 0 -1.17 1.17
573 0.39 -1.17 1.17
574 0.78 -1.17 1.17
575 -0.88 -1.32 -1.32
576 -0.44 -1.32 -1.32
577 0 -1.32 -1.32
578 0.44 -1.32 -1.32
579 0.88 -1.32 -1.32
580 -0.88 -1.32 -0.88
581 -0.44 -1.32 -0.88
582 0 -1.32 -0.88
583 0.44 -1.32 -0.88
584 0.88 -1.32 -0.88
585 -0.88 -1.32 -0.44
586 -0.44 -1.32 -0.44
587 0 -1.32 -0.44
588 0.44 -1.32 -0.44
589 0.88 -1.32 -0.44
590 -0.88 -1.32 0
591 -0.44 -1.32 0
592 0 -1.32 0
593 0.44 -1.32 0
594 0.88 -1.32 0
595 -0.88 -1.32 0.44
596 -0.44 -1.32 0.44
597 0 -1.32 0.44
598 0.44 -1.32 0.44
599 0.88 -1.32 0.44
600 -0.88 -1.32 0.88
601 -0.44 -1.32 0.88
602 0 -1.32 0.88
603 0.44 -1.32 0.88
604 0.88 -1.32 0.88
605 -0.88 -1.32 1.32
606 -0.44 -1.32 1.32
607 0 -1.32 1.32
608 0.44 -1.32 1.32
609 0.88 -1.32 1.32
610 -0.78 1.17 -1.17
611 -0.78 1.17 -0.78
612 -0.78 1.17 -0.39
613 -0.78 1.17 0
614 -0.78 1.17 0.39
615 -0.78 1.17 0.78
616 -0.78 1.17 1.17
617 -0.39 1.17 -1.17
618 -0.39 1.17 -0.78
619 -0.39 1.17 -0.39
620 -0.39 1.17 0
621 -0.39 1.17 0.39
622 -0.39 1.17 0.78
623 -0.39 1.17 1.17
624 0 1.17 -1.17
625 0 1.17 -0.78
626 0 1.17 -0.39
627 0 1.17 0
628 0 1.17 0.39
629 0 1.17 0.78
630 0 1.17 1.17
631 0.39 1.17 -1.17
632 0.39 1.17 -0.78
633 0.39 1.17 -0.39
634 0.39 1.17 0
635 0.39 1.17 0.39
636 0.39 1.17 0.78
637 0.39 1.17 1.17
638 0.78 1.17 -1.17
639 0.78 1.17 -0.78
640 0.78 1.17 -0.39
641 0.78 1.17 0
642 0.78 1.17 0.39
643 0.78 1.17 0.78
644 0.78 1.17 1.17
645 -0.88 1.32 -1.32
646 -0.88 1.32 -0.88
647 -0.88 1.32 -0.44
648 -0.88 1.32 0
649 -0.88 1.32 0.44
650 -0.88 1.32 0.88
651 -0.88 1.32 1.32
652 -0.44 1.32 -1.32
653 -0.44 1.32 -0.88
654 -0.44 1.32 -0.44
655 -0.44 1.32 0
656 -0.44 1.32 0.44
657 -0.44 1.32 0.88
658 -0.44 1.32 1.32
659 0 1.32 -1.32
660 0 1.32 -0.88
661 0 1.32 -0.44
662 0 1.32 0
663 0 1.32 0.44
664 0 1.32 0.88
665 0 1.32 1.32
666 0.44 1.32 -1.32
667 0.44 1.32 -0.88
668 0.44 1.32 -0.44
669 0.44 1.32 0
670 0.44 1.32 0.44
671 0.44 1.32 0.88
672 0.44 1.32 1.32
673 0.88 1.32 -1.32
674 0.88 1.32 -0.88
675 0.88 1.32 -0.44
676 0.88 1.32 0
677 0.88 1.32 0.44
678 0.88 1.32 0.88
679 0.88 1.32 1.32
680 -0.78 -0.78 -1.17
681 -0.78 -0.39 -1.17
682 -0.78 0 -1.17
683 -0.78 0.39 -1.17
684 -0.78 0.78 -1.17
685 -0.39 -0.78 -1.17
686 -0.39 -0.39 -1.17
687 -0.39 0 -1.17
688 -0.39 0.39 -1.17
689 -0.39 0.78 -1.17
690 0 -0.78 -1.17
691 0 -0.39 -1.17
692 0 0 -1.17
693 0 0.39 -1.17
694 0 0.78 -1.17
695 0.39 -0.78 -1.17
696 0.39 -0.39 -1.17
697 0.39 0 -1.17
698 0.39 0.39 -1.17
699 0.39 0.78 -1.17
700 0.78 -0.78 -1.17
701 0.78 -0.39 -1.17
702 0.78 0 -1.17
703 0.78 0.39 -1.17
704 0.78 0.78 -1.17
705 -0.88 -0.88 -1.32
706 -0.88 -0.44 -1.32
707 -0.88 0 -1.32
708 -0.88 0.44 -1.32
709 -0.88 0.88 -1.32
710 -0.44 -0.88 -1.32
711 -0.44 -0.44 -1.32
712 -0.44 0 -1.32
713 -0.44 0.44 -1.32
714 -0.44 0.88 -1.32
715 0 -0.88 -1.32
716 0 -0.44 -1.32
717 0 0 -1.32
718 0 0.44 -1.32
719 0 0.88 -1.32
720 0.44 -0.88 -1.32
721 0.44 -0.44 -1.32
722 0.44 0 -1.32
723 0.44 0.44 -1.32
724 0.44 0.88 -1.32
725 0.88 -0.88 -1.32
726 0.88 -0.44 -1.32
727 0.88 0 -1.32
728 0.88 0.44 -1.32
729 0.88 0.88 -1.32
730 -0.78 -0.78 1.17
731 -0.39 -0.78 1.17
732 0 -0.78 1.17
733 0.39 -0.78 1.17
734 0.78 -0.78 1.17
735 -0.78 -0.39 1.17
736 -0.39 -0.39 1.17
737 0 -0.39 1.17
738 0.39 -0.39 1.17
739 0.78 -0.39 1.17
740 -0.78 0 1.17
741 -0.39 0 1.17
742 0 0 1.17
743 0.39 0 1.17
744 0.78 0 1.17
745 -0.78 0.39 1.17
746 -0.39 0.39 1.17
747 0 0.39 1.17
748 0.39 0.39 1.17
749 0.78 0.39 1.17
750 -0.78 0.78 1.17
751 -0.39 0.78 1.17
752 0 0.78 1.17
753 0.39 0.78 1.17
754 0.78 0.78 1.17
755 -0.88 -0.88 1.32
756 -0.44 -0.88 1.32
757 0 -0.88 1.32
758 0.44 -0.88 1.32
759 0.88 -0.88 1.32
760 -0.88 -0.44 1.32
761 -0.44 -0.44 1.32
762 0 -0.44 1.32
763 0.44 -0.44 1.32
764 0.88 -0.44 1.32
765 -0.88 0 1.32
766 -0.44 0 1.32
767 0 0 1.32
768 0.44 0 1.32
769 0.88 0 1.32
770 -0.88 0.44 1.32
771 -0.44 0.44 1.32
772 0 0.44 1.32
773 0.44 0.44 1.32
774 0.88 0.44 1.32
775 -0.88 0.88 1.32
776 -0.44 0.88 1.32
777 0 0.88 1.32
778 0.44 0.88 1.32
779 0.88 0.88 1.32
780 -1.32 -1.32 -1.056
781 -1.32 -1.32 -0.792
782 -1.32 -1.32 -0.528
783 -1.32 -1.32 -0.264
784 -1.32 -1.32 0.264
785 -1.32 -1.32 0.528
786 -1.32 -1.32 0.792
787 -1.32 -1.32 1.056
788 -1.32 -1.056 -1.32
789 -1.32 -1.056 -1.056
790 -1.32 -1.056 -0.792
791 -1.32 -1.056 -0.528
792 -1.32 -1.056 -0.264
793 -1.32 -1.056 0
794 -1.32 -1.056 0.264
795 -1.32 -1.056 0.528
796 -1.32 -1.056 0.792
797 -1.32 -1.056 1.056
798 -1.32 -1.056 1.32
799 -1.32 -0.792 -1.32
800 -1.32 -0.792 -1.056
801 -1.32 -0.792 -0.792
802 -1.32 -0.792 -0.528
803 -1.32 -0.792 -0.264
804 -1.32 -0.792 0
805 -1.32 -0.792 0.264
806 -1.32 -0.792 0.528
807 -1.32 -0.792 0.792
808 -1.32 -0.792 1.056
809 -1.32 -0.792 1.32
810 -1.32 -0.528 -1.32
811 -1.32 -0.528 -1.056
812 -1.32 -0.528 -0.792
813 -1.32 -0.528 -0.528
814 -1.32 -0.528 -0.264
815 -1.32 -0.528 0
816 -1.32 -0.528 0.264
817 -1.32 -0.528 0.528
818 -1.32 -0.528 0.792
819 -1.32 -0.528 1.056
820 -1.32 -0.528 1.32
821 -1.32 -0.264 -1.32
822 -1.32 -0.264 -1.056
823 -1.32 -0.264 -0.792
824 -1.32 -0.264 -0.528
825 -1.32 -0.264 -0.264
826 -1.32 -0.264 0
827 -1.32 -0.264 0.264
828 -1.32 -0.264 0.528
829 -1.32 -0.264 0.792
830 -1.32 -0.264 1.056
831 -1.32 -0.264 1.32
832 -1.32 0 -1.056
833 -1.32 0 -0.792
834 -1.32 0 -0.528
835 -1.32 0 -0.264
836 -1.32 0 0.264
837 -1.32 0 0.528
838 -1.32 0 0.792
839 -1.32 0 1.056
840 -1.32 0.264 -1.32
841 -1.32 0.264 -1.056
842 -1.32 0.264 -0.792
843 -1.32 0.264 -0.528
844 -1.32 0.264 -0.264
845 -1.32 0.264 0
846 -1.32 0.264 0.264
847 -1.32 0.264 0.528
848 -1.32 0.264 0.792
849 -1.32 0.264 1.056
850 -1.32 0.264 1.32
851 -1.32 0.528 -1.32
852 -1.32 0.528 -1.056
853 -1.32 0.528 -0.792
854 -1.32 0.528 -0.528
855 -1.32 0.528 -0.264
856 -1.32 0.528 0
857 -1.32 0.528 0.264
858 -1.32 0.528 0.528
859 -1.32 0.528 0.792
860 -1.32 0.528 1.056
861 -1.32 0.528 1.32
862 -1.32 0.792 -1.32
863 -1.32 0.792 -1.056
864 -1.32 0.792 -0.792
865 -1.32 0.792 -0.528
866 -1.32 0.792 -0.264
867 -1.32 0.792 0
868 -1.32 0.792 0.264
869 -1.32 0.792 0.528
870 -1.32 0.792 0.792
871 -1.32 0.792 1.056
872 -1.32 0.792 1.32
873 -1.32 1.056 -1.32
874 -1.32 1.056 -1.056
875 -1.32 1.056 -0.792
876 -1.32 1.056 -0.528
877 -1.32 1.056 -0.264
878 -1.32 1.056 0
879 -1.32 1.056 0.264
880 -1.32 1.056 0.528
881 -1.32 1.056 0.792
882 -1.32 1.056 1.056
883 -1.32 1.056 1.32
884 -1.32 1.32 -1.056
885 -1.32 1.32 -0.792
886 -1.32 1.32 -0.528
887 -1.32 1.32 -0.264
888 -1.32 1.32 0.264
889 -1.32 1.32 0.528
890 -1.32 1.32 0.792
891 -1.32 1.32 1.056
892 -1.47 -1.47 -1.47
893 -1.47 -1.47 -1.176
894 -1.47 -1.47 -0.882
895 -1.47 -1.47 -0.588
896 -1.47 -1.47 -0.294
897 -1.47 -1.47 0
898 -1.47 -1.47 0.294
899 -1.47 -1.47 0.588
900 -1.47 -1.47 0.882
901 -1.47 -1.47 1.176
902 -1.47 -1.47 1.47
903 -1.47 -1.176 -1.47
904 -1.47 -1.176 -1.176
905 -1.47 -1.176 -0.882
906 -1.47 -1.176 -0.588
907 -1.47 -1.176 -0.294
908 -1.47 -1.176 0
909 -1.47 -1.176 0.294
910 -1.47 -1.176 0.588
911 -1.47 -1.176 0.882
912 -1.47 -1.176 1.176
913 -1.47 -1.176 1.47
914 -1.47 -0.882 -1.47
915 -1.47 -0.882 -1.176
916 -1.47 -0.882 -0.882
917 -1.47 -0.882 -0.588
918 -1.47 -0.882 -0.294
919 -1.47 -0.882 0
920 -1.47 -0.882 0.294
921 -1.47 -0.882 0.588
922 -1.47 -0.882 0.882
923 -1.47 -0.882 1.176
924 -1.47 -0.882 1.47
925 -1.47 -0.588 -1.47
926 -1.47 -0.588 -1.176
927 -1.47 -0.588 -0.882
928 -1.47 -0.588 -0.588
929 -1.47 -0.588 -0.294
930 -1.47 -0.588 0
931 -1.47 -0.588 0.294
932 -1.47 -0.588 0.588
933 -1.47 -0.588 0.882
934 -1.47 -0.588 1.176
935 -1.47 -0.588 1.47
936 -1.47 -0.294 -1.47
937 -1.47 -0.294 -1.176
938 -1.47 -0.294 -0.882
939 -1.47 -0.294 -0.588
940 -1.47 -0.294 -0.294
941 -1.47 -0.294 0
942 -1.47 -0.294 0.294
943 -1.47 -0.294 0.588
944 -1.47 -0.294 0.882
945 -1.47 -0.294 1.176
946 -1.47 -0.294 1.47
947 -1.47 0 -1.47
948 -1.47 0 -1.176
949 -1.47 0 -0.882
950 -1.47 0 -0.588
951 -1.47 0 -0.294
952 -1.47 0 0
953 -1.47 0 0.294
954 -1.47 0 0.588
955 -1.47 0 0.882
956 -1.47 0 1.176
957 -1.47 0 1.47
958 -1.47 0.294 -1.47
959 -1.47 0.294 -1.176
960 -1.47 0.294 -0.882
961 -1.47 0.294 -0.588
962 -1.47 0.294 -0.294
963 -1.47 0.294 0
964 -1.47 0.294 0.294
965 -1.47 0.294 0.588
966 -1.47 0.294 0.882
967 -1.47 0.294 1.176
968 -1.47 0.294 1.47
969 -1.47 0.588 -1.47
970 -1.47 0.588 -1.176
971 -1.47 0.588 -0.882
972 -1.47 0.588 -0.588
973 -1.47 0.588 -0.294
974 -1.47 0.588 0
975 -1.47 0.588 0.294
976 -1.47 0.588 0.588
977 -1.47 0.588 0.882
978 -1.47 0.588 1.176
979 -1.47 0.588 1.47
980 -1.47 0.882 -1.47
981 -1.47 0.882 -1.176
982 -1.47 0.882 -0.882
983 -1.47 0.882 -0.588
984 -1.47 0.882 -0.294
985 -1.47 0.882 0
986 -1.47 0.882 0.294
987 -1.47 0.882 0.588
988 -1.47 0.882 0.882
989 -1.47 0.882 1.176
990 -1.47 0.882 1.47
991 -1.47 1.176 -1.47
992 -1.47 1.176 -1.176
993 -1.47 1.176 -0.882
994 -1.47 1.176 -0.588
995 -1.47 1.176 -0.294
996 -1.47 1.176 0
997 -1.47 1.176 0.294
998 -1.47 1.176 0.588
999 -1.47 1.176 0.882
1000 -1.47 1.176 1.176
1001 -1.47 1.176 1.47
1002 -1.47 1.47 -1.47
1003 -1.47 1.47 -1.176
1004 -1.47 1.47 -0.882
1005 -1.47 1.47 -0.588
1006 -1.47 1.47 -0.294
1007 -1.47 1.47 0
1008 -1.47 1.47 0.294
1009 -1.47 1.47 0.588
1010 -1.47 1.47 0.882
1011 -1.47 1.47 1.176
1012 -1.47 1.47 1.47
1013 -1.62 -1.62 -1.62
1014 -1.62 -1.62 -1.296
1015 -1.62 -1.62 -0.972
1016 -1.62 -1.62 -0.648
1017 -1.62 -1.62 -0.324
1018 -1.62 -1.62 0
1019 -1.62 -1.62 0.324
1020 -1.62 -1.62 0.648
1021 -1.62 -1.62 0.972
1022 -1.62 -1.62 1.296
1023 -1.62 -1.62 1.62
1024 -1.62 -1.296 -1.62
1025 -1.62 -1.296 -1.296
1026 -1.62 -1.296 -0.972
1027 -1.62 -1.296 -0.648
1028 -1.62 -1.296 -0.324
1029 -1.62 -1.296 0
1030 -1.62 -1.296 0.324
1031 -1.62 -1.296 0.648
1032 -1.62 -1.296 0.972
1033 -1.62 -1.296 1.296
1034 -1.62 -1.296 1.62
1035 -1.62 -0.972 -1.62
1036 -1.62 -0.972 -1.296
1037 -1.62 -0.972 -0.972
1038 -1.62 -0.972 -0.648
1039 -1.62 -0.972 -0.324
1040 -1.62 -0.972 0
1041 -1.62 -0.972 0.324
1042 -1.62 -0.972 0.648
1043 -1.62 -0.972 0.972
1044 -1.62 -0.972 1.296
1045 -1.62 -0.972 1.62
1046 -1.62 -0.648 -1.62
1047 -1.62 -0.648 -1.296
1048 -1.62 -0.648 -0.972
1049 -1.62 -0.648 -0.648
1050 -1.62 -0.648 -0.324
1051 -1.62 -0.648 0
1052 -1.62 -0.648 0.324
1053 -1.62 -0.648 0.648
1054 -1.62 -0.648 0.972
1055 -1.62 -0.648 1.296
1056 -1.62 -0.648 1.62
1057 -1.62 -0.324 -1.62
1058 -1.62 -0.324 -1.296
1059 -1.62 -0.324 -0.972
1060 -1.62 -0.324 -0.648
1061 -1.62 -0.324 -0.324
1062 -1.62 -0.324 0
1063 -1.62 -0.324 0.324
1064 -1.62 -0.324 0.648
1065 -1.62 -0.324 0.972
1066 -1.62 -0.324 1.296
1067 -1.62 -0.324 1.62
1068 -1.62 0 -1.62
1069 -1.62 0 -1.296
1070 -1.62 0 -0.972
1071 -1.62 0 -0.648
1072 -1.62 0 -0.324
1073 -1.62 0 0
1074 -1.62 0 0.324
1075 -1.62 0 0.648
1076 -1.62 0 0.972
1077 -1.62 0 1.296
1078 -1.62 0 1.62
1079 -1.62 0.324 -1.62
1080 -1.62 0.324 -1.296
1081 -1.62 0.324 -0.972
1082 -1.62 0.324 -0.648
1083 -1.62 0.324 -0.324
1084 -1.62 0.324 0
1085 -1.62 0.324 0.324
1086 -1.62 0.324 0.648
1087 -1.62 0.324 0.972
1088 -1.62 0.324 1.296
1089 -1.62 0.324 1.62
1090 -1.62 0.648 -1.62
1091 -1.62 0.648 -1.296
1092 -1.62 0.648 -0.972
1093 -1.62 0.648 -0.648
1094 -1.62 0.648 -0.324
1095 -1.62 0.648 0
1096 -1.62 0.648 0.324
1097 -1.62 0.648 0.648
1098 -1.62 0.648 0.972
1099 -1.62 0.648 1.296
1100 -1.62 0.648 1.62
1101 -1.62 0.972 -1.62
1102 -1.62 0.972 -1.296
1103 -1.62 0.972 -0.972
1104 -1.62 0.972 -0.648
1105 -1.62 0.972 -0.324
1106 -1.62 0.972 0
1107 -1.62 0.972 0.324
1108 -1.62 0.972 0.648
1109 -1.62 0.972 0.972
1110 -1.62 0.972 1.296
1111 -1.62 0.972 1.62
1112 -1.62 1.296 -1.62
1113 -1.62 1.296 -1.296
1114 -1.62 1.296 -0.972
1115 -1.62 1.296 -0.648
1116 -1.62 1.296 -0.324
1117 -1.62 1.296 0
1118 -1.62 1.296 0.324
1119 -1.62 1.296 0.648
1120 -1.62 1.296 0.972
1121 -1.62 1.296 1.296
1122 -1.62 1.296 1.62
1123 -1.62 1.62 -1.62
1124 -1.62 1.62 -1.296
1125 -1.62 1.62 -0.972
1126 -1.62 1.62 -0.648
1127 -1.62 1.62 -0.324
1128 -1.62 1.62 0
1129 -1.62 1.62 0.324
1130 -1.62 1.62 0.648
1131 -1.62 1.62 0.972
1132 -1.62 1.62 1.296
1133 -1.62 1.62 1.62
1134 1.32 -1.056 -1.32
1135 1.32 -0.792 -1.32
1136 1.32 -0.528 -1.32
1137 1.32 -0.264 -1.32
1138 1.32 0.264 -1.32
1139 1.32 0.528 -1.32
1140 1.32 0.792 -1.32
1141 1.32 1.056 -1.32
1142 1.32 -1.32 -1.056
1143 1.32 -1.056 -1.056
1144 1.32 -0.792 -1.056
1145 1.32 -0.528 -1.056
1146 1.32 -0.264 -1.056
1147 1.32 0 -1.056
1148 1.32 0.264 -1.056
1149 1.32 0.528 -1.056
1150 1.32 0.792 -1.056
1151 1.32 1.056 -1.056
1152 1.32 1.32 -1.056
1153 1.32 -1.32 -0.792
1154 1.32 -1.056 -0.792
1155 1.32 -0.792 -0.792
1156 1.32 -0.528 -0.792
1157 1.32 -0.264 -0.792
1158 1.32 0 -0.792
1159 1.32 0.264 -0.792
1160 1.32 0.528 -0.792
1161 1.32 0.792 -0.792
1162 1.32 1.056 -0.792
1163 1.32 1.32 -0.792
1164 1.32 -1.32 -0.528
1165 1.32 -1.056 -0.528
1166 1.32 -0.792 -0.528
1167 1.32 -0.528 -0.528
1168 1.32 -0.264 -0.528
1169 1.32 0 -0.528
1170 1.32 0.264 -0.528
1171 1.32 0.528 -0.528
1172 1.32 0.792 -0.528
1173 1.32 1.056 -0.528
1174 1.32 1.32 -0.528
1175 1.32 -1.32 -0.264
1176 1.32 -1.056 -0.264
1177 1.32 -0.792 -0.264
1178 1.32 -0.528 -0.264
1179 1.32 -0.264 -0.264
1180 1.32 0 -0.264
1181 1.32 0.264 -0.264
1182 1.32 0.528 -0.264
1183 1.32 0.792 -0.264
1184 1.32 1.056 -0.264
1185 1.32 1.32 -0.264
1186 1.32 -1.056 0
1187 1.32 -0.792 0
1188 1.32 -0.528 0
1189 1.32 -0.264 0
1190 1.32 0.264 0
1191 1.32 0.528 0
1192 1.32 0.792 0
1193 1.32 1.056 0
1194 1.32 -1.32 0.264
1195 1.32 -1.056 0.264
1196 1.32 -0.792 0.264
1197 1.32 -0.528 0.264
1198 1.32 -0.264 0.264
1199 1.32 0 0.264
1200 1.32 0.264 0.264
1201 1.32 0.528 0.264
1202 1.32 0.792 0.264
1203 1.32 1.056 0.264
1204 1.32 1.32 0.264
1205 1.32 -1.32 0.528
1206 1.32 -1.056 0.528
1207 1.32 -0.792 0.528
1208 1.32 -0.528 0.528
1209 1.32 -0.264 0.528
1210 1.32 0 0.528
1211 1.32 0.264 0.528
1212 1.32 0.528 0.528
1213 1.32 0.792 0.528
1214 1.32 1.056 0.528
1215 1.32 1.32 0.528
1216 1.32 -1.32 0.792
1217 1.32 -1.056 0.792
1218 1.32 -0.792 0.792
1219 1.32 -0.528 0.792
1220 1.32 -0.264 0.792
1221 1.32 0 0.792
1222 1.32 0.264 0.792
1223 1.32 0.528 0.792
1224 1.32 0.792 0.792
1225 1.32 1.056 0.792
1226 1.32 1.32 0.792
1227 1.32 -1.32 1.056
1228 1.32 -1.056 1.056
1229 1.32 -0.792 1.056
1230 1.32 -0.528 1.056
1231 1.32 -0.264 1.056
1232 1.32 0 1.056
1233 1.32 0.264 1.056
1234 1.32 0.528 1.056
1235 1.32 0.792 1.056
1236 1.32 1.056 1.056
1237 1.32 1.32 1.056
1238 1.32 -1.056 1.32
1239 1.32 -0.792 1.32
1240 1.32 -0.528 1.32
1241 1.32 -0.264 1.32
1242 1.32 0.264 1.32
1243 1.32 0.528 1.32
1244 1.32 0.792 1.32
1245 1.32 1.056 1.32
1246 1.47 -1.47 -1.47
1247 1.47 -1.176 -1.47
1248 1.47 -0.882 -1.47
1249 1.47 -0.588 -1.47
1250 1.47 -0.294 -1.47
1251 1.47 0 -1.47
1252 1.47 0.294 -1.47
1253 1.47 0.588 -1.47
1254 1.47 0.882 -1.47
1255 1.47 1.176 -1.47
1256 1.47 1.47 -1.47
1257 1.47 -1.47 -1.176
1258 1.47 -1.176 -1.176
1259 1.47 -0.882 -1.176
1260 1.47 -0.588 -1.176
1261 1.47 -0.294 -1.176
1262 1.47 0 -1.176
1263 1.47 0.294 -1.176
1264 1.47 0.588 -1.176
1265 1.47 0.882 -1.176
1266 1.47 1.176 -1.176
1267 1.47 1.47 -1.176
1268 1.47 -1.47 -0.882
1269 1.47 -1.176 -0.882
1270 1.47 -0.882 -0.882
1271 1.47 -0.588 -0.882
1272 1.47 -0.294 -0.882
1273 1.47 0 -0.882
1274 1.47 0.294 -0.882
1275 1.47 0.588 -0.882
1276 1.47 0.882 -0.882
1277 1.47 1.176 -0.882
1278 1.47 1.47 -0.882
1279 1.47 -1.47 -0.588
1280 1.47 -1.176 -0.588
1281 1.47 -0.882 -0.588
1282 1.47 -0.588 -0.588
1283 1.47 -0.294 -0.588
1284 1.47 0 -0.588
1285 1.47 0.294 -0.588
1286 1.47 0.588 -0.588
1287 1.47 0.882 -0.588
1288 1.47 1.176 -0.588
1289 1.47 1.47 -0.588
1290 1.47 -1.47 -0.294
1291 1.47 -1.176 -0.294
1292 1.47 -0.882 -0.294
1293 1.47 -0.588 -0.294
1294 1.47 -0.294 -0.294
1295 1.47 0 -0.294
1296 1.47 0.294 -0.294
1297 1.47 0.588 -0.294
1298 1.47 0.882 -0.294
1299 1.47 1.176 -0.294
1300 1.47 1.47 -0.294
1301 1.47 -1.47 0
1302 1.47 -1.176 0
1303 1.47 -0.882 0
1304 1.47 -0.588 0
1305 1.47 -0.294 0
1306 1.47 0 0
1307 1.47 0.294 0
1308 1.47 0.588 0
1309 1.47 0.882 0
1310 1.47 1.176 0
1311 1.47 1.47 0
1312 1.47 -1.47 0.294
1313 1.47 -1.176 0.294
1314 1.47 -0.882 0.294
1315 1.47 -0.588 0.294
1316 1.47 -0.294 0.294
1317 1.47 0 0.294
1318 1.47 0.294 0.294
1319 1.47 0.588 0.294
1320 1.47 0.882 0.294
1321 1.47 1.176 0.294
1322 1.47 1.47 0.294
1323 1.47 -1.47 0.588
1324 1.47 -1.176 0.588
1325 1.47 -0.882 0.588
1326 1.47 -0.588 0.588
1327 1.47 -0.294 0.588
1328 1.47 0 0.588
1329 1.47 0.294 0.588
1330 1.47 0.588 0.588
1331 1.47 0.882 0.588
1332 1.47 1.176 0.588
1333 1.47 1.47 0.588
1334 1.47 -1.47 0.882
1335 1.47 -1.176 0.882
1336 1.47 -0.882 0.882
1337 1.47 -0.588 0.882
1338 1.47 -0.294 0.882
1339 1.47 0 0.882
1340 1.47 0.294 0.882
1341 1.47 0.588 0.882
1342 1.47 0.882 0.882
1343 1.47 1.176 0.882
1344 1.47 1.47 0.882
1345 1.47 -1.47 1.176
1346 1.47 -1.176 1.176
1347 1.47 -0.882 1.176
1348 1.47 -0.588 1.176
1349 1.47 -0.294 1.176
1350 1.47 0 1.176
1351 1.47 0.294 1.176
1352 1.47 0.588 1.176
1353 1.47 0.882 1.176
1354 1.47 1.176 1.176
1355 1.47 1.47 1.176
1356 1.47 -1.47 1.47
1357 1.47 -1.176 1.47
1358 1.47 -0.882 1.47
1359 1.47 -0.588 1.47
1360 1.47 -0.294 1.47
1361 1.47 0 1.47
1362 1.47 0.294 1.47
1363 1.47 0.588 1.47
1364 1.47 0.882 1.47
1365 1.47 1.176 1.47
1366 1.47 1.47 1.47
1367 1.62 -1.62 -1.62
1368 1.62 -1.296 -1.62
1369 1.62 -0.972 -1.62
1370 1.62 -0.648 -1.62
1371 1.62 -0.324 -1.62
1372 1.62 0 -1.62
1373 1.62 0.324 -1.62
1374 1.62 0.648 -1.62
1375 1.62 0.972 -1.62
1376 1.62 1.296 -1.62
1377 1.62 1.62 -1.62
1378 1.62 -1.62 -1.296
1379 1.62 -1.296 -1.296
1380 1.62 -0.972 -1.296
1381 1.62 -0.648 -1.296
1382 1.62 -0.324 -1.296
1383 1.62 0 -1.296
1384 1.62 0.324 -1.296
1385 1.62 0.648 -1.296
1386 1.62 0.972 -1.296
1387 1.62 1.296 -1.296
1388 1.62 1.62 -1.296
1389 1.62 -1.62 -0.972
1390 1.62 -1.296 -0.972
1391 1.62 -0.972 -0.972
1392 1.62 -0.648 -0.972
1393 1.62 -0.324 -0.972
1394 1.62 0 -0.972
1395 1.62 0.324 -0.972
1396 1.62 0.648 -0.972
1397 1.62 0.972 -0.972
1398 1.62 1.296 -0.972
1399 1.62 1.62 -0.972
1400 1.62 -1.62 -0.648
1401 1.62 -1.296 -0.648
1402 1.62 -0.972 -0.648
1403 1.62 -0.648 -0.648
1404 1.62 -0.324 -0.648
1405 1.62 0 -0.648
1406 1.62 0.324 -0.648
1407 1.62 0.648 -0.648
1408 1.62 0.972 -0.648
1409 1.62 1.296 -0.648
1410 1.62 1.62 -0.648
1411 1.62 -1.62 -0.324
1412 1.62 -1.296 -0.324
1413 1.62 -0.972 -0.324
1414 1.62 -0.648 -0.324
1415 1.62 -0.324 -0.324
1416 1.62 0 -0.324
1417 1.62 0.324 -0.324
1418 1.62 0.648 -0.324
1419 1.62 0.972 -0.324
1420 1.62 1.296 -0.324
1421 1.62 1.62 -0.324
1422 1.62 -1.62 0
1423 1.62 -1.296 0
1424 1.62 -0.972 0
1425 1.62 -0.648 0
1426 1.62 -0.324 0
1427 1.62 0 0
1428 1.62 0.324 0
1429 1.62 0.648 0
1430 1.62 0.972 0
1431 1.62 1.296 0
1432 1.62 1.62 0
1433 1.62 -1.62 0.324
1434 1.62 -1.296 0.324
1435 1.62 -0.972 0.324
1436 1.62 -0.648 0.324
1437 1.62 -0.324 0.324
1438 1.62 0 0.324
1439 1.62 0.324 0.324
1440 1.62 0.648 0.324
1441 1.62 0.972 0.324
1442 1.62 1.296 0.324
1443 1.62 1.62 0.324
1444 1.62 -1.62 0.648
1445 1.62 -1.296 0.648
1446 1.62 -0.972 0.648
1447 1.62 -0.648 0.648
1448 1.62 -0.324 0.648
1449 1.62 0 0.648
1450 1.62 0.324 0.648
1451 1.62 0.648 0.648
1452 1.62 0.972 0.648
1453 1.62 1.296 0.648
1454 1.62 1.62 0.648
1455 1.62 -1.62 0.972
1456 1.62 -1.296 0.972
1457 1.62 -0.972 0.972
1458 1.62 -0.648 0.972
1459 1.62 -0.324 0.972
1460 1.62 0 0.972
1461 1.62 0.324 0.972
1462 1.62 0.648 0.972
1463 1.62 0.972 0.972
1464 1.62 1.296 0.972
1465 1.62 1.62 0.972
1466 1.62 -1.62 1.296
1467 1.62 -1.296 1.296
1468 1.62 -0.972 1.296
1469 1.62 -0.648 1.296
1470 1.62 -0.324 1.296
1471 1.62 0 1.296
1472 1.62 0.324 1.296
1473 1.62 0.648 1.296
1474 1.62 0.972 1.296
1475 1.62 1.296 1.296
1476 1.62 1.62 1.296
1477 1.62 -1.62 1.62
1478 1.62 -1.296 1.62
1479 1.62 -0.972 1.62
1480 1.62 -0.648 1.62
1481 1.62 -0.324 1.62
1482 1.62 0 1.62
1483 1.62 0.324 1.62
1484 1.62 0.648 1.62
1485 1.62 0.972 1.62
1486 1.62 1.296 1.62
1487 1.62 1.62 1.62
1488 -1.056 -1.32 -1.32
1489 -0.792 -1.32 -1.32
1490 -0.528 -1.32 -1.32
1491 -0.264 -1.32 -1.32
1492 0.264 -1.32 -1.32
1493 0.528 -1.32 -1.32
1494 0.792 -1.32 -1.32
1495 1.056 -1.32 -1.32
1496 -1.056 -1.32 -1.056
1497 -0.792 -1.32 -1.056
1498 -0.528 -1.32 -1.056
1499 -0.264 -1.32 -1.056
1500 0 -1.32 -1.056
1501 0.264 -1.32 -1.056
1502 0.528 -1.32 -1.056
1503 0.792 -1.32 -1.056
1504 1.056 -1.32 -1.056
1505 -1.056 -1.32 -0.792
1506 -0.792 -1.32 -0.792
1507 -0.528 -1.32 -0.792
1508 -0.264 -1.32 -0.792
1509 0 -1.32 -0.792
1510 0.264 -1.32 -0.792
1511 0.528 -1.32 -0.792
1512 0.792 -1.32 -0.792
1513 1.056 -1.32 -0.792
1514 -1.056 -1.32 -0.528
1515 -0.792 -1.32 -0.528
1516 -0.528 -1.32 -0.528
1517 -0.264 -1.32 -0.528
1518 0 -1.32 -0.528
1519 0.264 -1.32 -0.528
1520 0.528 -1.32 -0.528
1521 0.792 -1.32 -0.528
1522 1.056 -1.32 -0.528
1523 -1.056 -1.32 -0.264
1524 -0.792 -1.32 -0.264
1525 -0.528 -1.32 -0.264
1526 -0.264 -1.32 -0.264
1527 0 -1.32 -0.264
1528 0.264 -1.32 -0.264
1529 0.528 -1.32 -0.264
1530 0.792 -1.32 -0.264
1531 1.056 -1.32 -0.264
1532 -1.056 -1.32 0
1533 -0.792 -1.32 0
1534 -0.528 -1.32 0
1535 -0.264 -1.32 0
1536 0.264 -1.32 0
1537 0.528 -1.32 0
1538 0.792 -1.32 0
1539 1.056 -1.32 0
1540 -1.056 -1.32 0.264
1541 -0.792 -1.32 0.264
1542 -0.528 -1.32 0.264
1543 -0.264 -1.32 0.264
1544 0 -1.32 0.264
1545 0.264 -1.32 0.264
1546 0.528 -1.32 0.264
1547 0.792 -1.32 0.264
1548 1.056 -1.32 0.264
1549 -1.056 -1.32 0.528
1550 -0.792 -1.32 0.528
1551 -0.528 -1.32 0.528
1552 -0.264 -1.32 0.528
1553 0 -1.32 0.528
1554 0.264 -1.32 0.528
1555 0.528 -1.32 0.528
1556 0.792 -1.32 0.528
1557 1.056 -1.32 0.528
1558 -1.056 -1.32 0.792
1559 -0.792 -1.32 0.792
1560 -0.528 -1.32 0.792
1561 -0.264 -1.32 0.792
1562 0 -1.32 0.792
1563 0.264 -1.32 0.792
1564 0.528 -1.32 0.792
1565 0.792 -1.32 0.792
1566 1.056 -1.32 0.792
1567 -1.056 -1.32 1.056
1568 -0.792 -1.32 1.056
1569 -0.528 -1.32 1.056
1570 -0.264 -1.32 1.056
1571 0 -1.32 1.056
1572 0.264 -1.32 1.056
1573 0.528 -1.32 1.056
1574 0.792 -1.32 1.056
1575 1.056 -1.32 1.056
1576 -1.056 -1.32 1.32
1577 -0.792 -1.32 1.32
1578 -0.528 -1.32 1.32
1579 -0.264 -1.32 1.32
1580 0.264 -1.32 1.32
1581 0.528 -1.32 1.32
1582 0.792 -1.32 1.32
1583 1.056 -1.32 1.32
1584 -1.176 -1.47 -1.47
1585 -0.882 -1.47 -1.47
1586 -0.588 -1.47 -1.47
1587 -0.294 -1.47 -1.47
1588 0 -1.47 -1.47
1589 0.294 -1.47 -1.47
1590 0.588 -1.47 -1.47
1591 0.882 -1.47 -1.47
1592 1.176 -1.47 -1.47
1593 -1.176 -1.47 -1.176
1594 -0.882 -1.47 -1.176
1595 -0.588 -1.47 -1.176
1596 -0.294 -1.47 -1.176
1597 0 -1.47 -1.176
1598 0.294 -1.47 -1.176
1599 0.588 -1.47 -1.176
1600 0.882 -1.47 -1.176
1601 1.176 -1.47 -1.176
1602 -1.176 -1.47 -0.882
1603 -0.882 -1.47 -0.882
1604 -0.588 -1.47 -0.882
1605 -0.294 -1.47 -0.882
1606 0 -1.47 -0.882
1607 0.294 -1.47 -0.882
1608 0.588 -1.47 -0.882
1609 0.882 -1.47 -0.882
1610 1.176 -1.47 -0.882
1611 -1.176 -1.47 -0.588
1612 -0.882 -1.47 -0.588
1613 -0.588 -1.47 -0.588
1614 -0.294 -1.47 -0.588
1615 0 -1.47 -0.588
1616 0.294 -1.47 -0.588
1617 0.588 -1.47 -0.588
1618 0.882 -1.47 -0.588
1619 1.176 -1.47 -0.588
1620 -1.176 -1.47 -0.294
1621 -0.882 -1.47 -0.294
1622 -0.588 -1.47 -0.294
1623 -0.294 -1.47 -0.294
1624 0 -1.47 -0.294
1625 0.294 -1.47 -0.294
1626 0.588 -1.47 -0.294
1627 0.882 -1.47 -0.294
1628 1.176 -1.47 -0.294
1629 -1.176 -1.47 0
1630 -0.882 -1.47 0
1631 -0.588 -1.47 0
1632 -0.294 -1.47 0
1633 0 -1.47 0
1634 0.294 -1.47 0
1635 0.588 -1.47 0
1636 0.882 -1.47 0
1637 1.176 -1.47 0
1638 -1.176 -1.47 0.294
1639 -0.882 -1.47 0.294
1640 -0.588 -1.47 0.294
1641 -0.294 -1.47 0.294
1642 0 -1.47 0.294
1643 0.294 -1.47 0.294
1644 0.588 -1.47 0.294
1645 0.882 -1.47 0.294
1646 1.176 -1.47 0.294
1647 -1.176 -1.47 0.588
1648 -0.882 -1.47 0.588
1649 -0.588 -1.47 0.588
1650 -0.294 -1.47 0.588
1651 0 -1.47 0.588
1652 0.294 -1.47 0.588
1653 0.588 -1.47 0.588
1654 0.882 -1.47 0.588
1655 1.176 -1.47 0.588
1656 -1.176 -1.47 0.882
1657 -0.882 -1.47 0.882
1658 -0.588 -1.47 0.882
1659 -0.294 -1.47 0.882
1660 0 -1.47 0.882
1661 0.294 -1.47 0.882
1662 0.588 -1.47 0.882
1663 0.882 -1.47 0.882
1664 1.176 -1.47 0.882
1665 -1.176 -1.47 1.176
1666 -0.882 -1.47 1.176
1667 -0.588 -1.47 1.176
1668 -0.294 -1.47 1.176
1669 0 -1.47 1.176
1670 0.294 -1.47 1.176
1671 0.588 -1.47 1.176
1672 0.882 -1.47 1.176
1673 1.176 -1.47 1.176
1674 -1.176 -1.47 1.47
1675 -0.882 -1.47 1.47
1676 -0.588 -1.47 1.47
1677 -0.294 -1.47 1.47
1678 0 -1.47 1.47
1679 0.294 -1.47 1.47
1680 0.588 -1.47 1.47
1681 0.882 -1.47 1.47
1682 1.176 -1.47 1.47
1683 -1.296 -1.62 -1.62
1684 -0.972 -1.62 -1.62
1685 -0.648 -1.62 -1.62
1686 -0.324 -1.62 -1.62
1687 0 -1.62 -1.62
1688 0.324 -1.62 -1.62
1689 0.648 -1.62 -1.62
1690 0.972 -1.62 -1.62
1691 1.296 -1.62 -1.62
1692 -1.296 -1.62 -1.296
1693 -0.972 -1.62 -1.296
1694 -0.648 -1.62 -1.296
1695 -0.324 -1.62 -1.296
1696 0 -1.62 -1.296
1697 0.324 -1.62 -1.296
1698 0.648 -1.62 -1.296
1699 0.972 -1.62 -1.296
1700 1.296 -1.62 -1.296
1701 -1.296 -1.62 -0.972
1702 -0.972 -1.62 -0.972
1703 -0.648 -1.62 -0.972
1704 -0.324 -1.62 -0.972
1705 0 -1.62 -0.972
1706 0.324 -1.62 -0.972
1707 0.648 -1.62 -0.972
1708 0.972 -1.62 -0.972
1709 1.296 -1.62 -0.972
1710 -1.296 -1.62 -0.648
1711 -0.972 -1.62 -0.648
1712 -0.648 -1.62 -0.648
1713 -0.324 -1.62 -0.648
1714 0 -1.62 -0.648
1715 0.324 -1.62 -0.648
1716 0.648 -1.62 -0.648
1717 0.972 -1.62 -0.648
1718 1.296 -1.62 -0.648
1719 -1.296 -1.62 -0.324
1720 -0.972 -1.62 -0.324
1721 -0.648 -1.62 -0.324
1722 -0.324 -1.62 -0.324
1723 0 -1.62 -0.324
1724 0.324 -1.62 -0.324
1725 0.648 -1.62 -0.324
1726 0.972 -1.62 -0.324
1727 1.296 -1.62 -0.324
1728 -1.296 -1.62 0
1729 -0.972 -1.62 0
1730 -0.648 -1.62 0
1731 -0.324 -1.62 0
1732 0 -1.62 0
1733 0.324 -1.62 0
1734 0.648 -1.62 0
1735 0.972 -1.62 0
1736 1.296 -1.62 0
1737 -1.296 -1.62 0.324
1738 -0.972 -1.62 0.324
1739 -0.648 -1.62 0.324
1740 -0.324 -1.62 0.324
1741 0 -1.62 0.324
1742 0.324 -1.62 0.324
1743 0.648 -1.62 0.324
1744 0.972 -1.62 0.324
1745 1.296 -1.62 0.324
1746 -1.296 -1.62 0.648
1747 -0.972 -1.62 0.648
1748 -0.648 -1.62 0.648
1749 -0.324 -1.62 0.648
1750 0 -1.62 0.648
1751 0.324 -1.62 0.648
1752 0.648 -1.62 0.648
1753 0.972 -1.62 0.648
1754 1.296 -1.62 0.648
1755 -1.296 -1.62 0.972
1756 -0.972 -1.62 0.972
1757 -0.648 -1.62 0.972
1758 -0.324 -1.62 0.972
1759 0 -1.62 0.972
1760 0.324 -1.62 0.972
1761 0.648 -1.62 0.972
1762 0.972 -1.62 0.972
1763 1.296 -1.62 0.972
1764 -1.296 -1.62 1.296
1765 -0.972 -1.62 1.296
1766 -0.648 -1.62 1.296
1767 -0.324 -1.62 1.296
1768 0 -1.62 1.296
1769 0.324 -1.62 1.296
1770 0.648 -1.62 1.296
1771 0.972 -1.62 1.296
1772 1.296 -1.62 1.296
1773 -1.296 -1.62 1.62
1774 -0.972 -1.62 1.62
1775 -0.648 -1.62 1.62
1776 -0.324 -1.62 1.62
1777 0 -1.62 1.62
1778 0.324 -1.62 1.62
1779 0.648 -1.62 1.62
1780 0.972 -1.62 1.62
1781 1.296 -1.62 1.62
1782 -1.056 1.32 -1.32
1783 -1.056 1.32 -1.056
1784 -1.056 1.32 -0.792
1785 -1.056 1.32 -0.528
1786 -1.056 1.32 -0.264
1787 -1.056 1.32 0
1788 -1.056 1.32 0.264
1789 -1.056 1.32 0.528
1790 -1.056 1.32 0.792
1791 -1.056 1.32 1.056
1792 -1.056 1.32 1.32
1793 -0.792 1.32 -1.32
1794 -0.792 1.32 -1.056
1795 -0.792 1.32 -0.792
1796 -0.792 1.32 -0.528
1797 -0.792 1.32 -0.264
1798 -0.792 1.32 0
1799 -0.792 1.32 0.264
1800 -0.792 1.32 0.528
1801 -0.792 1.32 0.792
1802 -0.792 1.32 1.056
1803 -0.792 1.32 1.32
1804 -0.528 1.32 -1.32
1805 -0.528 1.32 -1.056
1806 -0.528 1.32 -0.792
1807 -0.528 1.32 -0.528
1808 -0.528 1.32 -0.264
1809 -0.528 1.32 0
1810 -0.528 1.32 0.264
1811 -0.528 1.32 0.528
1812 -0.528 1.32 0.792
1813 -0.528 1.32 1.056
1814 -0.528 1.32 1.32
1815 -0.264 1.32 -1.32
1816 -0.264 1.32 -1.056
1817 -0.264 1.32 -0.792
1818 -0.264 1.32 -0.528
1819 -0.264 1.32 -0.264
1820 -0.264 1.32 0
1821 -0.264 1.32 0.264
1822 -0.264 1.32 0.528
1823 -0.264 1.32 0.792
1824 -0.264 1.32 1.056
1825 -0.264 1.32 1.32
1826 0 1.32 -1.056
1827 0 1.32 -0.792
1828 0 1.32 -0.528
1829 0 1.32 -0.264
1830 0 1.32 0.264
1831 0 1.32 0.528
1832 0 1.32 0.792
1833 0 1.32 1.056
1834 0.264 1.32 -1.32
1835 0.264 1.32 -1.056
1836 0.264 1.32 -0.792
1837 0.264 1.32 -0.528
1838 0.264 1.32 -0.264
1839 0.264 1.32 0
1840 0.264 1.32 0.264
1841 0.264 1.32 0.528
1842 0.264 1.32 0.792
1843 0.264 1.32 1.056
1844 0.264 1.32 1.32
1845 0.528 1.32 -1.32
1846 0.528 1.32 -1.056
1847 0.528 1.32 -0.792
1848 0.528 1.32 -0.528
1849 0.528 1.32 -0.264
1850 0.528 1.32 0
1851 0.528 1.32 0.264
1852 0.528 1.32 0.528
1853 0.528 1.32 0.792
1854 0.528 1.32 1.056
1855 0.528 1.32 1.32
1856 0.792 1.32 -1.32
1857 0.792 1.32 -1.056
1858 0.792 1.32 -0.792
1859 0.792 1.32 -0.528
1860 0.792 1.32 -0.264
1861 0.792 1.32 0
1862 0.792 1.32 0.264
1863 0.792 1.32 0.528
1864 0.792 1.32 0.792
1865 0.792 1.32 1.056
1866 0.792 1.32 1.32
1867 1.056 1.32 -1.32
1868 1.056 1.32 -1.056
1869 1.056 1.32 -0.792
1870 1.056 1.32 -0.528
1871 1.056 1.32 -0.264
1872 1.056 1.32 0
1873 1.056 1.32 0.264
1874 1.056 1.32 0.528
1875 1.056 1.32 0.792
1876 1.056 1.32 1.056
1877 1.056 1.32 1.32
1878 -1.176 1.47 -1.47
1879 -1.176 1.47 -1.176
1880 -1.176 1.47 -0.882
1881 -1.176 1.47 -0.588
1882 -1.176 1.47 -0.294
1883 -1.176 1.47 0
1884 -1.176 1.47 0.294
1885 -1.176 1.47 0.588
1886 -1.176 1.47 0.882
1887 -1.176 1.47 1.176
1888 -1.176 1.47 1.47
1889 -0.882 1.47 -1.47
1890 -0.882 1.47 -1.176
1891 -0.882 1.47 -0.882
1892 -0.882 1.47 -0.588
1893 -0.882 1.47 -0.294
1894 -0.882 1.47 0
1895 -0.882 1.47 0.294
1896 -0.882 1.47 0.588
1897 -0.882 1.47 0.882
1898 -0.882 1.47 1.176
1899 -0.882 1.47 1.47
1900 -0.588 1.47 -1.47
1901 -0.588 1.47 -1.176
1902 -0.588 1.47 -0.882
1903 -0.588 1.47 -0.588
1904 -0.588 1.47 -0.294
1905 -0.588 1.47 0
1906 -0.588 1.47 0.294
1907 -0.588 1.47 0.588
1908 -0.588 1.47 0.882
1909 -0.588 1.47 1.176
1910 -0.588 1.47 1.47
1911 -0.294 1.47 -1.47
1912 -0.294 1.47 -1.176
1913 -0.294 1.47 -0.882
1914 -0.294 1.47 -0.588
1915 -0.294 1.47 -0.294
1916 -0.294 1.47 0
1917 -0.294 1.47 0.294
1918 -0.294 1.47 0.588
1919 -0.294 1.47 0.882
1920 -0.294 1.47 1.176
1921 -0.294 1.47 1.47
1922 0 1.47 -1.47
1923 0 1.47 -1.176
1924 0 1.47 -0.882
1925 0 1.47 -0.588
1926 0 1.47 -0.294
1927 0 1.47 0
1928 0 1.47 0.294
1929 0 1.47 0.588
1930 0 1.47 0.882
1931 0 1.47 1.176
1932 0 1.47 1.47
1933 0.294 1.47 -1.47
1934 0.294 1.47 -1.176
1935 0.294 1.47 -0.882
1936 0.294 1.47 -0.588
1937 0.294 1.47 -0.294
1938 0.294 1.47 0
1939 0.294 1.47 0.294
1940 0.294 1.47 0.588
1941 0.294 1.47 0.882
1942 0.294 1.47 1.176
1943 0.294 1.47 1.47
1944 0.588 1.47 -1.47
1945 0.588 1.47 -1.176
1946 0.588 1.47 -0.882
1947 0.588 1.47 -0.588
1948 0.588 1.47 -0.294
1949 0.588 1.47 0
1950 0.588 1.47 0.294
1951 0.588 1.47 0.588
1952 0.588 1.47 0.882
1953 0.588 1.47 1.176
1954 0.588 1.47 1.47
1955 0.882 1.47 -1.47
1956 0.882 1.47 -1.176
1957 0.882 1.47 -0.882
1958 0.882 1.47 -0.588
1959 0.882 1.47 -0.294
1960 0.882 1.47 0
1961 0.882 1.47 0.294
1962 0.882 1.47 0.588
1963 0.882 1.47 0.882
1964 0.882 1.47 1.176
1965 0.882 1.47 1.47
1966 1.176 1.47 -1.47
1967 1.176 1.47 -1.176
1968 1.176 1.47 -0.882
1969 1.176 1.47 -0.588
1970 1.176 1.47 -0.294
1971 1.176 1.47 0
1972 1.176 1.47 0.294
1973 1.176 1.47 0.588
1974 1.176 1.47 0.882
1975 1.176 1.47 1.176
1976 1.176 1.47 1.47
1977 -1.296 1.62 -1.62
1978 -1.296 1.62 -1.296
1979 -1.296 1.62 -0.972
1980 -1.296 1.62 -0.648
1981 -1.296 1.62 -0.324
1982 -1.296 1.62 0
1983 -1.296 1.62 0.324
1984 -1.296 1.62 0.648
1985 -1.296 1.62 0.972
1986 -1.296 1.62 1.296
1987 -1.296 1.62 1.62
1988 -0.972 1.62 -1.62
1989 -0.972 1.62 -1.296
1990 -0.972 1.62 -0.972
1991 -0.972 1.62 -0.648
1992 -0.972 1.62 -0.324
1993 -0.972 1.62 0
1994 -0.972 1.62 0.324
1995 -0.972 1.62 0.648
1996 -0.972 1.62 0.972
1997 -0.972 1.62 1.296
1998 -0.972 1.62 1.62
1999 -0.648 1.62 -1.62
2000 -0.648 1.62 -1.296
2001 -0.648 1.62 -0.972
2002 -0.648 1.62 -0.648
2003 -0.648 1.62 -0.324
2004 -0.648 1.62 0
2005 -0.648 1.62 0.324
2006 -0.648 1.62 0.648
2007 -0.648 1.62 0.972
2008 -0.648 1.62 1.296
2009 -0.648 1.62 1.62
2010 -0.324 1.62 -1.62
2011 -0.324 1.62 -1.296
2012 -0.324 1.62 -0.972
2013 -0.324 1.62 -0.648
2014 -0.324 1.62 -0.324
2015 -0.324 1.62 0
2016 -0.324 1.62 0.324
2017 -0.324 1.62 0.648
2018 -0.324 1.62 0.972
2019 -0.324 1.62 1.296
2020 -0.324 1.62 1.62
2021 0 1.62 -1.62
2022 0 1.62 -1.296
2023 0 1.62 -0.972
2024 0 1.62 -0.648
2025 0 1.62 -0.324
2026 0 1.62 0
2027 0 1.62 0.324
2028 0 1.62 0.648
2029 0 1.62 0.972
2030 0 1.62 1.296
2031 0 1.62 1.62
2032 0.324 1.62 -1.62
2033 0.324 1.62 -1.296
2034 0.324 1.62 -0.972
2035 0.324 1.62 -0.648
2036 0.324 1.62 -0.324
2037 0.324 1.62 0
2038 0.324 1.62 0.324
2039 0.324 1.62 0.648
2040 0.324 1.62 0.972
2041 0.324 1.62 1.296
2042 0.324 1.62 1.62
2043 0.648 1.62 -1.62
2044 0.648 1.62 -1.296
2045 0.648 1.62 -0.972
2046 0.648 1.62 -0.648
2047 0.648 1.62 -0.324
2048 0.648 1.62 0
2049 0.648 1.62 0.324
2050 0.648 1.62 0.648
2051 0.648 1.62 0.972
2052 0.648 1.62 1.296
2053 0.648 1.62 1.62
2054 0.972 1.62 -1.62
2055 0.972 1.62 -1.296
2056 0.972 1.62 -0.972
2057 0.972 1.62 -0.648
2058 0.972 1.62 -0.324
2059 0.972 1.62 0
2060 0.972 1.62 0.324
2061 0.972 1.62 0.648
2062 0.972 1.62 0.972
2063 0.972 1.62 1.296
2064 0.972 1.62 1.62
2065 1.296 1.62 -1.62
2066 1.296 1.62 -1.296
2067 1.296 1.62 -0.972
2068 1.296 1.62 -0.648
2069 1.296 1.62 -0.324
2070 1.296 1.62 0
2071 1.296 1.62 0.324
2072 1.296 1.62 0.648
2073 1.296 1.62 0.972
2074 1.296 1.62 1.296
2075 1.296 1.62 1.62
2076 -1.056 -1.056 -1.32
2077 -1.056 -0.792 -1.32
2078 -1.056 -0.528 -1.32
2079 -1.056 -0.264 -1.32
2080 -1.056 0 -1.32
2081 -1.056 0.264 -1.32
2082 -1.056 0.528 -1.32
2083 -1.056 0.792 -1.32
2084 -1.056 1.056 -1.32
2085 -0.792 -1.056 -1.32
2086 -0.792 -0.792 -1.32
2087 -0.792 -0.528 -1.32
2088 -0.792 -0.264 -1.32
2089 -0.792 0 -1.32
2090 -0.792 0.264 -1.32
2091 -0.792 0.528 -1.32
2092 -0.792 0.792 -1.32
2093 -0.792 1.056 -1.32
2094 -0.528 -1.056 -1.32
2095 -0.528 -0.792 -1.32
2096 -0.528 -0.528 -1.32
2097 -0.528 -0.264 -1.32
2098 -0.528 0 -1.32
2099 -0.528 0.264 -1.32
2100 -0.528 0.528 -1.32
2101 -0.528 0.792 -1.32
2102 -0.528 1.056 -1.32
2103 -0.264 -1.056 -1.32
2104 -0.264 -0.792 -1.32
2105 -0.264 -0.528 -1.32
2106 -0.264 -0.264 -1.32
2107 -0.264 0 -1.32
2108 -0.264 0.264 -1.32
2109 -0.264 0.528 -1.32
2110 -0.264 0.792 -1.32
2111 -0.264 1.056 -1.32
2112 0 -1.056 -1.32
2113 0 -0.792 -1.32
2114 0 -0.528 -1.32
2115 0 -0.264 -1.32
2116 0 0.264 -1.32
2117 0 0.528 -1.32
2118 0 0.792 -1.32
2119 0 1.056 -1.32
2120 0.264 -1.056 -1.32
2121 0.264 -0.792 -1.32
2122 0.264 -0.528 -1.32
2123 0.264 -0.264 -1.32
2124 0.264 0 -1.32
2125 0.264 0.264 -1.32
2126 0.264 0.528 -1.32
2127 0.264 0.792 -1.32
2128 0.264 1.056 -1.32
2129 0.528 -1.056 -1.32
2130 0.528 -0.792 -1.32
2131 0.528 -0.528 -1.32
2132 0.528 -0.264 -1.32
2133 0.528 0 -1.32
2134 0.528 0.264 -1.32
2135 0.528 0.528 -1.32
2136 0.528 0.792 -1.32
2137 0.528 1.056 -1.32
2138 0.792 -1.056 -1.32
2139 0.792 -0.792 -1.32
2140 0.792 -0.528 -1.32
2141 0.792 -0.264 -1.32
2142 0.792 0 -1.32
2143 0.792 0.264 -1.32
2144 0.792 0.528 -1.32
2145 0.792 0.792 -1.32
2146 0.792 1.056 -1.32
2147 1.056 -1.056 -1.32
2148 1.056 -0.792 -1.32
2149 1.056 -0.528 -1.32
2150 1.056 -0.264 -1.32
2151 1.056 0 -1.32
2152 1.056 0.264 -1.32
2153 1.056 0.528 -1.32
2154 1.056 0.792 -1.32
2155 1.056 1.056 -1.32
2156 -1.176 -1.176 -1.47
2157 -1.176 -0.882 -1.47
2158 -1.176 -0.588 -1.47
2159 -1.176 -0.294 -1.47
2160 -1.176 0 -1.47
2161 -1.176 0.294 -1.47
2162 -1.176 0.588 -1.47
2163 -1.176 0.882 -1.47
2164 -1.176 1.176 -1.47
2165 -0.882 -1.176 -1.47
2166 -0.882 -0.882 -1.47
2167 -0.882 -0.588 -1.47
2168 -0.882 -0.294 -1.47
2169 -0.882 0 -1.47
2170 -0.882 0.294 -1.47
2171 -0.882 0.588 -1.47
2172 -0.882 0.882 -1.47
2173 -0.882 1.176 -1.47
2174 -0.588 -1.176 -1.47
2175 -0.588 -0.882 -1.47
2176 -0.588 -0.588 -1.47
2177 -0.588 -0.294 -1.47
2178 -0.588 0 -1.47
2179 -0.588 0.294 -1.47
2180 -0.588 0.588 -1.47
2181 -0.588 0.882 -1.47
2182 -0.588 1.176 -1.47
2183 -0.294 -1.176 -1.47
2184 -0.294 -0.882 -1.47
2185 -0.294 -0.588 -1.47
2186 -0.294 -0.294 -1.47
2187 -0.294 0 -1.47
2188 -0.294 0.294 -1.47
2189 -0.294 0.588 -1.47
2190 -0.294 0.882 -1.47
2191 -0.294 1.176 -1.47
2192 0 -1.176 -1.47
2193 0 -0.882 -1.47
2194 0 -0.588 -1.47
2195 0 -0.294 -1.47
2196 0 0 -1.47
2197 0 0.294 -1.47
2198 0 0.588 -1.47
2199 0 0.882 -1.47
2200 0 1.176 -1.47
2201 0.294 -1.176 -1.47
2202 0.294 -0.882 -1.47
2203 0.294 -0.588 -1.47
2204 0.294 -0.294 -1.47
2205 0.294 0 -1.47
2206 0.294 0.294 -1.47
2207 0.294 0.588 -1.47
2208 0.294 0.882 -1.47
2209 0.294 1.176 -1.47
2210 0.588 -1.176 -1.47
2211 0.588 -0.882 -1.47
2212 0.588 -0.588 -1.47
2213 0.588 -0.294 -1.47
2214 0.588 0 -1.47
2215 0.588 0.294 -1.47
2216 0.588 0.588 -1.47
2217 0.588 0.882 -1.47
2218 0.588 1.176 -1.47
2219 0.882 -1.176 -1.47
2220 0.882 -0.882 -1.47
2221 0.882 -0.588 -1.47
2222 0.882 -0.294 -1.47
2223 0.882 0 -1.47
2224 0.882 0.294 -1.47
2225 0.882 0.588 -1.47
2226 0.882 0.882 -1.47
2227 0.882 1.176 -1.47
2228 1.176 -1.176 -1.47
2229 1.176 -0.882 -1.47
2230 1.176 -0.588 -1.47
2231 1.176 -0.294 -1.47
2232 1.176 0 -1.47
2233 1.176 0.294 -1.47
2234 1.176 0.588 -1.47
2235 1.176 0.882 -1.47
2236 1.176 1.176 -1.47
2237 -1.296 -1.296 -1.62
2238 -1.296 -0.972 -1.62
2239 -1.296 -0.648 -1.62
2240 -1.296 -0.324 -1.62
2241 -1.296 0 -1.62
2242 -1.296 0.324 -1.62
2243 -1.296 0.648 -1.62
2244 -1.296 0.972 -1.62
2245 -1.296 1.296 -1.62
2246 -0.972 -1.296 -1.62
2247 -0.972 -0.972 -1.62
2248 -0.972 -0.648 -1.62
2249 -0.972 -0.324 -1.62
2250 -0.972 0 -1.62
2251 -0.972 0.324 -1.62
2252 -0.972 0.648 -1.62
2253 -0.972 0.972 -1.62
2254 -0.972 1.296 -1.62
2255 -0.648 -1.296 -1.62
2256 -0.648 -0.972 -1.62
2257 -0.648 -0.648 -1.62
2258 -0.648 -0.324 -1.62
2259 -0.648 0 -1.62
2260 -0.648 0.324 -1.62
2261 -0.648 0.648 -1.62
2262 -0.648 0.972 -1.62
2263 -0.648 1.296 -1.62
2264 -0.324 -1.296 -1.62
2265 -0.324 -0.972 -1.62
2266 -0.324 -0.648 -1.62
2267 -0.324 -0.324 -1.62
2268 -0.324 0 -1.62
2269 -0.324 0.324 -1.62
2270 -0.324 0.648 -1.62
2271 -0.324 0.972 -1.62
2272 -0.324 1.296 -1.62
2273 0 -1.296 -1.62
2274 0 -0.972 -1.62
2275 0 -0.648 -1.62
2276 0 -0.324 -1.62
2277 0 0 -1.62
2278 0 0.324 -1.62
2279 0 0.648 -1.62
2280 0 0.972 -1.62
2281 0 1.296 -1.62
2282 0.324 -1.296 -1.62
2283 0.324 -0.972 -1.62
2284 0.324 -0.648 -1.62
2285 0.324 -0.324 -1.62
2286 0.324 0 -1.62
2287 0.324 0.324 -1.62
2288 0.324 0.648 -1.62
2289 0.324 0.972 -1.62
2290 0.324 1.296 -1.62
2291 0.648 -1.296 -1.62
2292 0.648 -0.972 -1.62
2293 0.648 -0.648 -1.62
2294 0.648 -0.324 -1.62
2295 0.648 0 -1.62
2296 0.648 0.324 -1.62
2297 0.648 0.648 -1.62
2298 0.648 0.972 -1.62
2299 0.648 1.296 -1.62
2300 0.972 -1.296 -1.62
2301 0.972 -0.972 -1.62
2302 0.972 -0.648 -1.62
2303 0.972 -0.324 -1.62
2304 0.972 0 -1.62
2305 0.972 0.324 -1.62
2306 0.972 0.648 -1.62
2307 0.972 0.972 -1.62
2308 0.972 1.296 -1.62
2309 1.296 -1.296 -1.62
2310 1.296 -0.972 -1.62
2311 1.296 -0.648 -1.62
2312 1.296 -0.324 -1.62
2313 1.296 0 -1.62
2314 1.296 0.324 -1.62
2315 1.296 0.648 -1.62
2316 1.296 0.972 -1.62
2317 1.296 1.296 -1.62
2318 -1.056 -1.056 1.32
2319 -0.792 -1.056 1.32
2320 -0.528 -1.056 1.32
2321 -0.264 -1.056 1.32
2322 0 -1.056 1.32
2323 0.264 -1.056 1.32
2324 0.528 -1.056 1.32
2325 0.792 -1.056 1.32
2326 1.056 -1.056 1.32
2327 -1.056 -0.792 1.32
2328 -0.792 -0.792 1.32
2329 -0.528 -0.792 1.32
2330 -0.264 -0.792 1.32
2331 0 -0.792 1.32
2332 0.264 -0.792 1.32
2333 0.528 -0.792 1.32
2334 0.792 -0.792 1.32
2335 1.056 -0.792 1.32
2336 -1.056 -0.528 1.32
2337 -0.792 -0.528 1.32
2338 -0.528 -0.528 1.32
2339 -0.264 -0.528 1.32
2340 0 -0.528 1.32
2341 0.264 -0.528 1.32
2342 0.528 -0.528 1.32
2343 0.792 -0.528 1.32
2344 1.056 -0.528 1.32
2345 -1.056 -0.264 1.32
2346 -0.792 -0.264 1.32
2347 -0.528 -0.264 1.32
2348 -0.264 -0.264 1.32
2349 0 -0.264 1.32
2350 0.264 -0.264 1.32
2351 0.528 -0.264 1.32
2352 0.792 -0.264 1.32
2353 1.056 -0.264 1.32
2354 -1.056 0 1.32
2355 -0.792 0 1.32
2356 -0.528 0 1.32
2357 -0.264 0 1.32
2358 0.264 0 1.32
2359 0.528 0 1.32
2360 0.792 0 1.32
2361 1.056 0 1.32
2362 -1.056 0.264 1.32
2363 -0.792 0.264 1.32
2364 -0.528 0.264 1.32
2365 -0.264 0.264 1.32
2366 0 0.264 1.32
2367 0.264 0.264 1.32
2368 0.528 0.264 1.32
2369 0.792 0.264 1.32
2370 1.056 0.264 1.32
2371 -1.056 0.528 1.32
2372 -0.792 0.528 1.32
2373 -0.528 0.528 1.32
2374 -0.264 0.528 1.32
2375 0 0.528 1.32
2376 0.264 0.528 1.32
2377 0.528 0.528 1.32
2378 0.792 0.528 1.32
2379 1.056 0.528 1.32
2380 -1.056 0.792 1.32
2381 -0.792 0.792 1.32
2382 -0.528 0.792 1.32
2383 -0.264 0.792 1.32
2384 0 0.792 1.32
2385 0.264 0.792 1.32
2386 0.528 0.792 1.32
2387 0.792 0.792 1.32
2388 1.056 0.792 1.32
2389 -1.056 1.056 1.32
2390 -0.792 1.056 1.32
2391 -0.528 1.056 1.32
2392 -0.264 1.056 1.32
2393 0 1.056 1.32
2394 0.264 1.056 1.32
2395 0.528 1.056 1.32
2396 0.792 1.056 1.32
2397 1.056 1.056 1.32
2398 -1.176 -1.176 1.47
2399 -0.882 -1.176 1.47
2400 -0.588 -1.176 1.47
2401 -0.294 -1.176 1.47
2402 0 -1.176 1.47
2403 0.294 -1.176 1.47
2404 0.588 -1.176 1.47
2405 0.882 -1.176 1.47
2406 1.176 -1.176 1.47
2407 -1.176 -0.882 1.47
2408 -0.882 -0.882 1.47
2409 -0.588 -0.882 1.47
2410 -0.294 -0.882 1.47
2411 0 -0.882 1.47
2412 0.294 -0.882 1.47
2413 0.588 -0.882 1.47
2414 0.882 -0.882 1.47
2415 1.176 -0.882 1.47
2416 -1.176 -0.588 1.47
2417 -0.882 -0.588 1.47
2418 -0.588 -0.588 1.47
2419 -0.294 -0.588 1.47
2420 0 -0.588 1.47
2421 0.294 -0.588 1.47
2422 0.588 -0.588 1.47
2423 0.882 -0.588 1.47
2424 1.176 -0.588 1.47
2425 -1.176 -0.294 1.47
2426 -0.882 -0.294 1.47
2427 -0.588 -0.294 1.47
2428 -0.294 -0.294 1.47
2429 0 -0.294 1.47
2430 0.294 -0.294 1.47
2431 0.588 -0.294 1.47
2432 0.882 -0.294 1.47
2433 1.176 -0.294 1.47
2434 -1.176 0 1.47
2435 -0.882 0 1.47
2436 -0.588 0 1.47
2437 -0.294 0 1.47
2438 0 0 1.47
2439 0.294 0 1.47
2440 0.588 0 1.47
2441 0.882 0 1.47
2442 1.176 0 1.47
2443 -1.176 0.294 1.47
2444 -0.882 0.294 1.47
2445 -0.588 0.294 1.47
2446 -0.294 0.294 1.47
2447 0 0.294 1.47
2448 0.294 0.294 1.47
2449 0.588 0.294 1.47
2450 0.882 0.294 1.47
2451 1.176 0.294 1.47
2452 -1.176 0.588 1.47
2453 -0.882 0.588 1.47
2454 -0.588 0.588 1.47
2455 -0.294 0.588 1.47
2456 0 0.588 1.47
2457 0.294 0.588 1.47
2458 0.588 0.588 1.47
2459 0.882 0.588 1.47
2460 1.176 0.588 1.47
2461 -1.176 0.882 1.47
2462 -0.882 0.882 1.47
2463 -0.588 0.882 1.47
2464 -0.294 0.882 1.47
2465 0 0.882 1.47
2466 0.294 0.882 1.47
2467 0.588 0.882 1.47
2468 0.882 0.882 1.47
2469 1.176 0.882 1.47
2470 -1.176 1.176 1.47
2471 -0.882 1.176 1.47
2472 -0.588 1.176 1.47
2473 -0.294 1.176 1.47
2474 0 1.176 1.47
2475 0.294 1.176 1.47
2476 0.588 1.176 1.47
2477 0.882 1.176 1.47
2478 1.176 1.176 1.47
2479 -1.296 -1.296 1.62
2480 -0.972 -1.296 1.62
2481 -0.648 -1.296 1.62
2482 -0.324 -1.296 1.62
2483 0 -1.296 1.62
2484 0.324 -1.296 1.62
2485 0.648 -1.296 1.62
2486 0.972 -1.296 1.62
2487 1.296 -1.296 1.62
2488 -1.296 -0.972 1.62
2489 -0.972 -0.972 1.62
2490 -0.648 -0.972 1.62
2491 -0.324 -0.972 1.62
2492 0 -0.972 1.62
2493 0.324 -0.972 1.62
2494 0.648 -0.972 1.62
2495 0.972 -0.972 1.62
2496 1.296 -0.972 1.62
2497 -1.296 -0.648 1.62
2498 -0.972 -0.648 1.62
2499 -0.648 -0.648 1.62
2500 -0.324 -0.648 1.62
2501 0 -0.648 1.62
2502 0.324 -0.648 1.62
2503 0.648 -0.648 1.62
2504 0.972 -0.648 1.62
2505 1.296 -0.648 1.62
2506 -1.296 -0.324 1.62
2507 -0.972 -0.324 1.62
2508 -0.648 -0.324 1.62
2509 -0.324 -0.324 1.62
2510 0 -0.324 1.62
2511 0.324 -0.324 1.62
2512 0.648 -0.324 1.62
2513 0.972 -0.324 1.62
2514 1.296 -0.324 1.62
2515 -1.296 0 1.62
2516 -0.972 0 1.62
2517 -0.648 0 1.62
2518 -0.324 0 1.62
2519 0 0 1.62
2520 0.324 0 1.62
2521 0.648 0 1.62
2522 0.972 0 1.62
2523 1.296 0 1.62
2524 -1.296 0.324 1.62
2525 -0.972 0.324 1.62
2526 -0.648 0.324 1.62
2527 -0.324 0.324 1.62
2528 0 0.324 1.62
2529 0.324 0.324 1.62
2530 0.648 0.324 1.62
2531 0.972 0.324 1.62
2532 1.296 0.324 1.62
2533 -1.296 0.648 1.62
2534 -0.972 0.648 1.62
2535 -0.648 0.648 1.62
2536 -0.324 0.648 1.62
2537 0 0.648 1.62
2538 0.324 0.648 1.62
2539 0.648 0.648 1.62
2540 0.972 0.648 1.62
2541 1.296 0.648 1.62
2542 -1.296 0.972 1.62
2543 -0.972 0.972 1.62
2544 -0.648 0.972 1.62
2545 -0.324 0.972 1.62
2546 0 0.972 1.62
2547 0.324 0.972 1.62
2548 0.648 0.972 1.62
2549 0.972 0.972 1.62
2550 1.296 0.972 1.62
2551 -1.296 1.296 1.62
2552 -0.972 1.296 1.62
2553 -0.648 1.296 1.62
2554 -0.324 1.296 1.62
2555 0 1.296 1.62
2556 0.324 1.296 1.62
2557 0.648 1.296 1.62
2558 0.972 1.296 1.62
2559 1.296 1.296 1.62
2560 0.612 0.612 -0.748
2561 0.68 0.612 -0.748
2562 0.748 0.612 -0.748
2563 0.612 0.68 -0.748
2564 0.68 0.68 -0.748
2565 0.748 0.68 -0.748
2566 0.612 0.748 -0.748
2567 0.68 0.748 -0.748
2568 0.748 0.748 -0.748
2569 0.612 0.612 -0.68
2570 0.68 0.612 -0.68
2571 0.748 0.612 -0.68
2572 0.612 0.68 -0.68
2573 0.748 0.68 -0.68
2574 0.612 0.748 -0.68
2575 0.68 0.748 -0.68
2576 0.748 0.748 -0.68
2577 0.612 0.612 -0.612
2578 0.68 0.612 -0.612
2579 0.748 0.612 -0.612
2580 0.612 0.68 -0.612
2581 0.68 0.68 -0.612
2582 0.748 0.68 -0.612
2583 0.612 0.748 -0.612
2584 0.68 0.748 -0.612
2585 0.748 0.748 -0.612
2586 0.476 0.476 -0.884
2587 0.68 0.476 -0.884
2588 0.884 0.476 -0.884
2589 0.476 0.68 -0.884
2590 0.68 0.68 -0.884
2591 0.884 0.68 -0.884
2592 0.476 0.884 -0.884
2593 0.68 0.884 -0.884
2594 0.884 0.884 -0.884
2595 0.476 0.476 -0.68
2596 0.68 0.476 -0.68
2597 0.884 0.476 -0.68
2598 0.476 0.68 -0.68
2599 0.884 0.68 -0.68
2600 0.476 0.884 -0.68
2601 0.68 0.884 -0.68
2602 0.884 0.884 -0.68
2603 0.476 0.476 -0.476
2604 0.68 0.476 -0.476
2605 0.884 0.476 -0.476
2606 0.476 0.68 -0.476
2607 0.68 0.68 -0.476
2608 0.884 0.68 -0.476
2609 0.476 0.884 -0.476
2610 0.68 0.884 -0.476
2611 0.884 0.884 -0.476
