1.68556 -2 -53.8266 156.77
1.81017 -2 1.84862 -3.55404
1.82001 -2 1.86931 -3.55017
1.91011 -2 1.98751 -3.53446
2.06465 -2 2.17978 -3.50457
2.07875 -2 2.19839 -3.5016
2.10784 -2 2.23446 -3.49483
2.20399 -2 2.35399 -3.47236
2.21491 -2 2.37333 -3.46833
2.24788 -2 2.40914 -3.46214
2.29067 -2 2.46494 -3.45044
2.29976 -2 2.47147 -3.44967
2.31507 -2 2.49064 -3.4461
2.38723 -2 2.57632 -3.42898
2.39091 -2 2.58047 -3.42811
2.40415 -2 2.59599 -3.42501
2.41051 -2 2.60754 -3.42247
2.46597 -2 2.67131 -3.40983
2.46868 -2 2.67208 -3.41014
2.49834 -2 2.70858 -3.40263
2.50903 -2 2.72108 -3.40027
2.51765 -2 2.72911 -3.39912
2.55948 -2 2.77818 -3.38939
2.56066 -2 2.77954 -3.38914
2.56593 -2 2.78339 -3.38863
2.57175 -2 2.79043 -3.38735
2.57892 -2 2.79861 -3.38582
2.61166 -2 2.83453 -3.37903
2.62204 -2 2.84719 -3.3768
2.6277 -2 2.85486 -3.37527
2.65265 -2 2.87972 -3.37078
2.66208 -2 2.89057 -3.36887
2.66994 -2 2.9008 -3.36704
2.70537 -2 2.93798 -3.36056
2.70751 -2 2.94098 -3.36005
2.70958 -2 2.94399 -3.35957
2.73966 -2 2.97679 -3.35389
2.76055 -2 2.99832 -3.3503
2.76218 -2 3.00154 -3.34991
2.79791 -2 3.03829 -3.34383
2.80746 -2 3.04867 -3.34219
2.82982 -2 3.07364 -3.33824
2.84221 -2 3.08589 -3.33646
2.87771 -2 3.12467 -3.33063
2.88628 -2 3.13328 -3.32945
2.89161 -2 3.13916 -3.32899
2.89473 -2 3.14204 -3.32823
2.90138 -2 3.14893 -3.3277
2.91805 -2 3.16654 -3.32528
2.9199 -2 3.16844 -3.3246
2.93671 -2 3.1859 -3.32228
2.95692 -2 3.20727 -3.31946
2.95762 -2 3.20739 -3.32002
2.96125 -2 3.21105 -3.31958
2.96537 -2 3.21587 -3.3184
3.00369 -2 3.25536 -3.31362
3.01007 -2 3.26103 -3.31317
3.01311 -2 3.26326 -3.31362
3.01949 -2 3.27102 -3.31195
3.02973 -2 3.28045 -3.31165
3.03188 -2 3.28273 -3.3109
3.03601 -2 3.28841 -3.30989
3.03778 -2 3.28894 -3.31017
3.05153 -2 3.3019 -3.30955
3.06973 -2 3.32214 -3.30648
3.07393 -2 3.32507 -3.30658
3.07945 -2 3.33164 -3.30563
3.08152 -2 3.33186 -3.30664
3.0842 -2 3.3365 -3.30513
3.08961 -2 3.34056 -3.30563
3.09527 -2 3.34698 -3.30434
3.10622 -2 3.35758 -3.30348
3.1064 -2 3.35739 -3.30363
3.10647 -2 3.35713 -3.30419
3.12165 -2 3.37328 -3.30199
3.12704 -2 3.37705 -3.30264
3.13049 -2 3.38075 -3.30223
3.13078 -2 3.38042 -3.30248
3.13655 -2 3.38657 -3.30181
3.14358 -2 3.39428 -3.30053
3.14498 -2 3.39477 -3.3012
3.14757 -2 3.39691 -3.30119
3.15577 -2 3.40534 -3.3004
3.16862 -2 3.41925 -3.29851
3.17249 -2 3.42179 -3.29916
3.17562 -2 3.42651 -3.29782
3.18014 -2 3.4315 -3.29723
3.19422 -2 3.44258 -3.29791
3.1976 -2 3.44629 -3.29748
3.19771 -2 3.44618 -3.29759
3.1985 -2 3.44868 -3.29639
3.20163 -2 3.45266 -3.29573
3.20461 -2 3.4544 -3.29613
3.2139 -2 3.46403 -3.29526
3.21644 -2 3.46622 -3.29525
3.22471 -2 3.47447 -3.29466
3.24289 -2 3.49166 -3.29388
3.24416 -2 3.49275 -3.29389
3.24437 -2 3.49255 -3.2941
3.25317 -2 3.49888 -3.29497
3.25754 -2 3.50526 -3.29344
3.25956 -2 3.50792 -3.29295
3.26075 -2 3.50908 -3.29288
3.26096 -2 3.50888 -3.29309
3.26194 -2 3.51024 -3.29281
3.26827 -2 3.51567 -3.29289
3.2687 -2 3.51378 -3.29425
3.27175 -2 3.51922 -3.29262
3.27775 -2 3.52495 -3.29237
3.27836 -2 3.52283 -3.29394
3.27916 -2 3.5259 -3.29254
3.28524 -2 3.52994 -3.29334
3.28694 -2 3.53448 -3.29156
3.295 -2 3.53885 -3.29319
3.30829 -2 3.5512 -3.29288
3.32043 -2 3.56641 -3.29032
3.33068 -2 3.5749 -3.29077
3.34152 -2 3.58504 -3.29055
3.34641 -2 3.58736 -3.29166
3.34694 -2 3.59115 -3.28976
3.35062 -2 3.59445 -3.28979
3.36098 -2 3.6006 -3.29161
3.36244 -2 3.60583 -3.28935
3.363 -2 3.60537 -3.28999
3.36497 -2 3.60796 -3.28946
3.36798 -2 3.60971 -3.29011
3.36839 -2 3.60711 -3.29175
3.37577 -2 3.61803 -3.28929
3.3795 -2 3.62128 -3.28939
3.38618 -2 3.6239 -3.29133
3.38641 -2 3.62819 -3.28897
3.3964 -2 3.6368 -3.28933
3.40021 -2 3.63997 -3.28955
3.40513 -2 3.64432 -3.28966
3.41487 -2 3.65043 -3.29108
3.41704 -2 3.65547 -3.2895
3.42103 -2 3.6558 -3.29127
3.43058 -2 3.6646 -3.29124
3.43335 -2 3.67128 -3.28891
3.44707 -2 3.68301 -3.28959
3.4532 -2 3.68545 -3.29118
3.46826 -2 3.70299 -3.28925
3.47851 -2 3.70814 -3.29163
3.4834 -2 3.71241 -3.29182
3.49063 -2 3.71886 -3.29199
3.49148 -2 3.72342 -3.29007
3.49205 -2 3.72489 -3.28931
3.49648 -2 3.72434 -3.29192
3.49885 -2 3.72651 -3.29194
3.50152 -2 3.7285 -3.29233
3.50563 -2 3.73658 -3.29003
3.5088 -2 3.74007 -3.28956
3.51071 -2 3.74074 -3.29047
3.52352 -2 3.75284 -3.29027
3.52803 -2 3.7573 -3.29003
3.53307 -2 3.76147 -3.29045
3.53381 -2 3.75747 -3.29302
3.53685 -2 3.76459 -3.29079
3.54267 -2 3.77005 -3.29073
3.55095 -2 3.7776 -3.29082
3.55399 -2 3.77941 -3.29172
3.55689 -2 3.78298 -3.29093
3.58479 -2 3.8073 -3.29229
3.58534 -2 3.80305 -3.29477
3.5858 -2 3.80845 -3.2921
3.58836 -2 3.81049 -3.29239
3.59514 -2 3.81137 -3.29545
3.5996 -2 3.81982 -3.29342
3.60169 -2 3.82207 -3.29311
3.60307 -2 3.82305 -3.2934
3.60486 -2 3.82542 -3.2927
3.60952 -2 3.82395 -3.29609
3.61505 -2 3.8336 -3.2939
3.6174 -2 3.83573 -3.29395
3.61825 -2 3.83692 -3.29355
3.61962 -2 3.83791 -3.29382
3.62049 -2 3.83909 -3.29344
3.62177 -2 3.84011 -3.2936
3.62633 -2 3.83856 -3.29694
3.62983 -2 3.84173 -3.29698
3.63185 -2 3.84831 -3.2947
3.6319 -2 3.84829 -3.29478
3.63326 -2 3.84491 -3.29694
3.63349 -2 3.84482 -3.29725
3.63828 -2 3.84898 -3.2975
3.64364 -2 3.85886 -3.29503
3.64638 -2 3.86082 -3.29561
3.65015 -2 3.8594 -3.29798
3.65298 -2 3.8673 -3.29519
3.66722 -2 3.87983 -3.29577
3.66872 -2 3.88077 -3.29625
3.66985 -2 3.88183 -3.29621
3.67054 -2 3.87696 -3.29916
3.67207 -2 3.88396 -3.29611
3.67217 -2 3.88393 -3.29625
3.67782 -2 3.8831 -3.29971
3.68247 -2 3.88726 -3.2998
3.69473 -2 3.89744 -3.30092
3.69959 -2 3.90151 -3.30132
3.70044 -2 3.90263 -3.30092
3.70243 -2 3.90967 -3.29843
3.70348 -2 3.91074 -3.29831
3.71898 -2 3.92411 -3.2992
3.72082 -2 3.91996 -3.3023
3.72272 -2 3.92715 -3.29964
3.72274 -2 3.92714 -3.29966
3.72596 -2 3.92394 -3.30311
3.72598 -2 3.92394 -3.30314
3.72944 -2 3.92702 -3.3032
3.73188 -2 3.92903 -3.30344
3.73228 -2 3.93534 -3.30024
3.73349 -2 3.93635 -3.30034
3.74161 -2 3.94355 -3.30055
3.74586 -2 3.94647 -3.30172
3.74867 -2 3.9432 -3.30468
3.7515 -2 3.95163 -3.30165
3.75176 -2 3.95158 -3.30201
3.75235 -2 3.94621 -3.30506
3.75566 -2 3.94929 -3.30494
3.76103 -2 3.95975 -3.30227
3.76187 -2 3.95429 -3.30569
3.76533 -2 3.95733 -3.30579
3.76764 -2 3.95935 -3.30585
3.77357 -2 3.96979 -3.30394
3.78043 -2 3.9759 -3.30404
3.78083 -2 3.97038 -3.30691
3.78158 -2 3.97691 -3.30405
3.78523 -2 3.97993 -3.30442
3.79414 -2 3.98135 -3.30816
3.79526 -2 3.98236 -3.30816
3.7959 -2 3.98899 -3.30511
3.80017 -2 3.98633 -3.30871
3.80465 -2 3.99598 -3.30629
3.80608 -2 3.99132 -3.3091
3.81119 -2 3.99526 -3.30995
3.81507 -2 4.00502 -3.30667
3.81614 -2 4.00603 -3.3066
3.82236 -2 4.011 -3.30742
3.82387 -2 4.01198 -3.30796
3.83079 -2 4.01797 -3.30819
3.83802 -2 4.02394 -3.30887
3.83891 -2 4.02494 -3.30854
3.84377 -2 4.02891 -3.30905
3.84402 -2 4.0289 -3.30942
3.84509 -2 4.02989 -3.30934
3.85627 -2 4.0388 -3.31085
3.85645 -2 4.03279 -3.31363
3.86077 -2 4.04275 -3.31088
3.86666 -2 4.04768 -3.31128
3.86811 -2 4.04867 -3.31174
3.87401 -2 4.05359 -3.31218
3.87765 -2 4.05654 -3.31256
3.87844 -2 4.05751 -3.31211
3.88116 -2 4.05948 -3.31279
3.8833 -2 4.06143 -3.31266
3.8871 -2 4.06438 -3.31328
3.89164 -2 4.06829 -3.31338
3.89676 -2 4.07222 -3.31431
3.9032 -2 4.0708 -3.31818
3.90601 -2 4.08 -3.31476
3.91058 -2 4.07663 -3.31917
3.91263 -2 4.08492 -3.31622
3.91334 -2 4.08585 -3.31567
3.91445 -2 4.08681 -3.31566
3.91538 -2 4.08049 -3.31966
3.91877 -2 4.08981 -3.31703
3.91966 -2 4.09074 -3.31672
3.92084 -2 4.09171 -3.31681
3.92295 -2 4.09362 -3.31665
3.92443 -2 4.09462 -3.31716
3.92474 -2 4.09466 -3.31759
3.92598 -2 4.09564 -3.31778
3.93259 -2 4.10138 -3.31769
3.93532 -2 4.10336 -3.3184
3.93671 -2 4.10435 -3.31879
3.93845 -2 4.10619 -3.31812
3.94045 -2 4.10069 -3.32214
3.94069 -2 4.10072 -3.32248
3.94332 -2 4.11006 -3.31872
3.94491 -2 4.11109 -3.31939
3.94734 -2 4.11302 -3.31968
3.95577 -2 4.11977 -3.32061
3.95951 -2 4.12268 -3.3212
3.96306 -2 4.12555 -3.32151
3.96771 -2 4.12936 -3.32182
3.96884 -2 4.13031 -3.32185
3.97026 -2 4.13131 -3.32228
3.97796 -2 4.13033 -3.32665
3.97924 -2 4.13884 -3.32247
3.98409 -2 4.14267 -3.32306
3.9852 -2 4.13603 -3.32751
3.98905 -2 4.14652 -3.32382
3.99109 -2 4.14074 -3.32804
3.99321 -2 4.14257 -3.32793
3.99567 -2 4.14447 -3.32828
3.99589 -2 4.14452 -3.32859
3.99684 -2 4.14541 -3.32837
4.0015 -2 4.15614 -3.32577
4.00466 -2 4.15888 -3.32558
4.00527 -2 4.15202 -3.32939
4.00921 -2 4.1626 -3.32577
4.01037 -2 4.15586 -3.33035
4.01719 -2 4.16849 -3.32765
4.01938 -2 4.17033 -3.32765
4.02008 -2 4.17113 -3.3271
4.02081 -2 4.16422 -3.33111
4.02193 -2 4.17226 -3.32812
4.02473 -2 4.16713 -3.33197
4.02794 -2 4.17698 -3.32881
4.02825 -2 4.16991 -3.33229
4.0296 -2 4.17089 -3.33263
4.0367 -2 4.17648 -3.33335
4.04092 -2 4.18727 -3.33004
4.04256 -2 4.1811 -3.33387
4.04753 -2 4.18488 -3.33468
4.05455 -2 4.19041 -3.3353
4.05483 -2 4.19836 -3.33107
4.05622 -2 4.19936 -3.33146
4.06546 -2 4.19879 -3.33674
4.06585 -2 4.20684 -3.33265
4.06741 -2 4.2079 -3.33327
4.07092 -2 4.21066 -3.33358
4.07136 -2 4.20339 -3.33734
4.07407 -2 4.21329 -3.33341
4.0761 -2 4.20706 -3.33785
4.07851 -2 4.20891 -3.33816
4.07852 -2 4.20892 -3.33817
4.07882 -2 4.21698 -3.33391
4.07931 -2 4.21717 -3.33456
4.08062 -2 4.21814 -3.33486
4.08088 -2 4.21075 -3.33841
4.09863 -2 4.23205 -3.33705
4.10107 -2 4.23391 -3.33739
4.10294 -2 4.23554 -3.33698
4.10396 -2 4.22833 -3.34161
4.10566 -2 4.23751 -3.3377
4.10887 -2 4.24011 -3.33762
4.10892 -2 4.24013 -3.33768
4.11224 -2 4.23469 -3.34249
4.11403 -2 4.24395 -3.33869
4.12072 -2 4.24112 -3.34366
4.12413 -2 4.24377 -3.34386
4.12749 -2 4.25417 -3.34066
4.13485 -2 4.25191 -3.34513
4.14141 -2 4.26491 -3.34182
4.14189 -2 4.26514 -3.34244
4.14362 -2 4.26664 -3.34188
4.14429 -2 4.26697 -3.34275
4.14764 -2 4.26958 -3.34287
4.14868 -2 4.27041 -3.34281
4.15772 -2 4.26915 -3.34814
4.16179 -2 4.28035 -3.34436
4.1687 -2 4.27734 -3.34975
4.1735 -2 4.28094 -3.35038
4.174 -2 4.28952 -3.34616
4.18268 -2 4.29599 -3.34758
4.18499 -2 4.29774 -3.34778
4.18526 -2 4.28977 -3.35163
4.18892 -2 4.29249 -3.35218
4.18907 -2 4.29257 -3.35237
4.19037 -2 4.29353 -3.35266
4.1915 -2 4.29438 -3.35272
4.19177 -2 4.3029 -3.34815
4.19364 -2 4.29602 -3.3527
4.19832 -2 4.30771 -3.34963
4.20454 -2 4.30409 -3.35424
4.20597 -2 4.30512 -3.35469
4.21325 -2 4.31895 -3.3508
4.22126 -2 4.31647 -3.35636
4.22615 -2 4.32007 -3.35711
4.22652 -2 4.32878 -3.35259
4.22833 -2 4.33005 -3.35351
4.23075 -2 4.33184 -3.35385
4.23597 -2 4.32727 -3.35865
4.23873 -2 4.33779 -3.35442
4.2394 -2 4.3298 -3.35892
4.24173 -2 4.33152 -3.35915
4.24296 -2 4.33242 -3.35935
4.24312 -2 4.33252 -3.35955
4.24506 -2 4.34243 -3.3556
4.24593 -2 4.3431 -3.35535
4.2468 -2 4.33521 -3.36012
4.25575 -2 4.3503 -3.35688
4.26151 -2 4.35455 -3.35738
4.26253 -2 4.35531 -3.35732
4.26695 -2 4.34993 -3.36253
4.27081 -2 4.36137 -3.35827
4.27135 -2 4.36174 -3.35892
4.27158 -2 4.3619 -3.3592
4.27167 -2 4.35337 -3.36308
4.2758 -2 4.365 -3.35913
4.27957 -2 4.36775 -3.35982
4.27994 -2 4.36801 -3.36026
4.28205 -2 4.36955 -3.36023
4.28235 -2 4.36977 -3.36059
4.28368 -2 4.36208 -3.36471
4.28662 -2 4.37289 -3.36059
4.28788 -2 4.3738 -3.36081
4.28833 -2 4.37412 -3.36135
4.28878 -2 4.36577 -3.36571
4.29377 -2 4.37807 -3.36147
4.29396 -2 4.37822 -3.3617
4.29447 -2 4.36987 -3.36614
4.29674 -2 4.38023 -3.36246
4.29893 -2 4.38182 -3.36254
4.30115 -2 4.38343 -3.36264
4.30128 -2 4.38352 -3.36279
4.30674 -2 4.37871 -3.36808
4.3091 -2 4.38041 -3.36835
4.31275 -2 4.38304 -3.3689
4.31445 -2 4.39304 -3.3645
4.31627 -2 4.38556 -3.36929
4.31702 -2 4.3949 -3.36503
4.32431 -2 4.40015 -3.36607
4.32462 -2 4.39153 -3.37036
4.32593 -2 4.39247 -3.37065
4.32733 -2 4.40229 -3.36588
4.33213 -2 4.40574 -3.36652
4.33356 -2 4.40678 -3.36695
4.33458 -2 4.40749 -3.3669
4.3378 -2 4.40093 -3.37212
4.34009 -2 4.40255 -3.37231
4.34039 -2 4.40278 -3.37265
4.344 -2 4.41422 -3.36797
4.34414 -2 4.41433 -3.36813
4.34482 -2 4.40591 -3.37289
4.34854 -2 4.40856 -3.37351
4.35014 -2 4.4186 -3.36892
4.35234 -2 4.41127 -3.37422
4.35312 -2 4.42078 -3.3699
4.35373 -2 4.42116 -3.36939
4.35558 -2 4.42254 -3.37029
4.35721 -2 4.42363 -3.36974
4.35803 -2 4.41526 -3.37468
4.35812 -2 4.41534 -3.37478
4.36011 -2 4.42574 -3.37061
4.36063 -2 4.41713 -3.37523
4.36133 -2 4.4266 -3.37079
4.36162 -2 4.4178 -3.37516
4.36491 -2 4.42915 -3.37126
4.36716 -2 4.43073 -3.37141
4.36796 -2 4.42232 -3.37635
4.36901 -2 4.42304 -3.37634
4.37122 -2 4.42457 -3.37646
4.37128 -2 4.42462 -3.37653
4.37235 -2 4.43445 -3.37247
4.37458 -2 4.43601 -3.3726
4.37673 -2 4.4375 -3.37265
4.37673 -2 4.4375 -3.37265
4.37908 -2 4.43915 -3.37291
4.37952 -2 4.43952 -3.3734
4.3824 -2 4.44145 -3.37308
4.38447 -2 4.43389 -3.3783
4.38493 -2 4.44326 -3.37355
4.38712 -2 4.43578 -3.37889
4.3874 -2 4.445 -3.37394
4.38857 -2 4.44582 -3.37406
4.38892 -2 4.44612 -3.37445
4.38893 -2 4.44613 -3.37446
4.39089 -2 4.44744 -3.37429
4.39217 -2 4.44836 -3.37455
4.3948 -2 4.45024 -3.37511
4.39492 -2 4.45035 -3.37525
4.39934 -2 4.45339 -3.37547
4.40377 -2 4.4474 -3.381
4.40398 -2 4.44758 -3.38122
4.40489 -2 4.44816 -3.38107
4.40533 -2 4.45758 -3.37625
4.4058 -2 4.458 -3.37676
4.40611 -2 4.44901 -3.38125
4.41063 -2 4.46138 -3.37743
4.41571 -2 4.45569 -3.38255
4.42273 -2 4.46985 -3.37912
4.42456 -2 4.471 -3.37884
4.42479 -2 4.47121 -3.37907
4.42847 -2 4.47378 -3.37963
4.42966 -2 4.47461 -3.37978
4.43572 -2 4.47883 -3.38064
4.43661 -2 4.47938 -3.38048
4.44186 -2 4.48312 -3.38157
4.4447 -2 4.47576 -3.38662
4.44894 -2 4.48798 -3.3824
4.44925 -2 4.47883 -3.387
4.44962 -2 4.48833 -3.38203
4.4515 -2 4.48979 -3.38288
4.4562 -2 4.49301 -3.38341
4.45667 -2 4.48397 -3.38819
4.4599 -2 4.49558 -3.38398
4.46346 -2 4.49802 -3.38442
4.46622 -2 4.49049 -3.38942
4.46651 -2 4.49996 -3.38433
4.47128 -2 4.50322 -3.38493
4.47236 -2 4.49472 -3.39036
4.47236 -2 4.49472 -3.39036
4.47431 -2 4.50547 -3.38587
4.47522 -2 4.50601 -3.38574
4.47533 -2 4.50612 -3.38585
4.47539 -2 4.50618 -3.38591
4.47579 -2 4.49701 -3.39067
4.47658 -2 4.50699 -3.38606
4.48217 -2 4.51069 -3.38644
4.4836 -2 4.51173 -3.38682
4.48362 -2 4.51175 -3.38684
4.48989 -2 4.51611 -3.38789
4.49147 -2 4.50768 -3.39282
4.49177 -2 4.51722 -3.38769
4.49259 -2 4.50842 -3.3929
4.49342 -2 4.51849 -3.38829
4.49623 -2 4.51088 -3.39341
4.50135 -2 4.52372 -3.38892
4.50228 -2 4.51499 -3.39426
4.50387 -2 4.52547 -3.38936
4.50463 -2 4.51656 -3.39453
4.50707 -2 4.51821 -3.39488
4.50736 -2 4.52779 -3.38971
4.50886 -2 4.52891 -3.39016
4.51081 -2 4.53008 -3.39004
4.51218 -2 4.53106 -3.39036
4.5133 -2 4.53179 -3.39044
4.51378 -2 4.53228 -3.39089
4.51597 -2 4.53368 -3.391
4.51769 -2 4.5253 -3.39613
4.52151 -2 4.52794 -3.39681
4.52161 -2 4.53736 -3.39144
4.52271 -2 4.52874 -3.39696
4.52358 -2 4.53896 -3.39232
4.52543 -2 4.54 -3.39211
4.52592 -2 4.54051 -3.39257
4.52739 -2 4.53183 -3.39748
4.53012 -2 4.54311 -3.39263
4.53152 -2 4.54412 -3.39297
4.53254 -2 4.54475 -3.39296
4.53326 -2 4.53571 -3.39815
4.5354 -2 4.54684 -3.39369
4.53691 -2 4.53815 -3.39866
4.539 -2 4.54925 -3.39416
4.54141 -2 4.55087 -3.39447
4.5508 -2 4.55705 -3.3955
4.55197 -2 4.55782 -3.39563
4.55244 -2 4.54845 -3.40062
4.55299 -2 4.55843 -3.39562
4.55326 -2 4.55871 -3.39586
4.55735 -2 4.55176 -3.40135
4.56163 -2 4.56427 -3.39691
4.56246 -2 4.56466 -3.39673
4.56849 -2 4.56867 -3.39752
4.56927 -2 4.5596 -3.40283
4.57026 -2 4.57009 -3.39817
4.5705 -2 4.56042 -3.40301
4.57226 -2 4.57124 -3.39812
4.57437 -2 4.56308 -3.4037
4.57513 -2 4.57334 -3.39883
4.57639 -2 4.5742 -3.39903
4.57714 -2 4.5745 -3.3988
4.57813 -2 4.57507 -3.39877
4.58021 -2 4.56685 -3.40433
4.58036 -2 4.56702 -3.40446
4.58845 -2 4.57219 -3.40527
4.58875 -2 4.57252 -3.40552
4.58959 -2 4.5829 -3.40069
4.59147 -2 4.5839 -3.40054
4.59768 -2 4.58808 -3.40147
4.59908 -2 4.58909 -3.40179
4.60739 -2 4.59449 -3.40276
4.60774 -2 4.58482 -3.40777
4.61357 -2 4.5986 -3.40364
4.61482 -2 4.58936 -3.40858
4.61483 -2 4.58937 -3.40859
4.61647 -2 4.60016 -3.40352
4.61687 -2 4.60061 -3.40384
4.61931 -2 4.60222 -3.40417
4.61994 -2 4.59283 -3.40944
4.6215 -2 4.60354 -3.4043
4.6271 -2 4.59744 -3.4103
4.62866 -2 4.60817 -3.40515
4.63011 -2 4.60923 -3.40549
4.65099 -2 4.61276 -3.41318
4.65261 -2 4.62359 -3.40803
4.65296 -2 4.62401 -3.4083
4.65322 -2 4.6141 -3.41334
4.65449 -2 4.61495 -3.41355
4.65664 -2 4.62641 -3.40879
4.66054 -2 4.61884 -3.41431
4.66513 -2 4.6319 -3.40986
4.66565 -2 4.63187 -3.4095
4.66607 -2 4.63237 -3.40981
4.66967 -2 4.63467 -3.41024
4.67192 -2 4.63602 -3.41041
4.67587 -2 4.63873 -3.41109
4.67853 -2 4.63028 -3.41648
4.68426 -2 4.64407 -3.41208
4.68439 -2 4.64422 -3.41217
4.68622 -2 4.64506 -3.41205
4.68868 -2 4.64666 -3.41237
4.69107 -2 4.64816 -3.41264
4.69142 -2 4.64859 -3.41289
4.69457 -2 4.65032 -3.41299
4.69628 -2 4.65169 -3.41349
4.69966 -2 4.6537 -3.41375
4.70929 -2 4.65964 -3.41485
4.71024 -2 4.66008 -3.41482
4.71093 -2 4.65052 -3.42028
4.71095 -2 4.65055 -3.4203
4.71131 -2 4.66066 -3.41487
4.7145 -2 4.65267 -3.42066
4.71781 -2 4.66493 -3.41586
4.71885 -2 4.66548 -3.41589
4.72049 -2 4.65631 -3.42133
4.72438 -2 4.65886 -3.42193
4.72453 -2 4.66873 -3.41634
4.72725 -2 4.6706 -3.41682
4.73065 -2 4.67254 -3.41708
4.73263 -2 4.66377 -3.42277
4.73635 -2 4.6661 -3.42324
4.73683 -2 4.67641 -3.41785
4.73831 -2 4.67748 -3.41816
4.7392 -2 4.67782 -3.41809
4.74362 -2 4.68025 -3.41838
4.74752 -2 4.6828 -3.41896
4.75454 -2 4.68692 -3.41962
4.75537 -2 4.67744 -3.42523
4.75697 -2 4.6884 -3.41989
4.76053 -2 4.69051 -3.42025
4.76189 -2 4.69143 -3.42048
4.76205 -2 4.69164 -3.42057
4.76224 -2 4.69187 -3.42068
4.76514 -2 4.68341 -3.42637
4.77074 -2 4.69704 -3.42162
4.77248 -2 4.69764 -3.4215
4.77573 -2 4.68958 -3.4274
4.77597 -2 4.68988 -3.42753
4.77806 -2 4.69091 -3.42761
4.78137 -2 4.70327 -3.42265
4.7815 -2 4.70344 -3.42272
4.78213 -2 4.70342 -3.42253
4.78243 -2 4.70381 -3.4227
4.78535 -2 4.69531 -3.42842
4.7876 -2 4.69654 -3.42859
4.79091 -2 4.70891 -3.42361
4.79238 -2 4.70997 -3.42388
4.79525 -2 4.71116 -3.42385
4.79591 -2 4.71201 -3.4242
4.79763 -2 4.71256 -3.42409
4.80242 -2 4.71538 -3.42457
4.80294 -2 4.71605 -3.42484
4.81253 -2 4.7217 -3.42581
4.81461 -2 4.72269 -3.42588
4.81761 -2 4.71422 -3.43169
4.81928 -2 4.72535 -3.4263
4.82479 -2 4.72908 -3.42712
4.82598 -2 4.72977 -3.42723
4.82786 -2 4.7305 -3.42722
4.83112 -2 4.72233 -3.43317
4.83521 -2 4.7349 -3.42799
4.83593 -2 4.72514 -3.43365
4.83826 -2 4.72645 -3.43385
4.84094 -2 4.73804 -3.42845
4.84368 -2 4.73989 -3.42884
4.84392 -2 4.7402 -3.42895
4.85287 -2 4.74492 -3.42957
4.85361 -2 4.73515 -3.43526
4.854 -2 4.74552 -3.42966
4.85968 -2 4.7387 -3.43586
4.86094 -2 4.73947 -3.436
4.86855 -2 4.75402 -3.43108
4.87201 -2 4.7559 -3.43136
4.87703 -2 4.75895 -3.43189
4.87706 -2 4.75898 -3.4319
4.8777 -2 4.74906 -3.43757
4.87845 -2 4.75993 -3.43209
4.88198 -2 4.7619 -3.43239
4.88373 -2 4.75252 -3.43814
4.88375 -2 4.75256 -3.43815
4.88447 -2 4.76338 -3.43264
4.88911 -2 4.76592 -3.43301
4.8912 -2 4.75698 -3.4389
4.89177 -2 4.76763 -3.43333
4.89361 -2 4.76825 -3.43333
4.89732 -2 4.77045 -3.4337
4.89776 -2 4.77103 -3.43386
4.91215 -2 4.77918 -3.43511
4.91383 -2 4.76966 -3.44088
4.91592 -2 4.78145 -3.43549
4.91717 -2 4.7822 -3.4356
4.92136 -2 4.78407 -3.43581
4.92169 -2 4.78452 -3.43592
4.92245 -2 4.7846 -3.43588
4.92373 -2 4.78538 -3.43601
4.92429 -2 4.78614 -3.43619
4.92443 -2 4.77547 -3.44176
4.92575 -2 4.7763 -3.4419
4.92633 -2 4.787 -3.43628
4.9324 -2 4.79046 -3.4368
4.93244 -2 4.79052 -3.43682
4.93739 -2 4.79341 -3.43726
4.94226 -2 4.79618 -3.43768
4.94586 -2 4.79819 -3.43797
4.94658 -2 4.7982 -3.43793
4.94716 -2 4.799 -3.4381
4.94736 -2 4.78838 -3.44373
4.95046 -2 4.80059 -3.4383
4.95215 -2 4.79102 -3.44412
4.95787 -2 4.80487 -3.43894
4.95831 -2 4.79457 -3.44466
4.96904 -2 4.80043 -3.4455
4.96936 -2 4.81082 -3.43976
4.97633 -2 4.80451 -3.44609
4.97752 -2 4.80516 -3.44618
4.9806 -2 4.81735 -3.44069
4.98083 -2 4.80674 -3.4464
4.98291 -2 4.81856 -3.44086
4.98397 -2 4.81901 -3.44092
4.98509 -2 4.81957 -3.44099
4.98526 -2 4.8198 -3.44103
4.98716 -2 4.81048 -3.44693
4.99061 -2 4.81224 -3.44717
5.00074 -2 4.82815 -3.44216
5.00911 -2 4.83268 -3.44277
5.01019 -2 4.83316 -3.44283
5.012 -2 4.83465 -3.44303
5.01902 -2 4.8383 -3.4435
5.02182 -2 4.82917 -3.44947
5.02362 -2 4.84061 -3.4438
5.02427 -2 4.83054 -3.44964
5.0377 -2 4.8479 -3.44474
5.03851 -2 4.83803 -3.45062
5.04125 -2 4.84977 -3.44498
5.04257 -2 4.85057 -3.44507
5.04423 -2 4.85185 -3.44521
5.04564 -2 4.84178 -3.4511
5.04859 -2 4.8538 -3.44547
5.05112 -2 4.85526 -3.44564
5.05576 -2 4.8576 -3.44594
5.05905 -2 4.8491 -3.45199
5.06004 -2 4.84944 -3.45204
5.06017 -2 4.84962 -3.45206
5.06129 -2 4.85015 -3.45213
5.06331 -2 4.86189 -3.44642
5.06561 -2 4.86304 -3.44657
5.06646 -2 4.86318 -3.44661
5.06848 -2 4.85394 -3.45258
5.0711 -2 4.85552 -3.45275
5.07132 -2 4.8658 -3.44692
5.07264 -2 4.86659 -3.447
5.07292 -2 4.86698 -3.44702
5.07401 -2 4.86746 -3.44708
5.0761 -2 4.8683 -3.44721
5.07721 -2 4.8688 -3.44728
5.07793 -2 4.86981 -3.44732
5.07887 -2 4.87008 -3.44738
5.08125 -2 4.87131 -3.44752
5.0916 -2 4.87636 -3.44813
5.09197 -2 4.87686 -3.44815
5.09376 -2 4.8673 -3.45412
5.09783 -2 4.87981 -3.44849
5.09882 -2 4.88014 -3.44855
5.09991 -2 4.87063 -3.45447
5.10091 -2 4.87097 -3.45453
5.10283 -2 4.88258 -3.44876
5.10443 -2 4.87274 -3.45473
5.10521 -2 4.88381 -3.44889
5.10827 -2 4.87494 -3.45494
5.1128 -2 4.87706 -3.4552
5.11391 -2 4.88859 -3.44935
5.1149 -2 4.88892 -3.44941
5.11535 -2 4.87851 -3.45533
5.12011 -2 4.88093 -3.45559
5.12394 -2 4.88311 -3.45578
5.12413 -2 4.89336 -3.44993
5.13022 -2 4.89658 -3.45023
5.13103 -2 4.88666 -3.45616
5.136 -2 4.89935 -3.45054
5.14788 -2 4.89534 -3.45699
5.15149 -2 4.89719 -3.45716
5.15287 -2 4.90804 -3.45136
5.15368 -2 4.89812 -3.45729
5.15565 -2 4.90978 -3.45144
5.15604 -2 4.89928 -3.45741
5.15651 -2 4.90992 -3.45152
5.16411 -2 4.91413 -3.45181
5.16435 -2 4.91447 -3.45179
5.16553 -2 4.91504 -3.45185
5.17163 -2 4.90718 -3.45812
5.17821 -2 4.92099 -3.45246
5.18228 -2 4.92344 -3.45256
5.18302 -2 4.92342 -3.45266
5.18318 -2 4.92363 -3.45264
5.18462 -2 4.92457 -3.45266
5.18629 -2 4.91478 -3.4587
5.18985 -2 4.91653 -3.45885
5.19261 -2 4.92821 -3.45305
5.20113 -2 4.93257 -3.45335
5.20313 -2 4.92324 -3.45935
5.20315 -2 4.92327 -3.45935
5.21762 -2 4.94048 -3.45401
5.21823 -2 4.94132 -3.4539
5.23201 -2 4.94756 -3.45449
5.23536 -2 4.93903 -3.46049
5.23925 -2 4.95115 -3.4547
5.24453 -2 4.95416 -3.45473
5.24533 -2 4.9542 -3.45486
5.2457 -2 4.9547 -3.45478
5.24578 -2 4.95481 -3.45476
5.25684 -2 4.94941 -3.46115
5.25929 -2 4.95064 -3.46121
5.2656 -2 4.95397 -3.46128
5.26636 -2 4.96497 -3.45524
5.2675 -2 4.96546 -3.45529
5.27112 -2 4.96723 -3.45536
5.27298 -2 4.96765 -3.45557
5.27503 -2 4.95838 -3.46156
5.27867 -2 4.96017 -3.46163
5.27875 -2 4.96028 -3.4616
5.29011 -2 4.97616 -3.45583
5.29084 -2 4.97611 -3.456
5.29369 -2 4.97786 -3.4559
5.29391 -2 4.97816 -3.45583
5.30529 -2 4.98304 -3.45624
5.31047 -2 4.98582 -3.45619
5.31847 -2 4.98926 -3.45645
5.33121 -2 4.98494 -3.46261
5.33236 -2 4.9964 -3.45636
5.33336 -2 4.99669 -3.45645
5.33605 -2 4.98724 -3.46265
5.33699 -2 4.99841 -3.45647
5.33991 -2 4.98928 -3.46258
5.34922 -2 4.99337 -3.46278
5.35998 -2 5.00928 -3.45655
5.36037 -2 4.99887 -3.4627
5.36143 -2 4.99923 -3.46277
5.36206 -2 5.00996 -3.4567
5.36486 -2 5.00068 -3.46285
5.36794 -2 5.01258 -3.45677
5.36986 -2 5.00316 -3.46278
5.37456 -2 5.00525 -3.46284
5.37855 -2 5.01729 -3.45688
5.39059 -2 5.02284 -3.45686
5.39251 -2 5.01345 -3.46287
5.39366 -2 5.01392 -3.46289
5.40733 -2 5.03041 -3.45683
5.42039 -2 5.02633 -3.46259
5.42458 -2 5.03856 -3.45648
5.43255 -2 5.04178 -3.45662
5.44198 -2 5.03602 -3.46237
5.4471 -2 5.04839 -3.45636
5.46304 -2 5.05573 -3.45591
5.47164 -2 5.0489 -3.46208
5.4772 -2 5.06175 -3.45578
5.47746 -2 5.06208 -3.45562
5.47909 -2 5.05238 -3.46178
5.48107 -2 5.06367 -3.45553
5.4813 -2 5.0532 -3.46185
5.48171 -2 5.06349 -3.45586
5.48822 -2 5.06675 -3.4554
5.4933 -2 5.05845 -3.46157
5.49544 -2 5.06991 -3.45521
5.4974 -2 5.07041 -3.45543
5.50403 -2 5.06306 -3.46134
5.50721 -2 5.07482 -3.45504
5.50926 -2 5.07543 -3.45521
5.53782 -2 5.07777 -3.46019
5.54459 -2 5.09096 -3.45373
5.5527 -2 5.09417 -3.45363
5.55354 -2 5.08455 -3.45953
5.5557 -2 5.08529 -3.45961
5.55637 -2 5.09578 -3.45344
5.55761 -2 5.09633 -3.45336
5.55909 -2 5.09717 -3.45311
5.56815 -2 5.10058 -3.45312
5.57238 -2 5.10282 -3.45249
5.57241 -2 5.09228 -3.45901
5.5734 -2 5.10311 -3.45258
5.58151 -2 5.10629 -3.45243
5.59553 -2 5.10219 -3.45773
5.59902 -2 5.10356 -3.45764
5.60377 -2 5.1055 -3.45744
5.60558 -2 5.11632 -3.45124
5.62238 -2 5.12322 -3.45037
5.63198 -2 5.12714 -3.44984
5.63295 -2 5.12738 -3.44997
5.63456 -2 5.12831 -3.44955
5.63941 -2 5.13032 -3.44924
5.64522 -2 5.13255 -3.44904
5.65398 -2 5.13633 -3.44822
5.65706 -2 5.13721 -3.44846
5.66289 -2 5.13944 -3.44823
5.66925 -2 5.14223 -3.44753
5.67379 -2 5.14387 -3.44745
5.6741 -2 5.14421 -3.44717
5.67526 -2 5.14464 -3.44713
5.67526 -2 5.14465 -3.44712
5.67709 -2 5.13547 -3.45306
5.67794 -2 5.14589 -3.44671
5.68303 -2 5.13782 -3.45271
5.68807 -2 5.14949 -3.44659
5.68889 -2 5.14006 -3.45242
5.69596 -2 5.15305 -3.44544
5.70143 -2 5.15487 -3.44551
5.70734 -2 5.15715 -3.44515
5.70805 -2 5.14765 -3.45108
5.71726 -2 5.16124 -3.44413
5.72266 -2 5.15354 -3.44978
5.72472 -2 5.16431 -3.44332
5.73589 -2 5.15873 -3.4487
5.74371 -2 5.17156 -3.44198
5.74422 -2 5.16193 -3.44809
5.74492 -2 5.17203 -3.44188
5.75433 -2 5.17555 -3.44126
5.75528 -2 5.17577 -3.44141
5.76492 -2 5.1795 -3.44054
5.77052 -2 5.17205 -3.44591
5.77455 -2 5.1832 -3.43966
5.78573 -2 5.18766 -3.43829
5.7914 -2 5.18962 -3.43808
5.79194 -2 5.19012 -3.43751
5.81865 -2 5.19043 -3.44122
5.82025 -2 5.2005 -3.43524
5.83224 -2 5.20497 -3.43403
5.8367 -2 5.19722 -3.43931
5.83702 -2 5.20674 -3.43355
5.83787 -2 5.19765 -3.43922
5.83892 -2 5.19797 -3.43925
5.87179 -2 5.21952 -3.42981
5.87263 -2 5.21051 -3.43546
5.88974 -2 5.22604 -3.42779
5.89089 -2 5.22644 -3.42771
5.89682 -2 5.22856 -3.42709
5.90311 -2 5.23095 -3.42603
5.91613 -2 5.23556 -3.42464
5.92297 -2 5.22881 -3.42949
5.94285 -2 5.2452 -3.42092
5.94399 -2 5.24558 -3.42084
5.95578 -2 5.24968 -3.41952
5.97326 -2 5.24672 -3.42298
5.98907 -2 5.25235 -3.42054
6.00346 -2 5.25738 -3.41849
6.01792 -2 5.26242 -3.4163
6.02147 -2 5.26364 -3.41584
6.03767 -2 5.27817 -3.40755
6.04163 -2 5.27055 -3.41305
6.04282 -2 5.27096 -3.41287
6.06692 -2 5.27924 -3.40897
6.06774 -2 5.28839 -3.40279
6.0927 -2 5.29674 -3.39902
6.09459 -2 5.28864 -3.40437
6.11759 -2 5.29639 -3.40025
6.15202 -2 5.30784 -3.39461
6.16832 -2 5.32173 -3.38585
6.16952 -2 5.32212 -3.38564
6.17366 -2 5.315 -3.39061
6.18822 -2 5.31978 -3.3877
6.2004 -2 5.33218 -3.38026
6.21712 -2 5.32974 -3.38251
6.22038 -2 5.33917 -3.37604
6.22986 -2 5.34251 -3.37458
6.24016 -2 5.34618 -3.37343
6.24789 -2 5.34882 -3.37146
6.26316 -2 5.3542 -3.36918
6.26871 -2 5.34799 -3.37354
6.2693 -2 5.35631 -3.36792
6.30187 -2 5.36756 -3.36177
6.30321 -2 5.36014 -3.36756
6.31116 -2 5.37084 -3.3604
6.32345 -2 5.37499 -3.35773
6.32498 -2 5.36768 -3.36321
6.33116 -2 5.36978 -3.36179
6.37325 -2 5.39223 -3.34866
6.37936 -2 5.39428 -3.34728
6.38961 -2 5.39009 -3.35045
6.42529 -2 5.40974 -3.33728
6.44001 -2 5.40737 -3.33969
6.44592 -2 5.4166 -3.33256
6.45846 -2 5.42115 -3.33056
6.471 -2 5.4251 -3.32714
6.47322 -2 5.42594 -3.32685
6.5218 -2 5.43511 -3.32076
6.52223 -2 5.44252 -3.31577
6.57114 -2 5.45175 -3.3086
6.58438 -2 5.4562 -3.30524
6.58557 -2 5.45661 -3.30494
6.59702 -2 5.46731 -3.29706
6.60817 -2 5.46441 -3.2994
6.64387 -2 5.48295 -3.28494
6.72686 -2 5.50488 -3.2674
6.80186 -2 5.53671 -3.24103
6.8084 -2 5.53837 -3.23861
6.87748 -2 5.56276 -3.21785
6.93613 -2 5.58353 -3.19914
7.05907 -2 5.62721 -3.15691
7.08133 -2 5.63626 -3.14925
7.11457 -2 5.64312 -3.13997
7.12725 -2 5.65232 -3.13105
7.13115 -2 5.65324 -3.12931
7.15415 -2 5.65729 -3.12328
7.16694 -2 5.66629 -3.11427
7.23661 -2 5.69167 -3.08401
7.25017 -2 5.69278 -3.08129
7.52202 -2 5.80869 -2.94841
7.53983 -2 5.81708 -2.93923
7.6761 -2 5.87903 -2.86891
