1.68556 -2 1.65833 -3.57137
1.81017 -2 2.37997 -3.50881
1.82001 -2 2.45969 -3.50235
1.91011 -2 3.28045 -3.43706
2.06465 -2 4.74959 -3.32094
2.07875 -2 4.86843 -3.31137
2.10784 -2 5.09885 -3.29261
2.20399 -2 5.68621 -3.24236
2.21491 -2 5.73348 -3.23797
2.24788 -2 5.84985 -3.22649
2.29067 -2 5.94047 -3.21571
2.29976 -2 5.95084 -3.21403
2.31507 -2 5.96128 -3.21167
2.38723 -2 5.89471 -3.20849
2.39091 -2 5.88639 -3.20867
2.40415 -2 5.85272 -3.20957
2.41051 -2 5.83448 -3.21014
2.46597 -2 5.62313 -3.21881
2.46868 -2 5.61054 -3.2194
2.49834 -2 5.46087 -3.22662
2.50903 -2 5.40186 -3.22959
2.51765 -2 5.3525 -3.23211
2.55948 -2 5.09333 -3.24579
2.56066 -2 5.08555 -3.24621
2.56593 -2 5.05083 -3.24809
2.57175 -2 5.01208 -3.25019
2.57892 -2 4.96373 -3.25284
2.61166 -2 4.73623 -3.26545
2.62204 -2 4.66242 -3.26959
2.6277 -2 4.622 -3.27187
2.65265 -2 4.44238 -3.28207
2.66208 -2 4.3743 -3.28597
2.66994 -2 4.31764 -3.28922
2.70537 -2 4.06525 -3.30381
2.70751 -2 4.05028 -3.30468
2.70958 -2 4.03575 -3.30553
2.73966 -2 3.83008 -3.31754
2.76055 -2 3.69373 -3.32555
2.76218 -2 3.68331 -3.32616
2.79791 -2 3.4673 -3.33892
2.80746 -2 3.41365 -3.3421
2.82982 -2 3.29574 -3.3491
2.84221 -2 3.23534 -3.3527
2.87771 -2 3.08406 -3.36172
2.88628 -2 3.05262 -3.3636
2.89161 -2 3.03414 -3.36471
2.89473 -2 3.02368 -3.36533
2.90138 -2 3.00235 -3.36661
2.91805 -2 2.95468 -3.36946
2.9199 -2 2.94991 -3.36975
2.93671 -2 2.91132 -3.37206
2.95692 -2 2.87666 -3.37414
2.95762 -2 2.87569 -3.3742
2.96125 -2 2.87092 -3.37448
2.96537 -2 2.86602 -3.37478
3.00369 -2 2.84675 -3.37593
3.01007 -2 2.84818 -3.37585
3.01311 -2 2.84932 -3.37578
3.01949 -2 2.8527 -3.37558
3.02973 -2 2.86089 -3.37509
3.03188 -2 2.86305 -3.37496
3.03601 -2 2.86759 -3.37468
3.03778 -2 2.86971 -3.37456
3.05153 -2 2.88958 -3.37336
3.06973 -2 2.92507 -3.37124
3.07393 -2 2.93471 -3.37066
3.07945 -2 2.94823 -3.36985
3.08152 -2 2.95356 -3.36953
3.0842 -2 2.96062 -3.36911
3.08961 -2 2.97555 -3.36821
3.09527 -2 2.99211 -3.36722
3.10622 -2 3.02682 -3.36515
3.1064 -2 3.0274 -3.36511
3.10647 -2 3.02764 -3.3651
3.12165 -2 3.0816 -3.36187
3.12704 -2 3.1023 -3.36063
3.13049 -2 3.11601 -3.35981
3.13078 -2 3.11718 -3.35974
3.13655 -2 3.14079 -3.35834
3.14358 -2 3.17081 -3.35654
3.14498 -2 3.17692 -3.35618
3.14757 -2 3.18842 -3.35549
3.15577 -2 3.22583 -3.35327
3.16862 -2 3.28788 -3.34957
3.17249 -2 3.30734 -3.34841
3.17562 -2 3.32334 -3.34746
3.18014 -2 3.34681 -3.34607
3.19422 -2 3.42293 -3.34155
3.1976 -2 3.44181 -3.34043
3.19771 -2 3.44243 -3.34039
3.1985 -2 3.44687 -3.34013
3.20163 -2 3.46464 -3.33908
3.20461 -2 3.48172 -3.33807
3.2139 -2 3.53611 -3.33485
3.21644 -2 3.55126 -3.33395
3.22471 -2 3.60143 -3.33099
3.24289 -2 3.71571 -3.32426
3.24416 -2 3.72387 -3.32378
3.24437 -2 3.72521 -3.3237
3.25317 -2 3.78258 -3.32033
3.25754 -2 3.81141 -3.31864
3.25956 -2 3.82488 -3.31785
3.26075 -2 3.83278 -3.31738
3.26096 -2 3.83418 -3.3173
3.26194 -2 3.84073 -3.31692
3.26827 -2 3.88334 -3.31442
3.2687 -2 3.88627 -3.31425
3.27175 -2 3.90698 -3.31304
3.27775 -2 3.94798 -3.31064
3.27836 -2 3.95219 -3.3104
3.27916 -2 3.95769 -3.31008
3.28524 -2 3.99968 -3.30763
3.28694 -2 4.0115 -3.30694
3.295 -2 4.06784 -3.30366
3.30829 -2 4.16176 -3.29821
3.32043 -2 4.24845 -3.2932
3.33068 -2 4.32212 -3.28896
3.34152 -2 4.4002 -3.28449
3.34641 -2 4.43553 -3.28247
3.34694 -2 4.43932 -3.28225
3.35062 -2 4.46592 -3.28073
3.36098 -2 4.54059 -3.27648
3.36244 -2 4.55111 -3.27589
3.363 -2 4.55518 -3.27565
3.36497 -2 4.56932 -3.27485
3.36798 -2 4.59094 -3.27363
3.36839 -2 4.59385 -3.27346
3.37577 -2 4.64674 -3.27048
3.3795 -2 4.67339 -3.26898
3.38618 -2 4.72092 -3.26631
3.38641 -2 4.72255 -3.26622
3.3964 -2 4.79304 -3.26228
3.40021 -2 4.81976 -3.26079
3.40513 -2 4.85408 -3.25888
3.41487 -2 4.92133 -3.25517
3.41704 -2 4.93614 -3.25435
3.42103 -2 4.96333 -3.25286
3.43058 -2 5.02762 -3.24935
3.43335 -2 5.04601 -3.24835
3.44707 -2 5.1358 -3.2435
3.4532 -2 5.17497 -3.24141
3.46826 -2 5.26859 -3.23646
3.47851 -2 5.32998 -3.23327
3.4834 -2 5.35856 -3.2318
3.49063 -2 5.39989 -3.22969
3.49148 -2 5.40467 -3.22944
3.49205 -2 5.40791 -3.22928
3.49648 -2 5.43255 -3.22804
3.49885 -2 5.44557 -3.22738
3.50152 -2 5.46007 -3.22666
3.50563 -2 5.48211 -3.22557
3.5088 -2 5.49884 -3.22474
3.51071 -2 5.50877 -3.22426
3.52352 -2 5.57326 -3.22115
3.52803 -2 5.59503 -3.22012
3.53307 -2 5.61865 -3.21902
3.53381 -2 5.62207 -3.21886
3.53685 -2 5.63598 -3.21822
3.54267 -2 5.66189 -3.21705
3.55095 -2 5.6971 -3.2155
3.55399 -2 5.70953 -3.21497
3.55689 -2 5.72115 -3.21447
3.58479 -2 5.82016 -3.21063
3.58534 -2 5.82186 -3.21057
3.5858 -2 5.82331 -3.21052
3.58836 -2 5.83109 -3.21026
3.59514 -2 5.85072 -3.20963
3.5996 -2 5.86282 -3.20928
3.60169 -2 5.86826 -3.20912
3.60307 -2 5.87178 -3.20903
3.60486 -2 5.87625 -3.20892
3.60952 -2 5.88738 -3.20865
3.61505 -2 5.89961 -3.2084
3.6174 -2 5.90451 -3.20832
3.61825 -2 5.90625 -3.20829
3.61962 -2 5.90895 -3.20825
3.62049 -2 5.91066 -3.20822
3.62177 -2 5.91311 -3.20819
3.62633 -2 5.92137 -3.20812
3.62983 -2 5.92721 -3.20809
3.63185 -2 5.9304 -3.20809
3.6319 -2 5.93048 -3.20809
3.63326 -2 5.93253 -3.20809
3.63349 -2 5.93288 -3.20809
3.63828 -2 5.93957 -3.20815
3.64364 -2 5.94608 -3.20828
3.64638 -2 5.94901 -3.20837
3.65015 -2 5.95261 -3.20853
3.65298 -2 5.95498 -3.20867
3.66722 -2 5.96244 -3.20969
3.66872 -2 5.96279 -3.20982
3.66985 -2 5.963 -3.20993
3.67054 -2 5.96311 -3.21
3.67207 -2 5.96328 -3.21015
3.67217 -2 5.96329 -3.21016
3.67782 -2 5.96314 -3.21078
3.68247 -2 5.96214 -3.21134
3.69473 -2 5.95562 -3.21311
3.69959 -2 5.95147 -3.21391
3.70044 -2 5.95066 -3.21406
3.70243 -2 5.94863 -3.21441
3.70348 -2 5.94751 -3.2146
3.71898 -2 5.92607 -3.21773
3.72082 -2 5.92292 -3.21814
3.72272 -2 5.91953 -3.21858
3.72274 -2 5.9195 -3.21858
3.72596 -2 5.91346 -3.21934
3.72598 -2 5.91341 -3.21935
3.72944 -2 5.90648 -3.22019
3.73188 -2 5.90131 -3.22081
3.73228 -2 5.90045 -3.22091
3.73349 -2 5.89779 -3.22122
3.74161 -2 5.87849 -3.22341
3.74586 -2 5.8674 -3.22462
3.74867 -2 5.85971 -3.22545
3.7515 -2 5.85166 -3.2263
3.75176 -2 5.85092 -3.22638
3.75235 -2 5.84918 -3.22656
3.75566 -2 5.83929 -3.22759
3.76103 -2 5.82236 -3.22932
3.76187 -2 5.81962 -3.2296
3.76533 -2 5.80802 -3.23077
3.76764 -2 5.80007 -3.23155
3.77357 -2 5.77869 -3.23365
3.78043 -2 5.75233 -3.23618
3.78083 -2 5.75076 -3.23633
3.78158 -2 5.74779 -3.23661
3.78523 -2 5.7329 -3.23802
3.79414 -2 5.69462 -3.24159
3.79526 -2 5.68959 -3.24205
3.7959 -2 5.68673 -3.24231
3.80017 -2 5.66713 -3.2441
3.80465 -2 5.64585 -3.24603
3.80608 -2 5.63892 -3.24666
3.81119 -2 5.61354 -3.24894
3.81507 -2 5.5937 -3.2507
3.81614 -2 5.58811 -3.2512
3.82236 -2 5.55498 -3.25412
3.82387 -2 5.54672 -3.25484
3.83079 -2 5.50802 -3.25822
3.83802 -2 5.46582 -3.26187
3.83891 -2 5.46053 -3.26232
3.84377 -2 5.43112 -3.26484
3.84402 -2 5.42952 -3.26498
3.84509 -2 5.42296 -3.26554
3.85627 -2 5.35195 -3.27157
3.85645 -2 5.35081 -3.27166
3.86077 -2 5.32226 -3.27407
3.86666 -2 5.28252 -3.2774
3.86811 -2 5.27261 -3.27823
3.87401 -2 5.23146 -3.28166
3.87765 -2 5.20567 -3.2838
3.87844 -2 5.19996 -3.28427
3.88116 -2 5.18032 -3.2859
3.8833 -2 5.16473 -3.28718
3.8871 -2 5.13679 -3.28949
3.89164 -2 5.10284 -3.29228
3.89676 -2 5.06385 -3.29548
3.9032 -2 5.01391 -3.29956
3.90601 -2 4.99183 -3.30136
3.91058 -2 4.95538 -3.30432
3.91263 -2 4.93893 -3.30566
3.91334 -2 4.93316 -3.30613
3.91445 -2 4.92416 -3.30686
3.91538 -2 4.91665 -3.30746
3.91877 -2 4.88889 -3.30971
3.91966 -2 4.88158 -3.3103
3.92084 -2 4.87188 -3.31109
3.92295 -2 4.85437 -3.3125
3.92443 -2 4.84209 -3.31349
3.92474 -2 4.8395 -3.3137
3.92598 -2 4.82906 -3.31454
3.93259 -2 4.77326 -3.31904
3.93532 -2 4.7499 -3.32092
3.93671 -2 4.73797 -3.32187
3.93845 -2 4.72297 -3.32308
3.94045 -2 4.70567 -3.32447
3.94069 -2 4.70355 -3.32464
3.94332 -2 4.68066 -3.32647
3.94491 -2 4.66672 -3.32759
3.94734 -2 4.64541 -3.32929
3.95577 -2 4.57043 -3.33528
3.95951 -2 4.53673 -3.33797
3.96306 -2 4.50461 -3.34052
3.96771 -2 4.46214 -3.3439
3.96884 -2 4.4518 -3.34472
3.97026 -2 4.43878 -3.34576
3.97796 -2 4.36743 -3.35142
3.97924 -2 4.35553 -3.35236
3.98409 -2 4.31014 -3.35596
3.9852 -2 4.29969 -3.35679
3.98905 -2 4.2633 -3.35967
3.99109 -2 4.24405 -3.36119
3.99321 -2 4.2239 -3.36278
3.99567 -2 4.2005 -3.36463
3.99589 -2 4.19837 -3.3648
3.99684 -2 4.18936 -3.36551
4.0015 -2 4.14472 -3.36904
4.00466 -2 4.11434 -3.37144
4.00527 -2 4.10846 -3.3719
4.00921 -2 4.07048 -3.3749
4.01037 -2 4.05929 -3.37578
4.01719 -2 3.99314 -3.38099
4.01938 -2 3.97179 -3.38267
4.02008 -2 3.96499 -3.38321
4.02081 -2 3.95793 -3.38376
4.02193 -2 3.94701 -3.38462
4.02473 -2 3.91965 -3.38678
4.02794 -2 3.88831 -3.38924
4.02825 -2 3.88521 -3.38949
4.0296 -2 3.87206 -3.39052
4.0367 -2 3.80238 -3.39601
4.04092 -2 3.76098 -3.39926
4.04256 -2 3.74482 -3.40053
4.04753 -2 3.69589 -3.40438
4.05455 -2 3.62677 -3.40982
4.05483 -2 3.62405 -3.41003
4.05622 -2 3.61036 -3.41111
4.06546 -2 3.5195 -3.41825
4.06585 -2 3.51557 -3.41856
4.06741 -2 3.50025 -3.41976
4.07092 -2 3.46578 -3.42247
4.07136 -2 3.46148 -3.42281
4.07407 -2 3.43488 -3.4249
4.0761 -2 3.41502 -3.42647
4.07851 -2 3.39141 -3.42833
4.07852 -2 3.39131 -3.42833
4.07882 -2 3.38837 -3.42856
4.07931 -2 3.38363 -3.42894
4.08062 -2 3.37078 -3.42995
4.08088 -2 3.36822 -3.43015
4.09863 -2 3.1959 -3.44373
4.10107 -2 3.1724 -3.44558
4.10294 -2 3.15441 -3.447
4.10396 -2 3.14464 -3.44777
4.10566 -2 3.12837 -3.44905
4.10887 -2 3.09773 -3.45147
4.10892 -2 3.09726 -3.45151
4.11224 -2 3.06564 -3.45401
4.11403 -2 3.04862 -3.45535
4.12072 -2 2.9855 -3.46035
4.12413 -2 2.95361 -3.46287
4.12749 -2 2.92228 -3.46536
4.13485 -2 2.85428 -3.47075
4.14141 -2 2.79444 -3.47551
4.14189 -2 2.79014 -3.47585
4.14362 -2 2.77442 -3.47711
4.14429 -2 2.76838 -3.47759
4.14764 -2 2.73833 -3.47998
4.14868 -2 2.72905 -3.48072
4.15772 -2 2.64903 -3.48712
4.16179 -2 2.61364 -3.48995
4.1687 -2 2.55432 -3.49472
4.1735 -2 2.51369 -3.49799
4.174 -2 2.50952 -3.49832
4.18268 -2 2.43771 -3.50412
4.18499 -2 2.41889 -3.50565
4.18526 -2 2.41676 -3.50582
4.18892 -2 2.38725 -3.50822
4.18907 -2 2.3861 -3.50831
4.19037 -2 2.37569 -3.50916
4.1915 -2 2.36673 -3.50989
4.19177 -2 2.36464 -3.51006
4.19364 -2 2.34986 -3.51126
4.19832 -2 2.31332 -3.51424
4.20454 -2 2.26582 -3.51813
4.20597 -2 2.25505 -3.51902
4.21325 -2 2.20116 -3.52346
4.22126 -2 2.14389 -3.52821
4.22615 -2 2.10997 -3.53104
4.22652 -2 2.10748 -3.53125
4.22833 -2 2.09515 -3.53228
4.23075 -2 2.07882 -3.53365
4.23597 -2 2.04437 -3.53656
4.23873 -2 2.02652 -3.53807
4.2394 -2 2.02225 -3.53843
4.24173 -2 2.0075 -3.53968
4.24296 -2 1.99976 -3.54034
4.24312 -2 1.99875 -3.54043
4.24506 -2 1.98674 -3.54145
4.24593 -2 1.98137 -3.54191
4.2468 -2 1.97606 -3.54237
4.25575 -2 1.92292 -3.54695
4.26151 -2 1.89038 -3.54979
4.26253 -2 1.88475 -3.55028
4.26695 -2 1.86093 -3.55238
4.27081 -2 1.84073 -3.55417
4.27135 -2 1.83797 -3.55442
4.27158 -2 1.83679 -3.55452
4.27167 -2 1.8363 -3.55457
4.2758 -2 1.81557 -3.55643
4.27957 -2 1.79725 -3.55808
4.27994 -2 1.79551 -3.55824
4.28205 -2 1.78556 -3.55915
4.28235 -2 1.78415 -3.55928
4.28368 -2 1.778 -3.55984
4.28662 -2 1.76469 -3.56107
4.28788 -2 1.75912 -3.56159
4.28833 -2 1.75716 -3.56177
4.28878 -2 1.75516 -3.56195
4.29377 -2 1.73396 -3.56394
4.29396 -2 1.73315 -3.56402
4.29447 -2 1.73107 -3.56422
4.29674 -2 1.72187 -3.56509
4.29893 -2 1.71319 -3.56592
4.30115 -2 1.70463 -3.56675
4.30128 -2 1.70416 -3.5668
4.30674 -2 1.68415 -3.56876
4.3091 -2 1.67593 -3.56958
4.31275 -2 1.66375 -3.57081
4.31445 -2 1.65832 -3.57137
4.31627 -2 1.65263 -3.57196
4.31702 -2 1.65033 -3.5722
4.32431 -2 1.62951 -3.57442
4.32462 -2 1.62868 -3.57451
4.32593 -2 1.62522 -3.5749
4.32733 -2 1.62164 -3.5753
4.33213 -2 1.61009 -3.57662
4.33356 -2 1.60688 -3.57699
4.33458 -2 1.60466 -3.57726
4.3378 -2 1.59798 -3.57807
4.34009 -2 1.59356 -3.57863
4.34039 -2 1.593 -3.5787
4.344 -2 1.58663 -3.57954
4.34414 -2 1.58639 -3.57957
4.34482 -2 1.58528 -3.57973
4.34854 -2 1.5796 -3.58053
4.35014 -2 1.57739 -3.58086
4.35234 -2 1.57455 -3.5813
4.35312 -2 1.57362 -3.58145
4.35373 -2 1.5729 -3.58157
4.35558 -2 1.57086 -3.58192
4.35721 -2 1.56921 -3.58222
4.35803 -2 1.56845 -3.58236
4.35812 -2 1.56836 -3.58238
4.36011 -2 1.56665 -3.58272
4.36063 -2 1.56623 -3.58281
4.36133 -2 1.56571 -3.58292
4.36162 -2 1.56549 -3.58297
4.36491 -2 1.5634 -3.58348
4.36716 -2 1.56231 -3.58381
4.36796 -2 1.56199 -3.58393
4.36901 -2 1.56162 -3.58407
4.37122 -2 1.56105 -3.58436
4.37128 -2 1.56104 -3.58437
4.37235 -2 1.56086 -3.5845
4.37458 -2 1.5607 -3.58477
4.37673 -2 1.5608 -3.58501
4.37673 -2 1.5608 -3.58501
4.37908 -2 1.56121 -3.58525
4.37952 -2 1.56132 -3.58529
4.3824 -2 1.56232 -3.58555
4.38447 -2 1.56333 -3.58572
4.38493 -2 1.56359 -3.58576
4.38712 -2 1.56497 -3.58591
4.3874 -2 1.56517 -3.58593
4.38857 -2 1.56604 -3.58601
4.38892 -2 1.56632 -3.58603
4.38893 -2 1.56633 -3.58603
4.39089 -2 1.568 -3.58614
4.39217 -2 1.56922 -3.58621
4.3948 -2 1.572 -3.58632
4.39492 -2 1.57214 -3.58632
4.39934 -2 1.57775 -3.58645
4.40377 -2 1.58451 -3.5865
4.40398 -2 1.58486 -3.5865
4.40489 -2 1.58639 -3.58651
4.40533 -2 1.58716 -3.5865
4.4058 -2 1.58799 -3.5865
4.40611 -2 1.58854 -3.5865
4.41063 -2 1.59724 -3.58643
4.41571 -2 1.60845 -3.58626
4.42273 -2 1.62643 -3.58586
4.42456 -2 1.6316 -3.58572
4.42479 -2 1.63225 -3.5857
4.42847 -2 1.6433 -3.58538
4.42966 -2 1.64705 -3.58527
4.43572 -2 1.66747 -3.58459
4.43661 -2 1.67065 -3.58448
4.44186 -2 1.69036 -3.58376
4.4447 -2 1.70174 -3.58332
4.44894 -2 1.71961 -3.58261
4.44925 -2 1.72097 -3.58255
4.44962 -2 1.7226 -3.58249
4.4515 -2 1.73095 -3.58214
4.4562 -2 1.75278 -3.58122
4.45667 -2 1.75502 -3.58112
4.4599 -2 1.77091 -3.58042
4.46346 -2 1.78914 -3.57961
4.46622 -2 1.80376 -3.57894
4.46651 -2 1.80533 -3.57887
4.47128 -2 1.83189 -3.57764
4.47236 -2 1.83804 -3.57735
4.47236 -2 1.83805 -3.57735
4.47431 -2 1.84941 -3.57681
4.47522 -2 1.85482 -3.57655
4.47533 -2 1.85547 -3.57652
4.47539 -2 1.85583 -3.5765
4.47579 -2 1.8582 -3.57639
4.47658 -2 1.86299 -3.57616
4.48217 -2 1.89763 -3.57448
4.4836 -2 1.90679 -3.57403
4.48362 -2 1.90692 -3.57402
4.48989 -2 1.94866 -3.57194
4.49147 -2 1.95952 -3.57139
4.49177 -2 1.96157 -3.57129
4.49259 -2 1.96736 -3.57099
4.49342 -2 1.97316 -3.5707
4.49623 -2 1.99321 -3.56968
4.50135 -2 2.03104 -3.56773
4.50228 -2 2.03812 -3.56736
4.50387 -2 2.0503 -3.56672
4.50463 -2 2.05616 -3.56642
4.50707 -2 2.07518 -3.56542
4.50736 -2 2.07747 -3.5653
4.50886 -2 2.08942 -3.56467
4.51081 -2 2.10518 -3.56384
4.51218 -2 2.1163 -3.56325
4.5133 -2 2.12554 -3.56276
4.51378 -2 2.12951 -3.56255
4.51597 -2 2.14782 -3.56157
4.51769 -2 2.16245 -3.56079
4.52151 -2 2.19552 -3.55901
4.52161 -2 2.19636 -3.55896
4.52271 -2 2.20603 -3.55844
4.52358 -2 2.21379 -3.55802
4.52543 -2 2.2303 -3.55712
4.52592 -2 2.23476 -3.55688
4.52739 -2 2.24807 -3.55616
4.53012 -2 2.2732 -3.55478
4.53152 -2 2.28623 -3.55407
4.53254 -2 2.29588 -3.55354
4.53326 -2 2.30269 -3.55317
4.5354 -2 2.3231 -3.55204
4.53691 -2 2.33761 -3.55124
4.539 -2 2.35807 -3.55011
4.54141 -2 2.38188 -3.54879
4.5508 -2 2.47798 -3.54342
4.55197 -2 2.49033 -3.54273
4.55244 -2 2.49528 -3.54245
4.55299 -2 2.50122 -3.54211
4.55326 -2 2.50406 -3.54195
4.55735 -2 2.54818 -3.53946
4.56163 -2 2.59535 -3.53679
4.56246 -2 2.60457 -3.53627
4.56849 -2 2.67316 -3.53236
4.56927 -2 2.68224 -3.53184
4.57026 -2 2.69369 -3.53118
4.5705 -2 2.69654 -3.53102
4.57226 -2 2.71708 -3.52984
4.57437 -2 2.74208 -3.52841
4.57513 -2 2.75108 -3.52789
4.57639 -2 2.76617 -3.52702
4.57714 -2 2.77521 -3.5265
4.57813 -2 2.78719 -3.52581
4.58021 -2 2.81243 -3.52436
4.58036 -2 2.81425 -3.52425
4.58845 -2 2.91505 -3.51842
4.58875 -2 2.91884 -3.5182
4.58959 -2 2.9295 -3.51758
4.59147 -2 2.9535 -3.51619
4.59768 -2 3.03437 -3.51147
4.59908 -2 3.05295 -3.51039
4.60739 -2 3.16501 -3.50382
4.60774 -2 3.16984 -3.50354
4.61357 -2 3.25069 -3.49878
4.61482 -2 3.26833 -3.49774
4.61483 -2 3.26848 -3.49773
4.61647 -2 3.29175 -3.49636
4.61687 -2 3.29738 -3.49603
4.61931 -2 3.33222 -3.49397
4.61994 -2 3.34126 -3.49343
4.6215 -2 3.36375 -3.4921
4.6271 -2 3.44543 -3.48726
4.62866 -2 3.46861 -3.48589
4.63011 -2 3.49013 -3.48461
4.65099 -2 3.81199 -3.4654
4.65261 -2 3.83777 -3.46386
4.65296 -2 3.84345 -3.46352
4.65322 -2 3.8476 -3.46327
4.65449 -2 3.86804 -3.46204
4.65664 -2 3.90264 -3.45996
4.66054 -2 3.96616 -3.45615
4.66513 -2 4.04176 -3.4516
4.66565 -2 4.05041 -3.45108
4.66607 -2 4.05737 -3.45066
4.66967 -2 4.11746 -3.44704
4.67192 -2 4.15532 -3.44475
4.67587 -2 4.22225 -3.44071
4.67853 -2 4.26781 -3.43796
4.68426 -2 4.36684 -3.43196
4.68439 -2 4.36912 -3.43183
4.68622 -2 4.40106 -3.42989
4.68868 -2 4.44413 -3.42728
4.69107 -2 4.48624 -3.42472
4.69142 -2 4.4925 -3.42434
4.69457 -2 4.54836 -3.42095
4.69628 -2 4.57886 -3.4191
4.69966 -2 4.63957 -3.41541
4.70929 -2 4.81481 -3.40474
4.71024 -2 4.83239 -3.40367
4.71093 -2 4.8451 -3.40289
4.71095 -2 4.84548 -3.40287
4.71131 -2 4.8521 -3.40247
4.7145 -2 4.91105 -3.39887
4.71781 -2 4.97272 -3.39511
4.71885 -2 4.99227 -3.39391
4.72049 -2 5.02288 -3.39204
4.72438 -2 5.09622 -3.38756
4.72453 -2 5.09901 -3.38739
4.72725 -2 5.1507 -3.38423
4.73065 -2 5.21549 -3.38026
4.73263 -2 5.25335 -3.37794
4.73635 -2 5.32496 -3.37356
4.73683 -2 5.3342 -3.37299
4.73831 -2 5.36284 -3.37123
4.7392 -2 5.37996 -3.37019
4.74362 -2 5.46595 -3.36491
4.74752 -2 5.54227 -3.36023
4.75454 -2 5.68063 -3.35173
4.75537 -2 5.6971 -3.35071
4.75697 -2 5.72885 -3.34876
4.76053 -2 5.7997 -3.3444
4.76189 -2 5.82687 -3.34273
4.76205 -2 5.83011 -3.34253
4.76224 -2 5.83383 -3.3423
4.76514 -2 5.89204 -3.33872
4.77074 -2 6.00479 -3.33178
4.77248 -2 6.0399 -3.32961
4.77573 -2 6.10586 -3.32555
4.77597 -2 6.11069 -3.32525
4.77806 -2 6.15315 -3.32263
4.78137 -2 6.22059 -3.31847
4.7815 -2 6.22331 -3.3183
4.78213 -2 6.23613 -3.31751
4.78243 -2 6.24233 -3.31713
4.78535 -2 6.30213 -3.31344
4.7876 -2 6.34835 -3.31059
4.79091 -2 6.4164 -3.30638
4.79238 -2 6.44674 -3.30451
4.79525 -2 6.5058 -3.30086
4.79591 -2 6.51952 -3.30001
4.79763 -2 6.55514 -3.29781
4.80242 -2 6.65445 -3.29167
4.80294 -2 6.66526 -3.291
4.81253 -2 6.86526 -3.27863
4.81461 -2 6.90865 -3.27594
4.81761 -2 6.97157 -3.27205
4.81928 -2 7.00661 -3.26988
4.82479 -2 7.12221 -3.26272
4.82598 -2 7.14726 -3.26116
4.82786 -2 7.18683 -3.25871
4.83112 -2 7.25542 -3.25446
4.83521 -2 7.34168 -3.24911
4.83593 -2 7.35698 -3.24817
4.83826 -2 7.40611 -3.24512
4.84094 -2 7.46267 -3.24161
4.84368 -2 7.52059 -3.23802
4.84392 -2 7.52563 -3.2377
4.85287 -2 7.71479 -3.22597
4.85361 -2 7.73039 -3.225
4.854 -2 7.73867 -3.22448
4.85968 -2 7.8586 -3.21704
4.86094 -2 7.88527 -3.21538
4.86855 -2 8.04601 -3.2054
4.87201 -2 8.11895 -3.20087
4.87703 -2 8.22479 -3.19429
4.87706 -2 8.22525 -3.19427
4.8777 -2 8.23883 -3.19342
4.87845 -2 8.25462 -3.19244
4.88198 -2 8.32884 -3.18783
4.88373 -2 8.3655 -3.18555
4.88375 -2 8.36608 -3.18552
4.88447 -2 8.38102 -3.18459
4.88911 -2 8.47843 -3.17853
4.8912 -2 8.52211 -3.17582
4.89177 -2 8.53409 -3.17507
4.89361 -2 8.57258 -3.17268
4.89732 -2 8.65 -3.16787
4.89776 -2 8.65904 -3.16731
4.91215 -2 8.9575 -3.14875
4.91383 -2 8.99218 -3.1466
4.91592 -2 9.03528 -3.14392
4.91717 -2 9.06093 -3.14232
4.92136 -2 9.14668 -3.13699
4.92169 -2 9.15351 -3.13657
4.92245 -2 9.16911 -3.1356
4.92373 -2 9.19513 -3.13398
4.92429 -2 9.20663 -3.13327
4.92443 -2 9.20949 -3.13309
4.92575 -2 9.23627 -3.13142
4.92633 -2 9.2481 -3.13069
4.9324 -2 9.37128 -3.12303
4.93244 -2 9.37207 -3.12298
4.93739 -2 9.4718 -3.11678
4.94226 -2 9.56929 -3.11073
4.94586 -2 9.64107 -3.10627
4.94658 -2 9.65531 -3.10538
4.94716 -2 9.66694 -3.10466
4.94736 -2 9.67083 -3.10442
4.95046 -2 9.73216 -3.10061
4.95215 -2 9.76546 -3.09854
4.95787 -2 9.87761 -3.09157
4.95831 -2 9.88624 -3.09104
4.96904 -2 10.0937 -3.07815
4.96936 -2 10.0998 -3.07777
4.97633 -2 10.2323 -3.06955
4.97752 -2 10.2549 -3.06815
4.9806 -2 10.3127 -3.06456
4.98083 -2 10.317 -3.06429
4.98291 -2 10.356 -3.06188
4.98397 -2 10.3757 -3.06066
4.98509 -2 10.3966 -3.05936
4.98526 -2 10.3997 -3.05917
4.98716 -2 10.4349 -3.05698
4.99061 -2 10.4985 -3.05304
5.00074 -2 10.6822 -3.04166
5.00911 -2 10.8309 -3.03246
5.01019 -2 10.8498 -3.03129
5.012 -2 10.8814 -3.02933
5.01902 -2 11.0026 -3.02184
5.02182 -2 11.0502 -3.01889
5.02362 -2 11.0807 -3.01701
5.02427 -2 11.0917 -3.01633
5.0377 -2 11.3131 -3.00267
5.03851 -2 11.3262 -3.00186
5.04125 -2 11.3703 -2.99915
5.04257 -2 11.3912 -2.99786
5.04423 -2 11.4175 -2.99624
5.04564 -2 11.4397 -2.99487
5.04859 -2 11.4858 -2.99204
5.05112 -2 11.525 -2.98962
5.05576 -2 11.5959 -2.98526
5.05905 -2 11.6454 -2.98223
5.06004 -2 11.6601 -2.98132
5.06017 -2 11.6621 -2.9812
5.06129 -2 11.6787 -2.98018
5.06331 -2 11.7085 -2.97836
5.06561 -2 11.7422 -2.97628
5.06646 -2 11.7546 -2.97553
5.06848 -2 11.7837 -2.97374
5.0711 -2 11.8212 -2.97144
5.07132 -2 11.8243 -2.97125
5.07264 -2 11.843 -2.97012
5.07292 -2 11.8469 -2.96987
5.07401 -2 11.8623 -2.96893
5.0761 -2 11.8915 -2.96714
5.07721 -2 11.9069 -2.9662
5.07793 -2 11.9169 -2.9656
5.07887 -2 11.9298 -2.9648
5.08125 -2 11.9623 -2.96282
5.0916 -2 12.0995 -2.95446
5.09197 -2 12.1042 -2.95417
5.09376 -2 12.1272 -2.95277
5.09783 -2 12.1786 -2.94965
5.09882 -2 12.1909 -2.9489
5.09991 -2 12.2044 -2.94808
5.10091 -2 12.2167 -2.94734
5.10283 -2 12.2401 -2.94592
5.10443 -2 12.2595 -2.94474
5.10521 -2 12.2689 -2.94417
5.10827 -2 12.3051 -2.94198
5.1128 -2 12.3578 -2.9388
5.11391 -2 12.3704 -2.93804
5.1149 -2 12.3816 -2.93736
5.11535 -2 12.3867 -2.93706
5.12011 -2 12.4395 -2.93388
5.12394 -2 12.4808 -2.9314
5.12413 -2 12.4828 -2.93128
5.13022 -2 12.5461 -2.92749
5.13103 -2 12.5543 -2.927
5.136 -2 12.6036 -2.92406
5.14788 -2 12.7138 -2.91753
5.15149 -2 12.7452 -2.91569
5.15287 -2 12.7569 -2.915
5.15368 -2 12.7637 -2.9146
5.15565 -2 12.78 -2.91364
5.15604 -2 12.7832 -2.91346
5.15651 -2 12.787 -2.91323
5.16411 -2 12.8465 -2.90977
5.16435 -2 12.8484 -2.90966
5.16553 -2 12.8571 -2.90916
5.17163 -2 12.9008 -2.90664
5.17821 -2 12.9445 -2.90415
5.18228 -2 12.9697 -2.90273
5.18302 -2 12.9742 -2.90248
5.18318 -2 12.9751 -2.90243
5.18462 -2 12.9836 -2.90196
5.18629 -2 12.9932 -2.90142
5.18985 -2 13.0129 -2.90033
5.19261 -2 13.0275 -2.89953
5.20113 -2 13.0683 -2.89733
5.20313 -2 13.0769 -2.89687
5.20315 -2 13.077 -2.89687
5.21762 -2 13.1293 -2.89424
5.21823 -2 13.1311 -2.89416
5.23201 -2 13.163 -2.89282
5.23536 -2 13.1682 -2.89266
5.23925 -2 13.173 -2.89256
5.24453 -2 13.1772 -2.89257
5.24533 -2 13.1777 -2.89258
5.2457 -2 13.1778 -2.89259
5.24578 -2 13.1779 -2.89259
5.25684 -2 13.1773 -2.89322
5.25929 -2 13.1757 -2.89345
5.2656 -2 13.169 -2.89423
5.26636 -2 13.1679 -2.89434
5.2675 -2 13.1662 -2.89451
5.27112 -2 13.1601 -2.8951
5.27298 -2 13.1565 -2.89543
5.27503 -2 13.1521 -2.89583
5.27867 -2 13.1434 -2.89659
5.27875 -2 13.1432 -2.89661
5.29011 -2 13.108 -2.8995
5.29084 -2 13.1053 -2.89971
5.29369 -2 13.0944 -2.90057
5.29391 -2 13.0936 -2.90064
5.30529 -2 13.0423 -2.90458
5.31047 -2 13.015 -2.90663
5.31847 -2 12.9679 -2.91012
5.33121 -2 12.8806 -2.91647
5.33236 -2 12.872 -2.91709
5.33336 -2 12.8644 -2.91763
5.33605 -2 12.8436 -2.91913
5.33699 -2 12.8362 -2.91966
5.33991 -2 12.8125 -2.92136
5.34922 -2 12.7318 -2.92709
5.35998 -2 12.6287 -2.93436
5.36037 -2 12.6247 -2.93464
5.36143 -2 12.614 -2.93539
5.36206 -2 12.6076 -2.93584
5.36486 -2 12.5784 -2.93789
5.36794 -2 12.5457 -2.94018
5.36986 -2 12.5247 -2.94164
5.37456 -2 12.4722 -2.9453
5.37855 -2 12.4261 -2.9485
5.39059 -2 12.2783 -2.95874
5.39251 -2 12.2535 -2.96045
5.39366 -2 12.2386 -2.96148
5.40733 -2 12.0517 -2.97434
5.42039 -2 11.8583 -2.98757
5.42458 -2 11.7932 -2.99202
5.43255 -2 11.6653 -3.00074
5.44198 -2 11.5074 -3.01148
5.4471 -2 11.4186 -3.0175
5.46304 -2 11.1291 -3.03711
5.47164 -2 10.9649 -3.0482
5.4772 -2 10.8558 -3.05556
5.47746 -2 10.8505 -3.05592
5.47909 -2 10.8181 -3.05811
5.48107 -2 10.7785 -3.06078
5.4813 -2 10.7738 -3.06109
5.48171 -2 10.7656 -3.06164
5.48822 -2 10.6328 -3.07059
5.4933 -2 10.5272 -3.07769
5.49544 -2 10.4821 -3.08073
5.4974 -2 10.4406 -3.08351
5.50403 -2 10.2983 -3.09308
5.50721 -2 10.2289 -3.09773
5.50926 -2 10.1839 -3.10075
5.53782 -2 9.52905 -3.1446
5.54459 -2 9.36672 -3.15545
5.5527 -2 9.16906 -3.16864
5.55354 -2 9.14842 -3.17002
5.5557 -2 9.09491 -3.17359
5.55637 -2 9.07836 -3.17469
5.55761 -2 9.04759 -3.17674
5.55909 -2 9.01073 -3.1792
5.56815 -2 8.78279 -3.19439
5.57238 -2 8.67508 -3.20156
5.57241 -2 8.67446 -3.2016
5.5734 -2 8.64902 -3.2033
5.58151 -2 8.43972 -3.21722
5.59553 -2 8.07146 -3.2417
5.59902 -2 7.9786 -3.24787
5.60377 -2 7.85118 -3.25632
5.60558 -2 7.80254 -3.25955
5.62238 -2 7.34559 -3.28984
5.63198 -2 7.08046 -3.3074
5.63295 -2 7.05357 -3.30918
5.63456 -2 7.00898 -3.31213
5.63941 -2 6.87393 -3.32106
5.64522 -2 6.71124 -3.33182
5.65398 -2 6.46493 -3.34809
5.65706 -2 6.37817 -3.35382
5.66289 -2 6.21305 -3.36472
5.66925 -2 6.03262 -3.37662
5.67379 -2 5.90339 -3.38514
5.6741 -2 5.89448 -3.38573
5.67526 -2 5.86152 -3.3879
5.67526 -2 5.86137 -3.38791
5.67709 -2 5.80943 -3.39133
5.67794 -2 5.78515 -3.39293
5.68303 -2 5.63983 -3.40251
5.68807 -2 5.49589 -3.41198
5.68889 -2 5.47246 -3.41352
5.69596 -2 5.27044 -3.42682
5.70143 -2 5.11404 -3.4371
5.70734 -2 4.94501 -3.44821
5.70805 -2 4.92471 -3.44954
5.71726 -2 4.66168 -3.46681
5.72266 -2 4.50771 -3.47692
5.72472 -2 4.44917 -3.48076
5.73589 -2 4.13198 -3.50154
5.74371 -2 3.911 -3.51601
5.74422 -2 3.89676 -3.51694
5.74492 -2 3.87699 -3.51824
5.75433 -2 3.61276 -3.53552
5.75528 -2 3.58605 -3.53726
5.76492 -2 3.31767 -3.55479
5.77052 -2 3.1629 -3.56489
5.77455 -2 3.05197 -3.57213
5.78573 -2 2.7471 -3.59199
5.7914 -2 2.59424 -3.60194
5.79194 -2 2.57958 -3.60289
5.81865 -2 1.87663 -3.64853
5.82025 -2 1.83553 -3.65119
5.83224 -2 1.5315 -3.67086
5.8367 -2 1.42021 -3.67805
5.83702 -2 1.41228 -3.67856
5.83787 -2 1.39118 -3.67992
5.83892 -2 1.36513 -3.68161
5.87179 -2 0.585487 -3.73177
5.87263 -2 0.566495 -3.73298
5.88974 -2 0.189218 -3.75711
5.89089 -2 0.164612 -3.75868
5.89682 -2 0.0393427 -3.76666
5.90311 -2 -0.0906568 -3.77492
5.91613 -2 -0.349836 -3.79135
5.92297 -2 -0.480548 -3.79961
5.94285 -2 -0.837929 -3.82205
5.94399 -2 -0.857297 -3.82326
5.95578 -2 -1.05154 -3.83535
5.97326 -2 -1.31549 -3.85163
5.98907 -2 -1.52877 -3.86461
6.00346 -2 -1.70091 -3.87492
6.01792 -2 -1.85224 -3.8838
6.02147 -2 -1.88594 -3.88574
6.03767 -2 -2.02279 -3.89345
6.04163 -2 -2.05185 -3.89503
6.04282 -2 -2.06028 -3.89549
6.06692 -2 -2.19633 -3.90234
6.06774 -2 -2.19982 -3.90249
6.0927 -2 -2.26888 -3.90468
6.09459 -2 -2.27119 -3.90465
6.11759 -2 -2.26606 -3.90197
6.15202 -2 -2.14317 -3.89008
6.16832 -2 -2.03695 -3.88117
6.16952 -2 -2.02796 -3.88044
6.17366 -2 -1.99551 -3.8778
6.18822 -2 -1.86589 -3.86747
6.2004 -2 -1.739 -3.85756
6.21712 -2 -1.5379 -3.84212
6.22038 -2 -1.4952 -3.83887
6.22986 -2 -1.3641 -3.82894
6.24016 -2 -1.211 -3.81743
6.24789 -2 -1.08867 -3.80828
6.26316 -2 -0.828983 -3.78896
6.26871 -2 -0.728633 -3.78152
6.2693 -2 -0.717923 -3.78073
6.30187 -2 -0.0683771 -3.73294
6.30321 -2 -0.0394567 -3.73082
6.31116 -2 0.134806 -3.71807
6.32345 -2 0.414792 -3.69763
6.32498 -2 0.450598 -3.69501
6.33116 -2 0.596988 -3.68435
6.37325 -2 1.66994 -3.60639
6.37936 -2 1.83585 -3.59436
6.38961 -2 2.11929 -3.57382
6.42529 -2 3.14893 -3.49925
6.44001 -2 3.5898 -3.46732
6.44592 -2 3.7691 -3.45434
6.45846 -2 4.15296 -3.42652
6.471 -2 4.54057 -3.39842
6.47322 -2 4.6095 -3.39341
6.5218 -2 6.13008 -3.28283
6.52223 -2 6.14343 -3.28186
6.57114 -2 7.65478 -3.17114
6.58438 -2 8.05251 -3.14181
6.58557 -2 8.08803 -3.13919
6.59702 -2 8.42561 -3.11419
6.60817 -2 8.74821 -3.09023
6.64387 -2 9.73281 -3.01645
6.72686 -2 11.631 -2.86935
6.80186 -2 12.7075 -2.77689
6.8084 -2 12.7672 -2.77102
6.87748 -2 13.0286 -2.73248
6.93613 -2 12.6978 -2.73515
7.05907 -2 10.3856 -2.84411
7.08133 -2 9.75776 -2.87713
7.11457 -2 8.72308 -2.93253
7.12725 -2 8.30164 -2.95533
7.13115 -2 8.16914 -2.96252
7.15415 -2 7.36625 -3.00625
7.16694 -2 6.90479 -3.03147
7.23661 -2 4.28584 -3.17479
7.25017 -2 3.77116 -3.20281
7.52202 -2 -2.10361 -3.45627
7.53983 -2 -1.88756 -3.4322
7.6761 -2 3.96559 -2.96672
