1.68556 -2 155.746 -18.6472
1.81017 -2 1.05099 -3.23404
1.82001 -2 0.992115 -3.20593
1.91011 -2 0.453696 -2.97762
2.06465 -2 -0.447858 -2.67707
2.07875 -2 -0.527503 -2.65472
2.10784 -2 -0.690723 -2.61343
2.20399 -2 -1.21133 -2.50486
2.21491 -2 -1.26744 -2.49273
2.24788 -2 -1.43752 -2.46878
2.29067 -2 -1.65047 -2.44256
2.29976 -2 -1.6955 -2.44019
2.31507 -2 -1.769 -2.43318
2.38723 -2 -2.10199 -2.41887
2.39091 -2 -2.11836 -2.41899
2.40415 -2 -2.17638 -2.41918
2.41051 -2 -2.20292 -2.41696
2.46597 -2 -2.4339 -2.4279
2.46868 -2 -2.44514 -2.42974
2.49834 -2 -2.56049 -2.4398
2.50903 -2 -2.60081 -2.44435
2.51765 -2 -2.63324 -2.44939
2.55948 -2 -2.78254 -2.4739
2.56066 -2 -2.78662 -2.47468
2.56593 -2 -2.80527 -2.47997
2.57175 -2 -2.82472 -2.48351
2.57892 -2 -2.84866 -2.48873
2.61166 -2 -2.95452 -2.51678
2.62204 -2 -2.98588 -2.52459
2.6277 -2 -3.00249 -2.52857
2.65265 -2 -3.07675 -2.5565
2.66208 -2 -3.103 -2.56572
2.66994 -2 -3.12385 -2.57214
2.70537 -2 -3.21685 -2.61493
2.70751 -2 -3.22175 -2.61649
2.70958 -2 -3.22638 -2.61778
2.73966 -2 -3.29693 -2.65591
2.76055 -2 -3.34274 -2.68566
2.76218 -2 -3.34505 -2.68492
2.79791 -2 -3.41582 -2.73924
2.80746 -2 -3.43274 -2.75318
2.82982 -2 -3.46923 -2.78542
2.84221 -2 -3.4888 -2.80641
2.87771 -2 -3.53607 -2.86182
2.88628 -2 -3.5465 -2.87683
2.89161 -2 -3.55156 -2.88303
2.89473 -2 -3.55605 -2.89129
2.90138 -2 -3.56235 -2.90036
2.91805 -2 -3.57842 -2.92853
2.9199 -2 -3.58102 -2.93443
2.93671 -2 -3.59505 -2.96407
2.95692 -2 -3.60875 -2.99949
2.95762 -2 -3.60846 -2.99866
2.96125 -2 -3.61065 -3.00535
2.96537 -2 -3.61372 -3.01503
3.00369 -2 -3.62891 -3.08563
3.01007 -2 -3.63087 -3.0992
3.01311 -2 -3.63067 -3.10261
3.01949 -2 -3.63216 -3.11626
3.02973 -2 -3.63227 -3.13337
3.03188 -2 -3.6337 -3.14157
3.03601 -2 -3.63281 -3.1466
3.03778 -2 -3.63359 -3.15242
3.05153 -2 -3.63174 -3.17616
3.06973 -2 -3.62848 -3.21235
3.07393 -2 -3.62812 -3.22309
3.07945 -2 -3.62569 -3.23182
3.08152 -2 -3.62452 -3.23452
3.0842 -2 -3.62392 -3.24097
3.08961 -2 -3.62094 -3.24905
3.09527 -2 -3.61961 -3.2639
3.10622 -2 -3.61424 -3.28614
3.1064 -2 -3.61439 -3.28724
3.10647 -2 -3.61281 -3.28253
3.12165 -2 -3.60456 -3.31597
3.12704 -2 -3.6 -3.32404
3.13049 -2 -3.59729 -3.3303
3.13078 -2 -3.59747 -3.33214
3.13655 -2 -3.59273 -3.34259
3.14358 -2 -3.58838 -3.36108
3.14498 -2 -3.58584 -3.35953
3.14757 -2 -3.58386 -3.36556
3.15577 -2 -3.57615 -3.38103
3.16862 -2 -3.56456 -3.41044
3.17249 -2 -3.55925 -3.41416
3.17562 -2 -3.55682 -3.4236
3.18014 -2 -3.55143 -3.43142
3.19422 -2 -3.53432 -3.45831
3.1976 -2 -3.5298 -3.46412
3.19771 -2 -3.52981 -3.46482
3.1985 -2 -3.52983 -3.46981
3.20163 -2 -3.5252 -3.47406
3.20461 -2 -3.52205 -3.48253
3.2139 -2 -3.50904 -3.49981
3.21644 -2 -3.50566 -3.50549
3.22471 -2 -3.49354 -3.52152
3.24289 -2 -3.46563 -3.55861
3.24416 -2 -3.46366 -3.56144
3.24437 -2 -3.46359 -3.56275
3.25317 -2 -3.44793 -3.57688
3.25754 -2 -3.44142 -3.58888
3.25956 -2 -3.43742 -3.5913
3.26075 -2 -3.43533 -3.59358
3.26096 -2 -3.43522 -3.59491
3.26194 -2 -3.43322 -3.5959
3.26827 -2 -3.42231 -3.60994
3.2687 -2 -3.42056 -3.60747
3.27175 -2 -3.41579 -3.61635
3.27775 -2 -3.40461 -3.62823
3.27836 -2 -3.40272 -3.6269
3.27916 -2 -3.40221 -3.63194
3.28524 -2 -3.38914 -3.6391
3.28694 -2 -3.38644 -3.64462
3.295 -2 -3.37 -3.65906
3.30829 -2 -3.34261 -3.68555
3.32043 -2 -3.31649 -3.70989
3.33068 -2 -3.2942 -3.73263
3.34152 -2 -3.26899 -3.75372
3.34641 -2 -3.25596 -3.75841
3.34694 -2 -3.25532 -3.76167
3.35062 -2 -3.24648 -3.76912
3.36098 -2 -3.22028 -3.78705
3.36244 -2 -3.2169 -3.79096
3.363 -2 -3.21614 -3.79445
3.36497 -2 -3.21063 -3.79634
3.36798 -2 -3.20365 -3.80467
3.36839 -2 -3.20167 -3.80204
3.37577 -2 -3.18269 -3.8168
3.3795 -2 -3.17298 -3.82442
3.38618 -2 -3.15447 -3.83477
3.38641 -2 -3.15411 -3.83619
3.3964 -2 -3.12716 -3.85651
3.40021 -2 -3.11674 -3.86451
3.40513 -2 -3.10296 -3.87416
3.41487 -2 -3.07368 -3.88762
3.41704 -2 -3.06845 -3.89569
3.42103 -2 -3.05576 -3.89957
3.43058 -2 -3.02708 -3.91675
3.43335 -2 -3.01909 -3.9233
3.44707 -2 -2.9771 -3.95018
3.4532 -2 -2.95646 -3.95657
3.46826 -2 -2.90826 -3.98586
3.47851 -2 -2.87343 -4.00136
3.4834 -2 -2.85693 -4.01018
3.49063 -2 -2.83213 -4.02265
3.49148 -2 -2.83011 -4.02763
3.49205 -2 -2.82743 -4.02601
3.49648 -2 -2.81159 -4.03198
3.49885 -2 -2.80324 -4.03586
3.50152 -2 -2.79411 -4.04148
3.50563 -2 -2.78004 -4.05051
3.5088 -2 -2.76824 -4.05403
3.51071 -2 -2.76214 -4.06012
3.52352 -2 -2.71501 -4.07961
3.52803 -2 -2.69796 -4.08582
3.53307 -2 -2.67939 -4.09492
3.53381 -2 -2.67612 -4.09423
3.53685 -2 -2.66531 -4.10178
3.54267 -2 -2.64298 -4.11036
3.55095 -2 -2.61097 -4.12295
3.55399 -2 -2.59982 -4.13031
3.55689 -2 -2.58776 -4.13198
3.58479 -2 -2.47609 -4.17572
3.58534 -2 -2.47318 -4.17391
3.5858 -2 -2.47173 -4.17649
3.58836 -2 -2.46136 -4.18089
3.59514 -2 -2.43278 -4.18918
3.5996 -2 -2.41495 -4.19913
3.60169 -2 -2.40585 -4.20091
3.60307 -2 -2.40019 -4.20364
3.60486 -2 -2.392 -4.20377
3.60952 -2 -2.37203 -4.20991
3.61505 -2 -2.34907 -4.22061
3.6174 -2 -2.33887 -4.22373
3.61825 -2 -2.33483 -4.22356
3.61962 -2 -2.3291 -4.22611
3.62049 -2 -2.32498 -4.22604
3.62177 -2 -2.3195 -4.22814
3.62633 -2 -2.29936 -4.23352
3.62983 -2 -2.28392 -4.2379
3.63185 -2 -2.27581 -4.24391
3.6319 -2 -2.27563 -4.24419
3.63326 -2 -2.26862 -4.24191
3.63349 -2 -2.26781 -4.24315
3.63828 -2 -2.24654 -4.24959
3.64364 -2 -2.22314 -4.25893
3.64638 -2 -2.21115 -4.2639
3.65015 -2 -2.19312 -4.26482
3.65298 -2 -2.18068 -4.27021
3.66722 -2 -2.11516 -4.28781
3.66872 -2 -2.10847 -4.29088
3.66985 -2 -2.10317 -4.292
3.67054 -2 -2.09946 -4.29091
3.67207 -2 -2.09264 -4.29409
3.67217 -2 -2.09226 -4.29462
3.67782 -2 -2.06547 -4.30024
3.68247 -2 -2.04343 -4.3053
3.69473 -2 -1.98524 -4.32095
3.69959 -2 -1.96186 -4.32686
3.70044 -2 -1.95744 -4.3265
3.70243 -2 -1.94852 -4.33183
3.70348 -2 -1.94327 -4.33248
3.71898 -2 -1.86719 -4.34947
3.72082 -2 -1.85757 -4.34935
3.72272 -2 -1.84876 -4.3541
3.72274 -2 -1.84868 -4.35418
3.72596 -2 -1.83231 -4.35621
3.72598 -2 -1.83221 -4.35633
3.72944 -2 -1.81481 -4.35947
3.73188 -2 -1.80258 -4.36223
3.73228 -2 -1.80095 -4.36413
3.73349 -2 -1.79487 -4.36544
3.74161 -2 -1.75354 -4.37281
3.74586 -2 -1.73247 -4.37956
3.74867 -2 -1.7174 -4.37942
3.7515 -2 -1.70327 -4.38383
3.75176 -2 -1.70219 -4.38502
3.75235 -2 -1.69859 -4.38337
3.75566 -2 -1.68129 -4.38552
3.76103 -2 -1.65401 -4.3928
3.76187 -2 -1.64933 -4.39227
3.76533 -2 -1.63116 -4.39507
3.76764 -2 -1.61905 -4.39686
3.77357 -2 -1.58895 -4.40647
3.78043 -2 -1.55238 -4.41142
3.78083 -2 -1.54958 -4.40884
3.78158 -2 -1.54628 -4.41222
3.78523 -2 -1.52689 -4.41562
3.79414 -2 -1.47862 -4.42072
3.79526 -2 -1.47251 -4.42139
3.7959 -2 -1.46964 -4.42421
3.80017 -2 -1.44616 -4.42581
3.80465 -2 -1.42263 -4.4326
3.80608 -2 -1.41402 -4.43025
3.81119 -2 -1.38642 -4.43538
3.81507 -2 -1.36543 -4.43935
3.81614 -2 -1.35942 -4.43971
3.82236 -2 -1.32535 -4.44512
3.82387 -2 -1.31725 -4.44734
3.83079 -2 -1.27864 -4.45125
3.83802 -2 -1.23824 -4.45635
3.83891 -2 -1.233 -4.45585
3.84377 -2 -1.20574 -4.45926
3.84402 -2 -1.20449 -4.46034
3.84509 -2 -1.19837 -4.46056
3.85627 -2 -1.13529 -4.46888
3.85645 -2 -1.13344 -4.46543
3.86077 -2 -1.10933 -4.47052
3.86666 -2 -1.07547 -4.47353
3.86811 -2 -1.06736 -4.47518
3.87401 -2 -1.03318 -4.47809
3.87765 -2 -1.01216 -4.48011
3.87844 -2 -1.0072 -4.47915
3.88116 -2 -0.991649 -4.48163
3.8833 -2 -0.978961 -4.48183
3.8871 -2 -0.956967 -4.48435
3.89164 -2 -0.930149 -4.48562
3.89676 -2 -0.900261 -4.48905
3.9032 -2 -0.861581 -4.48929
3.90601 -2 -0.845284 -4.49179
3.91058 -2 -0.817876 -4.49287
3.91263 -2 -0.806376 -4.49645
3.91334 -2 -0.801714 -4.49512
3.91445 -2 -0.795001 -4.49524
3.91538 -2 -0.789247 -4.49468
3.91877 -2 -0.769726 -4.49918
3.91966 -2 -0.764137 -4.49848
3.92084 -2 -0.757058 -4.49881
3.92295 -2 -0.744117 -4.49859
3.92443 -2 -0.735464 -4.49999
3.92474 -2 -0.733848 -4.5011
3.92598 -2 -0.726368 -4.50167
3.93259 -2 -0.685959 -4.50178
3.93532 -2 -0.669655 -4.50366
3.93671 -2 -0.66137 -4.50467
3.93845 -2 -0.650256 -4.50301
3.94045 -2 -0.637763 -4.50226
3.94069 -2 -0.636476 -4.50311
3.94332 -2 -0.620626 -4.50453
3.94491 -2 -0.611217 -4.50619
3.94734 -2 -0.596405 -4.50685
3.95577 -2 -0.544632 -4.5088
3.95951 -2 -0.521651 -4.50998
3.96306 -2 -0.499683 -4.51043
3.96771 -2 -0.470711 -4.51072
3.96884 -2 -0.463651 -4.51065
3.97026 -2 -0.455014 -4.51154
3.97796 -2 -0.406401 -4.51032
3.97924 -2 -0.398478 -4.51069
3.98409 -2 -0.368129 -4.51129
3.9852 -2 -0.361081 -4.5111
3.98905 -2 -0.337024 -4.51216
3.99109 -2 -0.323917 -4.51114
3.99321 -2 -0.310307 -4.51039
3.99567 -2 -0.294816 -4.51067
3.99589 -2 -0.29358 -4.51136
3.99684 -2 -0.287402 -4.51061
4.0015 -2 -0.258685 -4.51393
4.00466 -2 -0.238246 -4.5126
4.00527 -2 -0.23389 -4.51081
4.00921 -2 -0.209078 -4.51176
4.01037 -2 -0.201655 -4.5116
4.01719 -2 -0.158688 -4.51375
4.01938 -2 -0.144458 -4.51298
4.02008 -2 -0.139573 -4.51144
4.02081 -2 -0.134547 -4.50996
4.02193 -2 -0.128238 -4.51321
4.02473 -2 -0.109582 -4.51059
4.02794 -2 -0.0895737 -4.51265
4.02825 -2 -0.0868274 -4.51
4.0296 -2 -0.0782755 -4.51028
4.0367 -2 -0.032251 -4.50907
4.04092 -2 -0.00540077 -4.5102
4.04256 -2 0.0058768 -4.50772
4.04753 -2 0.0381153 -4.50731
4.05455 -2 0.0841097 -4.50532
4.05483 -2 0.0856964 -4.50605
4.05622 -2 0.0946508 -4.50628
4.06546 -2 0.155567 -4.50289
4.06585 -2 0.15788 -4.50392
4.06741 -2 0.167862 -4.5045
4.07092 -2 0.191079 -4.50322
4.07136 -2 0.194569 -4.50093
4.07407 -2 0.212237 -4.50098
4.0761 -2 0.225941 -4.49929
4.07851 -2 0.241896 -4.49854
4.07852 -2 0.24196 -4.49857
4.07882 -2 0.243713 -4.4993
4.07931 -2 0.246541 -4.5005
4.08062 -2 0.255164 -4.50037
4.08088 -2 0.257643 -4.49766
4.09863 -2 0.375104 -4.49346
4.10107 -2 0.391403 -4.49252
4.10294 -2 0.404366 -4.49026
4.10396 -2 0.411334 -4.48931
4.10566 -2 0.422331 -4.48989
4.10887 -2 0.444179 -4.48734
4.10892 -2 0.444471 -4.48745
4.11224 -2 0.467041 -4.48512
4.11403 -2 0.478649 -4.48583
4.12072 -2 0.524188 -4.48107
4.12413 -2 0.547355 -4.47874
4.12749 -2 0.569357 -4.47944
4.13485 -2 0.620134 -4.4725
4.14141 -2 0.664327 -4.47
4.14189 -2 0.667188 -4.47093
4.14362 -2 0.679565 -4.46813
4.14429 -2 0.6836 -4.46943
4.14764 -2 0.70664 -4.46663
4.14868 -2 0.713856 -4.46554
4.15772 -2 0.776251 -4.45805
4.16179 -2 0.803779 -4.45637
4.1687 -2 0.85153 -4.45061
4.1735 -2 0.884656 -4.447
4.174 -2 0.887694 -4.44784
4.18268 -2 0.947441 -4.44167
4.18499 -2 0.963528 -4.43957
4.18526 -2 0.966108 -4.43708
4.18892 -2 0.991473 -4.4342
4.18907 -2 0.992352 -4.43443
4.19037 -2 1.00132 -4.43358
4.1915 -2 1.00921 -4.43246
4.19177 -2 1.01083 -4.43287
4.19364 -2 1.02425 -4.43
4.19832 -2 1.05595 -4.42851
4.20454 -2 1.10003 -4.42061
4.20597 -2 1.10982 -4.41984
4.21325 -2 1.16064 -4.41325
4.22126 -2 1.21701 -4.40459
4.22615 -2 1.25124 -4.39991
4.22652 -2 1.25349 -4.40038
4.22833 -2 1.26571 -4.39993
4.23075 -2 1.28271 -4.39748
4.23597 -2 1.32004 -4.39027
4.23873 -2 1.3392 -4.38815
4.2394 -2 1.34434 -4.38624
4.24173 -2 1.36079 -4.38357
4.24296 -2 1.36945 -4.38231
4.24312 -2 1.37046 -4.38249
4.24506 -2 1.3835 -4.382
4.24593 -2 1.38992 -4.38032
4.2468 -2 1.39632 -4.37862
4.25575 -2 1.45911 -4.36973
4.26151 -2 1.5001 -4.36252
4.26253 -2 1.50749 -4.36093
4.26695 -2 1.53909 -4.35485
4.27081 -2 1.56628 -4.35074
4.27135 -2 1.56966 -4.35123
4.27158 -2 1.5711 -4.35143
4.27167 -2 1.5727 -4.34898
4.2758 -2 1.60157 -4.34501
4.27957 -2 1.62826 -4.34065
4.27994 -2 1.63056 -4.34095
4.28205 -2 1.64582 -4.33768
4.28235 -2 1.64773 -4.33792
4.28368 -2 1.65809 -4.33401
4.28662 -2 1.67858 -4.33134
4.28788 -2 1.68748 -4.32983
4.28833 -2 1.69029 -4.33017
4.28878 -2 1.69417 -4.32805
4.29377 -2 1.72954 -4.32188
4.29396 -2 1.73078 -4.32202
4.29447 -2 1.73497 -4.31994
4.29674 -2 1.75026 -4.31907
4.29893 -2 1.76611 -4.31571
4.30115 -2 1.78213 -4.31234
4.30128 -2 1.78291 -4.31242
4.30674 -2 1.82241 -4.30384
4.3091 -2 1.83933 -4.30048
4.31275 -2 1.86544 -4.29546
4.31445 -2 1.87715 -4.29403
4.31627 -2 1.89071 -4.2903
4.31702 -2 1.89546 -4.29069
4.32431 -2 1.94759 -4.28027
4.32462 -2 1.95059 -4.27811
4.32593 -2 1.95992 -4.2764
4.32733 -2 1.96979 -4.27471
4.33213 -2 2.00427 -4.26755
4.33356 -2 2.01433 -4.26583
4.33458 -2 2.02181 -4.26395
4.3378 -2 2.04528 -4.25834
4.34009 -2 2.06181 -4.25462
4.34039 -2 2.0637 -4.25471
4.344 -2 2.0897 -4.24914
4.34414 -2 2.0906 -4.24918
4.34482 -2 2.09594 -4.24717
4.34854 -2 2.12259 -4.24155
4.35014 -2 2.13373 -4.23974
4.35234 -2 2.14979 -4.23588
4.35312 -2 2.1547 -4.23605
4.35373 -2 2.15963 -4.234
4.35558 -2 2.17238 -4.2322
4.35721 -2 2.18483 -4.22818
4.35803 -2 2.19103 -4.22617
4.35812 -2 2.1916 -4.22619
4.36011 -2 2.20524 -4.22436
4.36063 -2 2.20963 -4.2223
4.36133 -2 2.21402 -4.2224
4.36162 -2 2.21695 -4.22031
4.36491 -2 2.23989 -4.21646
4.36716 -2 2.25626 -4.21246
4.36796 -2 2.26236 -4.21043
4.36901 -2 2.27007 -4.20841
4.37122 -2 2.2862 -4.20438
4.37128 -2 2.2866 -4.20438
4.37235 -2 2.29333 -4.20443
4.37458 -2 2.30958 -4.20036
4.37673 -2 2.32536 -4.19626
4.37673 -2 2.32537 -4.19626
4.37908 -2 2.34235 -4.19215
4.37952 -2 2.34516 -4.19214
4.3824 -2 2.36662 -4.18594
4.38447 -2 2.38189 -4.18178
4.38493 -2 2.38479 -4.18175
4.38712 -2 2.40079 -4.17757
4.3874 -2 2.40254 -4.17754
4.38857 -2 2.41104 -4.17543
4.38892 -2 2.41324 -4.1754
4.38893 -2 2.41333 -4.1754
4.39089 -2 2.42788 -4.1712
4.39217 -2 2.43711 -4.16906
4.3948 -2 2.45586 -4.16474
4.39492 -2 2.45667 -4.16472
4.39934 -2 2.48899 -4.15613
4.40377 -2 2.52137 -4.14746
4.40398 -2 2.52268 -4.14742
4.40489 -2 2.52951 -4.14528
4.40533 -2 2.5323 -4.14518
4.4058 -2 2.53531 -4.14507
4.40611 -2 2.53834 -4.14307
4.41063 -2 2.57024 -4.13616
4.41571 -2 2.60788 -4.12519
4.42273 -2 2.65776 -4.11341
4.42456 -2 2.67156 -4.10901
4.42479 -2 2.67298 -4.10892
4.42847 -2 2.69956 -4.10192
4.42966 -2 2.70821 -4.09958
4.43572 -2 2.75209 -4.08777
4.43661 -2 2.75884 -4.08554
4.44186 -2 2.79642 -4.07574
4.4447 -2 2.81773 -4.06892
4.44894 -2 2.84785 -4.06125
4.44925 -2 2.85095 -4.05934
4.44962 -2 2.8533 -4.05912
4.4515 -2 2.86627 -4.05624
4.4562 -2 2.90044 -4.04642
4.45667 -2 2.90451 -4.04442
4.4599 -2 2.92717 -4.03886
4.46346 -2 2.953 -4.03135
4.46622 -2 2.97376 -4.02439
4.46651 -2 2.97559 -4.02417
4.47128 -2 3.01023 -4.01399
4.47236 -2 3.01812 -4.01152
4.47236 -2 3.01814 -4.01152
4.47431 -2 3.03153 -4.00834
4.47522 -2 3.03843 -4.00599
4.47533 -2 3.03911 -4.0059
4.47539 -2 3.03949 -4.00585
4.47579 -2 3.04315 -4.00393
4.47658 -2 3.04815 -4.00327
4.48217 -2 3.08904 -3.99059
4.4836 -2 3.09915 -3.98776
4.48362 -2 3.09928 -3.98774
4.48989 -2 3.14446 -3.97425
4.49147 -2 3.15668 -3.96971
4.49177 -2 3.15853 -3.96942
4.49259 -2 3.16489 -3.96711
4.49342 -2 3.17006 -3.9663
4.49623 -2 3.19116 -3.95903
4.50135 -2 3.22791 -3.94787
4.50228 -2 3.23494 -3.94542
4.50387 -2 3.24608 -3.94227
4.50463 -2 3.25201 -3.94001
4.50707 -2 3.26959 -3.93448
4.50736 -2 3.27139 -3.93417
4.50886 -2 3.28196 -3.93108
4.51081 -2 3.29655 -3.92604
4.51218 -2 3.30624 -3.92308
4.5133 -2 3.31444 -3.92039
4.51378 -2 3.31742 -3.91984
4.51597 -2 3.33346 -3.91449
4.51769 -2 3.3466 -3.90968
4.52151 -2 3.37401 -3.90097
4.52161 -2 3.3746 -3.90085
4.52271 -2 3.38264 -3.89815
4.52358 -2 3.38808 -3.89708
4.52543 -2 3.40198 -3.89207
4.52592 -2 3.40505 -3.89146
4.52739 -2 3.41659 -3.88692
4.53012 -2 3.43597 -3.88077
4.53152 -2 3.44586 -3.87764
4.53254 -2 3.45345 -3.87499
4.53326 -2 3.45914 -3.87273
4.5354 -2 3.47362 -3.8686
4.53691 -2 3.4854 -3.86399
4.539 -2 3.49961 -3.85986
4.54141 -2 3.51697 -3.854
4.5508 -2 3.58486 -3.83066
4.55197 -2 3.59332 -3.82772
4.55244 -2 3.59745 -3.82581
4.55299 -2 3.60089 -3.82499
4.55326 -2 3.60253 -3.8246
4.55735 -2 3.63274 -3.81365
4.56163 -2 3.66283 -3.80355
4.56246 -2 3.66916 -3.8011
4.56849 -2 3.7125 -3.78579
4.56927 -2 3.71858 -3.78339
4.57026 -2 3.72461 -3.7818
4.5705 -2 3.72739 -3.78027
4.57226 -2 3.7394 -3.77629
4.57437 -2 3.75489 -3.77058
4.57513 -2 3.75952 -3.76933
4.57639 -2 3.76851 -3.76612
4.57714 -2 3.77439 -3.76375
4.57813 -2 3.78174 -3.76099
4.58021 -2 3.79699 -3.7553
4.58036 -2 3.79789 -3.75504
4.58845 -2 3.85628 -3.73355
4.58875 -2 3.8581 -3.73303
4.58959 -2 3.86319 -3.73154
4.59147 -2 3.8772 -3.72612
4.59768 -2 3.92144 -3.70974
4.59908 -2 3.93127 -3.70615
4.60739 -2 3.99075 -3.68363
4.60774 -2 3.9942 -3.68199
4.61357 -2 4.03462 -3.6669
4.61482 -2 4.04484 -3.66257
4.61483 -2 4.0449 -3.66255
4.61647 -2 4.05613 -3.65837
4.61687 -2 4.05852 -3.65758
4.61931 -2 4.07586 -3.65087
4.61994 -2 4.08099 -3.6487
4.6215 -2 4.09169 -3.64465
4.6271 -2 4.13197 -3.62877
4.62866 -2 4.14271 -3.62465
4.63011 -2 4.15272 -3.62076
4.65099 -2 4.30163 -3.56077
4.65261 -2 4.31258 -3.55636
4.65296 -2 4.31468 -3.55555
4.65322 -2 4.3176 -3.55421
4.65449 -2 4.32652 -3.55057
4.65664 -2 4.34057 -3.5449
4.66054 -2 4.36918 -3.53297
4.66513 -2 4.40039 -3.52006
4.66565 -2 4.40487 -3.51813
4.66607 -2 4.40732 -3.51714
4.66967 -2 4.43267 -3.50649
4.67192 -2 4.44869 -3.49973
4.67587 -2 4.47603 -3.48815
4.67853 -2 4.49586 -3.47969
4.68426 -2 4.53496 -3.46291
4.68439 -2 4.53572 -3.46258
4.68622 -2 4.54923 -3.45677
4.68868 -2 4.56638 -3.44934
4.69107 -2 4.58311 -3.44208
4.69142 -2 4.58515 -3.44116
4.69457 -2 4.60771 -3.43135
4.69628 -2 4.61903 -3.42634
4.69966 -2 4.64291 -3.41586
4.70929 -2 4.70998 -3.38609
4.71024 -2 4.71694 -3.38302
4.71093 -2 4.72237 -3.38067
4.71095 -2 4.72249 -3.38062
4.71131 -2 4.72454 -3.37964
4.7145 -2 4.74719 -3.36954
4.71781 -2 4.76905 -3.35949
4.71885 -2 4.7765 -3.35615
4.72049 -2 4.78879 -3.35074
4.72438 -2 4.81539 -3.33855
4.72453 -2 4.81623 -3.33813
4.72725 -2 4.83469 -3.32959
4.73065 -2 4.85845 -3.31871
4.73263 -2 4.87265 -3.31227
4.73635 -2 4.8982 -3.30039
4.73683 -2 4.90089 -3.29899
4.73831 -2 4.91074 -3.29431
4.7392 -2 4.91724 -3.29138
4.74362 -2 4.94817 -3.277
4.74752 -2 4.9746 -3.26443
4.75454 -2 5.02299 -3.24151
4.75537 -2 5.02916 -3.23871
4.75697 -2 5.03959 -3.23355
4.76053 -2 5.06398 -3.22185
4.76189 -2 5.07306 -3.21739
4.76205 -2 5.07396 -3.21689
4.76224 -2 5.07498 -3.21631
4.76514 -2 5.09573 -3.20659
4.77074 -2 5.13283 -3.18813
4.77248 -2 5.14553 -3.18224
4.77573 -2 5.16811 -3.17133
4.77597 -2 5.16941 -3.17057
4.77806 -2 5.18401 -3.16354
4.78137 -2 5.20522 -3.15253
4.7815 -2 5.20595 -3.1521
4.78213 -2 5.21097 -3.14992
4.78243 -2 5.21261 -3.14893
4.78535 -2 5.23331 -3.13901
4.7876 -2 5.24875 -3.13139
4.79091 -2 5.26986 -3.12024
4.79238 -2 5.27943 -3.11525
4.79525 -2 5.29972 -3.10546
4.79591 -2 5.30328 -3.10323
4.79763 -2 5.31581 -3.09731
4.80242 -2 5.34802 -3.08091
4.80294 -2 5.35079 -3.07913
4.81253 -2 5.41509 -3.046
4.81461 -2 5.42941 -3.0388
4.81761 -2 5.4503 -3.02837
4.81928 -2 5.46078 -3.02253
4.82479 -2 5.49643 -3.00323
4.82598 -2 5.50436 -2.99905
4.82786 -2 5.51759 -2.99247
4.83112 -2 5.53968 -2.98103
4.83521 -2 5.56608 -2.96653
4.83593 -2 5.57155 -2.964
4.83826 -2 5.58705 -2.95576
4.84094 -2 5.60433 -2.94621
4.84368 -2 5.62192 -2.9364
4.84392 -2 5.62314 -2.93551
4.85287 -2 5.68291 -2.90355
4.85361 -2 5.68843 -2.90098
4.854 -2 5.69042 -2.8995
4.85968 -2 5.72804 -2.87911
4.86094 -2 5.73619 -2.87453
4.86855 -2 5.78519 -2.84682
4.87201 -2 5.80787 -2.83424
4.87703 -2 5.84011 -2.81581
4.87706 -2 5.84021 -2.81573
4.8777 -2 5.84522 -2.8135
4.87845 -2 5.84895 -2.81056
4.88198 -2 5.87186 -2.7976
4.88373 -2 5.88412 -2.79136
4.88375 -2 5.88425 -2.79125
4.88447 -2 5.88776 -2.78842
4.88911 -2 5.91791 -2.77131
4.8912 -2 5.9318 -2.76368
4.89177 -2 5.9346 -2.76137
4.89361 -2 5.94727 -2.75472
4.89732 -2 5.97087 -2.74089
4.89776 -2 5.97298 -2.73913
4.91215 -2 6.06468 -2.68523
4.91383 -2 6.07647 -2.67917
4.91592 -2 6.08834 -2.67092
4.91717 -2 6.09616 -2.66618
4.92136 -2 6.12356 -2.6506
4.92169 -2 6.12514 -2.64919
4.92245 -2 6.13065 -2.64648
4.92373 -2 6.13856 -2.64162
4.92429 -2 6.14122 -2.63923
4.92443 -2 6.14379 -2.63916
4.92575 -2 6.15188 -2.63412
4.92633 -2 6.15461 -2.63165
4.9324 -2 6.19263 -2.60848
4.93244 -2 6.19281 -2.60831
4.93739 -2 6.22353 -2.58931
4.94226 -2 6.25377 -2.57059
4.94586 -2 6.27618 -2.55672
4.94658 -2 6.28142 -2.5542
4.94716 -2 6.2841 -2.55164
4.94736 -2 6.28695 -2.5514
4.95046 -2 6.30503 -2.53907
4.95215 -2 6.31665 -2.53292
4.95787 -2 6.35046 -2.51026
4.95831 -2 6.35444 -2.50896
4.96904 -2 6.42043 -2.46722
4.96936 -2 6.42187 -2.46577
4.97633 -2 6.46475 -2.43863
4.97752 -2 6.47203 -2.43394
4.9806 -2 6.48957 -2.42143
4.98083 -2 6.49261 -2.42113
4.98291 -2 6.50376 -2.41235
4.98397 -2 6.51039 -2.40829
4.98509 -2 6.51734 -2.40389
4.98526 -2 6.51804 -2.40314
4.98716 -2 6.53039 -2.39595
4.99061 -2 6.55146 -2.38241
5.00074 -2 6.61135 -2.34185
5.00911 -2 6.66133 -2.30845
5.01019 -2 6.66795 -2.30422
5.012 -2 6.67762 -2.29653
5.01902 -2 6.71946 -2.26848
5.02182 -2 6.73736 -2.25784
5.02362 -2 6.7469 -2.25012
5.02427 -2 6.75171 -2.24791
5.0377 -2 6.82978 -2.19345
5.03851 -2 6.83519 -2.19048
5.04125 -2 6.85051 -2.17904
5.04257 -2 6.85793 -2.17358
5.04423 -2 6.86672 -2.16643
5.04564 -2 6.87664 -2.16156
5.04859 -2 6.89266 -2.14907
5.05112 -2 6.90701 -2.1386
5.05576 -2 6.93395 -2.11976
5.05905 -2 6.95332 -2.1066
5.06004 -2 6.95935 -2.10275
5.06017 -2 6.95988 -2.10207
5.06129 -2 6.96641 -2.09755
5.06331 -2 6.9764 -2.08854
5.06561 -2 6.9897 -2.07913
5.06646 -2 6.99517 -2.07597
5.06848 -2 7.00731 -2.06804
5.0711 -2 7.02177 -2.05702
5.07132 -2 7.02259 -2.05592
5.07264 -2 7.02981 -2.0504
5.07292 -2 7.03087 -2.04897
5.07401 -2 7.03723 -2.04458
5.0761 -2 7.04961 -2.03623
5.07721 -2 7.05601 -2.03175
5.07793 -2 7.05872 -2.02808
5.07887 -2 7.06449 -2.02444
5.08125 -2 7.07788 -2.01462
5.0916 -2 7.13652 -1.97214
5.09197 -2 7.13784 -1.97026
5.09376 -2 7.14897 -1.9634
5.09783 -2 7.17059 -1.946
5.09882 -2 7.17645 -1.9421
5.09991 -2 7.18268 -1.93768
5.10091 -2 7.18857 -1.93372
5.10283 -2 7.19776 -1.92497
5.10443 -2 7.2081 -1.91912
5.10521 -2 7.21089 -1.91502
5.10827 -2 7.22867 -1.90286
5.1128 -2 7.25397 -1.88416
5.11391 -2 7.25786 -1.87832
5.1149 -2 7.26365 -1.8744
5.11535 -2 7.26755 -1.87334
5.12011 -2 7.29345 -1.85343
5.12394 -2 7.3137 -1.83709
5.12413 -2 7.31435 -1.83608
5.13022 -2 7.34693 -1.81034
5.13103 -2 7.35202 -1.8074
5.136 -2 7.37826 -1.78624
5.14788 -2 7.44146 -1.73619
5.15149 -2 7.46044 -1.72088
5.15287 -2 7.46732 -1.7148
5.15368 -2 7.47234 -1.71186
5.15565 -2 7.48109 -1.70257
5.15604 -2 7.48477 -1.70191
5.15651 -2 7.48628 -1.69933
5.16411 -2 7.525 -1.66655
5.16435 -2 7.52577 -1.6652
5.16553 -2 7.5319 -1.66025
5.17163 -2 7.56564 -1.63563
5.17821 -2 7.59818 -1.60681
5.18228 -2 7.61792 -1.58887
5.18302 -2 7.62266 -1.58626
5.18318 -2 7.62311 -1.58542
5.18462 -2 7.62993 -1.57894
5.18629 -2 7.63991 -1.57276
5.18985 -2 7.658 -1.55757
5.19261 -2 7.67114 -1.54528
5.20113 -2 7.71354 -1.5086
5.20313 -2 7.72434 -1.50055
5.20315 -2 7.72441 -1.50042
5.21762 -2 7.79561 -1.43816
5.21823 -2 7.79728 -1.43469
5.23201 -2 7.86542 -1.37622
5.23536 -2 7.88207 -1.36208
5.23925 -2 7.90002 -1.34489
5.24453 -2 7.92407 -1.32135
5.24533 -2 7.92874 -1.31849
5.2457 -2 7.92967 -1.31636
5.24578 -2 7.92987 -1.31591
5.25684 -2 7.98395 -1.26948
5.25929 -2 7.99524 -1.25884
5.2656 -2 8.02381 -1.23104
5.26636 -2 8.02561 -1.22656
5.2675 -2 8.031 -1.22172
5.27112 -2 8.04759 -1.20598
5.27298 -2 8.05732 -1.1988
5.27503 -2 8.06748 -1.19046
5.27867 -2 8.08397 -1.17461
5.27875 -2 8.08415 -1.17414
5.29011 -2 8.13407 -1.12399
5.29084 -2 8.13843 -1.12155
5.29369 -2 8.15011 -1.10846
5.29391 -2 8.15057 -1.10715
5.30529 -2 8.2023 -1.05874
5.31047 -2 8.22403 -1.03566
5.31847 -2 8.25962 -1.00158
5.33121 -2 8.3151 -0.947039
5.33236 -2 8.31721 -0.940069
5.33336 -2 8.32191 -0.936085
5.33605 -2 8.3354 -0.925989
5.33699 -2 8.33709 -0.920305
5.33991 -2 8.35095 -0.90879
5.34922 -2 8.39027 -0.868925
5.35998 -2 8.43144 -0.820162
5.36037 -2 8.43501 -0.819897
5.36143 -2 8.43963 -0.815606
5.36206 -2 8.44064 -0.811748
5.36486 -2 8.4539 -0.80101
5.36794 -2 8.4646 -0.786455
5.36986 -2 8.47346 -0.778984
5.37456 -2 8.49242 -0.758811
5.37855 -2 8.50722 -0.740851
5.39059 -2 8.55412 -0.688689
5.39251 -2 8.56274 -0.681234
5.39366 -2 8.56729 -0.676389
5.40733 -2 8.61813 -0.616453
5.42039 -2 8.66707 -0.560496
5.42458 -2 8.68092 -0.541319
5.43255 -2 8.71096 -0.507861
5.44198 -2 8.7451 -0.467758
5.4471 -2 8.76232 -0.445201
5.46304 -2 8.81658 -0.376347
5.47164 -2 8.84833 -0.341753
5.4772 -2 8.86486 -0.316552
5.47746 -2 8.86503 -0.314878
5.47909 -2 8.87249 -0.309539
5.48107 -2 8.87693 -0.299537
5.4813 -2 8.8803 -0.300545
5.48171 -2 8.88054 -0.297983
5.48822 -2 8.90045 -0.269291
5.4933 -2 8.91937 -0.249696
5.49544 -2 8.92369 -0.238664
5.4974 -2 8.93115 -0.231317
5.50403 -2 8.95372 -0.204543
5.50721 -2 8.96156 -0.189489
5.50926 -2 8.96891 -0.181597
5.53782 -2 9.05588 -0.0625414
5.54459 -2 9.0734 -0.0326994
5.5527 -2 9.0974 0.000283329
5.55354 -2 9.1008 0.00295923
5.5557 -2 9.10757 0.0114077
5.55637 -2 9.10755 0.0156377
5.55761 -2 9.11091 0.0208495
5.55909 -2 9.11425 0.0275851
5.56815 -2 9.14081 0.0637391
5.57238 -2 9.1505 0.0825091
5.57241 -2 9.15394 0.0799904
5.5734 -2 9.15377 0.0862826
5.58151 -2 9.17627 0.118854
5.59553 -2 9.21381 0.17507
5.59902 -2 9.22301 0.188957
5.60377 -2 9.2351 0.208112
5.60558 -2 9.23782 0.216803
5.62238 -2 9.27869 0.284299
5.63198 -2 9.30121 0.322632
5.63295 -2 9.30414 0.325951
5.63456 -2 9.30663 0.333273
5.63941 -2 9.31754 0.352618
5.64522 -2 9.33117 0.375181
5.65398 -2 9.34934 0.410495
5.65706 -2 9.35758 0.421306
5.66289 -2 9.37052 0.443724
5.66925 -2 9.38274 0.469318
5.67379 -2 9.39287 0.486328
5.6741 -2 9.39254 0.488284
5.67526 -2 9.39503 0.492662
5.67526 -2 9.39503 0.492696
5.67709 -2 9.40049 0.498371
5.67794 -2 9.39959 0.503689
5.68303 -2 9.41256 0.521166
5.68807 -2 9.42172 0.541097
5.68889 -2 9.4245 0.54333
5.69596 -2 9.43476 0.572903
5.70143 -2 9.44669 0.592439
5.70734 -2 9.45785 0.614628
5.70805 -2 9.46068 0.616127
5.71726 -2 9.47461 0.652766
5.72266 -2 9.4859 0.671525
5.72472 -2 9.48673 0.681284
5.73589 -2 9.50804 0.720716
5.74371 -2 9.51868 0.751027
5.74422 -2 9.5217 0.751172
5.74492 -2 9.52057 0.755469
5.75433 -2 9.53574 0.78936
5.75528 -2 9.53797 0.792224
5.76492 -2 9.55212 0.82718
5.77052 -2 9.56144 0.846286
5.77455 -2 9.56569 0.861775
5.78573 -2 9.57956 0.902398
5.7914 -2 9.588 0.921496
5.79194 -2 9.58692 0.924777
5.81865 -2 9.62165 1.01495
5.82025 -2 9.62208 1.02141
5.83224 -2 9.63479 1.06194
5.8367 -2 9.6404 1.07605
5.83702 -2 9.63965 1.07793
5.83787 -2 9.64165 1.07989
5.83892 -2 9.64317 1.08303
5.87179 -2 9.67031 1.1917
5.87263 -2 9.67218 1.19346
5.88974 -2 9.68327 1.24849
5.89089 -2 9.6842 1.25196
5.89682 -2 9.68819 1.27024
5.90311 -2 9.69093 1.29041
5.91613 -2 9.69853 1.32959
5.92297 -2 9.70302 1.3492
5.94285 -2 9.70845 1.4095
5.94399 -2 9.70905 1.41262
5.95578 -2 9.71318 1.4459
5.97326 -2 9.71855 1.49347
5.98907 -2 9.71941 1.53705
6.00346 -2 9.71965 1.57512
6.01792 -2 9.7184 1.61254
6.02147 -2 9.71817 1.62136
6.03767 -2 9.71306 1.66317
6.04163 -2 9.71515 1.67059
6.04282 -2 9.71487 1.67347
6.06692 -2 9.70669 1.73039
6.06774 -2 9.70338 1.73442
6.0927 -2 9.69258 1.78915
6.09459 -2 9.69342 1.79187
6.11759 -2 9.6787 1.84015
6.15202 -2 9.65372 1.90523
6.16832 -2 9.6365 1.93593
6.16952 -2 9.63539 1.93797
6.17366 -2 9.63386 1.94335
6.18822 -2 9.61865 1.9678
6.2004 -2 9.60491 1.98742
6.21712 -2 9.58608 2.01205
6.22038 -2 9.57901 2.01887
6.22986 -2 9.56781 2.03173
6.24016 -2 9.55661 2.04409
6.24789 -2 9.54445 2.05526
6.26316 -2 9.52476 2.07274
6.26871 -2 9.51853 2.07793
6.2693 -2 9.5155 2.08005
6.30187 -2 9.46572 2.11339
6.30321 -2 9.46754 2.11196
6.31116 -2 9.45196 2.12078
6.32345 -2 9.43061 2.13142
6.32498 -2 9.43129 2.13043
6.33116 -2 9.42011 2.13545
6.37325 -2 9.3441 2.16009
6.37936 -2 9.33208 2.16294
6.38961 -2 9.31433 2.16538
6.42529 -2 9.23899 2.17509
6.44001 -2 9.2112 2.1736
6.44592 -2 9.19433 2.17608
6.45846 -2 9.16939 2.17338
6.471 -2 9.13944 2.17243
6.47322 -2 9.13512 2.1715
6.5218 -2 9.02386 2.15046
6.52223 -2 9.02126 2.15119
6.57114 -2 8.90059 2.11404
6.58438 -2 8.86632 2.10136
6.58557 -2 8.86324 2.10014
6.59702 -2 8.83096 2.08944
6.60817 -2 8.80458 2.07487
6.64387 -2 8.70503 2.03023
6.72686 -2 8.47397 1.88508
6.80186 -2 8.2498 1.71538
6.8084 -2 8.22836 1.69965
6.87748 -2 8.01926 1.5037
6.93613 -2 7.83835 1.31261
7.05907 -2 7.45593 0.841073
7.08133 -2 7.38899 0.744695
7.11457 -2 7.28849 0.596002
7.12725 -2 7.24845 0.538763
7.13115 -2 7.23593 0.521074
7.15415 -2 7.16926 0.411291
7.16694 -2 7.12926 0.350775
7.23661 -2 6.92555 7.4364e-05
7.25017 -2 6.88858 -0.07208
7.52202 -2 6.20133 -1.66411
7.53983 -2 6.16391 -1.77754
7.6761 -2 5.91349 -2.66752
