0	0.0568034
0.0012	0.0568034
0.0024	0.0568035
0.0036	0.0568036
0.0048	0.0568037
0.006	0.0568039
0.0072	0.0568041
0.0084	0.0568043
0.0096	0.0568046
0.0108	0.0568049
0.012	0.0568053
0.0132	0.0568057
0.0144	0.0568061
0.0156	0.0568066
0.0168	0.0568071
0.018	0.0568076
0.0192	0.0568082
0.0204	0.0568088
0.0216	0.0568095
0.0228	0.0568102
0.024	0.0568109
0.0252	0.0568117
0.0264	0.0568125
0.0276	0.0568134
0.0288	0.0568142
0.03	0.0568152
0.0312	0.0568161
0.0324	0.0568171
0.0336	0.0568182
0.0348	0.0568192
0.036	0.0568203
0.0372	0.0568215
0.0384	0.0568227
0.0396	0.0568239
0.0408	0.0568252
0.042	0.0568265
0.0432	0.0568278
0.0444	0.0568292
0.0456	0.0568306
0.0468	0.056832
0.048	0.0568335
0.0492	0.056835
0.0504	0.0568366
0.0516	0.0568382
0.0528	0.0568399
0.054	0.0568415
0.0552	0.0568432
0.0564	0.056845
0.0576	0.0568468
0.0588	0.0568486
0.06	0.0568505
0.0612	0.0568524
0.0624	0.0568543
0.0636	0.0568563
0.0648	0.0568583
0.066	0.0568604
0.0672	0.0568624
0.0684	0.0568646
0.0696	0.0568667
0.0708	0.0568689
0.072	0.0568712
0.0732	0.0568735
0.0744	0.0568758
0.0756	0.0568781
0.0768	0.0568805
0.078	0.0568829
0.0792	0.0568854
0.0804	0.0568879
0.0816	0.0568904
0.0828	0.056893
0.084	0.0568956
0.0852	0.0568983
0.0864	0.056901
0.0876	0.0569037
0.0888	0.0569065
0.09	0.0569093
0.0912	0.0569121
0.0924	0.056915
0.0936	0.0569179
0.0948	0.0569209
0.096	0.0569239
0.0972	0.0569269
0.0984	0.05693
0.0996	0.0569331
0.1008	0.0569362
0.102	0.0569394
0.1032	0.0569426
0.1044	0.0569459
0.1056	0.0569492
0.1068	0.0569525
0.108	0.0569559
0.1092	0.0569593
0.1104	0.0569627
0.1116	0.0569662
0.1128	0.0569697
0.114	0.0569733
0.1152	0.0569769
0.1164	0.0569805
0.1176	0.0569842
0.1188	0.0569879
0.12	0.0569916
0.1212	0.0569954
0.1224	0.0569992
0.1236	0.0570031
0.1248	0.057007
0.126	0.0570109
0.1272	0.0570149
0.1284	0.0570189
0.1296	0.0570229
0.1308	0.057027
0.132	0.0570311
0.1332	0.0570353
0.1344	0.0570395
0.1356	0.0570437
0.1368	0.0570479
0.138	0.0570523
0.1392	0.0570566
0.1404	0.057061
0.1416	0.0570654
0.1428	0.0570699
0.144	0.0570743
0.1452	0.0570789
0.1464	0.0570834
0.1476	0.0570881
0.1488	0.0570927
0.15	0.0570974
0.1512	0.0571021
0.1524	0.0571069
0.1536	0.0571116
0.1548	0.0571165
0.156	0.0571213
0.1572	0.0571263
0.1584	0.0571312
0.1596	0.0571362
0.1608	0.0571412
0.162	0.0571463
0.1632	0.0571513
0.1644	0.0571565
0.1656	0.0571616
0.1668	0.0571668
0.168	0.0571721
0.1692	0.0571774
0.1704	0.0571827
0.1716	0.057188
0.1728	0.0571934
0.174	0.0571989
0.1752	0.0572043
0.1764	0.0572098
0.1776	0.0572154
0.1788	0.057221
0.18	0.0572266
0.1812	0.0572322
0.1824	0.0572379
0.1836	0.0572437
0.1848	0.0572494
0.186	0.0572552
0.1872	0.0572611
0.1884	0.0572669
0.1896	0.0572729
0.1908	0.0572788
0.192	0.0572848
0.1932	0.0572908
0.1944	0.0572969
0.1956	0.057303
0.1968	0.0573091
0.198	0.0573153
0.1992	0.0573215
0.2004	0.0573278
0.2016	0.0573341
0.2028	0.0573404
0.204	0.0573468
0.2052	0.0573532
0.2064	0.0573596
0.2076	0.0573661
0.2088	0.0573726
0.21	0.0573791
0.2112	0.0573857
0.2124	0.0573924
0.2136	0.057399
0.2148	0.0574057
0.216	0.0574125
0.2172	0.0574192
0.2184	0.057426
0.2196	0.0574329
0.2208	0.0574398
0.222	0.0574467
0.2232	0.0574537
0.2244	0.0574607
0.2256	0.0574677
0.2268	0.0574748
0.228	0.0574819
0.2292	0.057489
0.2304	0.0574962
0.2316	0.0575034
0.2328	0.0575107
0.234	0.057518
0.2352	0.0575253
0.2364	0.0575327
0.2376	0.0575401
0.2388	0.0575475
0.24	0.057555
0.2412	0.0575625
0.2424	0.0575701
0.2436	0.0575777
0.2448	0.0575853
0.246	0.057593
0.2472	0.0576007
0.2484	0.0576084
0.2496	0.0576162
0.2508	0.057624
0.252	0.0576319
0.2532	0.0576398
0.2544	0.0576477
0.2556	0.0576557
0.2568	0.0576637
0.258	0.0576717
0.2592	0.0576798
0.2604	0.0576879
0.2616	0.057696
0.2628	0.0577042
0.264	0.0577125
0.2652	0.0577207
0.2664	0.057729
0.2676	0.0577373
0.2688	0.0577457
0.27	0.0577541
0.2712	0.0577626
0.2724	0.0577711
0.2736	0.0577796
0.2748	0.0577881
0.276	0.0577967
0.2772	0.0578054
0.2784	0.057814
0.2796	0.0578227
0.2808	0.0578315
0.282	0.0578403
0.2832	0.0578491
0.2844	0.0578579
0.2856	0.0578668
0.2868	0.0578758
0.288	0.0578847
0.2892	0.0578937
0.2904	0.0579028
0.2916	0.0579118
0.2928	0.0579209
0.294	0.0579301
0.2952	0.0579393
0.2964	0.0579485
0.2976	0.0579578
0.2988	0.0579671
0.3	0.0579764
0.3012	0.0579858
0.3024	0.0579952
0.3036	0.0580046
0.3048	0.0580141
0.306	0.0580236
0.3072	0.0580332
0.3084	0.0580428
0.3096	0.0580524
0.3108	0.0580621
0.312	0.0580718
0.3132	0.0580815
0.3144	0.0580913
0.3156	0.0581011
0.3168	0.058111
0.318	0.0581208
0.3192	0.0581308
0.3204	0.0581407
0.3216	0.0581507
0.3228	0.0581608
0.324	0.0581708
0.3252	0.0581809
0.3264	0.0581911
0.3276	0.0582013
0.3288	0.0582115
0.33	0.0582217
0.3312	0.058232
0.3324	0.0582424
0.3336	0.0582527
0.3348	0.0582631
0.336	0.0582736
0.3372	0.058284
0.3384	0.0582946
0.3396	0.0583051
0.3408	0.0583157
0.342	0.0583263
0.3432	0.058337
0.3444	0.0583477
0.3456	0.0583584
0.3468	0.0583692
0.348	0.05838
0.3492	0.0583908
0.3504	0.0584017
0.3516	0.0584126
0.3528	0.0584236
0.354	0.0584346
0.3552	0.0584456
0.3564	0.0584567
0.3576	0.0584678
0.3588	0.0584789
0.36	0.0584901
0.3612	0.0585013
0.3624	0.0585125
0.3636	0.0585238
0.3648	0.0585351
0.366	0.0585465
0.3672	0.0585579
0.3684	0.0585693
0.3696	0.0585808
0.3708	0.0585923
0.372	0.0586038
0.3732	0.0586154
0.3744	0.058627
0.3756	0.0586386
0.3768	0.0586503
0.378	0.058662
0.3792	0.0586738
0.3804	0.0586856
0.3816	0.0586974
0.3828	0.0587093
0.384	0.0587212
0.3852	0.0587331
0.3864	0.0587451
0.3876	0.0587571
0.3888	0.0587692
0.39	0.0587812
0.3912	0.0587934
0.3924	0.0588055
0.3936	0.0588177
0.3948	0.0588299
0.396	0.0588422
0.3972	0.0588545
0.3984	0.0588669
0.3996	0.0588792
0.4008	0.0588916
0.402	0.0589041
0.4032	0.0589166
0.4044	0.0589291
0.4056	0.0589417
0.4068	0.0589543
0.408	0.0589669
0.4092	0.0589796
0.4104	0.0589923
0.4116	0.059005
0.4128	0.0590178
0.414	0.0590306
0.4152	0.0590434
0.4164	0.0590563
0.4176	0.0590692
0.4188	0.0590822
0.42	0.0590952
0.4212	0.0591082
0.4224	0.0591213
0.4236	0.0591344
0.4248	0.0591475
0.426	0.0591607
0.4272	0.0591739
0.4284	0.0591871
0.4296	0.0592004
0.4308	0.0592137
0.432	0.0592271
0.4332	0.0592405
0.4344	0.0592539
0.4356	0.0592674
0.4368	0.0592809
0.438	0.0592944
0.4392	0.059308
0.4404	0.0593216
0.4416	0.0593352
0.4428	0.0593489
0.444	0.0593626
0.4452	0.0593764
0.4464	0.0593902
0.4476	0.059404
0.4488	0.0594179
0.45	0.0594317
0.4512	0.0594457
0.4524	0.0594596
0.4536	0.0594736
0.4548	0.0594877
0.456	0.0595018
0.4572	0.0595159
0.4584	0.05953
0.4596	0.0595442
0.4608	0.0595584
0.462	0.0595727
0.4632	0.059587
0.4644	0.0596013
0.4656	0.0596157
0.4668	0.0596301
0.468	0.0596445
0.4692	0.059659
0.4704	0.0596735
0.4716	0.059688
0.4728	0.0597026
0.474	0.0597172
0.4752	0.0597319
0.4764	0.0597465
0.4776	0.0597613
0.4788	0.059776
0.48	0.0597908
0.4812	0.0598056
0.4824	0.0598205
0.4836	0.0598354
0.4848	0.0598503
0.486	0.0598653
0.4872	0.0598803
0.4884	0.0598954
0.4896	0.0599104
0.4908	0.0599255
0.492	0.0599407
0.4932	0.0599559
0.4944	0.0599711
0.4956	0.0599864
0.4968	0.0600017
0.498	0.060017
0.4992	0.0600323
0.5004	0.0600477
0.5016	0.0600632
0.5028	0.0600787
0.504	0.0600942
0.5052	0.0601097
0.5064	0.0601253
0.5076	0.0601409
0.5088	0.0601565
0.51	0.0601722
0.5112	0.0601879
0.5124	0.0602037
0.5136	0.0602195
0.5148	0.0602353
0.516	0.0602512
0.5172	0.0602671
0.5184	0.060283
0.5196	0.060299
0.5208	0.060315
0.522	0.060331
0.5232	0.0603471
0.5244	0.0603632
0.5256	0.0603793
0.5268	0.0603955
0.528	0.0604117
0.5292	0.060428
0.5304	0.0604443
0.5316	0.0604606
0.5328	0.060477
0.534	0.0604933
0.5352	0.0605098
0.5364	0.0605262
0.5376	0.0605427
0.5388	0.0605593
0.54	0.0605758
0.5412	0.0605924
0.5424	0.0606091
0.5436	0.0606258
0.5448	0.0606425
0.546	0.0606592
0.5472	0.060676
0.5484	0.0606928
0.5496	0.0607097
0.5508	0.0607265
0.552	0.0607435
0.5532	0.0607604
0.5544	0.0607774
0.5556	0.0607944
0.5568	0.0608115
0.558	0.0608286
0.5592	0.0608457
0.5604	0.0608629
0.5616	0.0608801
0.5628	0.0608973
0.564	0.0609146
0.5652	0.0609319
0.5664	0.0609493
0.5676	0.0609666
0.5688	0.0609841
0.57	0.0610015
0.5712	0.061019
0.5724	0.0610365
0.5736	0.0610541
0.5748	0.0610716
0.576	0.0610893
0.5772	0.0611069
0.5784	0.0611246
0.5796	0.0611423
0.5808	0.0611601
0.582	0.0611779
0.5832	0.0611957
0.5844	0.0612136
0.5856	0.0612315
0.5868	0.0612494
0.588	0.0612674
0.5892	0.0612854
0.5904	0.0613035
0.5916	0.0613215
0.5928	0.0613396
0.594	0.0613578
0.5952	0.061376
0.5964	0.0613942
0.5976	0.0614124
0.5988	0.0614307
0.6	0.061449
0.6012	0.0614674
0.6024	0.0614858
0.6036	0.0615042
0.6048	0.0615227
0.606	0.0615412
0.6072	0.0615597
0.6084	0.0615783
0.6096	0.0615968
0.6108	0.0616155
0.612	0.0616341
0.6132	0.0616528
0.6144	0.0616716
0.6156	0.0616904
0.6168	0.0617092
0.618	0.061728
0.6192	0.0617469
0.6204	0.0617658
0.6216	0.0617847
0.6228	0.0618037
0.624	0.0618227
0.6252	0.0618418
0.6264	0.0618608
0.6276	0.06188
0.6288	0.0618991
0.63	0.0619183
0.6312	0.0619375
0.6324	0.0619568
0.6336	0.061976
0.6348	0.0619954
0.636	0.0620147
0.6372	0.0620341
0.6384	0.0620535
0.6396	0.062073
0.6408	0.0620925
0.642	0.062112
0.6432	0.0621316
0.6444	0.0621512
0.6456	0.0621708
0.6468	0.0621905
0.648	0.0622102
0.6492	0.0622299
0.6504	0.0622497
0.6516	0.0622695
0.6528	0.0622893
0.654	0.0623092
0.6552	0.0623291
0.6564	0.062349
0.6576	0.062369
0.6588	0.062389
0.66	0.0624091
0.6612	0.0624291
0.6624	0.0624492
0.6636	0.0624694
0.6648	0.0624896
0.666	0.0625098
0.6672	0.06253
0.6684	0.0625503
0.6696	0.0625706
0.6708	0.062591
0.672	0.0626113
0.6732	0.0626318
0.6744	0.0626522
0.6756	0.0626727
0.6768	0.0626932
0.678	0.0627138
0.6792	0.0627343
0.6804	0.062755
0.6816	0.0627756
0.6828	0.0627963
0.684	0.062817
0.6852	0.0628378
0.6864	0.0628586
0.6876	0.0628794
0.6888	0.0629003
0.69	0.0629211
0.6912	0.0629421
0.6924	0.062963
0.6936	0.062984
0.6948	0.063005
0.696	0.0630261
0.6972	0.0630472
0.6984	0.0630683
0.6996	0.0630895
0.7008	0.0631107
0.702	0.0631319
0.7032	0.0631532
0.7044	0.0631745
0.7056	0.0631958
0.7068	0.0632172
0.708	0.0632386
0.7092	0.06326
0.7104	0.0632814
0.7116	0.0633029
0.7128	0.0633245
0.714	0.063346
0.7152	0.0633676
0.7164	0.0633893
0.7176	0.0634109
0.7188	0.0634326
0.72	0.0634544
0.7212	0.0634761
0.7224	0.0634979
0.7236	0.0635198
0.7248	0.0635416
0.726	0.0635635
0.7272	0.0635855
0.7284	0.0636074
0.7296	0.0636294
0.7308	0.0636515
0.732	0.0636735
0.7332	0.0636956
0.7344	0.0637178
0.7356	0.0637399
0.7368	0.0637621
0.738	0.0637844
0.7392	0.0638066
0.7404	0.0638289
0.7416	0.0638513
0.7428	0.0638736
0.744	0.063896
0.7452	0.0639184
0.7464	0.0639409
0.7476	0.0639634
0.7488	0.0639859
0.75	0.0640085
0.7512	0.0640311
0.7524	0.0640537
0.7536	0.0640764
0.7548	0.0640991
0.756	0.0641218
0.7572	0.0641446
0.7584	0.0641674
0.7596	0.0641902
0.7608	0.0642131
0.762	0.064236
0.7632	0.0642589
0.7644	0.0642819
0.7656	0.0643049
0.7668	0.0643279
0.768	0.0643509
0.7692	0.064374
0.7704	0.0643972
0.7716	0.0644203
0.7728	0.0644435
0.774	0.0644667
0.7752	0.06449
0.7764	0.0645133
0.7776	0.0645366
0.7788	0.06456
0.78	0.0645834
0.7812	0.0646068
0.7824	0.0646302
0.7836	0.0646537
0.7848	0.0646772
0.786	0.0647008
0.7872	0.0647244
0.7884	0.064748
0.7896	0.0647716
0.7908	0.0647953
0.792	0.064819
0.7932	0.0648428
0.7944	0.0648666
0.7956	0.0648904
0.7968	0.0649142
0.798	0.0649381
0.7992	0.064962
0.8004	0.064986
0.8016	0.0650099
0.8028	0.065034
0.804	0.065058
0.8052	0.0650821
0.8064	0.0651062
0.8076	0.0651303
0.8088	0.0651545
0.81	0.0651787
0.8112	0.0652029
0.8124	0.0652272
0.8136	0.0652515
0.8148	0.0652758
0.816	0.0653002
0.8172	0.0653246
0.8184	0.065349
0.8196	0.0653735
0.8208	0.065398
0.822	0.0654225
0.8232	0.0654471
0.8244	0.0654717
0.8256	0.0654963
0.8268	0.0655209
0.828	0.0655456
0.8292	0.0655703
0.8304	0.0655951
0.8316	0.0656199
0.8328	0.0656447
0.834	0.0656696
0.8352	0.0656944
0.8364	0.0657193
0.8376	0.0657443
0.8388	0.0657693
0.84	0.0657943
0.8412	0.0658193
0.8424	0.0658444
0.8436	0.0658695
0.8448	0.0658946
0.846	0.0659198
0.8472	0.065945
0.8484	0.0659702
0.8496	0.0659955
0.8508	0.0660208
0.852	0.0660461
0.8532	0.0660715
0.8544	0.0660969
0.8556	0.0661223
0.8568	0.0661478
0.858	0.0661733
0.8592	0.0661988
0.8604	0.0662243
0.8616	0.0662499
0.8628	0.0662755
0.864	0.0663012
0.8652	0.0663269
0.8664	0.0663526
0.8676	0.0663783
0.8688	0.0664041
0.87	0.0664299
0.8712	0.0664557
0.8724	0.0664816
0.8736	0.0665075
0.8748	0.0665334
0.876	0.0665594
0.8772	0.0665854
0.8784	0.0666114
0.8796	0.0666375
0.8808	0.0666636
0.882	0.0666897
0.8832	0.0667158
0.8844	0.066742
0.8856	0.0667682
0.8868	0.0667945
0.888	0.0668208
0.8892	0.0668471
0.8904	0.0668734
0.8916	0.0668998
0.8928	0.0669262
0.894	0.0669526
0.8952	0.0669791
0.8964	0.0670056
0.8976	0.0670321
0.8988	0.0670587
0.9	0.0670853
0.9012	0.0671119
0.9024	0.0671385
0.9036	0.0671652
0.9048	0.0671919
0.906	0.0672187
0.9072	0.0672455
0.9084	0.0672723
0.9096	0.0672991
0.9108	0.067326
0.912	0.0673529
0.9132	0.0673798
0.9144	0.0674068
0.9156	0.0674338
0.9168	0.0674608
0.918	0.0674879
0.9192	0.067515
0.9204	0.0675421
0.9216	0.0675692
0.9228	0.0675964
0.924	0.0676236
0.9252	0.0676509
0.9264	0.0676782
0.9276	0.0677055
0.9288	0.0677328
0.93	0.0677602
0.9312	0.0677876
0.9324	0.067815
0.9336	0.0678425
0.9348	0.0678699
0.936	0.0678975
0.9372	0.067925
0.9384	0.0679526
0.9396	0.0679802
0.9408	0.0680079
0.942	0.0680355
0.9432	0.0680632
0.9444	0.068091
0.9456	0.0681187
0.9468	0.0681465
0.948	0.0681744
0.9492	0.0682022
0.9504	0.0682301
0.9516	0.068258
0.9528	0.068286
0.954	0.068314
0.9552	0.068342
0.9564	0.06837
0.9576	0.0683981
0.9588	0.0684262
0.96	0.0684543
0.9612	0.0684825
0.9624	0.0685107
0.9636	0.0685389
0.9648	0.0685672
0.966	0.0685955
0.9672	0.0686238
0.9684	0.0686521
0.9696	0.0686805
0.9708	0.0687089
0.972	0.0687373
0.9732	0.0687658
0.9744	0.0687943
0.9756	0.0688228
0.9768	0.0688514
0.978	0.06888
0.9792	0.0689086
0.9804	0.0689372
0.9816	0.0689659
0.9828	0.0689946
0.984	0.0690234
0.9852	0.0690521
0.9864	0.0690809
0.9876	0.0691098
0.9888	0.0691386
0.99	0.0691675
0.9912	0.0691964
0.9924	0.0692254
0.9936	0.0692543
0.9948	0.0692833
0.996	0.0693124
0.9972	0.0693415
0.9984	0.0693706
0.9996	0.0693997
1.0008	0.0694288
1.002	0.069458
1.0032	0.0694872
1.0044	0.0695165
1.0056	0.0695458
1.0068	0.0695751
1.008	0.0696044
1.0092	0.0696338
1.0104	0.0696632
1.0116	0.0696926
1.0128	0.069722
1.014	0.0697515
1.0152	0.069781
1.0164	0.0698106
1.0176	0.0698402
1.0188	0.0698698
1.02	0.0698994
1.0212	0.0699291
1.0224	0.0699587
1.0236	0.0699885
1.0248	0.0700182
1.026	0.070048
1.0272	0.0700778
1.0284	0.0701076
1.0296	0.0701375
1.0308	0.0701674
1.032	0.0701973
1.0332	0.0702273
1.0344	0.0702573
1.0356	0.0702873
1.0368	0.0703173
1.038	0.0703474
1.0392	0.0703775
1.0404	0.0704076
1.0416	0.0704378
1.0428	0.070468
1.044	0.0704982
1.0452	0.0705285
1.0464	0.0705587
1.0476	0.070589
1.0488	0.0706194
1.05	0.0706497
1.0512	0.0706801
1.0524	0.0707106
1.0536	0.070741
1.0548	0.0707715
1.056	0.070802
1.0572	0.0708325
1.0584	0.0708631
1.0596	0.0708937
1.0608	0.0709243
1.062	0.070955
1.0632	0.0709857
1.0644	0.0710164
1.0656	0.0710471
1.0668	0.0710779
1.068	0.0711087
1.0692	0.0711395
1.0704	0.0711704
1.0716	0.0712013
1.0728	0.0712322
1.074	0.0712631
1.0752	0.0712941
1.0764	0.0713251
1.0776	0.0713561
1.0788	0.0713872
1.08	0.0714183
1.0812	0.0714494
1.0824	0.0714805
1.0836	0.0715117
1.0848	0.0715429
1.086	0.0715741
1.0872	0.0716054
1.0884	0.0716367
1.0896	0.071668
1.0908	0.0716993
1.092	0.0717307
1.0932	0.0717621
1.0944	0.0717935
1.0956	0.071825
1.0968	0.0718565
1.098	0.071888
1.0992	0.0719195
1.1004	0.0719511
1.1016	0.0719827
1.1028	0.0720143
1.104	0.072046
1.1052	0.0720776
1.1064	0.0721094
1.1076	0.0721411
1.1088	0.0721729
1.11	0.0722047
1.1112	0.0722365
1.1124	0.0722683
1.1136	0.0723002
1.1148	0.0723321
1.116	0.0723641
1.1172	0.072396
1.1184	0.072428
1.1196	0.07246
1.1208	0.0724921
1.122	0.0725242
1.1232	0.0725563
1.1244	0.0725884
1.1256	0.0726206
1.1268	0.0726527
1.128	0.072685
1.1292	0.0727172
1.1304	0.0727495
1.1316	0.0727818
1.1328	0.0728141
1.134	0.0728464
1.1352	0.0728788
1.1364	0.0729112
1.1376	0.0729437
1.1388	0.0729761
1.14	0.0730086
1.1412	0.0730412
1.1424	0.0730737
1.1436	0.0731063
1.1448	0.0731389
1.146	0.0731715
1.1472	0.0732042
1.1484	0.0732369
1.1496	0.0732696
1.1508	0.0733023
1.152	0.0733351
1.1532	0.0733679
1.1544	0.0734007
1.1556	0.0734336
1.1568	0.0734664
1.158	0.0734993
1.1592	0.0735323
1.1604	0.0735652
1.1616	0.0735982
1.1628	0.0736312
1.164	0.0736643
1.1652	0.0736974
1.1664	0.0737305
1.1676	0.0737636
1.1688	0.0737967
1.17	0.0738299
1.1712	0.0738631
1.1724	0.0738963
1.1736	0.0739296
1.1748	0.0739629
1.176	0.0739962
1.1772	0.0740295
1.1784	0.0740629
1.1796	0.0740963
1.1808	0.0741297
1.182	0.0741632
1.1832	0.0741967
1.1844	0.0742302
1.1856	0.0742637
1.1868	0.0742973
1.188	0.0743308
1.1892	0.0743644
1.1904	0.0743981
1.1916	0.0744318
1.1928	0.0744654
1.194	0.0744992
1.1952	0.0745329
1.1964	0.0745667
1.1976	0.0746005
1.1988	0.0746343
1.2	0.0746682
1.2012	0.074702
1.2024	0.0747359
1.2036	0.0747699
1.2048	0.0748038
1.206	0.0748378
1.2072	0.0748718
1.2084	0.0749059
1.2096	0.0749399
1.2108	0.074974
1.212	0.0750081
1.2132	0.0750423
1.2144	0.0750765
1.2156	0.0751106
1.2168	0.0751449
1.218	0.0751791
1.2192	0.0752134
1.2204	0.0752477
1.2216	0.075282
1.2228	0.0753164
1.224	0.0753508
1.2252	0.0753852
1.2264	0.0754196
1.2276	0.0754541
1.2288	0.0754886
1.23	0.0755231
1.2312	0.0755576
1.2324	0.0755922
1.2336	0.0756268
1.2348	0.0756614
1.236	0.075696
1.2372	0.0757307
1.2384	0.0757654
1.2396	0.0758001
1.2408	0.0758349
1.242	0.0758696
1.2432	0.0759044
1.2444	0.0759393
1.2456	0.0759741
1.2468	0.076009
1.248	0.0760439
1.2492	0.0760788
1.2504	0.0761138
1.2516	0.0761488
1.2528	0.0761838
1.254	0.0762188
1.2552	0.0762538
1.2564	0.0762889
1.2576	0.076324
1.2588	0.0763592
1.26	0.0763943
1.2612	0.0764295
1.2624	0.0764647
1.2636	0.0765
1.2648	0.0765352
1.266	0.0765705
1.2672	0.0766058
1.2684	0.0766412
1.2696	0.0766765
1.2708	0.0767119
1.272	0.0767474
1.2732	0.0767828
1.2744	0.0768183
1.2756	0.0768538
1.2768	0.0768893
1.278	0.0769248
1.2792	0.0769604
1.2804	0.076996
1.2816	0.0770316
1.2828	0.0770672
1.284	0.0771029
1.2852	0.0771386
1.2864	0.0771743
1.2876	0.0772101
1.2888	0.0772458
1.29	0.0772816
1.2912	0.0773175
1.2924	0.0773533
1.2936	0.0773892
1.2948	0.0774251
1.296	0.077461
1.2972	0.0774969
1.2984	0.0775329
1.2996	0.0775689
1.3008	0.0776049
1.302	0.077641
1.3032	0.077677
1.3044	0.0777131
1.3056	0.0777493
1.3068	0.0777854
1.308	0.0778216
1.3092	0.0778578
1.3104	0.077894
1.3116	0.0779302
1.3128	0.0779665
1.314	0.0780028
1.3152	0.0780391
1.3164	0.0780755
1.3176	0.0781118
1.3188	0.0781482
1.32	0.0781846
1.3212	0.0782211
1.3224	0.0782576
1.3236	0.078294
1.3248	0.0783306
1.326	0.0783671
1.3272	0.0784037
1.3284	0.0784403
1.3296	0.0784769
1.3308	0.0785135
1.332	0.0785502
1.3332	0.0785869
1.3344	0.0786236
1.3356	0.0786603
1.3368	0.0786971
1.338	0.0787339
1.3392	0.0787707
1.3404	0.0788075
1.3416	0.0788444
1.3428	0.0788812
1.344	0.0789181
1.3452	0.0789551
1.3464	0.078992
1.3476	0.079029
1.3488	0.079066
1.35	0.079103
1.3512	0.0791401
1.3524	0.0791772
1.3536	0.0792143
1.3548	0.0792514
1.356	0.0792885
1.3572	0.0793257
1.3584	0.0793629
1.3596	0.0794001
1.3608	0.0794374
1.362	0.0794746
1.3632	0.0795119
1.3644	0.0795492
1.3656	0.0795866
1.3668	0.0796239
1.368	0.0796613
1.3692	0.0796987
1.3704	0.0797361
1.3716	0.0797736
1.3728	0.0798111
1.374	0.0798486
1.3752	0.0798861
1.3764	0.0799237
1.3776	0.0799612
1.3788	0.0799988
1.38	0.0800365
1.3812	0.0800741
1.3824	0.0801118
1.3836	0.0801495
1.3848	0.0801872
1.386	0.0802249
1.3872	0.0802627
1.3884	0.0803005
1.3896	0.0803383
1.3908	0.0803761
1.392	0.080414
1.3932	0.0804518
1.3944	0.0804898
1.3956	0.0805277
1.3968	0.0805656
1.398	0.0806036
1.3992	0.0806416
1.4004	0.0806796
1.4016	0.0807177
1.4028	0.0807557
1.404	0.0807938
1.4052	0.0808319
1.4064	0.0808701
1.4076	0.0809082
1.4088	0.0809464
1.41	0.0809846
1.4112	0.0810228
1.4124	0.0810611
1.4136	0.0810993
1.4148	0.0811376
1.416	0.081176
1.4172	0.0812143
1.4184	0.0812527
1.4196	0.081291
1.4208	0.0813295
1.422	0.0813679
1.4232	0.0814063
1.4244	0.0814448
1.4256	0.0814833
1.4268	0.0815218
1.428	0.0815604
1.4292	0.081599
1.4304	0.0816376
1.4316	0.0816762
1.4328	0.0817148
1.434	0.0817535
1.4352	0.0817921
1.4364	0.0818308
1.4376	0.0818696
1.4388	0.0819083
1.44	0.0819471
1.4412	0.0819859
1.4424	0.0820247
1.4436	0.0820635
1.4448	0.0821024
1.446	0.0821413
1.4472	0.0821802
1.4484	0.0822191
1.4496	0.0822581
1.4508	0.082297
1.452	0.082336
1.4532	0.0823751
1.4544	0.0824141
1.4556	0.0824532
1.4568	0.0824922
1.458	0.0825313
1.4592	0.0825705
1.4604	0.0826096
1.4616	0.0826488
1.4628	0.082688
1.464	0.0827272
1.4652	0.0827664
1.4664	0.0828057
1.4676	0.082845
1.4688	0.0828843
1.47	0.0829236
1.4712	0.082963
1.4724	0.0830023
1.4736	0.0830417
1.4748	0.0830811
1.476	0.0831206
1.4772	0.08316
1.4784	0.0831995
1.4796	0.083239
1.4808	0.0832785
1.482	0.0833181
1.4832	0.0833576
1.4844	0.0833972
1.4856	0.0834368
1.4868	0.0834765
1.488	0.0835161
1.4892	0.0835558
1.4904	0.0835955
1.4916	0.0836352
1.4928	0.0836749
1.494	0.0837147
1.4952	0.0837545
1.4964	0.0837943
1.4976	0.0838341
1.4988	0.0838739
1.5	0.0839138
1.5012	0.0839537
1.5024	0.0839936
1.5036	0.0840335
1.5048	0.0840735
1.506	0.0841135
1.5072	0.0841534
1.5084	0.0841935
1.5096	0.0842335
1.5108	0.0842736
1.512	0.0843136
1.5132	0.0843537
1.5144	0.0843938
1.5156	0.084434
1.5168	0.0844742
1.518	0.0845143
1.5192	0.0845545
1.5204	0.0845948
1.5216	0.084635
1.5228	0.0846753
1.524	0.0847156
1.5252	0.0847559
1.5264	0.0847962
1.5276	0.0848366
1.5288	0.0848769
1.53	0.0849173
1.5312	0.0849577
1.5324	0.0849982
1.5336	0.0850386
1.5348	0.0850791
1.536	0.0851196
1.5372	0.0851601
1.5384	0.0852006
1.5396	0.0852412
1.5408	0.0852818
1.542	0.0853224
1.5432	0.085363
1.5444	0.0854036
1.5456	0.0854443
1.5468	0.085485
1.548	0.0855257
1.5492	0.0855664
1.5504	0.0856071
1.5516	0.0856479
1.5528	0.0856887
1.554	0.0857295
1.5552	0.0857703
1.5564	0.0858111
1.5576	0.085852
1.5588	0.0858929
1.56	0.0859338
1.5612	0.0859747
1.5624	0.0860157
1.5636	0.0860566
1.5648	0.0860976
1.566	0.0861386
1.5672	0.0861796
1.5684	0.0862207
1.5696	0.0862617
1.5708	0.0863028
1.572	0.0863439
1.5732	0.086385
1.5744	0.0864262
1.5756	0.0864674
1.5768	0.0865085
1.578	0.0865497
1.5792	0.086591
1.5804	0.0866322
1.5816	0.0866735
1.5828	0.0867148
1.584	0.0867561
1.5852	0.0867974
1.5864	0.0868387
1.5876	0.0868801
1.5888	0.0869215
1.59	0.0869629
1.5912	0.0870043
1.5924	0.0870457
1.5936	0.0870872
1.5948	0.0871287
1.596	0.0871702
1.5972	0.0872117
1.5984	0.0872532
1.5996	0.0872948
1.6008	0.0873364
1.602	0.0873779
1.6032	0.0874196
1.6044	0.0874612
1.6056	0.0875029
1.6068	0.0875445
1.608	0.0875862
1.6092	0.0876279
1.6104	0.0876697
1.6116	0.0877114
1.6128	0.0877532
1.614	0.087795
1.6152	0.0878368
1.6164	0.0878786
1.6176	0.0879204
1.6188	0.0879623
1.62	0.0880042
1.6212	0.0880461
1.6224	0.088088
1.6236	0.08813
1.6248	0.0881719
1.626	0.0882139
1.6272	0.0882559
1.6284	0.0882979
1.6296	0.0883399
1.6308	0.088382
1.632	0.0884241
1.6332	0.0884662
1.6344	0.0885083
1.6356	0.0885504
1.6368	0.0885926
1.638	0.0886347
1.6392	0.0886769
1.6404	0.0887191
1.6416	0.0887613
1.6428	0.0888036
1.644	0.0888458
1.6452	0.0888881
1.6464	0.0889304
1.6476	0.0889727
1.6488	0.0890151
1.65	0.0890574
1.6512	0.0890998
1.6524	0.0891422
1.6536	0.0891846
1.6548	0.089227
1.656	0.0892694
1.6572	0.0893119
1.6584	0.0893544
1.6596	0.0893969
1.6608	0.0894394
1.662	0.0894819
1.6632	0.0895245
1.6644	0.0895671
1.6656	0.0896097
1.6668	0.0896523
1.668	0.0896949
1.6692	0.0897375
1.6704	0.0897802
1.6716	0.0898229
1.6728	0.0898656
1.674	0.0899083
1.6752	0.089951
1.6764	0.0899938
1.6776	0.0900365
1.6788	0.0900793
1.68	0.0901221
1.6812	0.090165
1.6824	0.0902078
1.6836	0.0902507
1.6848	0.0902935
1.686	0.0903364
1.6872	0.0903793
1.6884	0.0904223
1.6896	0.0904652
1.6908	0.0905082
1.692	0.0905512
1.6932	0.0905942
1.6944	0.0906372
1.6956	0.0906802
1.6968	0.0907233
1.698	0.0907664
1.6992	0.0908094
1.7004	0.0908526
1.7016	0.0908957
1.7028	0.0909388
1.704	0.090982
1.7052	0.0910252
1.7064	0.0910683
1.7076	0.0911116
1.7088	0.0911548
1.71	0.091198
1.7112	0.0912413
1.7124	0.0912846
1.7136	0.0913279
1.7148	0.0913712
1.716	0.0914145
1.7172	0.0914579
1.7184	0.0915012
1.7196	0.0915446
1.7208	0.091588
1.722	0.0916314
1.7232	0.0916749
1.7244	0.0917183
1.7256	0.0917618
1.7268	0.0918053
1.728	0.0918488
1.7292	0.0918923
1.7304	0.0919358
1.7316	0.0919794
1.7328	0.0920229
1.734	0.0920665
1.7352	0.0921101
1.7364	0.0921537
1.7376	0.0921974
1.7388	0.092241
1.74	0.0922847
1.7412	0.0923284
1.7424	0.0923721
1.7436	0.0924158
1.7448	0.0924595
1.746	0.0925033
1.7472	0.0925471
1.7484	0.0925909
1.7496	0.0926347
1.7508	0.0926785
1.752	0.0927223
1.7532	0.0927662
1.7544	0.09281
1.7556	0.0928539
1.7568	0.0928978
1.758	0.0929417
1.7592	0.0929857
1.7604	0.0930296
1.7616	0.0930736
1.7628	0.0931176
1.764	0.0931616
1.7652	0.0932056
1.7664	0.0932496
1.7676	0.0932937
1.7688	0.0933377
1.77	0.0933818
1.7712	0.0934259
1.7724	0.09347
1.7736	0.0935141
1.7748	0.0935583
1.776	0.0936024
1.7772	0.0936466
1.7784	0.0936908
1.7796	0.093735
1.7808	0.0937792
1.782	0.0938235
1.7832	0.0938677
1.7844	0.093912
1.7856	0.0939563
1.7868	0.0940006
1.788	0.0940449
1.7892	0.0940892
1.7904	0.0941336
1.7916	0.0941779
1.7928	0.0942223
1.794	0.0942667
1.7952	0.0943111
1.7964	0.0943556
1.7976	0.0944
1.7988	0.0944445
1.8	0.0944889
1.8012	0.0945334
1.8024	0.0945779
1.8036	0.0946224
1.8048	0.094667
1.806	0.0947115
1.8072	0.0947561
1.8084	0.0948007
1.8096	0.0948453
1.8108	0.0948899
1.812	0.0949345
1.8132	0.0949792
1.8144	0.0950238
1.8156	0.0950685
1.8168	0.0951132
1.818	0.0951579
1.8192	0.0952026
1.8204	0.0952473
1.8216	0.0952921
1.8228	0.0953368
1.824	0.0953816
1.8252	0.0954264
1.8264	0.0954712
1.8276	0.095516
1.8288	0.0955609
1.83	0.0956057
1.8312	0.0956506
1.8324	0.0956955
1.8336	0.0957404
1.8348	0.0957853
1.836	0.0958302
1.8372	0.0958752
1.8384	0.0959201
1.8396	0.0959651
1.8408	0.0960101
1.842	0.0960551
1.8432	0.0961001
1.8444	0.0961451
1.8456	0.0961902
1.8468	0.0962352
1.848	0.0962803
1.8492	0.0963254
1.8504	0.0963705
1.8516	0.0964156
1.8528	0.0964608
1.854	0.0965059
1.8552	0.0965511
1.8564	0.0965962
1.8576	0.0966414
1.8588	0.0966866
1.86	0.0967319
1.8612	0.0967771
1.8624	0.0968223
1.8636	0.0968676
1.8648	0.0969129
1.866	0.0969582
1.8672	0.0970035
1.8684	0.0970488
1.8696	0.0970941
1.8708	0.0971395
1.872	0.0971848
1.8732	0.0972302
1.8744	0.0972756
1.8756	0.097321
1.8768	0.0973664
1.878	0.0974118
1.8792	0.0974573
1.8804	0.0975027
1.8816	0.0975482
1.8828	0.0975937
1.884	0.0976392
1.8852	0.0976847
1.8864	0.0977302
1.8876	0.0977758
1.8888	0.0978213
1.89	0.0978669
1.8912	0.0979125
1.8924	0.0979581
1.8936	0.0980037
1.8948	0.0980493
1.896	0.0980949
1.8972	0.0981406
1.8984	0.0981863
1.8996	0.0982319
1.9008	0.0982776
1.902	0.0983233
1.9032	0.098369
1.9044	0.0984148
1.9056	0.0984605
1.9068	0.0985063
1.908	0.098552
1.9092	0.0985978
1.9104	0.0986436
1.9116	0.0986894
1.9128	0.0987353
1.914	0.0987811
1.9152	0.098827
1.9164	0.0988728
1.9176	0.0989187
1.9188	0.0989646
1.92	0.0990105
1.9212	0.0990564
1.9224	0.0991023
1.9236	0.0991483
1.9248	0.0991942
1.926	0.0992402
1.9272	0.0992862
1.9284	0.0993322
1.9296	0.0993782
1.9308	0.0994242
1.932	0.0994702
1.9332	0.0995163
1.9344	0.0995623
1.9356	0.0996084
1.9368	0.0996545
1.938	0.0997006
1.9392	0.0997467
1.9404	0.0997928
1.9416	0.099839
1.9428	0.0998851
1.944	0.0999313
1.9452	0.0999774
1.9464	0.100024
1.9476	0.10007
1.9488	0.100116
1.95	0.100162
1.9512	0.100208
1.9524	0.100255
1.9536	0.100301
1.9548	0.100347
1.956	0.100394
1.9572	0.10044
1.9584	0.100486
1.9596	0.100532
1.9608	0.100579
1.962	0.100625
1.9632	0.100672
1.9644	0.100718
1.9656	0.100764
1.9668	0.100811
1.968	0.100857
1.9692	0.100904
1.9704	0.10095
1.9716	0.100996
1.9728	0.101043
1.974	0.101089
1.9752	0.101136
1.9764	0.101182
1.9776	0.101229
1.9788	0.101275
1.98	0.101322
1.9812	0.101368
1.9824	0.101415
1.9836	0.101461
1.9848	0.101508
1.986	0.101555
1.9872	0.101601
1.9884	0.101648
1.9896	0.101694
1.9908	0.101741
1.992	0.101788
1.9932	0.101834
1.9944	0.101881
1.9956	0.101928
1.9968	0.101974
1.998	0.102021
1.9992	0.102068
2.0004	0.102115
2.0016	0.102161
2.0028	0.102208
2.004	0.102255
2.0052	0.102302
2.0064	0.102348
2.0076	0.102395
2.0088	0.102442
2.01	0.102489
2.0112	0.102536
2.0124	0.102583
2.0136	0.102629
2.0148	0.102676
2.016	0.102723
2.0172	0.10277
2.0184	0.102817
2.0196	0.102864
2.0208	0.102911
2.022	0.102958
2.0232	0.103005
2.0244	0.103052
2.0256	0.103099
2.0268	0.103145
2.028	0.103192
2.0292	0.103239
2.0304	0.103286
2.0316	0.103333
2.0328	0.103381
2.034	0.103428
2.0352	0.103475
2.0364	0.103522
2.0376	0.103569
2.0388	0.103616
2.04	0.103663
2.0412	0.10371
2.0424	0.103757
2.0436	0.103804
2.0448	0.103851
2.046	0.103899
2.0472	0.103946
2.0484	0.103993
2.0496	0.10404
2.0508	0.104087
2.052	0.104134
2.0532	0.104182
2.0544	0.104229
2.0556	0.104276
2.0568	0.104323
2.058	0.104371
2.0592	0.104418
2.0604	0.104465
2.0616	0.104512
2.0628	0.10456
2.064	0.104607
2.0652	0.104654
2.0664	0.104702
2.0676	0.104749
2.0688	0.104796
2.07	0.104844
2.0712	0.104891
2.0724	0.104938
2.0736	0.104986
2.0748	0.105033
2.076	0.105081
2.0772	0.105128
2.0784	0.105175
2.0796	0.105223
2.0808	0.10527
2.082	0.105318
2.0832	0.105365
2.0844	0.105413
2.0856	0.10546
2.0868	0.105508
2.088	0.105555
2.0892	0.105603
2.0904	0.10565
2.0916	0.105698
2.0928	0.105745
2.094	0.105793
2.0952	0.10584
2.0964	0.105888
2.0976	0.105936
2.0988	0.105983
2.1	0.106031
2.1012	0.106078
2.1024	0.106126
2.1036	0.106174
2.1048	0.106221
2.106	0.106269
2.1072	0.106317
2.1084	0.106364
2.1096	0.106412
2.1108	0.10646
2.112	0.106507
2.1132	0.106555
2.1144	0.106603
2.1156	0.10665
2.1168	0.106698
2.118	0.106746
2.1192	0.106794
2.1204	0.106841
2.1216	0.106889
2.1228	0.106937
2.124	0.106985
2.1252	0.107032
2.1264	0.10708
2.1276	0.107128
2.1288	0.107176
2.13	0.107224
2.1312	0.107272
2.1324	0.107319
2.1336	0.107367
2.1348	0.107415
2.136	0.107463
2.1372	0.107511
2.1384	0.107559
2.1396	0.107607
2.1408	0.107655
2.142	0.107703
2.1432	0.10775
2.1444	0.107798
2.1456	0.107846
2.1468	0.107894
2.148	0.107942
2.1492	0.10799
2.1504	0.108038
2.1516	0.108086
2.1528	0.108134
2.154	0.108182
2.1552	0.10823
2.1564	0.108278
2.1576	0.108326
2.1588	0.108374
2.16	0.108422
2.1612	0.10847
2.1624	0.108518
2.1636	0.108566
2.1648	0.108615
2.166	0.108663
2.1672	0.108711
2.1684	0.108759
2.1696	0.108807
2.1708	0.108855
2.172	0.108903
2.1732	0.108951
2.1744	0.108999
2.1756	0.109048
2.1768	0.109096
2.178	0.109144
2.1792	0.109192
2.1804	0.10924
2.1816	0.109289
2.1828	0.109337
2.184	0.109385
2.1852	0.109433
2.1864	0.109481
2.1876	0.10953
2.1888	0.109578
2.19	0.109626
2.1912	0.109674
2.1924	0.109723
2.1936	0.109771
2.1948	0.109819
2.196	0.109867
2.1972	0.109916
2.1984	0.109964
2.1996	0.110012
2.2008	0.110061
2.202	0.110109
2.2032	0.110157
2.2044	0.110206
2.2056	0.110254
2.2068	0.110302
2.208	0.110351
2.2092	0.110399
2.2104	0.110447
2.2116	0.110496
2.2128	0.110544
2.214	0.110593
2.2152	0.110641
2.2164	0.110689
2.2176	0.110738
2.2188	0.110786
2.22	0.110835
2.2212	0.110883
2.2224	0.110932
2.2236	0.11098
2.2248	0.111028
2.226	0.111077
2.2272	0.111125
2.2284	0.111174
2.2296	0.111222
2.2308	0.111271
2.232	0.111319
2.2332	0.111368
2.2344	0.111416
2.2356	0.111465
2.2368	0.111513
2.238	0.111562
2.2392	0.111611
2.2404	0.111659
2.2416	0.111708
2.2428	0.111756
2.244	0.111805
2.2452	0.111853
2.2464	0.111902
2.2476	0.111951
2.2488	0.111999
2.25	0.112048
2.2512	0.112096
2.2524	0.112145
2.2536	0.112194
2.2548	0.112242
2.256	0.112291
2.2572	0.11234
2.2584	0.112388
2.2596	0.112437
2.2608	0.112485
2.262	0.112534
2.2632	0.112583
2.2644	0.112631
2.2656	0.11268
2.2668	0.112729
2.268	0.112778
2.2692	0.112826
2.2704	0.112875
2.2716	0.112924
2.2728	0.112972
2.274	0.113021
2.2752	0.11307
2.2764	0.113119
2.2776	0.113167
2.2788	0.113216
2.28	0.113265
2.2812	0.113314
2.2824	0.113362
2.2836	0.113411
2.2848	0.11346
2.286	0.113509
2.2872	0.113558
2.2884	0.113606
2.2896	0.113655
2.2908	0.113704
2.292	0.113753
2.2932	0.113802
2.2944	0.113851
2.2956	0.113899
2.2968	0.113948
2.298	0.113997
2.2992	0.114046
2.3004	0.114095
2.3016	0.114144
2.3028	0.114192
2.304	0.114241
2.3052	0.11429
2.3064	0.114339
2.3076	0.114388
2.3088	0.114437
2.31	0.114486
2.3112	0.114535
2.3124	0.114584
2.3136	0.114633
2.3148	0.114681
2.316	0.11473
2.3172	0.114779
2.3184	0.114828
2.3196	0.114877
2.3208	0.114926
2.322	0.114975
2.3232	0.115024
2.3244	0.115073
2.3256	0.115122
2.3268	0.115171
2.328	0.11522
2.3292	0.115269
2.3304	0.115318
2.3316	0.115367
2.3328	0.115416
2.334	0.115465
2.3352	0.115514
2.3364	0.115563
2.3376	0.115612
2.3388	0.115661
2.34	0.11571
2.3412	0.115759
2.3424	0.115808
2.3436	0.115857
2.3448	0.115906
2.346	0.115955
2.3472	0.116004
2.3484	0.116053
2.3496	0.116103
2.3508	0.116152
2.352	0.116201
2.3532	0.11625
2.3544	0.116299
2.3556	0.116348
2.3568	0.116397
2.358	0.116446
2.3592	0.116495
2.3604	0.116544
2.3616	0.116593
2.3628	0.116643
2.364	0.116692
2.3652	0.116741
2.3664	0.11679
2.3676	0.116839
2.3688	0.116888
2.37	0.116937
2.3712	0.116987
2.3724	0.117036
2.3736	0.117085
2.3748	0.117134
2.376	0.117183
2.3772	0.117232
2.3784	0.117282
2.3796	0.117331
2.3808	0.11738
2.382	0.117429
2.3832	0.117478
2.3844	0.117527
2.3856	0.117577
2.3868	0.117626
2.388	0.117675
2.3892	0.117724
2.3904	0.117774
2.3916	0.117823
2.3928	0.117872
2.394	0.117921
2.3952	0.11797
2.3964	0.11802
2.3976	0.118069
2.3988	0.118118
2.4	0.118167
2.4012	0.118217
2.4024	0.118266
2.4036	0.118315
2.4048	0.118364
2.406	0.118414
2.4072	0.118463
2.4084	0.118512
2.4096	0.118561
2.4108	0.118611
2.412	0.11866
2.4132	0.118709
2.4144	0.118759
2.4156	0.118808
2.4168	0.118857
2.418	0.118906
2.4192	0.118956
2.4204	0.119005
2.4216	0.119054
2.4228	0.119104
2.424	0.119153
2.4252	0.119202
2.4264	0.119252
2.4276	0.119301
2.4288	0.11935
2.43	0.1194
2.4312	0.119449
2.4324	0.119498
2.4336	0.119548
2.4348	0.119597
2.436	0.119646
2.4372	0.119696
2.4384	0.119745
2.4396	0.119794
2.4408	0.119844
2.442	0.119893
2.4432	0.119942
2.4444	0.119992
2.4456	0.120041
2.4468	0.120091
2.448	0.12014
2.4492	0.120189
2.4504	0.120239
2.4516	0.120288
2.4528	0.120338
2.454	0.120387
2.4552	0.120436
2.4564	0.120486
2.4576	0.120535
2.4588	0.120584
2.46	0.120634
2.4612	0.120683
2.4624	0.120733
2.4636	0.120782
2.4648	0.120832
2.466	0.120881
2.4672	0.12093
2.4684	0.12098
2.4696	0.121029
2.4708	0.121079
2.472	0.121128
2.4732	0.121177
2.4744	0.121227
2.4756	0.121276
2.4768	0.121326
2.478	0.121375
2.4792	0.121425
2.4804	0.121474
2.4816	0.121524
2.4828	0.121573
2.484	0.121622
2.4852	0.121672
2.4864	0.121721
2.4876	0.121771
2.4888	0.12182
2.49	0.12187
2.4912	0.121919
2.4924	0.121969
2.4936	0.122018
2.4948	0.122068
2.496	0.122117
2.4972	0.122167
2.4984	0.122216
2.4996	0.122266
2.5008	0.122315
2.502	0.122364
2.5032	0.122414
2.5044	0.122463
2.5056	0.122513
2.5068	0.122562
2.508	0.122612
2.5092	0.122661
2.5104	0.122711
2.5116	0.12276
2.5128	0.12281
2.514	0.122859
2.5152	0.122909
2.5164	0.122958
2.5176	0.123008
2.5188	0.123057
2.52	0.123107
2.5212	0.123156
2.5224	0.123206
2.5236	0.123255
2.5248	0.123305
2.526	0.123354
2.5272	0.123404
2.5284	0.123453
2.5296	0.123503
2.5308	0.123552
2.532	0.123602
2.5332	0.123652
2.5344	0.123701
2.5356	0.123751
2.5368	0.1238
2.538	0.12385
2.5392	0.123899
2.5404	0.123949
2.5416	0.123998
2.5428	0.124048
2.544	0.124097
2.5452	0.124147
2.5464	0.124196
2.5476	0.124246
2.5488	0.124295
2.55	0.124345
2.5512	0.124394
2.5524	0.124444
2.5536	0.124494
2.5548	0.124543
2.556	0.124593
2.5572	0.124642
2.5584	0.124692
2.5596	0.124741
2.5608	0.124791
2.562	0.12484
2.5632	0.12489
2.5644	0.124939
2.5656	0.124989
2.5668	0.125039
2.568	0.125088
2.5692	0.125138
2.5704	0.125187
2.5716	0.125237
2.5728	0.125286
2.574	0.125336
2.5752	0.125385
2.5764	0.125435
2.5776	0.125484
2.5788	0.125534
2.58	0.125584
2.5812	0.125633
2.5824	0.125683
2.5836	0.125732
2.5848	0.125782
2.586	0.125831
2.5872	0.125881
2.5884	0.12593
2.5896	0.12598
2.5908	0.12603
2.592	0.126079
2.5932	0.126129
2.5944	0.126178
2.5956	0.126228
2.5968	0.126277
2.598	0.126327
2.5992	0.126376
2.6004	0.126426
2.6016	0.126476
2.6028	0.126525
2.604	0.126575
2.6052	0.126624
2.6064	0.126674
2.6076	0.126723
2.6088	0.126773
2.61	0.126822
2.6112	0.126872
2.6124	0.126922
2.6136	0.126971
2.6148	0.127021
2.616	0.12707
2.6172	0.12712
2.6184	0.127169
2.6196	0.127219
2.6208	0.127268
2.622	0.127318
2.6232	0.127368
2.6244	0.127417
2.6256	0.127467
2.6268	0.127516
2.628	0.127566
2.6292	0.127615
2.6304	0.127665
2.6316	0.127714
2.6328	0.127764
2.634	0.127814
2.6352	0.127863
2.6364	0.127913
2.6376	0.127962
2.6388	0.128012
2.64	0.128061
2.6412	0.128111
2.6424	0.12816
2.6436	0.12821
2.6448	0.128259
2.646	0.128309
2.6472	0.128359
2.6484	0.128408
2.6496	0.128458
2.6508	0.128507
2.652	0.128557
2.6532	0.128606
2.6544	0.128656
2.6556	0.128705
2.6568	0.128755
2.658	0.128804
2.6592	0.128854
2.6604	0.128904
2.6616	0.128953
2.6628	0.129003
2.664	0.129052
2.6652	0.129102
2.6664	0.129151
2.6676	0.129201
2.6688	0.12925
2.67	0.1293
2.6712	0.129349
2.6724	0.129399
2.6736	0.129448
2.6748	0.129498
2.676	0.129547
2.6772	0.129597
2.6784	0.129646
2.6796	0.129696
2.6808	0.129745
2.682	0.129795
2.6832	0.129844
2.6844	0.129894
2.6856	0.129943
2.6868	0.129993
2.688	0.130042
2.6892	0.130092
2.6904	0.130141
2.6916	0.130191
2.6928	0.13024
2.694	0.13029
2.6952	0.130339
2.6964	0.130389
2.6976	0.130438
2.6988	0.130488
2.7	0.130537
2.7012	0.130587
2.7024	0.130636
2.7036	0.130686
2.7048	0.130735
2.706	0.130785
2.7072	0.130834
2.7084	0.130884
2.7096	0.130933
2.7108	0.130983
2.712	0.131032
2.7132	0.131082
2.7144	0.131131
2.7156	0.131181
2.7168	0.13123
2.718	0.13128
2.7192	0.131329
2.7204	0.131379
2.7216	0.131428
2.7228	0.131477
2.724	0.131527
2.7252	0.131576
2.7264	0.131626
2.7276	0.131675
2.7288	0.131725
2.73	0.131774
2.7312	0.131824
2.7324	0.131873
2.7336	0.131922
2.7348	0.131972
2.736	0.132021
2.7372	0.132071
2.7384	0.13212
2.7396	0.13217
2.7408	0.132219
2.742	0.132268
2.7432	0.132318
2.7444	0.132367
2.7456	0.132417
2.7468	0.132466
2.748	0.132516
2.7492	0.132565
2.7504	0.132614
2.7516	0.132664
2.7528	0.132713
2.754	0.132763
2.7552	0.132812
2.7564	0.132861
2.7576	0.132911
2.7588	0.13296
2.76	0.133009
2.7612	0.133059
2.7624	0.133108
2.7636	0.133158
2.7648	0.133207
2.766	0.133256
2.7672	0.133306
2.7684	0.133355
2.7696	0.133404
2.7708	0.133454
2.772	0.133503
2.7732	0.133552
2.7744	0.133602
2.7756	0.133651
2.7768	0.133701
2.778	0.13375
2.7792	0.133799
2.7804	0.133849
2.7816	0.133898
2.7828	0.133947
2.784	0.133997
2.7852	0.134046
2.7864	0.134095
2.7876	0.134145
2.7888	0.134194
2.79	0.134243
2.7912	0.134292
2.7924	0.134342
2.7936	0.134391
2.7948	0.13444
2.796	0.13449
2.7972	0.134539
2.7984	0.134588
2.7996	0.134637
2.8008	0.134687
2.802	0.134736
2.8032	0.134785
2.8044	0.134835
2.8056	0.134884
2.8068	0.134933
2.808	0.134982
2.8092	0.135032
2.8104	0.135081
2.8116	0.13513
2.8128	0.135179
2.814	0.135229
2.8152	0.135278
2.8164	0.135327
2.8176	0.135376
2.8188	0.135426
2.82	0.135475
2.8212	0.135524
2.8224	0.135573
2.8236	0.135622
2.8248	0.135672
2.826	0.135721
2.8272	0.13577
2.8284	0.135819
2.8296	0.135868
2.8308	0.135918
2.832	0.135967
2.8332	0.136016
2.8344	0.136065
2.8356	0.136114
2.8368	0.136164
2.838	0.136213
2.8392	0.136262
2.8404	0.136311
2.8416	0.13636
2.8428	0.136409
2.844	0.136459
2.8452	0.136508
2.8464	0.136557
2.8476	0.136606
2.8488	0.136655
2.85	0.136704
2.8512	0.136753
2.8524	0.136802
2.8536	0.136852
2.8548	0.136901
2.856	0.13695
2.8572	0.136999
2.8584	0.137048
2.8596	0.137097
2.8608	0.137146
2.862	0.137195
2.8632	0.137244
2.8644	0.137293
2.8656	0.137343
2.8668	0.137392
2.868	0.137441
2.8692	0.13749
2.8704	0.137539
2.8716	0.137588
2.8728	0.137637
2.874	0.137686
2.8752	0.137735
2.8764	0.137784
2.8776	0.137833
2.8788	0.137882
2.88	0.137931
2.8812	0.13798
2.8824	0.138029
2.8836	0.138078
2.8848	0.138127
2.886	0.138176
2.8872	0.138225
2.8884	0.138274
2.8896	0.138323
2.8908	0.138372
2.892	0.138421
2.8932	0.13847
2.8944	0.138519
2.8956	0.138568
2.8968	0.138617
2.898	0.138666
2.8992	0.138715
2.9004	0.138764
2.9016	0.138813
2.9028	0.138862
2.904	0.138911
2.9052	0.138959
2.9064	0.139008
2.9076	0.139057
2.9088	0.139106
2.91	0.139155
2.9112	0.139204
2.9124	0.139253
2.9136	0.139302
2.9148	0.139351
2.916	0.1394
2.9172	0.139448
2.9184	0.139497
2.9196	0.139546
2.9208	0.139595
2.922	0.139644
2.9232	0.139693
2.9244	0.139742
2.9256	0.13979
2.9268	0.139839
2.928	0.139888
2.9292	0.139937
2.9304	0.139986
2.9316	0.140034
2.9328	0.140083
2.934	0.140132
2.9352	0.140181
2.9364	0.14023
2.9376	0.140278
2.9388	0.140327
2.94	0.140376
2.9412	0.140425
2.9424	0.140474
2.9436	0.140522
2.9448	0.140571
2.946	0.14062
2.9472	0.140668
2.9484	0.140717
2.9496	0.140766
2.9508	0.140815
2.952	0.140863
2.9532	0.140912
2.9544	0.140961
2.9556	0.141009
2.9568	0.141058
2.958	0.141107
2.9592	0.141156
2.9604	0.141204
2.9616	0.141253
2.9628	0.141302
2.964	0.14135
2.9652	0.141399
2.9664	0.141448
2.9676	0.141496
2.9688	0.141545
2.97	0.141593
2.9712	0.141642
2.9724	0.141691
2.9736	0.141739
2.9748	0.141788
2.976	0.141836
2.9772	0.141885
2.9784	0.141934
2.9796	0.141982
2.9808	0.142031
2.982	0.142079
2.9832	0.142128
2.9844	0.142176
2.9856	0.142225
2.9868	0.142274
2.988	0.142322
2.9892	0.142371
2.9904	0.142419
2.9916	0.142468
2.9928	0.142516
2.994	0.142565
2.9952	0.142613
2.9964	0.142662
2.9976	0.14271
2.9988	0.142759
3	0.142807
3.0012	0.142856
3.0024	0.142904
3.0036	0.142953
3.0048	0.143001
3.006	0.143049
3.0072	0.143098
3.0084	0.143146
3.0096	0.143195
3.0108	0.143243
3.012	0.143292
3.0132	0.14334
3.0144	0.143388
3.0156	0.143437
3.0168	0.143485
3.018	0.143534
3.0192	0.143582
3.0204	0.14363
3.0216	0.143679
3.0228	0.143727
3.024	0.143775
3.0252	0.143824
3.0264	0.143872
3.0276	0.14392
3.0288	0.143969
3.03	0.144017
3.0312	0.144065
3.0324	0.144114
3.0336	0.144162
3.0348	0.14421
3.036	0.144258
3.0372	0.144307
3.0384	0.144355
3.0396	0.144403
3.0408	0.144451
3.042	0.1445
3.0432	0.144548
3.0444	0.144596
3.0456	0.144644
3.0468	0.144693
3.048	0.144741
3.0492	0.144789
3.0504	0.144837
3.0516	0.144885
3.0528	0.144934
3.054	0.144982
3.0552	0.14503
3.0564	0.145078
3.0576	0.145126
3.0588	0.145174
3.06	0.145222
3.0612	0.145271
3.0624	0.145319
3.0636	0.145367
3.0648	0.145415
3.066	0.145463
3.0672	0.145511
3.0684	0.145559
3.0696	0.145607
3.0708	0.145655
3.072	0.145703
3.0732	0.145751
3.0744	0.1458
3.0756	0.145848
3.0768	0.145896
3.078	0.145944
3.0792	0.145992
3.0804	0.14604
3.0816	0.146088
3.0828	0.146136
3.084	0.146184
3.0852	0.146232
3.0864	0.14628
3.0876	0.146328
3.0888	0.146376
3.09	0.146423
3.0912	0.146471
3.0924	0.146519
3.0936	0.146567
3.0948	0.146615
3.096	0.146663
3.0972	0.146711
3.0984	0.146759
3.0996	0.146807
3.1008	0.146855
3.102	0.146903
3.1032	0.14695
3.1044	0.146998
3.1056	0.147046
3.1068	0.147094
3.108	0.147142
3.1092	0.14719
3.1104	0.147237
3.1116	0.147285
3.1128	0.147333
3.114	0.147381
3.1152	0.147429
3.1164	0.147476
3.1176	0.147524
3.1188	0.147572
3.12	0.14762
3.1212	0.147667
3.1224	0.147715
3.1236	0.147763
3.1248	0.147811
3.126	0.147858
3.1272	0.147906
3.1284	0.147954
3.1296	0.148002
3.1308	0.148049
3.132	0.148097
3.1332	0.148145
3.1344	0.148192
3.1356	0.14824
3.1368	0.148287
3.138	0.148335
3.1392	0.148383
3.1404	0.14843
3.1416	0.148478
3.1428	0.148526
3.144	0.148573
3.1452	0.148621
3.1464	0.148668
3.1476	0.148716
3.1488	0.148763
3.15	0.148811
3.1512	0.148859
3.1524	0.148906
3.1536	0.148954
3.1548	0.149001
3.156	0.149049
3.1572	0.149096
3.1584	0.149144
3.1596	0.149191
3.1608	0.149239
3.162	0.149286
3.1632	0.149334
3.1644	0.149381
3.1656	0.149428
3.1668	0.149476
3.168	0.149523
3.1692	0.149571
3.1704	0.149618
3.1716	0.149665
3.1728	0.149713
3.174	0.14976
3.1752	0.149808
3.1764	0.149855
3.1776	0.149902
3.1788	0.14995
3.18	0.149997
3.1812	0.150044
3.1824	0.150092
3.1836	0.150139
3.1848	0.150186
3.186	0.150234
3.1872	0.150281
3.1884	0.150328
3.1896	0.150375
3.1908	0.150423
3.192	0.15047
3.1932	0.150517
3.1944	0.150564
3.1956	0.150612
3.1968	0.150659
3.198	0.150706
3.1992	0.150753
3.2004	0.1508
3.2016	0.150848
3.2028	0.150895
3.204	0.150942
3.2052	0.150989
3.2064	0.151036
3.2076	0.151083
3.2088	0.15113
3.21	0.151178
3.2112	0.151225
3.2124	0.151272
3.2136	0.151319
3.2148	0.151366
3.216	0.151413
3.2172	0.15146
3.2184	0.151507
3.2196	0.151554
3.2208	0.151601
3.222	0.151648
3.2232	0.151695
3.2244	0.151742
3.2256	0.151789
3.2268	0.151836
3.228	0.151883
3.2292	0.15193
3.2304	0.151977
3.2316	0.152024
3.2328	0.152071
3.234	0.152118
3.2352	0.152165
3.2364	0.152212
3.2376	0.152259
3.2388	0.152305
3.24	0.152352
3.2412	0.152399
3.2424	0.152446
3.2436	0.152493
3.2448	0.15254
3.246	0.152587
3.2472	0.152633
3.2484	0.15268
3.2496	0.152727
3.2508	0.152774
3.252	0.152821
3.2532	0.152867
3.2544	0.152914
3.2556	0.152961
3.2568	0.153008
3.258	0.153054
3.2592	0.153101
3.2604	0.153148
3.2616	0.153195
3.2628	0.153241
3.264	0.153288
3.2652	0.153335
3.2664	0.153381
3.2676	0.153428
3.2688	0.153475
3.27	0.153521
3.2712	0.153568
3.2724	0.153614
3.2736	0.153661
3.2748	0.153708
3.276	0.153754
3.2772	0.153801
3.2784	0.153847
3.2796	0.153894
3.2808	0.15394
3.282	0.153987
3.2832	0.154034
3.2844	0.15408
3.2856	0.154127
3.2868	0.154173
3.288	0.15422
3.2892	0.154266
3.2904	0.154312
3.2916	0.154359
3.2928	0.154405
3.294	0.154452
3.2952	0.154498
3.2964	0.154545
3.2976	0.154591
3.2988	0.154637
3.3	0.154684
3.3012	0.15473
3.3024	0.154777
3.3036	0.154823
3.3048	0.154869
3.306	0.154916
3.3072	0.154962
3.3084	0.155008
3.3096	0.155055
3.3108	0.155101
3.312	0.155147
3.3132	0.155193
3.3144	0.15524
3.3156	0.155286
3.3168	0.155332
3.318	0.155378
3.3192	0.155425
3.3204	0.155471
3.3216	0.155517
3.3228	0.155563
3.324	0.155609
3.3252	0.155656
3.3264	0.155702
3.3276	0.155748
3.3288	0.155794
3.33	0.15584
3.3312	0.155886
3.3324	0.155932
3.3336	0.155978
3.3348	0.156025
3.336	0.156071
3.3372	0.156117
3.3384	0.156163
3.3396	0.156209
3.3408	0.156255
3.342	0.156301
3.3432	0.156347
3.3444	0.156393
3.3456	0.156439
3.3468	0.156485
3.348	0.156531
3.3492	0.156577
3.3504	0.156623
3.3516	0.156669
3.3528	0.156714
3.354	0.15676
3.3552	0.156806
3.3564	0.156852
3.3576	0.156898
3.3588	0.156944
3.36	0.15699
3.3612	0.157036
3.3624	0.157081
3.3636	0.157127
3.3648	0.157173
3.366	0.157219
3.3672	0.157265
3.3684	0.15731
3.3696	0.157356
3.3708	0.157402
3.372	0.157448
3.3732	0.157493
3.3744	0.157539
3.3756	0.157585
3.3768	0.157631
3.378	0.157676
3.3792	0.157722
3.3804	0.157768
3.3816	0.157813
3.3828	0.157859
3.384	0.157905
3.3852	0.15795
3.3864	0.157996
3.3876	0.158041
3.3888	0.158087
3.39	0.158133
3.3912	0.158178
3.3924	0.158224
3.3936	0.158269
3.3948	0.158315
3.396	0.15836
3.3972	0.158406
3.3984	0.158451
3.3996	0.158497
3.4008	0.158542
3.402	0.158588
3.4032	0.158633
3.4044	0.158679
3.4056	0.158724
3.4068	0.15877
3.408	0.158815
3.4092	0.15886
3.4104	0.158906
3.4116	0.158951
3.4128	0.158997
3.414	0.159042
3.4152	0.159087
3.4164	0.159133
3.4176	0.159178
3.4188	0.159223
3.42	0.159268
3.4212	0.159314
3.4224	0.159359
3.4236	0.159404
3.4248	0.15945
3.426	0.159495
3.4272	0.15954
3.4284	0.159585
3.4296	0.15963
3.4308	0.159676
3.432	0.159721
3.4332	0.159766
3.4344	0.159811
3.4356	0.159856
3.4368	0.159901
3.438	0.159947
3.4392	0.159992
3.4404	0.160037
3.4416	0.160082
3.4428	0.160127
3.444	0.160172
3.4452	0.160217
3.4464	0.160262
3.4476	0.160307
3.4488	0.160352
3.45	0.160397
3.4512	0.160442
3.4524	0.160487
3.4536	0.160532
3.4548	0.160577
3.456	0.160622
3.4572	0.160667
3.4584	0.160712
3.4596	0.160757
3.4608	0.160802
3.462	0.160846
3.4632	0.160891
3.4644	0.160936
3.4656	0.160981
3.4668	0.161026
3.468	0.161071
3.4692	0.161116
3.4704	0.16116
3.4716	0.161205
3.4728	0.16125
3.474	0.161295
3.4752	0.161339
3.4764	0.161384
3.4776	0.161429
3.4788	0.161474
3.48	0.161518
3.4812	0.161563
3.4824	0.161608
3.4836	0.161652
3.4848	0.161697
3.486	0.161742
3.4872	0.161786
3.4884	0.161831
3.4896	0.161876
3.4908	0.16192
3.492	0.161965
3.4932	0.162009
3.4944	0.162054
3.4956	0.162098
3.4968	0.162143
3.498	0.162187
3.4992	0.162232
3.5004	0.162276
3.5016	0.162321
3.5028	0.162365
3.504	0.16241
3.5052	0.162454
3.5064	0.162499
3.5076	0.162543
3.5088	0.162588
3.51	0.162632
3.5112	0.162676
3.5124	0.162721
3.5136	0.162765
3.5148	0.162809
3.516	0.162854
3.5172	0.162898
3.5184	0.162942
3.5196	0.162987
3.5208	0.163031
3.522	0.163075
3.5232	0.16312
3.5244	0.163164
3.5256	0.163208
3.5268	0.163252
3.528	0.163296
3.5292	0.163341
3.5304	0.163385
3.5316	0.163429
3.5328	0.163473
3.534	0.163517
3.5352	0.163561
3.5364	0.163606
3.5376	0.16365
3.5388	0.163694
3.54	0.163738
3.5412	0.163782
3.5424	0.163826
3.5436	0.16387
3.5448	0.163914
3.546	0.163958
3.5472	0.164002
3.5484	0.164046
3.5496	0.16409
3.5508	0.164134
3.552	0.164178
3.5532	0.164222
3.5544	0.164266
3.5556	0.16431
3.5568	0.164354
3.558	0.164398
3.5592	0.164441
3.5604	0.164485
3.5616	0.164529
3.5628	0.164573
3.564	0.164617
3.5652	0.164661
3.5664	0.164705
3.5676	0.164748
3.5688	0.164792
3.57	0.164836
3.5712	0.16488
3.5724	0.164923
3.5736	0.164967
3.5748	0.165011
3.576	0.165054
3.5772	0.165098
3.5784	0.165142
3.5796	0.165185
3.5808	0.165229
3.582	0.165273
3.5832	0.165316
3.5844	0.16536
3.5856	0.165404
3.5868	0.165447
3.588	0.165491
3.5892	0.165534
3.5904	0.165578
3.5916	0.165621
3.5928	0.165665
3.594	0.165708
3.5952	0.165752
3.5964	0.165795
3.5976	0.165839
3.5988	0.165882
3.6	0.165926
3.6012	0.165969
3.6024	0.166013
3.6036	0.166056
3.6048	0.166099
3.606	0.166143
3.6072	0.166186
3.6084	0.166229
3.6096	0.166273
3.6108	0.166316
3.612	0.166359
3.6132	0.166403
3.6144	0.166446
3.6156	0.166489
3.6168	0.166532
3.618	0.166576
3.6192	0.166619
3.6204	0.166662
3.6216	0.166705
3.6228	0.166749
3.624	0.166792
3.6252	0.166835
3.6264	0.166878
3.6276	0.166921
3.6288	0.166964
3.63	0.167007
3.6312	0.16705
3.6324	0.167094
3.6336	0.167137
3.6348	0.16718
3.636	0.167223
3.6372	0.167266
3.6384	0.167309
3.6396	0.167352
3.6408	0.167395
3.642	0.167438
3.6432	0.167481
3.6444	0.167524
3.6456	0.167566
3.6468	0.167609
3.648	0.167652
3.6492	0.167695
3.6504	0.167738
3.6516	0.167781
3.6528	0.167824
3.654	0.167867
3.6552	0.167909
3.6564	0.167952
3.6576	0.167995
3.6588	0.168038
3.66	0.168081
3.6612	0.168123
3.6624	0.168166
3.6636	0.168209
3.6648	0.168251
3.666	0.168294
3.6672	0.168337
3.6684	0.16838
3.6696	0.168422
3.6708	0.168465
3.672	0.168507
3.6732	0.16855
3.6744	0.168593
3.6756	0.168635
3.6768	0.168678
3.678	0.16872
3.6792	0.168763
3.6804	0.168805
3.6816	0.168848
3.6828	0.16889
3.684	0.168933
3.6852	0.168975
3.6864	0.169018
3.6876	0.16906
3.6888	0.169103
3.69	0.169145
3.6912	0.169188
3.6924	0.16923
3.6936	0.169272
3.6948	0.169315
3.696	0.169357
3.6972	0.169399
3.6984	0.169442
3.6996	0.169484
3.7008	0.169526
3.702	0.169569
3.7032	0.169611
3.7044	0.169653
3.7056	0.169695
3.7068	0.169738
3.708	0.16978
3.7092	0.169822
3.7104	0.169864
3.7116	0.169906
3.7128	0.169949
3.714	0.169991
3.7152	0.170033
3.7164	0.170075
3.7176	0.170117
3.7188	0.170159
3.72	0.170201
3.7212	0.170243
3.7224	0.170285
3.7236	0.170327
3.7248	0.170369
3.726	0.170411
3.7272	0.170453
3.7284	0.170495
3.7296	0.170537
3.7308	0.170579
3.732	0.170621
3.7332	0.170663
3.7344	0.170705
3.7356	0.170747
3.7368	0.170789
3.738	0.170831
3.7392	0.170872
3.7404	0.170914
3.7416	0.170956
3.7428	0.170998
3.744	0.17104
3.7452	0.171081
3.7464	0.171123
3.7476	0.171165
3.7488	0.171207
3.75	0.171248
3.7512	0.17129
3.7524	0.171332
3.7536	0.171373
3.7548	0.171415
3.756	0.171457
3.7572	0.171498
3.7584	0.17154
3.7596	0.171582
3.7608	0.171623
3.762	0.171665
3.7632	0.171706
3.7644	0.171748
3.7656	0.171789
3.7668	0.171831
3.768	0.171872
3.7692	0.171914
3.7704	0.171955
3.7716	0.171997
3.7728	0.172038
3.774	0.17208
3.7752	0.172121
3.7764	0.172162
3.7776	0.172204
3.7788	0.172245
3.78	0.172287
3.7812	0.172328
3.7824	0.172369
3.7836	0.17241
3.7848	0.172452
3.786	0.172493
3.7872	0.172534
3.7884	0.172576
3.7896	0.172617
3.7908	0.172658
3.792	0.172699
3.7932	0.17274
3.7944	0.172782
3.7956	0.172823
3.7968	0.172864
3.798	0.172905
3.7992	0.172946
3.8004	0.172987
3.8016	0.173028
3.8028	0.173069
3.804	0.173111
3.8052	0.173152
3.8064	0.173193
3.8076	0.173234
3.8088	0.173275
3.81	0.173316
3.8112	0.173357
3.8124	0.173398
3.8136	0.173438
3.8148	0.173479
3.816	0.17352
3.8172	0.173561
3.8184	0.173602
3.8196	0.173643
3.8208	0.173684
3.822	0.173725
3.8232	0.173765
3.8244	0.173806
3.8256	0.173847
3.8268	0.173888
3.828	0.173929
3.8292	0.173969
3.8304	0.17401
3.8316	0.174051
3.8328	0.174092
3.834	0.174132
3.8352	0.174173
3.8364	0.174214
3.8376	0.174254
3.8388	0.174295
3.84	0.174335
3.8412	0.174376
3.8424	0.174417
3.8436	0.174457
3.8448	0.174498
3.846	0.174538
3.8472	0.174579
3.8484	0.174619
3.8496	0.17466
3.8508	0.1747
3.852	0.174741
3.8532	0.174781
3.8544	0.174822
3.8556	0.174862
3.8568	0.174903
3.858	0.174943
3.8592	0.174983
3.8604	0.175024
3.8616	0.175064
3.8628	0.175104
3.864	0.175145
3.8652	0.175185
3.8664	0.175225
3.8676	0.175266
3.8688	0.175306
3.87	0.175346
3.8712	0.175386
3.8724	0.175426
3.8736	0.175467
3.8748	0.175507
3.876	0.175547
3.8772	0.175587
3.8784	0.175627
3.8796	0.175667
3.8808	0.175707
3.882	0.175748
3.8832	0.175788
3.8844	0.175828
3.8856	0.175868
3.8868	0.175908
3.888	0.175948
3.8892	0.175988
3.8904	0.176028
3.8916	0.176068
3.8928	0.176108
3.894	0.176148
3.8952	0.176188
3.8964	0.176227
3.8976	0.176267
3.8988	0.176307
3.9	0.176347
3.9012	0.176387
3.9024	0.176427
3.9036	0.176467
3.9048	0.176506
3.906	0.176546
3.9072	0.176586
3.9084	0.176626
3.9096	0.176665
3.9108	0.176705
3.912	0.176745
3.9132	0.176785
3.9144	0.176824
3.9156	0.176864
3.9168	0.176904
3.918	0.176943
3.9192	0.176983
3.9204	0.177022
3.9216	0.177062
3.9228	0.177102
3.924	0.177141
3.9252	0.177181
3.9264	0.17722
3.9276	0.17726
3.9288	0.177299
3.93	0.177339
3.9312	0.177378
3.9324	0.177418
3.9336	0.177457
3.9348	0.177496
3.936	0.177536
3.9372	0.177575
3.9384	0.177615
3.9396	0.177654
3.9408	0.177693
3.942	0.177733
3.9432	0.177772
3.9444	0.177811
3.9456	0.177851
3.9468	0.17789
3.948	0.177929
3.9492	0.177968
3.9504	0.178007
3.9516	0.178047
3.9528	0.178086
3.954	0.178125
3.9552	0.178164
3.9564	0.178203
3.9576	0.178242
3.9588	0.178282
3.96	0.178321
3.9612	0.17836
3.9624	0.178399
3.9636	0.178438
3.9648	0.178477
3.966	0.178516
3.9672	0.178555
3.9684	0.178594
3.9696	0.178633
3.9708	0.178672
3.972	0.178711
3.9732	0.17875
3.9744	0.178789
3.9756	0.178827
3.9768	0.178866
3.978	0.178905
3.9792	0.178944
3.9804	0.178983
3.9816	0.179022
3.9828	0.17906
3.984	0.179099
3.9852	0.179138
3.9864	0.179177
3.9876	0.179215
3.9888	0.179254
3.99	0.179293
3.9912	0.179332
3.9924	0.17937
3.9936	0.179409
3.9948	0.179448
3.996	0.179486
3.9972	0.179525
3.9984	0.179563
3.9996	0.179602
4.0008	0.17964
4.002	0.179679
4.0032	0.179718
4.0044	0.179756
4.0056	0.179795
4.0068	0.179833
4.008	0.179872
4.0092	0.17991
4.0104	0.179948
4.0116	0.179987
4.0128	0.180025
4.014	0.180064
4.0152	0.180102
4.0164	0.18014
4.0176	0.180179
4.0188	0.180217
4.02	0.180255
4.0212	0.180294
4.0224	0.180332
4.0236	0.18037
4.0248	0.180408
4.026	0.180447
4.0272	0.180485
4.0284	0.180523
4.0296	0.180561
4.0308	0.180599
4.032	0.180637
4.0332	0.180676
4.0344	0.180714
4.0356	0.180752
4.0368	0.18079
4.038	0.180828
4.0392	0.180866
4.0404	0.180904
4.0416	0.180942
4.0428	0.18098
4.044	0.181018
4.0452	0.181056
4.0464	0.181094
4.0476	0.181132
4.0488	0.18117
4.05	0.181208
4.0512	0.181246
4.0524	0.181284
4.0536	0.181321
4.0548	0.181359
4.056	0.181397
4.0572	0.181435
4.0584	0.181473
4.0596	0.181511
4.0608	0.181548
4.062	0.181586
4.0632	0.181624
4.0644	0.181661
4.0656	0.181699
4.0668	0.181737
4.068	0.181775
4.0692	0.181812
4.0704	0.18185
4.0716	0.181887
4.0728	0.181925
4.074	0.181963
4.0752	0.182
4.0764	0.182038
4.0776	0.182075
4.0788	0.182113
4.08	0.18215
4.0812	0.182188
4.0824	0.182225
4.0836	0.182263
4.0848	0.1823
4.086	0.182338
4.0872	0.182375
4.0884	0.182412
4.0896	0.18245
4.0908	0.182487
4.092	0.182525
4.0932	0.182562
4.0944	0.182599
4.0956	0.182637
4.0968	0.182674
4.098	0.182711
4.0992	0.182748
4.1004	0.182786
4.1016	0.182823
4.1028	0.18286
4.104	0.182897
4.1052	0.182934
4.1064	0.182972
4.1076	0.183009
4.1088	0.183046
4.11	0.183083
4.1112	0.18312
4.1124	0.183157
4.1136	0.183194
4.1148	0.183231
4.116	0.183268
4.1172	0.183305
4.1184	0.183342
4.1196	0.183379
4.1208	0.183416
4.122	0.183453
4.1232	0.18349
4.1244	0.183527
4.1256	0.183564
4.1268	0.183601
4.128	0.183638
4.1292	0.183674
4.1304	0.183711
4.1316	0.183748
4.1328	0.183785
4.134	0.183822
4.1352	0.183858
4.1364	0.183895
4.1376	0.183932
4.1388	0.183969
4.14	0.184005
4.1412	0.184042
4.1424	0.184079
4.1436	0.184115
4.1448	0.184152
4.146	0.184189
4.1472	0.184225
4.1484	0.184262
4.1496	0.184298
4.1508	0.184335
4.152	0.184371
4.1532	0.184408
4.1544	0.184444
4.1556	0.184481
4.1568	0.184517
4.158	0.184554
4.1592	0.18459
4.1604	0.184627
4.1616	0.184663
4.1628	0.1847
4.164	0.184736
4.1652	0.184772
4.1664	0.184809
4.1676	0.184845
4.1688	0.184881
4.17	0.184918
4.1712	0.184954
4.1724	0.18499
4.1736	0.185026
4.1748	0.185063
4.176	0.185099
4.1772	0.185135
4.1784	0.185171
4.1796	0.185207
4.1808	0.185243
4.182	0.18528
4.1832	0.185316
4.1844	0.185352
4.1856	0.185388
4.1868	0.185424
4.188	0.18546
4.1892	0.185496
4.1904	0.185532
4.1916	0.185568
4.1928	0.185604
4.194	0.18564
4.1952	0.185676
4.1964	0.185712
4.1976	0.185748
4.1988	0.185784
4.2	0.18582
4.2012	0.185855
4.2024	0.185891
4.2036	0.185927
4.2048	0.185963
4.206	0.185999
4.2072	0.186035
4.2084	0.18607
4.2096	0.186106
4.2108	0.186142
4.212	0.186178
4.2132	0.186213
4.2144	0.186249
4.2156	0.186285
4.2168	0.18632
4.218	0.186356
4.2192	0.186392
4.2204	0.186427
4.2216	0.186463
4.2228	0.186498
4.224	0.186534
4.2252	0.186569
4.2264	0.186605
4.2276	0.18664
4.2288	0.186676
4.23	0.186711
4.2312	0.186747
4.2324	0.186782
4.2336	0.186818
4.2348	0.186853
4.236	0.186888
4.2372	0.186924
4.2384	0.186959
4.2396	0.186995
4.2408	0.18703
4.242	0.187065
4.2432	0.1871
4.2444	0.187136
4.2456	0.187171
4.2468	0.187206
4.248	0.187241
4.2492	0.187277
4.2504	0.187312
4.2516	0.187347
4.2528	0.187382
4.254	0.187417
4.2552	0.187453
4.2564	0.187488
4.2576	0.187523
4.2588	0.187558
4.26	0.187593
4.2612	0.187628
4.2624	0.187663
4.2636	0.187698
4.2648	0.187733
4.266	0.187768
4.2672	0.187803
4.2684	0.187838
4.2696	0.187873
4.2708	0.187908
4.272	0.187943
4.2732	0.187977
4.2744	0.188012
4.2756	0.188047
4.2768	0.188082
4.278	0.188117
4.2792	0.188152
4.2804	0.188186
4.2816	0.188221
4.2828	0.188256
4.284	0.188291
4.2852	0.188325
4.2864	0.18836
4.2876	0.188395
4.2888	0.188429
4.29	0.188464
4.2912	0.188499
4.2924	0.188533
4.2936	0.188568
4.2948	0.188602
4.296	0.188637
4.2972	0.188671
4.2984	0.188706
4.2996	0.188741
4.3008	0.188775
4.302	0.188809
4.3032	0.188844
4.3044	0.188878
4.3056	0.188913
4.3068	0.188947
4.308	0.188982
4.3092	0.189016
4.3104	0.18905
4.3116	0.189085
4.3128	0.189119
4.314	0.189153
4.3152	0.189188
4.3164	0.189222
4.3176	0.189256
4.3188	0.18929
4.32	0.189325
4.3212	0.189359
4.3224	0.189393
4.3236	0.189427
4.3248	0.189461
4.326	0.189496
4.3272	0.18953
4.3284	0.189564
4.3296	0.189598
4.3308	0.189632
4.332	0.189666
4.3332	0.1897
4.3344	0.189734
4.3356	0.189768
4.3368	0.189802
4.338	0.189836
4.3392	0.18987
4.3404	0.189904
4.3416	0.189938
4.3428	0.189972
4.344	0.190006
4.3452	0.19004
4.3464	0.190073
4.3476	0.190107
4.3488	0.190141
4.35	0.190175
4.3512	0.190209
4.3524	0.190243
4.3536	0.190276
4.3548	0.19031
4.356	0.190344
4.3572	0.190378
4.3584	0.190411
4.3596	0.190445
4.3608	0.190479
4.362	0.190512
4.3632	0.190546
4.3644	0.190579
4.3656	0.190613
4.3668	0.190647
4.368	0.19068
4.3692	0.190714
4.3704	0.190747
4.3716	0.190781
4.3728	0.190814
4.374	0.190848
4.3752	0.190881
4.3764	0.190915
4.3776	0.190948
4.3788	0.190981
4.38	0.191015
4.3812	0.191048
4.3824	0.191082
4.3836	0.191115
4.3848	0.191148
4.386	0.191182
4.3872	0.191215
4.3884	0.191248
4.3896	0.191281
4.3908	0.191315
4.392	0.191348
4.3932	0.191381
4.3944	0.191414
4.3956	0.191447
4.3968	0.191481
4.398	0.191514
4.3992	0.191547
4.4004	0.19158
4.4016	0.191613
4.4028	0.191646
4.404	0.191679
4.4052	0.191712
4.4064	0.191745
4.4076	0.191778
4.4088	0.191811
4.41	0.191844
4.4112	0.191877
4.4124	0.19191
4.4136	0.191943
4.4148	0.191976
4.416	0.192009
4.4172	0.192042
4.4184	0.192075
4.4196	0.192107
4.4208	0.19214
4.422	0.192173
4.4232	0.192206
4.4244	0.192239
4.4256	0.192271
4.4268	0.192304
4.428	0.192337
4.4292	0.19237
4.4304	0.192402
4.4316	0.192435
4.4328	0.192468
4.434	0.1925
4.4352	0.192533
4.4364	0.192565
4.4376	0.192598
4.4388	0.192631
4.44	0.192663
4.4412	0.192696
4.4424	0.192728
4.4436	0.192761
4.4448	0.192793
4.446	0.192826
4.4472	0.192858
4.4484	0.192891
4.4496	0.192923
4.4508	0.192955
4.452	0.192988
4.4532	0.19302
4.4544	0.193053
4.4556	0.193085
4.4568	0.193117
4.458	0.193149
4.4592	0.193182
4.4604	0.193214
4.4616	0.193246
4.4628	0.193279
4.464	0.193311
4.4652	0.193343
4.4664	0.193375
4.4676	0.193407
4.4688	0.193439
4.47	0.193472
4.4712	0.193504
4.4724	0.193536
4.4736	0.193568
4.4748	0.1936
4.476	0.193632
4.4772	0.193664
4.4784	0.193696
4.4796	0.193728
4.4808	0.19376
4.482	0.193792
4.4832	0.193824
4.4844	0.193856
4.4856	0.193888
4.4868	0.19392
4.488	0.193952
4.4892	0.193983
4.4904	0.194015
4.4916	0.194047
4.4928	0.194079
4.494	0.194111
4.4952	0.194143
4.4964	0.194174
4.4976	0.194206
4.4988	0.194238
4.5	0.19427
4.5012	0.194301
4.5024	0.194333
4.5036	0.194365
4.5048	0.194396
4.506	0.194428
4.5072	0.194459
4.5084	0.194491
4.5096	0.194523
4.5108	0.194554
4.512	0.194586
4.5132	0.194617
4.5144	0.194649
4.5156	0.19468
4.5168	0.194712
4.518	0.194743
4.5192	0.194775
4.5204	0.194806
4.5216	0.194838
4.5228	0.194869
4.524	0.1949
4.5252	0.194932
4.5264	0.194963
4.5276	0.194994
4.5288	0.195026
4.53	0.195057
4.5312	0.195088
4.5324	0.195119
4.5336	0.195151
4.5348	0.195182
4.536	0.195213
4.5372	0.195244
4.5384	0.195276
4.5396	0.195307
4.5408	0.195338
4.542	0.195369
4.5432	0.1954
4.5444	0.195431
4.5456	0.195462
4.5468	0.195493
4.548	0.195524
4.5492	0.195555
4.5504	0.195586
4.5516	0.195617
4.5528	0.195648
4.554	0.195679
4.5552	0.19571
4.5564	0.195741
4.5576	0.195772
4.5588	0.195803
4.56	0.195834
4.5612	0.195865
4.5624	0.195896
4.5636	0.195926
4.5648	0.195957
4.566	0.195988
4.5672	0.196019
4.5684	0.19605
4.5696	0.19608
4.5708	0.196111
4.572	0.196142
4.5732	0.196172
4.5744	0.196203
4.5756	0.196234
4.5768	0.196264
4.578	0.196295
4.5792	0.196326
4.5804	0.196356
4.5816	0.196387
4.5828	0.196417
4.584	0.196448
4.5852	0.196478
4.5864	0.196509
4.5876	0.196539
4.5888	0.19657
4.59	0.1966
4.5912	0.196631
4.5924	0.196661
4.5936	0.196692
4.5948	0.196722
4.596	0.196752
4.5972	0.196783
4.5984	0.196813
4.5996	0.196843
4.6008	0.196874
4.602	0.196904
4.6032	0.196934
4.6044	0.196964
4.6056	0.196995
4.6068	0.197025
4.608	0.197055
4.6092	0.197085
4.6104	0.197115
4.6116	0.197146
4.6128	0.197176
4.614	0.197206
4.6152	0.197236
4.6164	0.197266
4.6176	0.197296
4.6188	0.197326
4.62	0.197356
4.6212	0.197386
4.6224	0.197416
4.6236	0.197446
4.6248	0.197476
4.626	0.197506
4.6272	0.197536
4.6284	0.197566
4.6296	0.197596
4.6308	0.197626
4.632	0.197656
4.6332	0.197686
4.6344	0.197715
4.6356	0.197745
4.6368	0.197775
4.638	0.197805
4.6392	0.197835
4.6404	0.197864
4.6416	0.197894
4.6428	0.197924
4.644	0.197953
4.6452	0.197983
4.6464	0.198013
4.6476	0.198042
4.6488	0.198072
4.65	0.198102
4.6512	0.198131
4.6524	0.198161
4.6536	0.19819
4.6548	0.19822
4.656	0.19825
4.6572	0.198279
4.6584	0.198309
4.6596	0.198338
4.6608	0.198367
4.662	0.198397
4.6632	0.198426
4.6644	0.198456
4.6656	0.198485
4.6668	0.198515
4.668	0.198544
4.6692	0.198573
4.6704	0.198603
4.6716	0.198632
4.6728	0.198661
4.674	0.198691
4.6752	0.19872
4.6764	0.198749
4.6776	0.198778
4.6788	0.198807
4.68	0.198837
4.6812	0.198866
4.6824	0.198895
4.6836	0.198924
4.6848	0.198953
4.686	0.198982
4.6872	0.199012
4.6884	0.199041
4.6896	0.19907
4.6908	0.199099
4.692	0.199128
4.6932	0.199157
4.6944	0.199186
4.6956	0.199215
4.6968	0.199244
4.698	0.199273
4.6992	0.199302
4.7004	0.199331
4.7016	0.199359
4.7028	0.199388
4.704	0.199417
4.7052	0.199446
4.7064	0.199475
4.7076	0.199504
4.7088	0.199532
4.71	0.199561
4.7112	0.19959
4.7124	0.199619
4.7136	0.199647
4.7148	0.199676
4.716	0.199705
4.7172	0.199734
4.7184	0.199762
4.7196	0.199791
4.7208	0.19982
4.722	0.199848
4.7232	0.199877
4.7244	0.199905
4.7256	0.199934
4.7268	0.199962
4.728	0.199991
4.7292	0.200019
4.7304	0.200048
4.7316	0.200076
4.7328	0.200105
4.734	0.200133
4.7352	0.200162
4.7364	0.20019
4.7376	0.200219
4.7388	0.200247
4.74	0.200275
4.7412	0.200304
4.7424	0.200332
4.7436	0.20036
4.7448	0.200389
4.746	0.200417
4.7472	0.200445
4.7484	0.200473
4.7496	0.200502
4.7508	0.20053
4.752	0.200558
4.7532	0.200586
4.7544	0.200614
4.7556	0.200643
4.7568	0.200671
4.758	0.200699
4.7592	0.200727
4.7604	0.200755
4.7616	0.200783
4.7628	0.200811
4.764	0.200839
4.7652	0.200867
4.7664	0.200895
4.7676	0.200923
4.7688	0.200951
4.77	0.200979
4.7712	0.201007
4.7724	0.201035
4.7736	0.201063
4.7748	0.201091
4.776	0.201119
4.7772	0.201147
4.7784	0.201174
4.7796	0.201202
4.7808	0.20123
4.782	0.201258
4.7832	0.201286
4.7844	0.201313
4.7856	0.201341
4.7868	0.201369
4.788	0.201396
4.7892	0.201424
4.7904	0.201452
4.7916	0.201479
4.7928	0.201507
4.794	0.201535
4.7952	0.201562
4.7964	0.20159
4.7976	0.201617
4.7988	0.201645
4.8	0.201673
4.8012	0.2017
4.8024	0.201728
4.8036	0.201755
4.8048	0.201783
4.806	0.20181
4.8072	0.201837
4.8084	0.201865
4.8096	0.201892
4.8108	0.20192
4.812	0.201947
4.8132	0.201974
4.8144	0.202002
4.8156	0.202029
4.8168	0.202056
4.818	0.202084
4.8192	0.202111
4.8204	0.202138
4.8216	0.202165
4.8228	0.202193
4.824	0.20222
4.8252	0.202247
4.8264	0.202274
4.8276	0.202301
4.8288	0.202329
4.83	0.202356
4.8312	0.202383
4.8324	0.20241
4.8336	0.202437
4.8348	0.202464
4.836	0.202491
4.8372	0.202518
4.8384	0.202545
4.8396	0.202572
4.8408	0.202599
4.842	0.202626
4.8432	0.202653
4.8444	0.20268
4.8456	0.202707
4.8468	0.202734
4.848	0.202761
4.8492	0.202787
4.8504	0.202814
4.8516	0.202841
4.8528	0.202868
4.854	0.202895
4.8552	0.202921
4.8564	0.202948
4.8576	0.202975
4.8588	0.203002
4.86	0.203028
4.8612	0.203055
4.8624	0.203082
4.8636	0.203108
4.8648	0.203135
4.866	0.203162
4.8672	0.203188
4.8684	0.203215
4.8696	0.203242
4.8708	0.203268
4.872	0.203295
4.8732	0.203321
4.8744	0.203348
4.8756	0.203374
4.8768	0.203401
4.878	0.203427
4.8792	0.203454
4.8804	0.20348
4.8816	0.203507
4.8828	0.203533
4.884	0.203559
4.8852	0.203586
4.8864	0.203612
4.8876	0.203638
4.8888	0.203665
4.89	0.203691
4.8912	0.203717
4.8924	0.203744
4.8936	0.20377
4.8948	0.203796
4.896	0.203822
4.8972	0.203849
4.8984	0.203875
4.8996	0.203901
4.9008	0.203927
4.902	0.203953
4.9032	0.203979
4.9044	0.204005
4.9056	0.204032
4.9068	0.204058
4.908	0.204084
4.9092	0.20411
4.9104	0.204136
4.9116	0.204162
4.9128	0.204188
4.914	0.204214
4.9152	0.20424
4.9164	0.204266
4.9176	0.204292
4.9188	0.204317
4.92	0.204343
4.9212	0.204369
4.9224	0.204395
4.9236	0.204421
4.9248	0.204447
4.926	0.204473
4.9272	0.204498
4.9284	0.204524
4.9296	0.20455
4.9308	0.204576
4.932	0.204601
4.9332	0.204627
4.9344	0.204653
4.9356	0.204679
4.9368	0.204704
4.938	0.20473
4.9392	0.204756
4.9404	0.204781
4.9416	0.204807
4.9428	0.204832
4.944	0.204858
4.9452	0.204884
4.9464	0.204909
4.9476	0.204935
4.9488	0.20496
4.95	0.204986
4.9512	0.205011
4.9524	0.205037
4.9536	0.205062
4.9548	0.205087
4.956	0.205113
4.9572	0.205138
4.9584	0.205164
4.9596	0.205189
4.9608	0.205214
4.962	0.20524
4.9632	0.205265
4.9644	0.20529
4.9656	0.205316
4.9668	0.205341
4.968	0.205366
4.9692	0.205391
4.9704	0.205417
4.9716	0.205442
4.9728	0.205467
4.974	0.205492
4.9752	0.205517
4.9764	0.205542
4.9776	0.205568
4.9788	0.205593
4.98	0.205618
4.9812	0.205643
4.9824	0.205668
4.9836	0.205693
4.9848	0.205718
4.986	0.205743
4.9872	0.205768
4.9884	0.205793
4.9896	0.205818
4.9908	0.205843
4.992	0.205868
4.9932	0.205893
4.9944	0.205918
4.9956	0.205942
4.9968	0.205967
4.998	0.205992
4.9992	0.206017
5.0004	0.206042
5.0016	0.206067
5.0028	0.206091
5.004	0.206116
5.0052	0.206141
5.0064	0.206166
5.0076	0.20619
5.0088	0.206215
5.01	0.20624
5.0112	0.206264
5.0124	0.206289
5.0136	0.206314
5.0148	0.206338
5.016	0.206363
5.0172	0.206388
5.0184	0.206412
5.0196	0.206437
5.0208	0.206461
5.022	0.206486
5.0232	0.20651
5.0244	0.206535
5.0256	0.206559
5.0268	0.206584
5.028	0.206608
5.0292	0.206633
5.0304	0.206657
5.0316	0.206681
5.0328	0.206706
5.034	0.20673
5.0352	0.206755
5.0364	0.206779
5.0376	0.206803
5.0388	0.206828
5.04	0.206852
5.0412	0.206876
5.0424	0.2069
5.0436	0.206925
5.0448	0.206949
5.046	0.206973
5.0472	0.206997
5.0484	0.207021
5.0496	0.207046
5.0508	0.20707
5.052	0.207094
5.0532	0.207118
5.0544	0.207142
5.0556	0.207166
5.0568	0.20719
5.058	0.207214
5.0592	0.207238
5.0604	0.207262
5.0616	0.207286
5.0628	0.20731
5.064	0.207334
5.0652	0.207358
5.0664	0.207382
5.0676	0.207406
5.0688	0.20743
5.07	0.207454
5.0712	0.207478
5.0724	0.207502
5.0736	0.207526
5.0748	0.207549
5.076	0.207573
5.0772	0.207597
5.0784	0.207621
5.0796	0.207645
5.0808	0.207668
5.082	0.207692
5.0832	0.207716
5.0844	0.20774
5.0856	0.207763
5.0868	0.207787
5.088	0.207811
5.0892	0.207834
5.0904	0.207858
5.0916	0.207881
5.0928	0.207905
5.094	0.207929
5.0952	0.207952
5.0964	0.207976
5.0976	0.207999
5.0988	0.208023
5.1	0.208046
5.1012	0.20807
5.1024	0.208093
5.1036	0.208117
5.1048	0.20814
5.106	0.208164
5.1072	0.208187
5.1084	0.20821
5.1096	0.208234
5.1108	0.208257
5.112	0.20828
5.1132	0.208304
5.1144	0.208327
5.1156	0.20835
5.1168	0.208374
5.118	0.208397
5.1192	0.20842
5.1204	0.208443
5.1216	0.208467
5.1228	0.20849
5.124	0.208513
5.1252	0.208536
5.1264	0.208559
5.1276	0.208583
5.1288	0.208606
5.13	0.208629
5.1312	0.208652
5.1324	0.208675
5.1336	0.208698
5.1348	0.208721
5.136	0.208744
5.1372	0.208767
5.1384	0.20879
5.1396	0.208813
5.1408	0.208836
5.142	0.208859
5.1432	0.208882
5.1444	0.208905
5.1456	0.208928
5.1468	0.208951
5.148	0.208974
5.1492	0.208996
5.1504	0.209019
5.1516	0.209042
5.1528	0.209065
5.154	0.209088
5.1552	0.209111
5.1564	0.209133
5.1576	0.209156
5.1588	0.209179
5.16	0.209202
5.1612	0.209224
5.1624	0.209247
5.1636	0.20927
5.1648	0.209292
5.166	0.209315
5.1672	0.209338
5.1684	0.20936
5.1696	0.209383
5.1708	0.209405
5.172	0.209428
5.1732	0.20945
5.1744	0.209473
5.1756	0.209496
5.1768	0.209518
5.178	0.209541
5.1792	0.209563
5.1804	0.209585
5.1816	0.209608
5.1828	0.20963
5.184	0.209653
5.1852	0.209675
5.1864	0.209698
5.1876	0.20972
5.1888	0.209742
5.19	0.209765
5.1912	0.209787
5.1924	0.209809
5.1936	0.209832
5.1948	0.209854
5.196	0.209876
5.1972	0.209898
5.1984	0.209921
5.1996	0.209943
5.2008	0.209965
5.202	0.209987
5.2032	0.210009
5.2044	0.210031
5.2056	0.210054
5.2068	0.210076
5.208	0.210098
5.2092	0.21012
5.2104	0.210142
5.2116	0.210164
5.2128	0.210186
5.214	0.210208
5.2152	0.21023
5.2164	0.210252
5.2176	0.210274
5.2188	0.210296
5.22	0.210318
5.2212	0.21034
5.2224	0.210362
5.2236	0.210384
5.2248	0.210406
5.226	0.210428
5.2272	0.21045
5.2284	0.210471
5.2296	0.210493
5.2308	0.210515
5.232	0.210537
5.2332	0.210559
5.2344	0.21058
5.2356	0.210602
5.2368	0.210624
5.238	0.210646
5.2392	0.210667
5.2404	0.210689
5.2416	0.210711
5.2428	0.210732
5.244	0.210754
5.2452	0.210776
5.2464	0.210797
5.2476	0.210819
5.2488	0.21084
5.25	0.210862
5.2512	0.210884
5.2524	0.210905
5.2536	0.210927
5.2548	0.210948
5.256	0.21097
5.2572	0.210991
5.2584	0.211013
5.2596	0.211034
5.2608	0.211056
5.262	0.211077
5.2632	0.211098
5.2644	0.21112
5.2656	0.211141
5.2668	0.211163
5.268	0.211184
5.2692	0.211205
5.2704	0.211227
5.2716	0.211248
5.2728	0.211269
5.274	0.21129
5.2752	0.211312
5.2764	0.211333
5.2776	0.211354
5.2788	0.211375
5.28	0.211397
5.2812	0.211418
5.2824	0.211439
5.2836	0.21146
5.2848	0.211481
5.286	0.211502
5.2872	0.211523
5.2884	0.211545
5.2896	0.211566
5.2908	0.211587
5.292	0.211608
5.2932	0.211629
5.2944	0.21165
5.2956	0.211671
5.2968	0.211692
5.298	0.211713
5.2992	0.211734
5.3004	0.211755
5.3016	0.211776
5.3028	0.211797
5.304	0.211817
5.3052	0.211838
5.3064	0.211859
5.3076	0.21188
5.3088	0.211901
5.31	0.211922
5.3112	0.211943
5.3124	0.211963
5.3136	0.211984
5.3148	0.212005
5.316	0.212026
5.3172	0.212046
5.3184	0.212067
5.3196	0.212088
5.3208	0.212108
5.322	0.212129
5.3232	0.21215
5.3244	0.21217
5.3256	0.212191
5.3268	0.212212
5.328	0.212232
5.3292	0.212253
5.3304	0.212273
5.3316	0.212294
5.3328	0.212315
5.334	0.212335
5.3352	0.212356
5.3364	0.212376
5.3376	0.212397
5.3388	0.212417
5.34	0.212438
5.3412	0.212458
5.3424	0.212478
5.3436	0.212499
5.3448	0.212519
5.346	0.21254
5.3472	0.21256
5.3484	0.21258
5.3496	0.212601
5.3508	0.212621
5.352	0.212641
5.3532	0.212662
5.3544	0.212682
5.3556	0.212702
5.3568	0.212722
5.358	0.212743
5.3592	0.212763
5.3604	0.212783
5.3616	0.212803
5.3628	0.212823
5.364	0.212844
5.3652	0.212864
5.3664	0.212884
5.3676	0.212904
5.3688	0.212924
5.37	0.212944
5.3712	0.212964
5.3724	0.212984
5.3736	0.213004
5.3748	0.213024
5.376	0.213044
5.3772	0.213064
5.3784	0.213084
5.3796	0.213104
5.3808	0.213124
5.382	0.213144
5.3832	0.213164
5.3844	0.213184
5.3856	0.213204
5.3868	0.213224
5.388	0.213244
5.3892	0.213264
5.3904	0.213283
5.3916	0.213303
5.3928	0.213323
5.394	0.213343
5.3952	0.213363
5.3964	0.213382
5.3976	0.213402
5.3988	0.213422
5.4	0.213442
5.4012	0.213461
5.4024	0.213481
5.4036	0.213501
5.4048	0.21352
5.406	0.21354
5.4072	0.21356
5.4084	0.213579
5.4096	0.213599
5.4108	0.213619
5.412	0.213638
5.4132	0.213658
5.4144	0.213677
5.4156	0.213697
5.4168	0.213716
5.418	0.213736
5.4192	0.213755
5.4204	0.213775
5.4216	0.213794
5.4228	0.213814
5.424	0.213833
5.4252	0.213853
5.4264	0.213872
5.4276	0.213891
5.4288	0.213911
5.43	0.21393
5.4312	0.213949
5.4324	0.213969
5.4336	0.213988
5.4348	0.214007
5.436	0.214027
5.4372	0.214046
5.4384	0.214065
5.4396	0.214085
5.4408	0.214104
5.442	0.214123
5.4432	0.214142
5.4444	0.214161
5.4456	0.214181
5.4468	0.2142
5.448	0.214219
5.4492	0.214238
5.4504	0.214257
5.4516	0.214276
5.4528	0.214295
5.454	0.214314
5.4552	0.214334
5.4564	0.214353
5.4576	0.214372
5.4588	0.214391
5.46	0.21441
5.4612	0.214429
5.4624	0.214448
5.4636	0.214467
5.4648	0.214486
5.466	0.214504
5.4672	0.214523
5.4684	0.214542
5.4696	0.214561
5.4708	0.21458
5.472	0.214599
5.4732	0.214618
5.4744	0.214637
5.4756	0.214655
5.4768	0.214674
5.478	0.214693
5.4792	0.214712
5.4804	0.214731
5.4816	0.214749
5.4828	0.214768
5.484	0.214787
5.4852	0.214806
5.4864	0.214824
5.4876	0.214843
5.4888	0.214862
5.49	0.21488
5.4912	0.214899
5.4924	0.214918
5.4936	0.214936
5.4948	0.214955
5.496	0.214973
5.4972	0.214992
5.4984	0.21501
5.4996	0.215029
5.5008	0.215048
5.502	0.215066
5.5032	0.215085
5.5044	0.215103
5.5056	0.215122
5.5068	0.21514
5.508	0.215158
5.5092	0.215177
5.5104	0.215195
5.5116	0.215214
5.5128	0.215232
5.514	0.21525
5.5152	0.215269
5.5164	0.215287
5.5176	0.215306
5.5188	0.215324
5.52	0.215342
5.5212	0.21536
5.5224	0.215379
5.5236	0.215397
5.5248	0.215415
5.526	0.215433
5.5272	0.215452
5.5284	0.21547
5.5296	0.215488
5.5308	0.215506
5.532	0.215524
5.5332	0.215543
5.5344	0.215561
5.5356	0.215579
5.5368	0.215597
5.538	0.215615
5.5392	0.215633
5.5404	0.215651
5.5416	0.215669
5.5428	0.215687
5.544	0.215705
5.5452	0.215723
5.5464	0.215741
5.5476	0.215759
5.5488	0.215777
5.55	0.215795
5.5512	0.215813
5.5524	0.215831
5.5536	0.215849
5.5548	0.215867
5.556	0.215885
5.5572	0.215903
5.5584	0.215921
5.5596	0.215938
5.5608	0.215956
5.562	0.215974
5.5632	0.215992
5.5644	0.21601
5.5656	0.216028
5.5668	0.216045
5.568	0.216063
5.5692	0.216081
5.5704	0.216099
5.5716	0.216116
5.5728	0.216134
5.574	0.216152
5.5752	0.216169
5.5764	0.216187
5.5776	0.216205
5.5788	0.216222
5.58	0.21624
5.5812	0.216257
5.5824	0.216275
5.5836	0.216293
5.5848	0.21631
5.586	0.216328
5.5872	0.216345
5.5884	0.216363
5.5896	0.21638
5.5908	0.216398
5.592	0.216415
5.5932	0.216433
5.5944	0.21645
5.5956	0.216468
5.5968	0.216485
5.598	0.216503
5.5992	0.21652
5.6004	0.216537
5.6016	0.216555
5.6028	0.216572
5.604	0.216589
5.6052	0.216607
5.6064	0.216624
5.6076	0.216641
5.6088	0.216659
5.61	0.216676
5.6112	0.216693
5.6124	0.21671
5.6136	0.216728
5.6148	0.216745
5.616	0.216762
5.6172	0.216779
5.6184	0.216796
5.6196	0.216814
5.6208	0.216831
5.622	0.216848
5.6232	0.216865
5.6244	0.216882
5.6256	0.216899
5.6268	0.216916
5.628	0.216934
5.6292	0.216951
5.6304	0.216968
5.6316	0.216985
5.6328	0.217002
5.634	0.217019
5.6352	0.217036
5.6364	0.217053
5.6376	0.21707
5.6388	0.217087
5.64	0.217104
5.6412	0.21712
5.6424	0.217137
5.6436	0.217154
5.6448	0.217171
5.646	0.217188
5.6472	0.217205
5.6484	0.217222
5.6496	0.217239
5.6508	0.217255
5.652	0.217272
5.6532	0.217289
5.6544	0.217306
5.6556	0.217323
5.6568	0.217339
5.658	0.217356
5.6592	0.217373
5.6604	0.21739
5.6616	0.217406
5.6628	0.217423
5.664	0.21744
5.6652	0.217456
5.6664	0.217473
5.6676	0.21749
5.6688	0.217506
5.67	0.217523
5.6712	0.217539
5.6724	0.217556
5.6736	0.217573
5.6748	0.217589
5.676	0.217606
5.6772	0.217622
5.6784	0.217639
5.6796	0.217655
5.6808	0.217672
5.682	0.217688
5.6832	0.217705
5.6844	0.217721
5.6856	0.217738
5.6868	0.217754
5.688	0.217771
5.6892	0.217787
5.6904	0.217803
5.6916	0.21782
5.6928	0.217836
5.694	0.217852
5.6952	0.217869
5.6964	0.217885
5.6976	0.217901
5.6988	0.217918
5.7	0.217934
5.7012	0.21795
5.7024	0.217967
5.7036	0.217983
5.7048	0.217999
5.706	0.218015
5.7072	0.218031
5.7084	0.218048
5.7096	0.218064
5.7108	0.21808
5.712	0.218096
5.7132	0.218112
5.7144	0.218128
5.7156	0.218145
5.7168	0.218161
5.718	0.218177
5.7192	0.218193
5.7204	0.218209
5.7216	0.218225
5.7228	0.218241
5.724	0.218257
5.7252	0.218273
5.7264	0.218289
5.7276	0.218305
5.7288	0.218321
5.73	0.218337
5.7312	0.218353
5.7324	0.218369
5.7336	0.218385
5.7348	0.218401
5.736	0.218417
5.7372	0.218432
5.7384	0.218448
5.7396	0.218464
5.7408	0.21848
5.742	0.218496
5.7432	0.218512
5.7444	0.218528
5.7456	0.218543
5.7468	0.218559
5.748	0.218575
5.7492	0.218591
5.7504	0.218606
5.7516	0.218622
5.7528	0.218638
5.754	0.218654
5.7552	0.218669
5.7564	0.218685
5.7576	0.218701
5.7588	0.218716
5.76	0.218732
5.7612	0.218748
5.7624	0.218763
5.7636	0.218779
5.7648	0.218794
5.766	0.21881
5.7672	0.218825
5.7684	0.218841
5.7696	0.218857
5.7708	0.218872
5.772	0.218888
5.7732	0.218903
5.7744	0.218919
5.7756	0.218934
5.7768	0.21895
5.778	0.218965
5.7792	0.21898
5.7804	0.218996
5.7816	0.219011
5.7828	0.219027
5.784	0.219042
5.7852	0.219058
5.7864	0.219073
5.7876	0.219088
5.7888	0.219104
5.79	0.219119
5.7912	0.219134
5.7924	0.21915
5.7936	0.219165
5.7948	0.21918
5.796	0.219195
5.7972	0.219211
5.7984	0.219226
5.7996	0.219241
5.8008	0.219256
5.802	0.219272
5.8032	0.219287
5.8044	0.219302
5.8056	0.219317
5.8068	0.219332
5.808	0.219347
5.8092	0.219362
5.8104	0.219378
5.8116	0.219393
5.8128	0.219408
5.814	0.219423
5.8152	0.219438
5.8164	0.219453
5.8176	0.219468
5.8188	0.219483
5.82	0.219498
5.8212	0.219513
5.8224	0.219528
5.8236	0.219543
5.8248	0.219558
5.826	0.219573
5.8272	0.219588
5.8284	0.219603
5.8296	0.219618
5.8308	0.219633
5.832	0.219648
5.8332	0.219662
5.8344	0.219677
5.8356	0.219692
5.8368	0.219707
5.838	0.219722
5.8392	0.219737
5.8404	0.219752
5.8416	0.219766
5.8428	0.219781
5.844	0.219796
5.8452	0.219811
5.8464	0.219825
5.8476	0.21984
5.8488	0.219855
5.85	0.21987
5.8512	0.219884
5.8524	0.219899
5.8536	0.219914
5.8548	0.219928
5.856	0.219943
5.8572	0.219958
5.8584	0.219972
5.8596	0.219987
5.8608	0.220001
5.862	0.220016
5.8632	0.220031
5.8644	0.220045
5.8656	0.22006
5.8668	0.220074
5.868	0.220089
5.8692	0.220103
5.8704	0.220118
5.8716	0.220132
5.8728	0.220147
5.874	0.220161
5.8752	0.220176
5.8764	0.22019
5.8776	0.220205
5.8788	0.220219
5.88	0.220233
5.8812	0.220248
5.8824	0.220262
5.8836	0.220276
5.8848	0.220291
5.886	0.220305
5.8872	0.22032
5.8884	0.220334
5.8896	0.220348
5.8908	0.220362
5.892	0.220377
5.8932	0.220391
5.8944	0.220405
5.8956	0.22042
5.8968	0.220434
5.898	0.220448
5.8992	0.220462
5.9004	0.220476
5.9016	0.220491
5.9028	0.220505
5.904	0.220519
5.9052	0.220533
5.9064	0.220547
5.9076	0.220561
5.9088	0.220576
5.91	0.22059
5.9112	0.220604
5.9124	0.220618
5.9136	0.220632
5.9148	0.220646
5.916	0.22066
5.9172	0.220674
5.9184	0.220688
5.9196	0.220702
5.9208	0.220716
5.922	0.22073
5.9232	0.220744
5.9244	0.220758
5.9256	0.220772
5.9268	0.220786
5.928	0.2208
5.9292	0.220814
5.9304	0.220828
5.9316	0.220842
5.9328	0.220855
5.934	0.220869
5.9352	0.220883
5.9364	0.220897
5.9376	0.220911
5.9388	0.220925
5.94	0.220938
5.9412	0.220952
5.9424	0.220966
5.9436	0.22098
5.9448	0.220994
5.946	0.221007
5.9472	0.221021
5.9484	0.221035
5.9496	0.221049
5.9508	0.221062
5.952	0.221076
5.9532	0.22109
5.9544	0.221103
5.9556	0.221117
5.9568	0.221131
5.958	0.221144
5.9592	0.221158
5.9604	0.221171
5.9616	0.221185
5.9628	0.221199
5.964	0.221212
5.9652	0.221226
5.9664	0.221239
5.9676	0.221253
5.9688	0.221266
5.97	0.22128
5.9712	0.221293
5.9724	0.221307
5.9736	0.22132
5.9748	0.221334
5.976	0.221347
5.9772	0.221361
5.9784	0.221374
5.9796	0.221388
5.9808	0.221401
5.982	0.221415
5.9832	0.221428
5.9844	0.221441
5.9856	0.221455
5.9868	0.221468
5.988	0.221481
5.9892	0.221495
5.9904	0.221508
5.9916	0.221521
5.9928	0.221535
5.994	0.221548
5.9952	0.221561
5.9964	0.221575
5.9976	0.221588
5.9988	0.221601
6	0.221614
