1.77034980863 -2 1.55786582691 -1.63539853389 0.489124952756 0.700637915521
1.8432278434 -2 1.65095555727 -1.55490368361 0.527232648972 0.774260082688
2.31646863451 -2 2.111488863 -1.18801743257 0.742228551632 0.995980314145
2.33512630927 -2 2.12461732187 -1.17880722734 0.749420601713 0.99675331106
2.45692219066 -2 2.20147396139 -1.12787420002 0.793737554925 0.989148921436
2.48579163325 -2 2.21738513998 -1.1181061987 0.80355789165 0.98427802726
2.62338254656 -2 2.28212553552 -1.08323029942 0.846633094245 0.946207313689
2.66057751736 -2 2.29667046096 -1.07702740239 0.857195829674 0.931953832055
2.67432180343 -2 2.30168639776 -1.07508013763 0.860980237082 0.926285277356
2.68771619993 -2 2.30648324506 -1.0733499693 0.864606279507 0.920556886284
2.69564571163 -2 2.30913901343 -1.07241867888 0.866723958929 0.917071811745
2.6958551585 -2 2.30932567272 -1.07238216675 0.86677960205 0.916978819025
2.77642195416 -2 2.33401733568 -1.06622346033 0.887058427072 0.877727909601
2.79288973227 -2 2.33840004202 -1.06570937885 0.890924820892 0.868879019416
2.80088896053 -2 2.3404300048 -1.06555172032 0.892768503923 0.864483224184
2.82161402402 -2 2.34570411676 -1.06538758961 0.897440201192 0.852802674018
2.83820738572 -2 2.34958048935 -1.06554813749 0.901070880305 0.843152475865
2.84523511219 -2 2.35111319527 -1.06569577654 0.902579066399 0.838986719251
2.84993723142 -2 2.35217445806 -1.06581312511 0.903578342061 0.836173637934
2.86424727594 -2 2.35524638291 -1.06629774705 0.906570906898 0.827486269207
2.87842567569 -2 2.35816349461 -1.06695479597 0.909463688495 0.818693722649
2.91838323924 -2 2.3656577829 -1.06975138964 0.917227288959 0.792949289534
2.99775736577 -2 2.37775182884 -1.07933616389 0.930931310668 0.737801677072
3.02880159727 -2 2.38166035648 -1.0844957907 0.935663393262 0.714870799861
3.03939363638 -2 2.3826949843 -1.08645593229 0.937196594997 0.70688077585
3.04759783229 -2 2.38362616855 -1.08801818319 0.938355630982 0.700635176694
3.05192664923 -2 2.38411577944 -1.08886303819 0.938957130083 0.69731999957
3.06671367828 -2 2.38565921802 -1.09186876676 0.940959390877 0.68589372374
3.08083304238 -2 2.38693710083 -1.09491200826 0.942795405975 0.674838638903
3.10046009441 -2 2.38878417193 -1.09937962613 0.945224227086 0.659241611893
3.1095014817 -2 2.38955679887 -1.10154144965 0.946294694332 0.651968673979
3.11363412366 -2 2.38981312372 -1.10256000776 0.946773802978 0.648626159874
3.14177250774 -2 2.3920478052 -1.10977234031 0.949865814551 0.625570225247
3.18230002403 -2 2.39463010381 -1.12123095734 0.953795993666 0.591484292455
3.30681810541 -2 2.40132303146 -1.16376223233 0.961975458012 0.480900005387
3.3131140677 -2 2.40166738028 -1.16619291238 0.962231888011 0.47509588241
3.33652743523 -2 2.40288319941 -1.17547073412 0.963052080965 0.45334841522
3.33763982571 -2 2.40280330456 -1.17593551515 0.963085811356 0.452308901802
3.35191143561 -2 2.40352343072 -1.1817813727 0.963476362045 0.438923097996
3.35515579443 -2 2.40385764054 -1.18311046078 0.963554217295 0.435867538116
3.3694538057 -2 2.40440117184 -1.18915062974 0.963849050381 0.422347283443
3.37171981058 -2 2.40467352918 -1.19009990936 0.963888548203 0.4201965278
3.40553697876 -2 2.40633910826 -1.20492129175 0.964242692851 0.387847961544
3.40645287465 -2 2.40657241291 -1.20531249742 0.964246144094 0.38696546266
3.44119637405 -2 2.40848293377 -1.22129914793 0.964137529297 0.353253104017
3.44469822014 -2 2.40876182382 -1.2229433463 0.964100665492 0.349830471394
3.45981080518 -2 2.40973661172 -1.23015186095 0.963887078222 0.335010007638
3.47079374606 -2 2.41050135781 -1.23547365431 0.96367629973 0.324189921356
3.47430388468 -2 2.4108303333 -1.23718106698 0.963599068301 0.320723272039
3.48896379661 -2 2.411880877 -1.24442916514 0.96322482476 0.306201291138
3.50917349196 -2 2.41339732629 -1.25462948141 0.962572062671 0.28606999715
3.51126158448 -2 2.41362202762 -1.25569017096 0.962495571779 0.283982867057
3.51791720477 -2 2.41418046382 -1.2591057722 0.962240451006 0.277321631427
3.5188040559 -2 2.41423351852 -1.25956523535 0.962205156089 0.276433043121
3.52359962437 -2 2.41466135362 -1.26204265847 0.962009003051 0.271624099705
3.52574461775 -2 2.41478260192 -1.26316287096 0.961918371198 0.269470965232
3.5278124682 -2 2.4150083616 -1.26423359692 0.961829304456 0.267394014361
3.53076166355 -2 2.41531396801 -1.26576690102 0.961699398151 0.264429728137
3.54714501159 -2 2.41674947386 -1.27440792185 0.960916115425 0.247918294208
3.57774043944 -2 2.4199047458 -1.29091955615 0.95917351335 0.216892871976
3.58974682911 -2 2.42128042988 -1.29753432917 0.958390021832 0.204654033512
3.59149578805 -2 2.42142328143 -1.29851114872 0.95827120229 0.20286836481
3.5949991145 -2 2.42188770392 -1.30045379799 0.958029608726 0.19928936974
3.61776138349 -2 2.42462241215 -1.31327922324 0.956343319306 0.17596836055
3.70990932552 -2 2.43844674865 -1.36789451017 0.947450644769 0.0805397319923
3.71842160709 -2 2.43995856431 -1.37315090047 0.94646191272 0.0716560782947
3.74541780764 -2 2.44503460625 -1.39004914888 0.943139077335 0.0434217623751
3.75623792631 -2 2.44720508844 -1.39691656911 0.941727412073 0.0320821113075
3.75742376057 -2 2.44748753405 -1.3976681434 0.941569921592 0.0308385998887
3.76998693964 -2 2.45007519618 -1.40572012075 0.939867699944 0.0176559478382
3.77538044454 -2 2.45126584623 -1.40919372649 0.939118020415 0.0119920132502
3.7958269861 -2 2.45583972062 -1.42249333449 0.936172947873 -0.00950158836072
3.79815603879 -2 2.45635155367 -1.42402304303 0.935827130125 -0.0119519174715
3.80477539689 -2 2.45790029263 -1.42837566585 0.934832737109 -0.0189179734573
3.80605799408 -2 2.45820312061 -1.42922136153 0.934638082729 -0.0202680810625
3.8075555481 -2 2.4585567002 -1.43020986122 0.934409993491 -0.021844591613
3.86327547457 -2 2.47295572309 -1.46766362755 0.925302142043 -0.0805798347035
3.86460737381 -2 2.47329843674 -1.46857812056 0.925069634539 -0.0819851065639
3.8703872649 -2 2.47494870102 -1.4725391197 0.924052649078 -0.0880837871255
3.89462669181 -2 2.4820174049 -1.48931344727 0.919646122986 -0.113664125504
3.89912847905 -2 2.48336486632 -1.49245662757 0.918802579818 -0.118415114756
3.91619468167 -2 2.48867283017 -1.50443966633 0.915533207965 -0.136424469812
3.93013256905 -2 2.49314821612 -1.51431457886 0.912779219861 -0.151128940341
3.95334292859 -2 2.50096831746 -1.53092350744 0.908025825457 -0.175602935478
3.9651561036 -2 2.50510885618 -1.53945642536 0.905526347782 -0.188050645752
3.97441749826 -2 2.50842413251 -1.54618395363 0.903528993306 -0.197804431301
3.98352280311 -2 2.51173309274 -1.55283128904 0.901532941353 -0.207388887345
3.98897609924 -2 2.51375638047 -1.5568261799 0.900322122898 -0.213126587856
3.99224726142 -2 2.5149885319 -1.55922703131 0.899590295599 -0.216567368604
4.00234540239 -2 2.518790276 -1.56666942891 0.89730504224 -0.22718418801
4.00642707744 -2 2.52039961442 -1.56968287656 0.896370161793 -0.2314732799
4.01308960822 -2 2.52298770524 -1.57462209473 0.894830333464 -0.238471443816
4.0136194529 -2 2.5231843872 -1.57501674032 0.894707141492 -0.239027818939
4.03560800673 -2 2.53195091674 -1.5914395578 0.889499177628 -0.262094796901
4.03793743932 -2 2.53291524452 -1.59318808067 0.888936535914 -0.264535731261
4.04593874218 -2 2.53624548943 -1.59921030984 0.886988015434 -0.272915719857
4.04715688756 -2 2.53673475044 -1.60013154957 0.886689204026 -0.274190917579
4.05980842471 -2 2.54207365209 -1.60970987708 0.88355201777 -0.287425186171
4.06048175063 -2 2.54236113339 -1.61022123675 0.883383328484 -0.288129009376
4.06481103895 -2 2.54420665675 -1.61351414406 0.882294542722 -0.292653097386
4.06534562495 -2 2.54449819239 -1.61391441082 0.882159598353 -0.293211581134
4.06814035323 -2 2.5456453031 -1.61604987583 0.881452343393 -0.296130675457
4.07939760334 -2 2.55061698661 -1.62464758209 0.878573116993 -0.307878970113
4.09872665573 -2 2.55930675031 -1.63951989801 0.873515960436 -0.328011946245
4.12292046525 -2 2.57061839888 -1.65831025077 0.866984326131 -0.353135798254
4.14293868056 -2 2.58028100612 -1.67400847345 0.861410818457 -0.373853329862
4.14785201134 -2 2.58270917473 -1.67788048011 0.86001946621 -0.378927932424
4.15898725633 -2 2.58830941964 -1.68668150608 0.856832143469 -0.390412850021
4.1651354135 -2 2.59143242167 -1.69155897801 0.855052078297 -0.396744412351
4.17213240669 -2 2.59493825721 -1.6971335691 0.853008753808 -0.403941531406
4.17382950899 -2 2.59582418538 -1.69848475912 0.852510345505 -0.405685770684
4.1810533603 -2 2.59959270606 -1.70424931761 0.850376585663 -0.413104027498
4.18735627123 -2 2.60283604758 -1.70930075029 0.848498659894 -0.419568171507
4.18993663854 -2 2.60423538994 -1.71136553456 0.847725500143 -0.42221225225
4.20217433625 -2 2.61079305316 -1.72120221377 0.844024312711 -0.434733565707
4.2032098471 -2 2.6113122497 -1.72204112248 0.843708526686 -0.435791646067
4.21428494153 -2 2.6173116652 -1.73099111008 0.84030571033 -0.447093841418
4.22527235766 -2 2.62331930052 -1.73991102923 0.836883986422 -0.458280157385
4.23713353144 -2 2.62994024876 -1.74957745715 0.833138972958 -0.470325577718
4.2371439948 -2 2.62994122029 -1.7495865366 0.833135645849 -0.470336189357
4.25376030421 -2 2.63938364797 -1.76319976423 0.827799982391 -0.487155445041
4.26152573381 -2 2.64393596667 -1.76958209513 0.825270787296 -0.494992960722
4.26941768024 -2 2.64846772514 -1.77610165282 0.822677161334 -0.502942909254
4.26984015933 -2 2.64865762326 -1.7764570344 0.822537657197 -0.503368053902
4.27577006229 -2 2.65226884375 -1.78134942873 0.820572511731 -0.509330603528
4.27627394858 -2 2.65255127748 -1.78176840153 0.820404917631 -0.509836851426
4.29215628116 -2 2.66190095469 -1.79497326988 0.815073628336 -0.525759924133
4.29252480971 -2 2.66218077081 -1.79527393592 0.814948801248 -0.526128612515
4.29982907088 -2 2.66658368694 -1.80136736168 0.812464236259 -0.533428559281
4.31522130383 -2 2.6760665028 -1.81424848259 0.807163250767 -0.548764259644
4.31926538597 -2 2.67852299719 -1.81765059759 0.80575582835 -0.552782606822
4.32287187686 -2 2.68077916488 -1.82068235691 0.804495554129 -0.556362264908
4.32542900103 -2 2.68236273178 -1.82283650689 0.803599041086 -0.558898130133
4.32845814788 -2 2.68433107743 -1.82538123193 0.802533888985 -0.56189968054
4.33143200954 -2 2.68612468697 -1.82789771218 0.80148485467 -0.564843888497
4.37044857715 -2 2.71108716621 -1.86104170816 0.787417526779 -0.603229215085
4.372560093 -2 2.712442603 -1.86284974827 0.786640140112 -0.605293361628
4.37883228432 -2 2.71669385386 -1.86820490246 0.784321223527 -0.611416607616
4.38290225652 -2 2.71931730871 -1.87170154328 0.782808727744 -0.615383287601
4.38487781601 -2 2.72057745288 -1.87340224413 0.782072360946 -0.617306810356
4.39130363436 -2 2.72488366297 -1.87892050862 0.779667260221 -0.623554724278
4.39237409018 -2 2.72551925084 -1.87984998511 0.779265124031 -0.624594251144
4.39338380915 -2 2.72626526627 -1.88071116941 0.778885417959 -0.625574456061
4.39368663008 -2 2.72646905985 -1.88097167421 0.778771468588 -0.625868361122
4.41314584327 -2 2.73959872048 -1.89777112259 0.771378385504 -0.644691558513
4.41324078412 -2 2.73959924063 -1.89786028674 0.771341973893 -0.644783088261
4.4282846582 -2 2.75000594309 -1.91090484245 0.765530617338 -0.659247936355
4.43976336983 -2 2.75790247885 -1.92091151872 0.761040746378 -0.670232599895
4.43986026508 -2 2.75790201668 -1.92100345187 0.761002641107 -0.670325129509
4.44252800522 -2 2.75988805492 -1.9233187695 0.759952172512 -0.672871380806
4.44568288891 -2 2.76200138352 -1.92608532051 0.758706530773 -0.675879359798
4.45029994101 -2 2.7652060394 -1.93012755166 0.756877038071 -0.680275076053
4.45922187577 -2 2.77156579159 -1.93793942932 0.753319745008 -0.688747756292
4.46311322129 -2 2.77425572682 -1.94136346563 0.751759141699 -0.692434183727
4.47058007352 -2 2.77966423612 -1.94791989533 0.748749189038 -0.699492412552
4.47102261252 -2 2.78000352925 -1.94830697875 0.74857016218 -0.699910093504
4.47384897271 -2 2.78204045778 -1.95079469006 0.747425096378 -0.702575994455
4.47977230289 -2 2.78612375556 -1.9560363491 0.745015932079 -0.708153471966
4.4856566048 -2 2.79035820178 -1.96123468782 0.74261005428 -0.713681277834
4.50267712967 -2 2.80278047433 -1.9763107349 0.735580487592 -0.729597116341
4.51181607505 -2 2.80961790003 -1.98442296654 0.731762921745 -0.738097155514
4.53109916846 -2 2.82367923132 -2.00165953192 0.723609320803 -0.755925064393
4.5442577832 -2 2.8336415112 -2.01344328206 0.71796882345 -0.768005704641
4.54982864272 -2 2.83794058461 -2.01843806326 0.715562190981 -0.773099078558
4.55031186996 -2 2.8382987709 -2.0188733314 0.715352912532 -0.773540290979
4.55052813137 -2 2.83828902768 -2.01908660933 0.715259225969 -0.773737718314
4.55464841477 -2 2.84152770344 -2.02278084623 0.713471090502 -0.777495506819
4.57315669334 -2 2.85563118545 -2.03948194424 0.705364195663 -0.7942888077
4.58658367556 -2 2.86584538359 -2.05165870733 0.699406806797 -0.806381612922
4.59923532825 -2 2.87578720522 -2.06314246059 0.693735008401 -0.817705612722
4.61015499787 -2 2.88430342823 -2.07309541061 0.688794228238 -0.827423574414
4.61365989188 -2 2.88689240383 -2.07631236303 0.687199476712 -0.830531679959
4.62550909515 -2 2.89622260104 -2.08714914684 0.681776024223 -0.840999186088
4.63565791097 -2 2.9042639519 -2.09645421678 0.677091685785 -0.849914721822
4.63651373874 -2 2.90484869284 -2.09725023335 0.676695016571 -0.850664428796
4.64800255727 -2 2.91407699636 -2.10780445791 0.671345256012 -0.860696460597
4.65587868465 -2 2.92036061169 -2.11506369623 0.667651131927 -0.867539016383
4.66001595995 -2 2.92379481511 -2.11886862274 0.665701979463 -0.871121904549
4.66478438705 -2 2.92760362771 -2.12327545452 0.6634480949 -0.875241523543
4.66634788083 -2 2.92873585628 -2.12473426456 0.662707361035 -0.876589979093
4.66753301762 -2 2.92966229074 -2.12583304693 0.662145315198 -0.87761135565
4.677983901 -2 2.93808393282 -2.13550990189 0.657167942218 -0.886589650826
4.68246782805 -2 2.9417614165 -2.13966287713 0.655020815393 -0.89042598599
4.6852649798 -2 2.94407411912 -2.14225400198 0.653677878944 -0.892814330592
4.68882723661 -2 2.9469369635 -2.14556553817 0.651963695871 -0.895850569543
4.69224972678 -2 2.94962719891 -2.14875653689 0.650312643757 -0.898761974622
4.69572376417 -2 2.95255760009 -2.15197676559 0.648632593487 -0.901711491118
4.69796585585 -2 2.95426242228 -2.15407680248 0.647546106179 -0.903611986239
4.69921024024 -2 2.95524766395 -2.1552386172 0.646942347327 -0.904665736423
4.70439852351 -2 2.95951239335 -2.16006952073 0.644419318998 -0.909051139748
4.70995898484 -2 2.96418590941 -2.16524277433 0.641705031256 -0.91373664131
4.71508019002 -2 2.96823378082 -2.17004153612 0.639195774688 -0.918038679911
4.71737673187 -2 2.97019031891 -2.17218010381 0.638067609296 -0.919963709751
4.72463768065 -2 2.97627171294 -2.17896087904 0.634488823231 -0.926033000879
4.74061891974 -2 2.98937199217 -2.19395818274 0.626548537439 -0.939299420699
4.74506638394 -2 2.99313327504 -2.19812942359 0.624323337363 -0.942968675291
4.74758805855 -2 2.99508319193 -2.20051625533 0.623058680851 -0.945044691311
4.75138104467 -2 2.99823612685 -2.2040851721 0.621152376492 -0.948161294547
4.75487239004 -2 3.00118801857 -2.20736765468 0.619393358772 -0.951023610766
4.75757192264 -2 3.00336433417 -2.20991903073 0.618030441823 -0.953232531599
4.76894829399 -2 3.01286430101 -2.22065266414 0.612259745918 -0.962500510814
4.7693947062 -2 3.0132644529 -2.22107144978 0.612032410459 -0.962862836807
4.77161136514 -2 3.01502532842 -2.22317609874 0.6109025808 -0.964660447151
4.77550989365 -2 3.01843066637 -2.22684668181 0.608911483879 -0.967815833055
4.77799374177 -2 3.02040209557 -2.22920849006 0.607640236716 -0.969822110696
4.79922951419 -2 3.03835613024 -2.24933406229 0.596687032698 -0.986843701886
4.80797928494 -2 3.04552788067 -2.25767781977 0.592130054503 -0.993788159084
4.81067081713 -2 3.04795501136 -2.26022357149 0.590723135238 -0.995916190352
4.8181252001 -2 3.05415270863 -2.26733868412 0.586813978328 -1.00178976207
4.82204901781 -2 3.05758845871 -2.2710695183 0.584748861408 -1.00486953291
4.83072181197 -2 3.06480735836 -2.27936719856 0.580166211776 -1.01164735204
4.83370479952 -2 3.0674384893 -2.28220846085 0.578584258682 -1.01396917755
4.83574352625 -2 3.06902819418 -2.2841739519 0.577501376784 -1.01555325744
4.84278164209 -2 3.07509030494 -2.2909030508 0.573752482602 -1.02100446737
4.85445356758 -2 3.08497882768 -2.30210111316 0.56749935443 -1.02998499504
4.85708097103 -2 3.08720246065 -2.30462562186 0.566085566402 -1.03199622716
4.86353319223 -2 3.09265569472 -2.3108313962 0.56260405419 -1.03691910625
4.86399945677 -2 3.09306199118 -2.31127882199 0.562351936608 -1.03727396077
4.86604574394 -2 3.09490360056 -2.31323655275 0.561244630353 -1.03882987766
4.86980348937 -2 3.0981523869 -2.31684811639 0.559207633567 -1.04168105767
4.87054211528 -2 3.098751197 -2.31756262863 0.558806696357 -1.04224056352
4.87110458255 -2 3.09914126438 -2.31811395642 0.558501261061 -1.04266642595
4.88489032755 -2 3.11090338873 -2.33140547109 0.550982937971 -1.05304871737
4.88529190834 -2 3.11132254178 -2.33178485678 0.55076299981 -1.05334955508
4.89694446069 -2 3.12128496706 -2.343044541 0.544358298802 -1.06203918286
4.89777243435 -2 3.12186373927 -2.34385951565 0.543901535568 -1.06265369644
4.90475650132 -2 3.12799106457 -2.35060345719 0.540039846222 -1.06782166276
4.90477406205 -2 3.12798782914 -2.35062244831 0.540030116512 -1.06783462201
4.90524153632 -2 3.12839613811 -2.35107434766 0.539771070734 -1.06817953811
4.9169373401 -2 3.13837413804 -2.36241832513 0.533267014673 -1.07676827026
4.91827398211 -2 3.1396132052 -2.36370550485 0.532520899531 -1.07774481585
4.92911099962 -2 3.14873924846 -2.37425228084 0.526450469906 -1.08562416265
4.93968670624 -2 3.15795489966 -2.38452961885 0.520490133603 -1.09324771421
4.94744983799 -2 3.1646822044 -2.39208920742 0.516092199228 -1.0988021674
4.95008773073 -2 3.16694217432 -2.39466292225 0.514593422659 -1.10068149461
4.95214355654 -2 3.16877401842 -2.39666182945 0.513423825756 -1.10214329377
4.96015642328 -2 3.175494832 -2.40450460788 0.508852349974 -1.10781702135
4.96029415244 -2 3.1756963561 -2.40463016431 0.508773595154 -1.1079142118
4.96173281846 -2 3.17691791498 -2.40603775645 0.507950593298 -1.10892875305
4.96855477097 -2 3.18259569426 -2.41272910742 0.504039117679 -1.11372281331
4.97971755713 -2 3.19244054942 -2.42363312824 0.49760706801 -1.12150742493
4.98076777131 -2 3.1932352565 -2.42467422588 0.49699991001 -1.12223597053
4.98493316109 -2 3.19693144851 -2.42874597798 0.49458836859 -1.12511901567
4.98934034515 -2 3.2005749932 -2.43308584895 0.49203091137 -1.12815803221
4.99052439823 -2 3.20162532673 -2.43424454142 0.491342776123 -1.12897250852
4.99075935027 -2 3.20180020545 -2.43447812594 0.491206176997 -1.12913402453
5.01450120593 -2 3.22218856783 -2.45782716424 0.477313984312 -1.14528220556
5.01485128822 -2 3.22262438612 -2.45815736612 0.477107826173 -1.14551774084
5.02677933849 -2 3.23279356562 -2.46992598686 0.470060891468 -1.15349788495
5.03155104457 -2 3.23685799267 -2.47463963168 0.467229514061 -1.15666567624
5.03494625858 -2 3.2396888899 -2.47800198436 0.465210628618 -1.15891106541
5.03611341519 -2 3.24074989037 -2.47914865692 0.464515786135 -1.15968129943
5.04668766614 -2 3.24988150612 -2.48959752672 0.458201549407 -1.16662084819
5.04862711014 -2 3.25149656015 -2.49152201171 0.45703972098 -1.16788606996
5.05021291877 -2 3.25267592482 -2.49311126893 0.456088882954 -1.16891884364
5.05314378588 -2 3.25539510593 -2.49599077568 0.4543295343 -1.1708234525
5.05685556249 -2 3.25835856004 -2.49969117204 0.452097652843 -1.17322779436
5.06314030354 -2 3.26390820228 -2.5059027672 0.448309074663 -1.17727903842
5.06387632979 -2 3.26446479348 -2.50664067513 0.447864595277 -1.17775186393
5.06681068638 -2 3.26687459885 -2.50956247186 0.446090927115 -1.17963350268
5.06693710801 -2 3.26715071531 -2.50966967284 0.446014452913 -1.17971444753
5.07008545199 -2 3.26972120993 -2.5128073734 0.444108410432 -1.18172699784
5.07234399995 -2 3.27177371966 -2.51503638198 0.442739207587 -1.18316688701
5.0791647878 -2 3.27739253222 -2.52183454954 0.43859485164 -1.18749568035
5.09235591967 -2 3.28872251664 -2.53494690821 0.430539975173 -1.19578327394
5.0965241057 -2 3.29216679146 -2.53910904354 0.427983876101 -1.19837886313
5.10047422034 -2 3.29555876063 -2.54304132133 0.425556696677 -1.20082835405
5.1045882881 -2 3.29901268882 -2.54714718944 0.423023806994 -1.20336883224
5.11729713512 -2 3.30988610144 -2.55982008387 0.415167489597 -1.21114759154
5.11843278395 -2 3.31084488404 -2.56095474645 0.414463116504 -1.21183759715
5.12397572236 -2 3.31548763617 -2.56649879922 0.411019676522 -1.21519337688
5.12577761878 -2 3.3167921403 -2.56832396541 0.409898321767 -1.21627996253
5.12984090492 -2 3.32044732471 -2.57236348212 0.407366132773 -1.21872244294
5.131774238 -2 3.32203630724 -2.57430239167 0.406159589586 -1.21988080026
5.13299705908 -2 3.32308539997 -2.57552414893 0.405395888521 -1.22061219156
5.13426367858 -2 3.32400133768 -2.57680835672 0.404604368148 -1.22136874727
5.13496165677 -2 3.32466489514 -2.57749885441 0.404167993845 -1.22178520266
5.13938296258 -2 3.32841723807 -2.58192284039 0.401400467913 -1.22441579607
5.14098681734 -2 3.32956352629 -2.58355146791 0.400395108683 -1.22536688737
5.14378131188 -2 3.33196768851 -2.58634555042 0.398641602244 -1.22701999172
5.1444603585 -2 3.33263685607 -2.5870153871 0.398215163366 -1.22742091087
5.14450500768 -2 3.33282586636 -2.58704369106 0.398187119094 -1.22744726177
5.1534091117 -2 3.34021017256 -2.59598204193 0.392582742718 -1.23267598384
5.15480188973 -2 3.34140967322 -2.59737602606 0.391704007722 -1.23348912304
5.16833534265 -2 3.35262604041 -2.61097810313 0.383135981652 -1.24132332532
5.17524459928 -2 3.35840815717 -2.61792264171 0.378741199508 -1.24527594292
5.1763087064 -2 3.3591635594 -2.61900721859 0.378063121871 -1.24588186035
5.1783961222 -2 3.36087954397 -2.6211096553 0.376732012833 -1.24706826444
5.18246647552 -2 3.36428324554 -2.62520411213 0.374132797209 -1.24937330149
5.1831250394 -2 3.36481706871 -2.62586853978 0.373711806937 -1.24974520201
5.19276904243 -2 3.3726170049 -2.63560442213 0.367532521576 -1.2551579418
5.19422369733 -2 3.37412031731 -2.63703812049 0.366598147456 -1.25596894162
5.19447947222 -2 3.37423750589 -2.63730620072 0.36643379181 -1.25611139391
5.19566939646 -2 3.37528760903 -2.6384986319 0.365668924459 -1.25677353501
5.20295124722 -2 3.38128801024 -2.64584449549 0.360979414282 -1.26080474039
5.21250120912 -2 3.38905236384 -2.65549604128 0.354806289793 -1.26603714561
5.21370786216 -2 3.39009371519 -2.65670947362 0.354024457808 -1.26669386247
5.22111848428 -2 3.39600540498 -2.66421659698 0.34921379704 -1.27070533282
5.221347958 -2 3.39627995663 -2.66443919102 0.349064583985 -1.27082895254
5.22203716399 -2 3.39678842712 -2.66514207305 0.348616344865 -1.27120001846
5.22223581514 -2 3.39707198273 -2.665329801 0.348487123094 -1.2713069113
5.23171445184 -2 3.40444713326 -2.67495858872 0.34230835075 -1.276375949
5.23335046805 -2 3.40606661573 -2.67658353768 0.341239328562 -1.27724464136
5.23374879973 -2 3.40629047798 -2.67699770447 0.340978932632 -1.27745586974
5.23916205939 -2 3.41063899736 -2.68248542665 0.337435774858 -1.28031562738
5.24279160844 -2 3.41357397502 -2.68616389809 0.335055509321 -1.28222179025
5.24951252306 -2 3.41908241815 -2.69296966685 0.330638185007 -1.28572750622
5.25669570544 -2 3.42477383976 -2.70026796058 0.325903100093 -1.28943985186
5.26116374672 -2 3.42812776027 -2.70482941307 0.32295056986 -1.29173095745
5.26763867453 -2 3.43348017119 -2.71138840311 0.318662043652 -1.29502655059
5.27601439852 -2 3.44014150338 -2.71990491445 0.313097379987 -1.29924631371
5.28154596933 -2 3.44434509932 -2.72555283938 0.309411723362 -1.30200631801
5.28305684807 -2 3.44579498634 -2.72706303118 0.308403571841 -1.30275645702
5.28963891259 -2 3.45069195675 -2.73379757185 0.304004316228 -1.30600573467
5.29312646413 -2 3.45360127152 -2.73733265744 0.301668540707 -1.30771506305
5.30840235321 -2 3.4655918744 -2.75290537867 0.291398569033 -1.31510120825
5.31069481227 -2 3.46729098607 -2.75525420442 0.289851891414 -1.31619543156
5.31973380583 -2 3.47425281952 -2.76448919267 0.283739643561 -1.32047358829
5.32256584987 -2 3.47644974547 -2.7673816475 0.281820067761 -1.32180206425
5.32459495385 -2 3.47802967164 -2.76945359713 0.280443405935 -1.32275038465
5.3331572863 -2 3.48456030353 -2.77821329557 0.274622086082 -1.32671977601
5.33750372734 -2 3.48778724076 -2.78267054889 0.27165955959 -1.32871471579
5.3521825649 -2 3.4989242451 -2.797702529 0.261617415328 -1.33535207612
5.35246232443 -2 3.49918913373 -2.79798337411 0.261425471628 -1.33547707407
5.35663043366 -2 3.50206780614 -2.80228386188 0.258563278702 -1.33733273892
5.35901573627 -2 3.50383958334 -2.80473165344 0.256923261524 -1.33838906248
5.36370645105 -2 3.5074007752 -2.80953737537 0.253693797462 -1.34045436846
5.36398738435 -2 3.50782294132 -2.80980254172 0.25350019732 -1.34057755865
5.36675115891 -2 3.50981376702 -2.81264604813 0.251594489971 -1.34178644505
5.36678809818 -2 3.50980076723 -2.81268835399 0.251569005676 -1.34180256507
5.36952687377 -2 3.51195254911 -2.81548691691 0.249678538645 -1.3429949992
5.37666771598 -2 3.51720603841 -2.82282327647 0.244740298747 -1.34607852169
5.38044655667 -2 3.52000511523 -2.82670401331 0.2421216785 -1.34769532849
5.38243356616 -2 3.52136629517 -2.82875674236 0.240743255523 -1.34854132833
5.38819942533 -2 3.52565703531 -2.83467677734 0.236737592045 -1.35097998719
5.40022656061 -2 3.53420004404 -2.84707177333 0.228354496059 -1.35598890165
5.40410731546 -2 3.53690181302 -2.85107769677 0.225641626169 -1.35758257273
5.40844463083 -2 3.54030590622 -2.85551343808 0.222605037703 -1.35935069273
5.40915364263 -2 3.54070707372 -2.85625542173 0.222108196444 -1.35963841315
5.41087879897 -2 3.54197898613 -2.85802872316 0.220898755049 -1.36033695076
5.4121820182 -2 3.54267211288 -2.85939739733 0.219984615193 -1.36086319356
5.4169308905 -2 3.54604520964 -2.86429297446 0.216649877279 -1.36277025132
5.42179072656 -2 3.54972781754 -2.86927815736 0.213231296399 -1.36470471292
5.43804356916 -2 3.5609767868 -2.88606742986 0.201755188712 -1.37104774707
5.44859387387 -2 3.5682763875 -2.89696692892 0.194270205741 -1.3750607081
5.45552155671 -2 3.57307134448 -2.90412379938 0.189340255849 -1.37765083861
5.45578658567 -2 3.57310691524 -2.90441364721 0.189151416995 -1.37774921958
5.46151256188 -2 3.5769537822 -2.91034164683 0.185067297277 -1.37986198556
5.46316440684 -2 3.57819381969 -2.91203761433 0.183887596375 -1.38046694383
5.46539495907 -2 3.57947873211 -2.91437001927 0.182293533312 -1.38128061537
5.46714480198 -2 3.580811721 -2.91616447199 0.181042152784 -1.38191633392
5.46861750846 -2 3.58174569789 -2.91769510851 0.179988380601 -1.38244959785
5.48068513666 -2 3.58991811322 -2.93018055156 0.17133358497 -1.38675819889
5.4834903899 -2 3.59180919265 -2.93308370786 0.16931659625 -1.38774416452
5.48577251104 -2 3.59303516629 -2.9354793355 0.167674331882 -1.38854191162
5.5097455077 -2 3.60860461485 -2.96034856037 0.150346915929 -1.39668538314
5.51122881666 -2 3.60960927801 -2.96188254237 0.149270271134 -1.39717502148
5.51235383903 -2 3.61013753303 -2.96307134344 0.148453335518 -1.39754528114
5.51499850523 -2 3.61188992796 -2.96581041856 0.146531723701 -1.39841190693
5.51592509346 -2 3.61249603387 -2.96677090562 0.145858072403 -1.3987142875
5.52390593602 -2 3.61757262741 -2.97505860917 0.140047389071 -1.40129182422
5.52437798413 -2 3.61786834034 -2.97554925879 0.139703228988 -1.40144276763
5.53130319924 -2 3.62197843602 -2.98277154327 0.134648169375 -1.40363775752
5.53465709884 -2 3.6240005738 -2.98626546369 0.132195940087 -1.4046877043
5.53515132274 -2 3.62428242845 -2.98678204681 0.131834361621 -1.40484169941
5.53644199522 -2 3.62520665877 -2.98811065528 0.13088982487 -1.40524298365
5.55067344148 -2 3.63378540651 -3.00293234683 0.120449247441 -1.40958357208
5.55801038816 -2 3.63790665803 -3.01060394029 0.115048316174 -1.41176095804
5.55869086653 -2 3.63846101663 -3.01129668324 0.114546768007 -1.41196081801
5.55907731481 -2 3.63877643826 -3.01169002495 0.114261887957 -1.41207416212
5.56058535192 -2 3.63957631701 -3.01327169931 0.113149872047 -1.41251537164
5.5630392638 -2 3.64104569801 -3.01582705528 0.111339258075 -1.41322959628
5.57084279918 -2 3.64535412581 -3.02399132031 0.105572268383 -1.41547019001
5.58456925859 -2 3.65318926518 -3.03831888518 0.0953944644919 -1.4192979541
5.5869028869 -2 3.65453417052 -3.04075255899 0.0936599012958 -1.41993429506
5.58745191302 -2 3.65476746156 -3.04133411234 0.0932516372428 -1.42008339566
5.59524373201 -2 3.6592445754 -3.04945956662 0.0874502231411 -1.42217439114
5.5953921865 -2 3.65929096008 -3.04961857628 0.0873395589357 -1.42221377539
5.61790465471 -2 3.6715336093 -3.07315428475 0.0705010962135 -1.42798898906
5.62299113254 -2 3.67396443016 -3.07850484559 0.0666811118996 -1.4292394559
5.62593916202 -2 3.67539355953 -3.08160310341 0.0644645261333 -1.42995500617
5.63781321369 -2 3.68142695075 -3.09404730227 0.0555174171587 -1.43276865417
5.63921356924 -2 3.68215084518 -3.09551302822 0.0544602332009 -1.43309324214
5.64041951794 -2 3.68296064871 -3.09675494582 0.0535494753858 -1.43337154369
5.64079159541 -2 3.68314128816 -3.09714561696 0.0532684113319 -1.4334571806
5.6444712501 -2 3.6847304917 -3.10103012142 0.0504872267033 -1.43429827189
5.65660163602 -2 3.69083448494 -3.11373607744 0.041298184146 -1.4369961523
5.6585915176 -2 3.69169932992 -3.11583430739 0.0397878063253 -1.43742773304
5.68514721559 -2 3.703964234 -3.14373205141 0.0195513317761 -1.44289022787
5.68977343115 -2 3.70602198321 -3.14859554493 0.016010911469 -1.44378517636
5.69025282913 -2 3.70622785477 -3.14910024046 0.0156437773008 -1.44387695327
5.69226676606 -2 3.7070963017 -3.1512198753 0.0141009389839 -1.44426052811
5.69454585956 -2 3.70807761114 -3.15361837661 0.0123539606667 -1.44469075086
5.69813546706 -2 3.70947294076 -3.15741156448 0.00960027622194 -1.4453600565
5.70349851826 -2 3.71195654589 -3.16303362415 0.00548121411351 -1.44634109787
5.7048084858 -2 3.71227575725 -3.1644377164 0.00447420751126 -1.44657727556
5.70493299322 -2 3.71254977039 -3.16454471178 0.00437847716343 -1.44659965284
5.71124916662 -2 3.71513194947 -3.17119951813 -0.000481994169378 -1.44771876969
5.71640802895 -2 3.71728789322 -3.1766274846 -0.00445788316808 -1.44860943423
5.73036931409 -2 3.72262617585 -3.19135977927 -0.0152445677636 -1.45091415293
5.73224415705 -2 3.72336674327 -3.19333431719 -0.0166960642205 -1.45121188416
5.73894777195 -2 3.7258534133 -3.2004093756 -0.0218916830214 -1.45225362055
5.74380179099 -2 3.72788093707 -3.20550521119 -0.0256593193026 -1.4529856525
5.7591751332 -2 3.73328635287 -3.22174038583 -0.0376223912617 -1.45518042557
5.75975597958 -2 3.73339567724 -3.22236365995 -0.0380752898141 -1.45525966033
5.76252662795 -2 3.73441276974 -3.22528244276 -0.0402365222493 -1.45563391075
5.76616708474 -2 3.73569275521 -3.22912253054 -0.043078496098 -1.45611634673
5.76630575538 -2 3.73570550132 -3.22927268886 -0.0431868017213 -1.45613451445
5.7723708296 -2 3.73772072588 -3.23568010502 -0.0479274024461 -1.45691410647
5.77505862138 -2 3.73841441669 -3.23854007941 -0.0500304919712 -1.45725019756
5.77580621564 -2 3.73882204725 -3.23931213174 -0.0506156994194 -1.45734265361
5.77586990707 -2 3.73879122336 -3.23938502006 -0.0506655611896 -1.45735050977
5.78503761662 -2 3.74155818011 -3.24909023155 -0.057850669363 -1.4584474963
5.79581659012 -2 3.74491278636 -3.26047898501 -0.066318856084 -1.4596512629
5.80014683077 -2 3.7461168083 -3.26506629605 -0.0697268989277 -1.46010864541
5.80379918721 -2 3.74719552857 -3.26892703814 -0.0726041317907 -1.46048273748
5.80471649258 -2 3.74747728139 -3.26989527566 -0.0733271494952 -1.4605750111
5.80541762971 -2 3.74756710926 -3.2706489064 -0.0738798888076 -1.46064508467
5.80871247881 -2 3.74849799404 -3.27413448406 -0.0764785874415 -1.46096909773
5.81174867522 -2 3.74947248545 -3.27733270077 -0.0788750512932 -1.46125995919
5.81328369156 -2 3.74979872538 -3.27896730369 -0.0800872804725 -1.46140419303
5.81733189065 -2 3.75074258822 -3.28326779594 -0.0832862812909 -1.46177549229
5.82169896006 -2 3.75208523431 -3.28786971778 -0.0867406119054 -1.46216126896
5.82659473868 -2 3.75319750054 -3.29306881818 -0.0906172623218 -1.46257551484
5.82768100582 -2 3.75342744859 -3.29422383535 -0.0914779942061 -1.46266481281
5.82924281965 -2 3.75370536025 -3.29588997515 -0.0927159105267 -1.46279153931
5.83137354982 -2 3.75440258905 -3.2981280419 -0.0944054659731 -1.46296126107
5.83323620858 -2 3.75480228149 -3.30010686885 -0.0958831228666 -1.46310663502
5.83401558369 -2 3.75482554701 -3.30095035743 -0.0965015897292 -1.4631666333
5.83555145904 -2 3.75538732283 -3.302556361 -0.0977206894825 -1.46328343666
5.83600793446 -2 3.75550659199 -3.3030388022 -0.0980830977546 -1.46331778529
5.8381222262 -2 3.75590359764 -3.30528990684 -0.0997621766753 -1.4634746906
5.84026813151 -2 3.756487986 -3.30755442361 -0.101467176237 -1.46363025811
5.8459318366 -2 3.75776052325 -3.31355778542 -0.105971121537 -1.46402301771
5.85679000014 -2 3.75978017654 -3.32510163755 -0.114621666585 -1.46470362053
5.85932618451 -2 3.76043998613 -3.32777543472 -0.116645181553 -1.46484887616
5.8634048844 -2 3.76108469295 -3.33211892829 -0.119901750166 -1.46507157611
5.86741546565 -2 3.76195101888 -3.33636257257 -0.123106739232 -1.46527744373
5.86780474176 -2 3.76208092155 -3.3367693863 -0.123417970529 -1.4652967332
5.86874972703 -2 3.76225452692 -3.33777224916 -0.124173607065 -1.46534304938
5.8696174669 -2 3.76219679457 -3.33871660498 -0.124867611364 -1.46538494339
5.87470351668 -2 3.76317737689 -3.34410656483 -0.128937949816 -1.46561824512
5.88157505016 -2 3.7644203982 -3.35139215039 -0.134444215934 -1.46590019306
5.88374974565 -2 3.76463283143 -3.35371621408 -0.136188503168 -1.46598145733
5.88977452304 -2 3.76558205127 -3.36011230948 -0.141025045887 -1.46618657709
5.89334095195 -2 3.7659849263 -3.36391347436 -0.143890959889 -1.46629413513
5.89751291292 -2 3.76661956667 -3.3683400689 -0.147246164165 -1.46640686322
5.90191260696 -2 3.76710534642 -3.37302559382 -0.150787651663 -1.46651044526
5.90589602586 -2 3.7677253399 -3.377245898 -0.153996823725 -1.466590674
5.90749169587 -2 3.76785537691 -3.3789486734 -0.155283080463 -1.4666191976
5.90770783533 -2 3.7679933124 -3.37916623176 -0.15545734091 -1.46662290221
5.90992850239 -2 3.76809317046 -3.3815440895 -0.157248176947 -1.4666587666
5.91941992738 -2 3.76908316156 -3.39163824886 -0.164911517318 -1.46676689261
5.92408278405 -2 3.76957119586 -3.39659223186 -0.16868163793 -1.46679318421
5.92878886727 -2 3.76999164116 -3.40159672052 -0.172490253127 -1.46680178702
5.93030288629 -2 3.77004938844 -3.40321445666 -0.173716296377 -1.46680072324
5.93227448482 -2 3.7701547791 -3.4053173283 -0.175313432563 -1.46679654133
5.93287030721 -2 3.77036358742 -3.40593349803 -0.175796213166 -1.46679465495
5.93556018685 -2 3.77041155656 -3.40881169542 -0.177976459893 -1.46678254115
5.93603365873 -2 3.7704445208 -3.40931554033 -0.178360345049 -1.46677979915
5.93850988888 -2 3.77054557767 -3.41195781182 -0.180368619485 -1.46676248461
5.94165492694 -2 3.77084896841 -3.41529339403 -0.18292070533 -1.466733294
5.9426703004 -2 3.77086088609 -3.41637930118 -0.183744976734 -1.46672214919
5.94273328454 -2 3.77082729084 -3.41645038244 -0.183796112048 -1.46672143021
5.94301882193 -2 3.7709617183 -3.41674149516 -0.184027940799 -1.46671813016
5.9541461695 -2 3.7713431967 -3.42860356328 -0.193072181936 -1.46653777692
5.95764372272 -2 3.77158488941 -3.43231484666 -0.195918937362 -1.46646023558
5.96091907711 -2 3.77169994834 -3.43580068256 -0.198586544787 -1.46637857269
5.96297993054 -2 3.77170650723 -3.43800024508 -0.20026584597 -1.46632270413
5.96398997107 -2 3.77169244662 -3.43907989614 -0.201089121578 -1.46629405697
5.96411300972 -2 3.77161848958 -3.43921924556 -0.201189419988 -1.46629051041
5.96557583647 -2 3.77162246215 -3.4407799286 -0.202382060941 -1.46624739816
5.97162232017 -2 3.7717562086 -3.44721450858 -0.207315197923 -1.46605066502
5.97462379411 -2 3.77168090741 -3.45042181695 -0.209766057619 -1.46594191976
5.97596851739 -2 3.77172244888 -3.45185011071 -0.210864533415 -1.46589081302
5.98160212528 -2 3.7717143204 -3.45785038156 -0.215469448449 -1.46566064824
5.98179396823 -2 3.77182102785 -3.45804300521 -0.21562634432 -1.46565235382
5.98223129087 -2 3.77183495093 -3.45850697855 -0.215984022535 -1.46563333357
5.9824508742 -2 3.77176453616 -3.45874833401 -0.216163626453 -1.46562372441
5.98692286099 -2 3.77157045223 -3.46352738528 -0.219822956182 -1.46541945309
5.99117927577 -2 3.77146906879 -3.46806391479 -0.223308629864 -1.4652098446
6.00076567098 -2 3.77125572475 -3.47826836206 -0.23116885162 -1.46468350221
6.00224882552 -2 3.77115383068 -3.47985321711 -0.232386134096 -1.46459535461
6.00254419432 -2 3.77102951417 -3.48018008646 -0.232628592664 -1.4645775852
6.00400729051 -2 3.77093460102 -3.48174245513 -0.233829785822 -1.46448851265
6.0054184703 -2 3.77086458061 -3.4832466989 -0.234988647854 -1.46440094123
6.01204391164 -2 3.77046686953 -3.49031194665 -0.240433280048 -1.46396800738
6.01486044003 -2 3.77028438949 -3.4933145773 -0.242749731639 -1.46377307908
6.01597974157 -2 3.77031144506 -3.49449664128 -0.243670612512 -1.4636938102
6.01739413313 -2 3.77020783658 -3.49600498452 -0.244834525521 -1.46359217587
6.02384210479 -2 3.76958280067 -3.50289335629 -0.250144174455 -1.46310808308
6.02396219737 -2 3.76950670407 -3.50302857789 -0.2502431212 -1.46309874388
6.02563295094 -2 3.76946981685 -3.50479862572 -0.251619898116 -1.4629675895
6.0268696008 -2 3.76921134998 -3.50613354223 -0.252639204294 -1.46286903957
6.02878226019 -2 3.76920381136 -3.50815506879 -0.254216128533 -1.4627141502
6.033181339 -2 3.76869346712 -3.51285555412 -0.257844944875 -1.46234653213
6.04004002538 -2 3.76785565769 -3.52018172945 -0.263508008029 -1.46174173119
6.04755113669 -2 3.76695175524 -3.52819341525 -0.269717109439 -1.46103515765
6.05053580003 -2 3.76647647795 -3.53138668887 -0.272186510036 -1.46074154525
6.05592465003 -2 3.76579702255 -3.53712857327 -0.276648062671 -1.46019291941
6.05639919767 -2 3.7657259033 -3.53763517308 -0.277041136668 -1.46014346567
6.05955350605 -2 3.76514666474 -3.54101301228 -0.279654649137 -1.45981005251
6.06070967008 -2 3.76504426655 -3.54223870497 -0.280612921643 -1.45968580064
6.07518607526 -2 3.7624880462 -3.55770233569 -0.292626299635 -1.45803718322
6.07967218115 -2 3.76170631187 -3.56248501526 -0.296354630953 -1.45749138092
6.08239902106 -2 3.76106379192 -3.5654083664 -0.298622119096 -1.45715154628
6.08319102608 -2 3.76097504516 -3.56624654966 -0.299280883321 -1.45705169795
6.08397891343 -2 3.76083753074 -3.56708559649 -0.299936301456 -1.45695185771
6.08470997567 -2 3.760620945 -3.56787367887 -0.300544518856 -1.45685876242
6.08611183638 -2 3.76034132145 -3.56936985434 -0.301711005198 -1.45667901842
6.10024107317 -2 3.75727960098 -3.58445424672 -0.313481649323 -1.4547772904
6.10574667931 -2 3.75598953016 -3.59033168686 -0.318074882249 -1.45399186825
6.10804602646 -2 3.75531262989 -3.59279949107 -0.319994282073 -1.45365647552
6.10922172357 -2 3.75507683151 -3.59404893061 -0.320975953021 -1.45348330508
6.12536653062 -2 3.75076357881 -3.61129420122 -0.334473116571 -1.45099043613
6.12557079925 -2 3.75066566803 -3.61151674954 -0.334644084269 -1.45095752365
6.12793210296 -2 3.74999565425 -3.61403859447 -0.336620790577 -1.45057457312
6.1298589647 -2 3.74942957185 -3.61609768855 -0.338234296854 -1.45025868449
6.13432161171 -2 3.7481711449 -3.62085785513 -0.341972861498 -1.44951536493
6.13494312387 -2 3.74797564661 -3.62152266379 -0.342493713345 -1.4494105446
6.14139111687 -2 3.74601226018 -3.6284079335 -0.347900000531 -1.44830433642
6.14894602222 -2 3.74348557548 -3.63648835505 -0.354240379102 -1.44696475832
6.15052715906 -2 3.74302761803 -3.63817021854 -0.355568143952 -1.44667846748
6.15172175104 -2 3.74258439739 -3.63945110444 -0.356571491498 -1.44646080441
6.15808828837 -2 3.74046794088 -3.64624560504 -0.361921467174 -1.44528099589
6.1602831635 -2 3.7396463283 -3.64859593739 -0.363766915777 -1.44486653326
6.16112457687 -2 3.7393906426 -3.64949022844 -0.364474515005 -1.44470659772
6.16388300076 -2 3.73843079657 -3.65243410536 -0.366794794199 -1.44417819728
6.16473228018 -2 3.73811812167 -3.65334200495 -0.367509341558 -1.44401425133
6.1727213043 -2 3.73519411671 -3.66187270453 -0.374234769223 -1.44244302705
6.17679802263 -2 3.73361370646 -3.66622989972 -0.377669313154 -1.44162103632
6.17687308601 -2 3.73355366964 -3.66631345054 -0.377732568864 -1.44160577321
6.17986250003 -2 3.73245184189 -3.6694999014 -0.380252222428 -1.4409941528
6.18083249056 -2 3.73206789114 -3.67053625926 -0.381069988986 -1.44079411926
6.18179839573 -2 3.7316845858 -3.67156814504 -0.381884409111 -1.44059415996
6.18278054208 -2 3.73128973292 -3.67261771743 -0.382712623132 -1.44039005239
6.18650053745 -2 3.7298175619 -3.67658856167 -0.385850490767 -1.43960978456
6.20374396104 -2 3.72253372815 -3.69500298343 -0.400414039449 -1.43584448806
6.20529438694 -2 3.72185931753 -3.69665742003 -0.401724971415 -1.43549396663
6.20568495275 -2 3.72170081707 -3.69707286162 -0.402055244145 -1.43540535589
6.21115624265 -2 3.71919833009 -3.70291947064 -0.40668348978 -1.43415087014
6.21868954853 -2 3.71574258328 -3.71095902858 -0.413060797048 -1.43238336617
6.22731672217 -2 3.71162366757 -3.72016679438 -0.420370789177 -1.43030197354
6.23344884708 -2 3.70861791535 -3.72670913494 -0.425570925148 -1.42878538628
6.23376232581 -2 3.70849858237 -3.72703961256 -0.425836853673 -1.42870702797
6.23892247809 -2 3.70590861115 -3.73254404394 -0.430215582949 -1.42740558637
6.24305623965 -2 3.70377819073 -3.73695492627 -0.433725102703 -1.42634724673
6.24486736972 -2 3.70280768583 -3.73889017121 -0.435263218853 -1.42587913774
6.24487001667 -2 3.70280605439 -3.73889302208 -0.435265467006 -1.42587845164
6.24569895076 -2 3.70238566444 -3.73977590751 -0.435969544038 -1.42566330379
6.24612654866 -2 3.70218536826 -3.74022947176 -0.436332759629 -1.42555210137
6.25118501644 -2 3.69950423854 -3.74562550327 -0.440630821755 -1.42422519769
6.25788851175 -2 3.69588007836 -3.75277421941 -0.446330095503 -1.42243444464
6.26554065406 -2 3.69165792586 -3.76093000784 -0.452840653764 -1.42034523181
6.26779558358 -2 3.69036868462 -3.76333541306 -0.454760133159 -1.41972042609
6.26934222929 -2 3.689506409 -3.76498213195 -0.45607694288 -1.41928946494
6.26952015547 -2 3.6893756235 -3.76517496051 -0.456228441597 -1.4192397614
6.27911709316 -2 3.68382538128 -3.77540042019 -0.4644038362 -1.41652042575
6.28639589414 -2 3.67947581089 -3.78315528022 -0.470609483563 -1.41440762623
6.28681671126 -2 3.67922259553 -3.78360338937 -0.470968387376 -1.41428414978
6.28754081438 -2 3.67877962659 -3.78437513411 -0.471585988822 -1.41407134348
6.28934624286 -2 3.67770469613 -3.78629554683 -0.473126054679 -1.41353887714
6.29601333221 -2 3.67359296624 -3.79339529371 -0.478815433614 -1.41154946019
6.29990406872 -2 3.67113046594 -3.79753995255 -0.482137199058 -1.41037167688
6.3031524771 -2 3.66906695609 -3.80099811442 -0.484911456226 -1.40937884667
6.30587663264 -2 3.6673407428 -3.80389554756 -0.48723859885 -1.40853959087
6.30596495124 -2 3.66728491758 -3.80398943569 -0.487314055419 -1.40851228014
6.30848480767 -2 3.66563522309 -3.80667350135 -0.489467185602 -1.40773037767
6.3106029973 -2 3.66425255823 -3.80892797079 -0.491277471048 -1.40706909322
6.31132601563 -2 3.66378272217 -3.80969700139 -0.491895466034 -1.40684253178
6.31916897679 -2 3.65857985712 -3.81804158762 -0.498601640518 -1.40435743421
6.32293684492 -2 3.65603636942 -3.82204930447 -0.501824958465 -1.40314567794
6.32989445581 -2 3.65127901242 -3.82944623994 -0.507779657855 -1.40087760437
6.33023787614 -2 3.65103401651 -3.82981210706 -0.508073662951 -1.40076463054
6.3317075562 -2 3.65001586748 -3.83137419233 -0.509331960638 -1.40028006667
6.3498776218 -2 3.63701472303 -3.85068227528 -0.524900670312 -1.39414361005
6.3500290213 -2 3.63691733862 -3.8508415829 -0.525030485588 -1.39409134724
6.35166409627 -2 3.63572862 -3.85257652478 -0.52643255032 -1.39352573146
6.35194187745 -2 3.63551289606 -3.85287269285 -0.526670762623 -1.39342942293
6.35260926602 -2 3.63503166883 -3.85358014519 -0.527243104334 -1.39319777781
6.36463197894 -2 3.6259869189 -3.86634383476 -0.537558371211 -1.38896260898
6.36618837031 -2 3.62481347252 -3.86799342875 -0.53889437637 -1.38840573782
6.36741271145 -2 3.6238989011 -3.86928967709 -0.539945452484 -1.38796628652
6.3677707619 -2 3.62360993774 -3.86967100961 -0.540252849734 -1.38783754118
6.36789590484 -2 3.62352888281 -3.86980211661 -0.540360290576 -1.38779251852
6.36908796812 -2 3.62260959249 -3.87106674474 -0.541383777466 -1.38736301065
6.3742712147 -2 3.61856390732 -3.87656604059 -0.545835010161 -1.38548200188
6.37530880747 -2 3.61778081707 -3.87766306579 -0.546726256011 -1.3851028306
6.37639557571 -2 3.61691974326 -3.87881618706 -0.547659808334 -1.38470474948
6.37693436934 -2 3.61650501865 -3.87938642898 -0.548122666489 -1.38450703404
6.37818721345 -2 3.61552173941 -3.88071412985 -0.549199004183 -1.38404637772
6.37843052443 -2 3.61528057366 -3.88097737591 -0.549408046843 -1.38395676698
6.38766118506 -2 3.60795314784 -3.89075387867 -0.55734111495 -1.38052157432
6.38817933095 -2 3.60751295935 -3.8913050638 -0.557786563432 -1.38032669243
6.38855446163 -2 3.60722175429 -3.89170108189 -0.558109071342 -1.38018546435
6.3952027674 -2 3.60179378758 -3.89874171628 -0.563826027339 -1.37766355558
6.42208362317 -2 3.57889968182 -3.92717809431 -0.586964321813 -1.36710096699
6.4255975544 -2 3.57586437623 -3.93088394544 -0.589991591418 -1.36567690016
6.43405028267 -2 3.5682933665 -3.93981220791 -0.597275932969 -1.36221036992
6.43945655421 -2 3.56345911415 -3.94551027801 -0.601936546042 -1.35996290125
6.44300691686 -2 3.56013950893 -3.94926309975 -0.60499789373 -1.35847410457
6.44623856772 -2 3.55724359723 -3.9526620015 -0.607784876841 -1.3571100978
6.45175280301 -2 3.55210781567 -3.95847523748 -0.612541328576 -1.35476318265
6.46012105999 -2 3.54415952784 -3.96729586452 -0.619761827388 -1.35115467083
6.46041226336 -2 3.54394333931 -3.96759585748 -0.620013137378 -1.35102808243
6.46107913661 -2 3.54325022467 -3.96830425538 -0.620588664038 -1.3507379297
6.46359058014 -2 3.54090424875 -3.97094213352 -0.622756240779 -1.34964199633
6.47316036712 -2 3.53167824467 -3.98100652724 -0.631017759654 -1.34541937691
6.48312715675 -2 3.52185887124 -3.99148027326 -0.63962523708 -1.34094318008
6.48322635952 -2 3.52175565179 -3.99158495707 -0.639710925885 -1.34089822527
6.48377205401 -2 3.52123519861 -3.99215560653 -0.64018228813 -1.3406507964
6.48776101721 -2 3.51717998764 -3.99635129227 -0.643628164123 -1.33883484788
6.48792981051 -2 3.51704109684 -3.99652516948 -0.643773987083 -1.33875772378
6.48898302856 -2 3.51601682204 -3.99762701347 -0.644683896192 -1.33827597602
6.4904806887 -2 3.51440050433 -3.9992105488 -0.645977828724 -1.33758940292
6.49448109291 -2 3.51042859278 -4.00339926914 -0.649434369067 -1.33574666057
6.49572568673 -2 3.50908928169 -4.00471263427 -0.650509848726 -1.33517073067
6.49836459073 -2 3.50649639225 -4.00746888841 -0.652790320685 -1.33394547646
6.49907095241 -2 3.50567724112 -4.00821985639 -0.653400771727 -1.33361656141
6.49941227932 -2 3.50541910196 -4.00856773298 -0.653695757599 -1.33345748014
6.50373950394 -2 3.50098260109 -4.01310102973 -0.657435749801 -1.33143259826
6.50631841937 -2 3.49824120373 -4.01581040552 -0.659664916137 -1.33021867774
6.5078687967 -2 3.49668491173 -4.01742819798 -0.661005112392 -1.3294863337
6.50948590023 -2 3.49488449901 -4.01913400296 -0.662403050886 -1.32872041774
6.5119124018 -2 3.49236227423 -4.02167251621 -0.664500806514 -1.32756721176
6.5139667296 -2 3.49027056171 -4.02381541409 -0.666276917672 -1.32658719603
6.52021247361 -2 3.48368354979 -4.03034654127 -0.67167737998 -1.32358691446
6.52499116253 -2 3.47854522213 -4.03534549769 -0.675809890086 -1.32127028816
6.52514778914 -2 3.47843781478 -4.03550259215 -0.675945345275 -1.32119404918
6.53316897791 -2 3.4697437795 -4.04388338572 -0.682882922241 -1.31726347327
6.53473369442 -2 3.46793351026 -4.04552813307 -0.684236391433 -1.3164907337
6.53835171933 -2 3.46405886895 -4.04929426194 -0.687366117594 -1.31469647784
6.54440740527 -2 3.4573655261 -4.05561049333 -0.69260497937 -1.31166996569
6.54646376477 -2 3.45510325157 -4.05775133475 -0.694384090497 -1.31063558771
6.54845004708 -2 3.45275549563 -4.05983549645 -0.696102629027 -1.3096332601
6.5493739593 -2 3.45188113598 -4.06078084627 -0.696902019485 -1.30916595989
6.5507556313 -2 3.4503152428 -4.06222207336 -0.698097495496 -1.30846586337
6.557600336 -2 3.44250867867 -4.06935748415 -0.704020148554 -1.30497522175
6.56088252745 -2 3.43875761378 -4.07277417651 -0.706860384991 -1.30328815729
6.56192520259 -2 3.43761878955 -4.07385306797 -0.70776268491 -1.30275042374
6.56279936449 -2 3.4365764487 -4.07476680861 -0.708519166851 -1.3022989307
6.56387548744 -2 3.43541099695 -4.07587851339 -0.709450431961 -1.30174229343
6.56570483222 -2 3.43328068013 -4.07778360978 -0.711033551933 -1.3007939316
6.5660925968 -2 3.43278615538 -4.07819194576 -0.711369128359 -1.30059256669
6.56952583821 -2 3.42888759624 -4.0817529449 -0.714340355595 -1.29880448596
6.57480174726 -2 3.42278903273 -4.08722884291 -0.71890645941 -1.29603848076
6.58143411745 -2 3.41501350708 -4.09411060714 -0.724646782571 -1.29253000259
6.60556513291 -2 3.38603429213 -4.11909228171 -0.745533378834 -1.27947109485
6.60574611026 -2 3.38586577051 -4.11927355314 -0.745690024627 -1.27937141794
6.60868355736 -2 3.38231936496 -4.12230217226 -0.748232536327 -1.27774994772
6.61590503855 -2 3.3732671241 -4.12977075581 -0.754482990676 -1.27373478014
6.61689610231 -2 3.37206093908 -4.13079033389 -0.755340776136 -1.27318054006
6.62587074718 -2 3.36083545773 -4.14003976456 -0.763108262469 -1.26812639757
6.62595358178 -2 3.36077673087 -4.1401201262 -0.763179952761 -1.26807945364
6.63150667197 -2 3.35391491373 -4.14581919104 -0.767985825765 -1.264920121
6.63269193406 -2 3.35233365228 -4.14704680585 -0.769011566871 -1.26424265155
6.63538836305 -2 3.34881736715 -4.14982886062 -0.771345042879 -1.26269732609
6.63932189522 -2 3.34387676618 -4.15386197635 -0.774748971777 -1.26043278901
6.63940881657 -2 3.34382215717 -4.15394511032 -0.774824188355 -1.26038261135
6.64299465995 -2 3.33909721481 -4.15764061874 -0.777927090172 -1.25830742832
6.65303694393 -2 3.32614860245 -4.16793373839 -0.78661602207 -1.25244223531
6.6583641203 -2 3.31925790646 -4.17338101578 -0.791224696056 -1.24929889344
6.6672444789 -2 3.3074599123 -4.18247159396 -0.798906277877 -1.24400973081
6.66900694294 -2 3.30527639602 -4.18425507778 -0.800430655229 -1.24295269095
6.66979403023 -2 3.30418833164 -4.18506343121 -0.801111397879 -1.2424798528
6.67152151505 -2 3.30177691723 -4.18683929958 -0.802605437327 -1.24144038481
6.67879166723 -2 3.29214253416 -4.19424480024 -0.808892466778 -1.23704031062
6.68724500863 -2 3.28065281633 -4.20286125792 -0.816201230757 -1.23187248679
6.71370994099 -2 3.24431726981 -4.22969743342 -0.839070903815 -1.21533553188
6.71451275423 -2 3.24309365824 -4.23052040255 -0.839764336147 -1.21482542566
6.72014923559 -2 3.2351895411 -4.23621668831 -0.844632279498 -1.2112300269
6.73227722003 -2 3.217810293 -4.24847102472 -0.855102949883 -1.20341091867
6.74148487148 -2 3.2047181827 -4.25772427407 -0.863048775212 -1.19739916033
6.74355245008 -2 3.20178249272 -4.25979695924 -0.864832560018 -1.19604028485
6.75749776584 -2 3.18130856434 -4.27380467118 -0.876859172906 -1.18678959305
6.76158874534 -2 3.17544076525 -4.2778839361 -0.88038569989 -1.18404764913
6.77276218112 -2 3.15878360696 -4.28905893217 -0.890013583462 -1.17649378955
6.78207100077 -2 3.14499796727 -4.29831980793 -0.898030190789 -1.17012804873
6.78537798974 -2 3.14000515054 -4.3016114762 -0.900877067389 -1.16785077507
6.7884489056 -2 3.13524239396 -4.30467780609 -0.903520209049 -1.16572864916
6.7918130706 -2 3.13018041007 -4.30801554325 -0.906415179677 -1.16339568432
6.79403324329 -2 3.12668407546 -4.31023258385 -0.908325376508 -1.16185136183
6.79405025138 -2 3.1266713947 -4.310248029 -0.90834000893 -1.16183951685
6.80072668199 -2 3.11650843194 -4.31686442691 -0.914082657846 -1.15717296117
6.8024737559 -2 3.11401357527 -4.31857483395 -0.915584971328 -1.15594627414
6.80678666615 -2 3.10742226835 -4.32283865099 -0.919292909295 -1.15290816567
6.81519637841 -2 3.09440425295 -4.33114797697 -0.926519866311 -1.14694391075
6.81799580415 -2 3.09001978189 -4.33391285945 -0.928924636639 -1.14494673599
6.8198919147 -2 3.08706827353 -4.33578170134 -0.930553166416 -1.14359066517
6.82260440643 -2 3.08272697497 -4.33846543248 -0.932882482188 -1.14164604135
6.82428607785 -2 3.08023309975 -4.34010624173 -0.934326364015 -1.14043765713
6.82844392566 -2 3.07371124941 -4.34419648738 -0.937895520412 -1.13744089376
6.82972236806 -2 3.07158241631 -4.34546605953 -0.93899273135 -1.13651685666
6.8329208137 -2 3.06676285322 -4.34858426085 -0.941737302426 -1.13419971763
6.84026913206 -2 3.05503696155 -4.35580239862 -0.948040302497 -1.1288472194
6.84275304913 -2 3.05110662237 -4.35823341072 -0.950170054314 -1.12702882827
6.84919215793 -2 3.04076531439 -4.36453945684 -0.9556890756 -1.12229357443
6.85704103209 -2 3.02833199304 -4.37218299428 -0.962412468291 -1.1164798918
6.86110755829 -2 3.02169862258 -4.37615332145 -0.965894128084 -1.11344981989
6.86489917555 -2 3.01557535613 -4.3798419971 -0.969139318031 -1.11061354823
6.86644220109 -2 3.01318549257 -4.38133023879 -0.970459663518 -1.10945625992
6.86647766532 -2 3.01315852072 -4.38136139689 -0.970490007659 -1.10942964059
6.88052491402 -2 2.99013648498 -4.3949985689 -0.98250161289 -1.09881274634
6.89421771303 -2 2.96789253713 -4.40818556205 -0.994195029168 -1.08832383642
6.89424042035 -2 2.96754385562 -4.40824120646 -0.994214408014 -1.08830632786
6.89777255764 -2 2.96188917101 -4.41162013139 -0.997228272927 -1.08557825841
6.89793720091 -2 2.96167005884 -4.41177266854 -0.99736873233 -1.08545087208
6.89945613216 -2 2.95890422469 -4.41326014198 -0.99866444469 -1.08427472157
6.9000630918 -2 2.95801528901 -4.41383076195 -0.999182151936 -1.08380426352
6.90517782667 -2 2.94941772081 -4.41875278059 -1.00354351814 -1.07982909592
6.90548462668 -2 2.94909054252 -4.41902717822 -1.00380505655 -1.07959004313
6.91078028133 -2 2.94032055738 -4.42409576239 -1.00831815627 -1.0754529351
6.91402230105 -2 2.93482151667 -4.42720658451 -1.01107987019 -1.07291008474
6.92174733281 -2 2.92196192992 -4.43457322522 -1.01765662599 -1.06682017283
6.9246316365 -2 2.91679271874 -4.43735663176 -1.02011079892 -1.06453525042
6.92528256328 -2 2.91585785744 -4.43795910581 -1.02066454782 -1.06401875585
6.92695298082 -2 2.91316381114 -4.43953631348 -1.02208540581 -1.06269191304
6.9281602142 -2 2.91102159296 -4.44069657199 -1.02311211697 -1.06173172561
6.93157510598 -2 2.90522408866 -4.44394648908 -1.02601562526 -1.05900992949
6.94036610217 -2 2.89016121281 -4.4523029946 -1.03348504681 -1.05196434328
6.95201177186 -2 2.87036457257 -4.4633006633 -1.04336836283 -1.04254496855
6.96163076176 -2 2.85390847939 -4.47234792061 -1.05152139607 -1.03469127334
6.96957444459 -2 2.84013339738 -4.47980668361 -1.05824721007 -1.02815543178
6.97142563663 -2 2.83687178422 -4.48154616928 -1.05981363268 -1.02662583954
6.97245771607 -2 2.83504963121 -4.48251566979 -1.0606867882 -1.02577199638
6.97410626681 -2 2.83204551283 -4.48407337162 -1.06208125129 -1.02440656721
6.97802365513 -2 2.82533420439 -4.48772331699 -1.06539368473 -1.02115417524
6.97833762583 -2 2.82462940764 -4.48803365374 -1.06565909747 -1.02089302928
6.98263759154 -2 2.81714107211 -4.49204419703 -1.06929295608 -1.01730945973
6.98568928457 -2 2.81199554893 -4.49486678776 -1.07187067646 -1.01475821656
6.98884806252 -2 2.8062925874 -4.49782463968 -1.07453775923 -1.01211048274
6.99174352403 -2 2.80124993786 -4.50051164774 -1.07698153066 -1.00967724648
6.99493662133 -2 2.79550202014 -4.50349048186 -1.07967540784 -1.00698700022
7.00112551301 -2 2.78459540085 -4.50922468965 -1.08489338743 -1.00175219913
7.01178475288 -2 2.7659097778 -4.5190466093 -1.09386995875 -0.992672840896
7.01285600757 -2 2.76401040323 -4.52003299092 -1.09477136239 -0.991755940858
7.01431581578 -2 2.76144747297 -4.52137348842 -1.09599949219 -0.990505174667
7.01661842449 -2 2.75727467685 -4.52349992402 -1.09793614608 -0.988529253042
7.01800082379 -2 2.7548835458 -4.52476293079 -1.09909853279 -0.987341196519
7.02054276595 -2 2.75039754483 -4.52709258087 -1.10123531335 -0.985153111894
7.0206157438 -2 2.74998164682 -4.52719058326 -1.10129664761 -0.98509022623
7.0238620703 -2 2.7444595838 -4.53013860048 -1.10402436543 -0.982289064033
7.02597598529 -2 2.74053280106 -4.53209141385 -1.10579988157 -0.980461061951
7.02766528773 -2 2.73765327033 -4.53362233608 -1.10721836099 -0.978997996128
7.02949451947 -2 2.73430255348 -4.53530374232 -1.10875393738 -0.977411492201
7.03275342221 -2 2.72838528608 -4.5382895267 -1.11148863806 -0.974579238124
7.04597514507 -2 2.70459227047 -4.55032608255 -1.12256981245 -0.963012606648
7.05104131143 -2 2.69525680544 -4.55493886067 -1.12680981252 -0.958548457961
7.05512642327 -2 2.68801306784 -4.55861823377 -1.13022629049 -0.954935846167
7.05592439848 -2 2.68653179823 -4.55934317544 -1.13089339876 -0.954228821233
7.0849261335 -2 2.63352166911 -4.58538337652 -1.15508019764 -0.928235339322
7.08838164437 -2 2.62716324057 -4.58846219061 -1.15795420543 -0.925099864275
7.09287836759 -2 2.61873284597 -4.59247651645 -1.1616916478 -0.921007434738
7.09697771011 -2 2.61133894028 -4.59609542737 -1.16509626331 -0.917264681528
7.10786721559 -2 2.59111496786 -4.60573001543 -1.17412833966 -0.907267107579
7.12498301129 -2 2.55922878531 -4.62076006675 -1.18828876578 -0.891391569605
7.12738085499 -2 2.55476714355 -4.62285293345 -1.19026899436 -0.889151773596
7.12948636992 -2 2.55067623976 -4.62470697374 -1.19200707032 -0.88718186603
7.1342361113 -2 2.54177216102 -4.62884567956 -1.19592537612 -0.882727157918
7.16310456812 -2 2.4872231024 -4.65379109659 -1.21966272583 -0.855329496943
7.16374315269 -2 2.4861903871 -4.65431901634 -1.22018626422 -0.854717222255
7.1650183229 -2 2.48361074255 -4.65542872113 -1.22123149828 -0.853493787292
7.16586290143 -2 2.48226261784 -4.65612410245 -1.22192363422 -0.852682886166
7.16899227057 -2 2.47626065307 -4.65880662565 -1.22448712187 -0.84967421767
7.17895278612 -2 2.457308278 -4.66729345425 -1.23263543551 -0.840055180829
7.18257678182 -2 2.45021204209 -4.67038980131 -1.23559587027 -0.836539349164
7.18425053022 -2 2.44729190262 -4.6717786782 -1.23696238524 -0.834912668007
7.18979974702 -2 2.43653534527 -4.6764892697 -1.24148949791 -0.829506467159
7.19841262055 -2 2.42013176675 -4.68373577497 -1.24850525275 -0.821076013022
7.19968421473 -2 2.41752788046 -4.68482198466 -1.24953993482 -0.819827285998
7.20430630742 -2 2.408893705 -4.68867262472 -1.25329844135 -0.815279524613
7.21192249722 -2 2.39428700937 -4.69503331943 -1.25948321788 -0.807755817829
7.22279502504 -2 2.37330116813 -4.70407285806 -1.26829392691 -0.796950881346
7.22448686491 -2 2.36996856967 -4.70548088721 -1.26966296475 -0.795262770057
7.22808302073 -2 2.36317093815 -4.70843745901 -1.27257119806 -0.791668483738
7.24226428953 -2 2.33567695658 -4.72010120821 -1.28401583538 -0.777414585326
7.24402871374 -2 2.3322725286 -4.72154278635 -1.28543707882 -0.775632228286
7.24832257499 -2 2.32397106981 -4.72504549203 -1.28889326655 -0.771286531361
7.24980366819 -2 2.32116071586 -4.72624553015 -1.29008458766 -0.769784867669
7.25324548811 -2 2.31444612873 -4.72904941788 -1.29285136938 -0.766289924287
7.26314045773 -2 2.29512640844 -4.73707495456 -1.30079265824 -0.756200901498
7.26771712926 -2 2.28619310343 -4.74076798747 -1.30445911482 -0.751513804409
7.26900258708 -2 2.28353445673 -4.74181935429 -1.30548816278 -0.750194986375
7.27823632267 -2 2.26576644374 -4.7491996416 -1.31287021999 -0.740691480784
7.28444666613 -2 2.25368092186 -4.75415077239 -1.31782538439 -0.734270036288
7.28505956767 -2 2.25246532176 -4.75464069003 -1.31831398101 -0.733635011851
7.28698870759 -2 2.24872780225 -4.75617170573 -1.31985135712 -0.731634729729
7.28756829495 -2 2.24735333715 -4.75665857362 -1.32031309294 -0.731033321326
7.29417405379 -2 2.23474160045 -4.76186249918 -1.32557071239 -0.724164288313
7.30485268007 -2 2.21372352057 -4.77029030279 -1.3340505759 -0.713003598271
7.30500456761 -2 2.21341940683 -4.7704102614 -1.33417101472 -0.712844352611
7.30888828898 -2 2.20589581456 -4.77344562313 -1.33724892492 -0.708767722465
7.31329003495 -2 2.19704393195 -4.77691053645 -1.34073345976 -0.704136271025
7.31410329933 -2 2.19564867148 -4.77752340579 -1.34137680288 -0.703279281912
7.31437554823 -2 2.19506514634 -4.77774112497 -1.34159213684 -0.702992306294
7.31453490728 -2 2.19475248387 -4.77786540827 -1.34171817367 -0.702824306261
7.3191873953 -2 2.18550355086 -4.78150045505 -1.34539538802 -0.697912781027
7.33754145602 -2 2.14937832309 -4.79567808857 -1.35985558795 -0.678409857571
7.33805999491 -2 2.14840615056 -4.79607050645 -1.36026302904 -0.677855933114
7.34329615447 -2 2.1380990688 -4.80007743946 -1.36437394052 -0.672253483983
7.35272292251 -2 2.11942054087 -4.80726367118 -1.3717592208 -0.662126267161
7.35931612807 -2 2.10633819288 -4.81226049134 -1.37691247422 -0.655011964861
7.36612292044 -2 2.0930650098 -4.81736674336 -1.38222209273 -0.647640391648
7.37711236308 -2 2.07140267832 -4.82557752488 -1.39077143106 -0.635681959956
7.37870311364 -2 2.0682494918 -4.82676195484 -1.39200660027 -0.633945122
7.37931818754 -2 2.06684622796 -4.8272394949 -1.39248402467 -0.633273168817
7.38275282967 -2 2.06017099007 -4.8297759456 -1.39514835436 -0.629516875754
7.38322497519 -2 2.05923296012 -4.83012628101 -1.39551438743 -0.628999980301
7.38590184951 -2 2.05373676721 -4.83212931564 -1.39758863444 -0.62606695541
7.38725499795 -2 2.05131786463 -4.83310118207 -1.39863650086 -0.624582749371
7.39223936979 -2 2.04136588582 -4.83678463745 -1.40249253611 -0.619106519768
7.39423201584 -2 2.0373265349 -4.83825959285 -1.40403240965 -0.616913241031
7.39622707893 -2 2.03347922594 -4.8397125475 -1.40557318128 -0.614715018571
7.39739083758 -2 2.03107309617 -4.84057654539 -1.40647149382 -0.613431699363
7.39784018508 -2 2.03015344843 -4.84090890951 -1.40681825923 -0.612935979841
7.40039201055 -2 2.02529398833 -4.84275464087 -1.40878658617 -0.610118618219
7.40105215426 -2 2.02365813057 -4.84327259032 -1.40929552144 -0.609389175507
7.40615804978 -2 2.01373627495 -4.84697329442 -1.4132282614 -0.603738884783
7.40663441582 -2 2.01279282406 -4.84731967847 -1.41359484635 -0.603210970505
7.40912446236 -2 2.00798234951 -4.84911488689 -1.41551013149 -0.600449371954
7.41836429901 -2 1.98955099132 -4.85580631849 -1.42260366527 -0.590171152451
7.41838729768 -2 1.98953124258 -4.85582007243 -1.42262129489 -0.590145508932
7.4200550677 -2 1.98595866284 -4.85704893984 -1.42389936721 -0.588285149653
7.42213665668 -2 1.98203089201 -4.85852265571 -1.42549357766 -0.585960985727
7.43258167383 -2 1.96128207721 -4.8659900902 -1.43347638096 -0.574262033633
7.43381935783 -2 1.95894442936 -4.86685734932 -1.43442045398 -0.572871717771
7.44374342902 -2 1.93916660224 -4.87388918604 -1.44197596105 -0.561692968892
7.44942830809 -2 1.92784985095 -4.87788834076 -1.44629248392 -0.555264764812
7.46078038198 -2 1.90522641591 -4.88581659211 -1.45488661607 -0.542375100093
7.46136555271 -2 1.90418660961 -4.88620936927 -1.45532869422 -0.541708755644
7.4670899208 -2 1.89250662919 -4.89020404941 -1.45964844121 -0.535180458707
7.47595429696 -2 1.87502194526 -4.89628389033 -1.466320293 -0.525036021025
7.47827012672 -2 1.87056123021 -4.89785245252 -1.46805980936 -0.522378766841
7.48462116993 -2 1.85791624557 -4.90218142654 -1.47282281677 -0.515076557494
7.48630607531 -2 1.8545370505 -4.90332825669 -1.47408456333 -0.513135674403
7.48736153645 -2 1.8523432741 -4.90405409355 -1.47487454988 -0.511919088164
7.4882033622 -2 1.85076105812 -4.90461432227 -1.47550441508 -0.510948322966
7.49271643516 -2 1.84183903405 -4.90765778214 -1.47887781009 -0.505737539463
7.49592648711 -2 1.83532653871 -4.9098327044 -1.48127378852 -0.502024610062
7.49787544055 -2 1.83150547177 -4.9111355515 -1.48272708183 -0.499767665025
7.51156011174 -2 1.80419368861 -4.92026743581 -1.49290136282 -0.483863806294
7.51413081018 -2 1.79898904123 -4.92197751461 -1.49480670417 -0.480865226068
7.51983271863 -2 1.78765794459 -4.92573222455 -1.49902607919 -0.4742019156
7.52698412744 -2 1.77347589637 -4.93040855161 -1.50430484575 -0.465820753357
7.53527407895 -2 1.75724549344 -4.93576517257 -1.51040543662 -0.456072110364
7.5427626754 -2 1.74224923167 -4.9406019213 -1.51589899403 -0.44723542444
7.54921874546 -2 1.72951983976 -4.94472078715 -1.52062178913 -0.439594122803
7.55322727476 -2 1.72149225185 -4.9472778984 -1.52354789269 -0.434839023287
7.55526000019 -2 1.71738071512 -4.94857500702 -1.52502988191 -0.43242460045
7.55724706789 -2 1.71353399908 -4.94982163703 -1.52647738427 -0.430062389664
7.55771277578 -2 1.71259965245 -4.95011699362 -1.52681646273 -0.429508471349
7.56035924129 -2 1.70734935737 -4.95178626473 -1.52874209316 -0.426358658826
7.56496291535 -2 1.6980569917 -4.95469634875 -1.53208678813 -0.420870990957
7.57023522877 -2 1.68765586352 -4.95798577613 -1.53590935641 -0.41457324715
7.57163524946 -2 1.6848532202 -4.95886058988 -1.53692298321 -0.412898599283
7.58713840563 -2 1.65424611966 -4.96841451496 -1.54810705663 -0.394289367657
7.59057648646 -2 1.64727313127 -4.97053171776 -1.55057720454 -0.39014641523
7.59872573618 -2 1.63123239096 -4.97546567034 -1.55641736553 -0.380303341636
7.60048763999 -2 1.62788538455 -4.97651342544 -1.5576772819 -0.378170976644
7.6506433181 -2 1.52900179743 -5.00585128909 -1.59312311748 -0.316848093262
7.65393081632 -2 1.52250026157 -5.0077165921 -1.59541752498 -0.312787470799
7.66523595056 -2 1.50020245381 -5.01406778824 -1.60327978418 -0.298785901723
7.66598876661 -2 1.49878317896 -5.01448047238 -1.60380179829 -0.297851459978
7.66600825569 -2 1.49876576357 -5.01448905284 -1.60381530975 -0.297827265517
7.6769324914 -2 1.47735186985 -5.02052214498 -1.61136846492 -0.284238504741
7.67968808274 -2 1.47209670942 -5.02201500096 -1.61326723903 -0.280802323657
7.68311680574 -2 1.46525568653 -5.02389795467 -1.61562617721 -0.276522019995
7.68712451575 -2 1.45737524192 -5.02607592468 -1.61837828376 -0.271512294435
7.69330803423 -2 1.44530112916 -5.02940514667 -1.62261353809 -0.263768804099
7.69435127354 -2 1.44336228756 -5.02995353259 -1.62332676049 -0.262460714691
7.69583099763 -2 1.44053081439 -5.03073889283 -1.6243377352 -0.26060450822
7.70913329715 -2 1.41459320493 -5.03778256079 -1.63339139416 -0.243874771559
7.71134747308 -2 1.41011290077 -5.03896059222 -1.6348922793 -0.241082637813
7.71525511542 -2 1.40262060141 -5.04098616597 -1.63753680763 -0.236149843865
7.71935065164 -2 1.39446835878 -5.04313009051 -1.64030261273 -0.230972828009
7.72245603915 -2 1.38845477817 -5.04472957221 -1.64239572047 -0.2270426439
7.72793954334 -2 1.37782631362 -5.04753829735 -1.64608321603 -0.220092696632
7.74575777774 -2 1.34331177654 -5.05651492399 -1.65798964785 -0.197422008258
7.74945363755 -2 1.33630689757 -5.05833172036 -1.66044462899 -0.192703104583
7.75101429688 -2 1.33318447883 -5.05911381428 -1.66147977602 -0.190708751026
7.75950431552 -2 1.31673720084 -5.06327929255 -1.66709507594 -0.179841937159
7.76670968153 -2 1.30293743841 -5.06675651913 -1.67183948292 -0.170596404704
7.77034797168 -2 1.2960196254 -5.06849261519 -1.67422768017 -0.165919987284
7.77384565267 -2 1.28922236493 -5.0701685213 -1.67651884366 -0.161419293393
7.79106342014 -2 1.25608784257 -5.07825350812 -1.68772913799 -0.139193286988
7.79241134089 -2 1.25365949584 -5.07885935887 -1.68860193107 -0.137448370012
7.80614540294 -2 1.22738479604 -5.08512293676 -1.69745453861 -0.119629163498
7.8096304742 -2 1.22067881036 -5.08669452687 -1.6996891629 -0.115095945872
7.81773147617 -2 1.20528990609 -5.09029150044 -1.70486497437 -0.104540726121
7.82455088958 -2 1.19250643196 -5.09326331867 -1.70920174479 -0.095636209036
7.82672378244 -2 1.18818613412 -5.09422982745 -1.71057968016 -0.092795285587
7.82947002219 -2 1.18309560275 -5.09540622006 -1.71231849259 -0.0892022392247
7.83602869053 -2 1.17058941436 -5.09823092996 -1.71645890103 -0.0806099335374
7.84216915454 -2 1.15895137206 -5.10083883953 -1.72031952673 -0.0725512208097
7.84722613235 -2 1.14949748581 -5.10295128444 -1.72348742416 -0.0659041884364
7.84960635269 -2 1.14501687624 -5.10394230493 -1.72497487457 -0.0627723682331
7.85010175427 -2 1.14410343723 -5.10414596 -1.72528416978 -0.0621202783039
7.85294563413 -2 1.13874286597 -5.10532419008 -1.72705774722 -0.0583752195963
7.85678810439 -2 1.1315561641 -5.10690041511 -1.72944880894 -0.0533105490508
7.86160519816 -2 1.12257126042 -5.10885810635 -1.73243774199 -0.0469538502247
7.8661277653 -2 1.1138693582 -5.11070912995 -1.73523517182 -0.0409783705514
7.87287999784 -2 1.10132264735 -5.11339569397 -1.73939590237 -0.0320436260879
7.8752682741 -2 1.09686922533 -5.11433939003 -1.74086299375 -0.0288796051095
7.87660951266 -2 1.09428303981 -5.11487671741 -1.7416858519 -0.0271018511466
7.87865813628 -2 1.09059749442 -5.11566608401 -1.74294123528 -0.0243852945951
7.88383715056 -2 1.08089102555 -5.11768970951 -1.74610701214 -0.0175113083696
7.89117608587 -2 1.06717776253 -5.12051793175 -1.75057363385 -0.00775490847953
7.89263566359 -2 1.06449616371 -5.1210705655 -1.75145923125 -0.00581237795207
7.89514367604 -2 1.05976410394 -5.12202985846 -1.75297884229 -0.00247283472296
7.89814720777 -2 1.05433188231 -5.1231468859 -1.7547951502 0.0015292784312
7.90666364219 -2 1.03852045748 -5.12632104931 -1.75992417624 0.0128934006831
7.95701925429 -2 0.94618198504 -5.14382206963 -1.78960231043 0.0805600072951
7.9584346553 -2 0.943602558812 -5.14428378893 -1.79042018616 0.0824732659309
7.96758803915 -2 0.926878597308 -5.14723649244 -1.79568744577 0.0948606128795
7.99725858025 -2 0.873533625741 -5.15626021026 -1.81249692895 0.135180025442
8.02973086722 -2 0.816026903512 -5.16523911491 -1.83042123393 0.179583444689
8.07853606121 -2 0.730857238406 -5.17699807498 -1.85640286853 0.246820827696
8.08793049032 -2 0.714628048531 -5.17902062894 -1.86126861073 0.259827109688
8.09738736462 -2 0.698555489963 -5.18095457508 -1.8661217233 0.272939429764
8.09782866412 -2 0.697776596887 -5.18104615482 -1.86634708331 0.27355177961
8.11681404156 -2 0.665529050735 -5.18469645163 -1.87594816247 0.299934671309
8.15246765073 -2 0.605888774928 -5.1906398967 -1.89347334478 0.349673397024
8.15416217476 -2 0.603150610283 -5.1908853499 -1.89428961498 0.352043240765
8.15556673876 -2 0.600811987031 -5.19109445686 -1.8949650511 0.354007953644
8.15853190818 -2 0.595778508105 -5.1915409003 -1.89638751143 0.358156795074
8.17082501287 -2 0.575724505127 -5.19322410207 -1.90223463581 0.375373433294
8.18245044333 -2 0.556557978625 -5.19471980337 -1.90768930586 0.391678230204
8.18761397834 -2 0.548237004578 -5.19532637722 -1.91008852464 0.398927119683
8.20150668825 -2 0.525744610438 -5.19685658035 -1.9164713326 0.418450975898
8.24188416616 -2 0.461570805561 -5.20023061084 -1.93441390566 0.47534933536
8.25041497794 -2 0.448212997327 -5.20074071496 -1.93808709442 0.487397161084
8.25126069437 -2 0.446931197613 -5.20078321694 -1.93844897828 0.488592003003
8.25919564998 -2 0.434692690514 -5.20117454025 -1.94182438611 0.499806546639
8.2637794069 -2 0.427495307433 -5.20138931685 -1.94375773913 0.506287944506
8.26884015193 -2 0.419684458917 -5.20159031511 -1.94587817713 0.513446368114
8.27495191447 -2 0.410250373634 -5.20180315137 -1.9484191852 0.522094926956
8.31315907874 -2 0.352436391986 -5.20225865542 -1.96380706096 0.576237199355
8.31680376948 -2 0.347006020144 -5.20222507784 -1.96522966054 0.581408041437
8.34110078331 -2 0.311105505212 -5.20166434032 -1.97450849565 0.615900768011
8.36675251179 -2 0.273972055387 -5.20041108217 -1.98391323536 0.65234971994
8.37695950615 -2 0.259510191645 -5.19971213798 -1.98754203467 0.666859845367
8.3785093881 -2 0.257222939903 -5.19960760646 -1.98808735463 0.66906339651
8.37937431276 -2 0.256098470146 -5.19953182341 -1.98839102028 0.670293133397
8.43110491482 -2 0.184224541539 -5.19425056513 -2.00568945696 0.743859965369
8.43644029193 -2 0.176916288267 -5.19355368217 -2.00737564941 0.75144725839
8.43671604438 -2 0.176584761994 -5.19351193013 -2.00746229405 0.751839386449
8.45290453888 -2 0.154867473734 -5.19118116435 -2.01246163533 0.774857134308
8.45906659685 -2 0.146672588783 -5.19022176018 -2.0143192802 0.783616896739
8.4778549138 -2 0.121969084442 -5.18704548218 -2.01982760281 0.810317152044
8.49603483299 -2 0.0984683294704 -5.1836109725 -2.02493219001 0.836136950856
8.51401560083 -2 0.075613969655 -5.17986297898 -2.02976017914 0.861654098538
8.51489092459 -2 0.0745443833331 -5.17966798309 -2.02998956358 0.862895721883
8.53371820394 -2 0.051106944341 -5.1753430352 -2.03479541098 0.889586915005
8.55200220063 -2 0.0286704979379 -5.17078131451 -2.03922657097 0.915477550697
8.56099213703 -2 0.0178598753601 -5.16839589497 -2.04131916844 0.928195130556
8.60284115766 -2 -0.0313734800137 -5.15613713645 -2.05030196131 0.987269981411
8.6131145729 -2 -0.0431138616564 -5.15282778936 -2.05231375792 1.00173597297
8.65460503478 -2 -0.0892357639831 -5.13825915999 -2.05964778341 1.059987226
8.66600651164 -2 -0.101535327192 -5.13391459817 -2.06143817794 1.07594132161
8.66767006901 -2 -0.10329441865 -5.13326595043 -2.06169120992 1.07826706248
8.6691467053 -2 -0.104883448525 -5.13269085453 -2.06191405616 1.08033102578
8.67810826374 -2 -0.114397256666 -5.12913955539 -2.06323100642 1.09284774151
8.6813297631 -2 -0.117804290451 -5.12784177598 -2.06368949517 1.0973432855
8.68211818946 -2 -0.118612404175 -5.12751977385 -2.06380049953 1.09844319545
8.68943660965 -2 -0.126298786214 -5.12452102599 -2.06480819893 1.10864671837
8.68990608027 -2 -0.126788730316 -5.1243264729 -2.06487144207 1.10930088052
8.73021361144 -2 -0.167803751192 -5.10667465372 -2.06966586642 1.16528149583
8.73501694918 -2 -0.172557826865 -5.10444617571 -2.0701526622 1.17192693387
8.74365335499 -2 -0.181036852574 -5.10037240617 -2.07098214829 1.18386085504
8.76012073755 -2 -0.196951936656 -5.09236486986 -2.0723997726 1.20656209006
8.79960839492 -2 -0.233797244743 -5.07187686757 -2.07491143818 1.26069139568
8.81960120897 -2 -0.251751369821 -5.06080751531 -2.07569822891 1.28791956689
8.82439102839 -2 -0.255986544232 -5.05808606993 -2.07583772185 1.29442398232
8.84134231798 -2 -0.270729348124 -5.0482339449 -2.07617802741 1.31738261057
8.86694766824 -2 -0.292388049824 -5.03270887662 -2.07623450138 1.3518754198
8.87427583753 -2 -0.298483412975 -5.02812604228 -2.07614836045 1.36170404255
8.89010998134 -2 -0.311307311514 -5.01799014508 -2.07580533523 1.38287286075
8.90568924817 -2 -0.323714914306 -5.0077320256 -2.07525694244 1.40360726654
8.93585729179 -2 -0.347052842001 -4.9870483009 -2.07359345911 1.4434811828
9.03428877761 -2 -0.416459600703 -4.91190291539 -2.06250008528 1.57077053677
9.03705752612 -2 -0.418245025923 -4.90961579833 -2.06205961494 1.57428324066
9.08119011627 -2 -0.446146970346 -4.87193715973 -2.05406517138 1.62972719242
9.08829433019 -2 -0.450467191222 -4.86564780645 -2.05260543498 1.63855299915
9.18178262748 -2 -0.503410151058 -4.7770790978 -2.02881667345 1.75191783602
9.18482554825 -2 -0.505112924542 -4.77402448063 -2.02789678412 1.75551605228
9.20904950957 -2 -0.51767488332 -4.74921404364 -2.02023961091 1.78394159809
9.21124430627 -2 -0.518700628542 -4.74691997315 -2.01951635778 1.78649757379
9.27665952329 -2 -0.550472689104 -4.67606684131 -1.99567668987 1.86112326158
9.28696951484 -2 -0.555391625719 -4.66442638482 -1.99151105671 1.87260043342
9.33144803412 -2 -0.575178283001 -4.61258952654 -1.97224025488 1.92117735069
9.3345917181 -2 -0.576707977676 -4.60884968557 -1.97079761563 1.92455167708
9.42728405269 -2 -0.614674756929 -4.49238059778 -1.92336914637 2.02032886043
9.67736282143 -2 -0.705664403216 -4.12302735557 -1.74556508463 2.23764792481
9.70157159752 -2 -0.714086550684 -4.08292952793 -1.72427121774 2.25506133238
9.7976934225 -2 -0.747941742629 -3.91605024143 -1.63221814077 2.31708604949
9.97980325532 -2 -0.815480100937 -3.56566229117 -1.42349302186 2.40043804764
10.0335052493 -2 -0.836987690853 -3.45364571058 -1.35296133503 2.41564125184
10.3314664317 -2 -0.973928162011 -2.75778786587 -0.881814978037 2.41077560431
10.5187298595 -2 -1.07734191813 -2.25366284017 -0.511553256818 2.31968634192
10.8992980915 -2 -1.3282474733 -1.06051508985 0.436842190167 1.88216854997
