1.77034980863 -2 -22221.934709 25278.8518566 354282.088272 -335646.242972
1.8432278434 -2 -13783.1816463 16698.0190836 258406.873609 -236956.523349
2.31646863451 -2 549.543508607 309.349275953 27931.0186694 -17636.4443924
2.33512630927 -2 588.611001439 214.192588839 25386.7101134 -15598.9830717
2.45692219066 -2 641.587768392 -139.744523708 13344.8915566 -6441.30338237
2.48579163325 -2 621.992840765 -176.364245139 11394.6124932 -5067.25427209
2.62338254656 -2 467.334991985 -224.723926346 5174.51852304 -1079.05552472
2.66057751736 -2 420.308799856 -217.108952986 4128.68387445 -505.878150152
2.67432180343 -2 403.157500602 -213.133511591 3792.10917749 -331.535153395
2.68771619993 -2 386.646747033 -208.788772897 3487.3995941 -178.772994783
2.69564571163 -2 376.985560522 -206.027376942 3317.23998228 -95.7784675095
2.6958551585 -2 376.731590096 -205.952708194 3312.84496852 -93.6581473077
2.77642195416 -2 285.033542752 -172.853764697 1951.44198946 491.237583434
2.79288973227 -2 267.999005656 -165.513276365 1741.89520722 564.400403957
2.80088896053 -2 259.95491845 -161.930685963 1647.10782448 595.438165049
2.82161402402 -2 239.828472712 -152.65016583 1421.22138381 663.462426158
2.83820738572 -2 224.466992454 -145.269645104 1259.30833548 706.283314445
2.84523511219 -2 218.164024822 -142.16836726 1195.43025646 721.602414384
2.84993723142 -2 214.014312352 -140.103635994 1154.17475255 730.976582488
2.86424727594 -2 201.718149718 -133.879191938 1035.61321269 755.443929053
2.87842567569 -2 190.027008432 -127.81452041 927.93059596 774.117471376
2.91838323924 -2 159.672179482 -111.403787492 670.883954774 801.512787864
2.99775736577 -2 110.117252914 -82.4997303384 320.643155963 777.284820171
3.02880159727 -2 94.295497407 -72.6788516969 227.416054391 749.515783532
3.03939363638 -2 89.3161599827 -69.5230059138 200.035255156 738.503541322
3.04759783229 -2 85.6000152467 -67.1464216786 180.22942137 729.530850017
3.05192664923 -2 83.6876605508 -65.9161127087 170.250366044 724.654787109
3.06671367828 -2 77.4018742754 -61.8363674616 138.487496243 707.341206034
3.08083304238 -2 71.7453139979 -58.1161517362 111.299984153 689.993686252
3.10046009441 -2 64.4178467574 -53.223891089 78.1273984956 664.843602124
3.1095014817 -2 61.2444588229 -51.0772361385 64.5017274939 652.942387143
3.11363412366 -2 59.8347315356 -50.1180931657 58.5983974716 647.449542517
3.14177250774 -2 50.8894357544 -43.9476887407 23.3734644729 609.414031826
3.18230002403 -2 39.8571771811 -36.1122569857 -14.2865566906 553.834501839
3.30681810541 -2 16.9396215518 -18.698356668 -65.9344333058 392.546651787
3.3131140677 -2 16.134636908 -18.0445172604 -66.8468623592 385.114790739
3.33652743523 -2 13.3816116194 -15.7745211806 -69.2961339466 358.236239696
3.33763982571 -2 13.2599340019 -15.6728308979 -69.3784763022 356.989605887
3.35191143561 -2 11.7665300518 -14.4146844247 -70.1893434514 341.245336934
3.35515579443 -2 11.444405445 -14.140588599 -70.3134017081 337.731311189
3.3694538057 -2 10.0975391271 -12.9832045332 -70.6175707526 322.535274682
3.37171981058 -2 9.89471876323 -12.8071537328 -70.6315484701 320.170620925
3.40553697876 -2 7.18665585467 -10.4054071136 -69.8843220454 286.311170588
3.40645287465 -2 7.12113599347 -10.3459621826 -69.8419251117 285.431471516
3.44119637405 -2 4.91160870328 -8.29042102105 -67.5496845243 253.508434998
3.44469822014 -2 4.71679452133 -8.10367343896 -67.2543242871 250.446276991
3.45981080518 -2 3.92944063801 -7.33766413275 -65.8695862324 237.553484192
3.47079374606 -2 3.4092797416 -6.82001610949 -64.7636849946 228.509064211
3.47430388468 -2 3.2517523751 -6.66115406244 -64.3946749797 225.675624911
3.48896379661 -2 2.63770757788 -6.03117776984 -62.7820351201 214.137755725
3.50917349196 -2 1.89934840659 -5.24609880592 -60.4015792258 199.001708086
3.51126158448 -2 1.82976510471 -5.17024459237 -60.1471069892 197.487806311
3.51791720477 -2 1.6158179579 -4.93453481884 -59.3270340022 192.723922486
3.5188040559 -2 1.58822967462 -4.90379526658 -59.2167909426 192.096181147
3.52359962437 -2 1.44252317497 -4.74065487848 -58.6170194916 188.730210367
3.52574461775 -2 1.37932571543 -4.66920371742 -58.3468638543 187.240151472
3.5278124682 -2 1.31949070043 -4.60124067086 -58.0853890669 185.812702585
3.53076166355 -2 1.23592095813 -4.50569728824 -57.7108025487 183.792116502
3.54714501159 -2 0.810232743476 -4.0057620533 -55.5997081231 172.889985614
3.57774043944 -2 0.173240693619 -3.2008647522 -51.5727117664 153.950277104
3.58974682911 -2 -0.0264927878735 -2.9267294093 -49.981652985 147.003871057
3.59149578805 -2 -0.0534954831082 -2.88858233777 -49.7499757607 146.014157418
3.5949991145 -2 -0.105831575354 -2.81357238721 -49.2861333417 144.048410671
3.61776138349 -2 -0.397073207668 -2.36827769927 -46.2874600215 131.809108867
3.70990932552 -2 -0.893989810709 -1.17654489197 -34.844892322 90.8598010066
3.71842160709 -2 -0.898207193021 -1.10620335966 -33.8699245133 87.7029815228
3.74541780764 -2 -0.877629100481 -0.917638748314 -30.887670973 78.3131058965
3.75623792631 -2 -0.856649693967 -0.855455621417 -29.7407326958 74.8033913118
3.75742376057 -2 -0.853973739103 -0.849057268569 -29.6167491655 74.4272373729
3.76998693964 -2 -0.820922346429 -0.786487961679 -28.3242087995 70.5426684534
3.77538044454 -2 -0.804317316198 -0.762260063487 -27.7811339121 68.9302776277
3.7958269861 -2 -0.729888106256 -0.684052398861 -25.7872747038 63.1077965452
3.79815603879 -2 -0.720396715191 -0.676381851264 -25.5666853512 62.4728395212
3.80477539689 -2 -0.69219000578 -0.655982358582 -24.9470430942 60.6988536172
3.80605799408 -2 -0.68654207575 -0.652259865812 -24.8282250399 60.3602997041
3.8075555481 -2 -0.679921349238 -0.647998545813 -24.6900054005 59.9671133199
3.86327547457 -2 -0.387559021429 -0.549973629936 -19.9347465175 46.8539968004
3.86460737381 -2 -0.379809930878 -0.548835873548 -19.830166247 46.5744372493
3.8703872649 -2 -0.345437586742 -0.544685204163 -19.3811350046 45.378338429
3.89462669181 -2 -0.196267171658 -0.536811438073 -17.5818144455 40.6538938072
3.89912847905 -2 -0.16777044263 -0.536883917642 -17.2622861081 39.8263108248
3.91619468167 -2 -0.0582240590366 -0.541080820306 -16.0915745923 36.823395042
3.93013256905 -2 0.0328218117684 -0.548718662876 -15.182124824 34.5223077087
3.95334292859 -2 0.185901449853 -0.568364359327 -13.7575012745 30.9735313862
3.9651561036 -2 0.264160072404 -0.581285162241 -13.0740734352 29.2953972551
3.97441749826 -2 0.32549545604 -0.592620333134 -12.5572802591 28.0369690174
3.98352280311 -2 0.385710463804 -0.604758154098 -12.065101366 26.8469715297
3.98897609924 -2 0.421698125402 -0.612388966448 -11.7777351611 26.1560270835
3.99224726142 -2 0.44311692769 -0.617043052646 -11.6079820983 25.7492135568
4.00234540239 -2 0.509371286644 -0.632226491537 -11.0961683361 24.5287144387
4.00642707744 -2 0.535988192679 -0.638567098252 -10.8944532218 24.0502089969
4.01308960822 -2 0.579321736439 -0.649271286897 -10.5714612741 23.2869951001
4.0136194529 -2 0.582759249275 -0.650138748524 -10.546105418 23.2272365314
4.03560800673 -2 0.724076960082 -0.68762666645 -9.53566668552 20.8645312361
4.03793743932 -2 0.738813335226 -0.691708846753 -9.43330091626 20.6272243604
4.04593874218 -2 0.789321718168 -0.706120469323 -9.08831248719 19.830285859
4.04715688756 -2 0.796975193922 -0.708338455012 -9.03668063637 19.71139042
4.05980842471 -2 0.875750727342 -0.731708783384 -8.51406183321 18.5135001423
4.06048175063 -2 0.879962745303 -0.732989618534 -8.48693452656 18.451600675
4.06481103895 -2 0.906608310892 -0.741155433329 -8.31414380694 18.0579758336
4.06534562495 -2 0.909881900163 -0.742164968251 -8.29300201293 18.0098914329
4.06814035323 -2 0.927033628808 -0.747539755033 -8.183167382 17.760359215
4.07939760334 -2 0.99525020498 -0.769065371783 -7.75233315991 16.7860061766
4.09872665573 -2 1.10986756829 -0.806915835019 -7.05444347861 15.2230260323
4.12292046525 -2 1.24833622266 -0.854941821852 -6.25140184936 13.4487348334
4.14293868056 -2 1.35864020924 -0.894990252075 -5.64235858971 12.1209969283
4.14785201134 -2 1.38505983842 -0.904796414916 -5.50014225901 11.8132561754
4.15898725633 -2 1.44393238154 -0.926919095692 -5.18802265361 11.1409825148
4.1651354135 -2 1.47592276316 -0.939125221031 -5.02160139493 10.784305378
4.17213240669 -2 1.51190246343 -0.952956638458 -4.83718156786 10.3905203927
4.17382950899 -2 1.52047359431 -0.956305526131 -4.79323626262 10.2969153484
4.1810533603 -2 1.55692640332 -0.970541212288 -4.60954749432 9.90661927485
4.18735627123 -2 1.58825457617 -0.982856549808 -4.45365513353 9.57662127736
4.18993663854 -2 1.60099171217 -0.987917812254 -4.39098943813 9.44429201139
4.20217433625 -2 1.66029633768 -1.01166867753 -4.10271042587 8.83796488717
4.2032098471 -2 1.66520330459 -1.01367498519 -4.07898099222 8.78823478286
4.21428494153 -2 1.71735583818 -1.03490986784 -3.83148184557 8.27119810086
4.22527235766 -2 1.76787376428 -1.05575404022 -3.59701148171 7.78419957757
4.23713353144 -2 1.82099184495 -1.07794574634 -3.35577944731 7.28608376028
4.2371439948 -2 1.82103452228 -1.07796583664 -3.35557194274 7.28565658408
4.25376030421 -2 1.89296141611 -1.10852362283 -3.03743054012 6.63338632985
4.26152573381 -2 1.92552471005 -1.12255694066 -2.89632501455 6.34581521204
4.26941768024 -2 1.95810925809 -1.13667964176 -2.75767072081 6.06429516789
4.26984015933 -2 1.95982832302 -1.13745199122 -2.75038051538 6.0495225344
4.27577006229 -2 1.9838800866 -1.14791573725 -2.6494499638 5.84530229632
4.27627394858 -2 1.98586567379 -1.14878257974 -2.64099250941 5.82821538436
4.29215628116 -2 2.04839231979 -1.17643175879 -2.38370666715 5.3103297386
4.29252480971 -2 2.04982698361 -1.17708231651 -2.37794602456 5.29877710827
4.29982907088 -2 2.07774825238 -1.18953250816 -2.26567111638 5.07399507339
4.31522130383 -2 2.13486612688 -1.21532570523 -2.04058657673 4.62554926927
4.31926538597 -2 2.14952474257 -1.22196156731 -1.98395205024 4.51317792469
4.32287187686 -2 2.16239419346 -1.2278652131 -1.93429866861 4.41481275255
4.32542900103 -2 2.17153664004 -1.23203013202 -1.89957362246 4.34610716598
4.32845814788 -2 2.18224414109 -1.23693644406 -1.85894883877 4.26581861577
4.33143200954 -2 2.19260955484 -1.24172911685 -1.81959783369 4.18814018324
4.37044857715 -2 2.32199324209 -1.30235472875 -1.34942270985 3.26709191089
4.372560093 -2 2.32861940371 -1.3054642236 -1.32628409287 3.22210009661
4.37883228432 -2 2.348102674 -1.31479679507 -1.25886258888 3.09117944607
4.38290225652 -2 2.36052091332 -1.32079082635 -1.21614556842 3.00836592752
4.38487781601 -2 2.36649492225 -1.32365104262 -1.19569889205 2.96876377672
4.39130363436 -2 2.38578122065 -1.33302067172 -1.13047368888 2.84259042017
4.39237409018 -2 2.38900901052 -1.33454612174 -1.1197960239 2.82195801188
4.39338380915 -2 2.39192161644 -1.33598680956 -1.10977284853 2.80259604987
4.39368663008 -2 2.3928670653 -1.33644673696 -1.10677601282 2.79680808846
4.41314584327 -2 2.45010940704 -1.36635502084 -0.922835216243 2.44248583686
4.41324078412 -2 2.45040803042 -1.3664962015 -0.921978362753 2.44083947617
4.4282846582 -2 2.49311932998 -1.38992601339 -0.790956551817 2.18952304184
4.43976336983 -2 2.52463479616 -1.40735685557 -0.697111093019 2.01000733133
4.43986026508 -2 2.524838991 -1.40748825759 -0.696340676643 2.00853517771
4.44252800522 -2 2.53200133951 -1.41147550489 -0.675269735176 1.96828104091
4.44568288891 -2 2.54046476761 -1.41619490446 -0.650697809736 1.92136085179
4.45029994101 -2 2.55265870747 -1.42312894043 -0.615405317789 1.85400966717
4.45922187577 -2 2.57580459909 -1.43615865714 -0.549402932867 1.72816820149
4.46311322129 -2 2.58576332794 -1.44185310655 -0.521500772819 1.67500975541
4.47058007352 -2 2.60450149538 -1.45265196519 -0.469425015899 1.57585036233
4.47102261252 -2 2.60558382956 -1.45320939494 -0.466398071851 1.57008854336
4.47384897271 -2 2.61262164488 -1.45726679611 -0.447220482208 1.53358800139
4.47977230289 -2 2.62711558683 -1.46572459056 -0.407885240621 1.45874106171
4.4856566048 -2 2.64131761011 -1.47391845501 -0.369933776322 1.3865450716
4.50267712967 -2 2.68115372234 -1.49742656552 -0.266220607734 1.18926120108
4.51181607505 -2 2.70180272881 -1.50977826188 -0.214088278249 1.09004517629
4.53109916846 -2 2.74384865996 -1.53530434554 -0.111736108455 0.894964467173
4.5442577832 -2 2.77135454127 -1.5523596528 -0.0475089989085 0.772204183045
4.54982864272 -2 2.78274804836 -1.55943691073 -0.0216183363136 0.722606101418
4.55031186996 -2 2.78372943338 -1.56011439479 -0.0194080126467 0.718368283297
4.55052813137 -2 2.78417717918 -1.56033092052 -0.0184206325104 0.716475004217
4.55464841477 -2 2.79247089269 -1.56559144496 0.000177934097628 0.680789704669
4.57315669334 -2 2.82867911202 -1.58861659126 0.0788813640313 0.529198053339
4.58658367556 -2 2.85392575506 -1.6050451354 0.131268777538 0.427607354301
4.59923532825 -2 2.87705659725 -1.62024470586 0.177232585244 0.337856159396
4.61015499787 -2 2.89635686308 -1.63313521596 0.214390126553 0.264762840366
4.61365989188 -2 2.90246531241 -1.63727248681 0.225841762413 0.242121097181
4.62550909515 -2 2.92270063379 -1.65104315976 0.262911720469 0.168390782296
4.63565791097 -2 2.93956659341 -1.66276041068 0.292715986368 0.108546594714
4.63651373874 -2 2.94102798262 -1.66370388002 0.295149899914 0.103634030024
4.64800255727 -2 2.95965942041 -1.67678159921 0.326665695048 0.0396261682434
4.65587868465 -2 2.97210200466 -1.68566819255 0.347062261019 -0.00224103539287
4.66001595995 -2 2.97861619477 -1.69028989386 0.357395703163 -0.0236041855974
4.66478438705 -2 2.9859890487 -1.6955754433 0.368988084392 -0.0477042687815
4.66634788083 -2 2.98839061329 -1.69732278401 0.372716160439 -0.0554868378597
4.66753301762 -2 2.99018625715 -1.69866887836 0.375518340475 -0.0613472737602
4.677983901 -2 3.00600245382 -1.71020847328 0.399360014447 -0.111611373479
4.68246782805 -2 3.01272425434 -1.71508920794 0.409121899534 -0.132419774669
4.6852649798 -2 3.01686338864 -1.71821750844 0.415073041528 -0.145177254681
4.68882723661 -2 3.02210732856 -1.72207800852 0.422500369321 -0.161180793388
4.69224972678 -2 3.02709142311 -1.72577024331 0.429478542587 -0.176303905456
4.69572376417 -2 3.03209440767 -1.72959732145 0.436406116877 -0.191406366875
4.69796585585 -2 3.03529897589 -1.7319587353 0.440794886413 -0.201022525538
4.69921024024 -2 3.0371577008 -1.7333584649 0.4432031603 -0.206315880505
4.70439852351 -2 3.04447773255 -1.73892230719 0.453034930074 -0.228054644584
4.70995898484 -2 3.05233967817 -1.74491496851 0.463203856919 -0.250772357531
4.71508019002 -2 3.05944960839 -1.75038240035 0.472240276398 -0.271179012048
4.71737673187 -2 3.06264929699 -1.75284145144 0.476191960439 -0.280172990945
4.72463768065 -2 3.07254579662 -1.76057904085 0.488284881257 -0.307985584442
4.74061891974 -2 3.0939587782 -1.77750300739 0.512832858948 -0.366011407911
4.74506638394 -2 3.09979285084 -1.78216443249 0.519178567302 -0.381417291466
4.74758805855 -2 3.10305135621 -1.78480903056 0.522685680808 -0.390014549095
4.75138104467 -2 3.10799094886 -1.78882298606 0.527839036685 -0.402762006043
4.75487239004 -2 3.11248027289 -1.79244513492 0.532454995467 -0.414303601867
4.75757192264 -2 3.11589805836 -1.79528674948 0.535941472078 -0.423103650365
4.76894829399 -2 3.1302617282 -1.80710797539 0.549862653833 -0.459037605271
4.7693947062 -2 3.13080609473 -1.80758710975 0.550384032014 -0.460410701863
4.77161136514 -2 3.13360812228 -1.80991900522 0.552945660769 -0.467188505471
4.77550989365 -2 3.13836195786 -1.8139600336 0.557341807996 -0.478948042252
4.77799374177 -2 3.14144745023 -1.81650488089 0.560071066215 -0.486335009191
4.79922951419 -2 3.16709476911 -1.8384481833 0.58121858631 -0.546305161882
4.80797928494 -2 3.17733282057 -1.84744558542 0.588845944649 -0.569449819908
4.81067081713 -2 3.18052883852 -1.85017137687 0.591070734959 -0.576396331983
4.8181252001 -2 3.18909969878 -1.85780088193 0.596942249076 -0.595224420259
4.82204901781 -2 3.19358946039 -1.86188126287 0.599865066809 -0.604898709065
4.83072181197 -2 3.20340515535 -1.87069734524 0.605926589936 -0.625723869517
4.83370479952 -2 3.20675895961 -1.87379552988 0.607887387487 -0.632714017642
4.83574352625 -2 3.20906788107 -1.87582106403 0.609191696423 -0.637441860911
4.84278164209 -2 3.21687127703 -1.88303353994 0.613474951904 -0.653460636401
4.85445356758 -2 3.22963383044 -1.89493020277 0.619850260371 -0.679028968431
4.85708097103 -2 3.23243007767 -1.89761314424 0.621163979091 -0.684619482698
4.86353319223 -2 3.23940391358 -1.90414358722 0.624206502239 -0.698100468579
4.86399945677 -2 3.23992231871 -1.90462157497 0.624416396379 -0.699061245626
4.86604574394 -2 3.24214384186 -1.9067535838 0.625321869525 -0.703256752629
4.86980348937 -2 3.24609601085 -1.91056492436 0.626918721228 -0.710873019776
4.87054211528 -2 3.24685060582 -1.91133308886 0.627222655095 -0.712356799975
4.87110458255 -2 3.24747870212 -1.91192765915 0.627451926984 -0.713483806085
4.88489032755 -2 3.26197070785 -1.92591121413 0.632496034856 -0.740343152812
4.88529190834 -2 3.2623118706 -1.92635057957 0.632626754452 -0.74110416971
4.89694446069 -2 3.27431751626 -1.9382250027 0.636034786001 -0.762682719711
4.89777243435 -2 3.27523863605 -1.9390381359 0.636249144204 -0.764179778765
4.90475650132 -2 3.28230721018 -1.94618288276 0.637914603555 -0.776623057384
4.90477406205 -2 3.28234225455 -1.9462534919 0.637918473289 -0.776653934507
4.90524153632 -2 3.28278590457 -1.94664060522 0.638020907163 -0.777475150318
4.9169373401 -2 3.29458500124 -1.95863415486 0.640226216231 -0.797562930648
4.91827398211 -2 3.29588112791 -1.96003213581 0.640435319776 -0.799803851552
4.92911099962 -2 3.3065779647 -1.97102383203 0.641816597759 -0.817574765269
4.93968670624 -2 3.3168987039 -1.98189668596 0.642642866495 -0.834261448218
4.94744983799 -2 3.32439677581 -1.98982972845 0.642934954695 -0.846118889905
4.95008773073 -2 3.32692214163 -1.99257340571 0.642975417924 -0.850075324132
4.95214355654 -2 3.32880867316 -1.99468046708 0.642986645557 -0.853133736224
4.96015642328 -2 3.33643656502 -2.00288844082 0.642863688618 -0.864849805658
4.96029415244 -2 3.33659455504 -2.00301885605 0.642859289255 -0.865048392142
4.96173281846 -2 3.33798490542 -2.00454876854 0.642808780365 -0.86711719764
4.96855477097 -2 3.34434517447 -2.01156116026 0.642457447497 -0.87679120878
4.97971755713 -2 3.35468286642 -2.02310427607 0.641495081349 -0.892152464723
4.98076777131 -2 3.35571175508 -2.02418638311 0.641380451896 -0.893568730394
4.98493316109 -2 3.35951884352 -2.02844840244 0.640885951551 -0.899138307146
4.98934034515 -2 3.36357905447 -2.03306654344 0.640294383639 -0.904949673667
4.99052439823 -2 3.36460432386 -2.03423552524 0.640123637181 -0.906496934916
4.99075935027 -2 3.36480584052 -2.03453820645 0.640089165924 -0.906803258216
5.01450120593 -2 3.3843274315 -2.06030553212 0.635633670948 -0.936611416568
5.01485128822 -2 3.38454962849 -2.06067734857 0.635554058589 -0.937034662064
5.02677933849 -2 3.39353643919 -2.07405562276 0.632611959822 -0.95118953174
5.03155104457 -2 3.39704938282 -2.07938601497 0.631313079171 -0.956711395374
5.03494625858 -2 3.39954863449 -2.08321735638 0.630347651388 -0.960593045125
5.03611341519 -2 3.40043502499 -2.08455933979 0.630007955742 -0.961918473425
5.04668766614 -2 3.40812952598 -2.09646971941 0.626751983607 -0.973723157477
5.04862711014 -2 3.40953813039 -2.09862618363 0.626120593557 -0.975849388398
5.05021291877 -2 3.41072371412 -2.10046463997 0.62559660603 -0.977579173388
5.05314378588 -2 3.41285618111 -2.1037659358 0.624610054484 -0.980755628323
5.05685556249 -2 3.41550847617 -2.10795830894 0.62332726939 -0.984740741404
5.06314030354 -2 3.41997571167 -2.11508420164 0.621071755148 -0.991394258155
5.06387632979 -2 3.42047915316 -2.11592786224 0.620800837713 -0.99216587186
5.06681068638 -2 3.42258508441 -2.11925650957 0.619706847293 -0.995226517269
5.06693710801 -2 3.42265338492 -2.11940700502 0.619659217551 -0.995357823145
5.07008545199 -2 3.42488620296 -2.12295865521 0.618459939017 -0.998613116429
5.07234399995 -2 3.42648928463 -2.12554745257 0.617584172166 -1.00093114637
5.0791647878 -2 3.43121016585 -2.13332275901 0.614862423615 -1.00784582393
5.09235591967 -2 3.44046207861 -2.14843876596 0.609280638319 -1.02086564602
5.0965241057 -2 3.44327500711 -2.15317964041 0.607432585883 -1.02488658338
5.10047422034 -2 3.44598284804 -2.15776923056 0.605644947267 -1.02865723539
5.1045882881 -2 3.44873952238 -2.16243262627 0.603746212402 -1.0325438668
5.11729713512 -2 3.45727805371 -2.1771203661 0.597649687106 -1.04429712631
5.11843278395 -2 3.45803051088 -2.17846635616 0.597088327362 -1.04532928004
5.12397572236 -2 3.46170250167 -2.18487871855 0.594310397059 -1.05032567473
5.12577761878 -2 3.46285118884 -2.18695641247 0.59339391467 -1.05193528659
5.12984090492 -2 3.46561174825 -2.19167756921 0.591303425485 -1.0555390962
5.131774238 -2 3.46688066004 -2.1939514115 0.590297296292 -1.0572413654
5.13299705908 -2 3.46768225084 -2.19537451505 0.589657147156 -1.05831394179
5.13426367858 -2 3.46849966466 -2.19683511665 0.588991000759 -1.0594216086
5.13496165677 -2 3.46888295879 -2.1976327936 0.5886225881 -1.06003055504
5.13938296258 -2 3.47180696328 -2.20276229696 0.586267154876 -1.06386434658
5.14098681734 -2 3.4728797599 -2.20467470736 0.585403508959 -1.06524512143
5.14378131188 -2 3.47466977548 -2.20788297894 0.583887165096 -1.0676384283
5.1444603585 -2 3.47509378224 -2.20866418472 0.583516498706 -1.06821760695
5.14450500768 -2 3.47518376036 -2.2087752721 0.583492096334 -1.06825565708
5.1534091117 -2 3.48082859635 -2.21918170046 0.578552566372 -1.07576479869
5.15480188973 -2 3.48174422788 -2.22078057483 0.577766948577 -1.07692537422
5.16833534265 -2 3.49028910079 -2.23667667524 0.569956176357 -1.08801181484
5.17524459928 -2 3.4946192428 -2.24484487764 0.565848329481 -1.09354241179
5.1763087064 -2 3.49526167192 -2.24607957668 0.565208658372 -1.09438664437
5.1783961222 -2 3.4965755847 -2.24859725705 0.563948475839 -1.09603697091
5.18246647552 -2 3.49906217029 -2.25335138199 0.561470937828 -1.09923325059
5.1831250394 -2 3.49952782914 -2.25419074433 0.561067590994 -1.09974771293
5.19276904243 -2 3.50535217115 -2.26557291922 0.55508295675 -1.10719759227
5.19422369733 -2 3.50628716781 -2.26733586572 0.554167781533 -1.10830787274
5.19447947222 -2 3.50634612885 -2.26762619499 0.554006531288 -1.10850273726
5.19566939646 -2 3.50707693471 -2.26905271045 0.553255052712 -1.10940788841
5.20295124722 -2 3.51153735844 -2.27773406405 0.548610050803 -1.11489726808
5.21250120912 -2 3.51721864801 -2.28908841806 0.542400545769 -1.12196970506
5.21370786216 -2 3.51793859991 -2.29053823119 0.541606684875 -1.12285331644
5.22111848428 -2 3.52229128932 -2.29939769976 0.536686635803 -1.12823188089
5.221347958 -2 3.52244944131 -2.29973125243 0.536533074296 -1.12839712451
5.22203716399 -2 3.52278412688 -2.30054570951 0.536071432453 -1.12889295354
5.22223581514 -2 3.5229707864 -2.30076474472 0.535938252355 -1.12903573738
5.23171445184 -2 3.52849855564 -2.3122023669 0.529521899322 -1.13578194682
5.23335046805 -2 3.52941401673 -2.31410857902 0.528402389418 -1.13693329769
5.23374879973 -2 3.52962385435 -2.31462831625 0.528129286208 -1.13721305123
5.23916205939 -2 3.53275143288 -2.3211416647 0.524397531644 -1.14099278495
5.24279160844 -2 3.53484632297 -2.32554967303 0.521874469643 -1.1435042964
5.24951252306 -2 3.53866380577 -2.33368133674 0.517158960482 -1.14810752807
5.25669570544 -2 3.54266212527 -2.34231417284 0.512058065286 -1.15296068301
5.26116374672 -2 3.54518838649 -2.34781235494 0.508854163283 -1.1559453652
5.26763867453 -2 3.54875296541 -2.35563744966 0.504169868031 -1.16022523717
5.27601439852 -2 3.55326804778 -2.36587142338 0.498039694121 -1.1656834278
5.28154596933 -2 3.55626154438 -2.37262528922 0.493948526674 -1.16924091316
5.28305684807 -2 3.55712807938 -2.37443423619 0.492825296239 -1.17020616317
5.28963891259 -2 3.56064792125 -2.38251405119 0.487903566306 -1.17437947075
5.29312646413 -2 3.56251467 -2.38681164395 0.485277282785 -1.17657003581
5.30840235321 -2 3.57054795478 -2.40562542974 0.473627863214 -1.18600028307
5.31069481227 -2 3.57176466864 -2.40844709108 0.471859658386 -1.18739281107
5.31973380583 -2 3.57636789934 -2.41957517276 0.46483865446 -1.19282721536
5.32256584987 -2 3.57778468345 -2.42308693957 0.462623042511 -1.19451167341
5.32459495385 -2 3.57879998221 -2.42557818444 0.461031035657 -1.19571327667
5.3331572863 -2 3.58310239002 -2.43619915423 0.45427188482 -1.20073580381
5.33750372734 -2 3.58524771513 -2.44157744127 0.450815725801 -1.20325607437
5.3521825649 -2 3.59242821427 -2.4598606657 0.439023071322 -1.21162517401
5.35246232443 -2 3.59260412793 -2.46022979926 0.438796556283 -1.2117825784
5.35663043366 -2 3.59457500499 -2.46539209936 0.435414108366 -1.21411857137
5.35901573627 -2 3.59572694725 -2.46838442377 0.433472046394 -1.21544771915
5.36370645105 -2 3.59792512896 -2.47424842023 0.429639622651 -1.21804533016
5.36398738435 -2 3.59807166568 -2.47458353663 0.429409537126 -1.21820022813
5.36675115891 -2 3.59936416025 -2.47806394073 0.427142673994 -1.21972003664
5.36678809818 -2 3.59933287181 -2.4781198392 0.427112335534 -1.21974029996
5.36952687377 -2 3.60066831114 -2.48150713535 0.424859993667 -1.22123904008
5.37666771598 -2 3.60395974356 -2.49049670048 0.41896022895 -1.22511322119
5.38044655667 -2 3.6056977212 -2.49519909391 0.415822503427 -1.22714398686
5.38243356616 -2 3.60661882068 -2.49767891897 0.414168332882 -1.22820647779
5.38819942533 -2 3.60923898938 -2.50496916441 0.4093518514 -1.23126893539
5.40022656061 -2 3.61458839493 -2.52005834506 0.399228197478 -1.23755943555
5.40410731546 -2 3.61631523613 -2.52502296204 0.395940046517 -1.23956143286
5.40844463083 -2 3.61818111739 -2.5304713964 0.392252896367 -1.24178315372
5.40915364263 -2 3.61847101432 -2.53138111452 0.391648958694 -1.24214475607
5.41087879897 -2 3.61924521439 -2.53356074477 0.390178062141 -1.24302275734
5.4121820182 -2 3.61973893784 -2.53519344717 0.389065601694 -1.24368428895
5.4169308905 -2 3.62186156283 -2.5412320298 0.385002364652 -1.2460823493
5.42179072656 -2 3.62390278313 -2.54734176187 0.380828983667 -1.2485162165
5.43804356916 -2 3.63058696391 -2.56793244002 0.366763621683 -1.25650942402
5.44859387387 -2 3.63483256724 -2.58132196072 0.357547452772 -1.26157953603
5.45552155671 -2 3.63757136456 -2.59016644082 0.35146053438 -1.26485886865
5.45578658567 -2 3.63762520425 -2.59051007348 0.351227126658 -1.26498354628
5.46151256188 -2 3.63986598245 -2.59776541867 0.346174702179 -1.2676633024
5.46316440684 -2 3.6404686839 -2.59990418358 0.344713776237 -1.26843143978
5.46539495907 -2 3.64138142336 -2.60278094235 0.342738649299 -1.26946520194
5.46714480198 -2 3.64205019434 -2.60499161703 0.341187283216 -1.2702733814
5.46861750846 -2 3.64251161054 -2.60685728117 0.339880332136 -1.27095166327
5.48068513666 -2 3.64707637364 -2.62226689733 0.329127429921 -1.27644466304
5.4834903899 -2 3.64805354733 -2.6258243583 0.326616908173 -1.27770510039
5.48577251104 -2 3.64885166628 -2.62878318742 0.324571587812 -1.27872593735
5.5097455077 -2 3.65726918305 -2.65951312611 0.302930705484 -1.28920566731
5.51122881666 -2 3.65778597752 -2.66135909251 0.301582678022 -1.28983961534
5.51235383903 -2 3.65818355832 -2.66283116495 0.300559582105 -1.29031932185
5.51499850523 -2 3.65908668617 -2.66625357299 0.298152231003 -1.29144322168
5.51592509346 -2 3.65935738863 -2.66742928385 0.297308032856 -1.29183574028
5.52390593602 -2 3.66197763093 -2.67768468667 0.290020813821 -1.29518976357
5.52437798413 -2 3.66213223857 -2.67829693511 0.289588903137 -1.29538664664
5.53130319924 -2 3.66434474079 -2.68718827689 0.283241326341 -1.29825587562
5.53465709884 -2 3.66544163216 -2.6915252455 0.280159737725 -1.29963260034
5.53515132274 -2 3.6655688727 -2.69211867086 0.279705235861 -1.29983476514
5.53644199522 -2 3.666018595 -2.69384392958 0.278517810287 -1.30036186667
5.55067344148 -2 3.67034492333 -2.71220339175 0.265378926636 -1.30609231455
5.55801038816 -2 3.67252273462 -2.72167061554 0.258573273499 -1.30898854364
5.55869086653 -2 3.67269594402 -2.72253318068 0.257940998038 -1.30925516914
5.55907731481 -2 3.67279152832 -2.72296602828 0.257581844244 -1.30940643746
5.56058535192 -2 3.67322439935 -2.72495073416 0.256179764014 -1.30999569232
5.5630392638 -2 3.67392929522 -2.72811932218 0.253896390786 -1.31095100738
5.57084279918 -2 3.67616412828 -2.73820964903 0.246619941327 -1.31395993451
5.58456925859 -2 3.67984538412 -2.75597847503 0.233765990124 -1.31914611729
5.5869028869 -2 3.68049105834 -2.7590017904 0.231573965346 -1.32001437598
5.58745191302 -2 3.6806595248 -2.759726944 0.231057975328 -1.32021808306
5.59524373201 -2 3.68263045018 -2.76974105454 0.223723715992 -1.32308592665
5.5953921865 -2 3.68271434367 -2.7700206687 0.22358377652 -1.32314014676
5.61790465471 -2 3.68812799309 -2.79912838073 0.202278030982 -1.33118168297
5.62299113254 -2 3.68932910618 -2.80580493026 0.197441710612 -1.3329490907
5.62593916202 -2 3.68993790023 -2.80953283389 0.194635013181 -1.33396513452
5.63781321369 -2 3.69252731695 -2.82502310575 0.18330371591 -1.33799594463
5.63921356924 -2 3.69280462309 -2.82681644374 0.18196462578 -1.3384648217
5.64041951794 -2 3.69303527184 -2.82839382828 0.1808109815 -1.33886751023
5.64079159541 -2 3.6931832164 -2.82891668771 0.180454956969 -1.33899154912
5.6444712501 -2 3.69394031399 -2.83369874765 0.176931917667 -1.34021303686
5.65660163602 -2 3.69628925706 -2.84937772736 0.165290848448 -1.34417312565
5.6585915176 -2 3.69671173372 -2.85205264004 0.163377367772 -1.34481299237
5.68514721559 -2 3.70132373067 -2.88660353894 0.137742052614 -1.35309020096
5.68977343115 -2 3.70212260341 -2.89263073496 0.133258059282 -1.35448242776
5.69025282913 -2 3.70216523798 -2.89320595156 0.132793103936 -1.35462585741
5.69226676606 -2 3.70249936561 -2.89586434984 0.130839239583 -1.35522667507
5.69454585956 -2 3.70282997466 -2.89879995249 0.128626964763 -1.35590323461
5.69813546706 -2 3.70334141101 -2.90347994055 0.125140118159 -1.35696159066
5.70349851826 -2 3.70394894837 -2.9108164399 0.119925024865 -1.35852634695
5.7048084858 -2 3.70410452691 -2.91263211691 0.118650195825 -1.35890555243
5.70493299322 -2 3.70413688804 -2.91282996839 0.118529007903 -1.35894153322
5.71124916662 -2 3.70476208161 -2.92165553594 0.112376654944 -1.36075286985
5.71640802895 -2 3.70513688882 -2.92881417227 0.107345035346 -1.36221203717
5.73036931409 -2 3.70631817114 -2.94834597125 0.093699457129 -1.36606960821
5.73224415705 -2 3.70642966821 -2.95095865463 0.0918639080946 -1.36657748708
5.73894777195 -2 3.70689590668 -2.96032986788 0.0852949539135 -1.36837379755
5.74380179099 -2 3.70717410686 -2.96708260633 0.0805328441271 -1.36965533511
5.7591751332 -2 3.70796030228 -2.98859756809 0.0654206203668 -1.37360806579
5.75975597958 -2 3.70796700958 -2.98937248124 0.0648487702972 -1.37375425128
5.76252662795 -2 3.7080562752 -2.99319909737 0.0621201842634 -1.37444839457
5.76616708474 -2 3.70819609104 -2.99830659202 0.0585328769091 -1.37535250276
5.76630575538 -2 3.70819300544 -2.99851929885 0.0583961836628 -1.37538676311
5.7723708296 -2 3.70837632759 -3.00694240108 0.052414253126 -1.37687240126
5.77505862138 -2 3.70849215114 -3.01078055373 0.0497612415528 -1.37752276328
5.77580621564 -2 3.70849596806 -3.01182641998 0.0490230984827 -1.37770278337
5.77586990707 -2 3.70844262055 -3.01189996403 0.0489602077944 -1.37771810262
5.78503761662 -2 3.70867557687 -3.02471488139 0.039900544422 -1.37989433709
5.79581659012 -2 3.70877958377 -3.03976808104 0.0292307588947 -1.38237988296
5.80014683077 -2 3.70884313737 -3.04590310832 0.0249391220318 -1.38335614282
5.80379918721 -2 3.7087884837 -3.05093430036 0.0213170393668 -1.38416965545
5.80471649258 -2 3.70875212865 -3.05224671539 0.0204070124702 -1.38437254703
5.80541762971 -2 3.70879856609 -3.05321161302 0.0197113512461 -1.38452724011
5.80871247881 -2 3.70876219744 -3.05780797334 0.0164412281117 -1.38524971068
5.81174867522 -2 3.70873815737 -3.06207237925 0.013426360159 -1.38590892892
5.81328369156 -2 3.70868669616 -3.06424792588 0.0119016007483 -1.38623982526
5.81733189065 -2 3.70870969402 -3.06995247822 0.00787877607229 -1.38710479161
5.82169896006 -2 3.70861312098 -3.07603264294 0.00353639119323 -1.38802539519
5.82659473868 -2 3.70850196379 -3.08289374257 -0.00133497386688 -1.38904203685
5.82768100582 -2 3.7084439257 -3.08438732196 -0.00241628481513 -1.38926539864
5.82924281965 -2 3.70836435609 -3.08658903503 -0.003971262986 -1.38958513803
5.83137354982 -2 3.70833796018 -3.08955312066 -0.0060932161456 -1.39001867338
5.83323620858 -2 3.70827747005 -3.09215143976 -0.00794871702971 -1.3903951365
5.83401558369 -2 3.70830104943 -3.09331058119 -0.00872523875715 -1.39055195662
5.83555145904 -2 3.70821826544 -3.09545326805 -0.0102557343081 -1.39085978551
5.83600793446 -2 3.70815017034 -3.09605641192 -0.0107106727805 -1.39095096581
5.8381222262 -2 3.70811205186 -3.09900571087 -0.0128182140672 -1.39137144522
5.84026813151 -2 3.70799738729 -3.10204040525 -0.0149578836444 -1.39179510479
5.8459318366 -2 3.70780329992 -3.10993317297 -0.0206080701719 -1.39289824133
5.85679000014 -2 3.70726270568 -3.12518927876 -0.0314519448481 -1.39495215811
5.85932618451 -2 3.70707115926 -3.12872692938 -0.0339869379602 -1.39542035758
5.8634048844 -2 3.7068962725 -3.13446742477 -0.0380653869927 -1.39616415151
5.86741546565 -2 3.70660620059 -3.14003192867 -0.0420776951982 -1.39688450225
5.86780474176 -2 3.70660471147 -3.14064976742 -0.0424672419419 -1.39695383932
5.86874972703 -2 3.70652640754 -3.14194901607 -0.0434129594685 -1.39712172989
5.8696174669 -2 3.7064863863 -3.14320434316 -0.04428146539 -1.39727536239
5.87470351668 -2 3.70609746493 -3.15029357002 -0.0493737913213 -1.3981655573
5.88157505016 -2 3.70559201811 -3.15995289218 -0.0562585679453 -1.3993403538
5.88374974565 -2 3.70542730302 -3.16301162388 -0.0584385736099 -1.3997054715
5.88977452304 -2 3.70492887149 -3.17145046369 -0.0644808157029 -1.40070022027
5.89334095195 -2 3.70457803662 -3.17641256458 -0.0680594595642 -1.4012774587
5.89751291292 -2 3.70420605502 -3.18231841357 -0.0722474479294 -1.40194174522
5.90191260696 -2 3.70376532278 -3.18844790749 -0.0766660421319 -1.40262949245
5.90589602586 -2 3.70333025885 -3.19406948768 -0.0806683123477 -1.40324083599
5.90749169587 -2 3.70324264169 -3.19634615082 -0.082271991284 -1.40348270591
5.90770783533 -2 3.7031838301 -3.19660422641 -0.0824892355555 -1.40351533522
5.90992850239 -2 3.70298691791 -3.19977467727 -0.0847215281095 -1.40384874033
5.91941992738 -2 3.70184779449 -3.21304131009 -0.0942681903107 -1.40523604714
5.92408278405 -2 3.70137043627 -3.21962644074 -0.0989614058599 -1.40589520611
5.92878886727 -2 3.7007711167 -3.22622985002 -0.103700228282 -1.40654552665
5.93030288629 -2 3.70061507001 -3.2283724643 -0.105225221808 -1.40675155236
5.93227448482 -2 3.70028336513 -3.23110764861 -0.107211430535 -1.40701751561
5.93287030721 -2 3.70024730075 -3.23193121599 -0.10781173877 -1.40709737198
5.93556018685 -2 3.69989943981 -3.23572859877 -0.110522275052 -1.40745489381
5.93603365873 -2 3.69982122114 -3.23637913347 -0.110999451197 -1.40751731719
5.93850988888 -2 3.69951304038 -3.23984482137 -0.113495385031 -1.40784131303
5.94165492694 -2 3.69909017818 -3.24431235801 -0.116666242174 -1.4082468281
5.9426703004 -2 3.69894364603 -3.24570701614 -0.117690139276 -1.40837631748
5.94273328454 -2 3.69889019772 -3.24578721938 -0.117753655149 -1.40838432677
5.94301882193 -2 3.69888548367 -3.24616863585 -0.118041607518 -1.40842060302
5.9541461695 -2 3.69732755348 -3.26186373959 -0.129268591209 -1.40979128321
5.95764372272 -2 3.69677445469 -3.26676388676 -0.13279964384 -1.41020480277
5.96091907711 -2 3.69629485977 -3.27137334073 -0.136107293478 -1.4105845464
5.96297993054 -2 3.69590592441 -3.27424525769 -0.138188919891 -1.41081976154
5.96398997107 -2 3.69581424092 -3.27568952255 -0.139209268068 -1.4109339934
5.96411300972 -2 3.69577493045 -3.27586167379 -0.139333568019 -1.41094786148
5.96557583647 -2 3.69554774412 -3.27793904255 -0.140811484602 -1.41111195695
5.97162232017 -2 3.69454312979 -3.28640149463 -0.146922162784 -1.41177488442
5.97462379411 -2 3.69401739855 -3.29062660573 -0.14995657771 -1.41209478427
5.97596851739 -2 3.69383516152 -3.29248754061 -0.151316287457 -1.41223613175
5.98160212528 -2 3.69286504479 -3.30045036865 -0.157014195362 -1.41281501906
5.98179396823 -2 3.69287975089 -3.30077708415 -0.157208270614 -1.41283435477
5.98223129087 -2 3.69275386577 -3.30132808081 -0.157650692435 -1.41287833931
5.9824508742 -2 3.69275911687 -3.30167985334 -0.157872841564 -1.41290037563
5.98692286099 -2 3.69191479888 -3.3079449262 -0.16239787162 -1.41334208195
5.99117927577 -2 3.69111547757 -3.31392514222 -0.166706153707 -1.4137499621
6.00076567098 -2 3.68938942093 -3.32745022632 -0.176414185235 -1.41462386159
6.00224882552 -2 3.68906409617 -3.3295238129 -0.177916743537 -1.41475353509
6.00254419432 -2 3.68905630764 -3.32998384351 -0.178215995032 -1.41477918254
6.00400729051 -2 3.68873667069 -3.33198922246 -0.179698413944 -1.41490535976
6.0054184703 -2 3.6884471446 -3.3339285242 -0.181128372121 -1.41502569418
6.01204391164 -2 3.68709942426 -3.34329977363 -0.187843810744 -1.41557274206
6.01486044003 -2 3.68659829118 -3.34730776671 -0.190699501246 -1.41579635186
6.01597974157 -2 3.68633425114 -3.348837731 -0.191834513735 -1.41588373445
6.01739413313 -2 3.68609043338 -3.35088918323 -0.193268877652 -1.41599294997
6.02384210479 -2 3.68470564966 -3.35996561306 -0.199809570864 -1.41647381413
6.02396219737 -2 3.68466460806 -3.36008131669 -0.199931416122 -1.41648250528
6.02563295094 -2 3.68431801461 -3.36242723181 -0.201626649996 -1.4166024142
6.0268696008 -2 3.68405167708 -3.36416541669 -0.202881535364 -1.41668996112
6.02878226019 -2 3.68363795849 -3.36691027411 -0.204822591524 -1.41682334419
6.033181339 -2 3.68266392637 -3.37306684316 -0.209287863564 -1.41712081055
6.04004002538 -2 3.68116113187 -3.38278237267 -0.216252166158 -1.41755871928
6.04755113669 -2 3.679415911 -3.39335884819 -0.223882240991 -1.4180021514
6.05053580003 -2 3.67873274132 -3.39761304384 -0.226915115611 -1.41816788053
6.05592465003 -2 3.67747692309 -3.40520836132 -0.232392340597 -1.41845203198
6.05639919767 -2 3.6773311161 -3.40583947035 -0.232874751772 -1.41847612563
6.05955350605 -2 3.6765644089 -3.4102502698 -0.236081659389 -1.41863245609
6.06070967008 -2 3.67629201069 -3.41190764492 -0.237257246026 -1.41868809424
6.07518607526 -2 3.67267598874 -3.43232390396 -0.251983213679 -1.41930935228
6.07967218115 -2 3.67158128854 -3.43866767381 -0.25654900139 -1.41947357605
6.08239902106 -2 3.67091970272 -3.44253245557 -0.2593248053 -1.41956686575
6.08319102608 -2 3.67062822005 -3.443593156 -0.26013110632 -1.41959303652
6.08397891343 -2 3.67046701643 -3.44472999389 -0.26093324849 -1.41961865822
6.08470997567 -2 3.67026486128 -3.44570958018 -0.261677566934 -1.41964206361
6.08611183638 -2 3.66992617146 -3.44776544411 -0.263104926486 -1.41968595332
6.10024107317 -2 3.66617046575 -3.46767085251 -0.277496884722 -1.42005562861
6.10574667931 -2 3.66466975261 -3.47543794447 -0.283107625674 -1.42016393305
6.10804602646 -2 3.66405868408 -3.47868674488 -0.285451330481 -1.42020324233
6.10922172357 -2 3.66368705824 -3.48027089555 -0.286649809953 -1.4202219946
6.12536653062 -2 3.65914153108 -3.50309362708 -0.303114297405 -1.42038745462
6.12557079925 -2 3.6590522099 -3.50332757524 -0.3033226911 -1.42038845056
6.12793210296 -2 3.65834558721 -3.50667072852 -0.30573182332 -1.42039797609
6.1298589647 -2 3.65780699815 -3.50937345912 -0.307697909053 -1.42040303972
6.13432161171 -2 3.65650739007 -3.51566905646 -0.312252068443 -1.42040542535
6.13494312387 -2 3.65632317199 -3.51654101049 -0.312886399247 -1.42040472308
6.14139111687 -2 3.65441038926 -3.52563293274 -0.31946843604 -1.42038253075
6.14894602222 -2 3.65210352735 -3.5362252452 -0.327182817461 -1.42032198597
6.15052715906 -2 3.65164958256 -3.53854368508 -0.328797657424 -1.42030460577
6.15172175104 -2 3.65131393188 -3.54022578013 -0.33001778758 -1.42029039481
6.15808828837 -2 3.64930174216 -3.54914327576 -0.336521505242 -1.42019899804
6.1602831635 -2 3.64865970692 -3.55230156631 -0.338764090743 -1.42016138234
6.16112457687 -2 3.64833286832 -3.55343823294 -0.339623850445 -1.42014613287
6.16388300076 -2 3.64751236217 -3.55736191631 -0.342442637896 -1.42009291872
6.16473228018 -2 3.64717207734 -3.55852694265 -0.343310569594 -1.42007554132
6.1727213043 -2 3.64461947754 -3.56977489935 -0.351476590582 -1.41988920926
6.17679802263 -2 3.64336915985 -3.57554023318 -0.355644692257 -1.41977822028
6.17687308601 -2 3.64335947988 -3.57565933024 -0.355721444946 -1.41977607604
6.17986250003 -2 3.6423700863 -3.57985823076 -0.358778331998 -1.4196877256
6.18083249056 -2 3.64200513384 -3.58115369745 -0.359770297864 -1.41965781955
6.18179839573 -2 3.64171910723 -3.58260554886 -0.360758125631 -1.4196274368
6.18278054208 -2 3.64137526607 -3.5839444311 -0.361762603882 -1.41959592674
6.18650053745 -2 3.64014050148 -3.58916447615 -0.36556755492 -1.41947094682
6.20374396104 -2 3.63436336483 -3.61351278859 -0.383212363876 -1.41877554538
6.20529438694 -2 3.63377914923 -3.61565233917 -0.384799485557 -1.41870368799
6.20568495275 -2 3.63370651205 -3.61624695281 -0.385199310982 -1.41868534431
6.21115624265 -2 3.63178974154 -3.6239252799 -0.390800974899 -1.41841813819
6.21868954853 -2 3.62911514568 -3.63450978716 -0.398515794861 -1.4180190129
6.22731672217 -2 3.62599430378 -3.64665659354 -0.407353671767 -1.4175176345
6.23344884708 -2 3.62377359964 -3.65528830967 -0.413637389372 -1.41713258563
6.23376232581 -2 3.62373709057 -3.65579028076 -0.413958658239 -1.41711226278
6.23892247809 -2 3.62181006686 -3.66299246849 -0.419247609479 -1.41676881328
6.24305623965 -2 3.6203090049 -3.66882456198 -0.423485319141 -1.41648156549
6.24486736972 -2 3.61963968576 -3.67138676318 -0.425342206868 -1.41635232369
6.24487001667 -2 3.61963851723 -3.67138922879 -0.425344920782 -1.4163521333
6.24569895076 -2 3.61926060489 -3.67253483109 -0.426194841317 -1.41629229107
6.24612654866 -2 3.61916674925 -3.67314286102 -0.426633275571 -1.4162612531
6.25118501644 -2 3.61724519742 -3.68024818057 -0.431820488739 -1.41588535782
6.25788851175 -2 3.6147144032 -3.68970392206 -0.438696161786 -1.41536249441
6.26554065406 -2 3.61176211865 -3.70045265962 -0.446547019804 -1.41473128074
6.26779558358 -2 3.61085518035 -3.70360719053 -0.448860947482 -1.4145383041
6.26934222929 -2 3.61033143037 -3.70583895507 -0.450448175581 -1.41440411054
6.26952015547 -2 3.61023590865 -3.70607132993 -0.450630776401 -1.41438857737
6.27911709316 -2 3.6064408648 -3.71950409651 -0.460481698638 -1.41352158995
6.28639589414 -2 3.60355252921 -3.72976746076 -0.467955546406 -1.41282592791
6.28681671126 -2 3.60335032478 -3.73033959922 -0.468387703513 -1.41278470643
6.28754081438 -2 3.60309775599 -3.73133161256 -0.469131335688 -1.41271352016
6.28934624286 -2 3.60237384493 -3.73388463802 -0.470985546065 -1.41253461863
6.29601333221 -2 3.59963259042 -3.7432608105 -0.477833883802 -1.41185654585
6.29990406872 -2 3.5980713696 -3.74873460384 -0.481831196311 -1.41144819129
6.3031524771 -2 3.59624659037 -3.75334864055 -0.485169039735 -1.41110012539
6.30587663264 -2 3.59469040295 -3.75718573176 -0.487968514959 -1.41080323968
6.30596495124 -2 3.59464820239 -3.75725595543 -0.48805928032 -1.41079353831
6.30848480767 -2 3.5932307662 -3.76088285525 -0.490649075025 -1.41051473078
6.3106029973 -2 3.59198571449 -3.76391877006 -0.492826246901 -1.41027735719
6.31132601563 -2 3.59153782363 -3.76490445346 -0.493569438289 -1.41019570408
6.31916897679 -2 3.58707425019 -3.77603175443 -0.50163254146 -1.40928944546
6.32293684492 -2 3.58485305469 -3.78133247445 -0.505507024734 -1.40884072462
6.32989445581 -2 3.58081521373 -3.79120444176 -0.512662967601 -1.40798943522
6.33023787614 -2 3.58058055291 -3.79169139335 -0.51301622646 -1.40794665504
6.3317075562 -2 3.57972039465 -3.79368441501 -0.514528063045 -1.40776276748
6.3498776218 -2 3.56890397279 -3.8194362529 -0.533226312108 -1.40538138245
6.3500290213 -2 3.56880926297 -3.81962192605 -0.53338216699 -1.40536070327
6.35166409627 -2 3.56785766064 -3.8219656658 -0.53506541631 -1.40513649493
6.35194187745 -2 3.56768300093 -3.82228552048 -0.5353513922 -1.40509824464
6.35260926602 -2 3.56729158592 -3.82328815365 -0.53603848152 -1.40500615606
6.36463197894 -2 3.55995103422 -3.84023804806 -0.548419090104 -1.40330144383
6.36618837031 -2 3.55902763372 -3.84240890298 -0.550022227763 -1.40307443287
6.36741271145 -2 3.55827986393 -3.84413813801 -0.551283408965 -1.40289483641
6.3677707619 -2 3.5579969471 -3.84465102968 -0.551652244191 -1.40284214537
6.36789590484 -2 3.55795456684 -3.8447841539 -0.551781157721 -1.40282371116
6.36908796812 -2 3.55723896132 -3.84649220356 -0.55300916912 -1.40264764516
6.3742712147 -2 3.55402348646 -3.85385210432 -0.558349372696 -1.40187222946
6.37530880747 -2 3.55340688942 -3.85530277337 -0.559418512412 -1.40171508157
6.37639557571 -2 3.55270201826 -3.85682096761 -0.560538368161 -1.40154979849
6.37693436934 -2 3.55233675104 -3.85758666947 -0.561093583028 -1.40146759443
6.37818721345 -2 3.55156120873 -3.85933942402 -0.562384655215 -1.40127577949
6.37843052443 -2 3.55147147747 -3.85968012912 -0.562635397522 -1.40123841943
6.38766118506 -2 3.54570215769 -3.87266476082 -0.572149707517 -1.39979509164
6.38817933095 -2 3.54538128755 -3.87344030687 -0.572683875035 -1.39971257488
6.38855446163 -2 3.54511149321 -3.87394847542 -0.573070611759 -1.39965273459
6.3952027674 -2 3.54094623172 -3.88333765517 -0.579925527462 -1.39857838886
6.42208362317 -2 3.52362583908 -3.92110728365 -0.607659531143 -1.39396895926
6.4255975544 -2 3.52135891798 -3.92601803758 -0.611287093451 -1.39333507723
6.43405028267 -2 3.51575542899 -3.93784602213 -0.620015152209 -1.3917807496
6.43945655421 -2 3.51217036002 -3.94542182299 -0.625598996277 -1.39076478825
6.44300691686 -2 3.50980971306 -3.95039122792 -0.62926659785 -1.39008834726
6.44623856772 -2 3.50764275444 -3.95489585718 -0.632605393537 -1.38946626467
6.45175280301 -2 3.50393318542 -3.96260930141 -0.638303398037 -1.38839080475
6.46012105999 -2 3.49826202478 -3.97434215007 -0.646952811935 -1.38672508263
6.46041226336 -2 3.49805626205 -3.97472191067 -0.64725384842 -1.3866663889
6.46107913661 -2 3.49762515285 -3.97562524565 -0.647943252569 -1.38653179219
6.46359058014 -2 3.49589490202 -3.9790916335 -0.650539703082 -1.38602259661
6.47316036712 -2 3.48931934691 -3.99252137219 -0.660435656341 -1.38404898145
6.48312715675 -2 3.48239546379 -4.00637233857 -0.670745915858 -1.38193745634
6.48322635952 -2 3.48233163087 -4.00644957939 -0.670848556567 -1.38191615277
6.48377205401 -2 3.48196602206 -4.00725253186 -0.671413169215 -1.38179886511
6.48776101721 -2 3.47916081241 -4.01283505124 -0.675540769642 -1.38093631653
6.48792981051 -2 3.47903849321 -4.01305170269 -0.675715442855 -1.38089961645
6.48898302856 -2 3.47830346965 -4.01453622999 -0.676805374444 -1.38067025037
6.4904806887 -2 3.47724126898 -4.01660128982 -0.678355313861 -1.38034300039
6.49448109291 -2 3.47442770918 -4.02218611398 -0.682495781902 -1.37946258187
6.49572568673 -2 3.47354948648 -4.0239059006 -0.683784076511 -1.37918679981
6.49836459073 -2 3.47167639986 -4.02754335833 -0.686515834058 -1.37859912876
6.49907095241 -2 3.47116954339 -4.02852958503 -0.687247094973 -1.37844114961
6.49941227932 -2 3.47093652213 -4.02902015889 -0.687600460434 -1.37836470893
6.50373950394 -2 3.46788080772 -4.03505340029 -0.692080688458 -1.37738984626
6.50631841937 -2 3.46600653223 -4.03858454504 -0.694751126584 -1.376803765
6.5078687967 -2 3.46491964494 -4.04071183264 -0.696356645606 -1.37644960028
6.50948590023 -2 3.46373116704 -4.0429757272 -0.698031360331 -1.37607873095
6.5119124018 -2 3.46196266094 -4.04631919995 -0.700544492884 -1.37551943369
6.5139667296 -2 3.46053626743 -4.0491699566 -0.702672336532 -1.37504329571
6.52021247361 -2 3.45599130368 -4.0578563207 -0.709142555213 -1.37358092683
6.52499116253 -2 3.45253349918 -4.06442086148 -0.714093967535 -1.37244705058
6.52514778914 -2 3.45239925964 -4.06466256347 -0.714256269573 -1.37240966661
6.53316897791 -2 3.44652211081 -4.07570982991 -0.722569309228 -1.37047649915
6.53473369442 -2 3.44536065378 -4.07780590495 -0.724191230872 -1.37009512746
6.53835171933 -2 3.44270372826 -4.0828332117 -0.727941867332 -1.36920797245
6.54440740527 -2 3.43816020263 -4.09117919482 -0.734220563295 -1.36770646186
6.54646376477 -2 3.43667943693 -4.09401390444 -0.736352948428 -1.36719185306
6.54845004708 -2 3.4351751538 -4.09677479213 -0.738412807563 -1.36669250368
6.5493739593 -2 3.43447651058 -4.09801040621 -0.739370991176 -1.36645947058
6.5507556313 -2 3.43346708759 -4.09991440414 -0.740803970579 -1.3661100761
6.557600336 -2 3.42829041655 -4.10936461537 -0.747903831328 -1.36436324035
6.56088252745 -2 3.42580489867 -4.11382673933 -0.751308951005 -1.36351617479
6.56192520259 -2 3.42501857518 -4.1152802787 -0.752390754892 -1.36324580462
6.56279936449 -2 3.42432241741 -4.11643785494 -0.753297750308 -1.36301865609
6.56387548744 -2 3.4235688949 -4.1179463469 -0.754414328182 -1.36273843418
6.56570483222 -2 3.42217647873 -4.12045748297 -0.756312534144 -1.36226056856
6.5660925968 -2 3.42187016882 -4.12095047521 -0.756714909721 -1.36215903238
6.56952583821 -2 3.41919399376 -4.1256583381 -0.760277736911 -1.36125632386
6.57480174726 -2 3.41518394693 -4.13290559479 -0.765753549767 -1.35985611274
6.58143411745 -2 3.41009149011 -4.14191873335 -0.772638519959 -1.35807354954
6.60556513291 -2 3.39121716761 -4.17479646651 -0.797700335718 -1.35137789877
6.60574611026 -2 3.39101119435 -4.1749940015 -0.797888360897 -1.35132643801
6.60868355736 -2 3.38870797076 -4.17902221127 -0.80094033584 -1.35048858521
6.61590503855 -2 3.38295937219 -4.18879942831 -0.80844443431 -1.34840802692
6.61689610231 -2 3.38218106524 -4.19007321066 -0.809474399491 -1.34812019061
6.62587074718 -2 3.37494730006 -4.20225927056 -0.818802551744 -1.34548834138
6.62595358178 -2 3.3748495596 -4.20234799901 -0.818888659323 -1.34546383729
6.63150667197 -2 3.37035765682 -4.20981889533 -0.824661576566 -1.34381225601
6.63269193406 -2 3.36942627832 -4.21141482853 -0.825893862739 -1.34345747558
6.63538836305 -2 3.36724841661 -4.21505859135 -0.828697403226 -1.34264739505
6.63932189522 -2 3.36405522852 -4.22037157834 -0.832787515736 -1.34145825854
6.63940881657 -2 3.36394753181 -4.22046579692 -0.832877901442 -1.34143188242
6.64299465995 -2 3.36104590922 -4.22530900362 -0.836606822667 -1.34034002749
6.65303694393 -2 3.35272673497 -4.23873346871 -0.847051407365 -1.33724338634
6.6583641203 -2 3.34830309132 -4.24590384403 -0.852592908205 -1.33557742591
6.6672444789 -2 3.34090618452 -4.25774888951 -0.861831855993 -1.33276437615
6.66900694294 -2 3.33941398192 -4.2600475993 -0.86366567357 -1.33220073316
6.66979403023 -2 3.3387531255 -4.26109686733 -0.864484645192 -1.33194844744
6.67152151505 -2 3.33730578024 -4.26345340433 -0.866282149714 -1.33139349664
6.67879166723 -2 3.33112721162 -4.27307685129 -0.873847569048 -1.32903930958
6.68724500863 -2 3.3239263622 -4.2842993142 -0.882645340971 -1.32626401175
6.71370994099 -2 3.30099028784 -4.31919319254 -0.910194768731 -1.3173104398
6.71451275423 -2 3.30031103988 -4.32023551824 -0.911030593744 -1.31703253773
6.72014923559 -2 3.29533792801 -4.32766242147 -0.916898982727 -1.31507094079
6.73227722003 -2 3.28459097327 -4.34347386052 -0.929526570347 -1.31078790943
6.74148487148 -2 3.27634139008 -4.3554479771 -0.939113814575 -1.30747925355
6.74355245008 -2 3.27449734495 -4.35816292661 -0.941266636807 -1.30672951913
6.75749776584 -2 3.26182173546 -4.37614542338 -0.95578664856 -1.30160764952
6.76158874534 -2 3.25806297553 -4.38143460442 -0.960046052021 -1.30008354399
6.77276218112 -2 3.24779352863 -4.39581238796 -0.971678806921 -1.29587083228
6.78207100077 -2 3.23913436685 -4.40767352883 -0.981369231566 -1.29230504398
6.78537798974 -2 3.23603275903 -4.41194025713 -0.984811489309 -1.29102597416
6.7884489056 -2 3.23315425136 -4.41585239847 -0.988007857004 -1.28983242028
6.7918130706 -2 3.2300063972 -4.42012306516 -0.991509261322 -1.28851848082
6.79403324329 -2 3.22787093453 -4.42294621959 -0.993819887089 -1.28764767419
6.79405025138 -2 3.22785668825 -4.42295988444 -0.993837587733 -1.28764099191
6.80072668199 -2 3.22156616049 -4.43144391022 -1.00078540704 -1.28500462555
6.8024737559 -2 3.21994585522 -4.43367867078 -1.00260333307 -1.28431037057
6.80678666615 -2 3.21579465457 -4.43914806706 -1.00709083545 -1.28258871363
6.81519637841 -2 3.20775268301 -4.44967443286 -1.01583956745 -1.27919973052
6.81799580415 -2 3.20504171644 -4.45324219338 -1.01875139235 -1.27806221891
6.8198919147 -2 3.20323331231 -4.455596801 -1.02072349508 -1.27728908999
6.82260440643 -2 3.20060809117 -4.45905317103 -1.02354449623 -1.2761793359
6.82428607785 -2 3.19898644275 -4.46114372827 -1.0252933175 -1.27548909969
6.82844392566 -2 3.19493019702 -4.46633359018 -1.02961676809 -1.27377522665
6.82972236806 -2 3.19370599305 -4.46790658633 -1.03094600455 -1.27324615887
6.8329208137 -2 3.19058657573 -4.47192374625 -1.03427126008 -1.27191820724
6.84026913206 -2 3.18338907888 -4.48108544166 -1.04190938707 -1.26884389696
6.84275304913 -2 3.18094323525 -4.48415647807 -1.04449075514 -1.26779731923
6.84919215793 -2 3.174582016 -4.49215774389 -1.05118119812 -1.26506684553
6.85704103209 -2 3.16682320472 -4.50189516021 -1.05933373629 -1.26170450997
6.86110755829 -2 3.16273566928 -4.50687624809 -1.06355633969 -1.25994772138
6.86489917555 -2 3.15893298908 -4.51158057554 -1.067492666 -1.2583006064
6.86644220109 -2 3.15736862894 -4.51344384271 -1.06909434828 -1.25762778672
6.86647766532 -2 3.15733678468 -4.51347091691 -1.06913115903 -1.25761230582
6.88052491402 -2 3.14312268668 -4.53065308741 -1.08370570609 -1.25141977793
6.89421771303 -2 3.12916027292 -4.54729935701 -1.09789971072 -1.24526673765
6.89424042035 -2 3.12913604124 -4.54732006382 -1.09792323773 -1.24525643775
6.89777255764 -2 3.12550059162 -4.55157666324 -1.10158239116 -1.24365040008
6.89793720091 -2 3.12533146536 -4.55178159058 -1.10175293108 -1.24357534975
6.89945613216 -2 3.12375423773 -4.5536334338 -1.10332616023 -1.2428821748
6.9000630918 -2 3.12307279388 -4.55437989904 -1.10395476517 -1.24260478514
6.90517782667 -2 3.11690094003 -4.56065762109 -1.10925069673 -1.2402582093
6.90548462668 -2 3.11663750334 -4.5611123694 -1.10956829585 -1.24011693774
6.91078028133 -2 3.11012896931 -4.56764346693 -1.11504906974 -1.23766925124
6.91402230105 -2 3.10621116676 -4.57165058388 -1.11840319095 -1.23616217017
6.92174733281 -2 3.09668456475 -4.58109976023 -1.12639139233 -1.23254476013
6.9246316365 -2 3.09312692233 -4.5846979192 -1.1293724742 -1.23118458887
6.92528256328 -2 3.09230318918 -4.58549656059 -1.13004512679 -1.23087690898
6.92695298082 -2 3.09039218918 -4.587563948 -1.13177110085 -1.23008612634
6.9281602142 -2 3.08889924552 -4.5890520345 -1.13301830783 -1.2295135325
6.93157510598 -2 3.08461644982 -4.5932345605 -1.1365454505 -1.22788891045
6.94036610217 -2 3.07375270479 -4.60393260856 -1.1456196185 -1.22367307167
6.95201177186 -2 3.05921929583 -4.61805128717 -1.15762670916 -1.21801367081
6.96163076176 -2 3.04710256177 -4.62965307689 -1.16753148912 -1.21327495199
6.96957444459 -2 3.03702258493 -4.63908892892 -1.17570183849 -1.20931768999
6.97142563663 -2 3.03467804329 -4.64129602556 -1.17760457826 -1.208389785
6.97245771607 -2 3.0333518432 -4.64259219359 -1.17866518191 -1.20787152108
6.97410626681 -2 3.03134181091 -4.64456658709 -1.18035897219 -1.20704230146
6.97802365513 -2 3.02625069449 -4.64922256033 -1.18438224494 -1.20506499151
6.97833762583 -2 3.02593233104 -4.6495467973 -1.18470460216 -1.20490609568
6.98263759154 -2 3.0204448696 -4.65465294352 -1.18911790229 -1.20272369764
6.98568928457 -2 3.0165354394 -4.65827862769 -1.19224827542 -1.20116777735
6.98884806252 -2 3.0125174546 -4.66206221246 -1.19548692254 -1.19955107775
6.99174352403 -2 3.0087589546 -4.66547751727 -1.19845416043 -1.19806362273
6.99493662133 -2 3.00467450955 -4.66926990756 -1.20172478626 -1.19641714039
7.00112551301 -2 2.99669941389 -4.67651924211 -1.20805894799 -1.19320761888
7.01178475288 -2 2.98275532763 -4.68897963989 -1.21895220743 -1.18762324729
7.01285600757 -2 2.9813503979 -4.69028827135 -1.22004580207 -1.18705806255
7.01431581578 -2 2.97950077718 -4.69191932757 -1.2215356961 -1.18628671822
7.01661842449 -2 2.97646177842 -4.69462422868 -1.22388491407 -1.18506732457
7.01800082379 -2 2.97468870623 -4.69620166051 -1.2252947925 -1.18433364537
7.02054276595 -2 2.97137581586 -4.69918747445 -1.22788626373 -1.18298142889
7.0206157438 -2 2.97128515893 -4.69923433059 -1.22796064425 -1.1829425475
7.0238620703 -2 2.96710328358 -4.70303601382 -1.23126826348 -1.18120957528
7.02597598529 -2 2.96423338633 -4.70544026316 -1.23342091656 -1.18007755694
7.02766528773 -2 2.96197959142 -4.70741771038 -1.23514049993 -1.17917090671
7.02949451947 -2 2.95956841662 -4.70953345845 -1.23700183528 -1.17818713842
7.03275342221 -2 2.95528458937 -4.71322482964 -1.24031614025 -1.17642929194
7.04597514507 -2 2.93772764163 -4.7284777839 -1.25373812425 -1.1692293834
7.05104131143 -2 2.93099631784 -4.73421749113 -1.25887011012 -1.16644170516
7.05512642327 -2 2.92566118059 -4.73886261149 -1.26300367863 -1.16418223775
7.05592439848 -2 2.92445158566 -4.73974243397 -1.26381062784 -1.16373967025
7.0849261335 -2 2.88535090437 -4.77233101975 -1.29302146089 -1.14738863173
7.08838164437 -2 2.88058724111 -4.77614527156 -1.29648561823 -1.14540614925
7.09287836759 -2 2.87445448762 -4.78105710853 -1.30098800679 -1.14281548973
7.09697771011 -2 2.86882494634 -4.78564662615 -1.30508687357 -1.14044315297
7.10786721559 -2 2.85395469147 -4.79763319732 -1.31594794594 -1.13409243699
7.12498301129 -2 2.8301666799 -4.8162364768 -1.33293397379 -1.12396903586
7.12738085499 -2 2.82678904777 -4.81876436804 -1.33530482185 -1.12253717062
7.12948636992 -2 2.823796718 -4.82108219024 -1.3373847691 -1.12127713844
7.1342361113 -2 2.817244347 -4.82617953011 -1.34207031877 -1.11842535856
7.16310456812 -2 2.77647699692 -4.85686880909 -1.37034035929 -1.10082072428
7.16374315269 -2 2.77541264495 -4.85757764642 -1.37096138821 -1.10042615116
7.1650183229 -2 2.77360740962 -4.85889181544 -1.37220090934 -1.09963758927
7.16586290143 -2 2.7724222713 -4.85969654492 -1.37302143941 -1.09911482788
7.16899227057 -2 2.767985315 -4.86303720629 -1.37605863615 -1.09717457675
7.17895278612 -2 2.7537509699 -4.87343351263 -1.38569275375 -1.09096484546
7.18257678182 -2 2.74850201083 -4.87713003697 -1.38918512482 -1.0886928643
7.18425053022 -2 2.74604780061 -4.87885221674 -1.39079569671 -1.0876413026
7.18979974702 -2 2.73807641389 -4.88466508051 -1.39612444963 -1.08414489108
7.19841262055 -2 2.72559073556 -4.89348339909 -1.40436063598 -1.078688229
7.19968421473 -2 2.72374605228 -4.89476130607 -1.40557295646 -1.07787958973
7.20430630742 -2 2.71697609139 -4.89948592369 -1.40997144586 -1.07493385411
7.21192249722 -2 2.70589483363 -4.90721293396 -1.41719058463 -1.07005835617
7.22279502504 -2 2.68990168073 -4.91816776797 -1.42743189563 -1.06305342592
7.22448686491 -2 2.68739388674 -4.91988625992 -1.42901844398 -1.06195882344
7.22808302073 -2 2.68223053495 -4.92347080087 -1.43238427706 -1.05962816509
7.24226428953 -2 2.66108109359 -4.93755548864 -1.44556770876 -1.05038655813
7.24402871374 -2 2.65859776948 -4.93927997583 -1.44719762032 -1.04923129706
7.24832257499 -2 2.65220000299 -4.94350017658 -1.45115419184 -1.04641510412
7.24980366819 -2 2.64987375015 -4.94492854682 -1.45251562796 -1.04544216718
7.25324548811 -2 2.64485161858 -4.94831190824 -1.45567270577 -1.04317824546
7.26314045773 -2 2.62987416433 -4.95794842213 -1.46469561052 -1.03664746662
7.26771712926 -2 2.62303531908 -4.96236040287 -1.46884120886 -1.03361631114
7.26900258708 -2 2.6211039854 -4.96357102794 -1.47000234467 -1.0327638145
7.27823632267 -2 2.6071462646 -4.97241111912 -1.47830003995 -1.02662640298
7.28444666613 -2 2.597761195 -4.97837615862 -1.48383704573 -1.0224859513
7.28505956767 -2 2.59682914287 -4.97895850491 -1.48438152987 -1.02207681998
7.28698870759 -2 2.59393879523 -4.98078347394 -1.48609298083 -1.02078848882
7.28756829495 -2 2.59302747255 -4.98131130744 -1.48660646788 -1.02040125921
7.29417405379 -2 2.58289058932 -4.98753302039 -1.49243568505 -1.01598274509
7.30485268007 -2 2.56647461588 -4.99758955247 -1.50176589069 -1.00882227077
7.30500456761 -2 2.56625882706 -4.99770654329 -1.50189774275 -1.00872028653
7.30888828898 -2 2.56031718579 -5.00129424855 -1.50526078558 -1.00611144084
7.31329003495 -2 2.55358324232 -5.00540510706 -1.50905261069 -1.00315220557
7.31410329933 -2 2.55223960602 -5.00614926312 -1.50975084668 -1.00260520806
7.31437554823 -2 2.55185425734 -5.00639475233 -1.50998442394 -1.00242207864
7.31453490728 -2 2.55166651212 -5.00654664169 -1.51012110841 -1.00231488137
7.3191873953 -2 2.54437770043 -5.01077941289 -1.51409899566 -0.999184143738
7.33754145602 -2 2.51584448126 -5.027537611 -1.52954357079 -0.986820590642
7.33805999491 -2 2.51499356444 -5.02802063071 -1.529973911 -0.986471200179
7.34329615447 -2 2.5068894134 -5.03276065816 -1.53430016158 -0.982943460283
7.35272292251 -2 2.49198958385 -5.04115639332 -1.54199787905 -0.976596155127
7.35931612807 -2 2.48168305442 -5.04697766387 -1.54730958895 -0.972161909794
7.36612292044 -2 2.47093434605 -5.05296765366 -1.55272845075 -0.967590668642
7.37711236308 -2 2.45340483578 -5.06251865548 -1.56133169515 -0.960230108011
7.37870311364 -2 2.45079916799 -5.06393934373 -1.56256163582 -0.959167111592
7.37931818754 -2 2.44981641013 -5.0644693371 -1.56303613137 -0.958756286012
7.38275282967 -2 2.44427111596 -5.06741215454 -1.56567469906 -0.956464223145
7.38322497519 -2 2.44362117964 -5.06779672209 -1.56603593186 -0.956149423305
7.38590184951 -2 2.43921588433 -5.07009142196 -1.56807713376 -0.954365986803
7.38725499795 -2 2.43705600769 -5.07120113796 -1.56910449061 -0.953465373364
7.39223936979 -2 2.42908220464 -5.07550764935 -1.57286253269 -0.950153553467
7.39423201584 -2 2.42592132409 -5.07720540388 -1.5743531861 -0.948832187923
7.39622707893 -2 2.42260055318 -5.07890945161 -1.57583882632 -0.947510821691
7.39739083758 -2 2.42086962373 -5.07987103273 -1.57670224793 -0.946740809881
7.39784018508 -2 2.42004443241 -5.08020704734 -1.57703499883 -0.946443649696
7.40039201055 -2 2.41598141212 -5.08239649018 -1.57891795821 -0.944757770141
7.40105215426 -2 2.41494523673 -5.08296568237 -1.57940319746 -0.944322118387
7.40615804978 -2 2.4065319813 -5.08722116963 -1.58312990625 -0.940959528347
7.40663441582 -2 2.4057491142 -5.08766677284 -1.58347518828 -0.940646461597
7.40912446236 -2 2.4017146168 -5.08972612811 -1.58527324655 -0.939011912653
7.41836429901 -2 2.38666549755 -5.09735739012 -1.59184350262 -0.932976544073
7.41838729768 -2 2.38660445726 -5.09738251946 -1.59185965216 -0.932961584382
7.4200550677 -2 2.38402403988 -5.09876595861 -1.59302799451 -0.931877648718
7.42213665668 -2 2.38049328384 -5.10045961502 -1.5944785516 -0.9305272442
7.43258167383 -2 2.363339377 -5.10894982594 -1.60162508711 -0.923795926207
7.43381935783 -2 2.36130944279 -5.10994323655 -1.60245696073 -0.923003583661
7.44374342902 -2 2.34491151629 -5.11792104151 -1.60900810708 -0.916695120515
7.44942830809 -2 2.33552198727 -5.12242873399 -1.61266261243 -0.913120013849
7.46078038198 -2 2.31647746674 -5.13131249798 -1.61973571238 -0.906075210854
7.46136555271 -2 2.3154883899 -5.13178029049 -1.62009194781 -0.90571572414
7.4670899208 -2 2.30591786758 -5.13618400441 -1.62353216776 -0.90221932598
7.47595429696 -2 2.29090990322 -5.1430017915 -1.62869539014 -0.896881813473
7.47827012672 -2 2.28709896639 -5.14473548688 -1.63001045025 -0.89550374027
7.48462116993 -2 2.27620182138 -5.14952322721 -1.63354274969 -0.891761481068
7.48630607531 -2 2.27348608861 -5.1507880093 -1.63446127146 -0.890778123133
7.48736153645 -2 2.27158908702 -5.15154024363 -1.6350326201 -0.890164209227
7.4882033622 -2 2.27010238279 -5.15223035489 -1.63548608111 -0.889675721736
7.49271643516 -2 2.26243931656 -5.15552746007 -1.63788281402 -0.887074923325
7.49592648711 -2 2.25695670757 -5.1579044838 -1.63955184388 -0.885244049902
7.49787544055 -2 2.25366925433 -5.159364105 -1.64055044798 -0.884140418568
7.51156011174 -2 2.22710525398 -5.16811488245 -1.64723816913 -0.876571616982
7.51413081018 -2 2.22187706222 -5.16962939658 -1.6484291354 -0.875187159416
7.51983271863 -2 2.21060027116 -5.17309512643 -1.65099411561 -0.872161551232
7.52698412744 -2 2.19635865955 -5.17741096499 -1.65405773567 -0.868459115499
7.53527407895 -2 2.17972070308 -5.18229342339 -1.6573874175 -0.864304305024
7.5427626754 -2 2.16468887844 -5.18661110228 -1.66018225831 -0.860686544351
7.54921874546 -2 2.15142061934 -5.1902868032 -1.66242307444 -0.857677653384
7.55322727476 -2 2.14329187737 -5.19257542086 -1.66373329937 -0.855863423265
7.55526000019 -2 2.13907419735 -5.19362336831 -1.66437345692 -0.854959791934
7.55724706789 -2 2.13507349265 -5.19474594551 -1.66498323587 -0.854087343221
7.55771277578 -2 2.13406582398 -5.19498400414 -1.66512384343 -0.853884444229
7.56035924129 -2 2.12871810966 -5.19644271569 -1.66590609518 -0.852742963106
7.56496291535 -2 2.11930514321 -5.19902896807 -1.6671979662 -0.850805015636
7.57023522877 -2 2.10850537002 -5.20185701479 -1.66856761847 -0.848662649355
7.57163524946 -2 2.10556225378 -5.20262976272 -1.6689112221 -0.848108013178
7.58713840563 -2 2.07332251205 -5.21064868043 -1.67213014977 -0.842390702669
7.59057648646 -2 2.06636697246 -5.21244536934 -1.67269315245 -0.841234116777
7.59872573618 -2 2.0491831299 -5.21652352304 -1.67379842649 -0.838665864039
7.60048763999 -2 2.04546215999 -5.21740195008 -1.67399401508 -0.838143744324
7.6506433181 -2 1.93788413176 -5.23996199868 -1.67237290266 -0.829050886863
7.65393081632 -2 1.93061307697 -5.24131994222 -1.671733163 -0.828900581544
7.66523595056 -2 1.90560934282 -5.24570165663 -1.66897428483 -0.828870647401
7.66598876661 -2 1.90405735309 -5.246019023 -1.66875899473 -0.828896428198
7.66600825569 -2 1.90404104282 -5.24605151896 -1.6687533678 -0.828897142978
7.6769324914 -2 1.87954359426 -5.25003340725 -1.66516614322 -0.829684398758
7.67968808274 -2 1.87339385344 -5.25109742376 -1.66412145207 -0.830008806313
7.68311680574 -2 1.86572043068 -5.25229238582 -1.66274057741 -0.830486065761
7.68712451575 -2 1.85651250016 -5.25363076509 -1.66101068715 -0.831149813522
7.69330803423 -2 1.84246714986 -5.25566822482 -1.65809091267 -0.832404893745
7.69435127354 -2 1.84021168756 -5.25611178938 -1.65756773251 -0.83264498789
7.69583099763 -2 1.83677447188 -5.25656273925 -1.65681028937 -0.832999850671
7.70913329715 -2 1.8062937021 -5.26072798874 -1.64916934608 -0.836971447985
7.71134747308 -2 1.80122019805 -5.26136411901 -1.64774789939 -0.837774363461
7.71525511542 -2 1.79209118682 -5.26251572106 -1.64513161949 -0.839294480432
7.71935065164 -2 1.78261809416 -5.26363317136 -1.64223941547 -0.84103220711
7.72245603915 -2 1.7753894893 -5.26449893073 -1.63994206125 -0.84245085924
7.72793954334 -2 1.76246611835 -5.26592782303 -1.63566073861 -0.845174766632
7.74575777774 -2 1.72009578736 -5.27019533265 -1.61967675135 -0.856070892098
7.74945363755 -2 1.7112047973 -5.27098150242 -1.61594586902 -0.858746250905
7.75101429688 -2 1.70724385541 -5.27130156628 -1.61432584983 -0.859920999249
7.75950431552 -2 1.68658935215 -5.27292956127 -1.60503832467 -0.866793990303
7.76670968153 -2 1.66902622999 -5.274281348 -1.59650838425 -0.873290388612
7.77034797168 -2 1.66002827695 -5.27489501122 -1.59196776887 -0.876811830054
7.77384565267 -2 1.65141922163 -5.27541855562 -1.5874512843 -0.880354441778
7.79106342014 -2 1.60824772041 -5.27764332333 -1.56296380113 -0.900160205436
7.79241134089 -2 1.60473701118 -5.27782958992 -1.56088255742 -0.90188466953
7.80614540294 -2 1.56949148969 -5.27891768341 -1.5382412379 -0.920995457025
7.8096304742 -2 1.5605370292 -5.27922161781 -1.53206679702 -0.926308652935
7.81773147617 -2 1.53926571505 -5.27954453478 -1.51701396006 -0.939423370072
7.82455088958 -2 1.52131886169 -5.27969996217 -1.50355919472 -0.951323904112
7.82672378244 -2 1.51575363048 -5.27978697085 -1.49911724433 -0.955286960793
7.82947002219 -2 1.50820353031 -5.27972236215 -1.49339405495 -0.960416925575
7.83602869053 -2 1.49074352589 -5.27977740528 -1.47922289425 -0.973229046179
7.84216915454 -2 1.47413797739 -5.27961604458 -1.46529587605 -0.98596341281
7.84722613235 -2 1.46024656409 -5.27933186018 -1.45333288156 -0.99700727818
7.84960635269 -2 1.45367892373 -5.27922763704 -1.44754432789 -1.00238421977
7.85010175427 -2 1.45243942211 -5.27925561718 -1.44632667104 -1.00351795893
7.85294563413 -2 1.44458056274 -5.27898778004 -1.43925002368 -1.01012485622
7.85678810439 -2 1.43411110818 -5.27875532385 -1.4294513072 -1.01932234656
7.86160519816 -2 1.42062771633 -5.27833370242 -1.41677455116 -1.0313025071
7.8661277653 -2 1.40788208335 -5.27789121389 -1.40446638222 -1.04301784571
7.87287999784 -2 1.38877768722 -5.2770729167 -1.38533744586 -1.06137951815
7.8752682741 -2 1.38196150855 -5.27675510229 -1.37835066227 -1.06813061481
7.87660951266 -2 1.37800451268 -5.27650878174 -1.37437543478 -1.07198200555
7.87865813628 -2 1.37221288373 -5.27620452251 -1.36823143039 -1.07794896231
7.88383715056 -2 1.35732048195 -5.27543942972 -1.35230432529 -1.09349590652
7.89117608587 -2 1.33594446208 -5.27411600372 -1.32874188202 -1.11669451922
7.89263566359 -2 1.33160814766 -5.27373447692 -1.32391367166 -1.1214761126
7.89514367604 -2 1.32425383993 -5.27328564107 -1.31550510132 -1.12982536256
7.89814720777 -2 1.31535246776 -5.27258703374 -1.30524638024 -1.14004849487
7.90666364219 -2 1.28990949643 -5.27062024627 -1.27501227812 -1.17040255167
7.95701925429 -2 1.13184913092 -5.25321762582 -1.05777487874 -1.39662520577
7.9584346553 -2 1.1272392743 -5.2525799497 -1.05061764145 -1.40428245094
7.96758803915 -2 1.09683358927 -5.24828589083 -1.00279873395 -1.45572564059
7.99725858025 -2 0.994551034728 -5.23182547867 -0.828262221495 -1.64724507926
8.02973086722 -2 0.871220356627 -5.20132778359 -0.598693819118 -1.906601594
8.07853606121 -2 0.66855070628 -5.14405714169 -0.162505088733 -2.41709144798
8.08793049032 -2 0.627256557011 -5.13154442427 -0.0639793897725 -2.53500398686
8.09738736462 -2 0.584460797808 -5.11840730842 0.040498368817 -2.66094131722
8.09782866412 -2 0.582691868141 -5.11775172112 0.0455077035812 -2.66700188271
8.11681404156 -2 0.494211832386 -5.08954936804 0.272875865205 -2.94409790645
8.15246765073 -2 0.317057829663 -5.03020831722 0.768482767071 -3.56013395654
8.15416217476 -2 0.308327697051 -5.02709485459 0.794479723456 -3.59285072682
8.15556673876 -2 0.300973014701 -5.02462804427 0.816206923886 -3.62022242093
8.15853190818 -2 0.285553505001 -5.01917546375 0.862612440487 -3.67876888507
8.17082501287 -2 0.220008430387 -4.99609443636 1.06299474634 -3.93286261847
8.18245044333 -2 0.156148219211 -4.97323368164 1.26487246831 -4.19084345584
8.18761397834 -2 0.127016133053 -4.96277283742 1.35858316947 -4.31123470428
8.20150668825 -2 0.0472980692188 -4.93355601751 1.62369818241 -4.6538803932
8.24188416616 -2 -0.200967626872 -4.83949319873 2.5126643224 -5.82219693663
8.25041497794 -2 -0.256853855154 -4.81784027307 2.72542826384 -6.10569260289
8.25126069437 -2 -0.262462068942 -4.81572583905 2.74703393873 -6.13455637204
8.25919564998 -2 -0.315675639949 -4.79493597103 2.95438364984 -6.41224383038
8.2637794069 -2 -0.347008385252 -4.78254189733 3.07806180352 -6.57844786793
8.26884015193 -2 -0.381775578797 -4.76881537305 3.21802114956 -6.76702741926
8.27495191447 -2 -0.424583584159 -4.75185771912 3.39194156308 -7.00207552928
8.31315907874 -2 -0.708419475466 -4.63767505259 4.61065742047 -8.66895469628
8.31680376948 -2 -0.737056089425 -4.62600958893 4.73969705949 -8.84728183236
8.34110078331 -2 -0.935185906922 -4.54452859539 5.66309509069 -10.1323065179
8.36675251179 -2 -1.15886859584 -4.45172262883 6.76785220031 -11.6880667535
8.37695950615 -2 -1.2522134767 -4.41273607903 7.24822107931 -12.3700409567
8.3785093881 -2 -1.26672691984 -4.40657562829 7.32331504228 -12.4769298803
8.37937431276 -2 -1.2747244965 -4.40332458898 7.36547349568 -12.5369705111
8.43110491482 -2 -1.79368438359 -4.18473055029 10.2444365676 -16.6857648218
8.43644029193 -2 -1.85142036512 -4.1603080576 10.5851762291 -17.1824155323
8.43671604438 -2 -1.85452819812 -4.15892560082 10.6030300173 -17.2084678229
8.45290453888 -2 -2.0350506648 -4.08245784619 11.6944897389 -18.8064036245
8.45906659685 -2 -2.10592972783 -4.05244334123 12.1331386934 -19.4513896739
8.4778549138 -2 -2.3298189858 -3.95764464963 13.5547430619 -21.5517850516
8.49603483299 -2 -2.55720433212 -3.86147869519 15.0593343398 -23.7901154301
8.51401560083 -2 -2.79363647926 -3.76151162083 16.6833202257 -26.2218351845
8.51489092459 -2 -2.80519194444 -3.75659465914 16.7660281085 -26.3460860952
8.53371820394 -2 -3.06595802978 -3.64671597457 18.6319239109 -29.1588652109
8.55200220063 -2 -3.33185590898 -3.53507269922 20.6126099904 -32.1633973429
8.56099213703 -2 -3.46724374131 -3.47842278816 21.6518525268 -33.7468503523
8.60284115766 -2 -4.14197079092 -3.19651004309 27.1204959503 -42.1479961641
8.6131145729 -2 -4.31833068555 -3.11875897652 28.6372043434 -44.4960864689
8.65460503478 -2 -5.08036404302 -2.78738250667 35.5675880014 -55.3078250521
8.66600651164 -2 -5.30439233472 -2.69161650921 37.7205885651 -58.690855488
8.66767006901 -2 -5.33752064062 -2.67737498094 38.0444363352 -59.2006141806
8.6691467053 -2 -5.36724882992 -2.66475171696 38.3340126648 -59.6566195105
8.67810826374 -2 -5.54906226025 -2.58732165353 40.1349070581 -62.4965234572
8.6813297631 -2 -5.615563516 -2.5592057153 40.8009130102 -63.5484641581
8.68211818946 -2 -5.63193104355 -2.55226283611 40.965439773 -63.8084671857
8.68943660965 -2 -5.78508939684 -2.48752475273 42.5218141725 -66.2706418649
8.68990608027 -2 -5.79497564522 -2.48337101469 42.6234759808 -66.4316325123
8.73021361144 -2 -6.69048882949 -2.11016404606 52.232230169 -81.7294848753
8.73501694918 -2 -6.80304763528 -2.06372178679 53.5014536395 -83.7612106922
8.74365335499 -2 -7.00886627721 -1.97945425601 55.8554661823 -87.5355743511
8.76012073755 -2 -7.41329766473 -1.81506209065 60.6117868803 -95.1847341206
8.79960839492 -2 -8.44851652883 -1.40173196476 73.5926147514 -116.198620705
8.81960120897 -2 -9.00917225423 -1.18156260426 81.1124245502 -128.452006593
8.82439102839 -2 -9.14745365639 -1.12795834537 83.0177315157 -131.564958502
8.84134231798 -2 -9.64789562071 -0.934285805151 90.1027725757 -143.167965863
8.86694766824 -2 -10.4398706922 -0.631408469648 101.888577383 -162.556472388
8.87427583753 -2 -10.6746956185 -0.542455516358 105.519458935 -168.549606485
8.89010998134 -2 -11.1946974884 -0.346651931814 113.784888795 -182.224881491
8.90568924817 -2 -11.7233353597 -0.149360863073 122.50989474 -196.706099076
8.93585729179 -2 -12.7962991318 0.247379666339 141.230542132 -227.919367165
9.03428877761 -2 -16.7745577445 1.69738142871 222.962902124 -365.95591605
9.03705752612 -2 -16.8978043656 1.74213336388 225.810467248 -370.807274285
9.08119011627 -2 -18.9479639969 2.49867025629 276.140531578 -456.933164571
9.08829433019 -2 -19.293803937 2.62857486003 285.178625514 -472.469656277
9.18178262748 -2 -24.3074351303 4.63147825079 433.707997355 -730.285957187
9.18482554825 -2 -24.4862154673 4.70869845837 439.60618908 -740.608753603
9.20904950957 -2 -25.9471244039 5.36190636256 489.3655443 -827.918718395
9.21124430627 -2 -26.082608315 5.4246090877 494.130156706 -836.299099319
9.27665952329 -2 -30.4393391354 7.6415676587 658.268876541 -1126.92525899
9.28696951484 -2 -31.1900127709 8.06567256443 688.472703648 -1180.77732806
9.33144803412 -2 -34.6756087837 10.2136490642 834.61672487 -1442.78166869
9.3345917181 -2 -34.9389959899 10.3882174597 845.995955662 -1463.2760668
9.42728405269 -2 -44.0706375234 17.4917432016 1256.55205638 -2210.51691541
9.67736282143 -2 -101.756409862 85.5177626191 3532.90233923 -6540.57253404
9.70157159752 -2 -113.061329021 100.33884344 3895.15723507 -7251.13050993
9.7976934225 -2 -179.40053116 188.680286082 5716.06276192 -10890.1868
9.97980325532 -2 -492.394081893 600.578146094 11624.6657452 -23281.7824938
10.0335052493 -2 -674.210692249 834.000567403 14274.7510566 -29061.2388288
10.3314664317 -2 -3797.62122313 4603.14108858 43304.9761313 -97890.2717644
10.5187298595 -2 -10566.4218713 12315.663927 84999.9220675 -207478.369492
10.8992980915 -2 -70783.5915019 76626.6992513 319709.591276 -928763.452666
