1.77034980863 -2 1.24567503118 -1.87848478546 0.141565947487 0.398009367278
1.8432278434 -2 1.26903694262 -1.84638854723 0.116162437021 0.415074256429
2.31646863451 -2 1.44981558777 -1.69979696027 0.15392140859 0.466488422867
2.33512630927 -2 1.45794192369 -1.69594259828 0.160803324771 0.466190915741
2.45692219066 -2 1.51266784771 -1.67265190599 0.212483542754 0.459642072455
2.48579163325 -2 1.52606532489 -1.66747687162 0.22624262519 0.456909289438
2.62338254656 -2 1.5922347825 -1.64361596066 0.297990663787 0.437626957164
2.66057751736 -2 1.61081260084 -1.63723035493 0.318802270527 0.430637942017
2.67432180343 -2 1.61775607492 -1.63486455103 0.326612838126 0.427864582296
2.68771619993 -2 1.62456450546 -1.63255396434 0.334281512404 0.425062951323
2.69564571163 -2 1.62861475861 -1.63118335761 0.338846495153 0.423358441422
2.6958551585 -2 1.62872193995 -1.63114712505 0.338967317435 0.423312956418
2.77642195416 -2 1.6707384337 -1.61706553981 0.386247078682 0.404056348109
2.79288973227 -2 1.67952718924 -1.61414572688 0.396073946376 0.399690190659
2.80088896053 -2 1.68382189893 -1.61272177921 0.400862846259 0.39751695606
2.82161402402 -2 1.69502811829 -1.60901498161 0.413311766613 0.391727521822
2.83820738572 -2 1.7040840362 -1.6060287893 0.423316141612 0.386927546298
2.84523511219 -2 1.70794228679 -1.60475913599 0.427561720357 0.384850616028
2.84993723142 -2 1.71053143639 -1.60390800886 0.430404848787 0.383446388418
2.86424727594 -2 1.71844923211 -1.60130981331 0.43906824673 0.379101041271
2.87842567569 -2 1.72635159233 -1.59872392725 0.447665362378 0.374689303296
2.91838323924 -2 1.74893726966 -1.59137771424 0.471936259377 0.361689842665
2.99775736577 -2 1.79524999061 -1.57657650474 0.520092665489 0.333418615733
3.02880159727 -2 1.81391400621 -1.57074045649 0.538811155081 0.321489454004
3.03939363638 -2 1.82035553765 -1.56874691696 0.545173270462 0.317308736027
3.04759783229 -2 1.82537098863 -1.56720260782 0.550091231218 0.314032085126
3.05192664923 -2 1.82802654998 -1.56638781861 0.552682420624 0.312289733772
3.06671367828 -2 1.83714630544 -1.56360544231 0.561513226244 0.306267983532
3.08083304238 -2 1.84592492271 -1.56095125407 0.569913315002 0.300417567552
3.10046009441 -2 1.85824399406 -1.55726896967 0.581532857454 0.292122935937
3.1095014817 -2 1.86396480812 -1.55557664543 0.586861283283 0.288238897639
3.11363412366 -2 1.86658940187 -1.55480413371 0.589291424644 0.286450403127
3.14177250774 -2 1.88462345559 -1.5495652718 0.605742101895 0.274054497809
3.18230002403 -2 1.91110734057 -1.54210727572 0.629110869433 0.255539204871
3.30681810541 -2 1.99637134682 -1.5203368456 0.697917391559 0.193928267668
3.3131140677 -2 2.00084225631 -1.51930101445 0.701256519914 0.190629858931
3.33652743523 -2 2.01760554509 -1.51551921305 0.71354145778 0.178213961061
3.33763982571 -2 2.01840736443 -1.51534241615 0.714119818132 0.177618235035
3.35191143561 -2 2.02873783228 -1.51309862329 0.721496193749 0.169928714388
3.35515579443 -2 2.03109749156 -1.51259503237 0.723161592055 0.168168662446
3.3694538057 -2 2.04154625836 -1.51040554296 0.730449448355 0.160359491362
3.37171981058 -2 2.04320965532 -1.5100631252 0.731596640698 0.159114035489
3.40553697876 -2 2.06827560123 -1.5051113673 0.748455454027 0.14027584166
3.40645287465 -2 2.06896078885 -1.50498156615 0.748905095176 0.139759138762
3.44119637405 -2 2.09519805755 -1.50023900115 0.765680668469 0.119910130821
3.44469822014 -2 2.09786904838 -1.49978141105 0.767340519542 0.117882939232
3.45981080518 -2 2.10945152165 -1.49785188111 0.774437018574 0.109079344684
3.47079374606 -2 2.11792546088 -1.49649704768 0.779525385578 0.102625793985
3.47430388468 -2 2.1206437292 -1.49607270139 0.781139220267 0.100553454834
3.48896379661 -2 2.13204869912 -1.49434699656 0.787813540506 0.091847603502
3.50917349196 -2 2.14790901324 -1.49209542791 0.796837675632 0.0797129999981
3.51126158448 -2 2.14955679066 -1.49187148392 0.797758195824 0.0784505459949
3.51791720477 -2 2.15482024101 -1.49116880973 0.800677273357 0.0744158117551
3.5188040559 -2 2.1555228847 -1.49107646878 0.801064504833 0.0738769556238
3.52359962437 -2 2.15932764368 -1.49058244866 0.803151338191 0.0709581309291
3.52574461775 -2 2.16103234066 -1.49036439687 0.804080867581 0.0696498503894
3.5278124682 -2 2.1626774125 -1.49015590626 0.804974687076 0.0683870283894
3.53076166355 -2 2.16502649101 -1.48986149077 0.806245580788 0.0665832760666
3.54714501159 -2 2.17813701557 -1.4882898811 0.813221840442 0.0565056959407
3.57774043944 -2 2.20289494016 -1.48565627833 0.825862528239 0.0374298293524
3.58974682911 -2 2.21270720114 -1.48473472642 0.830682349005 0.0298545612347
3.59149578805 -2 2.21414105071 -1.48460591529 0.831377730713 0.028746936048
3.5949991145 -2 2.21701661903 -1.48435209719 0.832765478072 0.0265251102702
3.61776138349 -2 2.23581106733 -1.48284208044 0.841612749233 0.0119878262493
3.70990932552 -2 2.31380231633 -1.47938288099 0.874320742341 -0.0485813726524
3.71842160709 -2 2.32115548848 -1.47929376487 0.877081972173 -0.0543089742784
3.74541780764 -2 2.34463451191 -1.47928657825 0.885538475281 -0.0726140957531
3.75623792631 -2 2.3541114773 -1.47940392103 0.88879817186 -0.0800095011732
3.75742376057 -2 2.35515238468 -1.4794210411 0.889150867433 -0.0808220084928
3.76998693964 -2 2.36620746555 -1.47965467907 0.892831936563 -0.08945407299
3.77538044454 -2 2.37096870547 -1.47978453582 0.894380999844 -0.0931732728661
3.7958269861 -2 2.38909962378 -1.48044075406 0.900081536717 -0.107344151941
3.79815603879 -2 2.39117294875 -1.48053216039 0.900713523905 -0.108965432188
3.80477539689 -2 2.39707435184 -1.48081077222 0.902490187623 -0.113581036979
3.80605799408 -2 2.39821933971 -1.48086799227 0.902831099687 -0.114476704323
3.8075555481 -2 2.39955683681 -1.48093613605 0.903227771327 -0.115523023311
3.86327547457 -2 2.44977679227 -1.4845166344 0.916921956847 -0.154856323045
3.86460737381 -2 2.45098768959 -1.4846276797 0.917223647102 -0.155805816522
3.8703872649 -2 2.45624791306 -1.48512365489 0.918518833336 -0.159931073142
3.89462669181 -2 2.47840198577 -1.48745564778 0.923700993211 -0.177315609013
3.89912847905 -2 2.48253276871 -1.48793407327 0.924618819767 -0.180558960437
3.91619468167 -2 2.49823720887 -1.48987861903 0.927970477901 -0.192894991391
3.93013256905 -2 2.51111391188 -1.49162201806 0.930556931166 -0.203016277303
3.95334292859 -2 2.53265402638 -1.49484012 0.934560821671 -0.219960433072
3.9651561036 -2 2.54366149678 -1.49663120303 0.936452169681 -0.228625836305
3.97441749826 -2 2.55231124302 -1.49810853185 0.937865469913 -0.235438361383
3.98352280311 -2 2.56083180742 -1.4996241251 0.939195183015 -0.242151939163
3.98897609924 -2 2.56594256599 -1.50056200318 0.939963111622 -0.246180192762
3.99224726142 -2 2.569010958 -1.5011354824 0.940413503566 -0.248599164401
4.00234540239 -2 2.578495636 -1.50295758885 0.941755277004 -0.256078794216
4.00642707744 -2 2.58233459024 -1.50371637038 0.942276748402 -0.259107229295
4.01308960822 -2 2.58860723953 -1.5049826296 0.943102070237 -0.264056830761
4.0136194529 -2 2.5891064096 -1.50508480856 0.943166325491 -0.264450783999
4.03560800673 -2 2.60986331488 -1.50951859198 0.945653143887 -0.280841792485
4.03793743932 -2 2.61206683423 -1.51001054213 0.945895973375 -0.282582925345
4.04593874218 -2 2.61964198782 -1.511733009 0.946699874523 -0.288570147733
4.04715688756 -2 2.62079610162 -1.51199969414 0.946818157095 -0.289482557111
4.05980842471 -2 2.63279538342 -1.51483931501 0.947982338287 -0.298972439868
4.06048175063 -2 2.63343463292 -1.51499402428 0.94804100537 -0.299478189988
4.06481103895 -2 2.6375463116 -1.51599743687 0.948410258671 -0.302731652712
4.06534562495 -2 2.63805420422 -1.51612238241 0.948454898541 -0.303133589939
4.06814035323 -2 2.64071000973 -1.51677931472 0.948684845145 -0.305235546507
4.07939760334 -2 2.65141803164 -1.51948917427 0.949552801147 -0.313713923813
4.09872665573 -2 2.66984030439 -1.52438169042 0.950824682683 -0.328313558848
4.12292046525 -2 2.69295645433 -1.53093642105 0.952025897325 -0.34665809444
4.14293868056 -2 2.71212400951 -1.53672578766 0.952689762712 -0.361891509067
4.14785201134 -2 2.71683344677 -1.5381977722 0.952806866987 -0.365637591324
4.15898725633 -2 2.72751289581 -1.54160860256 0.953005236602 -0.374137396124
4.1651354135 -2 2.73341282276 -1.54353646716 0.953074852181 -0.378836160846
4.17213240669 -2 2.7401299863 -1.54576925087 0.953119482499 -0.384188438076
4.17382950899 -2 2.74175961602 -1.54631703501 0.953124752699 -0.385487369545
4.1810533603 -2 2.74869787136 -1.54867597925 0.953122902523 -0.391019574624
4.18735627123 -2 2.75475354617 -1.55077031909 0.953089134908 -0.39585063361
4.18993663854 -2 2.75723317117 -1.551637459 0.953066658571 -0.397829517744
4.20217433625 -2 2.76899631922 -1.5558271508 0.952891539249 -0.407222878588
4.2032098471 -2 2.76999189064 -1.55618752784 0.952871523475 -0.408018321482
4.21428494153 -2 2.7806414748 -1.56009920327 0.952606666551 -0.416531515426
4.22527235766 -2 2.79120896673 -1.56408378434 0.952252028988 -0.424987173934
4.23713353144 -2 2.80261802862 -1.56850174984 0.951766320673 -0.434125563561
4.2371439948 -2 2.80262809331 -1.56850570068 0.95176584501 -0.434133629517
4.25376030421 -2 2.81861053976 -1.57489914969 0.95090539139 -0.446952141308
4.26152573381 -2 2.8260785779 -1.57796899641 0.950431194193 -0.452948794869
4.26941768024 -2 2.83366696553 -1.58114247535 0.949902181687 -0.459046801336
4.26984015933 -2 2.83407314864 -1.58131388702 0.949872522796 -0.459373344964
4.27577006229 -2 2.83977375657 -1.58373619691 0.94944186319 -0.463957724586
4.27627394858 -2 2.84025810699 -1.58394344023 0.949404031591 -0.464347363017
4.29215628116 -2 2.85551968831 -1.59058908014 0.948112242454 -0.476635114091
4.29252480971 -2 2.85587368403 -1.59074589572 0.948079980983 -0.476920376165
4.29982907088 -2 2.86288850595 -1.59387847147 0.947419140605 -0.482575505433
4.31522130383 -2 2.87766093307 -1.60063252405 0.945892993929 -0.49449946775
4.31926538597 -2 2.88153964583 -1.60244147648 0.945461954996 -0.497633706765
4.32287187686 -2 2.88499768297 -1.604066788 0.945066998254 -0.500429243107
4.32542900103 -2 2.88744896626 -1.60522610238 0.944780928258 -0.50241161083
4.32845814788 -2 2.89035208736 -1.60660684146 0.944435574899 -0.504760149139
4.33143200954 -2 2.89320151795 -1.60797021707 0.944089690245 -0.507066068178
4.37044857715 -2 2.93051006916 -1.62657778193 0.938924222421 -0.537335847433
4.372560093 -2 2.93252458685 -1.6276230246 0.938611400463 -0.538974569129
4.37883228432 -2 2.93850551898 -1.63075105891 0.93766201966 -0.543842484523
4.38290225652 -2 2.94238391345 -1.63279936797 0.937029842126 -0.547001307188
4.38487781601 -2 2.94426572699 -1.63379888012 0.936718406495 -0.54853460478
4.39130363436 -2 2.9503831127 -1.6370737552 0.935684722415 -0.55352188301
4.39237409018 -2 2.95140165491 -1.63762284444 0.935509448989 -0.554352689037
4.39338380915 -2 2.95236226369 -1.63814170509 0.935343315469 -0.555136352185
4.39368663008 -2 2.95265032915 -1.63829748988 0.935293338677 -0.555371376834
4.41314584327 -2 2.97113402132 -1.64847780895 0.931934472644 -0.570472641865
4.41324078412 -2 2.9712240652 -1.6485282973 0.931917373487 -0.57054631083
4.4282846582 -2 2.98547395949 -1.65662889748 0.929120677978 -0.582217728869
4.43976336983 -2 2.99632154661 -1.6629440478 0.926870161323 -0.591120121805
4.43986026508 -2 2.99641301667 -1.66299785041 0.926850734624 -0.591195255799
4.44252800522 -2 2.9989307317 -1.66448240613 0.926313051595 -0.59326376152
4.44568288891 -2 3.00190654013 -1.66624614666 0.925670153932 -0.595709731772
4.45029994101 -2 3.00625823415 -1.66884312777 0.924715565839 -0.599288786301
4.45922187577 -2 3.01465602459 -1.67391472018 0.922824719057 -0.606202960211
4.46311322129 -2 3.01831393932 -1.67614867911 0.921980947538 -0.609217736647
4.47058007352 -2 3.02532441669 -1.68047261167 0.920329465764 -0.615000969779
4.47102261252 -2 3.02573955236 -1.68073041909 0.92023024935 -0.615343654969
4.47384897271 -2 3.0283899433 -1.68238102008 0.919593054266 -0.617532085442
4.47977230289 -2 3.03393907186 -1.68586305253 0.918237855841 -0.622117349363
4.4856566048 -2 3.03944422676 -1.68935268523 0.916865051962 -0.626670805999
4.50267712967 -2 3.05532479696 -1.69961775846 0.912745397127 -0.639831951123
4.51181607505 -2 3.06382398711 -1.70523430718 0.910442249541 -0.646891976259
4.53109916846 -2 3.08169005084 -1.71732505338 0.905373954859 -0.661771222046
4.5442577832 -2 3.09382674674 -1.72576210958 0.90175309224 -0.671909726491
4.54982864272 -2 3.09895094306 -1.72937950895 0.900180542729 -0.676198003212
4.55031186996 -2 3.09939502437 -1.72969456261 0.900043026867 -0.676569860448
4.55052813137 -2 3.09959374568 -1.72983562616 0.899981426247 -0.676736273718
4.55464841477 -2 3.10337736761 -1.73253098697 0.898801015602 -0.679906107625
4.57315669334 -2 3.12031377524 -1.74482040909 0.893339963743 -0.694127162469
4.58658367556 -2 3.1325371273 -1.75392160793 0.88921602602 -0.704424435493
4.59923532825 -2 3.14400376535 -1.76263969219 0.88520570406 -0.714110880893
4.61015499787 -2 3.15385954193 -1.77027505873 0.881647432366 -0.722457835447
4.61365989188 -2 3.15701468207 -1.77274749329 0.880486315555 -0.72513421102
4.62550909515 -2 3.16765096883 -1.78118412184 0.876492529186 -0.734172094337
4.63565791097 -2 3.17672268316 -1.78850546187 0.872988136347 -0.741899913929
4.63651373874 -2 3.17748603652 -1.78912686959 0.872689091357 -0.742551013614
4.64800255727 -2 3.18770822431 -1.79752910317 0.868621606304 -0.751282660531
4.65587868465 -2 3.19468842964 -1.8033539626 0.865776187165 -0.757258836817
4.66001595995 -2 3.19834592337 -1.806434762 0.864262972773 -0.76039479746
4.66478438705 -2 3.20255344726 -1.81000348915 0.862503094827 -0.764006292534
4.66634788083 -2 3.20393116587 -1.81117779805 0.861922372821 -0.765189769827
4.66753301762 -2 3.2049748673 -1.81206930423 0.861480970438 -0.766086627497
4.677983901 -2 3.21415527525 -1.81998206825 0.857543353262 -0.773986865544
4.68246782805 -2 3.21808114466 -1.82340516323 0.855829064562 -0.777371665561
4.6852649798 -2 3.22052617583 -1.82554909001 0.854752109532 -0.779481679573
4.68882723661 -2 3.22363551798 -1.82828893244 0.853372181483 -0.78216717577
4.69224972678 -2 3.22661810426 -1.8309312752 0.852037544822 -0.784745523751
4.69572376417 -2 3.22964080606 -1.83362342363 0.850673943238 -0.787360898687
4.69796585585 -2 3.23158902479 -1.83536624347 0.849789157191 -0.789047846537
4.69921024024 -2 3.23266942629 -1.83633533542 0.849296488591 -0.789983787408
4.70439852351 -2 3.23716719285 -1.84038972388 0.847230053636 -0.793883474744
4.70995898484 -2 3.24197529966 -1.84475980085 0.844993335737 -0.798058215637
4.71508019002 -2 3.24639219837 -1.84880735383 0.842913155599 -0.801898804753
4.71737673187 -2 3.24836932562 -1.85062948502 0.841974054339 -0.803619693164
4.72463768065 -2 3.25460566887 -1.85641918029 0.838979397826 -0.809054912349
4.74061891974 -2 3.26825165563 -1.8693152009 0.832251946597 -0.820986491565
4.74506638394 -2 3.27202928524 -1.87294134525 0.830346494402 -0.824299110803
4.74758805855 -2 3.27416725359 -1.87500452419 0.829259700375 -0.826175785433
4.75138104467 -2 3.27737771368 -1.87811764015 0.827616255414 -0.828996455256
4.75487239004 -2 3.28032711905 -1.88099354966 0.826094235036 -0.831590518736
4.75757192264 -2 3.28260382461 -1.88322402526 0.824911310804 -0.833594748085
4.76894829399 -2 3.29216156128 -1.89268869791 0.819867997022 -0.842026188438
4.7693947062 -2 3.29253538759 -1.89306223206 0.81966817912 -0.842356547074
4.77161136514 -2 3.29439024296 -1.89491940065 0.818673842702 -0.843996383284
4.77550989365 -2 3.29764686421 -1.89819530296 0.816916421328 -0.84687815987
4.77799374177 -2 3.29971800244 -1.90028885156 0.815790983613 -0.848712689488
4.79922951419 -2 3.3173047004 -1.91838989146 0.805987063777 -0.864347607837
4.80797928494 -2 3.32448696238 -1.92595278558 0.801853094921 -0.870763184454
4.81067081713 -2 3.32668866354 -1.92829144427 0.800570387116 -0.872733500419
4.8181252001 -2 3.33276745115 -1.93479844228 0.796990753336 -0.87818247106
4.82204901781 -2 3.33595590089 -1.93824119763 0.795090549779 -0.88104593776
4.83072181197 -2 3.34297540359 -1.945893662 0.79085155551 -0.887363245267
4.83370479952 -2 3.34538078959 -1.94853934316 0.789381177119 -0.889532268962
4.83574352625 -2 3.34702209795 -1.95035154181 0.788372603417 -0.891013560626
4.84278164209 -2 3.35267156644 -1.95663256624 0.784868100245 -0.896120175382
4.85445356758 -2 3.36198297114 -1.96713383474 0.778978879542 -0.904564218724
4.85708097103 -2 3.36406899418 -1.96951226374 0.77763990654 -0.906460694952
4.86353319223 -2 3.36917594646 -1.97537565884 0.774331073926 -0.911111117743
4.86399945677 -2 3.36954412333 -1.97580061395 0.774090827339 -0.911446798112
4.86604574394 -2 3.37115853752 -1.97766758247 0.773034651859 -0.912919385422
4.86980348937 -2 3.37411725801 -1.98110440138 0.771087450314 -0.915621016596
4.87054211528 -2 3.37469791869 -1.98178121846 0.770703539541 -0.916151655892
4.87110458255 -2 3.37513989405 -1.98229689818 0.770410932593 -0.916555652801
4.88489032755 -2 3.38591784547 -1.99501140552 0.763169968313 -0.926433478387
4.88529190834 -2 3.38623022501 -1.99538394909 0.762957044343 -0.926720525477
4.89694446069 -2 3.39525493564 -2.00624710515 0.756729697859 -0.935032243061
4.89777243435 -2 3.39589326349 -2.00702288915 0.756283614319 -0.935621538964
4.90475650132 -2 3.40126206775 -2.01358724178 0.752501887332 -0.940585406399
4.90477406205 -2 3.40127553184 -2.01360379333 0.752492335893 -0.940597871864
4.90524153632 -2 3.40163388668 -2.01404448774 0.752237993785 -0.940929678943
4.9169373401 -2 3.41055850765 -2.02512345255 0.745825327973 -0.949212838277
4.91827398211 -2 3.41157338457 -2.02639609143 0.745086444035 -0.950157201457
4.92911099962 -2 3.41976290043 -2.03676310073 0.739050391304 -0.957796322454
4.93968670624 -2 3.42768779252 -2.04696365642 0.733082115038 -0.965220884158
4.94744983799 -2 3.43346235178 -2.05450357121 0.728652384293 -0.970651480792
4.95008773073 -2 3.43541622585 -2.05707561997 0.727137814989 -0.972492992748
4.95214355654 -2 3.43693602959 -2.05908363911 0.725954159105 -0.973926820779
4.96015642328 -2 3.44283500028 -2.06693941942 0.721313275676 -0.979504050047
4.96029415244 -2 3.44293605 -2.06707485447 0.721233124876 -0.979599755881
4.96173281846 -2 3.44399087753 -2.06849037532 0.720395131739 -0.980599140588
4.96855477097 -2 3.44897529248 -2.07522286916 0.71640241008 -0.985330049275
4.97971755713 -2 3.45706874546 -2.08631122883 0.709801338872 -0.993042314165
4.98076777131 -2 3.45782616497 -2.08735901673 0.709175981299 -0.993766028525
4.98493316109 -2 3.46082340136 -2.09152250286 0.706688375017 -0.996633250773
4.98934034515 -2 3.46398264462 -2.09594106546 0.704043698933 -0.999661325578
4.99052439823 -2 3.46482931397 -2.09713051664 0.703330952267 -1.00047387725
4.99075935027 -2 3.46499721253 -2.09736665756 0.703189410183 -1.00063506244
5.01450120593 -2 3.4817801088 -2.12142838438 0.688696916318 -1.01683674467
5.01485128822 -2 3.48202484005 -2.12178612426 0.688480419243 -1.01707435273
5.02677933849 -2 3.49031518724 -2.13402567749 0.681055557223 -1.02514730715
5.03155104457 -2 3.4936052988 -2.13894940157 0.678059077018 -1.02836426969
5.03494625858 -2 3.49593707514 -2.14246226594 0.675917891589 -1.03064882467
5.03611341519 -2 3.49673687907 -2.14367168359 0.675180081787 -1.03143332402
5.04668766614 -2 3.50394126416 -2.15467100303 0.668455067255 -1.03852076093
5.04862711014 -2 3.50525444374 -2.15669662617 0.667213705469 -1.0398167449
5.05021291877 -2 3.50632628452 -2.15835478548 0.666196873169 -1.04087550788
5.05314378588 -2 3.50830274597 -2.16142382642 0.664313277675 -1.04283012797
5.05685556249 -2 3.51079742128 -2.16531887373 0.661919810069 -1.04530148629
5.06314030354 -2 3.51499988291 -2.17193495263 0.657846873578 -1.04947556086
5.06387632979 -2 3.51549027247 -2.17271150714 0.657368208763 -1.04996354
5.06681068638 -2 3.51744162585 -2.1758110235 0.655456414327 -1.05190719191
5.06693710801 -2 3.51752556306 -2.17594468937 0.655373923236 -1.05199086592
5.07008545199 -2 3.51961233253 -2.17927686104 0.653316283746 -1.05407291058
5.07234399995 -2 3.52110510468 -2.18167132801 0.651836252113 -1.0555644625
5.0791647878 -2 3.5255917387 -2.18892303289 0.647346689857 -1.06005843377
5.09235591967 -2 3.53417633778 -2.20303412622 0.638579627446 -1.06870437159
5.0965241057 -2 3.53686342516 -2.20751657152 0.635786334513 -1.07142381216
5.10047422034 -2 3.539398551 -2.21177488301 0.63312900849 -1.07399536539
5.1045882881 -2 3.54202708472 -2.21622063832 0.630350886887 -1.07666781512
5.11729713512 -2 3.5500703318 -2.23002262508 0.621701525695 -1.08488535128
5.11843278395 -2 3.55078340439 -2.23126096701 0.620923687365 -1.08561684569
5.12397572236 -2 3.55425039976 -2.23731686518 0.617115579719 -1.08918047715
5.12577761878 -2 3.5553726438 -2.23928969687 0.615873504316 -1.09033654135
5.12984090492 -2 3.55789462853 -2.24374594792 0.613065183929 -1.09293912911
5.131774238 -2 3.55909036959 -2.24586989788 0.611725359381 -1.09417533406
5.13299705908 -2 3.55984525644 -2.24721449264 0.610876728379 -1.09495651794
5.13426367858 -2 3.56062602651 -2.24860823444 0.609996721649 -1.09576510233
5.13496165677 -2 3.56105577178 -2.24937669291 0.609511362861 -1.09621042516
5.13938296258 -2 3.56376965781 -2.25425151569 0.606429862818 -1.09902712144
5.14098681734 -2 3.56475058033 -2.25602289571 0.605309037025 -1.10004710582
5.14378131188 -2 3.56645516831 -2.25911309671 0.603352352577 -1.10182200328
5.1444603585 -2 3.56686850251 -2.25986472966 0.602876160471 -1.10225285424
5.14450500768 -2 3.56689566842 -2.25991416159 0.602844839557 -1.10228117785
5.1534091117 -2 3.57228365848 -2.26979666157 0.596574155543 -1.10791465391
5.15480188973 -2 3.57312111577 -2.27134689321 0.595588886603 -1.10879314341
5.16833534265 -2 3.58118301624 -2.28647198724 0.585953330034 -1.11729093652
5.17524459928 -2 3.58524572817 -2.29423665042 0.580991039142 -1.1216022464
5.1763087064 -2 3.58586822355 -2.29543505444 0.580224214072 -1.12226459764
5.1783961222 -2 3.58708685195 -2.29778788883 0.57871797305 -1.12356262727
5.18246647552 -2 3.58945358899 -2.30238329676 0.575773304898 -1.12608883486
5.1831250394 -2 3.5898353302 -2.303127742 0.57529593158 -1.12649695482
5.19276904243 -2 3.5953875812 -2.31405891859 0.568275383312 -1.13245393406
5.19422369733 -2 3.59621886907 -2.3157125034 0.567211591591 -1.1333492683
5.19447947222 -2 3.59636486796 -2.31600338554 0.567024411952 -1.13350660994
5.19566939646 -2 3.59704342716 -2.31735714358 0.566153093976 -1.13423825822
5.20295124722 -2 3.60117215714 -2.32565970781 0.560802556784 -1.13870335395
5.21250120912 -2 3.60652465819 -2.33659522444 0.553737636129 -1.14452695239
5.21370786216 -2 3.60719590907 -2.33798070907 0.552841125267 -1.14526014993
5.22111848428 -2 3.6112934402 -2.34650802356 0.547316380858 -1.14975006059
5.221347958 -2 3.61141963635 -2.3467725799 0.547144787795 -1.14988873487
5.22203716399 -2 3.61179840817 -2.34756733515 0.546629235525 -1.15030510226
5.22223581514 -2 3.61190751313 -2.34779645946 0.54648058506 -1.15042507647
5.23171445184 -2 3.61707739616 -2.35875529008 0.539360825258 -1.15613076453
5.23335046805 -2 3.61796255308 -2.36065195466 0.538126632026 -1.15711180963
5.23374879973 -2 3.61817774786 -2.3611139774 0.537825898375 -1.15735050292
5.23916205939 -2 3.62108975497 -2.36740166509 0.533729814544 -1.16058775409
5.24279160844 -2 3.62302921332 -2.37162674127 0.530973880935 -1.16275144831
5.24951252306 -2 3.62659285647 -2.3794698566 0.525850510312 -1.16674338655
5.25669570544 -2 3.63036169271 -2.38788017062 0.520345941187 -1.17098876283
5.26116374672 -2 3.63268507278 -2.39312586857 0.516907068605 -1.1736183589
5.26763867453 -2 3.63602348909 -2.40074716632 0.51190331119 -1.17741388451
5.27601439852 -2 3.64029162293 -2.41063963049 0.505395227414 -1.18229677678
5.28154596933 -2 3.64307916842 -2.41719366704 0.501075306904 -1.18550484735
5.28305684807 -2 3.64383621456 -2.4189866747 0.499892372108 -1.18637876418
5.28963891259 -2 3.64711247453 -2.42681203843 0.494723994388 -1.19017423044
5.29312646413 -2 3.64883403532 -2.43096769269 0.491975644069 -1.19217753438
5.30840235321 -2 3.656256643 -2.44924536388 0.47985765358 -1.20088842898
5.31069481227 -2 3.65735390221 -2.45199880987 0.478027935506 -1.20218664425
5.31973380583 -2 3.66163773612 -2.46288188048 0.470785289464 -1.20728222814
5.32256584987 -2 3.66296590834 -2.46630032875 0.468506842205 -1.20887110076
5.32459495385 -2 3.66391339528 -2.46875209725 0.46687168284 -1.21000724307
5.3331572863 -2 3.66787356558 -2.47912099024 0.459946996577 -1.21478067661
5.33750372734 -2 3.66986026656 -2.48439863696 0.456416638108 -1.21719084136
5.3521825649 -2 3.67645183145 -2.50229198985 0.444418654682 -1.22526546038
5.35246232443 -2 3.67657568459 -2.50263404894 0.444188867317 -1.22541837176
5.35663043366 -2 3.67841307633 -2.50773490136 0.44076034623 -1.22769221284
5.35901573627 -2 3.67945791322 -2.51065781297 0.438794131658 -1.2289897811
5.36370645105 -2 3.68149843257 -2.51641381989 0.434918752056 -1.23153358854
5.36398738435 -2 3.68162004544 -2.51675889393 0.434686280552 -1.23168560868
5.36675115891 -2 3.68281285298 -2.52015570941 0.432397042158 -1.23317915241
5.36678809818 -2 3.68282875119 -2.52020113458 0.432366418004 -1.23319908972
5.36952687377 -2 3.68400423023 -2.5235709095 0.430093858519 -1.23467547844
5.37666771598 -2 3.68703879758 -2.53237388898 0.424150047636 -1.23850797624
5.38044655667 -2 3.68862690314 -2.53704215133 0.420993858334 -1.24052615186
5.38243356616 -2 3.68945703053 -2.53949955769 0.419331266409 -1.24158459048
5.38819942533 -2 3.69184656935 -2.54664094918 0.414495173845 -1.24464510099
5.40022656061 -2 3.69673823648 -2.56158737567 0.404352143572 -1.25097686199
5.40410731546 -2 3.69828976964 -2.5664243823 0.401063469164 -1.25300474234
5.40844463083 -2 3.70000828651 -2.57183862701 0.397378789574 -1.25526238569
5.40915364263 -2 3.70028764575 -2.57272449962 0.396775551604 -1.25563055099
5.41087879897 -2 3.70096554167 -2.57488094728 0.395306695235 -1.25652532188
5.4121820182 -2 3.7014759114 -2.57651087032 0.394196088443 -1.25720026913
5.4169308905 -2 3.70332308345 -2.58245674749 0.390141807908 -1.25965258273
5.42179072656 -2 3.7051929228 -2.58855208304 0.385981005243 -1.26215052014
5.43804356916 -2 3.71129506478 -2.60901323509 0.371980006831 -1.27041794409
5.44859387387 -2 3.71513098818 -2.62235732568 0.362821315182 -1.27571269364
5.45552155671 -2 3.71759590998 -2.63114562721 0.356777695196 -1.27915829908
5.45578658567 -2 3.71768935894 -2.6314822447 0.35654602217 -1.27928962371
5.46151256188 -2 3.71969300195 -2.63876218856 0.351532366857 -1.28211801475
5.46316440684 -2 3.72026556597 -2.64086490658 0.350083059501 -1.28293079132
5.46539495907 -2 3.7210348425 -2.64370611547 0.348123908887 -1.28402606066
5.46714480198 -2 3.72163520847 -2.64593647509 0.346585297167 -1.28488347019
5.46861750846 -2 3.72213836036 -2.64781458953 0.345289224623 -1.28560384514
5.48068513666 -2 3.72618781006 -2.66323818108 0.334629814593 -1.29146385762
5.4834903899 -2 3.72711034782 -2.66683216843 0.332141973824 -1.29281508495
5.48577251104 -2 3.72785560394 -2.66975831123 0.330115321958 -1.29391125653
5.5097455077 -2 3.73539890885 -2.70062328498 0.30867826186 -1.30525817625
5.51122881666 -2 3.73584846197 -2.70254052116 0.307343085422 -1.30595010031
5.51235383903 -2 3.73618808771 -2.7039952316 0.306329739052 -1.30647409822
5.51499850523 -2 3.73698191387 -2.7074168625 0.303945305485 -1.30770319072
5.51592509346 -2 3.73725852691 -2.7086163128 0.303109133252 -1.30813291804
5.52390593602 -2 3.73960849034 -2.71896110179 0.29589080951 -1.31181485275
5.52437798413 -2 3.73974565627 -2.71957373934 0.295462953655 -1.31203154057
5.53130319924 -2 3.74173443445 -2.72857125297 0.289174458841 -1.31519642392
5.53465709884 -2 3.74268175297 -2.73293530896 0.286121144556 -1.31671970261
5.53515132274 -2 3.74282047231 -2.73357874593 0.285670786784 -1.31694364531
5.53644199522 -2 3.74318167849 -2.73525952334 0.284494154421 -1.31752783845
5.55067344148 -2 3.7470625172 -2.75383355897 0.271470883803 -1.32390810694
5.55801038816 -2 3.74899002971 -2.76343839843 0.264721804801 -1.32715327132
5.55869086653 -2 3.74916626911 -2.7643302069 0.264094652604 -1.32745271918
5.55907731481 -2 3.74926616518 -2.76483674546 0.26373839846 -1.32762266172
5.56058535192 -2 3.74965466245 -2.76681392614 0.262347563873 -1.32828502462
5.5630392638 -2 3.75028231539 -2.77003298806 0.260082246377 -1.32936009788
5.57084279918 -2 3.75224102575 -2.78028403209 0.252861070766 -1.33275625908
5.58456925859 -2 3.75554851368 -2.79836773184 0.240095415399 -1.33864612937
5.5869028869 -2 3.75609328567 -2.80144864069 0.237917145885 -1.33963674785
5.58745191302 -2 3.75622071096 -2.80217374948 0.237404335508 -1.3398693535
5.59524373201 -2 3.75799864978 -2.81247564694 0.23011279167 -1.34315180361
5.5953921865 -2 3.75803197065 -2.81267212526 0.22997362106 -1.34321400285
5.61790465471 -2 3.76284463627 -2.84255225335 0.208763138319 -1.35249800986
5.62299113254 -2 3.76386570495 -2.8493263827 0.203942028393 -1.35455458011
5.62593916202 -2 3.76444627636 -2.85325634914 0.201143003076 -1.35573955183
5.63781321369 -2 3.76670115918 -2.86911334748 0.18983375605 -1.36046027373
5.63921356924 -2 3.76695824992 -2.87098634449 0.188496302111 -1.36101148428
5.64041951794 -2 3.7671781534 -2.87259980772 0.187343899521 -1.36148523498
5.64079159541 -2 3.76724572176 -2.87309770875 0.186988226668 -1.36163122851
5.6444712501 -2 3.76790683567 -2.87802399751 0.183467860244 -1.36307057599
5.65660163602 -2 3.76999477328 -2.89429336075 0.171824971962 -1.36775804285
5.6585915176 -2 3.77032385423 -2.89696644701 0.169909592608 -1.36851852137
5.68514721559 -2 3.77435203135 -2.93275101955 0.144203330748 -1.37843707603
5.68977343115 -2 3.77498439817 -2.93900565566 0.139697952723 -1.38012081557
5.69025282913 -2 3.77504874786 -2.93965414378 0.139230622986 -1.38029454102
5.69226676606 -2 3.77531665635 -2.94237912306 0.13726645674 -1.38102280646
5.69454585956 -2 3.77561511556 -2.9454642337 0.135041883325 -1.38184393247
5.69813546706 -2 3.7760750193 -2.95032623819 0.131534277487 -1.38313069764
5.70349851826 -2 3.77673892901 -2.95759688454 0.126284971967 -1.38503828994
5.7048084858 -2 3.77689686524 -2.95937398433 0.125001199164 -1.38550151594
5.70493299322 -2 3.77691179003 -2.95954291502 0.124879149108 -1.38554548818
5.71124916662 -2 3.7776492109 -2.96811811289 0.118680295706 -1.38776347819
5.71640802895 -2 3.7782228169 -2.97512995882 0.113606636397 -1.38955655319
5.73036931409 -2 3.77964549502 -2.99414075504 0.0998286476561 -1.39432516897
5.73224415705 -2 3.77982210119 -2.99669750054 0.0979732156554 -1.39495616358
5.73894777195 -2 3.78042554567 -3.00584654629 0.091329042934 -1.39719407605
5.74380179099 -2 3.78083513053 -3.01247826927 0.0865084136846 -1.39879667494
5.7591751332 -2 3.78198038165 -3.0335197435 0.0711880772076 -1.40377283143
5.75975597958 -2 3.78201911724 -3.03431585696 0.070607679104 -1.40395786648
5.76252662795 -2 3.78219933663 -3.03811442758 0.0678376272049 -1.40483749223
5.76616708474 -2 3.78242469162 -3.0431082428 0.0641940935743 -1.4059857266
5.76630575538 -2 3.78243301871 -3.04329852599 0.0640552193593 -1.40602929514
5.7723708296 -2 3.78277875703 -3.05162533569 0.0579750736651 -1.40792267122
5.77505862138 -2 3.78292042134 -3.05531813043 0.0552767654649 -1.40875410071
5.77580621564 -2 3.78295856251 -3.05634555235 0.0545258294152 -1.40898452288
5.77586990707 -2 3.78296178656 -3.05643308959 0.0544618449212 -1.40900413692
5.78503761662 -2 3.78338423307 -3.06904264861 0.0452383237788 -1.41179977299
5.79581659012 -2 3.78377505311 -3.0838920766 0.0343595029716 -1.41501636422
5.80014683077 -2 3.78389979096 -3.08986458823 0.0299788808703 -1.41628704513
5.80379918721 -2 3.78399060647 -3.09490520801 0.0262795038457 -1.41734918018
5.80471649258 -2 3.78401134443 -3.09617162145 0.0253497417406 -1.41761455384
5.80541762971 -2 3.78402663463 -3.09713971576 0.0246389086888 -1.41781701505
5.80871247881 -2 3.78409197964 -3.10169044225 0.0212964747655 -1.41876407713
5.81174867522 -2 3.78414268928 -3.10588590948 0.0182134911261 -1.41963041505
5.81328369156 -2 3.78416485513 -3.10800773894 0.0166537531101 -1.42006607975
5.81733189065 -2 3.7842121239 -3.11360579553 0.0125369370734 -1.42120750739
5.82169896006 -2 3.78424491452 -3.11964849401 0.00809031876379 -1.42242658892
5.82659473868 -2 3.7842591976 -3.12642725997 0.00309859601477 -1.42377810151
5.82768100582 -2 3.784259144 -3.12793195838 0.00199007790007 -1.42407579636
5.82924281965 -2 3.78425701491 -3.13009578697 0.000395661990738 -1.42450242904
5.83137354982 -2 3.78425020554 -3.13304858738 -0.00178070314941 -1.42508182834
5.83323620858 -2 3.78424056016 -3.13563060604 -0.0036843455163 -1.42558583255
5.83401558369 -2 3.78423550181 -3.13671117346 -0.00448116985526 -1.42579602577
5.83555145904 -2 3.78422376738 -3.13884093243 -0.00605194968864 -1.42620904599
5.83600793446 -2 3.78421982802 -3.13947400166 -0.00651893130964 -1.42633149287
5.8381222262 -2 3.78419888107 -3.14240675072 -0.00868267392744 -1.42689680738
5.84026813151 -2 3.78417307729 -3.14538421215 -0.010880091763 -1.4274674907
5.8459318366 -2 3.78408297808 -3.15324677117 -0.0166861107321 -1.42895875157
5.85679000014 -2 3.78382094589 -3.16833684135 -0.0278425794447 -1.43175688466
5.85932618451 -2 3.78374281549 -3.17186452488 -0.0304532022654 -1.43239889604
5.8634048844 -2 3.78360371035 -3.17754012059 -0.0346553523063 -1.4334221709
5.86741546565 -2 3.78345073978 -3.18312373536 -0.0387917844311 -1.43441726025
5.86780474176 -2 3.78343503709 -3.18366584043 -0.0391935101389 -1.43451325921
5.86874972703 -2 3.78339628851 -3.18498193223 -0.0401688891492 -1.43474586871
5.8696174669 -2 3.78335992179 -3.18619057707 -0.0410647523015 -1.43495892464
5.87470351668 -2 3.78313163948 -3.19327731052 -0.0463197398636 -1.43619730215
5.88157505016 -2 3.78278214369 -3.20285869316 -0.0534305432373 -1.43784213751
5.88374974565 -2 3.78266169478 -3.20589260259 -0.0556835761837 -1.43835590523
5.88977452304 -2 3.78230327395 -3.21430169929 -0.0619318723067 -1.43976215733
5.89334095195 -2 3.78207397016 -3.21928224705 -0.0656350730691 -1.44058274458
5.89751291292 -2 3.78178955303 -3.22511092585 -0.0699711929972 -1.44153143809
5.90191260696 -2 3.78147069863 -3.23126064729 -0.0745488288688 -1.44251878527
5.90589602586 -2 3.78116525697 -3.23683101925 -0.0786975836352 -1.44340106174
5.90749169587 -2 3.78103843486 -3.23906304633 -0.0803606027676 -1.44375137034
5.90770783533 -2 3.7810210597 -3.23936541148 -0.0805859139399 -1.44379868392
5.90992850239 -2 3.78083982565 -3.24247237627 -0.0829014885132 -1.4442828999
5.91941992738 -2 3.78000935007 -3.25575993678 -0.0928123061941 -1.44631350038
5.92408278405 -2 3.77956817524 -3.26229235346 -0.0976892558159 -1.44728785425
5.92878886727 -2 3.77910072209 -3.26888833873 -0.102616720236 -1.44825567952
5.93030288629 -2 3.77894559386 -3.27101100094 -0.104203083943 -1.44856371399
5.93227448482 -2 3.7787401203 -3.27377564805 -0.106269705872 -1.44896241209
5.93287030721 -2 3.77867725506 -3.27461123277 -0.106894425208 -1.44908235775
5.93556018685 -2 3.77838899274 -3.27838411371 -0.109715801065 -1.44962072642
5.93603365873 -2 3.77833749814 -3.27904831263 -0.110212594413 -1.44971495849
5.93850988888 -2 3.7780645028 -3.28252250522 -0.112811646642 -1.45020519266
5.94165492694 -2 3.77770886068 -3.28693617617 -0.1161147321 -1.45082154979
5.9426703004 -2 3.77759191151 -3.28836139405 -0.117181618731 -1.45101903688
5.94273328454 -2 3.77758462283 -3.28844980532 -0.117247806076 -1.45103126291
5.94301882193 -2 3.77755152957 -3.28885062233 -0.117547876544 -1.45108665397
5.9541461695 -2 3.77619780269 -3.3044782136 -0.129256028486 -1.45319991332
5.95764372272 -2 3.77574647012 -3.30939335713 -0.132941888074 -1.45384585527
5.96091907711 -2 3.77531260132 -3.31399753513 -0.136396040155 -1.45444280188
5.96297993054 -2 3.77503405233 -3.31689511566 -0.138570600479 -1.4548144498
5.96398997107 -2 3.77489596508 -3.31831541876 -0.139636708272 -1.45499548188
5.96411300972 -2 3.77487907341 -3.31848844164 -0.139766591966 -1.45501748424
5.96557583647 -2 3.77467707242 -3.3205456695 -0.141311052533 -1.45527823885
5.97162232017 -2 3.77381914879 -3.32905158144 -0.14769986156 -1.45633968426
5.97462379411 -2 3.77337953288 -3.33327539196 -0.150874167768 -1.45685678189
5.97596851739 -2 3.77317961706 -3.33516805941 -0.152296942182 -1.45708633918
5.98160212528 -2 3.7723221771 -3.34309929241 -0.158261662278 -1.45803381314
5.98179396823 -2 3.77229241233 -3.34336943477 -0.158464897123 -1.45806567256
5.98223129087 -2 3.77222442155 -3.34398526179 -0.158928217102 -1.45813819904
5.9824508742 -2 3.77219020972 -3.344294481 -0.159160868839 -1.45817456283
5.98692286099 -2 3.77148282659 -3.35059303048 -0.163901165005 -1.45890751871
5.99117927577 -2 3.77079070931 -3.35658979868 -0.168416749704 -1.4595916284
6.00076567098 -2 3.76916459194 -3.37010218927 -0.178600170084 -1.46108398884
6.00224882552 -2 3.76890467543 -3.37219351063 -0.180177316107 -1.46130887574
6.00254419432 -2 3.76885264659 -3.37261001895 -0.180491454577 -1.46135346935
6.00400729051 -2 3.76859361763 -3.37467328942 -0.18204777614 -1.46157341898
6.0054184703 -2 3.76834172018 -3.37666352714 -0.183549267242 -1.46178407688
6.01204391164 -2 3.76713202138 -3.38600994115 -0.190603839183 -1.46275355941
6.01486044003 -2 3.76660425441 -3.38998430466 -0.193605324437 -1.46315591456
6.01597974157 -2 3.76639227786 -3.39156391748 -0.19479854325 -1.46331418975
6.01739413313 -2 3.76612259423 -3.39356012201 -0.196306674811 -1.46351287124
6.02384210479 -2 3.76486736864 -3.40266250522 -0.203186690764 -1.46439991383
6.02396219737 -2 3.76484358897 -3.40283206673 -0.203314902614 -1.46441614338
6.02563295094 -2 3.76451123863 -3.40519115722 -0.205098885758 -1.46464082533
6.0268696008 -2 3.76426341153 -3.40693743353 -0.20641967182 -1.46480579837
6.02878226019 -2 3.76387704492 -3.40963853076 -0.208463004289 -1.46505872194
6.033181339 -2 3.76297427381 -3.41585202289 -0.213165116349 -1.46563014458
6.04004002538 -2 3.76152742126 -3.42554233611 -0.220503085854 -1.46649237166
6.04755113669 -2 3.75988793628 -3.43615806038 -0.228548403274 -1.4673964053
6.05053580003 -2 3.759220488 -3.44037739256 -0.231747997063 -1.4677439377
6.05592465003 -2 3.7579923837 -3.44799682314 -0.237528660407 -1.46835452043
6.05639919767 -2 3.75788281589 -3.44866787999 -0.238037940558 -1.46840724607
6.05955350605 -2 3.75714867906 -3.4531287081 -0.241424047167 -1.46875341647
6.06070967008 -2 3.75687704853 -3.45476389724 -0.242665576746 -1.46887842842
6.07518607526 -2 3.7533603719 -3.47524414568 -0.258228747525 -1.47035849927
6.07967218115 -2 3.75222711765 -3.48159285069 -0.263058190604 -1.47078503856
6.08239902106 -2 3.75152822283 -3.48545228977 -0.26599519909 -1.47103685768
6.08319102608 -2 3.75132380504 -3.48657331526 -0.266848453792 -1.47110894137
6.08397891343 -2 3.75111981339 -3.48768853849 -0.267697364164 -1.47118017806
6.08470997567 -2 3.75092996634 -3.48872335097 -0.26848512985 -1.47124585553
6.08611183638 -2 3.75056439243 -3.49070773396 -0.269995942093 -1.47137066131
6.10024107317 -2 3.7467675063 -3.51071227936 -0.285239001789 -1.4725450753
6.10574667931 -2 3.74523265987 -3.51850906352 -0.291186133311 -1.47296145105
6.10804602646 -2 3.74458245672 -3.5217655525 -0.293671085936 -1.47312847748
6.10922172357 -2 3.74424790277 -3.52343070886 -0.294941957775 -1.47321231574
6.12536653062 -2 3.73951041267 -3.54630008746 -0.312411739118 -1.47425617701
6.12557079925 -2 3.73944875984 -3.5465894704 -0.312632981098 -1.47426809846
6.12793210296 -2 3.73873295721 -3.54993472709 -0.315190861831 -1.47440357002
6.1298589647 -2 3.73814461076 -3.55266457326 -0.317278632508 -1.47451092621
6.13432161171 -2 3.73676735464 -3.55898713956 -0.322115644333 -1.47474854154
6.13494312387 -2 3.73657392232 -3.55986770155 -0.322789480037 -1.47478041149
6.14139111687 -2 3.73454371678 -3.56900347902 -0.329782941129 -1.4750933875
6.14894602222 -2 3.73211065232 -3.57970794129 -0.337982897206 -1.47541901958
6.15052715906 -2 3.73159402346 -3.58194826438 -0.339699823147 -1.47548155062
6.15172175104 -2 3.73120199215 -3.58364089251 -0.340997185161 -1.47552750298
6.15808828837 -2 3.72908792998 -3.59266169573 -0.347913966763 -1.47575363312
6.1602831635 -2 3.72834944193 -3.59577161524 -0.350299510669 -1.47582425541
6.16112457687 -2 3.72806502608 -3.59696380929 -0.351214147215 -1.47585033012
6.16388300076 -2 3.72712751236 -3.60087218042 -0.354213118213 -1.47593192731
6.16473228018 -2 3.7268372893 -3.6020755032 -0.355136610936 -1.47595585079
6.1727213043 -2 3.72407088429 -3.61339466287 -0.36382717351 -1.47615322131
6.17679802263 -2 3.72263390261 -3.61917045123 -0.368264202974 -1.47623462898
6.17687308601 -2 3.72260728348 -3.61927679701 -0.36834591499 -1.4762360054
6.17986250003 -2 3.72154245529 -3.62351197236 -0.371600527148 -1.47628721718
6.18083249056 -2 3.72119496766 -3.62488615192 -0.372656740244 -1.4763023223
6.18179839573 -2 3.72084798075 -3.62625452844 -0.373708587806 -1.47631662728
6.18278054208 -2 3.72049417422 -3.62764589726 -0.374778205968 -1.47633041893
6.18650053745 -2 3.71914508193 -3.6329157129 -0.378830272285 -1.47637575966
6.20374396104 -2 3.71270534745 -3.65733901168 -0.39762788263 -1.47644303174
6.20529438694 -2 3.71211130588 -3.65953461641 -0.39931918859 -1.4764375312
6.20568495275 -2 3.71196127075 -3.66008769672 -0.399745271414 -1.47643584442
6.21115624265 -2 3.70984294551 -3.66783507386 -0.405715270806 -1.47639946369
6.21868954853 -2 3.70687573375 -3.67850056519 -0.413938664677 -1.4763103615
6.22731672217 -2 3.70340572712 -3.69071199268 -0.42336069841 -1.47615266808
6.23344884708 -2 3.70089255329 -3.69938979649 -0.430060564123 -1.47600436193
6.23376232581 -2 3.70076303467 -3.69983336494 -0.430403124716 -1.47599597046
6.23892247809 -2 3.69861644988 -3.70713422209 -0.436042776544 -1.47584650215
6.24305623965 -2 3.69687699083 -3.71298190702 -0.44056169193 -1.47571132742
6.24486736972 -2 3.69610931679 -3.71554367375 -0.442541846444 -1.47564777169
6.24487001667 -2 3.69610819236 -3.71554741761 -0.442544740536 -1.47564767687
6.24569895076 -2 3.69575570345 -3.71671984986 -0.443451090038 -1.47561770531
6.24612654866 -2 3.69557359771 -3.71732462324 -0.443918635212 -1.47560202838
6.25118501644 -2 3.69340495203 -3.72447828644 -0.449450344856 -1.47540538712
6.25788851175 -2 3.69049030227 -3.73395601597 -0.456782778749 -1.47511298047
6.26554065406 -2 3.68710638644 -3.74477153561 -0.465155150469 -1.47473477252
6.26779558358 -2 3.68609766197 -3.7479579079 -0.467622743951 -1.47461427273
6.26934222929 -2 3.68540274107 -3.7501432244 -0.469315360424 -1.47452923778
6.26952015547 -2 3.68532263861 -3.75039461265 -0.469510084468 -1.47451933085
6.27911709316 -2 3.68095355512 -3.76395056948 -0.480014598357 -1.47394686506
6.28639589414 -2 3.67757625006 -3.77422747878 -0.487983549556 -1.47346268965
6.28681671126 -2 3.67737931696 -3.77482150143 -0.488444308779 -1.47343337654
6.28754081438 -2 3.67704002351 -3.77584360731 -0.489237150538 -1.473382599
6.28934624286 -2 3.67619168818 -3.7783918705 -0.491214020658 -1.47325412977
6.29601333221 -2 3.67302970308 -3.78779976382 -0.498514818337 -1.47275664108
6.29990406872 -2 3.6711631771 -3.79328820953 -0.502775760607 -1.47244951692
6.3031524771 -2 3.66959278534 -3.79786953739 -0.50633344447 -1.47218359692
6.30587663264 -2 3.66826740563 -3.80171076291 -0.509317077445 -1.47195392192
6.30596495124 -2 3.6682243074 -3.80183528618 -0.509413810044 -1.47194637382
6.30848480767 -2 3.66699124723 -3.80538781026 -0.512173768911 -1.47172831794
6.3106029973 -2 3.66594964648 -3.80837360099 -0.514493841797 -1.47154098566
6.31132601563 -2 3.66559304406 -3.80939266741 -0.515285780544 -1.47147619797
6.31916897679 -2 3.6616899658 -3.82044377209 -0.523876611861 -1.4707457775
6.32293684492 -2 3.65979219203 -3.82575070817 -0.528003877314 -1.47037685672
6.32989445581 -2 3.6562491334 -3.83554646551 -0.535625183968 -1.46966483354
6.33023787614 -2 3.65607295136 -3.83602984184 -0.536001362297 -1.4696286533
6.3317075562 -2 3.65531759159 -3.83809832619 -0.537611227628 -1.46947271713
6.3498776218 -2 3.64579371547 -3.86365174885 -0.557513200656 -1.46739704917
6.3500290213 -2 3.64571291956 -3.86386450935 -0.55767901572 -1.46737860308
6.35166409627 -2 3.64483882839 -3.8661620929 -0.559469752998 -1.467178176
6.35194187745 -2 3.64469005412 -3.86655239516 -0.559773975347 -1.46714390474
6.35260926602 -2 3.64433228612 -3.86749008551 -0.560504885596 -1.46706130335
6.36463197894 -2 3.63780803369 -3.88437278792 -0.573670482463 -1.46550975464
6.36618837031 -2 3.63695246587 -3.88655699532 -0.575374595771 -1.46530008957
6.36741271145 -2 3.63627766182 -3.88827499078 -0.576715100806 -1.46513373457
6.3677707619 -2 3.63608002554 -3.88877737046 -0.57710711543 -1.46508484858
6.36789590484 -2 3.63601091788 -3.88895295426 -0.577244128471 -1.46506773709
6.36908796812 -2 3.63535180931 -3.89062539548 -0.578549241332 -1.46490408376
6.3742712147 -2 3.63246875245 -3.89789521268 -0.584223589078 -1.46417868769
6.37530880747 -2 3.63188826277 -3.8993500695 -0.585359398024 -1.46403077711
6.37639557571 -2 3.63127906189 -3.90087372202 -0.586549002119 -1.46387489039
6.37693436934 -2 3.6309765796 -3.90162905317 -0.587138765728 -1.46379723889
6.37818721345 -2 3.6302720583 -3.90338525436 -0.588510093641 -1.46361573794
6.37843052443 -2 3.63013504623 -3.90372629597 -0.588776409171 -1.46358033676
6.38766118506 -2 3.62489167322 -3.91665857517 -0.598878312686 -1.46220064343
6.38817933095 -2 3.62459472074 -3.9173841494 -0.599445272509 -1.46212107789
6.38855446163 -2 3.62437955692 -3.91790943149 -0.599855737391 -1.46206333282
6.3952027674 -2 3.62054201096 -3.92721544797 -0.607129326082 -1.46102031964
6.42208362317 -2 3.60455704977 -3.96477390508 -0.636517216118 -1.45642338592
6.4255975544 -2 3.60241188532 -3.96967513789 -0.640355958339 -1.45577732297
6.43405028267 -2 3.59719906065 -3.98145654167 -0.649586850191 -1.45418033881
6.43945655421 -2 3.59382598744 -3.98898538884 -0.655488346791 -1.45312711467
6.44300691686 -2 3.59159429163 -3.99392689349 -0.659362819969 -1.4524219305
6.44623856772 -2 3.58955151824 -3.99842286169 -0.662888693941 -1.45177072304
6.45175280301 -2 3.58604077081 -4.00609008904 -0.668903163502 -1.45063901129
6.46012105999 -2 3.58065243383 -4.01771500332 -0.678026009349 -1.44887200675
6.46041226336 -2 3.58046361356 -4.01811929834 -0.678343368795 -1.44880944085
6.46107913661 -2 3.58003087086 -4.01904509805 -0.679070114448 -1.44866588817
6.46359058014 -2 3.57839700308 -4.02253090224 -0.681806702238 -1.44812185762
6.47316036712 -2 3.5721109407 -4.03580235656 -0.692229388898 -1.44599938588
6.48312715675 -2 3.56546259991 -4.04960520812 -0.703075585116 -1.44370543187
6.48322635952 -2 3.56539590613 -4.04974249207 -0.703183493371 -1.4436821709
6.48377205401 -2 3.56502885357 -4.05049762767 -0.703777057815 -1.44355406592
6.48776101721 -2 3.56233630973 -4.05601573205 -0.708115055051 -1.44260986338
6.48792981051 -2 3.56222200855 -4.05624915898 -0.708298582887 -1.44256960781
6.48898302856 -2 3.56150813328 -4.05770553804 -0.709443675284 -1.44231787226
6.4904806887 -2 3.56049102107 -4.0597760913 -0.711071786442 -1.4419582656
6.49448109291 -2 3.55776273859 -4.06530445801 -0.715419513172 -1.44098825864
6.49572568673 -2 3.55691051866 -4.06702374133 -0.716771826318 -1.44068366377
6.49836459073 -2 3.55509821675 -4.07066804117 -0.71963858693 -1.44003342071
6.49907095241 -2 3.55461188098 -4.07164326814 -0.720405813905 -1.43985835086
6.49941227932 -2 3.55437668808 -4.0721144775 -0.72077653289 -1.43977359984
6.50373950394 -2 3.55138445464 -4.07808613775 -0.725475287211 -1.43869044907
6.50631841937 -2 3.54959186782 -4.08164316834 -0.728274647953 -1.43803723917
6.5078687967 -2 3.54851087063 -4.08378086484 -0.729957194564 -1.4376417842
6.50948590023 -2 3.54738067606 -4.08601000298 -0.731711867282 -1.4372270986
6.5119124018 -2 3.54567967276 -4.0893537942 -0.734344236361 -1.43660061675
6.5139667296 -2 3.54423476358 -4.09218369713 -0.736572326402 -1.43606624779
6.52021247361 -2 3.53981477124 -4.10078159603 -0.743343317476 -1.43441920518
6.52499116253 -2 3.53640548749 -4.10735395948 -0.748520718292 -1.43313624253
6.52514778914 -2 3.53629334107 -4.1075692869 -0.74869036584 -1.4330938574
6.53316897791 -2 3.53051583415 -4.1185890444 -0.7573742861 -1.43089479966
6.53473369442 -2 3.52938096785 -4.12073694017 -0.759067331159 -1.43045931977
6.53835171933 -2 3.5267470752 -4.12570119673 -0.762980868226 -1.42944424188
6.54440740527 -2 3.52230799286 -4.13400311065 -0.769527301171 -1.42771981184
6.54646376477 -2 3.52079187929 -4.13682020842 -0.771749184451 -1.42712698941
6.54845004708 -2 3.51932323813 -4.13954032075 -0.773894801473 -1.42655087767
6.5493739593 -2 3.51863870042 -4.14080524059 -0.774892642698 -1.42628173179
6.5507556313 -2 3.51761333895 -4.14269648167 -0.776384651849 -1.42587784942
6.557600336 -2 3.51250435649 -4.15205854241 -0.783772006901 -1.42385253297
6.56088252745 -2 3.51003711795 -4.15654368072 -0.787312039061 -1.42286686812
6.56192520259 -2 3.50925097806 -4.15796793074 -0.788436297061 -1.42255177981
6.56279936449 -2 3.5085910156 -4.15916178489 -0.789378734266 -1.42228688422
6.56387548744 -2 3.50777748277 -4.16063119119 -0.790538752432 -1.42195987344
6.56570483222 -2 3.50639174814 -4.16312841154 -0.792510321963 -1.42140165604
6.5660925968 -2 3.50609756595 -4.16365763438 -0.792928170082 -1.42128295609
6.56952583821 -2 3.50348604128 -4.16834163963 -0.796626789253 -1.42022626915
6.57480174726 -2 3.49944886191 -4.17553361997 -0.802307032594 -1.41858237873
6.58143411745 -2 3.49433242317 -4.1845642516 -0.809441594412 -1.41648131644
6.60556513291 -2 3.47532880785 -4.21731985723 -0.835339678936 -1.40851176056
6.60574611026 -2 3.47518398398 -4.21756490196 -0.835533538702 -1.40845006043
6.60868355736 -2 3.47282855356 -4.22154091864 -0.838679284015 -1.40744457997
6.61590503855 -2 3.46699953978 -4.23130506769 -0.846406392253 -1.40494043848
6.61689610231 -2 3.46619531812 -4.23264389935 -0.847466121606 -1.40459319466
6.62587074718 -2 3.45886584185 -4.24475459734 -0.857054438131 -1.40140933414
6.62595358178 -2 3.45879779935 -4.24486626577 -0.857142867815 -1.40137961716
6.63150667197 -2 3.45421996981 -4.25234762452 -0.863068116764 -1.39937364798
6.63269193406 -2 3.45323868986 -4.25394325356 -0.864332060814 -1.39894196893
6.63538836305 -2 3.45100083553 -4.25757166028 -0.867206492359 -1.39795529777
6.63932189522 -2 3.44772262056 -4.26286076366 -0.871397190513 -1.39650444126
6.63940881657 -2 3.44764999721 -4.26297758603 -0.871489760817 -1.39647222666
6.64299465995 -2 3.44464710866 -4.26779492476 -0.875307362 -1.39513743424
6.65303694393 -2 3.43616577502 -4.28126466044 -0.885985161863 -1.3913388322
6.6583641203 -2 3.43162378192 -4.28839703045 -0.89164120882 -1.3892875639
6.6672444789 -2 3.42398626054 -4.30026626558 -0.901056757096 -1.38581226328
6.66900694294 -2 3.42246063789 -4.30261886164 -0.902923470244 -1.38511421887
6.66979403023 -2 3.42177826925 -4.30366916168 -0.903756900473 -1.38480159437
6.67152151505 -2 3.42027834435 -4.30597362355 -0.905585634996 -1.38411352619
6.67879166723 -2 3.41393162645 -4.3156611134 -0.913274861222 -1.38118876844
6.68724500863 -2 3.40648239372 -4.32690281868 -0.922200941774 -1.37772902947
6.71370994099 -2 3.38267696183 -4.36193697719 -0.950040802941 -1.36648679533
6.71451275423 -2 3.38194335584 -4.36299584543 -0.950882755186 -1.36613601773
6.72014923559 -2 3.37677375513 -4.37042346796 -0.956789645473 -1.36365706306
6.73227722003 -2 3.36553746107 -4.38636578216 -0.969473042432 -1.35822702896
6.74148487148 -2 3.35690383861 -4.39843248731 -0.979077729576 -1.3540168195
6.74355245008 -2 3.35495294076 -4.40113763085 -0.981231483082 -1.35306100298
6.75749776584 -2 3.3416775726 -4.41933998018 -0.995728912192 -1.34651442363
6.76158874534 -2 3.3377444546 -4.42466534253 -0.9999720869 -1.34456092175
6.77276218112 -2 3.32691277837 -4.4391761352 -1.01153810756 -1.33914908804
6.78207100077 -2 3.31778874442 -4.45122673772 -1.02114770065 -1.33455496183
6.78537798974 -2 3.31452553218 -4.45549917425 -1.02455568514 -1.33290418156
6.7884489056 -2 3.31148500131 -4.45946255124 -1.02771760675 -1.33136246098
6.7918130706 -2 3.30814277489 -4.46379987867 -1.03117837358 -1.32966380741
6.79403324329 -2 3.30593058155 -4.46665968417 -1.03346051539 -1.32853722277
6.79405025138 -2 3.30591361465 -4.46668158428 -1.03347799271 -1.32852857527
6.80072668199 -2 3.29922992486 -4.47526888414 -1.04033212568 -1.32511398958
6.8024737559 -2 3.29747323723 -4.47751285681 -1.04212354963 -1.32421386242
6.80678666615 -2 3.29312289404 -4.48304682761 -1.04654209105 -1.32198003049
6.81519637841 -2 3.28458410824 -4.4938143225 -1.05514184085 -1.31757624392
6.81799580415 -2 3.28172526861 -4.49739175357 -1.0579998044 -1.31609621334
6.8198919147 -2 3.27978424907 -4.49981286401 -1.05993421228 -1.31508975618
6.82260440643 -2 3.27700096025 -4.50327363383 -1.06269958338 -1.3136443447
6.82428607785 -2 3.27527152336 -4.5054175778 -1.06441290655 -1.31274490712
6.82844392566 -2 3.2709828519 -4.51071295698 -1.06864527117 -1.31051017753
6.82972236806 -2 3.26966054155 -4.51233960783 -1.06994555006 -1.30981992476
6.8329208137 -2 3.26634484089 -4.51640598942 -1.07319639806 -1.30808659043
6.84026913206 -2 3.25868651464 -4.52573079978 -1.0806529532 -1.30406945599
6.84275304913 -2 3.25608500764 -4.52887724553 -1.08316959427 -1.30270057603
6.84919215793 -2 3.24931095759 -4.53702060115 -1.08968435226 -1.29912614585
6.85704103209 -2 3.24099504387 -4.54692075707 -1.09760732693 -1.2947186611
6.86110755829 -2 3.23666115338 -4.55203866876 -1.10170432993 -1.29241331488
6.86489917555 -2 3.23260463507 -4.55680352896 -1.1055194496 -1.29025040004
6.86644220109 -2 3.23094949342 -4.55874066022 -1.10707067421 -1.28936647946
6.86647766532 -2 3.23091142303 -4.55878516902 -1.10710631757 -1.2893461386
6.88052491402 -2 3.21572824939 -4.57636722306 -1.12119128674 -1.28120009015
6.89421771303 -2 3.20072922892 -4.59341260345 -1.13485598803 -1.27308844346
6.89424042035 -2 3.20070419235 -4.59344079304 -1.1348785947 -1.27307485123
6.89777255764 -2 3.19680316153 -4.59782255036 -1.13839287516 -1.27095491214
6.89793720091 -2 3.19662100435 -4.59802664382 -1.13855657915 -1.27085582123
6.89945613216 -2 3.19493915788 -4.59990888154 -1.14006639453 -1.26994049638
6.9000630918 -2 3.19426642228 -4.60066069134 -1.14066948388 -1.26957415413
6.90517782667 -2 3.18858208324 -4.6069886327 -1.14574642082 -1.26647386465
6.90548462668 -2 3.18824024551 -4.60736778213 -1.14605065794 -1.26628714843
6.91078028133 -2 3.18232427534 -4.61390466676 -1.15129677 -1.26305087683
6.91402230105 -2 3.1786880069 -4.61789945887 -1.15450348598 -1.26105714031
6.92174733281 -2 3.16997922339 -4.62739622339 -1.162129036 -1.25626829995
6.9246316365 -2 3.16671160111 -4.63093405057 -1.16497060572 -1.25446648812
6.92528256328 -2 3.16597296323 -4.63173185944 -1.16561146536 -1.25405881944
6.92695298082 -2 3.16407543127 -4.63377818657 -1.16725533373 -1.25301090589
6.9281602142 -2 3.16270224154 -4.63525617822 -1.16844273808 -1.25225199817
6.93157510598 -2 3.15880965218 -4.63943278314 -1.17179861479 -1.25009816467
6.94036610217 -2 3.14873278158 -4.65015606011 -1.18041766123 -1.24450514293
6.95201177186 -2 3.13525921003 -4.66429723605 -1.19179056148 -1.23698860339
6.96163076176 -2 3.12402349027 -4.67592137607 -1.20114498247 -1.23068793394
6.96957444459 -2 3.11467174879 -4.68548216596 -1.20884298838 -1.22542173568
6.97142563663 -2 3.11248295006 -4.6877051138 -1.21063335977 -1.22418632976
6.97245771607 -2 3.11126109313 -4.68894361454 -1.21163094161 -1.22349622301
6.97410626681 -2 3.10930710061 -4.69092063295 -1.21322351265 -1.22239191678
6.97802365513 -2 3.1046525145 -4.69561235315 -1.21700354057 -1.21975796853
6.97833762583 -2 3.10427876509 -4.6959880065 -1.21730623702 -1.21954626418
6.98263759154 -2 3.09914974376 -4.701127067 -1.22144782173 -1.21663793949
6.98568928457 -2 3.09549795482 -4.70476782403 -1.2243825992 -1.2145637863
6.98884806252 -2 3.09170778245 -4.70853067319 -1.22741639311 -1.21240801068
6.99174352403 -2 3.08822440998 -4.71197476703 -1.23019372976 -1.21042404266
6.99493662133 -2 3.08437282214 -4.71576722932 -1.23325259437 -1.20822737595
7.00112551301 -2 3.07687734219 -4.72310079924 -1.2391694021 -1.20394361941
7.01178475288 -2 3.06387407301 -4.73567839003 -1.2493228287 -1.19648474701
7.01285600757 -2 3.06256069102 -4.73693868769 -1.2503406242 -1.19572947129
7.01431581578 -2 3.0607690078 -4.73865499633 -1.25172680653 -1.19469858701
7.01661842449 -2 3.05793840499 -4.74135958363 -1.25391145758 -1.19306863567
7.01800082379 -2 3.05623636307 -4.74298177781 -1.25522196393 -1.19208778141
7.02054276595 -2 3.05310146701 -4.74596163194 -1.25762959772 -1.19027970639
7.0206157438 -2 3.05301136632 -4.74604712413 -1.25769867916 -1.1902277116
7.0238620703 -2 3.04899773832 -4.74984685659 -1.26076938678 -1.18790994045
7.02597598529 -2 3.04637827574 -4.75231767752 -1.26276652748 -1.18639557525
7.02766528773 -2 3.04428162636 -4.75429022955 -1.26436113709 -1.18518250295
7.02949451947 -2 3.0420079541 -4.75642419812 -1.26608645192 -1.18386605305
7.03275342221 -2 3.03794861541 -4.76022090575 -1.26915665209 -1.18151324725
7.04597514507 -2 3.02136601696 -4.77555689408 -1.28156552107 -1.17186966481
7.05104131143 -2 3.01496386347 -4.78140411855 -1.28629993518 -1.16813288485
7.05512642327 -2 3.00978203763 -4.78610718697 -1.29010926956 -1.16510292774
7.05592439848 -2 3.00876780755 -4.78702463124 -1.29085250953 -1.16450931319
7.0849261335 -2 2.97145760528 -4.8200887724 -1.31767013065 -1.14254692077
7.08838164437 -2 2.96695395632 -4.823991471 -1.32083976781 -1.13987982738
7.09287836759 -2 2.96107473563 -4.82905818367 -1.32495617633 -1.13639306205
7.09697771011 -2 2.95569681024 -4.83366531028 -1.32870059155 -1.13319863981
7.10786721559 -2 2.94132635472 -4.8458483959 -1.33860888185 -1.1246398858
7.12498301129 -2 2.91849136672 -4.86483266535 -1.35406823977 -1.11097308313
7.12738085499 -2 2.91526811344 -4.86747597547 -1.3562227418 -1.10903751746
7.12948636992 -2 2.91243292172 -4.86979369708 -1.35811227586 -1.10733368853
7.1342361113 -2 2.90602032825 -4.87501065072 -1.36236684866 -1.10347555775
7.16310456812 -2 2.86654502722 -4.90637078068 -1.38798559253 -1.07959352935
7.16374315269 -2 2.86566211626 -4.90705762569 -1.38854756889 -1.07905685707
7.1650183229 -2 2.86389780375 -4.90842826601 -1.38966914377 -1.07798410716
7.16586290143 -2 2.86272833343 -4.90933541607 -1.39041153773 -1.07727280079
7.16899227057 -2 2.85838877145 -4.91269202753 -1.3931591258 -1.07463170877
7.17895278612 -2 2.84450936736 -4.92332731908 -1.40187113997 -1.06616740753
7.18257678182 -2 2.83943427956 -4.9271783743 -1.40502822601 -1.06306593088
7.18425053022 -2 2.8370857957 -4.9289536464 -1.4064840386 -1.06162957449
7.18979974702 -2 2.82927899311 -4.93482427434 -1.41130029706 -1.0568496419
7.19841262055 -2 2.81709969242 -4.94388949081 -1.41874371192 -1.04937671075
7.19968421473 -2 2.81529512463 -4.94522304447 -1.41983934942 -1.04826785026
7.20430630742 -2 2.8087218099 -4.95005983488 -1.42381467354 -1.04422522002
7.21192249722 -2 2.79784281837 -4.95799361179 -1.43034042333 -1.03752263605
7.22279502504 -2 2.78220989681 -4.96924072876 -1.43960257341 -1.02786553512
7.22448686491 -2 2.77976647343 -4.97098245768 -1.44103810785 -1.02635344399
7.22808302073 -2 2.77456307737 -4.97467709362 -1.44408431873 -1.02313097582
7.24226428953 -2 2.75391551451 -4.98914565421 -1.45602824752 -1.01031229081
7.24402871374 -2 2.75133226599 -4.99093445634 -1.45750659083 -1.00870502021
7.24832257499 -2 2.74503253529 -4.99527704855 -1.46109707334 -1.00478217252
7.24980366819 -2 2.7428552147 -4.99677145672 -1.46233318187 -1.00342529688
7.25324548811 -2 2.73778688827 -5.0002372718 -1.46520099538 -1.00026469957
7.26314045773 -2 2.72314901981 -5.01014680429 -1.4734089423 -0.99112033652
7.26771712926 -2 2.71634514466 -5.01470270567 -1.47718674771 -0.986861818148
7.26900258708 -2 2.71443032153 -5.01597918096 -1.47824570239 -0.985662421855
7.27823632267 -2 2.70062669627 -5.02510756658 -1.48582490156 -0.977004406126
7.28444666613 -2 2.69129443405 -5.03120647827 -1.49089513937 -0.971139372889
7.28505956767 -2 2.69037132357 -5.03180660237 -1.49139432648 -0.970558725041
7.28698870759 -2 2.68746331739 -5.03369343006 -1.49296413684 -0.968728966324
7.28756829495 -2 2.68658890981 -5.03425968343 -1.49343535017 -0.968178602794
7.29417405379 -2 2.6765991239 -5.04069310189 -1.49879225851 -0.961885231894
7.30485268007 -2 2.66035735372 -5.05101338204 -1.50739857108 -0.951631255807
7.30500456761 -2 2.66012551412 -5.05115945717 -1.50752050395 -0.951484693061
7.30888828898 -2 2.65418959365 -5.05488770202 -1.5106337077 -0.94773031776
7.31329003495 -2 2.64744367058 -5.05909723189 -1.51415146484 -0.94345933952
7.31410329933 -2 2.64619517666 -5.05987311532 -1.51480015652 -0.942668395911
7.31437554823 -2 2.64577708236 -5.06013272016 -1.51501722589 -0.942403490979
7.31453490728 -2 2.64553231932 -5.06028464774 -1.51514426571 -0.942248400852
7.3191873953 -2 2.63837527912 -5.0647102742 -1.518846586 -0.937710840792
7.33754145602 -2 2.60993025786 -5.08198101322 -1.53332673753 -0.919627461988
7.33805999491 -2 2.6091217606 -5.08246454268 -1.53373290196 -0.919112343487
7.34329615447 -2 2.6009426687 -5.08733350051 -1.53782523233 -0.913897731635
7.35272292251 -2 2.58614915597 -5.09603608643 -1.54515089655 -0.904450234572
7.35931612807 -2 2.57575012261 -5.10207419588 -1.55024239139 -0.897797124574
7.36612292044 -2 2.56496918606 -5.10826559795 -1.55547086238 -0.890889349082
7.37711236308 -2 2.54746724925 -5.1181699803 -1.56385176338 -0.879653122919
7.37870311364 -2 2.54492396247 -5.11959423506 -1.56505870968 -0.878018094263
7.37931818754 -2 2.54393991842 -5.12014428992 -1.56552496058 -0.877385320572
7.38275282967 -2 2.53843808235 -5.12320925963 -1.56812421865 -0.87384590391
7.38322497519 -2 2.53768086417 -5.12362971137 -1.56848095129 -0.873358568484
7.38590184951 -2 2.53338361295 -5.12600948798 -1.57050084328 -0.87059197904
7.38725499795 -2 2.53120870045 -5.12720985336 -1.57152018129 -0.869191155596
7.39223936979 -2 2.52318187614 -5.13161632599 -1.57526502803 -0.864017717396
7.39423201584 -2 2.51996612657 -5.13337126725 -1.57675776137 -0.861943569808
7.39622707893 -2 2.51674259144 -5.13512450662 -1.57824979463 -0.859863523185
7.39739083758 -2 2.51486044735 -5.13614543164 -1.57911896454 -0.858648629491
7.39784018508 -2 2.51413336511 -5.1365392785 -1.5794543369 -0.85817922987
7.40039201055 -2 2.51000056138 -5.13877221397 -1.58135647695 -0.855510276358
7.40105215426 -2 2.50893039349 -5.13934883565 -1.58184787832 -0.854818931929
7.40615804978 -2 2.5006388209 -5.14379442873 -1.58563927881 -0.849459222736
7.40663441582 -2 2.49986394595 -5.14420789597 -1.58599215978 -0.848958048992
7.40912446236 -2 2.4958099514 -5.14636555417 -1.58783437301 -0.846335198579
7.41836429901 -2 2.48071414386 -5.15431886574 -1.59463560988 -0.836556695178
7.41838729768 -2 2.48067646596 -5.15433855729 -1.59465247031 -0.836532265668
7.4200550677 -2 2.4779428517 -5.15576511571 -1.59587421239 -0.834759545805
7.42213665668 -2 2.47452717666 -5.15754178106 -1.59739658706 -0.832543671299
7.43258167383 -2 2.45732475989 -5.16639170806 -1.60499325811 -0.821369675715
7.43381935783 -2 2.45527938314 -5.16743315986 -1.60588873377 -0.820039523772
7.44374342902 -2 2.43882574474 -5.17572805901 -1.61303273631 -0.809327486443
7.44942830809 -2 2.42935789889 -5.18043478763 -1.61709600143 -0.803154017276
7.46078038198 -2 2.41035916844 -5.18973485086 -1.62514606045 -0.790745398885
7.46136555271 -2 2.40937649927 -5.19021065789 -1.62555870499 -0.790102850015
7.4670899208 -2 2.39974645685 -5.19484652784 -1.62958332853 -0.783802137912
7.47595429696 -2 2.38477259677 -5.20195818151 -1.6357723719 -0.773991480704
7.47827012672 -2 2.38084838978 -5.20380259175 -1.63738057804 -0.771417683701
7.48462116993 -2 2.37006044356 -5.20883188649 -1.64177244763 -0.764336369101
7.48630607531 -2 2.36719205759 -5.21015900336 -1.64293301732 -0.762452121512
7.48736153645 -2 2.36539387572 -5.21098880956 -1.64365904378 -0.761270592152
7.4882033622 -2 2.36395891081 -5.21164981005 -1.64423757423 -0.760327555464
7.49271643516 -2 2.35625461651 -5.21518065639 -1.64733090333 -0.755261903899
7.49592648711 -2 2.35076306816 -5.21767889134 -1.64952268898 -0.751648585463
7.49787544055 -2 2.34742420771 -5.2191903095 -1.6508499834 -0.749450648505
7.51156011174 -2 2.32388015486 -5.22968801805 -1.66009637775 -0.733929747318
7.51413081018 -2 2.31943785601 -5.23163748661 -1.66181896283 -0.730996961161
7.51983271863 -2 2.30956274158 -5.23593584948 -1.66562341622 -0.724472623269
7.52698412744 -2 2.29713462888 -5.24127671695 -1.67036312103 -0.716252164159
7.53527407895 -2 2.28266876102 -5.24739751033 -1.67581278438 -0.706670810226
7.5427626754 -2 2.26954688124 -5.25286121155 -1.68069424159 -0.697967643918
7.54921874546 -2 2.25819298343 -5.25752138914 -1.6848709347 -0.690427999155
7.55322727476 -2 2.25112426399 -5.26039134635 -1.68744938032 -0.685729732778
7.55526000019 -2 2.24753411891 -5.26183979142 -1.68875255541 -0.683342286774
7.55724706789 -2 2.24402097815 -5.26325119661 -1.69002362183 -0.681005246563
7.55771277578 -2 2.243197086 -5.26358134157 -1.69032111472 -0.680457055696
7.56035924129 -2 2.23851143496 -5.26545278762 -1.69200873733 -0.677338551005
7.56496291535 -2 2.23034534356 -5.26868934456 -1.69493254824 -0.671900316767
7.57023522877 -2 2.22096964276 -5.27236634057 -1.69826239538 -0.665651328604
7.57163524946 -2 2.21847578224 -5.2733374019 -1.69914326112 -0.663988215486
7.58713840563 -2 2.19074215568 -5.28393979197 -1.70880315809 -0.645466985088
7.59057648646 -2 2.18456260831 -5.28625337547 -1.71092184172 -0.641333648385
7.59872573618 -2 2.16987324227 -5.29168217583 -1.71590938045 -0.631498960002
7.60048763999 -2 2.16668958288 -5.29284568347 -1.716981337 -0.629365739059
7.6506433181 -2 2.0749201485 -5.32441572947 -1.74653452532 -0.567617524747
7.65393081632 -2 2.06882903245 -5.32637869169 -1.74840598465 -0.563501791321
7.66523595056 -2 2.04781249448 -5.33302731894 -1.75477919101 -0.549284946695
7.66598876661 -2 2.04640913962 -5.33346443788 -1.75520014224 -0.548334749926
7.66600825569 -2 2.04637280287 -5.33347574477 -1.75521103419 -0.548310145238
7.6769324914 -2 2.02595452947 -5.33973914532 -1.76127074299 -0.534472694864
7.67968808274 -2 2.02078827546 -5.34129549383 -1.76278487104 -0.530967864112
7.68311680574 -2 2.01435115183 -5.3432187065 -1.76466073749 -0.526598805964
7.68712451575 -2 2.00681460617 -5.34544790953 -1.76684192033 -0.521480646046
7.69330803423 -2 1.99516025348 -5.34884752462 -1.77018300855 -0.513559916297
7.69435127354 -2 1.99319089239 -5.34941630349 -1.77074378343 -0.512220734365
7.69583099763 -2 1.99039602106 -5.35022068339 -1.7715377398 -0.510319836716
7.70913329715 -2 1.96519007662 -5.3573263458 -1.77859894656 -0.493157230597
7.71134747308 -2 1.96098047624 -5.35848706459 -1.77976092741 -0.490287601544
7.71525511542 -2 1.95354152007 -5.36052012241 -1.78180228897 -0.485214244325
7.71935065164 -2 1.94573157984 -5.36262976293 -1.78392899092 -0.479884698656
7.72245603915 -2 1.93980075615 -5.36421488328 -1.78553277449 -0.475835304413
7.72793954334 -2 1.92930912713 -5.36698328166 -1.78834624786 -0.468667356906
7.74575777774 -2 1.89505160938 -5.37570727963 -1.79732462475 -0.445222040071
7.74945363755 -2 1.88791444331 -5.37746442109 -1.79915540467 -0.440329746789
7.75101429688 -2 1.88489739349 -5.3782009765 -1.79992522778 -0.43826086122
7.75950431552 -2 1.86845122115 -5.38215110747 -1.80407904451 -0.426974905637
7.76670968153 -2 1.85444962152 -5.38542800203 -1.80755909114 -0.417355491033
7.77034797168 -2 1.84736439945 -5.38705616838 -1.80930047738 -0.412483939924
7.77384565267 -2 1.84054341409 -5.38860460302 -1.81096452242 -0.407791635431
7.79106342014 -2 1.80683048587 -5.3959853518 -1.81901191089 -0.384564883771
7.79241134089 -2 1.80418176543 -5.39654612327 -1.81963176808 -0.382737580242
7.80614540294 -2 1.77711650274 -5.40211771246 -1.82586311978 -0.36404540896
7.8096304742 -2 1.77022636712 -5.40349016109 -1.82741981959 -0.35928095037
7.81773147617 -2 1.75417593339 -5.40661532088 -1.83099982735 -0.348172984419
7.82455088958 -2 1.74062768115 -5.40917522596 -1.83397159429 -0.338786639356
7.82672378244 -2 1.73630369728 -5.40997723783 -1.83491043476 -0.335789012712
7.82947002219 -2 1.73083391656 -5.41098140208 -1.83609141562 -0.331995717238
7.83602869053 -2 1.71774896127 -5.41333669406 -1.83888660041 -0.322915235515
7.84216915454 -2 1.70547064454 -5.41548681078 -1.8414711812 -0.314386771726
7.84722613235 -2 1.69533887784 -5.4172174453 -1.84357614067 -0.307343643707
7.84960635269 -2 1.69056385131 -5.41801944897 -1.84455951984 -0.304022501037
7.85010175427 -2 1.689569515 -5.4181853586 -1.84476359822 -0.303330774424
7.85294563413 -2 1.68385816623 -5.41913100705 -1.84593115201 -0.29935662891
7.85678810439 -2 1.67613243689 -5.42039037649 -1.84749792652 -0.293978235388
7.86160519816 -2 1.66643271442 -5.42193934135 -1.84944462174 -0.28722142428
7.8661277653 -2 1.65731156081 -5.42336329917 -1.85125455372 -0.280863391382
7.87287999784 -2 1.6436676799 -5.42543447782 -1.85392475179 -0.271345039137
7.8752682741 -2 1.63883443291 -5.42615129633 -1.854859998 -0.267971022528
7.87660951266 -2 1.63611843357 -5.42655023678 -1.85538311246 -0.266074517613
7.87865813628 -2 1.63196765422 -5.42715455179 -1.85617918774 -0.263175442285
7.88383715056 -2 1.62146178952 -5.42865511867 -1.85817585798 -0.255833908929
7.89117608587 -2 1.60654396353 -5.43071461429 -1.8609662771 -0.245399914964
7.89263566359 -2 1.60357285742 -5.43111483218 -1.86151578158 -0.243320518094
7.89514367604 -2 1.59846430816 -5.43179524868 -1.8624557668 -0.23974416354
7.89814720777 -2 1.59234104167 -5.43259796384 -1.86357441544 -0.235455735616
7.90666364219 -2 1.57494692765 -5.43480191735 -1.86670442809 -0.223263675084
7.95701925429 -2 1.4711728579 -5.44562647146 -1.88393507807 -0.150214487689
7.9584346553 -2 1.46823386082 -5.44587552585 -1.88438759718 -0.148137880339
7.96758803915 -2 1.44919932057 -5.44741241993 -1.88727171759 -0.134678233609
7.99725858025 -2 1.3871738715 -5.45150960389 -1.89611413558 -0.0906933244129
8.02973086722 -2 1.31875033482 -5.45442391785 -1.90489672098 -0.0419461221138
8.07853606121 -2 1.21493932172 -5.45565903524 -1.91631515925 0.0324718197959
8.08793049032 -2 1.19483376601 -5.45545687776 -1.91826506523 0.0469499316366
8.09738736462 -2 1.17455713141 -5.45510843775 -1.9201464927 0.0615730305124
8.09782866412 -2 1.17361003629 -5.4550886165 -1.92023228908 0.0622565940166
8.11681404156 -2 1.13279123484 -5.45393388436 -1.92375407854 0.0917634204693
8.15246765073 -2 1.05577377912 -5.45015781927 -1.92946882689 0.147685901164
8.15416217476 -2 1.05210245008 -5.44992572572 -1.92971107356 0.150359913692
8.15556673876 -2 1.04905863662 -5.44972970889 -1.92990984143 0.152577451959
8.15853190818 -2 1.04263076849 -5.4493050605 -1.9303234239 0.157262128931
8.17082501287 -2 1.01595247521 -5.44738730871 -1.93195056605 0.176730574042
8.18245044333 -2 0.99068145202 -5.44533984934 -1.93335931208 0.195209738502
8.18761397834 -2 0.979444751165 -5.44435728184 -1.93394438168 0.203438348405
8.20150668825 -2 0.949176290021 -5.4414893717 -1.93539411656 0.22564070182
8.24188416616 -2 0.860944010905 -5.43128533391 -1.93857283558 0.290673903307
8.25041497794 -2 0.84226000895 -5.4287712326 -1.93904644626 0.304506699201
8.25126069437 -2 0.840407036996 -5.42851514982 -1.93908962174 0.305879750335
8.25919564998 -2 0.823015648438 -5.42605222013 -1.93946149225 0.318777336668
8.2637794069 -2 0.812964638158 -5.42457980358 -1.93964892025 0.326240009768
8.26884015193 -2 0.801864050393 -5.42291185324 -1.93983252702 0.334489492983
8.27495191447 -2 0.788453264718 -5.42083821969 -1.94002159776 0.344466417389
8.31315907874 -2 0.70452110133 -5.40639865156 -1.94039081075 0.407176954195
8.31680376948 -2 0.696508055961 -5.40488769283 -1.94035259207 0.413188792341
8.34110078331 -2 0.643073959357 -5.3942177274 -1.93976964241 0.453392229879
8.36675251179 -2 0.586651249717 -5.38182147211 -1.93853297054 0.496065547083
8.37695950615 -2 0.564204290999 -5.3765645165 -1.93786286045 0.513107635944
8.3785093881 -2 0.560796239746 -5.37575008892 -1.9377522275 0.515698386687
8.37937431276 -2 0.558894403149 -5.37529373439 -1.93768946937 0.517144516196
8.43110491482 -2 0.445264587948 -5.34557498261 -1.9326058863 0.604056948624
8.43644029193 -2 0.433563834767 -5.34223789058 -1.93193236433 0.613065313457
8.43671604438 -2 0.432959219367 -5.34206403205 -1.93189679412 0.613531112141
8.45290453888 -2 0.397487488827 -5.33161865474 -1.92967755557 0.64091226816
8.45906659685 -2 0.383998376397 -5.32751924688 -1.92876505175 0.65135271146
8.4778549138 -2 0.342920184702 -5.31459948942 -1.92575182836 0.683244113306
8.49603483299 -2 0.303254222772 -5.30149474483 -1.92250459187 0.714181630692
8.51401560083 -2 0.264114052062 -5.2879494965 -1.91897163442 0.744850810216
8.51489092459 -2 0.262211187044 -5.28727526948 -1.91879148231 0.746345512966
8.53371820394 -2 0.221343995979 -5.27244008694 -1.91473296395 0.778530749115
8.55200220063 -2 0.18177716231 -5.2574234856 -1.91045537885 0.809848446883
8.56099213703 -2 0.162370430249 -5.24981993749 -1.90823057971 0.825267076278
8.60284115766 -2 0.0724941876028 -5.21251716485 -1.89681789671 0.897193065417
8.6131145729 -2 0.0505588371055 -5.20288053362 -1.89375026702 0.914882340294
8.65460503478 -2 -0.0374453104999 -5.16204665791 -1.88029399222 0.986417200326
8.66600651164 -2 -0.061451066968 -5.15028960153 -1.8762965568 1.00609454915
8.66767006901 -2 -0.0649468593258 -5.14855490599 -1.8757025029 1.00896611315
8.6691467053 -2 -0.0680483775611 -5.14701102039 -1.87517289445 1.01151511553
8.67810826374 -2 -0.0868409442508 -5.13755860094 -1.87191228178 1.02698644217
8.6813297631 -2 -0.093583614671 -5.13412596818 -1.87072066111 1.03254868032
8.68211818946 -2 -0.095232756755 -5.13328307836 -1.87042745481 1.03391001808
8.68943660965 -2 -0.110520629004 -5.12540678086 -1.86767635655 1.04654703493
8.68990608027 -2 -0.111500090916 -5.12489830007 -1.86749806019 1.04735772361
8.73021361144 -2 -0.195007380894 -5.07979829884 -1.85137424768 1.11696206076
8.73501694918 -2 -0.204877831158 -5.0742343575 -1.84934534777 1.12525484607
8.74365335499 -2 -0.222579352707 -5.06412938975 -1.84563986985 1.14016314254
8.76012073755 -2 -0.25616488147 -5.04450324457 -1.83836977697 1.16857938379
8.79960839492 -2 -0.335758856063 -4.99553824118 -1.81984420606 1.23663818655
8.81960120897 -2 -0.375518631141 -4.9697324031 -1.80987799147 1.27103498687
8.82439102839 -2 -0.384987638631 -4.96344950931 -1.80743188553 1.27926797205
8.84134231798 -2 -0.418317765283 -4.94090434389 -1.79859393833 1.30837766792
8.86694766824 -2 -0.468110640642 -4.90593984692 -1.78470953678 1.35225798233
8.87427583753 -2 -0.482234474661 -4.89573332268 -1.78061775777 1.36479380828
8.89010998134 -2 -0.512553351274 -4.87337877511 -1.77159749947 1.39184217167
8.90568924817 -2 -0.54211232963 -4.85098513232 -1.76248398667 1.41840028665
8.93585729179 -2 -0.598555152207 -4.80650988044 -1.74416626797 1.46965499105
9.03428877761 -2 -0.774803961943 -4.65151669375 -1.67831155533 1.63489644799
9.03705752612 -2 -0.779574475584 -4.64694515984 -1.6763257056 1.63949205534
9.08119011627 -2 -0.854137538464 -4.57257460052 -1.64369870071 1.7122865785
9.08829433019 -2 -0.865874668222 -4.56034300482 -1.63827629314 1.72391950348
9.18178262748 -2 -1.01307812516 -4.39298852908 -1.56258759467 1.87447179486
9.18482554825 -2 -1.01763466495 -4.38734931964 -1.5599903576 1.8792853847
9.20904950957 -2 -1.05336000484 -4.34204597781 -1.53901841936 1.9173899628
9.21124430627 -2 -1.05654834559 -4.33790568756 -1.53709239448 1.92082306437
9.27665952329 -2 -1.14778238106 -4.2119036342 -1.47774039897 2.02156354924
9.28696951484 -2 -1.1614791697 -4.19160292489 -1.46804637169 2.03714558551
9.33144803412 -2 -1.21838237528 -4.10273210629 -1.42518601044 2.10336627816
9.3345917181 -2 -1.22226841694 -4.09637418472 -1.42209350973 2.10798271083
9.42728405269 -2 -1.32861093679 -3.90475831987 -1.32726128737 2.23995188327
9.67736282143 -2 -1.53404198723 -3.35780064249 -1.03896569282 2.54712655081
9.70157159752 -2 -1.54765261351 -3.30338913584 -1.00880243016 2.57231256099
9.7976934225 -2 -1.59129128948 -3.08633461628 -0.885634199248 2.66296254495
9.97980325532 -2 -1.63234406314 -2.67598815438 -0.639555986613 2.78827133548
10.0335052493 -2 -1.63547174896 -2.55656984346 -0.564465811888 2.81205291973
10.3314664317 -2 -1.60350147652 -1.92175924894 -0.137068178042 2.81261122527
10.5187298595 -2 -1.56347597255 -1.55432394216 0.130553113088 2.67775279295
10.8992980915 -2 -1.46045393533 -0.876555000435 0.625059568674 1.99253118114
