1.77034980863 -2 1.27610207451 -1.86973936701 0.236635770664 0.0889286755079
1.8432278434 -2 1.31444181697 -1.82600277323 0.210369503032 0.0298559493146
2.31646863451 -2 1.62653010815 -1.49520711627 0.051504164802 -0.325928165623
2.33512630927 -2 1.64073870489 -1.48176608143 0.0456562295386 -0.33896749069
2.45692219066 -2 1.73635276035 -1.39551997817 0.00825560327004 -0.422246418473
2.48579163325 -2 1.75969536577 -1.37559446491 -0.00041265315318 -0.441518086115
2.62338254656 -2 1.87408656329 -1.28450234973 -0.040688695205 -0.530901720481
2.66057751736 -2 1.90581439205 -1.2611894806 -0.0512822799789 -0.554365241957
2.67432180343 -2 1.91761641099 -1.25273631548 -0.0551651338511 -0.562960144599
2.68771619993 -2 1.92915692101 -1.24458552639 -0.0589326892005 -0.571297130238
2.69564571163 -2 1.93600665004 -1.23980163635 -0.0611554371596 -0.576214448723
2.6958551585 -2 1.93618775223 -1.23967569912 -0.0612140707587 -0.576344149322
2.77642195416 -2 2.0064863784 -1.19292385541 -0.0834737926539 -0.625535084934
2.79288973227 -2 2.02100109264 -1.1838038301 -0.0879513359302 -0.635417716733
2.80088896053 -2 2.02806812408 -1.17942982455 -0.0901174457608 -0.640197147652
2.82161402402 -2 2.0464264176 -1.16827111377 -0.0957026386692 -0.652516033618
2.83820738572 -2 2.06117339945 -1.15952120946 -0.100146353338 -0.662312420073
2.84523511219 -2 2.06743167139 -1.15586566508 -0.102020870442 -0.666443585192
2.84993723142 -2 2.07162302632 -1.15343669667 -0.103272578149 -0.66920173478
2.86424727594 -2 2.08439823325 -1.14612870026 -0.107069609164 -0.677566385281
2.87842567569 -2 2.09708411153 -1.13901437692 -0.110813428016 -0.685810620847
2.91838323924 -2 2.13297681155 -1.11965860962 -0.12126635351 -0.708811755185
2.99775736577 -2 2.20481305308 -1.08438290905 -0.141601981084 -0.753483367039
3.02880159727 -2 2.23306998388 -1.07178706005 -0.1494003588 -0.770586142749
3.03939363638 -2 2.24272826534 -1.06764908584 -0.152041141487 -0.776374014595
3.04759783229 -2 2.25021474267 -1.06450048609 -0.154079613156 -0.780840489039
3.05192664923 -2 2.25416673303 -1.06285917334 -0.155152725663 -0.783191317112
3.06671367828 -2 2.26767576855 -1.05735739911 -0.158805632496 -0.791191215126
3.08083304238 -2 2.28058729483 -1.05225664313 -0.162275130554 -0.798785982546
3.10046009441 -2 2.29855349714 -1.04541656804 -0.167068034256 -0.809272047671
3.1095014817 -2 2.30683618646 -1.04236453289 -0.169264199168 -0.814074660861
3.11363412366 -2 2.31062326969 -1.04099042836 -0.170265559233 -0.816263983271
3.14177250774 -2 2.33642687853 -1.0319863398 -0.177042533449 -0.831072956122
3.18230002403 -2 2.37363406771 -1.02011195365 -0.186677409058 -0.852102760732
3.30681810541 -2 2.48801161178 -0.991988974378 -0.215349770865 -0.914503982273
3.3131140677 -2 2.49378835847 -0.990911100425 -0.216762244753 -0.917570527424
3.33652743523 -2 2.51525864704 -0.987199553912 -0.2219834571 -0.92889951693
3.33763982571 -2 2.51627818793 -0.987034902189 -0.222230286871 -0.929434831816
3.35191143561 -2 2.52935375263 -0.985016968356 -0.225387095894 -0.936279123035
3.35515579443 -2 2.5323249026 -0.984582744156 -0.226102159856 -0.937828917664
3.3694538057 -2 2.54541258174 -0.982777683964 -0.229242121421 -0.944631930792
3.37171981058 -2 2.54748578077 -0.982507895762 -0.229738056039 -0.945706060054
3.40553697876 -2 2.57838963867 -0.979013954529 -0.237084005731 -0.961604733524
3.40645287465 -2 2.57922562124 -0.978933255919 -0.23728152182 -0.96203190612
3.44119637405 -2 2.6108930312 -0.976418283781 -0.244718002368 -0.978102909439
3.44469822014 -2 2.61407968128 -0.976224059856 -0.245461474025 -0.979708316721
3.45981080518 -2 2.62782025575 -0.975510936911 -0.248657271903 -0.986606349537
3.47079374606 -2 2.63779360752 -0.975120422746 -0.250966818643 -0.991588594686
3.47430388468 -2 2.64097877233 -0.975018343924 -0.251702645322 -0.993175441772
3.48896379661 -2 2.65426887608 -0.974711300833 -0.254763731282 -0.999774162953
3.50917349196 -2 2.67255527967 -0.974604506718 -0.25895175348 -1.00879512228
3.51126158448 -2 2.67444224288 -0.974614438862 -0.259382358181 -1.0097221696
3.51791720477 -2 2.68045366232 -0.974672355037 -0.260752240749 -1.01267079324
3.5188040559 -2 2.68125431236 -0.974683092429 -0.26093447274 -1.01306297301
3.52359962437 -2 2.68558225957 -0.97475346776 -0.261918642632 -1.01518071779
3.52574461775 -2 2.68751726754 -0.974791676451 -0.2623581748 -1.01612635461
3.5278124682 -2 2.68938219718 -0.974832451858 -0.26278150527 -1.01703704495
3.53076166355 -2 2.69204114997 -0.974897302767 -0.263384595038 -1.01833429124
3.54714501159 -2 2.70679387491 -0.975401100484 -0.266720539504 -1.02550666167
3.57774043944 -2 2.73425689488 -0.976995233633 -0.272885265121 -1.0387461885
3.58974682911 -2 2.7450011693 -0.977854053641 -0.275281303021 -1.04388666042
3.59149578805 -2 2.74656466611 -0.977990152368 -0.27562924265 -1.04463287914
3.5949991145 -2 2.74969524342 -0.97827118745 -0.276325365087 -1.04612564421
3.61776138349 -2 2.76999397078 -0.980370990708 -0.280821243033 -1.05576029754
3.70990932552 -2 2.85135575222 -0.99374333665 -0.298542548834 -1.0936246103
3.71842160709 -2 2.85879955604 -0.995374344484 -0.300140795578 -1.09703017089
3.74541780764 -2 2.8823192498 -1.00099093307 -0.305166155048 -1.1077275548
3.75623792631 -2 2.89170734804 -1.00343168927 -0.307161807432 -1.11197105246
3.75742376057 -2 2.89273486287 -1.00370578523 -0.307379877202 -1.1124345879
3.76998693964 -2 2.90360379446 -1.00668975914 -0.309682373419 -1.11732687149
3.77538044454 -2 2.90826032837 -1.00801572608 -0.310666475838 -1.11941675862
3.7958269861 -2 2.92585942236 -1.01328747557 -0.314373252409 -1.12728257652
3.79815603879 -2 2.92785865341 -1.01391258345 -0.314793088147 -1.12817285882
3.80477539689 -2 2.93353442155 -1.0157166675 -0.315983614744 -1.13069674005
3.80605799408 -2 2.93463311587 -1.01607093637 -0.316213837927 -1.13118468825
3.8075555481 -2 2.93591550459 -1.01648651013 -0.316482456916 -1.13175396611
3.86327547457 -2 2.98328107218 -1.03342721643 -0.326332745235 -1.15259218506
3.86460737381 -2 2.98440470756 -1.03386737422 -0.326564762048 -1.15308211392
3.8703872649 -2 2.98927603791 -1.03579651195 -0.327569758493 -1.15520377904
3.89462669181 -2 3.00961923565 -1.04422361651 -0.331751530235 -1.16402321508
3.89912847905 -2 3.01338187072 -1.0458485573 -0.332522319868 -1.1656472527
3.91619468167 -2 3.02760079838 -1.05217875842 -0.335427711375 -1.17176434474
3.93013256905 -2 3.03915944147 -1.05754809653 -0.33778097261 -1.17671364472
3.95334292859 -2 3.05829755349 -1.06688693396 -0.341660765885 -1.18486278918
3.9651561036 -2 3.067984112 -1.07183045375 -0.34361670466 -1.18896586726
3.97441749826 -2 3.07555230477 -1.07579580496 -0.345141304508 -1.19216163105
3.98352280311 -2 3.08297042064 -1.0797710842 -0.346632639983 -1.19528553847
3.98897609924 -2 3.08740243697 -1.08218834146 -0.347522228627 -1.19714794774
3.99224726142 -2 3.09005707398 -1.08365141168 -0.348054557096 -1.19826204378
4.00234540239 -2 3.09823335217 -1.0882297511 -0.349691755037 -1.20168675237
4.00642707744 -2 3.10153016296 -1.09010679836 -0.350350891953 -1.20306479378
4.01308960822 -2 3.10690152319 -1.093203428 -0.351423563291 -1.20530647212
4.0136194529 -2 3.10732814963 -1.09345143165 -0.351508696114 -1.20548433385
4.03560800673 -2 3.12496263306 -1.10396947352 -0.355019297775 -1.21281231414
4.03793743932 -2 3.12682265768 -1.10510954941 -0.355388641502 -1.21358253316
4.04593874218 -2 3.13319957264 -1.10906316556 -0.356653548765 -1.21621924221
4.04715688756 -2 3.13416877392 -1.10967018308 -0.356845614221 -1.21661945521
4.05980842471 -2 3.14420893967 -1.1160542854 -0.358832445074 -1.22075714569
4.06048175063 -2 3.1447419566 -1.11639812363 -0.358937779884 -1.22097639177
4.06481103895 -2 3.14816586907 -1.11861871937 -0.359614071608 -1.22238374925
4.06534562495 -2 3.14858826952 -1.11889409952 -0.359697463281 -1.22255725174
4.06814035323 -2 3.15079511561 -1.12033795615 -0.360133000207 -1.22346329317
4.07939760334 -2 3.15966052553 -1.1262254385 -0.361880196578 -1.22709583354
4.09872665573 -2 3.17479256748 -1.13660142822 -0.364853429687 -1.23326940193
4.12292046525 -2 3.19356937764 -1.15006274996 -0.368527311163 -1.24088343252
4.14293868056 -2 3.20896490416 -1.1615973972 -0.371527062462 -1.24708812542
4.14785201134 -2 3.21272384468 -1.16448319732 -0.372257786183 -1.24859784234
4.15898725633 -2 3.221213651 -1.17110297016 -0.373905761456 -1.25200013415
4.1651354135 -2 3.2258836774 -1.17480522173 -0.374810856695 -1.25386722372
4.17213240669 -2 3.23118320484 -1.17905943468 -0.375836749667 -1.25598219287
4.17382950899 -2 3.23246613183 -1.18009782272 -0.376084909508 -1.25649358537
4.1810533603 -2 3.23791621649 -1.18454633143 -0.377138304931 -1.25866343373
4.18735627123 -2 3.24265713921 -1.18846541133 -0.378053548328 -1.26054748233
4.18993663854 -2 3.24459416141 -1.19007997578 -0.378427205065 -1.26131633196
4.20217433625 -2 3.25374983652 -1.19781716278 -0.380191108985 -1.26494317915
4.2032098471 -2 3.25452220531 -1.19847790588 -0.380339742237 -1.26524859117
4.21428494153 -2 3.26275979246 -1.20560365852 -0.381923348212 -1.26850063004
4.22527235766 -2 3.27089007698 -1.21277925023 -0.383483445726 -1.27170083849
4.23713353144 -2 3.27961937594 -1.22064389267 -0.385155341632 -1.27512637603
4.2371439948 -2 3.27962705458 -1.22065088465 -0.385156810878 -1.27512938451
4.25376030421 -2 3.29177189347 -1.23187461414 -0.387477536173 -1.2798772615
4.26152573381 -2 3.29741368238 -1.23720202861 -0.388553529528 -1.28207575021
4.26941768024 -2 3.30312502363 -1.24266967744 -0.389641460636 -1.28429676071
4.26984015933 -2 3.30343012982 -1.24296389342 -0.389699541803 -1.28441527995
4.27577006229 -2 3.30770571361 -1.24710974016 -0.390513062283 -1.28607475867
4.27627394858 -2 3.30806843315 -1.24746342518 -0.390582043466 -1.286215422
4.29215628116 -2 3.3194533344 -1.25872333109 -0.392744529025 -1.2906210799
4.29252480971 -2 3.31971639855 -1.25898717213 -0.392794435588 -1.29072266293
4.29982907088 -2 3.32491991717 -1.26424050782 -0.393781050519 -1.29273001474
4.31522130383 -2 3.33581983414 -1.27545999207 -0.395844327596 -1.29692250473
4.31926538597 -2 3.33866879782 -1.27844120709 -0.39638286567 -1.29801556151
4.32287187686 -2 3.34120425084 -1.28111155443 -0.396861882247 -1.29898737466
4.32542900103 -2 3.3429989729 -1.28301160572 -0.39720080787 -1.29967472708
4.32845814788 -2 3.34512175615 -1.28526955911 -0.397601530312 -1.30048713785
4.33143200954 -2 3.3472023823 -1.28749385853 -0.39799413115 -1.30128280024
4.37044857715 -2 3.37418282723 -1.31736609158 -0.403070837759 -1.31154546297
4.372560093 -2 3.3756259705 -1.31901910169 -0.403341650702 -1.31209151742
4.37883228432 -2 3.37990236617 -1.32395121165 -0.404143712049 -1.31370789657
4.38290225652 -2 3.38266891963 -1.32716911569 -0.404662257806 -1.31475222199
4.38487781601 -2 3.38400942084 -1.32873603989 -0.404913418722 -1.31525785107
4.39130363436 -2 3.3883588188 -1.33385508097 -0.405727915752 -1.31689668007
4.39237409018 -2 3.38908176254 -1.33471116661 -0.40586323693 -1.31716882369
4.39338380915 -2 3.3897632652 -1.33551954706 -0.405990785023 -1.31742530007
4.39368663008 -2 3.38996757218 -1.33576214962 -0.406029019492 -1.31750217614
4.41314584327 -2 3.40301863332 -1.35151026456 -0.408468553938 -1.32240083686
4.41324078412 -2 3.40308193226 -1.35158786237 -0.40848037232 -1.32242453749
4.4282846582 -2 3.41306537468 -1.36397684464 -0.410342748902 -1.3261555193
4.43976336983 -2 3.42062020097 -1.37355397102 -0.411749992182 -1.3289695565
4.43986026508 -2 3.42068374108 -1.37363527008 -0.41176182038 -1.32899318994
4.44252800522 -2 3.42243160721 -1.37587660297 -0.412087142978 -1.32964307704
4.44568288891 -2 3.42449481813 -1.37853465682 -0.4124710398 -1.33040966028
4.45029994101 -2 3.42750675904 -1.38243913236 -0.413031234083 -1.33152766434
4.45922187577 -2 3.4333016866 -1.39003283806 -0.414108279483 -1.33367508339
4.46311322129 -2 3.43581868321 -1.39336494025 -0.414575781395 -1.33460632535
4.47058007352 -2 3.44063046113 -1.39979273378 -0.415469002183 -1.33638409942
4.47102261252 -2 3.44091489969 -1.40017509307 -0.415521782407 -1.33648908637
4.47384897271 -2 3.44272955844 -1.40262079963 -0.415858455268 -1.33715861142
4.47977230289 -2 3.44652158756 -1.4077670796 -0.416561690014 -1.33855618823
4.4856566048 -2 3.450273792 -1.4129071444 -0.417257146551 -1.33993708004
4.50267712967 -2 3.46104335813 -1.42792964854 -0.419251131278 -1.34388940147
4.51181607505 -2 3.46677417973 -1.43609018702 -0.420310954622 -1.34598582254
4.53109916846 -2 3.47874633612 -1.45352372546 -0.422522366949 -1.35035027681
4.5442577832 -2 3.4868218622 -1.46558646681 -0.424012094419 -1.35328260627
4.54982864272 -2 3.49021753167 -1.47073375537 -0.424638066243 -1.35451281598
4.55031186996 -2 3.49051142549 -1.47118136981 -0.424692231854 -1.35461921197
4.55052813137 -2 3.49064291962 -1.47138175152 -0.424716466048 -1.35466681169
4.55464841477 -2 3.49314419041 -1.47520636957 -0.425177375178 -1.35557177447
4.57315669334 -2 3.50428570566 -1.49254716003 -0.42722881947 -1.35959179227
4.58658367556 -2 3.51227127725 -1.50529062186 -0.428697649238 -1.36246200591
4.59923532825 -2 3.51972031238 -1.51742300111 -0.43006672966 -1.36513097796
4.61015499787 -2 3.52609032093 -1.52799117981 -0.431236736463 -1.36740687664
4.61365989188 -2 3.52812320276 -1.53140215448 -0.431609986168 -1.36813193321
4.62550909515 -2 3.53495355057 -1.54300151833 -0.432863619256 -1.37056359765
4.63565791097 -2 3.54075151855 -1.5530190001 -0.433927248661 -1.37262228911
4.63651373874 -2 3.54123823649 -1.55386722438 -0.434016515973 -1.37279488068
4.64800255727 -2 3.54773858759 -1.56530602498 -0.435208440789 -1.37509652608
4.65587868465 -2 3.5521587671 -1.57320362111 -0.436018658396 -1.37665800036
4.66001595995 -2 3.55446883467 -1.57737026034 -0.436442010554 -1.37747288366
4.66478438705 -2 3.55712117621 -1.58218793268 -0.436928024126 -1.37840750981
4.66634788083 -2 3.55798847134 -1.58377115624 -0.437086932417 -1.37871289402
4.66753301762 -2 3.55864510591 -1.5849724255 -0.437207238331 -1.37894402639
4.677983901 -2 3.56440631736 -1.59560939872 -0.438262627182 -1.3809691336
4.68246782805 -2 3.5668620325 -1.60019722398 -0.438712408379 -1.38183079504
4.6852649798 -2 3.56838903216 -1.60306647898 -0.438992067939 -1.38236612289
4.68882723661 -2 3.57032823067 -1.60672865186 -0.439347197476 -1.3830454413
4.69224972678 -2 3.5721855494 -1.61025565784 -0.439687311402 -1.38369553399
4.69572376417 -2 3.57406502329 -1.61384430564 -0.440031463514 -1.38435283981
4.69796585585 -2 3.57527489 -1.61616491422 -0.440252994073 -1.38477567603
4.69921024024 -2 3.57594532202 -1.61745441401 -0.440375749495 -1.38500988772
4.70439852351 -2 3.57873245134 -1.62284260676 -0.440886050182 -1.38598280862
4.70995898484 -2 3.58170490245 -1.62863840888 -0.441430251845 -1.38701908991
4.71508019002 -2 3.58442913002 -1.63399560199 -0.441928987695 -1.38796762235
4.71737673187 -2 3.58564659069 -1.63640394403 -0.442151868675 -1.38839114702
4.72463768065 -2 3.58947872516 -1.64404263037 -0.4428534079 -1.38972273236
4.74061891974 -2 3.59782127868 -1.66098439034 -0.444380673801 -1.39261356229
4.74506638394 -2 3.60012035973 -1.66573055221 -0.444801588793 -1.3934082828
4.74758805855 -2 3.6014195321 -1.66842762664 -0.445039448638 -1.39385699154
4.75138104467 -2 3.60336769671 -1.67249265393 -0.445396142352 -1.39452934111
4.75487239004 -2 3.60515456048 -1.67624310735 -0.445723318605 -1.39514548477
4.75757192264 -2 3.60653198207 -1.67914868899 -0.445975537158 -1.39562009298
4.76894829399 -2 3.61229640833 -1.6914478335 -0.447031189052 -1.3976029557
4.7693947062 -2 3.61252127448 -1.69193224391 -0.447072374272 -1.39768019589
4.77161136514 -2 3.61363635399 -1.69433957645 -0.447276612224 -1.39806309671
4.77550989365 -2 3.61559145389 -1.69858148942 -0.447634734829 -1.39873395462
4.77799374177 -2 3.61683307654 -1.70128945102 -0.447862186021 -1.39915966877
4.79922951419 -2 3.62732008792 -1.72460968894 -0.449783992588 -1.40274512921
4.80797928494 -2 3.6315738649 -1.73430535072 -0.450563959382 -1.40419421326
4.81067081713 -2 3.63287444908 -1.73729798355 -0.450802492553 -1.40463665481
4.8181252001 -2 3.63645697677 -1.74561105673 -0.451459703433 -1.40585388855
4.82204901781 -2 3.63833118353 -1.75000144084 -0.451803623614 -1.4064898085
4.83072181197 -2 3.6424453694 -1.75974096032 -0.452558844052 -1.4078836233
4.83370479952 -2 3.64385138485 -1.76310209149 -0.452817026728 -1.4083592813
4.83574352625 -2 3.64480965758 -1.76540256078 -0.452993018646 -1.40868326871
4.84278164209 -2 3.64810112327 -1.77336479397 -0.453597688571 -1.40979486742
4.85445356758 -2 3.65350239615 -1.78663905584 -0.45459058179 -1.41161482975
4.85708097103 -2 3.65470836474 -1.78963909222 -0.454812386134 -1.41202046874
4.86353319223 -2 3.65765445153 -1.79702491896 -0.455354428551 -1.41301030884
4.86399945677 -2 3.65786649562 -1.7975596667 -0.455393452805 -1.41308149171
4.86604574394 -2 3.65879572929 -1.79990812183 -0.455564485177 -1.4133933375
4.86980348937 -2 3.66049637131 -1.80422760773 -0.45587757719 -1.41396365561
4.87054211528 -2 3.66082977048 -1.80507769074 -0.45593896853 -1.41407540049
4.87110458255 -2 3.66108346141 -1.80572526217 -0.455985685215 -1.41416041601
4.88489032755 -2 3.6672486719 -1.82165851412 -0.457121731457 -1.41622281228
4.88529190834 -2 3.66742674678 -1.82212442076 -0.457154566788 -1.41628227711
4.89694446069 -2 3.67255630916 -1.83568679084 -0.458100982701 -1.41799263618
4.89777243435 -2 3.67291802057 -1.83665364042 -0.458167762712 -1.41811305401
4.90475650132 -2 3.67595443495 -1.84482580837 -0.458728591522 -1.41912292328
4.90477406205 -2 3.67596203661 -1.84484639393 -0.458729996104 -1.41912544926
4.90524153632 -2 3.67616433504 -1.84539445946 -0.458767376437 -1.41919266764
4.9169373401 -2 3.68118726496 -1.8591496984 -0.459696161494 -1.42085910556
4.91827398211 -2 3.6817565933 -1.86072695919 -0.459801518249 -1.4210476781
4.92911099962 -2 3.68633669814 -1.87355437746 -0.460649742309 -1.42256236092
4.93968670624 -2 3.6907446998 -1.88613992522 -0.461467263934 -1.42401615241
4.94744983799 -2 3.69394147961 -1.89542041507 -0.462060924791 -1.42506799313
4.95008773073 -2 3.69502021295 -1.89858195077 -0.462261407471 -1.42542245358
4.95214355654 -2 3.69585826631 -1.9010486945 -0.462417215704 -1.42569766186
4.96015642328 -2 3.69910249162 -1.91068665678 -0.46302084839 -1.42676164271
4.96029415244 -2 3.6991579456 -1.91085264465 -0.463031173123 -1.42677981015
4.96173281846 -2 3.69973657071 -1.91258714654 -0.463138918676 -1.42696933621
4.96855477097 -2 3.70246475968 -1.92082817351 -0.463647282409 -1.42786197815
4.97971755713 -2 3.70687328795 -1.93437057967 -0.46447003345 -1.42930100835
4.98076777131 -2 3.7072844873 -1.93564832947 -0.464546858769 -1.4294350146
4.98493316109 -2 3.70890935026 -1.94072233927 -0.464850582286 -1.42996417629
4.98934034515 -2 3.71061800286 -1.94610156981 -0.465170226503 -1.43051998949
4.99052439823 -2 3.71107520905 -1.94754864309 -0.46525580386 -1.43066860427
4.99075935027 -2 3.71116583949 -1.94783588011 -0.465272769914 -1.43069805807
5.01450120593 -2 3.72016448264 -1.97701995953 -0.466961421622 -1.4336131033
5.01485128822 -2 3.7202947994 -1.97745262391 -0.466985939674 -1.43365517913
5.02677933849 -2 3.72469359403 -1.9922344728 -0.467814693451 -1.43507303285
5.03155104457 -2 3.72643072844 -1.99816948037 -0.46814262211 -1.43563165731
5.03494625858 -2 3.72765888081 -2.002399906 -0.468374698333 -1.43602615183
5.03611341519 -2 3.72807956343 -2.00385561256 -0.468454237065 -1.43616119234
5.04668766614 -2 3.73185552328 -2.01707732044 -0.469169225818 -1.43737127746
5.04862711014 -2 3.73254115592 -2.01950880636 -0.469299264854 -1.43759060996
5.05021291877 -2 3.73310017366 -2.02149842087 -0.469405339742 -1.43776934813
5.05314378588 -2 3.73412955534 -2.02517909745 -0.469600786574 -1.43809826479
5.05685556249 -2 3.73542614924 -2.02984696803 -0.469847192944 -1.43851216588
5.06314030354 -2 3.73760351089 -2.03776705058 -0.47026156212 -1.43920621841
5.06387632979 -2 3.73785702476 -2.03869594829 -0.470309856347 -1.43928694508
5.06681068638 -2 3.73886462579 -2.04240204253 -0.470501906155 -1.43960762361
5.06693710801 -2 3.73890792521 -2.04256181382 -0.470510162772 -1.43962139784
5.07008545199 -2 3.73998326512 -2.04654335843 -0.470715314995 -1.43996331542
5.07234399995 -2 3.74075117065 -2.0494027889 -0.470861933672 -1.44020728499
5.0791647878 -2 3.74305236837 -2.05805420784 -0.471301917444 -1.44093740626
5.09235591967 -2 3.74742641931 -2.07485323436 -0.472140880757 -1.44232102566
5.0965241057 -2 3.74878755322 -2.0801797989 -0.47240270482 -1.4427504411
5.10047422034 -2 3.75006814582 -2.08523575123 -0.472649379346 -1.4431539396
5.1045882881 -2 3.75139222445 -2.09050985838 -0.472904790745 -1.44357061564
5.11729713512 -2 3.75542001491 -2.10685528293 -0.47368411047 -1.44483477141
5.11843278395 -2 3.75577533184 -2.10831976825 -0.473753038036 -1.44494604315
5.12397572236 -2 3.75749872207 -2.11547676634 -0.474087788075 -1.44548516102
5.12577761878 -2 3.75805507451 -2.11780658741 -0.474196009495 -1.44565899313
5.12984090492 -2 3.75930264412 -2.1230661304 -0.474438970746 -1.44604842099
5.131774238 -2 3.759892832 -2.12557145369 -0.474554048275 -1.44623246529
5.13299705908 -2 3.76026498523 -2.12715698599 -0.474626659415 -1.44634845686
5.13426367858 -2 3.76064953873 -2.12880006741 -0.474701728592 -1.44646826366
5.13496165677 -2 3.76086104491 -2.12970582693 -0.474743033845 -1.44653413636
5.13938296258 -2 3.7621941412 -2.13544874152 -0.475003655363 -1.44694896786
5.14098681734 -2 3.76267487619 -2.13753432915 -0.475097759985 -1.44709841058
5.14378131188 -2 3.7635088571 -2.14117110582 -0.475261167941 -1.44735747118
5.1444603585 -2 3.7637108122 -2.1420553833 -0.47530076841 -1.44742016766
5.14450500768 -2 3.76372408174 -2.14211353464 -0.475303370787 -1.44742428665
5.1534091117 -2 3.76634674021 -2.15372913801 -0.475818740064 -1.44823713628
5.15480188973 -2 3.76675272279 -2.15554942585 -0.475898704927 -1.44836273882
5.16833534265 -2 3.77063753633 -2.17328403942 -0.476666570966 -1.44956146636
5.17524459928 -2 3.7725787518 -2.18237074916 -0.477052198193 -1.45015825594
5.1763087064 -2 3.77287518657 -2.18377215157 -0.47711120533 -1.4502492556
5.1783961222 -2 3.77345472262 -2.18652272486 -0.477226659493 -1.45042705803
5.18246647552 -2 3.77457728396 -2.19189189423 -0.477450654751 -1.45077106653
5.1831250394 -2 3.77475797595 -2.19276130565 -0.477486755169 -1.45082639036
5.19276904243 -2 3.77737421077 -2.20551531572 -0.478010912381 -1.45162586032
5.19422369733 -2 3.77776397977 -2.20744268295 -0.478089243014 -1.45174471123
5.19447947222 -2 3.77783238202 -2.20778167324 -0.478102996246 -1.45176556195
5.19566939646 -2 3.77815008744 -2.20935911742 -0.478166901617 -1.45186237923
5.20295124722 -2 3.78007573148 -2.21902609866 -0.478555184302 -1.45244822314
5.21250120912 -2 3.78255264789 -2.23173941684 -0.479057131899 -1.45319924545
5.21370786216 -2 3.78286168507 -2.23334859324 -0.479119966331 -1.45329274164
5.22111848428 -2 3.78474027774 -2.24324509757 -0.479502971754 -1.4538600739
5.221347958 -2 3.7847979176 -2.24355192513 -0.479514752363 -1.45387745298
5.22203716399 -2 3.78497084212 -2.24447359291 -0.479550105826 -1.45392958152
5.22223581514 -2 3.78502063093 -2.24473928475 -0.479560287839 -1.45394458765
5.23171445184 -2 3.7873684253 -2.25743631842 -0.480041970837 -1.45465073438
5.23335046805 -2 3.78776812239 -2.25963168608 -0.480124286501 -1.45477065888
5.23374879973 -2 3.7878651924 -2.2601663776 -0.480144291764 -1.45479977049
5.23916205939 -2 3.78917476558 -2.2674393528 -0.480414736005 -1.45519200703
5.24279160844 -2 3.79004280752 -2.27232268983 -0.480594581295 -1.45545146683
5.24951252306 -2 3.79162891428 -2.28137970466 -0.480924456212 -1.45592442852
5.25669570544 -2 3.79329352784 -2.29108020879 -0.481272499698 -1.45641917345
5.26116374672 -2 3.79431296851 -2.29712466946 -0.48148663152 -1.45672131
5.26763867453 -2 3.79576852604 -2.30589839676 -0.481793736899 -1.45715153114
5.27601439852 -2 3.79761307161 -2.31727263124 -0.482185367228 -1.45769466443
5.28154596933 -2 3.79880752118 -2.32479972428 -0.482440529417 -1.45804508728
5.28305684807 -2 3.79913048116 -2.32685774272 -0.482509742168 -1.45813965589
5.28963891259 -2 3.80052095239 -2.33583377036 -0.482808852978 -1.45854590708
5.29312646413 -2 3.80124682109 -2.34059657883 -0.48296574941 -1.45875738306
5.30840235321 -2 3.80433717547 -2.36151298163 -0.48364000154 -1.45965282976
5.31069481227 -2 3.80478840993 -2.36465951752 -0.483739363999 -1.45978287598
5.31973380583 -2 3.80653562982 -2.37708512065 -0.484126506931 -1.46028461683
5.32256584987 -2 3.80707255269 -2.38098443963 -0.484246282651 -1.46043820165
5.32459495385 -2 3.80745416098 -2.38378003052 -0.484331653169 -1.46054718074
5.3331572863 -2 3.80903604403 -2.39559322405 -0.484687791765 -1.46099728781
5.33750372734 -2 3.80982144186 -2.40159997985 -0.484866036659 -1.46121973521
5.3521825649 -2 3.8123860503 -2.42193550969 -0.485455367072 -1.4619409352
5.35246232443 -2 3.81243360972 -2.42232381105 -0.485466409537 -1.46195423002
5.35663043366 -2 3.81313634058 -2.42811228194 -0.485630091032 -1.46215031324
5.35901573627 -2 3.81353355802 -2.43142756972 -0.485723054277 -1.46226084458
5.36370645105 -2 3.81430419433 -2.43795278648 -0.485904364912 -1.4624746336
5.36398738435 -2 3.81434990688 -2.4383438285 -0.485915160638 -1.46248728742
5.36675115891 -2 3.81479695495 -2.44219226044 -0.486020986316 -1.46261086808
5.36678809818 -2 3.81480289722 -2.44224371422 -0.486022396048 -1.46261250867
5.36952687377 -2 3.81524106355 -2.44605991541 -0.48612657327 -1.46273332809
5.37666771598 -2 3.8163611257 -2.45602176051 -0.486395002731 -1.46304075045
5.38044655667 -2 3.81694074547 -2.46130029131 -0.486535184502 -1.4631989941
5.38243356616 -2 3.81724188206 -2.46407776222 -0.486608377067 -1.46328096976
5.38819942533 -2 3.81810148835 -2.47214467035 -0.486818742379 -1.46351403465
5.40022656061 -2 3.81982634341 -2.48900613524 -0.487247862498 -1.4639771622
5.40410731546 -2 3.82036317998 -2.49445658099 -0.487383531109 -1.46411995493
5.40844463083 -2 3.82095177007 -2.50055384587 -0.487533547504 -1.46427571126
5.40915364263 -2 3.82104684008 -2.50155111043 -0.487557908431 -1.46430078741
5.41087879897 -2 3.82127681759 -2.50397829012 -0.487616992993 -1.46436135044
5.4121820182 -2 3.82144928265 -2.50581244299 -0.487661448084 -1.46440667633
5.4169308905 -2 3.82206852098 -2.51250043517 -0.487822139631 -1.46456874915
5.42179072656 -2 3.82268723998 -2.51935183006 -0.48798447245 -1.46472958413
5.43804356916 -2 3.82464605266 -2.54231650143 -0.488511834581 -1.46523054331
5.44859387387 -2 3.82582638354 -2.5572650961 -0.488841365581 -1.46552530471
5.45552155671 -2 3.82656226746 -2.5670981242 -0.489052266467 -1.46570582566
5.45578658567 -2 3.82658980238 -2.5674745699 -0.48906024852 -1.46571252664
5.46151256188 -2 3.82717357455 -2.57561249614 -0.489231148928 -1.46585361042
5.46316440684 -2 3.82733802888 -2.57796183511 -0.48927989915 -1.46589299924
5.46539495907 -2 3.82755728645 -2.58113543184 -0.489345336573 -1.46594525567
5.46714480198 -2 3.8277270291 -2.58362603564 -0.489396356249 -1.46598550076
5.46861750846 -2 3.82786834601 -2.58572282951 -0.489439080738 -1.46601886123
5.48068513666 -2 3.82897315898 -2.60292633326 -0.489781777572 -1.46627464014
5.4834903899 -2 3.82921639266 -2.6069310168 -0.489859552877 -1.46632960918
5.48577251104 -2 3.82941047999 -2.61019041432 -0.489922298938 -1.4663730781
5.5097455077 -2 3.83124352063 -2.64450975791 -0.490552940078 -1.46676197687
5.51122881666 -2 3.83134456664 -2.64663794276 -0.490590251463 -1.46678197646
5.51235383903 -2 3.83142024205 -2.6482524311 -0.490618417639 -1.46679682948
5.51499850523 -2 3.83159486296 -2.65204892492 -0.490684178549 -1.46683067268
5.51592509346 -2 3.83165495613 -2.65337946763 -0.490707068847 -1.46684217394
5.52390593602 -2 3.8321491709 -2.66484810723 -0.490901008898 -1.46693358639
5.52437798413 -2 3.83217708952 -2.665526922 -0.490912299402 -1.46693856385
5.53130319924 -2 3.83256979502 -2.67549148909 -0.491075618955 -1.46700607361
5.53465709884 -2 3.83274861682 -2.68032132917 -0.491153154689 -1.467035059
5.53515132274 -2 3.83277434011 -2.68103326166 -0.491164494121 -1.46703912558
5.53644199522 -2 3.83284075642 -2.68289274458 -0.491194002938 -1.46704949761
5.55067344148 -2 3.83350008672 -2.7034207893 -0.491509380318 -1.46714009298
5.55801038816 -2 3.8337876197 -2.71402118693 -0.49166480921 -1.46716977058
5.55869086653 -2 3.8338124787 -2.71500492183 -0.491678977818 -1.46717193601
5.55907731481 -2 3.83382645952 -2.71556363514 -0.491687005605 -1.46717312141
5.56058535192 -2 3.83388006896 -2.71774420326 -0.491718203134 -1.46717743975
5.5630392638 -2 3.83396407667 -2.72129349288 -0.491768528421 -1.46718342048
5.57084279918 -2 3.83420463619 -2.73258866555 -0.491924941976 -1.4671938261
5.58456925859 -2 3.83452945192 -2.75248675429 -0.492186698475 -1.46718032851
5.5869028869 -2 3.83457218332 -2.75587329903 -0.49222950329 -1.46717400088
5.58745191302 -2 3.83458170857 -2.75667019429 -0.492239502227 -1.46717234189
5.59524373201 -2 3.83469519211 -2.76798597284 -0.492378466395 -1.46714180399
5.5953921865 -2 3.83469696047 -2.76820167896 -0.492381060674 -1.46714109532
5.61790465471 -2 3.83479434649 -2.80095884003 -0.492751381996 -1.46697873259
5.62299113254 -2 3.83476927047 -2.80837230131 -0.492828698888 -1.46692694227
5.62593916202 -2 3.83474677757 -2.8126709996 -0.492872438314 -1.46689437678
5.63781321369 -2 3.834596964 -2.82999966591 -0.49304064595 -1.46674427113
5.63921356924 -2 3.83457303496 -2.83204479308 -0.49305964203 -1.46672456826
5.64041951794 -2 3.83455136833 -2.83380624801 -0.493075858689 -1.46670726246
5.64079159541 -2 3.83454448544 -2.83434976441 -0.493080835523 -1.46670185984
5.6444712501 -2 3.83447138854 -2.83972601558 -0.493129379065 -1.46664682633
5.65660163602 -2 3.83416566525 -2.85746390267 -0.493280728106 -1.4664447653
5.6585915176 -2 3.83410601703 -2.86037570962 -0.493304283862 -1.46640859549
5.68514721559 -2 3.83305313603 -2.89928700979 -0.493584334683 -1.46584432501
5.68977343115 -2 3.83282074055 -2.90607504827 -0.493626592812 -1.46573050182
5.69025282913 -2 3.83279582571 -2.90677861833 -0.49363086109 -1.46571844335
5.69226676606 -2 3.83268945055 -2.90973459966 -0.493648564728 -1.46566724575
5.69454585956 -2 3.83256573968 -2.91308035491 -0.493668156407 -1.46560825458
5.69813546706 -2 3.83236371949 -2.91835121585 -0.493698060139 -1.46551307569
5.70349851826 -2 3.83204553092 -2.92622891753 -0.493740564692 -1.46536570714
5.7048084858 -2 3.83196483051 -2.92815360308 -0.493750551126 -1.46532877057
5.70493299322 -2 3.83195709933 -2.92833654707 -0.493751492215 -1.46532524067
5.71124916662 -2 3.83155102065 -2.93761940076 -0.493797391782 -1.46514179389
5.71640802895 -2 3.83119913465 -2.94520453114 -0.493832201866 -1.46498558991
5.73036931409 -2 3.83015556008 -2.96574547508 -0.493914325597 -1.46453413464
5.73224415705 -2 3.83000525613 -2.96850532314 -0.493924010101 -1.46447031443
5.73894777195 -2 3.82944812528 -2.97837594931 -0.493956034874 -1.46423593324
5.74380179099 -2 3.82902547054 -2.98552563903 -0.493976684546 -1.46406018338
5.7591751332 -2 3.82758005673 -3.0081824029 -0.494028010688 -1.46347009785
5.75975597958 -2 3.82752225865 -3.00903879321 -0.494029530506 -1.46344680564
5.76252662795 -2 3.82724336468 -3.01312412848 -0.494036359787 -1.46333470214
5.76616708474 -2 3.82686887973 -3.01849282896 -0.494044276688 -1.46318489374
5.76630575538 -2 3.82685443452 -3.01869734927 -0.494044554536 -1.46317913092
5.7723708296 -2 3.82620967492 -3.02764377131 -0.494055003892 -1.46292303187
5.77505862138 -2 3.82591583344 -3.03160922355 -0.494058569833 -1.46280700774
5.77580621564 -2 3.82583321724 -3.03271227266 -0.494059445439 -1.46277445992
5.77586990707 -2 3.82582616092 -3.03280624872 -0.494059517698 -1.46277168144
5.78503761662 -2 3.82478126716 -3.04633563974 -0.494066088177 -1.46236264195
5.79581659012 -2 3.82347844812 -3.06224879495 -0.494064082297 -1.46185857604
5.80014683077 -2 3.82293243565 -3.0686432067 -0.494060315259 -1.46164903713
5.80379918721 -2 3.82246180586 -3.07403725085 -0.494055818365 -1.4614691635
5.80471649258 -2 3.8223421533 -3.0753920786 -0.49405449923 -1.46142353638
5.80541762971 -2 3.82225030443 -3.07642765711 -0.494053439598 -1.46138853945
5.80871247881 -2 3.82181411733 -3.08129441092 -0.494047864172 -1.46122266183
5.81174867522 -2 3.82140550879 -3.08577948751 -0.494041856425 -1.4610677375
5.81328369156 -2 3.82119649453 -3.08804714711 -0.49403850149 -1.46098865701
5.81733189065 -2 3.82063743419 -3.09402789411 -0.494028630769 -1.46077767103
5.82169896006 -2 3.82002158318 -3.10048033503 -0.494016319233 -1.46054611146
5.82659473868 -2 3.81931542452 -3.10771462477 -0.494000464678 -1.46028163775
5.82768100582 -2 3.81915648557 -3.10931984484 -0.49399665279 -1.46022225753
5.82924281965 -2 3.81892652883 -3.11162785149 -0.493990984946 -1.46013643676
5.83137354982 -2 3.81861007152 -3.11477668264 -0.493982896397 -1.46001850773
5.83323620858 -2 3.81833084194 -3.1175294382 -0.493975488825 -1.45991461517
5.83401558369 -2 3.81821329035 -3.1186812707 -0.493972296146 -1.45987092279
5.83555145904 -2 3.8179804004 -3.12095116608 -0.493965843552 -1.45978443777
5.83600793446 -2 3.8179108671 -3.12162580776 -0.493963884623 -1.45975863581
5.8381222262 -2 3.81758691318 -3.1247506487 -0.4939545653 -1.45963854204
5.84026813151 -2 3.81725493371 -3.12792229581 -0.493944692863 -1.45951566885
5.8459318366 -2 3.81636333713 -3.13629359722 -0.493916634545 -1.45918660906
5.85679000014 -2 3.81459150065 -3.1523436412 -0.493854723042 -1.45853644824
5.85932618451 -2 3.81416579856 -3.15609262992 -0.493838724614 -1.45838093213
5.8634048844 -2 3.81347176681 -3.16212180242 -0.493811774767 -1.45812792737
5.86741546565 -2 3.8127779983 -3.16805028487 -0.493783806649 -1.45787565701
5.86780474176 -2 3.81271006131 -3.1686257153 -0.49378101448 -1.45785098677
5.86874972703 -2 3.81254470071 -3.17002259662 -0.493774179299 -1.45779096298
5.8696174669 -2 3.8123923075 -3.17130529067 -0.493767831648 -1.45773567642
5.87470351668 -2 3.81148850795 -3.17882341659 -0.493729255878 -1.45740836899
5.88157505016 -2 3.81023869293 -3.18898048146 -0.493673419 -1.45695731688
5.88374974565 -2 3.80983626972 -3.19219486475 -0.493654857411 -1.45681245147
5.88977452304 -2 3.80870410182 -3.20109962046 -0.493601198526 -1.4564058005
5.89334095195 -2 3.80802192249 -3.20637057614 -0.493567886413 -1.45616139844
5.89751291292 -2 3.80721260442 -3.21253612846 -0.493527457157 -1.45587202616
5.90191260696 -2 3.80634588608 -3.21903778435 -0.493483114125 -1.45556279989
5.90589602586 -2 3.80554945825 -3.22492383832 -0.493441455197 -1.45527923757
5.90749169587 -2 3.80522730284 -3.22728153147 -0.493424364624 -1.45516469079
5.90770783533 -2 3.80518352823 -3.2276008838 -0.493422031918 -1.45514913286
5.90992850239 -2 3.80473187819 -3.23088189813 -0.493397820236 -1.45498870478
5.91941992738 -2 3.80276242535 -3.24490347032 -0.493289304982 -1.45429105189
5.92408278405 -2 3.80177169842 -3.25179058811 -0.493233007502 -1.45394121364
5.92878886727 -2 3.8007562823 -3.25874060772 -0.493174192556 -1.45358338777
5.93030288629 -2 3.80042629444 -3.26097632154 -0.493154844657 -1.45346725633
5.93227448482 -2 3.79999415657 -3.26388756876 -0.493129338235 -1.45331528719
5.93287030721 -2 3.79986302496 -3.26476731856 -0.493121560889 -1.45326919709
5.93556018685 -2 3.7992679115 -3.26873878815 -0.493086049534 -1.45306016926
5.93603365873 -2 3.7991626325 -3.26943780734 -0.493079731046 -1.45302321507
5.93850988888 -2 3.79860945747 -3.27309344753 -0.493046355138 -1.45282916084
5.94165492694 -2 3.79790064811 -3.27773597309 -0.493003164534 -1.45258079188
5.9426703004 -2 3.79767032129 -3.27923469359 -0.49298902928 -1.45250015156
5.94273328454 -2 3.79765601007 -3.27932765811 -0.492988149389 -1.45249514209
5.94301882193 -2 3.79759109536 -3.27974910813 -0.492984155915 -1.45247242105
5.9541461695 -2 3.79501661439 -3.29616921138 -0.49282278305 -1.45157332002
5.95764372272 -2 3.79418936275 -3.30132878968 -0.492769745135 -1.45128520991
5.96091907711 -2 3.79340683804 -3.30615984153 -0.492719072671 -1.45101301627
5.96297993054 -2 3.79291059156 -3.30919916191 -0.492686691817 -1.45084056862
5.96398997107 -2 3.79266628216 -3.3106886478 -0.492670681321 -1.4507557169
5.96411300972 -2 3.79263647225 -3.31087008541 -0.492668724684 -1.45074536564
5.96557583647 -2 3.7922812381 -3.31302714382 -0.492645356903 -1.45062204816
5.97162232017 -2 3.79079686709 -3.3219415137 -0.492546712918 -1.45010743881
5.97462379411 -2 3.79005042997 -3.32636557457 -0.492496516913 -1.44984906448
5.97596851739 -2 3.78971394477 -3.32834741743 -0.49247376353 -1.44973267845
5.98160212528 -2 3.78829036812 -3.33664859714 -0.492376660779 -1.44924085839
5.98179396823 -2 3.78824149542 -3.3369312336 -0.492373303528 -1.44922399004
5.98223129087 -2 3.78812998854 -3.33757551639 -0.492365637931 -1.44918550755
5.9824508742 -2 3.78807394898 -3.33789901006 -0.492361782442 -1.44916616965
5.98692286099 -2 3.78692523711 -3.34448631622 -0.492282312802 -1.44877008053
5.99117927577 -2 3.785818752 -3.35075445509 -0.492204992502 -1.44838908709
6.00076567098 -2 3.78327971543 -3.36486560309 -0.492024843803 -1.44751672521
6.00224882552 -2 3.78288107396 -3.36704801814 -0.491996229109 -1.44737999148
6.00254419432 -2 3.78280149875 -3.3674826182 -0.491990506744 -1.44735270456
6.00400729051 -2 3.78240641475 -3.36963526279 -0.491962044819 -1.44721726318
6.0054184703 -2 3.78202391235 -3.3717113207 -0.491934409255 -1.44708619132
6.01204391164 -2 3.78020920037 -3.38145562536 -0.491802251285 -1.44646508374
6.01486044003 -2 3.77942832118 -3.38559661629 -0.49174486624 -1.44619818426
6.01597974157 -2 3.77911643345 -3.3872420294 -0.491721861767 -1.44609164312
6.01739413313 -2 3.77872104899 -3.38932104107 -0.491692630253 -1.44595662809
6.02384210479 -2 3.77690056789 -3.39879610058 -0.491557074208 -1.44533566216
6.02396219737 -2 3.77686638171 -3.3989725279 -0.491554513796 -1.44532401187
6.02563295094 -2 3.77638971407 -3.40142685113 -0.491518757367 -1.4451616087
6.0268696008 -2 3.77603562009 -3.40324327257 -0.491492128626 -1.44504101505
6.02878226019 -2 3.77548582314 -3.40605228302 -0.491450670767 -1.44485385121
6.033181339 -2 3.77421143951 -3.41251131193 -0.491354061824 -1.44442039027
6.04004002538 -2 3.7721970908 -3.4225770245 -0.491199942313 -1.44373626449
6.04755113669 -2 3.76995276307 -3.43359344242 -0.491026277284 -1.44297544765
6.05053580003 -2 3.76904980233 -3.43796896297 -0.490955850799 -1.44266975367
6.05592465003 -2 3.76740344129 -3.44586600927 -0.490826652528 -1.44211296344
6.05639919767 -2 3.76725747095 -3.44656124239 -0.490815149261 -1.44206363251
6.05955350605 -2 3.7662831351 -3.45118165328 -0.490738169215 -1.44173449912
6.06070967008 -2 3.76592423308 -3.45287484856 -0.490709727784 -1.44161332398
6.07518607526 -2 3.7613498077 -3.4740592169 -0.490343368246 -1.44007173038
6.07967218115 -2 3.75990192714 -3.48061775056 -0.490225986585 -1.43958485071
6.08239902106 -2 3.75901483481 -3.48460278787 -0.490153746975 -1.43928678872
6.08319102608 -2 3.75875618708 -3.48576001716 -0.490132638993 -1.43919991734
6.08397891343 -2 3.75849844025 -3.48691113262 -0.490111584412 -1.43911336366
6.08470997567 -2 3.75825888705 -3.48797913855 -0.490091998101 -1.43903293303
6.08611183638 -2 3.75779846156 -3.49002687557 -0.490054304709 -1.43887838018
6.10024107317 -2 3.75307959374 -3.51064811832 -0.489664464163 -1.43729704137
6.10574667931 -2 3.75120225919 -3.51867439891 -0.489507665983 -1.43666922354
6.10804602646 -2 3.75041180675 -3.52202493224 -0.489441368943 -1.43640509218
6.10922172357 -2 3.75000617544 -3.52373776418 -0.489407285172 -1.43626959747
6.12536653062 -2 3.74433610798 -3.54723358983 -0.488926586559 -1.43437887794
6.12557079925 -2 3.74426317533 -3.54753056031 -0.488920353474 -1.43435459666
6.12793210296 -2 3.74341792325 -3.55096291127 -0.488848026096 -1.43407325814
6.1298589647 -2 3.74272523018 -3.55376298654 -0.488788631822 -1.43384279227
6.13432161171 -2 3.74111074537 -3.5602452967 -0.488649783046 -1.43330596078
6.13494312387 -2 3.7408847664 -3.56114778349 -0.488630302582 -1.43323085632
6.14139111687 -2 3.73852400238 -3.57050635791 -0.48842613576 -1.43244676601
6.14894602222 -2 3.73572012578 -3.58146100455 -0.488182131985 -1.4315166889
6.15052715906 -2 3.73512814434 -3.58375220039 -0.488130411583 -1.43132048226
6.15172175104 -2 3.73467969952 -3.58548292218 -0.488091185333 -1.43117188598
6.15808828837 -2 3.73227249757 -3.59470176897 -0.487879951627 -1.43037476716
6.1602831635 -2 3.7314358833 -3.59787801856 -0.487806277935 -1.43009793696
6.16112457687 -2 3.73111424946 -3.59909537547 -0.487777919227 -1.42999153818
6.16388300076 -2 3.7300562746 -3.60308520731 -0.487684500827 -1.42964166021
6.16473228018 -2 3.72972944203 -3.60431329222 -0.487655599958 -1.42953360807
6.1727213043 -2 3.72662969579 -3.6158580296 -0.487380538703 -1.42850958225
6.17679802263 -2 3.72503030642 -3.62174379147 -0.487237951438 -1.42798173919
6.17687308601 -2 3.7250007457 -3.62185212955 -0.487235311917 -1.42797198664
6.17986250003 -2 3.7238202014 -3.62616568814 -0.487129777828 -1.42758260361
6.18083249056 -2 3.72343576794 -3.62756489829 -0.487095360814 -1.42745584523
6.18179839573 -2 3.72305228355 -3.62895800369 -0.487061004125 -1.42732941951
6.18278054208 -2 3.72266166543 -3.63037431621 -0.487025983151 -1.42720066213
6.18650053745 -2 3.72117588422 -3.63573676981 -0.486892545387 -1.42671109607
6.20374396104 -2 3.71415920659 -3.66055131186 -0.486257655999 -1.42440289568
6.20529438694 -2 3.71351786044 -3.66277900571 -0.486199251717 -1.42419222056
6.20568495275 -2 3.71335602787 -3.66334008889 -0.486184504858 -1.42413906808
6.21115624265 -2 3.71107747261 -3.67119615872 -0.48597647006 -1.42339102382
6.21868954853 -2 3.70790503366 -3.68200084512 -0.485685597221 -1.42235051517
6.22731672217 -2 3.70422191993 -3.69435673374 -0.485346178285 -1.42114391781
6.23344884708 -2 3.70157151298 -3.70312747898 -0.485100825754 -1.42027653916
6.23376232581 -2 3.70143529703 -3.70357558064 -0.485088191701 -1.4202319807
6.23892247809 -2 3.69918291706 -3.71094800469 -0.484878945052 -1.41949546756
6.24305623965 -2 3.69736476013 -3.71684886057 -0.484709580196 -1.41890131796
6.24486736972 -2 3.69656430345 -3.71943275486 -0.484634888847 -1.41863984386
6.24487001667 -2 3.69656313187 -3.71943653054 -0.48463477947 -1.4186394612
6.24569895076 -2 3.69619598449 -3.72061885212 -0.484600494822 -1.41851955145
6.24612654866 -2 3.69600640204 -3.72122866841 -0.48458278509 -1.41845763931
6.25118501644 -2 3.69375368486 -3.7284389697 -0.484372023572 -1.41772223471
6.25788851175 -2 3.69074006696 -3.73798315967 -0.484089153239 -1.41673919013
6.26554065406 -2 3.68726052786 -3.74886252921 -0.483761280543 -1.41560520896
6.26779558358 -2 3.68622715597 -3.75206526649 -0.483663652078 -1.41526864404
6.26934222929 -2 3.68551625925 -3.75426116156 -0.48359642305 -1.41503716303
6.26952015547 -2 3.68543436746 -3.75451373303 -0.483588675132 -1.41501050042
6.27911709316 -2 3.68098361424 -3.76812317615 -0.48316652409 -1.41356228514
6.28639589414 -2 3.67756381603 -3.77842708382 -0.482840783937 -1.41245066782
6.28681671126 -2 3.67736493964 -3.77902230847 -0.482821804923 -1.41238605204
6.28754081438 -2 3.67702243375 -3.7800463907 -0.482789110073 -1.41227477797
6.28934624286 -2 3.67616681274 -3.78259907483 -0.482707384303 -1.41199684351
6.29601333221 -2 3.67298688139 -3.79201701708 -0.482403030629 -1.41096440826
6.29990406872 -2 3.67111640048 -3.79750675392 -0.482223558713 -1.41035748619
6.3031524771 -2 3.66954638875 -3.80208657248 -0.482072666492 -1.4098482664
6.30587663264 -2 3.6682239121 -3.80592471442 -0.481945390013 -1.40941947758
6.30596495124 -2 3.66818094746 -3.80604910994 -0.481941252398 -1.40940554928
6.30848480767 -2 3.66695274309 -3.80959725357 -0.481822902848 -1.40900744782
6.3106029973 -2 3.66591678573 -3.81257826179 -0.481722973648 -1.40867174684
6.31132601563 -2 3.66556243622 -3.81359546549 -0.481688771053 -1.40855693833
6.31916897679 -2 3.66169448308 -3.82461882213 -0.481314716764 -1.40730432059
6.32293684492 -2 3.65982054674 -3.82990750749 -0.481133035813 -1.40669783792
6.32989445581 -2 3.65633339249 -3.83966114865 -0.480794172768 -1.40556989865
6.33023787614 -2 3.65616036944 -3.84014216297 -0.480777333365 -1.40551395496
6.3317075562 -2 3.65541895352 -3.84220023774 -0.480705147906 -1.40527425509
6.3498776218 -2 3.64612442034 -3.86758449809 -0.479796547559 -1.40227237851
6.3500290213 -2 3.64604597849 -3.86779553367 -0.479788851231 -1.40224706731
6.35166409627 -2 3.64519777778 -3.87007415563 -0.479705600684 -1.40197339867
6.35194187745 -2 3.64505348698 -3.87046117593 -0.479691433287 -1.40192684822
6.35260926602 -2 3.64470659172 -3.87139090918 -0.479657366581 -1.40181493963
6.36463197894 -2 3.63840262395 -3.88811283441 -0.479036764466 -1.39978253801
6.36618837031 -2 3.63757895765 -3.89027380914 -0.478955468334 -1.39951716076
6.36741271145 -2 3.63692979471 -3.89197313807 -0.478891362335 -1.3993080344
6.3677707619 -2 3.63673974783 -3.89246999383 -0.478872589316 -1.39924681581
6.36789590484 -2 3.63667330245 -3.89264364002 -0.478866025184 -1.39922541267
6.36908796812 -2 3.63603980546 -3.89429744404 -0.478803426728 -1.39902136567
6.3742712147 -2 3.63327341083 -3.90148242824 -0.478529744866 -1.39813058686
6.37530880747 -2 3.63271731043 -3.90291956085 -0.478474666538 -1.3979515744
6.37639557571 -2 3.63213402529 -3.90442438344 -0.478416873346 -1.39776382941
6.37693436934 -2 3.63184453199 -3.90517027834 -0.478388181227 -1.3976706557
6.37818721345 -2 3.63117057407 -3.90690427914 -0.478321362527 -1.39745375955
6.37843052443 -2 3.63103955606 -3.90724096734 -0.478308369398 -1.39741159764
6.38766118506 -2 3.62603763396 -3.91999800214 -0.477811481824 -1.39580266133
6.38817933095 -2 3.62575504683 -3.92071315606 -0.477783361345 -1.39571180315
6.38855446163 -2 3.62555033724 -3.92123085525 -0.477762987329 -1.39564598698
6.3952027674 -2 3.62190558043 -3.93039707975 -0.477399792615 -1.39447452615
6.42208362317 -2 3.60684540157 -3.96728563944 -0.475890507843 -1.38964101544
6.4255975544 -2 3.60483837947 -3.97208684753 -0.475688376426 -1.38899767413
6.43405028267 -2 3.59997423086 -3.98361580158 -0.475197573112 -1.38743923816
6.43945655421 -2 3.59683630967 -3.99097439891 -0.4748802696 -1.38643441725
6.44300691686 -2 3.59476419986 -3.99580036361 -0.474670453378 -1.38577111762
6.44623856772 -2 3.59287024493 -4.00018858672 -0.474478480135 -1.38516500316
6.45175280301 -2 3.58962126531 -4.00766628957 -0.474148729311 -1.38412558751
6.46012105999 -2 3.58464907537 -4.01898989185 -0.473643050246 -1.38253569699
6.46041226336 -2 3.58447514693 -4.01938340404 -0.473625339207 -1.38248009973
6.46107913661 -2 3.58407661148 -4.02028443493 -0.473584750945 -1.3823527099
6.46359058014 -2 3.58257286868 -4.02367601676 -0.473431534342 -1.38187210107
6.47316036712 -2 3.57680149577 -4.03657476634 -0.472842473919 -1.38002831331
6.48312715675 -2 3.57072099181 -4.0499663852 -0.472220163404 -1.37808708313
6.48322635952 -2 3.57066011317 -4.05009945755 -0.472213924145 -1.37806765397
6.48377205401 -2 3.57032510608 -4.05083138422 -0.472179587308 -1.37796074019
6.48776101721 -2 3.56786977145 -4.05617768596 -0.471927770333 -1.3771772664
6.48792981051 -2 3.5677656227 -4.05640375969 -0.471917082914 -1.37714403813
6.48898302856 -2 3.56711530621 -4.05781410403 -0.471850338468 -1.37693656546
6.4904806887 -2 3.56618919942 -4.05981874257 -0.471755255964 -1.37664113137
6.49448109291 -2 3.56370760619 -4.06516842898 -0.471500285349 -1.37584962979
6.49572568673 -2 3.56293320575 -4.06683134529 -0.471420664199 -1.37560267773
6.49836459073 -2 3.56128758512 -4.07035491085 -0.471251380169 -1.37507796415
6.49907095241 -2 3.56084625308 -4.07129753928 -0.471205960564 -1.37493725856
6.49941227932 -2 3.56063286549 -4.07175295384 -0.471183996794 -1.37486922855
6.50373950394 -2 3.5579203894 -4.07752196687 -0.470904633356 -1.37400459381
6.50631841937 -2 3.55629745667 -4.08095610256 -0.470737333778 -1.37348737706
6.5078687967 -2 3.55531950346 -4.08301915457 -0.47063646784 -1.37317575081
6.50948590023 -2 3.55429763003 -4.08516982477 -0.470531028937 -1.37285016141
6.5119124018 -2 3.55276077924 -4.08839470251 -0.470372371317 -1.37236055109
6.5139667296 -2 3.55145635999 -4.0911228323 -0.470237631781 -1.37194504606
6.52021247361 -2 3.5474720354 -4.09940512204 -0.469825638766 -1.37067621358
6.52499116253 -2 3.54440477089 -4.10572971511 -0.469508033871 -1.36969974662
6.52514778914 -2 3.54430396206 -4.10593682919 -0.469497589047 -1.3696676587
6.53316897791 -2 3.53911790996 -4.11652811782 -0.468959718041 -1.36801730793
6.53473369442 -2 3.53810089925 -4.11859063615 -0.468854115119 -1.3676937552
6.53835171933 -2 3.53574262074 -4.1233552333 -0.468609085461 -1.36694360076
6.54440740527 -2 3.53177454745 -4.13131594999 -0.468196314553 -1.36568172259
6.54646376477 -2 3.53042114095 -4.13401518693 -0.468055392878 -1.36525142529
6.54845004708 -2 3.52911099365 -4.13662049245 -0.46791891014 -1.36483492773
6.5493739593 -2 3.52850062485 -4.13783168797 -0.467855303981 -1.36464090602
6.5507556313 -2 3.5275867085 -4.13964220465 -0.467760039457 -1.36435041191
6.557600336 -2 3.5230391677 -4.14859760957 -0.467285557323 -1.36290526571
6.56088252745 -2 3.52084667768 -4.15288375967 -0.467056527981 -1.36220870859
6.56192520259 -2 3.52014856908 -4.15424425467 -0.466983566641 -1.3619869435
6.56279936449 -2 3.51956268948 -4.15538445655 -0.466922321199 -1.36180083895
6.56387548744 -2 3.51884070451 -4.15678756318 -0.466846830993 -1.36157151209
6.56570483222 -2 3.51761148077 -4.15917144008 -0.466718261587 -1.36118109818
6.5660925968 -2 3.51735061725 -4.15967653441 -0.466690969934 -1.36109824999
6.56952583821 -2 3.51503627953 -4.16414533251 -0.466448737738 -1.36036330599
6.57480174726 -2 3.51146345288 -4.17100108379 -0.466074416563 -1.3592289631
6.58143411745 -2 3.5069439392 -4.17959955451 -0.465600280993 -1.3577944765
6.60556513291 -2 3.49023644591 -4.21069361001 -0.4638416015 -1.35249540161
6.60574611026 -2 3.49010958096 -4.21092566479 -0.463828212646 -1.35245518625
6.60868355736 -2 3.48804718314 -4.2146897409 -0.463610483297 -1.3518014641
6.61590503855 -2 3.48295091874 -4.22392403713 -0.463071892529 -1.35018644563
6.61689610231 -2 3.48224863 -4.22518917498 -0.462997608871 -1.34996392743
6.62587074718 -2 3.47585730877 -4.23662179232 -0.462320880177 -1.34793927453
6.62595358178 -2 3.47579805203 -4.23672711209 -0.462314600117 -1.34792050656
6.63150667197 -2 3.47181449779 -4.24377910977 -0.461892179128 -1.34665896606
6.63269193406 -2 3.47096141262 -4.24528213656 -0.461801655312 -1.34638884105
6.63538836305 -2 3.46901696949 -4.24869862049 -0.461595243134 -1.34577318997
6.63932189522 -2 3.46617120052 -4.25367544353 -0.461292950113 -1.3448722761
6.63940881657 -2 3.46610819242 -4.25378532335 -0.461286254367 -1.34485233052
6.64299465995 -2 3.46350420497 -4.25831467578 -0.461009432748 -1.3440280808
6.65303694393 -2 3.45616325882 -4.2709614901 -0.460227989605 -1.34170501285
6.6583641203 -2 3.45224014524 -4.27764751339 -0.459809748171 -1.34046387397
6.6672444789 -2 3.44565580722 -4.28875759375 -0.459106832804 -1.33838132924
6.66900694294 -2 3.44434241085 -4.29095727907 -0.45896647786 -1.33796599301
6.66979403023 -2 3.44375516202 -4.29193905187 -0.458903706839 -1.33778029478
6.67152151505 -2 3.44246474723 -4.29409259236 -0.458765741544 -1.33737226026
6.67879166723 -2 3.43701095366 -4.30313711467 -0.458182151359 -1.33564800034
6.68724500863 -2 3.43062275287 -4.31361535434 -0.457497568323 -1.3336288211
6.71370994099 -2 3.41029814761 -4.34614938173 -0.455312514294 -1.32720792263
6.71451275423 -2 3.4096739125 -4.34712981105 -0.455245239934 -1.32701078918
6.72014923559 -2 3.40527848188 -4.35400242595 -0.454771269837 -1.32562282693
6.73227722003 -2 3.39574534796 -4.36872508292 -0.453741679941 -1.32261317298
6.74148487148 -2 3.38843895069 -4.3798426707 -0.452951116614 -1.32030708295
6.74355245008 -2 3.38679014572 -4.38233195003 -0.452772540455 -1.31978674174
6.75749776584 -2 3.37559134687 -4.3990521779 -0.451557980799 -1.31625313747
6.76158874534 -2 3.37228032879 -4.40393412055 -0.451198339603 -1.31520858407
6.77276218112 -2 3.36317770452 -4.41721396226 -0.45020835477 -1.31233730789
6.78207100077 -2 3.35552774 -4.428216899 -0.449374948446 -1.3099246716
6.78537798974 -2 3.35279555633 -4.43211232164 -0.449076989823 -1.30906308518
6.7884489056 -2 3.35025160674 -4.43572333743 -0.448799414846 -1.30826089649
6.7918130706 -2 3.34745721021 -4.43967216056 -0.448494353743 -1.30737977532
6.79403324329 -2 3.34560875055 -4.44227414648 -0.44829246825 -1.30679694737
6.79405025138 -2 3.34559457684 -4.44229406713 -0.448290919943 -1.30679247841
6.80072668199 -2 3.34001526214 -4.45009921063 -0.447681117878 -1.30503340126
6.8024737559 -2 3.33855017588 -4.45213682262 -0.447520880123 -1.30457150616
6.80678666615 -2 3.33492433641 -4.45715837062 -0.447124126608 -1.3034284374
6.81519637841 -2 3.32781728781 -4.46691448242 -0.446345657274 -1.30118806272
6.81799580415 -2 3.3254406354 -4.470151672 -0.44608510011 -1.30043890998
6.8198919147 -2 3.32382779973 -4.47234131851 -0.445908216243 -1.29993053487
6.82260440643 -2 3.32151622781 -4.47546954852 -0.445654608232 -1.29920193078
6.82428607785 -2 3.3200805626 -4.47740648972 -0.445497043682 -1.29874942081
6.82844392566 -2 3.31652256747 -4.48218731904 -0.445106374365 -1.29762800005
6.82972236806 -2 3.31542616663 -4.48365497273 -0.444985937994 -1.29728244114
6.8329208137 -2 3.31267821704 -4.48732195596 -0.444683978577 -1.29641637063
6.84026913206 -2 3.30633817229 -4.49572044482 -0.44398672954 -1.29441826393
6.84275304913 -2 3.30418666134 -4.49855103068 -0.443749936403 -1.29374022541
6.84919215793 -2 3.29858947466 -4.5058691525 -0.443133492251 -1.29197634965
6.85704103209 -2 3.29172827885 -4.51475090679 -0.442377009392 -1.289814227
6.86110755829 -2 3.28815682338 -4.51933580561 -0.441982880214 -1.2886888105
6.86489917555 -2 3.28481658059 -4.52360039234 -0.441614046779 -1.28763626926
6.86644220109 -2 3.28345442095 -4.52533302578 -0.441463574838 -1.28720704437
6.86647766532 -2 3.28342309446 -4.52537282832 -0.441460113923 -1.28719717322
6.88052491402 -2 3.27094700313 -4.54106904036 -0.440080304731 -1.28326596345
6.89421771303 -2 3.25865577708 -4.55623476463 -0.438718120253 -1.27939307536
6.89424042035 -2 3.25863528769 -4.55625980341 -0.438715847192 -1.27938661928
6.89777255764 -2 3.25544386625 -4.56015009789 -0.438361702843 -1.27838102108
6.89793720091 -2 3.25529489716 -4.56033121735 -0.43834516759 -1.2783340817
6.89945613216 -2 3.2539196975 -4.5620012315 -0.438192504384 -1.27790076312
6.9000630918 -2 3.25336973263 -4.56266809895 -0.438131442299 -1.27772747168
6.90517782667 -2 3.24872530993 -4.56827711117 -0.437615559037 -1.27626402812
6.90548462668 -2 3.24844615436 -4.56861295874 -0.43758453924 -1.27617606658
6.91078028133 -2 3.24361756972 -4.57439924872 -0.437047765762 -1.2746545757
6.91402230105 -2 3.24065207573 -4.57793157965 -0.436717898248 -1.27372013476
6.92174733281 -2 3.23355715399 -4.58631743064 -0.435928060834 -1.2714844476
6.9246316365 -2 3.23089772551 -4.58943724899 -0.435631773376 -1.27064641377
6.92528256328 -2 3.23029676762 -4.5901404803 -0.435564803367 -1.27045703951
6.92695298082 -2 3.22875326581 -4.59194369448 -0.435392768476 -1.26997064733
6.9281602142 -2 3.22763657821 -4.59324562115 -0.435268279297 -1.26961875129
6.93157510598 -2 3.22447246281 -4.59692254211 -0.434915423325 -1.2686216472
6.94036610217 -2 3.21629070771 -4.6063483062 -0.434002205534 -1.26604324397
6.95201177186 -2 3.20537165381 -4.61874605017 -0.432781669447 -1.26260195339
6.96163076176 -2 3.19628381928 -4.62890925607 -0.431764283849 -1.25973753546
6.96957444459 -2 3.18873181094 -4.63724944487 -0.430917778526 -1.25735699108
6.97142563663 -2 3.18696579822 -4.63918612332 -0.430719688666 -1.256800279
6.97245771607 -2 3.18598020837 -4.64026472507 -0.430609114617 -1.25648957982
6.97410626681 -2 3.18440443178 -4.64198589397 -0.430432293581 -1.25599282139
6.97802365513 -2 3.18065265474 -4.64606747715 -0.430011133637 -1.25481004702
6.97833762583 -2 3.18035151168 -4.64639409725 -0.429977318396 -1.2547151071
6.98263759154 -2 3.17622057332 -4.65085966114 -0.429513305963 -1.25341272863
6.98568928457 -2 3.17328132051 -4.6540202214 -0.429182980133 -1.25248601423
6.98884806252 -2 3.17023235896 -4.65728409482 -0.428840175168 -1.25152467015
6.99174352403 -2 3.16743169324 -4.6602690906 -0.428525153101 -1.25064157759
6.99493662133 -2 3.16433663468 -4.66355336533 -0.428176868766 -1.24966561648
7.00112551301 -2 3.15831836324 -4.66989632477 -0.427499192753 -1.24776775124
7.01178475288 -2 3.14789307648 -4.68075048563 -0.426323890928 -1.24447969875
7.01285600757 -2 3.14684114786 -4.68183637853 -0.42620520422 -1.24414789691
7.01431581578 -2 3.14540644586 -4.68331467355 -0.426043301567 -1.24369535004
7.01661842449 -2 3.1431405561 -4.68564301276 -0.425787534504 -1.24298059911
7.01800082379 -2 3.14177850752 -4.68703884048 -0.425633751058 -1.24255094148
7.02054276595 -2 3.13927067058 -4.68960151436 -0.425350524088 -1.24175981786
7.0206157438 -2 3.13919860847 -4.68967501157 -0.42534238415 -1.24173708458
7.0238620703 -2 3.13598943879 -4.69294015229 -0.42497980172 -1.24072466383
7.02597598529 -2 3.13389595778 -4.69506180246 -0.424743185562 -1.24006418508
7.02766528773 -2 3.13222085326 -4.69675472111 -0.424553806637 -1.23953568237
7.02949451947 -2 3.13040486107 -4.69858529514 -0.424348449658 -1.23896270982
7.03275342221 -2 3.12716404961 -4.7018399478 -0.42398184152 -1.23794013533
7.04597514507 -2 3.11394361013 -4.71495674935 -0.422484610145 -1.23376799164
7.05104131143 -2 3.10884732729 -4.71994523231 -0.421906722804 -1.232159382
7.05512642327 -2 3.10472560349 -4.72395249663 -0.42143905036 -1.23085825411
7.05592439848 -2 3.10391919276 -4.72473367633 -0.421347520071 -1.23060367584
7.0849261335 -2 3.07432694784 -4.7527696464 -0.417981813251 -1.22125824533
7.08838164437 -2 3.07076433817 -4.75606360257 -0.417575718392 -1.22013268327
7.09287836759 -2 3.06611656925 -4.76033513979 -0.417045640829 -1.21866411965
7.09697771011 -2 3.06186803561 -4.76421442042 -0.416560811954 -1.21732154285
7.10786721559 -2 3.05052907497 -4.7744505996 -0.415265523695 -1.21373755417
7.12498301129 -2 3.03255123168 -4.79033610229 -0.413207934062 -1.20805276954
7.12738085499 -2 3.03001747225 -4.7925415924 -0.412917557533 -1.20725132255
7.12948636992 -2 3.02778954834 -4.79447413234 -0.412662152579 -1.2065465622
7.1342361113 -2 3.02275316014 -4.79881965495 -0.412084521732 -1.20495321961
7.16310456812 -2 2.99183032428 -4.82481032974 -0.408529813528 -1.19516460845
7.16374315269 -2 2.99114025535 -4.82537702087 -0.408450328796 -1.19494605191
7.1650183229 -2 2.98976149766 -4.82650755548 -0.408291497687 -1.19450936037
7.16586290143 -2 2.98884773845 -4.82725554986 -0.408186218668 -1.19421993551
7.16899227057 -2 2.98545806682 -4.83002156985 -0.407795571406 -1.19314620774
7.17895278612 -2 2.97462745471 -4.83876793512 -0.406546273324 -1.18971459365
7.18257678182 -2 2.97067121491 -4.84192833677 -0.406089505343 -1.18846075085
7.18425053022 -2 2.9688412008 -4.84338402658 -0.405878144971 -1.18788070733
7.18979974702 -2 2.96276116921 -4.84819240042 -0.405175577675 -1.18595329323
7.19841262055 -2 2.95328576482 -4.85560081979 -0.404079610649 -1.18294865119
7.19968421473 -2 2.95188285046 -4.8566889453 -0.403917234532 -1.18250369698
7.20430630742 -2 2.94677481812 -4.86063188077 -0.40332578384 -1.18088341032
7.21192249722 -2 2.93832850141 -4.86708686642 -0.402346984829 -1.17820350517
7.22279502504 -2 2.92620766351 -4.87621047836 -0.400940597511 -1.17435616285
7.22448686491 -2 2.92431490351 -4.87762048758 -0.400720791912 -1.17375520262
7.22808302073 -2 2.92028571372 -4.88060889259 -0.400252714912 -1.17247576201
7.24226428953 -2 2.90431794963 -4.89227780407 -0.398395465233 -1.16740322065
7.24402871374 -2 2.90232247098 -4.89371667749 -0.398163114047 -1.16676907085
7.24832257499 -2 2.89745822197 -4.89720625046 -0.397596492295 -1.16522301959
7.24980366819 -2 2.89577772268 -4.89840595514 -0.397400658797 -1.16468881555
7.25324548811 -2 2.89186725023 -4.90118600865 -0.396944806692 -1.1634455889
7.26314045773 -2 2.88058400291 -4.90911701404 -0.395628293825 -1.1598572066
7.26771712926 -2 2.87534471538 -4.91275436146 -0.39501637595 -1.15819036281
7.26900258708 -2 2.87387081905 -4.91377245857 -0.394844164435 -1.15772138257
7.27823632267 -2 2.8632535286 -4.92104003415 -0.393602733819 -1.15434213897
7.28444666613 -2 2.85608312292 -4.92588277636 -0.392763442458 -1.15205903658
7.28505956767 -2 2.85537418765 -4.92635873109 -0.392680423146 -1.15183326619
7.28698870759 -2 2.8531412715 -4.92785450079 -0.392418893529 -1.15112211427
7.28756829495 -2 2.8524699721 -4.92830319802 -0.392340254227 -1.15090830059
7.29417405379 -2 2.8448043946 -4.9333946217 -0.391441826483 -1.14846628417
7.30485268007 -2 2.83235607011 -4.94153730623 -0.38998110748 -1.14449874905
7.30500456761 -2 2.83217850936 -4.94165233761 -0.389960256476 -1.14444213976
7.30888828898 -2 2.82763355841 -4.94458614683 -0.389426392835 -1.14299296976
7.31329003495 -2 2.82247129108 -4.94789377391 -0.388819669899 -1.14134657982
7.31410329933 -2 2.82151622443 -4.94850285048 -0.388707380116 -1.14104193726
7.31437554823 -2 2.82119641597 -4.94870660312 -0.388669776541 -1.14093992312
7.31453490728 -2 2.82100919738 -4.94882583524 -0.388647762431 -1.14088020244
7.3191873953 -2 2.8155365576 -4.95229603156 -0.38800404715 -1.1391342478
7.33754145602 -2 2.7938192646 -4.96578165496 -0.385445479277 -1.13220102
7.33805999491 -2 2.7932027564 -4.96615789601 -0.385372751698 -1.1320040894
7.34329615447 -2 2.7869682529 -4.96994244119 -0.384636991278 -1.13001225927
7.35272292251 -2 2.77570267561 -4.97668820888 -0.383306130301 -1.12641145181
7.35931612807 -2 2.76779178401 -4.98135441657 -0.382370528116 -1.12388163395
7.36612292044 -2 2.75959741624 -4.98612681442 -0.381400488887 -1.12126004775
7.37711236308 -2 2.74630962561 -4.9937349317 -0.379825526611 -1.1170064997
7.37870311364 -2 2.74438025063 -4.99482628521 -0.37959664096 -1.11638863407
7.37931818754 -2 2.74363384395 -4.99524758853 -0.379508079449 -1.11614958637
7.38275282967 -2 2.7394617122 -4.99759326201 -0.379012912431 -1.11481322028
7.38322497519 -2 2.73888764212 -4.99791479171 -0.37894476046 -1.11462931727
7.38590184951 -2 2.73563040817 -4.99973352637 -0.378557984798 -1.11358575448
7.38725499795 -2 2.73398228164 -5.00065016407 -0.378362224554 -1.11305765118
7.39223936979 -2 2.72790203976 -5.00401082473 -0.377639704819 -1.11110896418
7.39423201584 -2 2.72546719664 -5.00534737847 -0.377350227528 -1.11032842446
7.39622707893 -2 2.72302706177 -5.00668156062 -0.377060039029 -1.10954608187
7.39739083758 -2 2.72160260452 -5.00745796818 -0.376890600118 -1.10908933082
7.39784018508 -2 2.72105238398 -5.00775738835 -0.376825143994 -1.10891289328
7.40039201055 -2 2.71792545796 -5.00945393102 -0.376453074812 -1.10791008785
7.40105215426 -2 2.71711591705 -5.00989175051 -0.37635672652 -1.10765043924
7.40615804978 -2 2.71084588369 -5.01326323796 -0.375610186121 -1.10563901352
7.40663441582 -2 2.71026012871 -5.013576447 -0.375540415595 -1.10545106687
7.40912446236 -2 2.70719612878 -5.01520991289 -0.37517537884 -1.10446784285
7.41836429901 -2 2.69579490001 -5.0212163714 -0.373815928486 -1.10080772254
7.41838729768 -2 2.69576645943 -5.02123121391 -0.373812535067 -1.10079858929
7.4200550677 -2 2.69370324411 -5.02230609982 -0.373566330476 -1.10013597992
7.42213665668 -2 2.69112582118 -5.0236437268 -0.373258682614 -1.09930811937
7.43258167383 -2 2.67815486316 -5.03028902322 -0.371709042352 -1.09513999341
7.43381935783 -2 2.67661368316 -5.0310690756 -0.371524763039 -1.09464453471
7.44374342902 -2 2.66422415324 -5.03726698342 -0.370042150264 -1.09065989877
7.44942830809 -2 2.65710143955 -5.04077179149 -0.369188838066 -1.08836780182
7.46078038198 -2 2.64282276154 -5.04767072893 -0.367476114589 -1.08376992638
7.46136555271 -2 2.64208473608 -5.0480227382 -0.367387511864 -1.08353216585
7.4670899208 -2 2.63485479333 -5.05144749512 -0.366519130769 -1.08120241312
7.47595429696 -2 2.62362222971 -5.05668361084 -0.365168560444 -1.07758079709
7.47827012672 -2 2.62068036912 -5.05803805693 -0.364814550345 -1.07663185911
7.48462116993 -2 2.61259691112 -5.06172378773 -0.363841204692 -1.07402352275
7.48630607531 -2 2.61044858283 -5.0626945095 -0.363582367321 -1.07333008497
7.48736153645 -2 2.60910200865 -5.06330107456 -0.363420095089 -1.07289538933
7.4882033622 -2 2.60802754418 -5.06378402746 -0.363290596015 -1.07254850836
7.49271643516 -2 2.60226048475 -5.06636047775 -0.362595250731 -1.07068626033
7.49592648711 -2 2.59815153551 -5.06818002111 -0.36209954448 -1.06935901552
7.49787544055 -2 2.59565400516 -5.06927944782 -0.361798125923 -1.06855210912
7.51156011174 -2 2.57805766656 -5.0768862063 -0.359672017905 -1.06286335518
7.51413081018 -2 2.57474050585 -5.07829303984 -0.359270732078 -1.06179021241
7.51983271863 -2 2.56736981816 -5.0813884091 -0.358378529705 -1.05940486452
7.52698412744 -2 2.55809994973 -5.08522175504 -0.357255357436 -1.05640323857
7.53527407895 -2 2.54731894956 -5.0895970765 -0.35594757644 -1.0529099631
7.5427626754 -2 2.53754763296 -5.09348619203 -0.35476086528 -1.04974165327
7.54921874546 -2 2.52909894091 -5.09679072667 -0.35373370298 -1.04700050185
7.55322727476 -2 2.52384176103 -5.09881990489 -0.353094046447 -1.04529402602
7.55526000019 -2 2.52117250171 -5.09984227826 -0.35276912078 -1.04442735059
7.55724706789 -2 2.51856102618 -5.10083737512 -0.352451131858 -1.04357928234
7.55771277578 -2 2.51794866593 -5.10106997827 -0.352376553281 -1.04338039816
7.56035924129 -2 2.51446658802 -5.10238733312 -0.351952374865 -1.04224931821
7.56496291535 -2 2.50840027494 -5.10466088171 -0.351212982239 -1.04027815004
7.57023522877 -2 2.50143881072 -5.10723641405 -0.350363843286 -1.03801508566
7.57163524946 -2 2.49958772922 -5.10791525431 -0.35013793843 -1.0374131418
7.58713840563 -2 2.47901933205 -5.11528970532 -0.347624516101 -1.03071930619
7.59057648646 -2 2.47444051984 -5.1168895542 -0.347064175794 -1.02922783011
7.59872573618 -2 2.46356226062 -5.12062991761 -0.345731732763 -1.02568243769
7.60048763999 -2 2.46120569475 -5.12142901532 -0.345442862334 -1.02491402909
7.6506433181 -2 2.39343839913 -5.14273638695 -0.337101803909 -1.00275972835
7.65393081632 -2 2.38895092304 -5.144035143 -0.336547129915 -1.00128869923
7.66523595056 -2 2.37347701779 -5.14840872889 -0.334632235939 -0.996212333998
7.66598876661 -2 2.37244428308 -5.14869486361 -0.334504311092 -0.995873318832
7.66600825569 -2 2.37241754357 -5.14870226266 -0.334500998662 -0.995864540709
7.6769324914 -2 2.35739884592 -5.1527822334 -0.332638867671 -0.990931264199
7.67968808274 -2 2.35360089696 -5.15379009443 -0.332167447032 -0.989682810125
7.68311680574 -2 2.34886984034 -5.15503215229 -0.331579908769 -0.988127103869
7.68712451575 -2 2.34333237629 -5.15646705987 -0.330891807701 -0.986305488207
7.69330803423 -2 2.33477277324 -5.15864522007 -0.329827280477 -0.983488125953
7.69435127354 -2 2.33332677006 -5.15900841925 -0.329647339779 -0.983011989334
7.69583099763 -2 2.33127483523 -5.15952145496 -0.329391944053 -0.982336238414
7.70913329715 -2 2.312779557 -5.16402144213 -0.327087109252 -0.97624027022
7.71134747308 -2 2.30969248384 -5.16475085148 -0.326701913117 -0.975221895606
7.71525511542 -2 2.30423841882 -5.1660244462 -0.32602102502 -0.973422064188
7.71935065164 -2 2.29851402597 -5.16734050358 -0.3253059138 -0.971532163161
7.72245603915 -2 2.29416808319 -5.16832556158 -0.324762677852 -0.970096763821
7.72793954334 -2 2.28648246123 -5.17003793038 -0.323801298274 -0.967557062631
7.74575777774 -2 2.26140749786 -5.17536299654 -0.320658575823 -0.959259816729
7.74945363755 -2 2.2561872066 -5.17642159143 -0.320003113272 -0.957530245075
7.75101429688 -2 2.25398084797 -5.17686385635 -0.319725958277 -0.956799012059
7.75950431552 -2 2.24195774691 -5.17922030395 -0.318214367365 -0.952811907357
7.76670968153 -2 2.23172689229 -5.1811544915 -0.316926381729 -0.949415935211
7.77034797168 -2 2.22655152946 -5.18210817879 -0.316274238383 -0.947696921736
7.77384565267 -2 2.22157026787 -5.18301045907 -0.315646168785 -0.946041657252
7.79106342014 -2 2.19696543554 -5.18724361511 -0.312538275366 -0.937855032471
7.79241134089 -2 2.19503334898 -5.18756035839 -0.31229383627 -0.937211436454
7.80614540294 -2 2.17529909856 -5.19066598106 -0.309793853573 -0.930631500691
7.8096304742 -2 2.17027759445 -5.19141872409 -0.309156757257 -0.928955359117
7.81773147617 -2 2.15858363881 -5.19311308744 -0.307671587246 -0.925049090382
7.82455088958 -2 2.14871645027 -5.19447926281 -0.306416767823 -0.921749849377
7.82672378244 -2 2.14556799382 -5.19490300481 -0.306016056094 -0.920696498442
7.82947002219 -2 2.14158571459 -5.19543055078 -0.305508999783 -0.919363753077
7.83602869053 -2 2.13206131061 -5.19665424918 -0.304295267576 -0.916174275759
7.84216915454 -2 2.12312668216 -5.19775359237 -0.303155397985 -0.913179779977
7.84722613235 -2 2.11575590057 -5.19862526024 -0.302214095764 -0.910707570363
7.84960635269 -2 2.11228267224 -5.19902499028 -0.301770242055 -0.909542044877
7.85010175427 -2 2.11155946318 -5.19910733779 -0.301677797127 -0.909299307669
7.85294563413 -2 2.10740573332 -5.1995743932 -0.301146682148 -0.907904839553
7.85678810439 -2 2.10178778362 -5.20019011302 -0.300427910416 -0.906017957953
7.86160519816 -2 2.0947356558 -5.20093708236 -0.299524937821 -0.903647989491
7.8661277653 -2 2.08810541531 -5.20161311263 -0.298675263001 -0.901418380355
7.87287999784 -2 2.07818973547 -5.20257682619 -0.297403245357 -0.898081362173
7.8752682741 -2 2.07467778078 -5.20290460064 -0.296952342499 -0.896898704043
7.87660951266 -2 2.07270440485 -5.2030856736 -0.296698892337 -0.896233993579
7.87865813628 -2 2.06968873962 -5.20335807575 -0.296311455254 -0.895217959681
7.88383715056 -2 2.06205689474 -5.20402422311 -0.295330302395 -0.89264535154
7.89117608587 -2 2.0512223639 -5.20491290546 -0.293935799273 -0.888989944988
7.89263566359 -2 2.04906482028 -5.20508191083 -0.293657877304 -0.888261570717
7.89514367604 -2 2.0453553545 -5.20536631438 -0.293179869795 -0.887008924434
7.89814720777 -2 2.04090945874 -5.20569692031 -0.292606670955 -0.885507005866
7.90666364219 -2 2.0282823839 -5.20657507887 -0.290976940446 -0.881237798471
7.95701925429 -2 1.95300350005 -5.20996774902 -0.281206563598 -0.855676005524
7.9584346553 -2 1.95087257185 -5.21001841925 -0.28092862027 -0.854949626799
7.96758803915 -2 1.93707250208 -5.21028683279 -0.279126785128 -0.850241733081
7.99725858025 -2 1.89211224779 -5.21044910616 -0.273234030187 -0.834857218905
8.02973086722 -2 1.84251786911 -5.20938074229 -0.266693499646 -0.817802825533
8.07853606121 -2 1.76724599135 -5.20530824738 -0.256683677533 -0.791743564545
8.08793049032 -2 1.75265967525 -5.20418249236 -0.254732157743 -0.786668627259
8.09738736462 -2 1.73794555051 -5.2029373684 -0.252759597388 -0.781540773094
8.09782866412 -2 1.73725817485 -5.20287652117 -0.252667351316 -0.781301014751
8.11681404156 -2 1.70762373121 -5.20002671727 -0.248682091627 -0.770946557311
8.15246765073 -2 1.65164977705 -5.19344583151 -0.241109798818 -0.75129176684
8.15416217476 -2 1.6489792952 -5.19309302207 -0.240747042889 -0.750350815222
8.15556673876 -2 1.64676508794 -5.19279782537 -0.240446163263 -0.74957040701
8.15853190818 -2 1.64208864389 -5.19216642326 -0.239810391056 -0.747921496097
8.17082501287 -2 1.62267158945 -5.18942974522 -0.237166094538 -0.741065198685
8.18245044333 -2 1.60426630441 -5.18666511015 -0.234652832263 -0.734551365196
8.18761397834 -2 1.59607828601 -5.18538205207 -0.233532621568 -0.7316488615
8.20150668825 -2 1.57400855568 -5.18176139058 -0.230506664886 -0.723811064073
8.24188416616 -2 1.50954894416 -5.16984030716 -0.221612910195 -0.700795657431
8.25041497794 -2 1.49587199318 -5.16705489245 -0.219714985151 -0.695888146592
8.25126069437 -2 1.49451503278 -5.16677367732 -0.21952647224 -0.695400778909
8.25919564998 -2 1.48177399226 -5.16409052664 -0.217754591654 -0.690820541976
8.2637794069 -2 1.4744063052 -5.16250377939 -0.216728438694 -0.688168518403
8.26884015193 -2 1.46626552606 -5.16072061349 -0.215593294656 -0.685235271779
8.27495191447 -2 1.45642519365 -5.1585233096 -0.214219312926 -0.681685499549
8.31315907874 -2 1.39469622394 -5.14369930259 -0.205553343837 -0.659312189307
8.31680376948 -2 1.3887891595 -5.14218710092 -0.204719768397 -0.657161521188
8.34110078331 -2 1.34933148476 -5.13166894003 -0.199132083094 -0.642751224901
8.36675251179 -2 1.30753117774 -5.11973844833 -0.193174857885 -0.627399588405
8.37695950615 -2 1.29085975807 -5.11475509624 -0.190787872467 -0.621251684394
8.3785093881 -2 1.28832641399 -5.11398663758 -0.190424595736 -0.620316194581
8.37937431276 -2 1.28691244793 -5.11355644448 -0.190221771571 -0.619793911876
8.43110491482 -2 1.20208104885 -5.08606970647 -0.177967841503 -0.588263733788
8.43644029193 -2 1.19330390963 -5.08303808442 -0.176690218623 -0.584979019748
8.43671604438 -2 1.19285014068 -5.0828803989 -0.176624116214 -0.584809086814
8.45290453888 -2 1.1661884884 -5.07345098148 -0.172731403942 -0.574804218036
8.45906659685 -2 1.15602859304 -5.06977272958 -0.171243431777 -0.570981101684
8.4778549138 -2 1.1250141206 -5.05825472013 -0.166685338966 -0.559273851014
8.49603483299 -2 1.09495419213 -5.0466755001 -0.162244426555 -0.547873380734
8.51401560083 -2 1.06517882497 -5.03480323317 -0.157822733968 -0.536527830904
8.51489092459 -2 1.06372825033 -5.03421462268 -0.157606734032 -0.535973740859
8.53371820394 -2 1.03250509561 -5.02131486757 -0.152944016978 -0.524015939324
8.55200220063 -2 1.00214365224 -5.00834971157 -0.148385137018 -0.512330178002
8.56099213703 -2 0.987202357953 -5.00181693348 -0.146132514353 -0.506558099721
8.60284115766 -2 0.917550336544 -4.97003681741 -0.135550044975 -0.479459578795
8.6131145729 -2 0.900430039644 -4.96189101008 -0.132927944367 -0.472749607364
8.65460503478 -2 0.831221501588 -4.92761617788 -0.122241060231 -0.445419447353
8.66600651164 -2 0.812188545499 -4.91781167261 -0.119277036798 -0.437844294715
8.66767006901 -2 0.809411097228 -4.91636724398 -0.118843580785 -0.43673668676
8.6691467053 -2 0.806945650396 -4.91508215482 -0.118458619006 -0.435753033184
8.67810826374 -2 0.791981625908 -4.9072233946 -0.116118090589 -0.42977327186
8.6813297631 -2 0.786601799587 -4.90437330129 -0.115274941513 -0.427619445051
8.68211818946 -2 0.785285105666 -4.90367375743 -0.115068447006 -0.427091979547
8.68943660965 -2 0.773062444406 -4.8971425756 -0.113149015112 -0.422189495419
8.68990608027 -2 0.772278331185 -4.89672127724 -0.113025719658 -0.421874611672
8.73021361144 -2 0.704947063898 -4.85950512742 -0.10236550101 -0.394662644332
8.73501694918 -2 0.696923213923 -4.85493275894 -0.10108534495 -0.391396552403
8.74365335499 -2 0.68249691046 -4.8466382128 -0.0987783697465 -0.385511625982
8.76012073755 -2 0.654993137843 -4.83056156841 -0.0943608570127 -0.374246115921
8.79960839492 -2 0.589075112562 -4.79062025791 -0.0836679597235 -0.346994432191
8.81960120897 -2 0.555728909638 -4.7696526601 -0.0782002655534 -0.333068793501
8.82439102839 -2 0.547743624169 -4.76455522949 -0.0768849589363 -0.329719756662
8.84134231798 -2 0.519496737495 -4.74628595787 -0.0722133760623 -0.317827774904
8.86694766824 -2 0.476874161805 -4.71801392682 -0.0651075133856 -0.299747379887
8.87427583753 -2 0.464687087963 -4.70977342452 -0.0630629150374 -0.294546858607
8.89010998134 -2 0.438373560813 -4.69174219349 -0.0586285049927 -0.283270507368
8.90568924817 -2 0.412511658445 -4.67370084975 -0.0542433239541 -0.272123005254
8.93585729179 -2 0.362521292842 -4.63792255526 -0.0456892966582 -0.250388221832
9.03428877761 -2 0.200452539174 -4.51356056885 -0.0172065312102 -0.178110438236
9.03705752612 -2 0.195921266283 -4.50989588099 -0.016392666594 -0.176047207815
9.08119011627 -2 0.123935768122 -4.4502721438 -0.00332635237747 -0.142937521761
9.08829433019 -2 0.112392827886 -4.44046282562 -0.00120653669536 -0.1375685438
9.18178262748 -2 -0.0381710601042 -4.30601805619 0.027114931958 -0.0659032216142
9.18482554825 -2 -0.0430259669208 -4.30147715895 0.0280500529821 -0.0635390018045
9.20904950957 -2 -0.0815611621016 -4.26496419116 0.0355242216976 -0.0446469402061
9.21124430627 -2 -0.0850424189931 -4.26162415794 0.0362040383857 -0.0429289974516
9.27665952329 -2 -0.187966458245 -4.15968780211 0.0566659314917 0.00874965477482
9.28696951484 -2 -0.204032548904 -4.14320613884 0.0599262347222 0.0169786590095
9.33144803412 -2 -0.272816686782 -4.0708344595 0.0741018623008 0.0527417820129
9.3345917181 -2 -0.277644657448 -4.06564234514 0.0751105531076 0.0552855828322
9.42728405269 -2 -0.417824365084 -3.90812137805 0.105254120115 0.131246107467
9.67736282143 -2 -0.770570983081 -3.44408110755 0.190459479127 0.345407417302
9.70157159752 -2 -0.802365547806 -3.39647130081 0.199008285044 0.366853745322
9.7976934225 -2 -0.92380637642 -3.20342002004 0.233475126385 0.453251793363
9.97980325532 -2 -1.13020675243 -2.82280936852 0.301068353976 0.622391520309
10.0335052493 -2 -1.18440294299 -2.70766710174 0.321573936687 0.673631472761
10.3314664317 -2 -1.41934626246 -2.05704045172 0.440089956664 0.969207474465
10.5187298595 -2 -1.50011193474 -1.65022996174 0.518687772319 1.16474953468
10.8992980915 -2 -1.46444491402 -0.883513990787 0.688199736997 1.58539581037
