1.68556 -2 0.138464 -1.87391
1.81017 -2 0.223004 -1.85807
1.82001 -2 0.229393 -1.85627
1.91011 -2 0.287218 -1.83901
2.06465 -2 0.385936 -1.81236
2.07875 -2 0.394991 -1.8103
2.10784 -2 0.413698 -1.80626
2.20399 -2 0.475848 -1.79483
2.21491 -2 0.482939 -1.79371
2.24788 -2 0.504374 -1.79053
2.29067 -2 0.532269 -1.78682
2.29976 -2 0.538205 -1.78609
2.31507 -2 0.548216 -1.7849
2.38723 -2 0.59554 -1.78007
2.39091 -2 0.59796 -1.77985
2.40415 -2 0.606671 -1.77911
2.41051 -2 0.610862 -1.77877
2.46597 -2 0.647466 -1.77617
2.46868 -2 0.64926 -1.77606
2.49834 -2 0.6689 -1.775
2.50903 -2 0.675989 -1.77467
2.51765 -2 0.68171 -1.77443
2.55948 -2 0.709516 -1.77353
2.56066 -2 0.710307 -1.77351
2.56593 -2 0.713815 -1.77343
2.57175 -2 0.717688 -1.77336
2.57892 -2 0.722465 -1.77328
2.61166 -2 0.744313 -1.77312
2.62204 -2 0.751245 -1.77314
2.6277 -2 0.755022 -1.77316
2.65265 -2 0.771704 -1.77341
2.66208 -2 0.778016 -1.77356
2.66994 -2 0.783278 -1.7737
2.70537 -2 0.807 -1.77465
2.70751 -2 0.808431 -1.77473
2.70958 -2 0.809822 -1.7748
2.73966 -2 0.829969 -1.77604
2.76055 -2 0.843954 -1.77713
2.76218 -2 0.84505 -1.77722
2.79791 -2 0.868947 -1.77955
2.80746 -2 0.875328 -1.78027
2.82982 -2 0.89025 -1.78212
2.84221 -2 0.898512 -1.78326
2.87771 -2 0.9221 -1.78692
2.88628 -2 0.927781 -1.78791
2.89161 -2 0.931308 -1.78853
2.89473 -2 0.933375 -1.78891
2.90138 -2 0.937773 -1.78973
2.91805 -2 0.948767 -1.79188
2.9199 -2 0.949983 -1.79213
2.93671 -2 0.961034 -1.79446
2.95692 -2 0.974263 -1.79748
2.95762 -2 0.97472 -1.79759
2.96125 -2 0.977087 -1.79815
2.96537 -2 0.979774 -1.7988
3.00369 -2 1.00461 -1.80532
3.01007 -2 1.00871 -1.80648
3.01311 -2 1.01067 -1.80705
3.01949 -2 1.01476 -1.80825
3.02973 -2 1.02131 -1.81022
3.03188 -2 1.02269 -1.81064
3.03601 -2 1.02532 -1.81146
3.03778 -2 1.02645 -1.81181
3.05153 -2 1.03518 -1.81462
3.06973 -2 1.04667 -1.8185
3.07393 -2 1.0493 -1.81943
3.07945 -2 1.05276 -1.82065
3.08152 -2 1.05406 -1.82112
3.0842 -2 1.05573 -1.82173
3.08961 -2 1.0591 -1.82296
3.09527 -2 1.06263 -1.82427
3.10622 -2 1.06941 -1.82686
3.1064 -2 1.06952 -1.8269
3.10647 -2 1.06956 -1.82692
3.12165 -2 1.0789 -1.83062
3.12704 -2 1.0822 -1.83197
3.13049 -2 1.08431 -1.83284
3.13078 -2 1.08448 -1.83291
3.13655 -2 1.08799 -1.83438
3.14358 -2 1.09226 -1.8362
3.14498 -2 1.0931 -1.83656
3.14757 -2 1.09467 -1.83725
3.15577 -2 1.09961 -1.83942
3.16862 -2 1.1073 -1.8429
3.17249 -2 1.1096 -1.84397
3.17562 -2 1.11146 -1.84484
3.18014 -2 1.11414 -1.8461
3.19422 -2 1.12243 -1.85012
3.1976 -2 1.12441 -1.85109
3.19771 -2 1.12448 -1.85113
3.1985 -2 1.12494 -1.85136
3.20163 -2 1.12676 -1.85227
3.20461 -2 1.1285 -1.85314
3.2139 -2 1.13388 -1.8559
3.21644 -2 1.13535 -1.85667
3.22471 -2 1.1401 -1.85917
3.24289 -2 1.15044 -1.86481
3.24416 -2 1.15116 -1.86521
3.24437 -2 1.15128 -1.86527
3.25317 -2 1.15622 -1.86807
3.25754 -2 1.15866 -1.86947
3.25956 -2 1.15979 -1.87013
3.26075 -2 1.16045 -1.87051
3.26096 -2 1.16057 -1.87058
3.26194 -2 1.16111 -1.8709
3.26827 -2 1.16462 -1.87296
3.2687 -2 1.16486 -1.87311
3.27175 -2 1.16654 -1.87411
3.27775 -2 1.16984 -1.87609
3.27836 -2 1.17017 -1.8763
3.27916 -2 1.17061 -1.87656
3.28524 -2 1.17393 -1.8786
3.28694 -2 1.17485 -1.87917
3.295 -2 1.17921 -1.88191
3.30829 -2 1.18633 -1.88648
3.32043 -2 1.19275 -1.89073
3.33068 -2 1.19811 -1.89438
3.34152 -2 1.20371 -1.89828
3.34641 -2 1.20622 -1.90007
3.34694 -2 1.20649 -1.90026
3.35062 -2 1.20837 -1.90161
3.36098 -2 1.2136 -1.90543
3.36244 -2 1.21434 -1.90597
3.363 -2 1.21462 -1.90618
3.36497 -2 1.2156 -1.90692
3.36798 -2 1.21711 -1.90804
3.36839 -2 1.21731 -1.90819
3.37577 -2 1.22097 -1.91097
3.3795 -2 1.22281 -1.91238
3.38618 -2 1.22608 -1.91492
3.38641 -2 1.22619 -1.91501
3.3964 -2 1.23103 -1.91885
3.40021 -2 1.23286 -1.92032
3.40513 -2 1.23521 -1.92223
3.41487 -2 1.23982 -1.92605
3.41704 -2 1.24084 -1.9269
3.42103 -2 1.2427 -1.92847
3.43058 -2 1.24712 -1.93227
3.43335 -2 1.24839 -1.93337
3.44707 -2 1.25462 -1.93889
3.4532 -2 1.25736 -1.94138
3.46826 -2 1.26398 -1.94754
3.47851 -2 1.2684 -1.95178
3.4834 -2 1.27049 -1.95381
3.49063 -2 1.27354 -1.95683
3.49148 -2 1.27389 -1.95718
3.49205 -2 1.27413 -1.95743
3.49648 -2 1.27598 -1.95928
3.49885 -2 1.27696 -1.96028
3.50152 -2 1.27807 -1.9614
3.50563 -2 1.27976 -1.96314
3.5088 -2 1.28105 -1.96448
3.51071 -2 1.28182 -1.96529
3.52352 -2 1.28696 -1.97074
3.52803 -2 1.28874 -1.97268
3.53307 -2 1.29071 -1.97483
3.53381 -2 1.291 -1.97515
3.53685 -2 1.29218 -1.97646
3.54267 -2 1.29443 -1.97897
3.55095 -2 1.29757 -1.98256
3.55399 -2 1.29871 -1.98387
3.55689 -2 1.29979 -1.98513
3.58479 -2 1.30989 -1.99734
3.58534 -2 1.31009 -1.99759
3.5858 -2 1.31025 -1.99779
3.58836 -2 1.31115 -1.99892
3.59514 -2 1.31349 -2.00191
3.5996 -2 1.31502 -2.00388
3.60169 -2 1.31573 -2.00481
3.60307 -2 1.3162 -2.00542
3.60486 -2 1.3168 -2.00621
3.60952 -2 1.31837 -2.00828
3.61505 -2 1.3202 -2.01073
3.6174 -2 1.32097 -2.01178
3.61825 -2 1.32125 -2.01216
3.61962 -2 1.32169 -2.01277
3.62049 -2 1.32198 -2.01316
3.62177 -2 1.32239 -2.01373
3.62633 -2 1.32386 -2.01576
3.62983 -2 1.32498 -2.01732
3.63185 -2 1.32562 -2.01823
3.6319 -2 1.32563 -2.01825
3.63326 -2 1.32606 -2.01886
3.63349 -2 1.32614 -2.01896
3.63828 -2 1.32764 -2.0211
3.64364 -2 1.32929 -2.0235
3.64638 -2 1.33013 -2.02473
3.65015 -2 1.33128 -2.02642
3.65298 -2 1.33213 -2.02769
3.66722 -2 1.33632 -2.03408
3.66872 -2 1.33676 -2.03476
3.66985 -2 1.33708 -2.03526
3.67054 -2 1.33728 -2.03558
3.67207 -2 1.33772 -2.03627
3.67217 -2 1.33775 -2.03631
3.67782 -2 1.33935 -2.03885
3.68247 -2 1.34064 -2.04094
3.69473 -2 1.34398 -2.04647
3.69959 -2 1.34528 -2.04866
3.70044 -2 1.3455 -2.04904
3.70243 -2 1.34602 -2.04994
3.70348 -2 1.3463 -2.05042
3.71898 -2 1.35025 -2.0574
3.72082 -2 1.35071 -2.05823
3.72272 -2 1.35118 -2.05909
3.72274 -2 1.35118 -2.0591
3.72596 -2 1.35197 -2.06055
3.72598 -2 1.35197 -2.06056
3.72944 -2 1.35281 -2.06212
3.73188 -2 1.3534 -2.06322
3.73228 -2 1.35349 -2.0634
3.73349 -2 1.35378 -2.06394
3.74161 -2 1.35568 -2.0676
3.74586 -2 1.35666 -2.06952
3.74867 -2 1.3573 -2.07078
3.7515 -2 1.35793 -2.07205
3.75176 -2 1.35799 -2.07217
3.75235 -2 1.35812 -2.07243
3.75566 -2 1.35885 -2.07392
3.76103 -2 1.36003 -2.07633
3.76187 -2 1.36021 -2.07671
3.76533 -2 1.36095 -2.07827
3.76764 -2 1.36144 -2.0793
3.77357 -2 1.36267 -2.08196
3.78043 -2 1.36407 -2.08504
3.78083 -2 1.36415 -2.08521
3.78158 -2 1.3643 -2.08555
3.78523 -2 1.36503 -2.08718
3.79414 -2 1.36676 -2.09116
3.79526 -2 1.36697 -2.09166
3.7959 -2 1.36709 -2.09195
3.80017 -2 1.36789 -2.09385
3.80465 -2 1.36871 -2.09584
3.80608 -2 1.36897 -2.09648
3.81119 -2 1.36989 -2.09875
3.81507 -2 1.37057 -2.10047
3.81614 -2 1.37076 -2.10095
3.82236 -2 1.37182 -2.1037
3.82387 -2 1.37207 -2.10437
3.83079 -2 1.37321 -2.10743
3.83802 -2 1.37436 -2.11061
3.83891 -2 1.3745 -2.111
3.84377 -2 1.37525 -2.11314
3.84402 -2 1.37529 -2.11325
3.84509 -2 1.37545 -2.11372
3.85627 -2 1.37709 -2.11861
3.85645 -2 1.37712 -2.11869
3.86077 -2 1.37773 -2.12058
3.86666 -2 1.37853 -2.12314
3.86811 -2 1.37873 -2.12377
3.87401 -2 1.3795 -2.12633
3.87765 -2 1.37997 -2.1279
3.87844 -2 1.38007 -2.12824
3.88116 -2 1.38041 -2.12942
3.8833 -2 1.38067 -2.13034
3.8871 -2 1.38113 -2.13198
3.89164 -2 1.38166 -2.13393
3.89676 -2 1.38225 -2.13612
3.9032 -2 1.38296 -2.13887
3.90601 -2 1.38325 -2.14007
3.91058 -2 1.38373 -2.14201
3.91263 -2 1.38393 -2.14288
3.91334 -2 1.38401 -2.14318
3.91445 -2 1.38412 -2.14365
3.91538 -2 1.38421 -2.14404
3.91877 -2 1.38454 -2.14548
3.91966 -2 1.38462 -2.14585
3.92084 -2 1.38473 -2.14635
3.92295 -2 1.38493 -2.14724
3.92443 -2 1.38507 -2.14786
3.92474 -2 1.3851 -2.14799
3.92598 -2 1.38521 -2.14851
3.93259 -2 1.38579 -2.15128
3.93532 -2 1.38602 -2.15243
3.93671 -2 1.38614 -2.15301
3.93845 -2 1.38628 -2.15373
3.94045 -2 1.38644 -2.15456
3.94069 -2 1.38646 -2.15466
3.94332 -2 1.38667 -2.15576
3.94491 -2 1.38679 -2.15642
3.94734 -2 1.38698 -2.15742
3.95577 -2 1.38759 -2.1609
3.95951 -2 1.38784 -2.16244
3.96306 -2 1.38807 -2.16389
3.96771 -2 1.38836 -2.16579
3.96884 -2 1.38843 -2.16625
3.97026 -2 1.38851 -2.16683
3.97796 -2 1.38894 -2.16996
3.97924 -2 1.38901 -2.17047
3.98409 -2 1.38926 -2.17242
3.9852 -2 1.38931 -2.17287
3.98905 -2 1.38949 -2.17442
3.99109 -2 1.38959 -2.17523
3.99321 -2 1.38968 -2.17608
3.99567 -2 1.38978 -2.17706
3.99589 -2 1.38979 -2.17715
3.99684 -2 1.38983 -2.17752
4.0015 -2 1.39001 -2.17938
4.00466 -2 1.39012 -2.18063
4.00527 -2 1.39014 -2.18087
4.00921 -2 1.39028 -2.18242
4.01037 -2 1.39031 -2.18287
4.01719 -2 1.39051 -2.18554
4.01938 -2 1.39056 -2.1864
4.02008 -2 1.39058 -2.18667
4.02081 -2 1.3906 -2.18695
4.02193 -2 1.39063 -2.18739
4.02473 -2 1.39069 -2.18848
4.02794 -2 1.39075 -2.18972
4.02825 -2 1.39076 -2.18984
4.0296 -2 1.39078 -2.19036
4.0367 -2 1.3909 -2.19309
4.04092 -2 1.39095 -2.1947
4.04256 -2 1.39097 -2.19532
4.04753 -2 1.39101 -2.19721
4.05455 -2 1.39103 -2.19985
4.05483 -2 1.39103 -2.19996
4.05622 -2 1.39104 -2.20048
4.06546 -2 1.39102 -2.20392
4.06585 -2 1.39101 -2.20407
4.06741 -2 1.39101 -2.20465
4.07092 -2 1.39098 -2.20595
4.07136 -2 1.39098 -2.20611
4.07407 -2 1.39095 -2.2071
4.0761 -2 1.39093 -2.20785
4.07851 -2 1.3909 -2.20873
4.07852 -2 1.3909 -2.20873
4.07882 -2 1.39089 -2.20884
4.07931 -2 1.39089 -2.20902
4.08062 -2 1.39087 -2.2095
4.08088 -2 1.39086 -2.2096
4.09863 -2 1.3905 -2.21599
4.10107 -2 1.39044 -2.21686
4.10294 -2 1.39039 -2.21752
4.10396 -2 1.39036 -2.21788
4.10566 -2 1.39031 -2.21848
4.10887 -2 1.39021 -2.21962
4.10892 -2 1.39021 -2.21963
4.11224 -2 1.3901 -2.2208
4.11403 -2 1.39004 -2.22143
4.12072 -2 1.38979 -2.22375
4.12413 -2 1.38965 -2.22493
4.12749 -2 1.38951 -2.22608
4.13485 -2 1.38918 -2.2286
4.14141 -2 1.38886 -2.23081
4.14189 -2 1.38884 -2.23097
4.14362 -2 1.38875 -2.23156
4.14429 -2 1.38871 -2.23178
4.14764 -2 1.38853 -2.2329
4.14868 -2 1.38848 -2.23324
4.15772 -2 1.38796 -2.23623
4.16179 -2 1.38771 -2.23756
4.1687 -2 1.38727 -2.2398
4.1735 -2 1.38695 -2.24135
4.174 -2 1.38691 -2.24151
4.18268 -2 1.38629 -2.24427
4.18499 -2 1.38612 -2.24499
4.18526 -2 1.3861 -2.24508
4.18892 -2 1.38583 -2.24623
4.18907 -2 1.38582 -2.24627
4.19037 -2 1.38571 -2.24668
4.1915 -2 1.38563 -2.24703
4.19177 -2 1.38561 -2.24711
4.19364 -2 1.38546 -2.24769
4.19832 -2 1.38508 -2.24914
4.20454 -2 1.38457 -2.25104
4.20597 -2 1.38445 -2.25147
4.21325 -2 1.38381 -2.25367
4.22126 -2 1.38308 -2.25605
4.22615 -2 1.38262 -2.25749
4.22652 -2 1.38259 -2.25759
4.22833 -2 1.38241 -2.25812
4.23075 -2 1.38218 -2.25883
4.23597 -2 1.38166 -2.26033
4.23873 -2 1.38139 -2.26112
4.2394 -2 1.38132 -2.26131
4.24173 -2 1.38108 -2.26198
4.24296 -2 1.38095 -2.26233
4.24312 -2 1.38094 -2.26237
4.24506 -2 1.38074 -2.26292
4.24593 -2 1.38065 -2.26316
4.2468 -2 1.38056 -2.26341
4.25575 -2 1.3796 -2.2659
4.26151 -2 1.37896 -2.26748
4.26253 -2 1.37885 -2.26776
4.26695 -2 1.37835 -2.26896
4.27081 -2 1.3779 -2.27
4.27135 -2 1.37784 -2.27014
4.27158 -2 1.37782 -2.2702
4.27167 -2 1.3778 -2.27023
4.2758 -2 1.37732 -2.27133
4.27957 -2 1.37687 -2.27232
4.27994 -2 1.37683 -2.27242
4.28205 -2 1.37658 -2.27297
4.28235 -2 1.37654 -2.27305
4.28368 -2 1.37638 -2.2734
4.28662 -2 1.37602 -2.27416
4.28788 -2 1.37587 -2.27448
4.28833 -2 1.37581 -2.2746
4.28878 -2 1.37576 -2.27472
4.29377 -2 1.37514 -2.27599
4.29396 -2 1.37511 -2.27604
4.29447 -2 1.37505 -2.27617
4.29674 -2 1.37476 -2.27674
4.29893 -2 1.37448 -2.2773
4.30115 -2 1.3742 -2.27785
4.30128 -2 1.37418 -2.27789
4.30674 -2 1.37348 -2.27924
4.3091 -2 1.37317 -2.27982
4.31275 -2 1.37268 -2.28072
4.31445 -2 1.37246 -2.28113
4.31627 -2 1.37221 -2.28157
4.31702 -2 1.37211 -2.28175
4.32431 -2 1.37112 -2.28349
4.32462 -2 1.37108 -2.28356
4.32593 -2 1.3709 -2.28387
4.32733 -2 1.37071 -2.2842
4.33213 -2 1.37004 -2.28532
4.33356 -2 1.36984 -2.28565
4.33458 -2 1.36969 -2.28589
4.3378 -2 1.36924 -2.28663
4.34009 -2 1.36891 -2.28715
4.34039 -2 1.36887 -2.28722
4.344 -2 1.36835 -2.28804
4.34414 -2 1.36833 -2.28807
4.34482 -2 1.36823 -2.28822
4.34854 -2 1.36769 -2.28905
4.35014 -2 1.36745 -2.2894
4.35234 -2 1.36713 -2.28989
4.35312 -2 1.36702 -2.29006
4.35373 -2 1.36692 -2.29019
4.35558 -2 1.36665 -2.2906
4.35721 -2 1.36641 -2.29095
4.35803 -2 1.36629 -2.29113
4.35812 -2 1.36627 -2.29115
4.36011 -2 1.36598 -2.29158
4.36063 -2 1.3659 -2.29169
4.36133 -2 1.36579 -2.29184
4.36162 -2 1.36575 -2.29191
4.36491 -2 1.36525 -2.29261
4.36716 -2 1.36491 -2.29308
4.36796 -2 1.36479 -2.29325
4.36901 -2 1.36463 -2.29347
4.37122 -2 1.36429 -2.29393
4.37128 -2 1.36428 -2.29395
4.37235 -2 1.36411 -2.29417
4.37458 -2 1.36377 -2.29463
4.37673 -2 1.36344 -2.29507
4.37673 -2 1.36344 -2.29507
4.37908 -2 1.36307 -2.29555
4.37952 -2 1.363 -2.29564
4.3824 -2 1.36255 -2.29623
4.38447 -2 1.36222 -2.29664
4.38493 -2 1.36215 -2.29674
4.38712 -2 1.3618 -2.29717
4.3874 -2 1.36176 -2.29723
4.38857 -2 1.36157 -2.29746
4.38892 -2 1.36152 -2.29753
4.38893 -2 1.36152 -2.29753
4.39089 -2 1.3612 -2.29792
4.39217 -2 1.361 -2.29817
4.3948 -2 1.36058 -2.29868
4.39492 -2 1.36056 -2.29871
4.39934 -2 1.35984 -2.29956
4.40377 -2 1.35912 -2.3004
4.40398 -2 1.35909 -2.30044
4.40489 -2 1.35894 -2.30061
4.40533 -2 1.35887 -2.30069
4.4058 -2 1.35879 -2.30078
4.40611 -2 1.35874 -2.30084
4.41063 -2 1.35799 -2.30168
4.41571 -2 1.35715 -2.30261
4.42273 -2 1.35597 -2.30386
4.42456 -2 1.35566 -2.30419
4.42479 -2 1.35562 -2.30423
4.42847 -2 1.355 -2.30487
4.42966 -2 1.35479 -2.30508
4.43572 -2 1.35376 -2.30611
4.43661 -2 1.3536 -2.30626
4.44186 -2 1.3527 -2.30714
4.4447 -2 1.3522 -2.3076
4.44894 -2 1.35146 -2.30829
4.44925 -2 1.3514 -2.30834
4.44962 -2 1.35134 -2.3084
4.4515 -2 1.35101 -2.3087
4.4562 -2 1.35018 -2.30944
4.45667 -2 1.3501 -2.30951
4.4599 -2 1.34952 -2.31001
4.46346 -2 1.34889 -2.31056
4.46622 -2 1.3484 -2.31097
4.46651 -2 1.34834 -2.31102
4.47128 -2 1.34749 -2.31172
4.47236 -2 1.34729 -2.31188
4.47236 -2 1.34729 -2.31188
4.47431 -2 1.34694 -2.31216
4.47522 -2 1.34677 -2.3123
4.47533 -2 1.34675 -2.31231
4.47539 -2 1.34674 -2.31232
4.47579 -2 1.34667 -2.31238
4.47658 -2 1.34653 -2.31249
4.48217 -2 1.34551 -2.31328
4.4836 -2 1.34525 -2.31348
4.48362 -2 1.34525 -2.31349
4.48989 -2 1.34409 -2.31435
4.49147 -2 1.3438 -2.31456
4.49177 -2 1.34375 -2.3146
4.49259 -2 1.3436 -2.31471
4.49342 -2 1.34344 -2.31482
4.49623 -2 1.34293 -2.31519
4.50135 -2 1.34197 -2.31585
4.50228 -2 1.3418 -2.31597
4.50387 -2 1.3415 -2.31617
4.50463 -2 1.34136 -2.31627
4.50707 -2 1.34091 -2.31657
4.50736 -2 1.34085 -2.31661
4.50886 -2 1.34057 -2.31679
4.51081 -2 1.3402 -2.31703
4.51218 -2 1.33995 -2.3172
4.5133 -2 1.33974 -2.31734
4.51378 -2 1.33965 -2.31739
4.51597 -2 1.33924 -2.31765
4.51769 -2 1.33891 -2.31786
4.52151 -2 1.33819 -2.3183
4.52161 -2 1.33817 -2.31831
4.52271 -2 1.33796 -2.31844
4.52358 -2 1.33779 -2.31854
4.52543 -2 1.33744 -2.31875
4.52592 -2 1.33735 -2.3188
4.52739 -2 1.33707 -2.31897
4.53012 -2 1.33655 -2.31927
4.53152 -2 1.33628 -2.31942
4.53254 -2 1.33609 -2.31954
4.53326 -2 1.33595 -2.31961
4.5354 -2 1.33554 -2.31984
4.53691 -2 1.33525 -2.32
4.539 -2 1.33485 -2.32022
4.54141 -2 1.33439 -2.32047
4.5508 -2 1.33258 -2.32141
4.55197 -2 1.33235 -2.32152
4.55244 -2 1.33226 -2.32156
4.55299 -2 1.33215 -2.32162
4.55326 -2 1.3321 -2.32164
4.55735 -2 1.3313 -2.32203
4.56163 -2 1.33047 -2.32242
4.56246 -2 1.33031 -2.32249
4.56849 -2 1.32913 -2.32302
4.56927 -2 1.32898 -2.32309
4.57026 -2 1.32879 -2.32317
4.5705 -2 1.32874 -2.32319
4.57226 -2 1.32839 -2.32334
4.57437 -2 1.32798 -2.32351
4.57513 -2 1.32783 -2.32358
4.57639 -2 1.32758 -2.32368
4.57714 -2 1.32744 -2.32374
4.57813 -2 1.32724 -2.32382
4.58021 -2 1.32683 -2.32398
4.58036 -2 1.3268 -2.32399
4.58845 -2 1.32521 -2.32461
4.58875 -2 1.32515 -2.32463
4.58959 -2 1.32498 -2.32469
4.59147 -2 1.32461 -2.32482
4.59768 -2 1.32338 -2.32526
4.59908 -2 1.3231 -2.32535
4.60739 -2 1.32145 -2.32588
4.60774 -2 1.32138 -2.3259
4.61357 -2 1.32022 -2.32625
4.61482 -2 1.31997 -2.32632
4.61483 -2 1.31997 -2.32632
4.61647 -2 1.31964 -2.32641
4.61687 -2 1.31956 -2.32643
4.61931 -2 1.31908 -2.32657
4.61994 -2 1.31895 -2.3266
4.6215 -2 1.31864 -2.32668
4.6271 -2 1.31752 -2.32697
4.62866 -2 1.31721 -2.32704
4.63011 -2 1.31692 -2.32711
4.65099 -2 1.31273 -2.32796
4.65261 -2 1.3124 -2.32801
4.65296 -2 1.31233 -2.32803
4.65322 -2 1.31228 -2.32803
4.65449 -2 1.31202 -2.32808
4.65664 -2 1.31159 -2.32814
4.66054 -2 1.31081 -2.32826
4.66513 -2 1.30988 -2.32838
4.66565 -2 1.30978 -2.32839
4.66607 -2 1.30969 -2.3284
4.66967 -2 1.30897 -2.32849
4.67192 -2 1.30852 -2.32854
4.67587 -2 1.30772 -2.32862
4.67853 -2 1.30719 -2.32867
4.68426 -2 1.30604 -2.32875
4.68439 -2 1.30601 -2.32876
4.68622 -2 1.30564 -2.32878
4.68868 -2 1.30515 -2.32881
4.69107 -2 1.30467 -2.32883
4.69142 -2 1.3046 -2.32884
4.69457 -2 1.30396 -2.32886
4.69628 -2 1.30362 -2.32887
4.69966 -2 1.30294 -2.32889
4.70929 -2 1.30101 -2.3289
4.71024 -2 1.30081 -2.3289
4.71093 -2 1.30068 -2.3289
4.71095 -2 1.30067 -2.3289
4.71131 -2 1.3006 -2.3289
4.7145 -2 1.29996 -2.32889
4.71781 -2 1.2993 -2.32887
4.71885 -2 1.29909 -2.32886
4.72049 -2 1.29876 -2.32885
4.72438 -2 1.29798 -2.32881
4.72453 -2 1.29795 -2.32881
4.72725 -2 1.29741 -2.32877
4.73065 -2 1.29673 -2.32873
4.73263 -2 1.29633 -2.3287
4.73635 -2 1.29559 -2.32863
4.73683 -2 1.29549 -2.32863
4.73831 -2 1.2952 -2.3286
4.7392 -2 1.29502 -2.32858
4.74362 -2 1.29414 -2.32849
4.74752 -2 1.29336 -2.32839
4.75454 -2 1.29197 -2.32821
4.75537 -2 1.2918 -2.32818
4.75697 -2 1.29149 -2.32813
4.76053 -2 1.29078 -2.32802
4.76189 -2 1.29051 -2.32798
4.76205 -2 1.29048 -2.32797
4.76224 -2 1.29045 -2.32796
4.76514 -2 1.28987 -2.32786
4.77074 -2 1.28877 -2.32766
4.77248 -2 1.28842 -2.32759
4.77573 -2 1.28778 -2.32746
4.77597 -2 1.28774 -2.32745
4.77806 -2 1.28733 -2.32736
4.78137 -2 1.28668 -2.32721
4.7815 -2 1.28665 -2.3272
4.78213 -2 1.28653 -2.32718
4.78243 -2 1.28647 -2.32716
4.78535 -2 1.2859 -2.32703
4.7876 -2 1.28545 -2.32692
4.79091 -2 1.28481 -2.32675
4.79238 -2 1.28452 -2.32668
4.79525 -2 1.28396 -2.32653
4.79591 -2 1.28383 -2.32649
4.79763 -2 1.2835 -2.3264
4.80242 -2 1.28257 -2.32613
4.80294 -2 1.28247 -2.3261
4.81253 -2 1.28061 -2.32552
4.81461 -2 1.28021 -2.32539
4.81761 -2 1.27963 -2.32519
4.81928 -2 1.27931 -2.32508
4.82479 -2 1.27826 -2.3247
4.82598 -2 1.27803 -2.32462
4.82786 -2 1.27767 -2.32448
4.83112 -2 1.27705 -2.32424
4.83521 -2 1.27627 -2.32393
4.83593 -2 1.27613 -2.32388
4.83826 -2 1.27569 -2.3237
4.84094 -2 1.27518 -2.32348
4.84368 -2 1.27466 -2.32326
4.84392 -2 1.27462 -2.32324
4.85287 -2 1.27293 -2.32249
4.85361 -2 1.2728 -2.32243
4.854 -2 1.27272 -2.32239
4.85968 -2 1.27166 -2.32189
4.86094 -2 1.27143 -2.32177
4.86855 -2 1.27001 -2.32106
4.87201 -2 1.26937 -2.32073
4.87703 -2 1.26845 -2.32023
4.87706 -2 1.26844 -2.32023
4.8777 -2 1.26833 -2.32016
4.87845 -2 1.26819 -2.32009
4.88198 -2 1.26754 -2.31972
4.88373 -2 1.26722 -2.31954
4.88375 -2 1.26722 -2.31954
4.88447 -2 1.26709 -2.31947
4.88911 -2 1.26624 -2.31897
4.8912 -2 1.26586 -2.31875
4.89177 -2 1.26576 -2.31869
4.89361 -2 1.26542 -2.31849
4.89732 -2 1.26476 -2.31808
4.89776 -2 1.26468 -2.31803
4.91215 -2 1.2621 -2.31636
4.91383 -2 1.2618 -2.31615
4.91592 -2 1.26143 -2.3159
4.91717 -2 1.26121 -2.31575
4.92136 -2 1.26048 -2.31523
4.92169 -2 1.26042 -2.31518
4.92245 -2 1.26028 -2.31509
4.92373 -2 1.26006 -2.31493
4.92429 -2 1.25996 -2.31486
4.92443 -2 1.25994 -2.31484
4.92575 -2 1.25971 -2.31467
4.92633 -2 1.2596 -2.3146
4.9324 -2 1.25855 -2.31381
4.93244 -2 1.25854 -2.3138
4.93739 -2 1.25768 -2.31315
4.94226 -2 1.25685 -2.31249
4.94586 -2 1.25623 -2.31199
4.94658 -2 1.25611 -2.31189
4.94716 -2 1.25601 -2.31181
4.94736 -2 1.25597 -2.31179
4.95046 -2 1.25545 -2.31135
4.95215 -2 1.25516 -2.31111
4.95787 -2 1.25419 -2.31029
4.95831 -2 1.25412 -2.31023
4.96904 -2 1.25233 -2.30864
4.96936 -2 1.25227 -2.30859
4.97633 -2 1.25113 -2.30752
4.97752 -2 1.25093 -2.30734
4.9806 -2 1.25043 -2.30686
4.98083 -2 1.25039 -2.30682
4.98291 -2 1.25005 -2.30649
4.98397 -2 1.24988 -2.30632
4.98509 -2 1.2497 -2.30614
4.98526 -2 1.24967 -2.30612
4.98716 -2 1.24936 -2.30581
4.99061 -2 1.24881 -2.30526
5.00074 -2 1.24719 -2.30358
5.00911 -2 1.24587 -2.30216
5.01019 -2 1.24571 -2.30197
5.012 -2 1.24542 -2.30166
5.01902 -2 1.24434 -2.30043
5.02182 -2 1.24391 -2.29993
5.02362 -2 1.24363 -2.29961
5.02427 -2 1.24353 -2.29949
5.0377 -2 1.24151 -2.29703
5.03851 -2 1.24139 -2.29687
5.04125 -2 1.24098 -2.29636
5.04257 -2 1.24079 -2.29611
5.04423 -2 1.24054 -2.29579
5.04564 -2 1.24034 -2.29553
5.04859 -2 1.2399 -2.29496
5.05112 -2 1.23954 -2.29447
5.05576 -2 1.23886 -2.29357
5.05905 -2 1.23839 -2.29292
5.06004 -2 1.23825 -2.29272
5.06017 -2 1.23823 -2.2927
5.06129 -2 1.23807 -2.29248
5.06331 -2 1.23778 -2.29207
5.06561 -2 1.23746 -2.29161
5.06646 -2 1.23734 -2.29144
5.06848 -2 1.23705 -2.29103
5.0711 -2 1.23669 -2.2905
5.07132 -2 1.23666 -2.29046
5.07264 -2 1.23647 -2.29019
5.07292 -2 1.23643 -2.29013
5.07401 -2 1.23628 -2.28991
5.0761 -2 1.23599 -2.28948
5.07721 -2 1.23584 -2.28925
5.07793 -2 1.23574 -2.2891
5.07887 -2 1.23561 -2.2889
5.08125 -2 1.23528 -2.28841
5.0916 -2 1.23388 -2.28622
5.09197 -2 1.23383 -2.28614
5.09376 -2 1.23359 -2.28576
5.09783 -2 1.23305 -2.28488
5.09882 -2 1.23292 -2.28466
5.09991 -2 1.23278 -2.28443
5.10091 -2 1.23265 -2.28421
5.10283 -2 1.23239 -2.28379
5.10443 -2 1.23218 -2.28343
5.10521 -2 1.23208 -2.28326
5.10827 -2 1.23169 -2.28259
5.1128 -2 1.23111 -2.28157
5.11391 -2 1.23096 -2.28133
5.1149 -2 1.23084 -2.2811
5.11535 -2 1.23078 -2.281
5.12011 -2 1.23018 -2.27992
5.12394 -2 1.2297 -2.27905
5.12413 -2 1.22968 -2.279
5.13022 -2 1.22893 -2.2776
5.13103 -2 1.22883 -2.27741
5.136 -2 1.22823 -2.27624
5.14788 -2 1.22682 -2.27342
5.15149 -2 1.2264 -2.27254
5.15287 -2 1.22624 -2.27221
5.15368 -2 1.22615 -2.27201
5.15565 -2 1.22592 -2.27153
5.15604 -2 1.22588 -2.27144
5.15651 -2 1.22582 -2.27132
5.16411 -2 1.22496 -2.26945
5.16435 -2 1.22494 -2.26938
5.16553 -2 1.22481 -2.26909
5.17163 -2 1.22413 -2.26756
5.17821 -2 1.22342 -2.26589
5.18228 -2 1.22299 -2.26486
5.18302 -2 1.22291 -2.26466
5.18318 -2 1.2229 -2.26462
5.18462 -2 1.22275 -2.26425
5.18629 -2 1.22257 -2.26382
5.18985 -2 1.2222 -2.2629
5.19261 -2 1.22192 -2.26218
5.20113 -2 1.22106 -2.25993
5.20313 -2 1.22086 -2.2594
5.20315 -2 1.22086 -2.25939
5.21762 -2 1.21947 -2.25549
5.21823 -2 1.21942 -2.25533
5.23201 -2 1.21817 -2.25153
5.23536 -2 1.21787 -2.25059
5.23925 -2 1.21753 -2.24949
5.24453 -2 1.21709 -2.24799
5.24533 -2 1.21702 -2.24777
5.2457 -2 1.21699 -2.24766
5.24578 -2 1.21698 -2.24764
5.25684 -2 1.21608 -2.24446
5.25929 -2 1.21589 -2.24375
5.2656 -2 1.2154 -2.24191
5.26636 -2 1.21534 -2.24168
5.2675 -2 1.21526 -2.24135
5.27112 -2 1.21498 -2.24028
5.27298 -2 1.21485 -2.23973
5.27503 -2 1.2147 -2.23912
5.27867 -2 1.21444 -2.23803
5.27875 -2 1.21443 -2.23801
5.29011 -2 1.21364 -2.23458
5.29084 -2 1.2136 -2.23436
5.29369 -2 1.21341 -2.23349
5.29391 -2 1.21339 -2.23343
5.30529 -2 1.21267 -2.22992
5.31047 -2 1.21236 -2.22831
5.31847 -2 1.2119 -2.2258
5.33121 -2 1.21122 -2.22175
5.33236 -2 1.21116 -2.22138
5.33336 -2 1.21111 -2.22106
5.33605 -2 1.21097 -2.22019
5.33699 -2 1.21093 -2.21989
5.33991 -2 1.21079 -2.21894
5.34922 -2 1.21036 -2.21591
5.35998 -2 1.20992 -2.21236
5.36037 -2 1.2099 -2.21223
5.36143 -2 1.20986 -2.21188
5.36206 -2 1.20983 -2.21167
5.36486 -2 1.20973 -2.21074
5.36794 -2 1.20961 -2.20971
5.36986 -2 1.20955 -2.20906
5.37456 -2 1.20938 -2.20748
5.37855 -2 1.20926 -2.20613
5.39059 -2 1.2089 -2.20202
5.39251 -2 1.20885 -2.20136
5.39366 -2 1.20882 -2.20097
5.40733 -2 1.20852 -2.19622
5.42039 -2 1.2083 -2.19162
5.42458 -2 1.20824 -2.19013
5.43255 -2 1.20816 -2.18728
5.44198 -2 1.2081 -2.18389
5.4471 -2 1.20808 -2.18203
5.46304 -2 1.20811 -2.17618
5.47164 -2 1.20817 -2.17299
5.4772 -2 1.20823 -2.17092
5.47746 -2 1.20823 -2.17082
5.47909 -2 1.20825 -2.17021
5.48107 -2 1.20827 -2.16946
5.4813 -2 1.20828 -2.16938
5.48171 -2 1.20828 -2.16922
5.48822 -2 1.20838 -2.16677
5.4933 -2 1.20847 -2.16485
5.49544 -2 1.20851 -2.16403
5.4974 -2 1.20855 -2.16329
5.50403 -2 1.2087 -2.16075
5.50721 -2 1.20878 -2.15953
5.50926 -2 1.20884 -2.15874
5.53782 -2 1.20979 -2.14763
5.54459 -2 1.21007 -2.14496
5.5527 -2 1.21044 -2.14174
5.55354 -2 1.21048 -2.1414
5.5557 -2 1.21059 -2.14054
5.55637 -2 1.21062 -2.14027
5.55761 -2 1.21068 -2.13978
5.55909 -2 1.21076 -2.13919
5.56815 -2 1.21124 -2.13555
5.57238 -2 1.21148 -2.13384
5.57241 -2 1.21148 -2.13383
5.5734 -2 1.21154 -2.13343
5.58151 -2 1.21202 -2.13014
5.59553 -2 1.21294 -2.12442
5.59902 -2 1.21319 -2.12298
5.60377 -2 1.21353 -2.12102
5.60558 -2 1.21367 -2.12028
5.62238 -2 1.21499 -2.1133
5.63198 -2 1.21582 -2.10928
5.63295 -2 1.2159 -2.10887
5.63456 -2 1.21605 -2.10819
5.63941 -2 1.21649 -2.10615
5.64522 -2 1.21703 -2.10369
5.65398 -2 1.21789 -2.09998
5.65706 -2 1.2182 -2.09867
5.66289 -2 1.21881 -2.09618
5.66925 -2 1.21949 -2.09345
5.67379 -2 1.21998 -2.0915
5.6741 -2 1.22002 -2.09137
5.67526 -2 1.22015 -2.09087
5.67526 -2 1.22015 -2.09087
5.67709 -2 1.22035 -2.09008
5.67794 -2 1.22045 -2.08972
5.68303 -2 1.22104 -2.08752
5.68807 -2 1.22163 -2.08534
5.68889 -2 1.22173 -2.08498
5.69596 -2 1.22259 -2.08191
5.70143 -2 1.22327 -2.07953
5.70734 -2 1.22403 -2.07695
5.70805 -2 1.22412 -2.07664
5.71726 -2 1.22535 -2.0726
5.72266 -2 1.22609 -2.07022
5.72472 -2 1.22638 -2.06931
5.73589 -2 1.22798 -2.06438
5.74371 -2 1.22915 -2.06091
5.74422 -2 1.22922 -2.06068
5.74492 -2 1.22933 -2.06037
5.75433 -2 1.23079 -2.05618
5.75528 -2 1.23094 -2.05575
5.76492 -2 1.23249 -2.05144
5.77052 -2 1.23342 -2.04893
5.77455 -2 1.2341 -2.04712
5.78573 -2 1.23604 -2.04208
5.7914 -2 1.23705 -2.03952
5.79194 -2 1.23715 -2.03928
5.81865 -2 1.24219 -2.02715
5.82025 -2 1.2425 -2.02642
5.83224 -2 1.24493 -2.02095
5.8367 -2 1.24585 -2.0189
5.83702 -2 1.24592 -2.01876
5.83787 -2 1.2461 -2.01837
5.83892 -2 1.24632 -2.01788
5.87179 -2 1.25357 -2.00277
5.87263 -2 1.25377 -2.00239
5.88974 -2 1.25784 -1.99448
5.89089 -2 1.25812 -1.99395
5.89682 -2 1.25958 -1.99121
5.90311 -2 1.26116 -1.98829
5.91613 -2 1.2645 -1.98226
5.92297 -2 1.2663 -1.97909
5.94285 -2 1.27173 -1.96986
5.94399 -2 1.27205 -1.96933
5.95578 -2 1.2754 -1.96385
5.97326 -2 1.28056 -1.95574
5.98907 -2 1.28541 -1.9484
6.00346 -2 1.28998 -1.94173
6.01792 -2 1.29472 -1.93504
6.02147 -2 1.29591 -1.9334
6.03767 -2 1.30144 -1.92592
6.04163 -2 1.30282 -1.9241
6.04282 -2 1.30324 -1.92355
6.06692 -2 1.31193 -1.91249
6.06774 -2 1.31223 -1.91211
6.0927 -2 1.3217 -1.90073
6.09459 -2 1.32243 -1.89987
6.11759 -2 1.3316 -1.88948
6.15202 -2 1.34608 -1.8741
6.16832 -2 1.35325 -1.86691
6.16952 -2 1.35378 -1.86638
6.17366 -2 1.35564 -1.86457
6.18822 -2 1.36228 -1.85822
6.2004 -2 1.36796 -1.85296
6.21712 -2 1.37594 -1.8458
6.22038 -2 1.37751 -1.84442
6.22986 -2 1.38216 -1.8404
6.24016 -2 1.38728 -1.83608
6.24789 -2 1.39118 -1.83286
6.26316 -2 1.39901 -1.82656
6.26871 -2 1.40191 -1.82428
6.2693 -2 1.40221 -1.82405
6.30187 -2 1.41968 -1.81098
6.30321 -2 1.42041 -1.81045
6.31116 -2 1.42481 -1.80733
6.32345 -2 1.43169 -1.80257
6.32498 -2 1.43255 -1.80198
6.33116 -2 1.43607 -1.79961
6.37325 -2 1.46074 -1.78398
6.37936 -2 1.46443 -1.78179
6.38961 -2 1.47068 -1.77815
6.42529 -2 1.49303 -1.76595
6.44001 -2 1.50251 -1.76113
6.44592 -2 1.50636 -1.75924
6.45846 -2 1.51461 -1.75528
6.471 -2 1.52296 -1.75143
6.47322 -2 1.52445 -1.75076
6.5218 -2 1.55784 -1.73691
6.52223 -2 1.55814 -1.7368
6.57114 -2 1.59324 -1.7246
6.58438 -2 1.60298 -1.72161
6.58557 -2 1.60386 -1.72135
6.59702 -2 1.61237 -1.71889
6.60817 -2 1.62072 -1.7166
6.64387 -2 1.64787 -1.70997
6.72686 -2 1.71316 -1.69894
6.80186 -2 1.77418 -1.69459
6.8084 -2 1.77956 -1.69448
6.87748 -2 1.83685 -1.69598
6.93613 -2 1.88574 -1.70119
7.05907 -2 1.9873 -1.72406
7.08133 -2 2.00536 -1.72994
7.11457 -2 2.03205 -1.73968
7.12725 -2 2.04213 -1.7437
7.13115 -2 2.04522 -1.74497
7.15415 -2 2.06331 -1.75277
7.16694 -2 2.07328 -1.75735
7.23661 -2 2.1263 -1.78512
7.25017 -2 2.13634 -1.79107
7.52202 -2 2.31342 -1.94312
7.53983 -2 2.32306 -1.95495
7.6761 -2 2.38512 -2.05132
