1.77034980863 -2 1.24325312088 -1.91596173887 0.361539632817 0.278184357653
1.8432278434 -2 1.27196306561 -1.89396723019 0.366004068784 0.274768336329
2.31646863451 -2 1.46255220118 -1.76170541594 0.412204327992 0.265832371403
2.33512630927 -2 1.47052153497 -1.75671056931 0.415032789683 0.26584350055
2.45692219066 -2 1.52262480142 -1.7246816403 0.435990426129 0.265897218893
2.48579163325 -2 1.53499387756 -1.71722426386 0.441624737305 0.265835325025
2.62338254656 -2 1.60533612872 -1.67794314151 0.472219005491 0.264463834967
2.66057751736 -2 1.62474133361 -1.66753487122 0.481580489034 0.263639484566
2.67432180343 -2 1.63179830769 -1.66372395259 0.48515868903 0.263270622108
2.68771619993 -2 1.63884916164 -1.66008238315 0.488707550879 0.262874969321
2.69564571163 -2 1.64297880061 -1.65792428846 0.490837182677 0.262623189274
2.6958551585 -2 1.6430120347 -1.65785106102 0.490893722972 0.262616357418
2.77642195416 -2 1.68557604159 -1.63643971102 0.513738765003 0.259224068369
2.79288973227 -2 1.69405959217 -1.63223234462 0.518674272064 0.258323555134
2.80088896053 -2 1.69821658617 -1.63014023867 0.521103721712 0.25785816414
2.82161402402 -2 1.70925692641 -1.62483834555 0.527494599908 0.256563901594
2.83820738572 -2 1.71810831519 -1.62084284607 0.532710629611 0.255432036283
2.84523511219 -2 1.72197406949 -1.61896063281 0.534946036636 0.25492608716
2.84993723142 -2 1.72426367118 -1.61790371663 0.536450364451 0.25457853716
2.86424727594 -2 1.73206942405 -1.61429709008 0.541070874775 0.253475389608
2.87842567569 -2 1.73948998059 -1.6109657802 0.545711071001 0.252313213009
2.91838323924 -2 1.76094896126 -1.6014701301 0.559112650516 0.248648634778
2.99775736577 -2 1.8032466166 -1.58355979516 0.587070489559 0.239504653733
3.02880159727 -2 1.82021250359 -1.57687161971 0.598448350706 0.235189589347
3.03939363638 -2 1.82575051607 -1.57469162395 0.602382667205 0.233615808075
3.04759783229 -2 1.83032805573 -1.57291910721 0.605447577732 0.232360409289
3.05192664923 -2 1.83265868169 -1.57193225215 0.607070774222 0.231685062237
3.06671367828 -2 1.84053566384 -1.56899180847 0.612646232423 0.229309715552
3.08083304238 -2 1.84820711351 -1.56611755602 0.618012846177 0.226941312506
3.10046009441 -2 1.85891420638 -1.56220572574 0.625539011826 0.223482627616
3.1095014817 -2 1.86592410288 -1.56044064962 0.629030658196 0.221822995652
3.11363412366 -2 1.86889376252 -1.55966071525 0.630631594702 0.22105027734
3.14177250774 -2 1.89034866994 -1.55424082008 0.641610603327 0.215549246589
3.18230002403 -2 1.92131787418 -1.54702436184 0.657639544045 0.206870420791
3.30681810541 -2 2.01662671696 -1.52663698443 0.707958202012 0.17424819903
3.3131140677 -2 2.0215644799 -1.52562530753 0.710525422459 0.172348066564
3.33652743523 -2 2.03949691952 -1.52214671899 0.720075744747 0.165062270044
3.33763982571 -2 2.04038159673 -1.52205806025 0.720529490589 0.164707448206
3.35191143561 -2 2.05117290127 -1.52007672778 0.726349575834 0.160084929243
3.35515579443 -2 2.0536820293 -1.51960350917 0.727672142046 0.159015843975
3.3694538057 -2 2.06453521694 -1.51762630734 0.733497211878 0.154223345635
3.37171981058 -2 2.06639550882 -1.51734634618 0.734419744261 0.15345165036
3.40553697876 -2 2.09239679706 -1.51300622028 0.748156313878 0.141536641885
3.40645287465 -2 2.09317196458 -1.51275356119 0.748527350289 0.141203495476
3.44119637405 -2 2.11968898469 -1.50863410764 0.762548945433 0.128155634677
3.44469822014 -2 2.12242711266 -1.50819818269 0.76395556555 0.126795974526
3.45981080518 -2 2.1341372811 -1.50639927074 0.77000951026 0.120834156481
3.47079374606 -2 2.14258842434 -1.50526443413 0.774390936445 0.116405387573
3.47430388468 -2 2.14510548725 -1.50489705958 0.775787744095 0.114972865989
3.48896379661 -2 2.156435078 -1.50337889763 0.781601818745 0.108900353324
3.50917349196 -2 2.17194573995 -1.50131165495 0.789560345856 0.100291273598
3.51126158448 -2 2.17363974131 -1.50105081057 0.790378595454 0.0993860403738
3.51791720477 -2 2.1784376514 -1.50034256686 0.792981360035 0.0964810018113
3.5188040559 -2 2.17932284364 -1.50025289847 0.793327549654 0.0960916468201
3.52359962437 -2 2.18307611077 -1.49977561242 0.795196935336 0.0939770219248
3.52574461775 -2 2.18465005672 -1.49970772771 0.796031643564 0.0930261392887
3.5278124682 -2 2.18632894647 -1.49945504807 0.796835474159 0.0921065050252
3.53076166355 -2 2.18833522889 -1.49914985274 0.797980431961 0.0907899006403
3.54714501159 -2 2.20100914033 -1.49768551661 0.804308111639 0.083368637103
3.57774043944 -2 2.22455421483 -1.49511040379 0.815963490904 0.069022832255
3.58974682911 -2 2.23376442948 -1.49415540837 0.820474595819 0.0632200960266
3.59149578805 -2 2.23479997706 -1.49396194776 0.821128584069 0.0623666860661
3.5949991145 -2 2.23763924464 -1.49376181775 0.822436125175 0.0606510121412
3.61776138349 -2 2.25508083654 -1.49218344551 0.830848824921 0.0493020549371
3.70990932552 -2 2.32540524958 -1.48705725553 0.863216622116 -0.000180682415524
3.71842160709 -2 2.33167727841 -1.48676189462 0.866051253738 -0.00503429237413
3.74541780764 -2 2.35208036702 -1.48580073918 0.874845782519 -0.0207375220971
3.75623792631 -2 2.36050121154 -1.48554743705 0.878283961739 -0.0271627389531
3.75742376057 -2 2.36140847752 -1.48550676269 0.878657657745 -0.0278714478776
3.76998693964 -2 2.37062414994 -1.48514839167 0.882578243001 -0.0354345232722
3.77538044454 -2 2.37490678812 -1.4851573257 0.884239490238 -0.0387119985762
3.7958269861 -2 2.39044045925 -1.48476125172 0.89041425556 -0.0513020682246
3.79815603879 -2 2.39201273572 -1.48475651514 0.891105020402 -0.0527526803589
3.80477539689 -2 2.39807109241 -1.48539481349 0.89305386702 -0.0568937123065
3.80605799408 -2 2.39935991671 -1.48575596348 0.893429009304 -0.0576992161457
3.8075555481 -2 2.40098091693 -1.48592654107 0.893866000154 -0.0586409962851
3.86327547457 -2 2.45539367034 -1.49602070148 0.90931046273 -0.0946447815929
3.86460737381 -2 2.45663743346 -1.49618152093 0.909659484197 -0.0955279439996
3.8703872649 -2 2.46208458175 -1.4973179786 0.9111627684 -0.0993724570514
3.89462669181 -2 2.48582137853 -1.50202439121 0.917263041459 -0.115704712735
3.89912847905 -2 2.49014316279 -1.502981932 0.918358986315 -0.118774728663
3.91619468167 -2 2.50660188764 -1.50648444435 0.922405759461 -0.130515898878
3.93013256905 -2 2.52026228541 -1.50942047934 0.925581641957 -0.140223840125
3.95334292859 -2 2.54244159494 -1.51442920813 0.93060561579 -0.156622259358
3.9651561036 -2 2.55402606363 -1.51697221606 0.933032552312 -0.165077377451
3.97441749826 -2 2.56280451055 -1.51914836587 0.934872606688 -0.171756437757
3.98352280311 -2 2.57173096124 -1.52123956058 0.936627248571 -0.178365432837
3.98897609924 -2 2.57699516146 -1.52249847833 0.937652031188 -0.182343589644
3.99224726142 -2 2.57995148341 -1.52325110567 0.938257293996 -0.18473698939
4.00234540239 -2 2.5896026591 -1.52563892906 0.940080674047 -0.192158717291
4.00642707744 -2 2.59365468059 -1.52658264992 0.940798219191 -0.195172708052
4.01308960822 -2 2.59991725698 -1.52821531581 0.94194518761 -0.200109723171
4.0136194529 -2 2.60057343725 -1.52825781124 0.942035102841 -0.200503257946
4.03560800673 -2 2.62165625892 -1.53373908715 0.945595892749 -0.216951667867
4.03793743932 -2 2.6235864561 -1.53425760295 0.94595340059 -0.218707344184
4.04593874218 -2 2.6312081561 -1.53627218556 0.947152270506 -0.224756692226
4.04715688756 -2 2.63237371197 -1.53657998559 0.947330816652 -0.225680204584
4.05980842471 -2 2.64463844731 -1.53984367576 0.949122594193 -0.2353108345
4.06048175063 -2 2.64515271117 -1.53999314792 0.949214737495 -0.235825366514
4.06481103895 -2 2.64925523869 -1.54111667925 0.949799378611 -0.239138383907
4.06534562495 -2 2.64989901444 -1.54127849475 0.949870630984 -0.239548044918
4.06814035323 -2 2.65264385122 -1.54203927773 0.950239754623 -0.241691698666
4.07939760334 -2 2.6631836826 -1.54490506312 0.951668979529 -0.250360280291
4.09872665573 -2 2.68137242632 -1.55014364378 0.953905257887 -0.265368171583
4.12292046525 -2 2.70433296848 -1.55685425654 0.956309691762 -0.284364718941
4.14293868056 -2 2.72337659435 -1.56255187473 0.957960997307 -0.300251615297
4.14785201134 -2 2.7279900212 -1.56396991901 0.958318835231 -0.304173369108
4.15898725633 -2 2.73839074727 -1.56712267587 0.959059889917 -0.313093044592
4.1651354135 -2 2.74414460176 -1.56893413556 0.959427229742 -0.318036357163
4.17213240669 -2 2.75052110565 -1.57104635421 0.959808859382 -0.323677761685
4.17382950899 -2 2.75214062949 -1.57159646386 0.959895557364 -0.325048535947
4.1810533603 -2 2.75903695756 -1.5736878262 0.960238876145 -0.33089394762
4.18735627123 -2 2.76479948589 -1.57558904606 0.96050427658 -0.336007959558
4.18993663854 -2 2.76714079583 -1.57641062475 0.960603713016 -0.338105250572
4.20217433625 -2 2.7785529173 -1.5801601734 0.961002030771 -0.34808013471
4.2032098471 -2 2.77954337437 -1.58053414706 0.961030161413 -0.348926277182
4.21428494153 -2 2.78984671187 -1.58396796861 0.961276343116 -0.357995985108
4.22527235766 -2 2.80003309677 -1.58743869482 0.961421254223 -0.367029010819
4.23713353144 -2 2.81097439545 -1.5911696122 0.961465867143 -0.376818048392
4.2371439948 -2 2.81097921616 -1.59117371748 0.961465855011 -0.37682670059
4.25376030421 -2 2.82634562764 -1.59660378526 0.96133144417 -0.390602723198
4.26152573381 -2 2.83349846715 -1.59915059262 0.9611893633 -0.397064588924
4.26941768024 -2 2.84076247361 -1.60177127889 0.960992937524 -0.40364656669
4.26984015933 -2 2.84103639607 -1.60187458472 0.960980939116 -0.403999330938
4.27577006229 -2 2.84655274588 -1.60383806061 0.960796586831 -0.408955037028
4.27627394858 -2 2.84707207778 -1.60397066383 0.960779548073 -0.409376509805
4.29215628116 -2 2.86157577055 -1.60942418603 0.960131824082 -0.422689671538
4.29252480971 -2 2.86186503408 -1.60954615094 0.96011424116 -0.422999223129
4.29982907088 -2 2.86849285046 -1.61198368441 0.959741767167 -0.429140282427
4.31522130383 -2 2.88255744285 -1.61736426628 0.958806883941 -0.442115536704
4.31926538597 -2 2.88638653779 -1.6187488351 0.958527389325 -0.445531913485
4.32287187686 -2 2.88956378389 -1.62003274946 0.958266212474 -0.448581073869
4.32542900103 -2 2.89180384132 -1.62088415975 0.958074208441 -0.450744404132
4.32845814788 -2 2.89473473329 -1.62197839327 0.95783943068 -0.45330851108
4.33143200954 -2 2.89734090649 -1.62304835717 0.957601195099 -0.455827316714
4.37044857715 -2 2.93241847457 -1.63709369157 0.953761347171 -0.488997404002
4.372560093 -2 2.93445870781 -1.63781700792 0.953515504329 -0.490798372704
4.37883228432 -2 2.9400129365 -1.64017030428 0.952762099172 -0.496151178076
4.38290225652 -2 2.9437003919 -1.64173149592 0.952254680458 -0.4996269404
4.38487781601 -2 2.94556603752 -1.64243667443 0.952003113889 -0.501314716866
4.39130363436 -2 2.95109716856 -1.64482819433 0.951161026069 -0.506807269378
4.39237409018 -2 2.95216401413 -1.64525945521 0.951017201027 -0.50772265667
4.39338380915 -2 2.95307387031 -1.64563466046 0.950880608153 -0.508586207259
4.39368663008 -2 2.95323064007 -1.64569887124 0.950839467402 -0.50884521046
4.41314584327 -2 2.97123627012 -1.65697146575 0.948025519195 -0.525505664525
4.41324078412 -2 2.97140196158 -1.65705711805 0.948010967019 -0.525587025335
4.4282846582 -2 2.98551833024 -1.6673824654 0.945603919794 -0.538486805645
4.43976336983 -2 2.99640923694 -1.67511117292 0.943631860322 -0.548338368728
4.43986026508 -2 2.99645684084 -1.67515598289 0.943614713934 -0.548421555684
4.44252800522 -2 2.99889771194 -1.67707185123 0.943139348502 -0.550712034016
4.44568288891 -2 3.00169064546 -1.67919424513 0.942568988732 -0.553421138351
4.45029994101 -2 3.00618173763 -1.68243038007 0.941718283974 -0.557386467067
4.45922187577 -2 3.01424224375 -1.68843905033 0.940020483583 -0.565050857756
4.46311322129 -2 3.01808640605 -1.69122617962 0.939257715014 -0.568394316054
4.47058007352 -2 3.024968255 -1.69647872883 0.937756195971 -0.574810557421
4.47102261252 -2 3.0251142439 -1.69670570186 0.937665640955 -0.575190850694
4.47384897271 -2 3.02776215634 -1.69872957 0.937083164026 -0.577619703514
4.47977230289 -2 3.03345994508 -1.70289925528 0.935839269723 -0.582710077976
4.4856566048 -2 3.03863180192 -1.70694137537 0.934572500825 -0.587766881994
4.50267712967 -2 3.0542850618 -1.71898231664 0.930733942955 -0.602391584746
4.51181607505 -2 3.06284612317 -1.72550211516 0.928565925077 -0.610241318794
4.53109916846 -2 3.08024702553 -1.73920486023 0.923746285679 -0.626793145642
4.5442577832 -2 3.09226048649 -1.74874992188 0.920266580581 -0.638076093983
4.54982864272 -2 3.09731445779 -1.75267523595 0.9187468036 -0.642849236104
4.55031186996 -2 3.09786775137 -1.75306420198 0.918613669266 -0.643263155669
4.55052813137 -2 3.09782912713 -1.75318868565 0.918554019396 -0.643448393448
4.55464841477 -2 3.10164452375 -1.75627580602 0.917409577409 -0.64697688351
4.57315669334 -2 3.11840729592 -1.76966329818 0.912082027561 -0.662808185798
4.58658367556 -2 3.13033350203 -1.77952905789 0.908026237821 -0.674271232934
4.59923532825 -2 3.14179449739 -1.78873339368 0.9040581133 -0.68505284322
4.61015499787 -2 3.15127563836 -1.7968420044 0.900519158834 -0.694341540269
4.61365989188 -2 3.1545125159 -1.79946770231 0.899360895769 -0.697319368609
4.62550909515 -2 3.16478228479 -1.80819491682 0.895364768523 -0.707372986993
4.63565791097 -2 3.17383799764 -1.81591414318 0.891843733542 -0.715966064888
4.63651373874 -2 3.17455839779 -1.81648867328 0.891542670757 -0.716689910739
4.64800255727 -2 3.18476316236 -1.82514067051 0.887438896963 -0.726394520166
4.65587868465 -2 3.19156756253 -1.83112622576 0.884558758216 -0.733033554459
4.66001595995 -2 3.19532126386 -1.83413363659 0.883024120109 -0.73651624929
4.66478438705 -2 3.19919519554 -1.83772071092 0.881236842323 -0.740526061175
4.66634788083 -2 3.20071138559 -1.83895685254 0.880646507184 -0.741839825077
4.66753301762 -2 3.2017232182 -1.83994733605 0.880197611491 -0.742835334745
4.677983901 -2 3.21078245764 -1.84788709947 0.876186242145 -0.751601416085
4.68246782805 -2 3.21459847237 -1.8511112611 0.874436108724 -0.755355351136
4.6852649798 -2 3.21709537807 -1.85347333317 0.873335523796 -0.757694890563
4.68882723661 -2 3.22032299169 -1.85605493003 0.871924096428 -0.760671841391
4.69224972678 -2 3.22306257475 -1.85869566473 0.870557718574 -0.763529288314
4.69572376417 -2 3.22609915499 -1.86147282788 0.869160423049 -0.766427021689
4.69796585585 -2 3.22790370432 -1.86303583898 0.868253105646 -0.768295684333
4.69921024024 -2 3.22928542764 -1.86402235886 0.8677476667 -0.769332301854
4.70439852351 -2 3.23357709488 -1.86802268291 0.865625955285 -0.773650360052
4.70995898484 -2 3.23841470162 -1.872354767 0.863326375927 -0.778270940283
4.71508019002 -2 3.24257931249 -1.87621497978 0.861185011676 -0.782519748268
4.71737673187 -2 3.24462865369 -1.87804286937 0.860217455492 -0.7844229313
4.72463768065 -2 3.25087693954 -1.88366106479 0.857128718126 -0.790431303615
4.74061891974 -2 3.26451678429 -1.89614337397 0.85017246424 -0.803606449706
4.74506638394 -2 3.26815740902 -1.89959539679 0.848198103161 -0.807260554503
4.74758805855 -2 3.2701856592 -1.90149308597 0.847071239305 -0.809329928556
4.75138104467 -2 3.27367742821 -1.90449153472 0.84536617039 -0.812439173771
4.75487239004 -2 3.27642813415 -1.90727560306 0.843785999066 -0.815297491006
4.75757192264 -2 3.27886150379 -1.90933251535 0.842557179824 -0.817505128378
4.76894829399 -2 3.28819359489 -1.91821346249 0.837311624102 -0.826784789242
4.7693947062 -2 3.28866095819 -1.91867270578 0.83710358192 -0.827148130442
4.77161136514 -2 3.29065880509 -1.92040250401 0.836068088555 -0.828951397624
4.77550989365 -2 3.29373869219 -1.92358722091 0.834236999226 -0.832119206443
4.77799374177 -2 3.29583479258 -1.92546230628 0.833063777562 -0.8341350328
4.79922951419 -2 3.31359864467 -1.9423067411 0.822824921095 -0.851289025633
4.80797928494 -2 3.32066656586 -1.9494107813 0.818498337165 -0.858313784729
4.81067081713 -2 3.32285068864 -1.95149853195 0.817154846943 -0.860469459076
4.8181252001 -2 3.32885495384 -1.95739309049 0.813403171555 -0.866426700765
4.82204901781 -2 3.33220288522 -1.96071208018 0.811410252208 -0.869554661686
4.83072181197 -2 3.33930785969 -1.96757720023 0.806961147835 -0.876448974986
4.83370479952 -2 3.3417121577 -1.97009778276 0.805416878123 -0.878814002816
4.83574352625 -2 3.34333011965 -1.97163108128 0.804357331371 -0.880428521596
4.84278164209 -2 3.3492385946 -1.97729298733 0.800673949227 -0.88599044667
4.85445356758 -2 3.35866861591 -1.98675375505 0.794478345133 -0.895173500812
4.85708097103 -2 3.36062924699 -1.98900734398 0.793068767512 -0.897233517538
4.86353319223 -2 3.3657495294 -1.99417385159 0.78958405535 -0.902281091641
4.86399945677 -2 3.36613762326 -1.99454909685 0.789330963201 -0.902645224316
4.86604574394 -2 3.36801465519 -1.99620702813 0.788218198503 -0.904242282568
4.86980348937 -2 3.37099283063 -1.99925753222 0.786166176494 -0.907170795808
4.87054211528 -2 3.3714525966 -1.9999893241 0.785761525901 -0.907745772197
4.87110458255 -2 3.37190119675 -2.00047417295 0.785453095649 -0.908183474723
4.88489032755 -2 3.38286555514 -2.01167581632 0.777816398481 -0.918871749132
4.88529190834 -2 3.38320104326 -2.01206526406 0.777591723083 -0.919181949046
4.89694446069 -2 3.39243695738 -2.02165298818 0.771018060309 -0.928154052272
4.89777243435 -2 3.39307345347 -2.02227529766 0.770546984098 -0.928789423713
4.90475650132 -2 3.39874959595 -2.02798110579 0.766552462702 -0.934137409803
4.90477406205 -2 3.39876967537 -2.02808245414 0.766542371806 -0.934150830827
4.90524153632 -2 3.39891096029 -2.02841345037 0.766273661088 -0.934508056273
4.9169373401 -2 3.40834899047 -2.03808780435 0.759496554656 -0.943415138345
4.91827398211 -2 3.40936066788 -2.03926329175 0.758715427424 -0.944429321938
4.92911099962 -2 3.41754791908 -2.04817787315 0.752332555391 -0.952623130892
4.93968670624 -2 3.42602837724 -2.05702380545 0.746018678579 -0.960569210926
4.94744983799 -2 3.43184573705 -2.06357274181 0.741330996278 -0.966369996988
4.95008773073 -2 3.43406856739 -2.06573802941 0.739727986274 -0.968334838606
4.95214355654 -2 3.43547591485 -2.06756873518 0.738475133763 -0.969863912639
4.96015642328 -2 3.44164412996 -2.07421048657 0.733562339634 -0.975805057825
4.96029415244 -2 3.44167065258 -2.07422572192 0.733477485034 -0.975906916526
4.96173281846 -2 3.44300572563 -2.07552202255 0.732590298289 -0.976970364175
4.96855477097 -2 3.44818397005 -2.08125354529 0.728362855805 -0.981999874248
4.97971755713 -2 3.45653828087 -2.09081488875 0.721372761572 -0.990182151369
4.98076777131 -2 3.45748788329 -2.09158911765 0.720710501918 -0.990948888415
4.98493316109 -2 3.46035338702 -2.09509280773 0.718076042352 -0.993984708275
4.98934034515 -2 3.46397294401 -2.09886052552 0.715275155265 -0.997187606666
4.99052439823 -2 3.4645631286 -2.09983865393 0.714520298043 -0.998046500987
4.99075935027 -2 3.46488020515 -2.10017677637 0.714370392898 -0.998216850357
5.01450120593 -2 3.48090740911 -2.12416481182 0.699021614625 -1.01529014363
5.01485128822 -2 3.48087777621 -2.12465066503 0.698792337458 -1.01553979104
5.02677933849 -2 3.48838490382 -2.13797428497 0.690929670311 -1.0240086811
5.03155104457 -2 3.4909756663 -2.14336593993 0.687756846734 -1.0273762318
5.03494625858 -2 3.49318934685 -2.14724397421 0.685489802024 -1.02976520518
5.03611341519 -2 3.49388840517 -2.14860475389 0.684708655087 -1.03058507448
5.04668766614 -2 3.50026308006 -2.16061111347 0.677589467951 -1.03798066007
5.04862711014 -2 3.50128432907 -2.16263113024 0.676275528033 -1.03933075059
5.05021291877 -2 3.50234947922 -2.16455354253 0.675199291118 -1.04043319711
5.05314378588 -2 3.5042399517 -2.1677730305 0.673205767333 -1.04246723097
5.05685556249 -2 3.50643964375 -2.17196419331 0.670672837695 -1.04503669666
5.06314030354 -2 3.51003992058 -2.17918011384 0.666363192359 -1.04937058631
5.06387632979 -2 3.51031458239 -2.18006549733 0.665856761998 -1.04987676268
5.06681068638 -2 3.51221135103 -2.18335583557 0.663834188252 -1.0518918783
5.06693710801 -2 3.51212398528 -2.18354696277 0.663746921467 -1.05197859222
5.07008545199 -2 3.514012537 -2.18699004815 0.661570275344 -1.05413530151
5.07234399995 -2 3.51546334322 -2.1896436129 0.660004786345 -1.05567918332
5.0791647878 -2 3.51948378307 -2.19751548031 0.6552567594 -1.0603249256
5.09235591967 -2 3.52727957894 -2.21242710605 0.645988551843 -1.06923758569
5.0965241057 -2 3.52945336129 -2.21726241073 0.643036658329 -1.07203393599
5.10047422034 -2 3.53193833287 -2.22172921848 0.640228961193 -1.07467509985
5.1045882881 -2 3.53401867458 -2.22641108018 0.637294181048 -1.07741665623
5.11729713512 -2 3.54131531047 -2.24108094732 0.628160852665 -1.08582575789
5.11843278395 -2 3.54209337202 -2.24245964073 0.62733978229 -1.08657275632
5.12397572236 -2 3.54505653192 -2.24879437795 0.623320743034 -1.09020825452
5.12577761878 -2 3.54625375054 -2.25091658759 0.622010132589 -1.09138631964
5.12984090492 -2 3.54864480228 -2.2554144269 0.619047343768 -1.09403606616
5.131774238 -2 3.54960050867 -2.25776677546 0.617634065893 -1.09529351548
5.13299705908 -2 3.55028805892 -2.25917841548 0.616738992293 -1.09608773868
5.13426367858 -2 3.55098275667 -2.26061933638 0.615810893548 -1.09690950448
5.13496165677 -2 3.55142095281 -2.26150795445 0.61529903974 -1.09736194969
5.13938296258 -2 3.55374446108 -2.26651853716 0.612049822131 -1.10022142898
5.14098681734 -2 3.55474807782 -2.26839018876 0.610868208234 -1.10125593671
5.14378131188 -2 3.55614685158 -2.27153008557 0.60880568209 -1.10305487138
5.1444603585 -2 3.55652658709 -2.27229987954 0.608303785788 -1.10349131995
5.14450500768 -2 3.55685514273 -2.27236434164 0.608270774962 -1.10352000828
5.1534091117 -2 3.56165532245 -2.2828037003 0.601663642816 -1.10921799745
5.15480188973 -2 3.56225379418 -2.28428911968 0.600625856399 -1.11010509816
5.16833534265 -2 3.5696535108 -2.29996494012 0.590481823223 -1.11866571975
5.17524459928 -2 3.57370010651 -2.30796672857 0.585261399492 -1.12299453475
5.1763087064 -2 3.57398304945 -2.30923212209 0.584454917357 -1.12365870721
5.1783961222 -2 3.57527775242 -2.31176132202 0.582870962873 -1.12495963145
5.18246647552 -2 3.57736634892 -2.31644209539 0.579775073569 -1.12748890098
5.1831250394 -2 3.57798283644 -2.31718417051 0.579273273898 -1.12789719558
5.19276904243 -2 3.58287213956 -2.32837806042 0.571896401707 -1.13384650704
5.19422369733 -2 3.58390692186 -2.33009870922 0.570779098275 -1.13473902445
5.19447947222 -2 3.58393418723 -2.33056479564 0.570582516205 -1.13489582585
5.19566939646 -2 3.58448953392 -2.33191532525 0.569667482332 -1.13562478406
5.20295124722 -2 3.58839564293 -2.34039395747 0.564050399315 -1.14006708466
5.21250120912 -2 3.59326521409 -2.35147816943 0.556638623797 -1.14584431279
5.21370786216 -2 3.59390531461 -2.35290172363 0.555698519697 -1.14657032343
5.22111848428 -2 3.5978241607 -2.36162100675 0.54990725808 -1.15100957581
5.221347958 -2 3.59804756981 -2.36194477968 0.54972744625 -1.15114650262
5.22203716399 -2 3.59836431658 -2.36278463919 0.549187222175 -1.1515575571
5.22223581514 -2 3.59844381769 -2.36298999013 0.549031464031 -1.15167598199
5.23171445184 -2 3.60355649237 -2.37406529596 0.541574446294 -1.15729841292
5.23335046805 -2 3.60409873772 -2.37595239059 0.540282427359 -1.1582632409
5.23374879973 -2 3.60449171468 -2.37657241308 0.539967632184 -1.15849790354
5.23916205939 -2 3.60725836283 -2.38285609981 0.535681154124 -1.16167719257
5.24279160844 -2 3.60910479899 -2.38716943636 0.532798309514 -1.16379870448
5.24951252306 -2 3.61265036642 -2.39501995929 0.527441578315 -1.16770551653
5.25669570544 -2 3.61599641504 -2.40346627202 0.521690052874 -1.17184986981
5.26116374672 -2 3.61852558645 -2.40877960034 0.518098901404 -1.17441141236
5.26763867453 -2 3.62155327768 -2.41649383399 0.512876348087 -1.17810124419
5.27601439852 -2 3.62573849929 -2.42644787323 0.506088668854 -1.18283505014
5.28154596933 -2 3.62846077915 -2.433001882 0.501586300119 -1.18593704803
5.28305684807 -2 3.62914976618 -2.43472083491 0.50035384544 -1.18678094353
5.28963891259 -2 3.63237128879 -2.44257992168 0.494971344381 -1.19044039024
5.29312646413 -2 3.6341894155 -2.44670923995 0.49211062013 -1.19236818356
5.30840235321 -2 3.64155071967 -2.4649363004 0.479509611039 -1.20072045249
5.31069481227 -2 3.64279556972 -2.4675784734 0.477608740704 -1.20196095489
5.31973380583 -2 3.64686973278 -2.4784513681 0.47008907664 -1.20681915869
5.32256584987 -2 3.64828510971 -2.48179774885 0.467725017856 -1.20833044729
5.32459495385 -2 3.6491219702 -2.48423995045 0.46602887305 -1.20941006481
5.3331572863 -2 3.65314239699 -2.49449349997 0.458850152174 -1.21393639859
5.33750372734 -2 3.6551426167 -2.4995737648 0.455192927431 -1.21621584991
5.3521825649 -2 3.66192040219 -2.51729565958 0.442777245613 -1.22382300761
5.35246232443 -2 3.66228573063 -2.51753094817 0.442539662396 -1.22396662283
5.35663043366 -2 3.66388152285 -2.52254482132 0.438995738693 -1.22610026008
5.35901573627 -2 3.66505624547 -2.52550378024 0.436964116868 -1.22731616277
5.36370645105 -2 3.66724862123 -2.53109812757 0.432961478023 -1.22969635104
5.36398738435 -2 3.66721413668 -2.5313910792 0.432721442674 -1.22983844499
5.36675115891 -2 3.66862823381 -2.53477223745 0.430358144082 -1.2312335749
5.36678809818 -2 3.66859037544 -2.53488071378 0.430326534413 -1.2312521875
5.36952687377 -2 3.66976612208 -2.53810295181 0.427981226799 -1.2326296739
5.37666771598 -2 3.67290893716 -2.54677441294 0.421850744729 -1.23619796957
5.38044655667 -2 3.67461279993 -2.55118451969 0.418597554173 -1.23807265158
5.38243356616 -2 3.67545738546 -2.55360716254 0.416884457903 -1.23905462163
5.38819942533 -2 3.67816260698 -2.56063621984 0.411903791154 -1.24188929466
5.40022656061 -2 3.68323401212 -2.57509802322 0.401468838405 -1.24773128266
5.40410731546 -2 3.6850657508 -2.57989976593 0.398088809055 -1.24959579541
5.40844463083 -2 3.68693986993 -2.58511548398 0.394303695222 -1.25166780381
5.40915364263 -2 3.68725900975 -2.58606608373 0.393684208225 -1.2520053193
5.41087879897 -2 3.68796108957 -2.58808716967 0.392176014167 -1.25282515754
5.4121820182 -2 3.68847547132 -2.58969691908 0.391035878647 -1.25344316517
5.4169308905 -2 3.69067850846 -2.59538313907 0.386875373048 -1.25568557207
5.42179072656 -2 3.6927363803 -2.60121036902 0.382608119236 -1.25796478798
5.43804356916 -2 3.69929082587 -2.62107041137 0.368268030611 -1.26547243208
5.44859387387 -2 3.70356811628 -2.63383282039 0.358903496041 -1.27025109741
5.45552155671 -2 3.70666718959 -2.64223736714 0.352730970734 -1.27334823382
5.45578658567 -2 3.7066579719 -2.6427253371 0.352494465945 -1.27346607801
5.46151256188 -2 3.70877877681 -2.6495615094 0.347378229279 -1.27600056061
5.46316440684 -2 3.70945278514 -2.65168601046 0.345899974914 -1.2767276089
5.46539495907 -2 3.7106331267 -2.6543368616 0.343902197766 -1.27770645188
5.46714480198 -2 3.71133838519 -2.65643455379 0.342333656662 -1.27847199429
5.46861750846 -2 3.711818928 -2.65840511539 0.341012649682 -1.27911469079
5.48068513666 -2 3.71666797148 -2.67295575568 0.330157775433 -1.28432589757
5.4834903899 -2 3.7175129907 -2.67638288389 0.327626779002 -1.28552320158
5.48577251104 -2 3.71847441527 -2.67932950373 0.325565660515 -1.2864933021
5.5097455077 -2 3.72770734248 -2.7087422828 0.303801846727 -1.296470755
5.51122881666 -2 3.72808768107 -2.7104084304 0.302448600958 -1.29707529834
5.51235383903 -2 3.72858628816 -2.71188114089 0.301421718941 -1.29753282093
5.51499850523 -2 3.7297874332 -2.71502979991 0.299006042184 -1.29860496562
5.51592509346 -2 3.72990306896 -2.71627848555 0.298159115141 -1.29897947985
5.52390593602 -2 3.73285636995 -2.72608200921 0.290852296025 -1.30218107884
5.52437798413 -2 3.73313090727 -2.72662149847 0.290419439071 -1.30236909009
5.53130319924 -2 3.73555190024 -2.73516167109 0.284060589008 -1.30510990719
5.53465709884 -2 3.7370093382 -2.73918293878 0.280975238782 -1.3064255683
5.53515132274 -2 3.73690609276 -2.73981507385 0.280520273141 -1.30661879454
5.53644199522 -2 3.73767288167 -2.74140924342 0.279331744287 -1.30712262374
5.55067344148 -2 3.74262629655 -2.75905021392 0.266190518897 -1.31260285255
5.55801038816 -2 3.74533556677 -2.76802622485 0.259390180308 -1.3153742687
5.55869086653 -2 3.74543029965 -2.76891817342 0.258758605849 -1.31562945007
5.55907731481 -2 3.7454189251 -2.76930176841 0.258399865428 -1.31577422881
5.56058535192 -2 3.7460986116 -2.77121565547 0.256999503093 -1.31633822539
5.5630392638 -2 3.74695236483 -2.77424455432 0.254719276349 -1.31725266026
5.57084279918 -2 3.7497784447 -2.78380969098 0.247455602062 -1.32013331724
5.58456925859 -2 3.75433345184 -2.8009613554 0.234633465285 -1.32509965105
5.5869028869 -2 3.75508151547 -2.80378252319 0.232447926869 -1.32593119407
5.58745191302 -2 3.75540731668 -2.80440829836 0.231933505345 -1.32612628905
5.59524373201 -2 3.75775447371 -2.81406154939 0.224623172045 -1.32887292401
5.5953921865 -2 3.75804840151 -2.8142604094 0.224483717535 -1.32892485249
5.61790465471 -2 3.76044652845 -2.84493105047 0.203262474412 -1.33662555306
5.62299113254 -2 3.76111242672 -2.85206239415 0.19844787131 -1.338317567
5.62593916202 -2 3.76096260267 -2.8561326656 0.195654134178 -1.3392901486
5.63781321369 -2 3.76183635378 -2.87279399491 0.184377496047 -1.34314748551
5.63921356924 -2 3.76186867037 -2.87473662699 0.183045085277 -1.34359605865
5.64041951794 -2 3.76186714899 -2.87643606023 0.181897228624 -1.34398128626
5.64079159541 -2 3.76211333249 -2.87693759584 0.18154299627 -1.34409994232
5.6444712501 -2 3.76229892212 -2.88208560042 0.178037839105 -1.34526830734
5.65660163602 -2 3.7625320896 -2.89902730707 0.166457507842 -1.34905458784
5.6585915176 -2 3.76294758135 -2.90183640901 0.164554213345 -1.34966611964
5.68514721559 -2 3.76379586854 -2.9391474601 0.139058580016 -1.35756913584
5.68977343115 -2 3.76396161961 -2.94552525531 0.134599305059 -1.35889682397
5.69025282913 -2 3.76363890652 -2.94623040422 0.134136912679 -1.35903357534
5.69226676606 -2 3.76401914167 -2.94899559918 0.132193816135 -1.359606357
5.69454585956 -2 3.76373701676 -2.95225426721 0.129993725655 -1.36025122616
5.69813546706 -2 3.76382807896 -2.95726963931 0.126526057138 -1.36125974671
5.70349851826 -2 3.76410926198 -2.96487387376 0.121339556898 -1.36275021644
5.7048084858 -2 3.7640466098 -2.96668646449 0.120071695871 -1.36311130691
5.70493299322 -2 3.76400246206 -2.96691864194 0.119951169836 -1.36314556654
5.71124916662 -2 3.7643537699 -2.97566472493 0.1138322861 -1.36486972481
5.71640802895 -2 3.76436610804 -2.9830407881 0.108827809166 -1.36625787892
5.73036931409 -2 3.76449965709 -3.00254233673 0.0952544597279 -1.36992409942
5.73224415705 -2 3.76437944969 -3.00524039528 0.0934284429294 -1.37040637278
5.73894777195 -2 3.76449353551 -3.01460727939 0.0868931867787 -1.37211130396
5.74380179099 -2 3.76445489812 -3.02138205653 0.0821550678742 -1.37332684622
5.7591751332 -2 3.76431391216 -3.04306580446 0.0671161995565 -1.37707153722
5.75975597958 -2 3.76428649717 -3.04381925124 0.0665470349517 -1.37720989244
5.76252662795 -2 3.76408811493 -3.04777892359 0.0638311656278 -1.3778667163
5.76616708474 -2 3.76402909128 -3.05292744742 0.0602603273867 -1.3787218686
5.76630575538 -2 3.76384605991 -3.05311112125 0.0601242559638 -1.37875426596
5.7723708296 -2 3.76373623049 -3.06161045142 0.0541691133639 -1.38015855496
5.77505862138 -2 3.76399067978 -3.0653768687 0.0515277101538 -1.38077295148
5.77580621564 -2 3.76386462746 -3.06651041312 0.0507927663447 -1.38094297747
5.77586990707 -2 3.76384216794 -3.06662723479 0.0507301476185 -1.38095744547
5.78503761662 -2 3.76364145245 -3.07947223836 0.0417086193786 -1.38301147616
5.79581659012 -2 3.76306472778 -3.0946280796 0.0310809690023 -1.38535421514
5.80014683077 -2 3.76322173973 -3.10073732751 0.0268053897028 -1.38627339061
5.80379918721 -2 3.76276202118 -3.10586438761 0.0231964481993 -1.38703888961
5.80471649258 -2 3.76290640267 -3.10723283759 0.0222896628802 -1.38722974218
5.80541762971 -2 3.76286011263 -3.10819170045 0.0215964632431 -1.38737523878
5.80871247881 -2 3.7625574973 -3.11278046138 0.01833771943 -1.38805455657
5.81174867522 -2 3.76247011953 -3.11711447159 0.0153330590644 -1.38867410532
5.81328369156 -2 3.76254031689 -3.11931283623 0.0138133573354 -1.38898498162
5.81733189065 -2 3.7624834379 -3.12493566213 0.009803534595 -1.38979726851
5.82169896006 -2 3.76226687213 -3.13103995501 0.00547462047341 -1.39066124078
5.82659473868 -2 3.76201518876 -3.13794420255 0.000617658432491 -1.39161464829
5.82768100582 -2 3.76168880955 -3.13956823544 -0.000460558335056 -1.39182401718
5.82924281965 -2 3.76174009724 -3.14178732629 -0.00201115301747 -1.39212366214
5.83137354982 -2 3.76148492648 -3.144762393 -0.00412725084367 -1.39252983019
5.83323620858 -2 3.76133554147 -3.14733445919 -0.00597775197501 -1.39288241411
5.83401558369 -2 3.76162052516 -3.14844463147 -0.00675221480608 -1.39302925527
5.83555145904 -2 3.76125818398 -3.15072742289 -0.00827871045865 -1.39331744121
5.83600793446 -2 3.76144746598 -3.15136350389 -0.00873247486778 -1.39340278913
5.8381222262 -2 3.76109475349 -3.15426936946 -0.0108346666704 -1.39379628856
5.84026813151 -2 3.76110492405 -3.15733051298 -0.0129690564378 -1.39419262316
5.8459318366 -2 3.76072563705 -3.16524550897 -0.0186060397172 -1.39522393091
5.85679000014 -2 3.76006464784 -3.18055178002 -0.0294276249538 -1.3971413764
5.85932618451 -2 3.75992545918 -3.18421047944 -0.0319579942151 -1.39757794497
5.8634048844 -2 3.75966997759 -3.18980084895 -0.036029476356 -1.39827107312
5.86741546565 -2 3.75905380675 -3.19550152875 -0.0400355027239 -1.39894185463
5.86780474176 -2 3.75922917411 -3.19610103075 -0.0404244699439 -1.39900639388
5.86874972703 -2 3.75893194031 -3.19739253528 -0.0413688029628 -1.39916264756
5.8696174669 -2 3.75909247288 -3.1986726664 -0.0422360654336 -1.39930560698
5.87470351668 -2 3.75857991908 -3.2058178466 -0.0473216422816 -1.40013349035
5.88157505016 -2 3.75796484066 -3.21555557174 -0.0541987746624 -1.40122478716
5.88374974565 -2 3.75793104366 -3.21856577 -0.0563767168067 -1.40156364833
5.88977452304 -2 3.7575108312 -3.2269528621 -0.0624141420816 -1.40248609451
5.89334095195 -2 3.75687456442 -3.23201519462 -0.0659905610372 -1.40302084344
5.89751291292 -2 3.75654117125 -3.23801155063 -0.0701765412959 -1.40363572742
5.90191260696 -2 3.75611150765 -3.24413520479 -0.0745937153382 -1.40427173512
5.90589602586 -2 3.75586216908 -3.2497843636 -0.0785953199095 -1.40483656021
5.90749169587 -2 3.75583542668 -3.25195115241 -0.0801988979971 -1.40505988424
5.90770783533 -2 3.75572603096 -3.25227185597 -0.0804161359135 -1.40509000536
5.90992850239 -2 3.75559259489 -3.25539331989 -0.082648464191 -1.40539769541
5.91941992738 -2 3.75456011294 -3.26886378802 -0.0921973597108 -1.40667623689
5.92408278405 -2 3.75409865405 -3.27529256927 -0.0968929111961 -1.40728265981
5.92878886727 -2 3.75331692839 -3.28205155567 -0.101634920731 -1.40788023458
5.93030288629 -2 3.75342209573 -3.28407452411 -0.10316111693 -1.40806939512
5.93227448482 -2 3.75305065117 -3.28691786343 -0.105149021283 -1.40831347284
5.93287030721 -2 3.75302508834 -3.2876855367 -0.105749870761 -1.40838673252
5.93556018685 -2 3.75254059377 -3.29156545082 -0.108463017063 -1.40871457311
5.93603365873 -2 3.75253362392 -3.29218433154 -0.108940680847 -1.40877178903
5.93850988888 -2 3.75230743562 -3.29565478292 -0.111439302639 -1.40906863382
5.94165492694 -2 3.75182674542 -3.30016656403 -0.114613906824 -1.40943986863
5.9426703004 -2 3.75187580294 -3.30148437054 -0.115639093229 -1.40955833982
5.94273328454 -2 3.75191213907 -3.30167118524 -0.115702690357 -1.40956566644
5.94301882193 -2 3.75160709295 -3.30195508748 -0.115991012968 -1.40959884899
5.9541461695 -2 3.75054279514 -3.31758792184 -0.127234814052 -1.41085047714
5.95764372272 -2 3.74983253168 -3.32262953574 -0.130772113375 -1.41122719451
5.96091907711 -2 3.7496695141 -3.32709332915 -0.134086028348 -1.41157274744
5.96297993054 -2 3.74935487132 -3.33014318409 -0.136171802545 -1.41178658656
5.96398997107 -2 3.7492639861 -3.33140821821 -0.1371942415 -1.41189038071
5.96411300972 -2 3.74916472621 -3.33165786002 -0.137318798744 -1.41190297906
5.96557583647 -2 3.74879565977 -3.33380905385 -0.138799817567 -1.41205200775
5.97162232017 -2 3.74801779048 -3.34222647004 -0.144924163804 -1.41265323363
5.97462379411 -2 3.74777720929 -3.34651630843 -0.147965867644 -1.41294285253
5.97596851739 -2 3.74747581643 -3.34830087401 -0.149328951136 -1.41307070902
5.98160212528 -2 3.7465017105 -3.35622111202 -0.15504171828 -1.41359358919
5.98179396823 -2 3.74682016729 -3.35650934533 -0.155236320105 -1.41361103232
5.98223129087 -2 3.74640952885 -3.35709472498 -0.155679947343 -1.41365070617
5.9824508742 -2 3.74672806638 -3.35739802395 -0.155902704368 -1.41367057996
5.98692286099 -2 3.74601899354 -3.36377445419 -0.160440499123 -1.41406852223
5.99117927577 -2 3.74539600317 -3.36977604111 -0.164761608815 -1.41443524265
6.00076567098 -2 3.74398371378 -3.38308808078 -0.174500934574 -1.41521823
6.00224882552 -2 3.74370986019 -3.38529694489 -0.176008629798 -1.41533406148
6.00254419432 -2 3.74371285626 -3.38562213916 -0.1763089137 -1.41535695949
6.00400729051 -2 3.74339443889 -3.38767860572 -0.177796492524 -1.41546955282
6.0054184703 -2 3.74294556563 -3.38964724181 -0.179231499805 -1.41557684111
6.01204391164 -2 3.74216343082 -3.39905224683 -0.18597158782 -1.41606337302
6.01486044003 -2 3.74175108328 -3.40287140272 -0.188838225543 -1.41626162604
6.01597974157 -2 3.74129982604 -3.4045114835 -0.189977665642 -1.41633899313
6.01739413313 -2 3.74135349674 -3.40645549326 -0.19141768699 -1.41643560274
6.02384210479 -2 3.7400085343 -3.41561116697 -0.197985051108 -1.41685970928
6.02396219737 -2 3.73997620367 -3.41569771015 -0.198107406722 -1.41686735442
6.02563295094 -2 3.7398101334 -3.41801594095 -0.199809792132 -1.41697275305
6.0268696008 -2 3.73959939943 -3.41974272029 -0.201070032467 -1.41704961053
6.02878226019 -2 3.73916733827 -3.42251340442 -0.203019473681 -1.41716654587
6.033181339 -2 3.73835818887 -3.42856723349 -0.207504502531 -1.41742657553
6.04004002538 -2 3.73746807316 -3.43813625918 -0.214500906169 -1.41780721116
6.04755113669 -2 3.7360316045 -3.44871037526 -0.222167922922 -1.41818945728
6.05053580003 -2 3.7354688322 -3.45295441308 -0.225215988242 -1.41833131935
6.05592465003 -2 3.73457805459 -3.46041081366 -0.230721366302 -1.41857302147
6.05639919767 -2 3.73422126167 -3.46116921635 -0.231206301073 -1.41859341663
6.05955350605 -2 3.73357843596 -3.46548271371 -0.234430164098 -1.41872532624
6.06070967008 -2 3.7333411067 -3.46712781746 -0.235612043977 -1.41877208422
6.07518607526 -2 3.7307328841 -3.48741167593 -0.250420306907 -1.41928536488
6.07967218115 -2 3.72970917414 -3.4937176359 -0.255012883874 -1.41941732953
6.08239902106 -2 3.72942881242 -3.49743179528 -0.257805261728 -1.41949128701
6.08319102608 -2 3.72921486199 -3.49862630276 -0.258616417367 -1.41951188181
6.08397891343 -2 3.72883651252 -3.49972172357 -0.259423407026 -1.41953197393
6.08470997567 -2 3.72863425051 -3.50062439314 -0.260172239451 -1.41955026406
6.08611183638 -2 3.72855840295 -3.50267253009 -0.261608298088 -1.41958438663
6.10024107317 -2 3.72560309104 -3.52236591622 -0.276091041642 -1.41985865828
6.10574667931 -2 3.72442242895 -3.53004829287 -0.281738647263 -1.41993126771
6.10804602646 -2 3.72403068988 -3.53318134857 -0.284097987949 -1.41995591185
6.10922172357 -2 3.72350145187 -3.53485479218 -0.285304516214 -1.41996722041
6.12536653062 -2 3.72006294745 -3.55736577164 -0.301883111076 -1.42003415901
6.12557079925 -2 3.71990410161 -3.55761335528 -0.302092990078 -1.42003395192
6.12793210296 -2 3.71944871406 -3.56092935204 -0.304519365306 -1.42002964813
6.1298589647 -2 3.71892077616 -3.56357958615 -0.306499620603 -1.42002353204
6.13432161171 -2 3.71776762829 -3.56975191929 -0.311086933406 -1.42000038507
6.13494312387 -2 3.71762140778 -3.57061027737 -0.311725918302 -1.41999616645
6.14139111687 -2 3.71634950203 -3.57957213386 -0.318356759926 -1.41993805635
6.14894602222 -2 3.71430839384 -3.5900411498 -0.326129498419 -1.41983671176
6.15052715906 -2 3.71413455595 -3.59230861915 -0.32775670717 -1.41981096448
6.15172175104 -2 3.71396562649 -3.59390135638 -0.328986217219 -1.41979047081
6.15808828837 -2 3.71223493859 -3.6027611026 -0.33554042232 -1.41966614722
6.1602831635 -2 3.7118525518 -3.60579495773 -0.337800603654 -1.41961739396
6.16112457687 -2 3.71141764454 -3.60698855862 -0.338667134106 -1.41959790353
6.16388300076 -2 3.71094413729 -3.61074644285 -0.341508215413 -1.41953089651
6.16473228018 -2 3.71059678278 -3.61200675463 -0.342383040744 -1.41950930627
6.1727213043 -2 3.70865894677 -3.62311594262 -0.35061457433 -1.4192841077
6.17679802263 -2 3.7076484889 -3.62860420112 -0.35481655557 -1.41915380434
6.17687308601 -2 3.70764618045 -3.62874231464 -0.35489393483 -1.41915130768
6.17986250003 -2 3.70685325678 -3.63284454103 -0.357975854932 -1.41904901501
6.18083249056 -2 3.70628708658 -3.63421720801 -0.358975976426 -1.4190146237
6.18179839573 -2 3.70624455984 -3.63562769394 -0.359971941338 -1.41897979319
6.18278054208 -2 3.70575813697 -3.63692164342 -0.360984709663 -1.41894377952
6.18650053745 -2 3.70484222542 -3.64209263612 -0.364821205306 -1.41880191249
6.20374396104 -2 3.70046699395 -3.66585208323 -0.382615045741 -1.41803158296
6.20529438694 -2 3.69982177028 -3.66804440573 -0.384215778765 -1.41795324288
6.20568495275 -2 3.6999463869 -3.66854611651 -0.38461903816 -1.41793327241
6.21115624265 -2 3.69841122436 -3.67603420424 -0.390269019845 -1.41764353608
6.21868954853 -2 3.69620192484 -3.68645345801 -0.39805098574 -1.41721414589
6.22731672217 -2 3.69377937519 -3.69843582787 -0.406966566726 -1.41667910388
6.23344884708 -2 3.69199733905 -3.70686540244 -0.413305992516 -1.41627071783
6.23376232581 -2 3.69195218084 -3.7071950193 -0.413630119146 -1.4162492143
6.23892247809 -2 3.69034152918 -3.71427437573 -0.418966242677 -1.4158864922
6.24305623965 -2 3.68920156486 -3.71989544482 -0.423241910932 -1.41558401569
6.24486736972 -2 3.68866044364 -3.72240107735 -0.425115474082 -1.41544815711
6.24487001667 -2 3.68865931212 -3.72240299187 -0.425118212386 -1.41544795707
6.24569895076 -2 3.68827965162 -3.72363706706 -0.425975773801 -1.41538509725
6.24612654866 -2 3.68828273537 -3.72410537625 -0.42641815163 -1.41535250528
6.25118501644 -2 3.68667081696 -3.73109949532 -0.431652121382 -1.41495835541
6.25788851175 -2 3.68460386855 -3.74032558511 -0.43859002972 -1.41441163794
6.26554065406 -2 3.68208315323 -3.75084376426 -0.44651226062 -1.41375359654
6.26779558358 -2 3.68160022016 -3.75394784198 -0.448847278851 -1.41355278413
6.26934222929 -2 3.68116118614 -3.75595739442 -0.450448986655 -1.41341323222
6.26952015547 -2 3.68099481307 -3.75625553032 -0.450633253913 -1.41339708343
6.27911709316 -2 3.67779012059 -3.76934008149 -0.460574246475 -1.41249710113
6.28639589414 -2 3.67545432034 -3.77932906264 -0.468116603493 -1.41177661877
6.28681671126 -2 3.67553839427 -3.77991904036 -0.468552725253 -1.41173396581
6.28754081438 -2 3.67519040284 -3.78080609253 -0.469303180263 -1.41166031703
6.28934624286 -2 3.67460755824 -3.78329006397 -0.471174406456 -1.41147527875
6.29601333221 -2 3.67253100565 -3.79245444382 -0.478085620743 -1.41077456447
6.29990406872 -2 3.67095483939 -3.79766475323 -0.482119644223 -1.41035299376
6.3031524771 -2 3.66923981902 -3.80223675436 -0.485488140787 -1.40999388038
6.30587663264 -2 3.66741025963 -3.80619044924 -0.4883133205 -1.4096877151
6.30596495124 -2 3.66727884324 -3.80625156888 -0.488404919155 -1.4096777126
6.30848480767 -2 3.66571525987 -3.80987322835 -0.491018486638 -1.40939030455
6.3106029973 -2 3.66452262769 -3.81295212636 -0.493215637384 -1.40914568658
6.31132601563 -2 3.66407546018 -3.813971361 -0.493965647129 -1.40906155717
6.31916897679 -2 3.6592652234 -3.82506504733 -0.502102657967 -1.40812829624
6.32293684492 -2 3.6568122427 -3.8304280547 -0.506012600134 -1.40766649152
6.32989445581 -2 3.65229064187 -3.84040397352 -0.513233909318 -1.40679079994
6.33023787614 -2 3.6521457837 -3.84084965495 -0.513590390274 -1.40674680613
6.3317075562 -2 3.65107188077 -3.84285584414 -0.515116010853 -1.40655771414
6.3498776218 -2 3.63953662855 -3.86866535296 -0.533983845829 -1.40411029112
6.3500290213 -2 3.63937635775 -3.86886752605 -0.534141106186 -1.40408904641
6.35166409627 -2 3.63848733576 -3.87114486577 -0.535839525112 -1.40385871228
6.35194187745 -2 3.63821395473 -3.87152170572 -0.536128076465 -1.40381941791
6.35260926602 -2 3.63769205932 -3.87256418402 -0.536821351474 -1.40372481678
6.36463197894 -2 3.62994423738 -3.88947269555 -0.549312861473 -1.4019737811
6.36618837031 -2 3.62883277829 -3.89167750452 -0.550930276402 -1.40174061468
6.36741271145 -2 3.62795782992 -3.893351273 -0.552202675124 -1.40155614848
6.3677707619 -2 3.62794320588 -3.89398837815 -0.552574788517 -1.40150202866
6.36789590484 -2 3.62762443268 -3.89404462233 -0.552704847557 -1.40148309457
6.36908796812 -2 3.62699061352 -3.89575284072 -0.553943764101 -1.40130225387
6.3742712147 -2 3.6236216579 -3.90303347993 -0.559331243193 -1.40050579308
6.37530880747 -2 3.62279368846 -3.90459502577 -0.560409818102 -1.40034437498
6.37639557571 -2 3.62224639892 -3.90611665739 -0.561539545707 -1.40017459814
6.37693436934 -2 3.621784553 -3.9068717521 -0.562099650776 -1.40009015806
6.37818721345 -2 3.62104855646 -3.90867397878 -0.563402083593 -1.39989312267
6.37843052443 -2 3.62066371926 -3.90889296523 -0.563655030507 -1.39985474532
6.38766118506 -2 3.61457377379 -3.92191110725 -0.573252551702 -1.39837195867
6.38817933095 -2 3.6142080197 -3.92271116388 -0.573791364607 -1.398287175
6.38855446163 -2 3.61406256921 -3.92316038862 -0.574181462779 -1.39822568993
6.3952027674 -2 3.6096628696 -3.93249698254 -0.581095702201 -1.39712168162
6.42208362317 -2 3.59126077974 -3.97013320067 -0.609064249851 -1.3923812212
6.4255975544 -2 3.58869256315 -3.97512396696 -0.612721781957 -1.39172874022
6.43405028267 -2 3.58298797305 -3.98690202445 -0.621521223581 -1.39012812716
6.43945655421 -2 3.57913548636 -3.99437588801 -0.627150181172 -1.38908136662
6.44300691686 -2 3.57668869383 -3.99925390436 -0.63084717238 -1.38838417068
6.44623856772 -2 3.57437145491 -4.00378822771 -0.634212552964 -1.38774282156
6.45175280301 -2 3.57047242829 -4.01145667219 -0.639955546856 -1.38663363956
6.46012105999 -2 3.56455122371 -4.0230734426 -0.648672315721 -1.38491462529
6.46041226336 -2 3.5643780073 -4.02356325782 -0.648975675735 -1.38485402977
6.46107913661 -2 3.56381159272 -4.02442132631 -0.649670395696 -1.38471506567
6.46359058014 -2 3.56186823174 -4.02785907041 -0.65228680022 -1.38418926891
6.47316036712 -2 3.55513138199 -4.04118939451 -0.662257828224 -1.38215011655
6.48312715675 -2 3.54785183986 -4.0549496872 -0.672644625607 -1.37996633842
6.48322635952 -2 3.54770491954 -4.05501421604 -0.672748019506 -1.37994429447
6.48377205401 -2 3.54745463606 -4.05581824007 -0.67331677224 -1.37982292655
6.48776101721 -2 3.54461386033 -4.0612724007 -0.677474478261 -1.37893015731
6.48792981051 -2 3.54445015553 -4.06154131808 -0.677650419247 -1.37889216303
6.48898302856 -2 3.5437170127 -4.0629629234 -0.678748250025 -1.37865469297
6.4904806887 -2 3.54248792832 -4.06509880353 -0.680309388317 -1.37831583423
6.49448109291 -2 3.53968783691 -4.07055572756 -0.684479575157 -1.37740391289
6.49572568673 -2 3.53877689062 -4.07225699309 -0.685777057814 -1.37711818138
6.49836459073 -2 3.53680231439 -4.07591203898 -0.688528205294 -1.3765091788
6.49907095241 -2 3.5361832197 -4.07692749617 -0.689264635227 -1.37634543504
6.49941227932 -2 3.53606588361 -4.07732685895 -0.689620495248 -1.37626620047
6.50373950394 -2 3.53289671491 -4.08334298134 -0.694132166985 -1.37525544319
6.50631841937 -2 3.53092559132 -4.08686346334 -0.696821184267 -1.37464754681
6.5078687967 -2 3.52968685261 -4.08900642852 -0.698437814707 -1.37428011354
6.50948590023 -2 3.52864402464 -4.09128124525 -0.700124072658 -1.37389528047
6.5119124018 -2 3.52683593795 -4.094631274 -0.702654437012 -1.37331479063
6.5139667296 -2 3.52507841653 -4.09734704673 -0.704796785745 -1.3728204838
6.52021247361 -2 3.52060234029 -4.10592073151 -0.711310631238 -1.37130158046
6.52499116253 -2 3.51682342123 -4.11246331775 -0.716294941248 -1.3701231089
6.52514778914 -2 3.51690641164 -4.11265979745 -0.716458314464 -1.37008424332
6.53316897791 -2 3.51086763943 -4.12359112588 -0.724825610356 -1.36807347813
6.53473369442 -2 3.50946512643 -4.12575178623 -0.726457978469 -1.36767657089
6.53835171933 -2 3.50686798569 -4.13073742874 -0.730232598127 -1.36675298771
6.54440740527 -2 3.50234343487 -4.13907917263 -0.736550900472 -1.36518890351
6.54646376477 -2 3.5005454159 -4.14177646511 -0.738696582773 -1.36465258396
6.54845004708 -2 3.49922499537 -4.14447092487 -0.740769212868 -1.36413203861
6.5493739593 -2 3.49838938813 -4.14577151964 -0.741733312422 -1.3638890705
6.5507556313 -2 3.49725893098 -4.14762073901 -0.743175109965 -1.36352472843
6.557600336 -2 3.49218386041 -4.15694988786 -0.750318146098 -1.36170223305
6.56088252745 -2 3.48962416524 -4.16141067038 -0.75374367037 -1.36081792481
6.56192520259 -2 3.48885230099 -4.1628028126 -0.754831915978 -1.36053559146
6.56279936449 -2 3.48811334972 -4.16404006555 -0.755744297082 -1.36029836386
6.56387548744 -2 3.48738678196 -4.16545384538 -0.756867486234 -1.36000567232
6.56570483222 -2 3.48595933899 -4.16794887136 -0.758776883758 -1.35950645153
6.5660925968 -2 3.48542782372 -4.16845291297 -0.759181623979 -1.35940036315
6.56952583821 -2 3.4828905358 -4.17317613081 -0.762765271702 -1.3584569575
6.57480174726 -2 3.47884319496 -4.18025815226 -0.768272676573 -1.35699282055
6.58143411745 -2 3.47345613087 -4.18921517638 -0.775196676671 -1.35512747882
6.60556513291 -2 3.45457377462 -4.22176353429 -0.800394295184 -1.3481071913
6.60574611026 -2 3.45442730959 -4.22208238352 -0.800583303487 -1.34805315316
6.60868355736 -2 3.45197750166 -4.22599446033 -0.803651164838 -1.34717316331
6.61590503855 -2 3.4462484351 -4.23561207669 -0.811193762667 -1.34498656464
6.61689610231 -2 3.44539978213 -4.23693590814 -0.81222895099 -1.34468390148
6.62587074718 -2 3.43813019467 -4.2490120466 -0.821603760241 -1.34191473802
6.62595358178 -2 3.43806334853 -4.2491322072 -0.821690293193 -1.34188894079
6.63150667197 -2 3.43364929002 -4.25658457123 -0.827491514554 -1.34014958417
6.63269193406 -2 3.43262547664 -4.25805727441 -0.828729788801 -1.33977579063
6.63538836305 -2 3.43025534716 -4.26167069108 -0.831546883942 -1.33892208912
6.63932189522 -2 3.42728264316 -4.26691074366 -0.835656604141 -1.33766840002
6.63940881657 -2 3.4271351039 -4.26703617545 -0.835747420951 -1.33764058508
6.64299465995 -2 3.42427109147 -4.27180764427 -0.839494046731 -1.33648890532
6.65303694393 -2 3.41583238576 -4.28517779469 -0.849987418005 -1.33321981705
6.6583641203 -2 3.41147675188 -4.29228839122 -0.855554355177 -1.33145940976
6.6672444789 -2 3.40401695919 -4.30407560781 -0.86483508933 -1.32848428036
6.66900694294 -2 3.40262966909 -4.30632482023 -0.866677115646 -1.32788777424
6.66979403023 -2 3.40190533703 -4.30737511413 -0.867499744673 -1.32762073752
6.67152151505 -2 3.40043896353 -4.30974273425 -0.869305258512 -1.32703324905
6.67879166723 -2 3.39435323463 -4.31926744169 -0.876904132178 -1.32453966789
6.68724500863 -2 3.38731290014 -4.33039057376 -0.885740350626 -1.32159724959
6.71370994099 -2 3.3647831967 -4.36517035262 -0.91340812768 -1.31208470464
6.71451275423 -2 3.36385992869 -4.36613407073 -0.914247519569 -1.31178898481
6.72014923559 -2 3.35918423798 -4.37350053127 -0.92014095291 -1.309700842
6.73227722003 -2 3.3485218868 -4.38935886317 -0.932822582962 -1.30513685363
6.74148487148 -2 3.34047021461 -4.40130717997 -0.942451198249 -1.3016068992
6.74355245008 -2 3.33882066802 -4.4039486344 -0.944613372512 -1.30080651442
6.75749776584 -2 3.32636468469 -4.42196996113 -0.959197292852 -1.29533375234
6.76158874534 -2 3.32272920099 -4.42725667227 -0.963475784074 -1.29370362225
6.77276218112 -2 3.31275627364 -4.4416792764 -0.975161685195 -1.28919411251
6.78207100077 -2 3.30438040622 -4.45350402125 -0.984897745834 -1.28537290451
6.78537798974 -2 3.30152377996 -4.45779865943 -0.988356563053 -1.28400129517
6.7884489056 -2 3.29875185543 -4.46172462634 -0.991568487064 -1.28272095693
6.7918130706 -2 3.29554590899 -4.46600149029 -0.995087142275 -1.2813110016
6.79403324329 -2 3.29375858116 -4.46895320808 -0.997409278277 -1.28037628678
6.79405025138 -2 3.29374584198 -4.46896279449 -0.997427067494 -1.28036911324
6.80072668199 -2 3.2876156811 -4.47738876115 -1.00441014435 -1.27753794057
6.8024737559 -2 3.28609937515 -4.47960874198 -1.00623746438 -1.27679205855
6.80678666615 -2 3.28204799545 -4.48516852505 -1.01074847457 -1.27494179094
6.81519637841 -2 3.27425627565 -4.49573086031 -1.01954443473 -1.27129724456
6.81799580415 -2 3.27187416904 -4.49940330149 -1.02247241817 -1.27007324748
6.8198919147 -2 3.27003833921 -4.50173697679 -1.02445559667 -1.26924113664
6.82260440643 -2 3.26759153986 -4.50515851163 -1.02729263249 -1.26804643714
6.82428607785 -2 3.26590351142 -4.5073640074 -1.02905151017 -1.26730320002
6.82844392566 -2 3.26206667945 -4.51257791153 -1.03340021718 -1.26545717296
6.82972236806 -2 3.26095734058 -4.51415631821 -1.03473733498 -1.26488715146
6.8329208137 -2 3.25784841635 -4.51817725518 -1.03808255458 -1.26345607975
6.84026913206 -2 3.25100835352 -4.52744360982 -1.04576794342 -1.26014125643
6.84275304913 -2 3.24876380914 -4.53060129534 -1.0483657487 -1.25901223774
6.84919215793 -2 3.24283029148 -4.53866482244 -1.0550999539 -1.25606534203
6.85704103209 -2 3.23552499711 -4.54851816201 -1.06330821998 -1.25243386582
6.86110755829 -2 3.23145167449 -4.5535893769 -1.06756079275 -1.25053530521
6.86489917555 -2 3.22805832964 -4.55833791983 -1.07152577252 -1.24875455674
6.86644220109 -2 3.22663947287 -4.56033369554 -1.07313931777 -1.24802695231
6.86647766532 -2 3.22644583004 -4.56032332721 -1.07317640257 -1.24801020952
6.88052491402 -2 3.21324407742 -4.57788121671 -1.08786469555 -1.24130807096
6.89421771303 -2 3.1998891749 -4.59475464033 -1.10218043656 -1.23463914777
6.89424042035 -2 3.19987090865 -4.59476651874 -1.1022041751 -1.23462797637
6.89777255764 -2 3.19660793895 -4.59915705131 -1.10589664201 -1.23288572328
6.89793720091 -2 3.19631250759 -4.59932139164 -1.1060687548 -1.2328042918
6.89945613216 -2 3.19500597982 -4.60123609329 -1.10765657993 -1.23205211322
6.9000630918 -2 3.19433476708 -4.60197823233 -1.10829106074 -1.23175107824
6.90517782667 -2 3.18786927545 -4.60806188101 -1.11363751043 -1.22920370423
6.90548462668 -2 3.18781033245 -4.6084845424 -1.11395819779 -1.22905029993
6.91078028133 -2 3.18092620999 -4.61477383156 -1.11949334237 -1.22639160529
6.91402230105 -2 3.17713500673 -4.61861241259 -1.12288176698 -1.22475385395
6.92174733281 -2 3.16720005314 -4.62779289814 -1.13095495811 -1.22082046038
6.9246316365 -2 3.16371138475 -4.6312318777 -1.13396899079 -1.21934061938
6.92528256328 -2 3.1629634538 -4.63211765927 -1.13464917399 -1.21900580412
6.92695298082 -2 3.16099355235 -4.63403083013 -1.13639463425 -1.21814516891
6.9281602142 -2 3.15946970995 -4.63547467829 -1.13765606977 -1.21752189626
6.93157510598 -2 3.15493460151 -4.63957375976 -1.14122413278 -1.21575302637
6.94036610217 -2 3.14405832105 -4.64985658928 -1.15040837009 -1.21115969948
6.95201177186 -2 3.12931965795 -4.66356820306 -1.16257240084 -1.2049862652
6.96163076176 -2 3.11689949074 -4.67494050426 -1.17261709799 -1.19981058759
6.96957444459 -2 3.10669283042 -4.68410153385 -1.18091051725 -1.19548375119
6.97142563663 -2 3.10433133677 -4.68625268608 -1.18284295995 -1.1944685622
6.97245771607 -2 3.10313115268 -4.68747911587 -1.18392029573 -1.19390144301
6.97410626681 -2 3.10117056091 -4.68939694518 -1.18564107066 -1.19299389887
6.97802365513 -2 3.09598185342 -4.69400895595 -1.18972975971 -1.19082903944
6.97833762583 -2 3.09557342059 -4.69428585259 -1.19005743981 -1.19065502415
6.98263759154 -2 3.09005697106 -4.69927625237 -1.19454485548 -1.18826423432
6.98568928457 -2 3.08612748682 -4.70282615854 -1.19772922822 -1.18655890616
6.98884806252 -2 3.08225012795 -4.70649975942 -1.20102502305 -1.18478621626
6.99174352403 -2 3.07826846313 -4.70987218323 -1.20404578773 -1.18315456316
6.99493662133 -2 3.07437897034 -4.71357090549 -1.20737673653 -1.18134770052
7.00112551301 -2 3.06640562582 -4.72067084687 -1.21383178812 -1.1778232013
7.01178475288 -2 3.0524948166 -4.73304140972 -1.22494609621 -1.17168321968
7.01285600757 -2 3.05095498593 -4.73424991043 -1.22606284023 -1.17106125504
7.01431581578 -2 3.04913750641 -4.73586249372 -1.22758456265 -1.17021225433
7.01661842449 -2 3.04612117019 -4.73849155967 -1.22998465407 -1.16886970488
7.01800082379 -2 3.04434060142 -4.74007910018 -1.23142547297 -1.1680616933
7.02054276595 -2 3.04096737311 -4.74306378648 -1.23407462702 -1.16657201598
7.0206157438 -2 3.0409069886 -4.74309394789 -1.23415067882 -1.16652917317
7.0238620703 -2 3.03687287275 -4.74680852973 -1.2375335142 -1.16461912812
7.02597598529 -2 3.03393091257 -4.74918905499 -1.23973607276 -1.16337089971
7.02766528773 -2 3.03170309782 -4.75110655592 -1.2414960708 -1.16237086323
7.02949451947 -2 3.02930435387 -4.75319795909 -1.24340170929 -1.16128544913
7.03275342221 -2 3.02491391705 -4.75688506781 -1.24679635684 -1.15934514929
7.04597514507 -2 3.00759450464 -4.77197085959 -1.26056360696 -1.15138656057
7.05104131143 -2 3.00106035066 -4.77771230919 -1.26583647594 -1.14830006376
7.05512642327 -2 2.9957710011 -4.78227751715 -1.27008727468 -1.14579624929
7.05592439848 -2 2.99459636335 -4.78323373359 -1.27091750942 -1.14530559208
7.0849261335 -2 2.9558944309 -4.81568345763 -1.30106649249 -1.12712228196
7.08838164437 -2 2.95131558695 -4.8194273588 -1.30465518335 -1.12490987417
7.09287836759 -2 2.94517118945 -4.82438594172 -1.30932400694 -1.12201605909
7.09697771011 -2 2.93978684875 -4.82894763111 -1.3135790195 -1.11936337967
7.10786721559 -2 2.925309517 -4.8410215804 -1.32487615998 -1.11224886927
7.12498301129 -2 2.90209820459 -4.85973594066 -1.34261422741 -1.100865431
7.12738085499 -2 2.89866825969 -4.86231397765 -1.34509733922 -1.09925088863
7.12948636992 -2 2.89583722873 -4.86463820503 -1.34727732377 -1.0978291514
7.1342361113 -2 2.88953949375 -4.86978020232 -1.35219364899 -1.09460804813
7.16310456812 -2 2.85004386233 -4.90100681593 -1.3820296692 -1.07461350495
7.16374315269 -2 2.8488892506 -4.90173710108 -1.38268872851 -1.07416305061
7.1650183229 -2 2.84718162142 -4.90305689657 -1.38400465718 -1.07326248641
7.16586290143 -2 2.84591396487 -4.90391303627 -1.38487613749 -1.07266523698
7.16899227057 -2 2.8416211692 -4.9072996738 -1.38810452813 -1.07044684158
7.17895278612 -2 2.82809630403 -4.91791607319 -1.39837317018 -1.06332863834
7.18257678182 -2 2.82290346 -4.92172917105 -1.40210653283 -1.06071707649
7.18425053022 -2 2.82048882902 -4.92351970825 -1.4038302858 -1.05950699873
7.18979974702 -2 2.81285816728 -4.92951887805 -1.40954295646 -1.05547727208
7.19841262055 -2 2.80088352817 -4.93859319607 -1.41840223022 -1.04916845216
7.19968421473 -2 2.79906471791 -4.93984288135 -1.41970943125 -1.04823140607
7.20430630742 -2 2.79270128527 -4.94470583945 -1.42445923793 -1.0448131328
7.21192249722 -2 2.78195270618 -4.95270351656 -1.43227987971 -1.03913861147
7.22279502504 -2 2.76689049808 -4.96410641827 -1.44343085184 -1.03094691543
7.22448686491 -2 2.76436855934 -4.96583997324 -1.44516455329 -1.02966256048
7.22808302073 -2 2.759551327 -4.96957270126 -1.44884834364 -1.02692386444
7.24226428953 -2 2.73929341934 -4.98422957985 -1.46335679065 -1.01600825647
7.24402871374 -2 2.73704295843 -4.98603873178 -1.46515980444 -1.01463717164
7.24832257499 -2 2.730961921 -4.99044783712 -1.46954555612 -1.01128847961
7.24980366819 -2 2.72860770367 -4.99194719034 -1.47105767333 -1.01012943624
7.25324548811 -2 2.72398622438 -4.99547950987 -1.47457023785 -1.00742812605
7.26314045773 -2 2.70967376183 -5.00557531403 -1.48465783681 -0.999600461251
7.26771712926 -2 2.70315755494 -5.01026772026 -1.4893180581 -0.99594892027
7.26900258708 -2 2.70128360276 -5.01147297165 -1.49062633668 -0.994919759636
7.27823632267 -2 2.68817255608 -5.02084331155 -1.50001548299 -0.98748119684
7.28444666613 -2 2.67941685214 -5.02708304094 -1.50632173234 -0.982432763953
7.28505956767 -2 2.67853774519 -5.02769922995 -1.50694371419 -0.981932541835
7.28698870759 -2 2.67583549709 -5.02965904417 -1.50890097801 -0.98035572798
7.28756829495 -2 2.67496612065 -5.030178559 -1.50948887879 -0.979881299008
7.29417405379 -2 2.66530301043 -5.03685148135 -1.51618488801 -0.974451370033
7.30485268007 -2 2.64987477401 -5.04750459522 -1.52699145416 -0.965584922544
7.30500456761 -2 2.64963525711 -5.04764868435 -1.52714499742 -0.965458017512
7.30888828898 -2 2.6440882091 -5.05149744429 -1.53106945967 -0.962205510662
7.31329003495 -2 2.63787776211 -5.05581836251 -1.53551362395 -0.958501498195
7.31410329933 -2 2.63655543309 -5.05661859001 -1.53633428309 -0.957815087068
7.31437554823 -2 2.6360697618 -5.05689232349 -1.53660897639 -0.95758515995
7.31453490728 -2 2.63608787766 -5.05703380422 -1.53676975901 -0.957450540218
7.3191873953 -2 2.62906438957 -5.0616204332 -1.54146143428 -0.953509415813
7.33754145602 -2 2.60252275113 -5.07962590336 -1.55992385654 -0.937755005381
7.33805999491 -2 2.60182462902 -5.08022335747 -1.56044435064 -0.93730509686
7.34329615447 -2 2.59423898989 -5.08523065829 -1.56569673589 -0.932747056226
7.35272292251 -2 2.58032460223 -5.09433008576 -1.57513624818 -0.924472524085
7.35931612807 -2 2.57083046057 -5.10064558114 -1.58172542614 -0.918632549311
7.36612292044 -2 2.56088318969 -5.10721305102 -1.58851654741 -0.912557693194
7.37711236308 -2 2.54465760099 -5.11763376836 -1.59945521362 -0.90265146454
7.37870311364 -2 2.54208908742 -5.11927887777 -1.60103594204 -0.90120739372
7.37931818754 -2 2.54118227029 -5.11986096313 -1.60164695661 -0.900648346615
7.38275282967 -2 2.53614897287 -5.12303172578 -1.60505702899 -0.897519504256
7.38322497519 -2 2.53562240388 -5.12344177263 -1.60552554333 -0.897088458574
7.38590184951 -2 2.53158296819 -5.12609081166 -1.6081806615 -0.894640315253
7.38725499795 -2 2.52938063276 -5.12725103583 -1.60952205184 -0.89340001253
7.39223936979 -2 2.52209719135 -5.13203149773 -1.61445865746 -0.888815197346
7.39423201584 -2 2.51932140039 -5.13383509459 -1.6164302265 -0.886975181262
7.39622707893 -2 2.51617140392 -5.13574762869 -1.61840304069 -0.885128860543
7.39739083758 -2 2.51470459062 -5.13681799378 -1.61955328807 -0.884049982349
7.39784018508 -2 2.51379169857 -5.13719044708 -1.61999731305 -0.883633036959
7.40039201055 -2 2.5101035893 -5.1395311253 -1.62251779099 -0.881261291025
7.40105215426 -2 2.50897806369 -5.14009170861 -1.62316951344 -0.880646643873
7.40615804978 -2 2.49961595178 -5.14387948857 -1.62820590066 -0.875877496202
7.40663441582 -2 2.49876868298 -5.1442903607 -1.62867538368 -0.875431178066
7.40912446236 -2 2.49436892291 -5.14611334628 -1.63112833483 -0.87309438624
7.41836429901 -2 2.47784702882 -5.15294182518 -1.6402138922 -0.864367184386
7.41838729768 -2 2.47778230412 -5.15302974029 -1.6402364737 -0.864345351289
7.4200550677 -2 2.47495609196 -5.15421916788 -1.6418735481 -0.862760639013
7.42213665668 -2 2.47084895854 -5.15567275418 -1.64391558898 -0.860778660008
7.43258167383 -2 2.4520939352 -5.16331401183 -1.65414108651 -0.850765276082
7.43381935783 -2 2.44994194728 -5.16421125694 -1.65535039132 -0.849571183155
7.44374342902 -2 2.43204760962 -5.1714897939 -1.66502831177 -0.839938525201
7.44942830809 -2 2.42201954487 -5.17553687149 -1.67055699277 -0.834373884077
7.46078038198 -2 2.4011924224 -5.18362199532 -1.68156299775 -0.823159645833
7.46136555271 -2 2.40027795982 -5.18408092788 -1.6821290708 -0.822577875107
7.4670899208 -2 2.38979541187 -5.18808588731 -1.68765997883 -0.816867551205
7.47595429696 -2 2.37383013447 -5.19442628009 -1.69620059601 -0.807955942775
7.47827012672 -2 2.36978137686 -5.19596893992 -1.69842691042 -0.805613923608
7.48462116993 -2 2.35811931784 -5.20050316965 -1.70452177047 -0.799161527909
7.48630607531 -2 2.35523023378 -5.20162387718 -1.70613605145 -0.797442458167
7.48736153645 -2 2.35305680256 -5.2023121292 -1.70714669804 -0.796364039161
7.4882033622 -2 2.35153908431 -5.20296776109 -1.70795246196 -0.795503042406
7.49271643516 -2 2.3432735444 -5.20596158097 -1.71226735789 -0.790874166042
7.49592648711 -2 2.33736255046 -5.20817952268 -1.71533143142 -0.7875683643
7.49787544055 -2 2.33406266889 -5.20955816898 -1.7171896984 -0.785555842012
7.51156011174 -2 2.30896237892 -5.21892116657 -1.73019294667 -0.771308834511
7.51413081018 -2 2.30420990313 -5.2206265142 -1.73262674389 -0.768609783176
7.51983271863 -2 2.29363517452 -5.22442505974 -1.73801472566 -0.762597457545
7.52698412744 -2 2.28062377228 -5.22925977539 -1.74475205615 -0.755006477256
7.53527407895 -2 2.26553505365 -5.23474578435 -1.75253304193 -0.746136796694
7.5427626754 -2 2.2518776154 -5.23969497775 -1.75953450026 -0.738059532772
7.54921874546 -2 2.2396290773 -5.2439366395 -1.76554926719 -0.731046307096
7.55322727476 -2 2.23232583986 -5.24655969927 -1.76927367399 -0.726668654936
7.55526000019 -2 2.22851107834 -5.24776423907 -1.77115932088 -0.724441948144
7.55724706789 -2 2.22478688492 -5.24905420558 -1.77300064663 -0.722260829341
7.55771277578 -2 2.22398097966 -5.24934868528 -1.77343191452 -0.7217490084
7.56035924129 -2 2.21913912261 -5.25109185065 -1.77588062119 -0.718835927588
7.56496291535 -2 2.21068952762 -5.25414606491 -1.78013192142 -0.713749924857
7.57023522877 -2 2.20101904923 -5.25741570959 -1.78498747658 -0.707896269499
7.57163524946 -2 2.19829716862 -5.25836839073 -1.78627443508 -0.706336675924
7.58713840563 -2 2.16939351511 -5.26803111095 -1.80045693373 -0.688920192838
7.59057648646 -2 2.16337647187 -5.2702529061 -1.80358473718 -0.685021366811
7.59872573618 -2 2.14796182177 -5.27527920138 -1.81097265113 -0.675727042284
7.60048763999 -2 2.14475653795 -5.27637647195 -1.81256510266 -0.673707758962
7.6506433181 -2 2.05106075999 -5.3062393762 -1.85713245918 -0.614755029715
7.65393081632 -2 2.04467510362 -5.3081881103 -1.85999944054 -0.610791309087
7.66523595056 -2 2.02340128798 -5.31462848388 -1.8698046037 -0.597066854445
7.66598876661 -2 2.02219635951 -5.31502413253 -1.87045453109 -0.59614776312
7.66600825569 -2 2.02218921411 -5.31511639954 -1.87047135153 -0.596123960889
7.6769324914 -2 2.00133633842 -5.32115994611 -1.87985934634 -0.582713890835
7.67968808274 -2 1.99613983508 -5.32278313977 -1.88221454462 -0.579309749781
7.68311680574 -2 1.98984379607 -5.32465471394 -1.88513771519 -0.575061944164
7.68712451575 -2 1.98204622021 -5.32683896486 -1.88854408141 -0.57007981727
7.69330803423 -2 1.97022919097 -5.33020786966 -1.89377749479 -0.562356861687
7.69435127354 -2 1.96850886201 -5.33087368 -1.89465774769 -0.561049590903
7.69583099763 -2 1.96556485056 -5.33169091544 -1.89590495053 -0.559193232295
7.70913329715 -2 1.94040859389 -5.33885940563 -1.90704532334 -0.542392668694
7.71134747308 -2 1.93639609924 -5.34000220861 -1.90888695627 -0.539576556805
7.71525511542 -2 1.92877963089 -5.34212622831 -1.91212814921 -0.534592917412
7.71935065164 -2 1.92122255943 -5.34422996772 -1.91551279266 -0.529350897498
7.72245603915 -2 1.9153712617 -5.34592968304 -1.91807062134 -0.525363412498
7.72793954334 -2 1.90489166257 -5.34872994311 -1.92256908947 -0.518295358568
7.74575777774 -2 1.87097918569 -5.35796421046 -1.93702311655 -0.495090826891
7.74945363755 -2 1.86394510759 -5.35981994293 -1.93998921615 -0.490232293795
7.75101429688 -2 1.8606233552 -5.36062546711 -1.94123836212 -0.48817598338
7.75950431552 -2 1.84442838997 -5.36478018399 -1.94799846943 -0.476940888708
7.76670968153 -2 1.83076420294 -5.36841813222 -1.95368832217 -0.467341278716
7.77034797168 -2 1.82374138139 -5.37023420499 -1.9565446038 -0.462471539881
7.77384565267 -2 1.81716508689 -5.37187934247 -1.95927978039 -0.457775780462
7.79106342014 -2 1.7841775137 -5.38010647475 -1.97258809076 -0.434457370153
7.79241134089 -2 1.78141829782 -5.38082860562 -1.97361883569 -0.432617630632
7.80614540294 -2 1.7549888725 -5.38709232526 -1.98402699057 -0.413754962459
7.8096304742 -2 1.74836998001 -5.38879147643 -1.98664045366 -0.408934518621
7.81773147617 -2 1.73272802544 -5.39243738664 -1.99267139934 -0.397676451039
7.82455088958 -2 1.71953541764 -5.39543374773 -1.99769991438 -0.388142061663
7.82672378244 -2 1.71562830063 -5.39649307729 -1.99929277694 -0.385093090789
7.82947002219 -2 1.70989653458 -5.39761022468 -2.00129939316 -0.381232015464
7.83602869053 -2 1.69748425231 -5.40059188221 -2.00606187001 -0.371976602124
7.84216915454 -2 1.68562445777 -5.40325750671 -2.01048220372 -0.363267659437
7.84722613235 -2 1.67572510781 -5.40535637243 -2.01409429925 -0.356063758201
7.84960635269 -2 1.67116577756 -5.4064379203 -2.01578552435 -0.352663145408
7.85010175427 -2 1.67022582546 -5.40669529666 -2.01613680212 -0.351954572797
7.85294563413 -2 1.66466984225 -5.4077908075 -2.01814850431 -0.347881683963
7.85678810439 -2 1.65752553484 -5.40949268346 -2.02085346798 -0.342364360432
7.86160519816 -2 1.64810251941 -5.41147098832 -2.02422306879 -0.335424426125
7.8661277653 -2 1.63923353652 -5.4134498261 -2.02736472538 -0.328885399321
7.87287999784 -2 1.6261430493 -5.41621945327 -2.0320153276 -0.319080482301
7.8752682741 -2 1.62150166053 -5.41714106495 -2.03364870683 -0.315600423532
7.87660951266 -2 1.61885005907 -5.41765403945 -2.03456333724 -0.313643293263
7.87865813628 -2 1.61476513861 -5.41842939869 -2.03595664329 -0.310650128971
7.88383715056 -2 1.60482437777 -5.4206131933 -2.0394588726 -0.303062711488
7.89117608587 -2 1.59054759732 -5.4235314195 -2.04437190326 -0.292260613734
7.89263566359 -2 1.58767695016 -5.42397336663 -2.04534198988 -0.290105260555
7.89514367604 -2 1.58274297676 -5.42506479357 -2.04700342258 -0.286396262464
7.89814720777 -2 1.57695123732 -5.42612657441 -2.04898395563 -0.28194544822
7.90666364219 -2 1.56042223563 -5.4294624456 -2.05454497244 -0.269272020889
7.95701925429 -2 1.46206425095 -5.44756141712 -2.08570978607 -0.192750198243
7.9584346553 -2 1.45929747455 -5.44804543188 -2.08654184819 -0.190560681423
7.96758803915 -2 1.44131342664 -5.45112078839 -2.09186279343 -0.176350959671
7.99725858025 -2 1.38320570921 -5.46072993682 -2.10838044438 -0.129700943627
8.02973086722 -2 1.31376416777 -5.45668291116 -2.12513012866 -0.0776387924955
8.07853606121 -2 1.20756209564 -5.44705331445 -2.14754702036 0.00250093256405
8.08793049032 -2 1.18744918598 -5.44502538143 -2.15146554004 0.0181764837323
8.09738736462 -2 1.16677388272 -5.44303072566 -2.15527690882 0.0340346755705
8.09782866412 -2 1.16604609346 -5.44286050668 -2.15545147346 0.0347765891913
8.11681404156 -2 1.12472899284 -5.43833593415 -2.16268026729 0.0668524900313
8.15246765073 -2 1.04690860655 -5.42907783013 -2.17473646276 0.127892397565
8.15416217476 -2 1.043341407 -5.42846852678 -2.17525901021 0.130818524678
8.15556673876 -2 1.04021499705 -5.42820402214 -2.17568862019 0.133245617817
8.15853190818 -2 1.03391131204 -5.42733523218 -2.17658506291 0.138374400119
8.17082501287 -2 1.00715385626 -5.4238133236 -2.18014855882 0.15970825704
8.18245044333 -2 0.981776622775 -5.42038145666 -2.18328948302 0.179985955908
8.18761397834 -2 0.970273984704 -5.4188493808 -2.18461241446 0.189023627497
8.20150668825 -2 0.939978778455 -5.41455918502 -2.18794919267 0.213432330547
8.24188416616 -2 0.852034354839 -5.4009748548 -2.19576826984 0.285093804282
8.25041497794 -2 0.833357674181 -5.39796312283 -2.19705546542 0.300362039368
8.25126069437 -2 0.831499027928 -5.39778711888 -2.19717603766 0.301877966357
8.25919564998 -2 0.814113605306 -5.39494163352 -2.19824518443 0.316120807201
8.2637794069 -2 0.803955555176 -5.39309621979 -2.19881143802 0.3243642811
8.26884015193 -2 0.793160925528 -5.39125524998 -2.19939272227 0.333478737834
8.27495191447 -2 0.779794391988 -5.38896699452 -2.20003305833 0.344504084262
8.31315907874 -2 0.696293427812 -5.37411642761 -2.20248720476 0.413841022583
8.31680376948 -2 0.688304415209 -5.37262501629 -2.20258013784 0.4204894872
8.34110078331 -2 0.635136948835 -5.36216530591 -2.20256176734 0.464944358285
8.36675251179 -2 0.579195549376 -5.35104548173 -2.20132497608 0.51209999033
8.37695950615 -2 0.557091083877 -5.34641802157 -2.20048102077 0.530917232918
8.3785093881 -2 0.553524918745 -5.34547444334 -2.2003352369 0.533776904487
8.37937431276 -2 0.551789380714 -5.34530576818 -2.20025185544 0.535373027368
8.43110491482 -2 0.439065179602 -5.32028654307 -2.19260388512 0.631105170416
8.43644029193 -2 0.427483514378 -5.3176084012 -2.19151486036 0.641000540304
8.43671604438 -2 0.426718441887 -5.31729929865 -2.19145703846 0.641512038549
8.45290453888 -2 0.391835346947 -5.30898229501 -2.1877971099 0.67154927671
8.45906659685 -2 0.378476722589 -5.30584119635 -2.1862665135 0.682985853939
8.4778549138 -2 0.337237403774 -5.29562601232 -2.18112995718 0.717857286705
8.49603483299 -2 0.297939304952 -5.28587706464 -2.17548395459 0.751586381855
8.51401560083 -2 0.258800001618 -5.27556066726 -2.16924365153 0.784915254308
8.51489092459 -2 0.257283227288 -5.27516917364 -2.16892317788 0.786536649614
8.53371820394 -2 0.21618419795 -5.26414611253 -2.16165450777 0.821379443811
8.55200220063 -2 0.176506269815 -5.25328893089 -2.15390782162 0.855145557222
8.56099213703 -2 0.157324038298 -5.24800133099 -2.14985022473 0.871716191599
8.60284115766 -2 0.0675173531892 -5.22025337147 -2.12880508848 0.948503235876
8.6131145729 -2 0.0477311515725 -5.20771286175 -2.12309690878 0.967248074813
8.65460503478 -2 -0.0323910432723 -5.15628047335 -2.09788145245 1.04242318548
8.66600651164 -2 -0.0545695950735 -5.1422992956 -2.09034830559 1.06291285151
8.66767006901 -2 -0.0576961269848 -5.14012666871 -2.08922751402 1.06589575703
8.6691467053 -2 -0.0607826011464 -5.13823835198 -2.08822804561 1.06854203543
8.67810826374 -2 -0.0777522251627 -5.12691940004 -2.08206947692 1.08457197178
8.6813297631 -2 -0.0841359688546 -5.12290665643 -2.07981668636 1.09032151823
8.68211818946 -2 -0.0857432085291 -5.12179686794 -2.07926221172 1.0917275964
8.68943660965 -2 -0.0997733695099 -5.11250455259 -2.07405677413 1.10475901867
8.68990608027 -2 -0.100627434832 -5.11196966818 -2.07371924074 1.10559371045
8.73021361144 -2 -0.177725028904 -5.05974214707 -2.04312890034 1.17664966308
8.73501694918 -2 -0.186714564721 -5.05323925648 -2.03927280641 1.18503193824
8.74365335499 -2 -0.203145480189 -5.04197707708 -2.03222776394 1.20005443958
8.76012073755 -2 -0.234626958106 -5.01999631849 -2.01839897904 1.228518316
8.79960839492 -2 -0.309706654566 -4.96707866426 -1.98315361215 1.29573942236
8.81960120897 -2 -0.34740648815 -4.93930469714 -1.96420758368 1.3291738828
8.82439102839 -2 -0.356836083916 -4.93287896854 -1.95956055987 1.33712049907
8.84134231798 -2 -0.388543990339 -4.9094281421 -1.94278352525 1.36503943871
8.86694766824 -2 -0.436331994304 -4.87325706502 -1.91647721204 1.40658409012
8.87427583753 -2 -0.450082393255 -4.86284543866 -1.9087384864 1.41832966261
8.89010998134 -2 -0.479772302786 -4.84008034551 -1.89170381946 1.44348140872
8.90568924817 -2 -0.508857457854 -4.81790612881 -1.87453133551 1.46791710292
8.93585729179 -2 -0.565064875614 -4.7739819959 -1.84014533013 1.51432239998
9.03428877761 -2 -0.745234346893 -4.62537238225 -1.71824204799 1.65667043443
9.03705752612 -2 -0.750564366253 -4.62139085112 -1.71461282343 1.66046111018
9.08119011627 -2 -0.830120363173 -4.55245904699 -1.65541360635 1.71921400442
9.08829433019 -2 -0.842693808984 -4.54093084114 -1.64565525128 1.72837294153
9.18178262748 -2 -1.00887445895 -4.39000767723 -1.5119575978 1.84086445124
9.18482554825 -2 -1.01423355862 -4.38496842557 -1.50745539479 1.84426896642
9.20904950957 -2 -1.05062123394 -4.34225070351 -1.47131451132 1.87078083678
9.21124430627 -2 -1.05310641224 -4.33831034059 -1.46801449534 1.87313085469
9.27665952329 -2 -1.12300089776 -4.2116687852 -1.36791348027 1.93915762278
9.28696951484 -2 -1.13390042966 -4.19128513322 -1.35185859297 1.94885043993
9.33144803412 -2 -1.18034102197 -4.10353417317 -1.28187160174 1.98842463192
9.3345917181 -2 -1.18366804836 -4.09732640046 -1.27688474545 1.99108379147
9.42728405269 -2 -1.27731578114 -3.90975239389 -1.1280553465 2.06132525919
9.67736282143 -2 -1.50949957588 -3.38167620697 -0.722448674766 2.17467119001
9.70157159752 -2 -1.53034764232 -3.3288888243 -0.683844340912 2.18009438836
9.7976934225 -2 -1.61115709782 -3.11846559593 -0.533143990275 2.19278521214
9.97980325532 -2 -1.7091750019 -2.72036470556 -0.262744544992 2.18153034004
10.0335052493 -2 -1.71933231394 -2.6043038964 -0.187613598271 2.17039078959
10.3314664317 -2 -1.72079417209 -1.97303130416 0.184625166295 2.05883089396
10.5187298595 -2 -1.67540335385 -1.58965677431 0.378493129581 1.95935175611
10.8992980915 -2 -1.48021707421 -0.881650084161 0.692649662751 1.71408525059
