1.77034980863 -2 1.25001217484 -1.94717719355 0.141565947487 0.398009367278
1.8432278434 -2 1.27069087689 -1.94638172427 0.116162437021 0.415074256429
2.31646863451 -2 1.37044701545 -1.96148753515 0.15392140859 0.466488422867
2.33512630927 -2 1.37464348763 -1.95967308424 0.160803324771 0.466190915741
2.45692219066 -2 1.40672261421 -1.93853186271 0.212483542754 0.459642072455
2.48579163325 -2 1.41589349239 -1.93093689471 0.22624262519 0.456909289438
2.62338254656 -2 1.47061331225 -1.88145011196 0.297990663787 0.437626957164
2.66057751736 -2 1.48887871182 -1.86440163737 0.318802270527 0.430637942017
2.67432180343 -2 1.4960376059 -1.85770198099 0.326612838126 0.427864582296
2.68771619993 -2 1.50320186903 -1.85111209592 0.334281512404 0.425062951323
2.69564571163 -2 1.50751356892 -1.8472498951 0.338846495153 0.423358441422
2.6958551585 -2 1.50766917676 -1.84696655691 0.338967317435 0.423312956418
2.77642195416 -2 1.55588073771 -1.80353311089 0.386247078682 0.404056348109
2.79288973227 -2 1.56663897094 -1.79410465576 0.396073946376 0.399690190659
2.80088896053 -2 1.57201268931 -1.78935469074 0.400862846259 0.39751695606
2.82161402402 -2 1.58606939284 -1.77743608711 0.413311766613 0.391727521822
2.83820738572 -2 1.59768903821 -1.76764519327 0.423316141612 0.386927546298
2.84523511219 -2 1.60282113452 -1.76314484881 0.427561720357 0.384850616028
2.84993723142 -2 1.60615247292 -1.76046194469 0.430404848787 0.383446388418
2.86424727594 -2 1.61664569668 -1.75170052818 0.43906824673 0.379101041271
2.87842567569 -2 1.62713271568 -1.74323440302 0.447665362378 0.374689303296
2.91838323924 -2 1.65781475659 -1.71890364504 0.471936259377 0.361689842665
2.99775736577 -2 1.72250334782 -1.67097643372 0.520092665489 0.333418615733
3.02880159727 -2 1.74890936995 -1.65272162976 0.538811155081 0.321489454004
3.03939363638 -2 1.75807567952 -1.64651280967 0.545173270462 0.317308736027
3.04759783229 -2 1.76517949728 -1.64180172626 0.550091231218 0.314032085126
3.05192664923 -2 1.76896285871 -1.63928848942 0.552682420624 0.312289733772
3.06671367828 -2 1.78177899475 -1.63107875297 0.561513226244 0.306267983532
3.08083304238 -2 1.79426042228 -1.62306483017 0.569913315002 0.300417567552
3.10046009441 -2 1.8115227974 -1.61247657534 0.581532857454 0.292122935937
3.1095014817 -2 1.81945073701 -1.60778631686 0.586861283283 0.288238897639
3.11363412366 -2 1.82301017491 -1.60577886271 0.589291424644 0.286450403127
3.14177250774 -2 1.84798996601 -1.59135057577 0.605742101895 0.274054497809
3.18230002403 -2 1.88379253803 -1.57221525179 0.629110869433 0.255539204871
3.30681810541 -2 1.99060491884 -1.526122805 0.697917391559 0.193928267668
3.3131140677 -2 1.9957949125 -1.52434406023 0.701256519914 0.190629858931
3.33652743523 -2 2.01481817165 -1.51827189797 0.71354145778 0.178213961061
3.33763982571 -2 2.01573392465 -1.51797588419 0.714119818132 0.177618235035
3.35191143561 -2 2.02714011872 -1.51466030423 0.721496193749 0.169928714388
3.35515579443 -2 2.02968927309 -1.51397411917 0.723161592055 0.168168662446
3.3694538057 -2 2.04081698865 -1.51113633122 0.730449448355 0.160359491362
3.37171981058 -2 2.04260233195 -1.51067063653 0.731596640698 0.159114035489
3.40553697876 -2 2.06817540941 -1.50523762558 0.748455454027 0.14027584166
3.40645287465 -2 2.06888084639 -1.50508670216 0.748905095176 0.139759138762
3.44119637405 -2 2.09391603408 -1.50142600453 0.765680668469 0.119910130821
3.44469822014 -2 2.09635344318 -1.50117064583 0.767340519542 0.117882939232
3.45981080518 -2 2.1067857769 -1.50023959499 0.774437018574 0.109079344684
3.47079374606 -2 2.11420167832 -1.49978319643 0.779525385578 0.102625793985
3.47430388468 -2 2.11654798884 -1.49968016829 0.781139220267 0.100553454834
3.48896379661 -2 2.12617745353 -1.49943775161 0.787813540506 0.091847603502
3.50917349196 -2 2.13904334134 -1.49964112925 0.796837675632 0.0797129999981
3.51126158448 -2 2.14035066256 -1.49968454723 0.797758195824 0.0784505459949
3.51791720477 -2 2.14445683685 -1.49992621102 0.800677273357 0.0744158117551
3.5188040559 -2 2.14501033462 -1.4999416738 0.801064504833 0.0738769556238
3.52359962437 -2 2.14792783766 -1.50016841809 0.803151338191 0.0709581309291
3.52574461775 -2 2.14923896256 -1.50025109979 0.804080867581 0.0696498503894
3.5278124682 -2 2.1504956544 -1.50034184719 0.804974687076 0.0683870283894
3.53076166355 -2 2.15225829233 -1.50052173441 0.806245580788 0.0665832760666
3.54714501159 -2 2.16191065378 -1.50165486703 0.813221840442 0.0565056959407
3.57774043944 -2 2.17910492876 -1.50474433078 0.825862528239 0.0374298293524
3.58974682911 -2 2.1855402529 -1.50632090846 0.830682349005 0.0298545612347
3.59149578805 -2 2.186447251 -1.50659084389 0.831377730713 0.028746936048
3.5949991145 -2 2.18832403037 -1.50703835702 0.832765478072 0.0265251102702
3.61776138349 -2 2.1999233696 -1.51070089167 0.841612749233 0.0119878262493
3.70990932552 -2 2.24095988575 -1.53189919255 0.874320742341 -0.0485813726524
3.71842160709 -2 2.24437679589 -1.53422966495 0.877081972173 -0.0543089742784
3.74541780764 -2 2.25454523872 -1.54237319094 0.885538475281 -0.0726140957531
3.75623792631 -2 2.25848046097 -1.54577172702 0.88879817186 -0.0800095011732
3.75742376057 -2 2.25888594876 -1.54617604585 0.889150867433 -0.0808220084928
3.76998693964 -2 2.26328982257 -1.55030246117 0.892831936563 -0.08945407299
3.77538044454 -2 2.2652332995 -1.55199680146 0.894380999844 -0.0931732728661
3.7958269861 -2 2.27216942756 -1.55893287003 0.900081536717 -0.107344151941
3.79815603879 -2 2.27288714002 -1.5598121768 0.900713523905 -0.108965432188
3.80477539689 -2 2.27496573957 -1.56225765128 0.902490187623 -0.113581036979
3.80605799408 -2 2.27538606275 -1.56270831768 0.902831099687 -0.114476704323
3.8075555481 -2 2.27592836934 -1.56316799328 0.903227771327 -0.115523023311
3.86327547457 -2 2.29321281315 -1.58389712811 0.916921956847 -0.154856323045
3.86460737381 -2 2.29362805679 -1.58438947902 0.917223647102 -0.155805816522
3.8703872649 -2 2.29537349702 -1.58660087861 0.918518833336 -0.159931073142
3.89462669181 -2 2.30257489984 -1.5960627578 0.923700993211 -0.177315609013
3.89912847905 -2 2.30375737421 -1.59803528362 0.924618819767 -0.180558960437
3.91619468167 -2 2.30874525866 -1.6048780647 0.927970477901 -0.192894991391
3.93013256905 -2 2.31282904971 -1.61050705524 0.930556931166 -0.203016277303
3.95334292859 -2 2.31976795849 -1.61983225383 0.934560821671 -0.219960433072
3.9651561036 -2 2.32324967859 -1.62473872757 0.936452169681 -0.228625836305
3.97441749826 -2 2.32612645293 -1.62842058568 0.937865469913 -0.235438361383
3.98352280311 -2 2.32882698873 -1.63228140263 0.939195183015 -0.242151939163
3.98897609924 -2 2.33058236358 -1.634409442 0.939963111622 -0.246180192762
3.99224726142 -2 2.33149731541 -1.63591044489 0.940413503565 -0.248599164401
4.00234540239 -2 2.33465955864 -1.64007237413 0.941755277004 -0.256078794216
4.00642707744 -2 2.33600475582 -1.64166954533 0.942276748402 -0.259107229295
4.01308960822 -2 2.33808801668 -1.64449346911 0.943102070237 -0.264056830761
4.0136194529 -2 2.33834765293 -1.64456188628 0.943166325491 -0.264450783999
4.03560800673 -2 2.34556877064 -1.65363035539 0.945653143887 -0.280841792485
4.03793743932 -2 2.34632811878 -1.654637639 0.945895973375 -0.282582925345
4.04593874218 -2 2.3491215709 -1.65780085597 0.946699874523 -0.288570147733
4.04715688756 -2 2.34953635869 -1.65831068838 0.946818157095 -0.289482557111
4.05980842471 -2 2.35398241602 -1.66346661295 0.947982338287 -0.298972439868
4.06048175063 -2 2.35422757775 -1.66373015674 0.94804100537 -0.299478189988
4.06481103895 -2 2.35577294738 -1.66551337897 0.948410258671 -0.302731652712
4.06534562495 -2 2.35595583574 -1.66575453549 0.948454898541 -0.303133589939
4.06814035323 -2 2.35699904655 -1.66682283368 0.948684845145 -0.305235546507
4.07939760334 -2 2.36115119847 -1.67140666187 0.949552801147 -0.313713923813
4.09872665573 -2 2.36859038534 -1.67922973908 0.950824682683 -0.328313558848
4.12292046525 -2 2.37853421086 -1.68879545407 0.952025897325 -0.34665809444
4.14293868056 -2 2.38731243437 -1.69667447865 0.952689762712 -0.361891509067
4.14785201134 -2 2.3895408691 -1.69849591621 0.952806866987 -0.365637591324
4.15898725633 -2 2.39474004831 -1.70284244916 0.953005236602 -0.374137396124
4.1651354135 -2 2.39769408541 -1.70523223911 0.953074852181 -0.378836160846
4.17213240669 -2 2.4011139001 -1.70790004682 0.953119482498 -0.384188438076
4.17382950899 -2 2.40192591897 -1.70848071215 0.953124752699 -0.385487369545
4.1810533603 -2 2.40557983437 -1.71128074319 0.953122902523 -0.391019574624
4.18735627123 -2 2.4088153054 -1.71366652804 0.953089134908 -0.39585063361
4.18993663854 -2 2.41015244533 -1.71463193456 0.953066658571 -0.397829517744
4.20217433625 -2 2.41663685696 -1.71919160703 0.952891539249 -0.407222878588
4.2032098471 -2 2.41722729737 -1.719606525 0.952871523475 -0.408018321482
4.21428494153 -2 2.42330743004 -1.72368336187 0.952606666551 -0.416531515426
4.22527235766 -2 2.42965515044 -1.72777565229 0.952252028988 -0.424987173934
4.23713353144 -2 2.43659166132 -1.73206670137 0.951766320673 -0.434125563561
4.2371439948 -2 2.43659593409 -1.73206956892 0.95176584501 -0.434133629517
4.25376030421 -2 2.44696295898 -1.73812274234 0.95090539139 -0.446952141308
4.26152573381 -2 2.45189916452 -1.74089781081 0.950431194193 -0.452948794868
4.26941768024 -2 2.45699466225 -1.74369934421 0.949902181687 -0.459046801336
4.26984015933 -2 2.4573305024 -1.74386198353 0.949872522796 -0.459373344964
4.27577006229 -2 2.46123570874 -1.74595869729 0.94944186319 -0.463957724586
4.27627394858 -2 2.46161197734 -1.74614419931 0.949404031591 -0.464347363017
4.29215628116 -2 2.47257769839 -1.75175350699 0.948112242454 -0.476635114091
4.29252480971 -2 2.47292202602 -1.75189221722 0.948079980983 -0.476920376165
4.29982907088 -2 2.47803686557 -1.75444499765 0.947419140605 -0.482575505433
4.31522130383 -2 2.48955456103 -1.75982379333 0.945892993929 -0.49449946775
4.31926538597 -2 2.49253015012 -1.76122567667 0.945461954996 -0.497633706765
4.32287187686 -2 2.49536686394 -1.76247732217 0.945066998254 -0.500429243107
4.32542900103 -2 2.49733335453 -1.76336254813 0.944780928258 -0.50241161083
4.32845814788 -2 2.49949380814 -1.76441044242 0.944435574899 -0.504760149139
4.33143200954 -2 2.50190175112 -1.76543862981 0.944089690245 -0.507066068178
4.37044857715 -2 2.53432993553 -1.77884066293 0.938924222421 -0.537335847433
4.372560093 -2 2.53606525993 -1.77957207051 0.938611400463 -0.538974569129
4.37883228432 -2 2.5416195805 -1.78171633207 0.93766201966 -0.543842484523
4.38290225652 -2 2.54510695976 -1.78312262247 0.937029842126 -0.547001307188
4.38487781601 -2 2.54717586721 -1.78377000318 0.936718406495 -0.54853460478
4.39130363436 -2 2.55295886293 -1.78597283041 0.935684722415 -0.55352188301
4.39237409018 -2 2.55369955104 -1.78636463225 0.935509448989 -0.554352689037
4.39338380915 -2 2.55476658861 -1.78669525126 0.935343315469 -0.555136352185
4.39368663008 -2 2.55487810798 -1.78681691127 0.935293338677 -0.555371376834
4.41314584327 -2 2.57325960023 -1.79347833581 0.931934472644 -0.570472641865
4.41324078412 -2 2.57329420597 -1.79351811815 0.931917373487 -0.57054631083
4.4282846582 -2 2.58808424465 -1.798683832 0.929120677978 -0.582217728869
4.43976336983 -2 2.59957092702 -1.80266071283 0.926870161323 -0.591120121805
4.43986026508 -2 2.59960579481 -1.80270361526 0.926850734624 -0.591195255799
4.44252800522 -2 2.60265826299 -1.80358033217 0.926313051595 -0.59326376152
4.44568288891 -2 2.60590726397 -1.80467439815 0.925670153932 -0.595709731772
4.45029994101 -2 2.61056316449 -1.80629965891 0.924715565839 -0.599288786301
4.45922187577 -2 2.6198869281 -1.80942268778 0.922824719057 -0.606202960211
4.46311322129 -2 2.62395732399 -1.81079807342 0.921980947538 -0.609217736647
4.47058007352 -2 2.63207596766 -1.81341246612 0.920329465764 -0.615000969779
4.47102261252 -2 2.63269415643 -1.81354618196 0.92023024935 -0.615343654969
4.47384897271 -2 2.63555013734 -1.81458036965 0.919593054266 -0.617532085442
4.47977230289 -2 2.64186950542 -1.81670989675 0.918237855841 -0.622117349363
4.4856566048 -2 2.64872277478 -1.8187518962 0.916865051962 -0.626670805999
4.50267712967 -2 2.66803460573 -1.82487164653 0.912745397127 -0.639831951123
4.51181607505 -2 2.67838846037 -1.82824522699 0.910442249541 -0.646891976259
4.53109916846 -2 2.7009872872 -1.83544142078 0.905373954859 -0.661771222046
4.5442577832 -2 2.71709864596 -1.84040153281 0.90175309224 -0.671909726491
4.54982864272 -2 2.72408083251 -1.84251652113 0.900180542729 -0.676198003212
4.55031186996 -2 2.72481334492 -1.84267850906 0.900043026867 -0.676569860448
4.55052813137 -2 2.72488818425 -1.84279638455 0.899981426247 -0.676736273718
4.55464841477 -2 2.7302916234 -1.84433749742 0.898801015602 -0.679906107625
4.57315669334 -2 2.75354944502 -1.85162958482 0.893339963743 -0.694127162469
4.58658367556 -2 2.77076461815 -1.85705746462 0.88921602602 -0.704424435493
4.59923532825 -2 2.78738651124 -1.86225991466 0.88520570406 -0.714110880893
4.61015499787 -2 2.80177335179 -1.86687161155 0.881647432366 -0.722457835447
4.61365989188 -2 2.80677447902 -1.86830956677 0.880486315555 -0.72513421102
4.62550909515 -2 2.82301076188 -1.87338567349 0.876492529186 -0.734172094337
4.63565791097 -2 2.83690395759 -1.87785464429 0.872988136347 -0.741899913929
4.63651373874 -2 2.83785259687 -1.87827555701 0.872689091356 -0.742551013614
4.64800255727 -2 2.85368515361 -1.8834617304 0.868621606304 -0.751282660531
4.65587868465 -2 2.86440852156 -1.88712374009 0.865776187165 -0.757258836817
4.66001595995 -2 2.87054169431 -1.88898961442 0.864262972773 -0.76039479746
4.66478438705 -2 2.8775940722 -1.89116756892 0.862503094827 -0.764006292534
4.66634788083 -2 2.87948834325 -1.89195837745 0.861922372821 -0.765189769827
4.66753301762 -2 2.88125574387 -1.89250341243 0.861480970438 -0.766086627497
4.677983901 -2 2.89579111346 -1.89755717382 0.857543353262 -0.773986865544
4.68246782805 -2 2.9021560691 -1.89974260069 0.855829064562 -0.777371665561
4.6852649798 -2 2.90657734701 -1.90104327455 0.854752109532 -0.779481679573
4.68882723661 -2 2.91126922455 -1.90286831819 0.853372181483 -0.78216717577
4.69224972678 -2 2.91662312646 -1.9044967077 0.852037544822 -0.784745523751
4.69572376417 -2 2.92130709568 -1.90628686321 0.850673943238 -0.787360898687
4.69796585585 -2 2.92487861775 -1.90736050211 0.849789157191 -0.789047846537
4.69921024024 -2 2.92670859382 -1.90798381194 0.849296488591 -0.789983787408
4.70439852351 -2 2.93411498928 -1.91063881466 0.847230053636 -0.793883474744
4.70995898484 -2 2.94238066498 -1.91346777537 0.844993335737 -0.798058215637
4.71508019002 -2 2.94981190972 -1.91613565658 0.842913155599 -0.801898804753
4.71737673187 -2 2.95344562385 -1.91729499221 0.841974054339 -0.803619693164
4.72463768065 -2 2.96378560289 -1.92118390847 0.838979397826 -0.809054912349
4.74061891974 -2 2.98723682363 -1.92986441391 0.832251946597 -0.820986491565
4.74506638394 -2 2.99382248935 -1.93232791857 0.830346494402 -0.824299110803
4.74758805855 -2 2.99758407025 -1.93373169518 0.829259700375 -0.826175785433
4.75138104467 -2 3.0032365393 -1.93585921821 0.827616255414 -0.828996455256
4.75487239004 -2 3.00879373101 -1.93778198005 0.826094235036 -0.831590518736
4.75757192264 -2 3.01262906205 -1.93934688998 0.824911310804 -0.833594748085
4.76894829399 -2 3.02965986847 -1.94591768581 0.819867997022 -0.842026188437
4.7693947062 -2 3.03054426616 -1.94614839374 0.81966817912 -0.842356547074
4.77161136514 -2 3.03349732856 -1.94750085458 0.818673842702 -0.843996383284
4.77550989365 -2 3.0392248276 -1.94981923866 0.816916421328 -0.84687815987
4.77799374177 -2 3.0430063798 -1.95128813845 0.815790983613 -0.848712689488
4.79922951419 -2 3.07525006699 -1.96418967194 0.805987063777 -0.864347607837
4.80797928494 -2 3.08854592758 -1.96967755086 0.801853094921 -0.870763184454
4.81067081713 -2 3.09241065747 -1.97141456238 0.800570387116 -0.872733500419
4.8181252001 -2 3.10379160472 -1.97618988373 0.796990753336 -0.87818247106
4.82204901781 -2 3.10954778595 -1.97876197185 0.795090549779 -0.88104593776
4.83072181197 -2 3.12280596296 -1.98445480755 0.79085155551 -0.887363245267
4.83370479952 -2 3.1267644607 -1.98650653226 0.789381177119 -0.889532268962
4.83574352625 -2 3.12966438894 -1.98789231717 0.788372603417 -0.891013560626
4.84278164209 -2 3.1408716679 -1.99258197734 0.784868100245 -0.896120175381
4.85445356758 -2 3.15802950599 -2.00066779636 0.778978879542 -0.904564218724
4.85708097103 -2 3.16184698151 -2.0025174248 0.77763990654 -0.906460694952
4.86353319223 -2 3.17133787585 -2.00708579445 0.774331073926 -0.911111117743
4.86399945677 -2 3.17222434231 -2.00739734994 0.774090827339 -0.911446798112
4.86604574394 -2 3.17510518356 -2.00887233998 0.773034651859 -0.912919385422
4.86980348937 -2 3.18074588476 -2.01155955827 0.771087450314 -0.915621016596
4.87054211528 -2 3.18172388108 -2.01210310393 0.770703539541 -0.916151655892
4.87110458255 -2 3.182641019 -2.01250023294 0.770410932593 -0.916555652801
4.88489032755 -2 3.20324069239 -2.02255561723 0.763169968313 -0.926433478387
4.88529190834 -2 3.2040963561 -2.02282859401 0.762957044343 -0.926720525477
4.89694446069 -2 3.22097208219 -2.0315843168 0.756729697859 -0.935032243061
4.89777243435 -2 3.22196896875 -2.03223084798 0.756283614319 -0.935621538964
4.90475650132 -2 3.23217897123 -2.03756380071 0.752501887332 -0.940585406399
4.90477406205 -2 3.23218503935 -2.03757892419 0.752492335893 -0.940597871864
4.90524153632 -2 3.23305324342 -2.0379228874 0.752237993785 -0.940929678943
4.9169373401 -2 3.25044952165 -2.0469864987 0.745825327973 -0.949212838277
4.91827398211 -2 3.25230890514 -2.0480441547 0.745086444035 -0.950157201457
4.92911099962 -2 3.26786344863 -2.05667034559 0.739050391304 -0.957796322454
4.93968670624 -2 3.28319600928 -2.06523059285 0.733082115038 -0.965220884158
4.94744983799 -2 3.29403685462 -2.07163650133 0.728652384293 -0.970651480792
4.95008773073 -2 3.29765135693 -2.07383529558 0.727137814989 -0.972492992748
4.95214355654 -2 3.300383542 -2.07555995724 0.725954159105 -0.973926820779
4.96015642328 -2 3.31185483152 -2.0822895733 0.721313275676 -0.979504050047
4.96029415244 -2 3.31190271239 -2.08241376578 0.721233124876 -0.979599755881
4.96173281846 -2 3.31373067882 -2.08364334431 0.720395131739 -0.980599140588
4.96855477097 -2 3.3233636004 -2.08946209981 0.71640241008 -0.985330049275
4.97971755713 -2 3.33896786467 -2.09912737801 0.709801338872 -0.993042314165
4.98076777131 -2 3.33997856276 -2.10006323416 0.709175981299 -0.993766028525
4.98493316109 -2 3.34592556905 -2.1037137956 0.706688375017 -0.996633250773
4.98934034515 -2 3.35192436248 -2.10761287522 0.704043698933 -0.999661325578
4.99052439823 -2 3.35360604444 -2.10866259738 0.703330952267 -1.00047387725
4.99075935027 -2 3.35368794417 -2.10887922219 0.703189410183 -1.00063506244
5.01450120593 -2 3.38553467357 -2.1303884066 0.688696916318 -1.01683674467
5.01485128822 -2 3.38565690751 -2.13071645545 0.688480419243 -1.01707435273
5.02677933849 -2 3.40119237713 -2.14181905526 0.681055557223 -1.02514730715
5.03155104457 -2 3.40755956201 -2.14631393352 0.678059077018 -1.02836426969
5.03494625858 -2 3.41165657481 -2.14953150089 0.675917891588 -1.03064882467
5.03611341519 -2 3.41322281242 -2.15064113231 0.675180081787 -1.03143332402
5.04668766614 -2 3.4266267328 -2.16077676912 0.668455067255 -1.03852076093
5.04862711014 -2 3.42899179979 -2.16265108184 0.667213705469 -1.0398167449
5.05021291877 -2 3.43066650267 -2.16418368564 0.666196873169 -1.04087550788
5.05314378588 -2 3.43447627875 -2.16703458909 0.664313277675 -1.04283012797
5.05685556249 -2 3.4390864881 -2.17065880233 0.661919810069 -1.04530148629
5.06314030354 -2 3.44673167599 -2.17683422033 0.657846873578 -1.04947556086
5.06387632979 -2 3.44752873384 -2.17755833184 0.657368208763 -1.04996354
5.06681068638 -2 3.45070422939 -2.18045108854 0.655456414327 -1.05190719191
5.06693710801 -2 3.45128341026 -2.18058874717 0.655373923236 -1.05199086592
5.07008545199 -2 3.45451495062 -2.18369922762 0.653316283746 -1.05407291058
5.07234399995 -2 3.4574201141 -2.18595681556 0.651836252113 -1.0555644625
5.0791647878 -2 3.46554329854 -2.19279571346 0.647346689857 -1.06005843377
5.09235591967 -2 3.48077991629 -2.20617943044 0.638579627446 -1.06870437159
5.0965241057 -2 3.48519118724 -2.21043378816 0.635786334513 -1.07142381216
5.10047422034 -2 3.48948919054 -2.21449215527 0.63312900849 -1.07399536539
5.1045882881 -2 3.49428344153 -2.21876197486 0.630350886887 -1.07666781512
5.11729713512 -2 3.50802890891 -2.23202428642 0.621701525695 -1.08488535128
5.11843278395 -2 3.50933256881 -2.23322650719 0.620923687365 -1.08561684569
5.12397572236 -2 3.51529596718 -2.23908653309 0.617115579719 -1.08918047715
5.12577761878 -2 3.51680801791 -2.24096022521 0.615873504316 -1.09033654135
5.12984090492 -2 3.52128235918 -2.24530244007 0.613065183929 -1.09293912911
5.131774238 -2 3.52325014455 -2.24736076931 0.611725359381 -1.09417533406
5.13299705908 -2 3.5245333422 -2.248669303 0.610876728379 -1.09495651794
5.13426367858 -2 3.52582730592 -2.25002320457 0.609996721649 -1.09576510233
5.13496165677 -2 3.52649513994 -2.25076532612 0.609511362861 -1.09621042516
5.13938296258 -2 3.53097621808 -2.25550866717 0.606429862818 -1.09902712144
5.14098681734 -2 3.53236495364 -2.25720835287 0.605309037025 -1.10004710582
5.14378131188 -2 3.53539329418 -2.26024965422 0.603352352577 -1.10182200328
5.1444603585 -2 3.53603736571 -2.26097938717 0.602876160471 -1.10225285424
5.14450500768 -2 3.53605291716 -2.2610241038 0.602844839557 -1.10228117785
5.1534091117 -2 3.54473800068 -2.27068054915 0.596574155543 -1.10791465391
5.15480188973 -2 3.54600200771 -2.272187967 0.595588886603 -1.10879314341
5.16833534265 -2 3.55897078085 -2.28707622576 0.585953330034 -1.11729093652
5.17524459928 -2 3.56528611617 -2.29473321995 0.580991039142 -1.1216022464
5.1763087064 -2 3.56600408379 -2.29587302073 0.580224214072 -1.12226459764
5.1783961222 -2 3.56776746571 -2.2981762337 0.57871797305 -1.12356262727
5.18246647552 -2 3.57156158642 -2.3027521874 0.575773304898 -1.12608883486
5.1831250394 -2 3.57212536793 -2.3034854901 0.57529593158 -1.12649695482
5.19276904243 -2 3.5803512948 -2.31429040576 0.568275383312 -1.13245393406
5.19422369733 -2 3.58148508904 -2.31590889905 0.567211591591 -1.1333492683
5.19447947222 -2 3.58188716717 -2.31623863111 0.567024411952 -1.13350660994
5.19566939646 -2 3.58292194884 -2.31758960997 0.566153093976 -1.13423825822
5.20295124722 -2 3.58877713842 -2.32579557555 0.560802556784 -1.13870335395
5.21250120912 -2 3.59638101752 -2.33666325855 0.553737636129 -1.14452695239
5.21370786216 -2 3.59735003108 -2.33804953868 0.552841125267 -1.14526014993
5.22111848428 -2 3.6031139668 -2.34656755928 0.547316380858 -1.14975006059
5.221347958 -2 3.60319273999 -2.34680275374 0.547144787795 -1.14988873487
5.22203716399 -2 3.60368919049 -2.34758803391 0.546629235525 -1.15030510226
5.22223581514 -2 3.60401598849 -2.3478707047 0.54648058506 -1.15042507647
5.23171445184 -2 3.61099099432 -2.35880808255 0.539360825258 -1.15613076453
5.23335046805 -2 3.61202592009 -2.3606537816 0.538126632026 -1.15711180963
5.23374879973 -2 3.61239781703 -2.36114582828 0.537825898375 -1.15735050292
5.23916205939 -2 3.61608675527 -2.36738066968 0.533729814544 -1.16058775409
5.24279160844 -2 3.61865051345 -2.37162571562 0.530973880935 -1.16275144831
5.24951252306 -2 3.62324877484 -2.37950134032 0.525850510312 -1.16674338655
5.25669570544 -2 3.62784169848 -2.38788440759 0.520345941187 -1.17098876283
5.26116374672 -2 3.63064421663 -2.39312841736 0.516907068605 -1.1736183589
5.26763867453 -2 3.63456348591 -2.40073511605 0.51190331119 -1.17741388451
5.27601439852 -2 3.63958878411 -2.41070965896 0.505395227414 -1.18229677678
5.28154596933 -2 3.64259106458 -2.41719948401 0.501075306904 -1.18550484735
5.28305684807 -2 3.64350478963 -2.41905323455 0.499892372108 -1.18637876418
5.28963891259 -2 3.64698050434 -2.42684578922 0.494723994388 -1.19017423044
5.29312646413 -2 3.64884509548 -2.43105208625 0.491975644069 -1.19217753438
5.30840235321 -2 3.65622259119 -2.44931687821 0.47985765358 -1.20088842898
5.31069481227 -2 3.65721300874 -2.45200427071 0.478027935506 -1.20218664425
5.31973380583 -2 3.66117367706 -2.46294651165 0.470785289464 -1.20728222814
5.32256584987 -2 3.66231619399 -2.46630747436 0.468506842205 -1.20887110076
5.32459495385 -2 3.66312702231 -2.4687310515 0.46687168284 -1.21000724307
5.3331572863 -2 3.66644678705 -2.47911432794 0.459946996577 -1.21478067661
5.33750372734 -2 3.66802593952 -2.48438224863 0.456416638108 -1.21719084136
5.3521825649 -2 3.67286372952 -2.50213866672 0.444418654682 -1.22526546038
5.35246232443 -2 3.67295431662 -2.50242914354 0.444188867317 -1.22541837176
5.35663043366 -2 3.67418345456 -2.50753155828 0.44076034623 -1.22769221284
5.35901573627 -2 3.67485658805 -2.51045256348 0.438794131658 -1.2289897811
5.36370645105 -2 3.67614743822 -2.51610303863 0.434918752056 -1.23153358854
5.36398738435 -2 3.67620124271 -2.51650659343 0.434686280552 -1.23168560868
5.36675115891 -2 3.67692946795 -2.51982356587 0.432397042158 -1.23317915241
5.36678809818 -2 3.67694131277 -2.51986189905 0.432366418004 -1.23319908972
5.36952687377 -2 3.67763907045 -2.52315377379 0.430093858519 -1.23467547844
5.37666771598 -2 3.67925562726 -2.53191837839 0.424150047636 -1.23850797624
5.38044655667 -2 3.68005605317 -2.53651923184 0.420993858334 -1.24052615186
5.38243356616 -2 3.68046859604 -2.53892130171 0.419331266409 -1.24158459048
5.38819942533 -2 3.68156980242 -2.54592665984 0.414495173845 -1.24464510099
5.40022656061 -2 3.68348361599 -2.56056997418 0.404352143572 -1.25097686199
5.40410731546 -2 3.68401130104 -2.56528022318 0.401063469164 -1.25300474234
5.40844463083 -2 3.68450579417 -2.57057853304 0.397378789574 -1.25526238569
5.40915364263 -2 3.68459876208 -2.57142782637 0.396775551604 -1.25563055099
5.41087879897 -2 3.68474489887 -2.57356018075 0.395306695235 -1.25652532188
5.4121820182 -2 3.68488303128 -2.5751399564 0.394196088443 -1.25720026913
5.4169308905 -2 3.6853815686 -2.58086223883 0.390141807908 -1.25965258273
5.42179072656 -2 3.68569547576 -2.58681440525 0.385981005243 -1.26215052014
5.43804356916 -2 3.68645101739 -2.60649894951 0.371980006831 -1.27041794409
5.44859387387 -2 3.68634023476 -2.61934870111 0.362821315182 -1.27571269364
5.45552155671 -2 3.68609802201 -2.62775664146 0.356777695196 -1.27915829908
5.45578658567 -2 3.68617667691 -2.62802854454 0.35654602217 -1.27928962371
5.46151256188 -2 3.68565160921 -2.63507737899 0.351532366857 -1.28211801475
5.46316440684 -2 3.68568058308 -2.63700525168 0.350083059501 -1.28293079132
5.46539495907 -2 3.68540723003 -2.63976063348 0.348123908887 -1.28402606066
5.46714480198 -2 3.68544906376 -2.64178732481 0.346585297167 -1.28488347019
5.46861750846 -2 3.68516455975 -2.64364754892 0.345289224623 -1.28560384514
5.48068513666 -2 3.68390132676 -2.65821179406 0.334629814593 -1.29146385762
5.4834903899 -2 3.68365372058 -2.66154264625 0.332141973824 -1.29281508495
5.48577251104 -2 3.68323578062 -2.66433827262 0.330115321958 -1.29391125653
5.5097455077 -2 3.67894844913 -2.69313021691 0.30867826186 -1.30525817625
5.51122881666 -2 3.67873612187 -2.69486409884 0.307343085422 -1.30595010031
5.51235383903 -2 3.67841963767 -2.69623484266 0.306329739052 -1.30647409822
5.51499850523 -2 3.67788179291 -2.69937360606 0.303945305485 -1.30770319072
5.51592509346 -2 3.67781752561 -2.70042606725 0.303109133252 -1.30813291804
5.52390593602 -2 3.67575495126 -2.70998615323 0.29589080951 -1.31181485275
5.52437798413 -2 3.67554961036 -2.71057749633 0.295462953655 -1.31203154057
5.53130319924 -2 3.67368729093 -2.71881748846 0.289174458841 -1.31519642392
5.53465709884 -2 3.67285053052 -2.72276303663 0.286121144556 -1.31671970261
5.53515132274 -2 3.67263242856 -2.72337427226 0.285670786783 -1.31694364531
5.53644199522 -2 3.67227387088 -2.72489974407 0.284494154421 -1.31752783845
5.55067344148 -2 3.66804315718 -2.74166392543 0.271470883803 -1.32390810694
5.55801038816 -2 3.6654010909 -2.75034363061 0.264721804801 -1.32715327132
5.55869086653 -2 3.66519184249 -2.75113450805 0.264094652604 -1.32745271918
5.55907731481 -2 3.66490571786 -2.75163236293 0.26373839846 -1.32762266172
5.56058535192 -2 3.66451976408 -2.75335953532 0.262347563873 -1.32828502462
5.5630392638 -2 3.66359039191 -2.75625174512 0.260082246377 -1.32936009788
5.57084279918 -2 3.66081440714 -2.76534757503 0.252861070766 -1.33275625908
5.58456925859 -2 3.65519531966 -2.78136868686 0.240095415399 -1.33864612937
5.5869028869 -2 3.65408215733 -2.78411080301 0.237917145885 -1.33963674785
5.58745191302 -2 3.65421673986 -2.78465170525 0.237404335508 -1.3398693535
5.59524373201 -2 3.65054229287 -2.79374356796 0.23011279167 -1.34315180361
5.5953921865 -2 3.65057810359 -2.793889334 0.22997362106 -1.34321400285
5.61790465471 -2 3.64026311453 -2.81967945589 0.208763138319 -1.35249800986
5.62299113254 -2 3.63773515423 -2.82547506748 0.203942028393 -1.35455458011
5.62593916202 -2 3.63607454423 -2.82886553268 0.201143003076 -1.35573955183
5.63781321369 -2 3.62972464913 -2.84234610405 0.18983375605 -1.36046027373
5.63921356924 -2 3.62907186478 -2.84390491991 0.188496302111 -1.36101148428
5.64041951794 -2 3.62837317357 -2.84527546662 0.187343899521 -1.36148523498
5.64079159541 -2 3.62797228243 -2.84573821594 0.186988226668 -1.36163122851
5.6444712501 -2 3.62635210166 -2.84979840863 0.183467860244 -1.36307057599
5.65660163602 -2 3.61911478554 -2.86348977264 0.171824971962 -1.36775804285
5.6585915176 -2 3.61803889877 -2.86569780366 0.169909592608 -1.36851852137
5.68514721559 -2 3.60202601704 -2.89512625078 0.144203330748 -1.37843707603
5.68977343115 -2 3.59927914026 -2.90017538019 0.139697952723 -1.38012081557
5.69025282913 -2 3.59884956897 -2.9007252102 0.139230622986 -1.38029454102
5.69226676606 -2 3.59766660463 -2.90291371667 0.13726645674 -1.38102280646
5.69454585956 -2 3.59652756828 -2.90534814525 0.135041883325 -1.38184393247
5.69813546706 -2 3.59405043995 -2.90930231069 0.131534277487 -1.38313069764
5.70349851826 -2 3.59029195075 -2.91519795882 0.126284971967 -1.38503828994
5.7048084858 -2 3.58947199417 -2.91661566015 0.125001199164 -1.38550151594
5.70493299322 -2 3.58949457648 -2.91673164613 0.124879149108 -1.38554548818
5.71124916662 -2 3.58531741355 -2.9235868082 0.118680295706 -1.38776347819
5.71640802895 -2 3.58195407366 -2.92915091129 0.113606636396 -1.38955655319
5.73036931409 -2 3.57249079346 -2.94415993145 0.0998286476561 -1.39432516897
5.73224415705 -2 3.57117678749 -2.94617069918 0.0979732156554 -1.39495616358
5.73894777195 -2 3.5662956994 -2.95336891701 0.091329042934 -1.39719407605
5.74380179099 -2 3.5632543157 -2.95847144921 0.0865084136846 -1.39879667494
5.7591751332 -2 3.55191680301 -2.9748101344 0.0711880772076 -1.40377283143
5.75975597958 -2 3.55200166907 -2.97533490963 0.070607679104 -1.40395786648
5.76252662795 -2 3.54966099534 -2.97831079497 0.0678376272049 -1.40483749223
5.76616708474 -2 3.54688711359 -2.9821600327 0.0641940935743 -1.4059857266
5.76630575538 -2 3.54690671213 -2.98228480686 0.0640552193593 -1.40602929514
5.7723708296 -2 3.54280656766 -2.98858604377 0.0579750736651 -1.40792267122
5.77505862138 -2 3.54042374765 -2.99146771128 0.0552767654649 -1.40875410071
5.77580621564 -2 3.53997477957 -2.99223149783 0.0545258294152 -1.40898452288
5.77586990707 -2 3.5399833602 -2.99228848572 0.0544618449212 -1.40900413692
5.78503761662 -2 3.53348810446 -3.00179417507 0.0452383237787 -1.41179977299
5.79581659012 -2 3.52548023454 -3.01296388382 0.0343595029716 -1.41501636422
5.80014683077 -2 3.52214937932 -3.0174502016 0.0299788808702 -1.41628704513
5.80379918721 -2 3.51927939742 -3.0212359113 0.0262795038457 -1.41734918018
5.80471649258 -2 3.51883565273 -3.02213762208 0.0253497417405 -1.41761455384
5.80541762971 -2 3.51781834325 -3.02294371574 0.0246389086887 -1.41781701505
5.80871247881 -2 3.51544731289 -3.02631142248 0.0212964747654 -1.41876407713
5.81174867522 -2 3.5130428722 -3.02944737156 0.0182134911261 -1.41963041505
5.81328369156 -2 3.51211451618 -3.03098092183 0.0166537531101 -1.42006607975
5.81733189065 -2 3.5092639769 -3.03508883355 0.0125369370734 -1.42120750739
5.82169896006 -2 3.50589328563 -3.0395618989 0.00809031876378 -1.42242658892
5.82659473868 -2 3.50202385795 -3.04458082709 0.00309859601476 -1.42377810151
5.82768100582 -2 3.50104212691 -3.04571455266 0.00199007790006 -1.42407579636
5.82924281965 -2 3.50010575751 -3.04725977128 0.000395661990726 -1.42450242904
5.83137354982 -2 3.49813691309 -3.04948813632 -0.00178070314942 -1.42508182834
5.83323620858 -2 3.49722637244 -3.05129074126 -0.00368434551631 -1.42558583255
5.83401558369 -2 3.49621487999 -3.05215637574 -0.00448116985527 -1.42579602577
5.83555145904 -2 3.49527262539 -3.05367476001 -0.00605194968866 -1.42620904599
5.83600793446 -2 3.49477304599 -3.05416491439 -0.00651893130965 -1.42633149287
5.8381222262 -2 3.49334097374 -3.05627681077 -0.00868267392745 -1.42689680738
5.84026813151 -2 3.49137098418 -3.05851066252 -0.010880091763 -1.4274674907
5.8459318366 -2 3.48754596584 -3.06415008729 -0.0166861107321 -1.42895875157
5.85679000014 -2 3.47877221357 -3.075185912 -0.0278425794447 -1.43175688466
5.85932618451 -2 3.4768316446 -3.07773752869 -0.0304532022654 -1.43239889604
5.8634048844 -2 3.47393955356 -3.08179346128 -0.0346553523063 -1.4334221709
5.86741546565 -2 3.47104162387 -3.0857857753 -0.0387917844311 -1.43441726025
5.86780474176 -2 3.47054040363 -3.08621455877 -0.039193510139 -1.43451325921
5.86874972703 -2 3.46954945922 -3.08721285823 -0.0401688891492 -1.43474586871
5.8696174669 -2 3.46907939764 -3.08804580887 -0.0410647523015 -1.43495892464
5.87470351668 -2 3.46520124876 -3.09313673895 -0.0463197398636 -1.43619730215
5.88157505016 -2 3.45986740154 -3.10002203235 -0.0534305432373 -1.43784213751
5.88374974565 -2 3.45842998052 -3.10214929383 -0.0556835761837 -1.43835590523
5.88977452304 -2 3.45358056463 -3.10820841975 -0.0619318723068 -1.43976215733
5.89334095195 -2 3.45118519001 -3.11169607084 -0.0656350730691 -1.44058274458
5.89751291292 -2 3.44779972721 -3.1158911944 -0.0699711929972 -1.44153143809
5.90191260696 -2 3.4444307856 -3.12027167287 -0.0745488288688 -1.44251878527
5.90589602586 -2 3.44155589411 -3.12419853123 -0.0786975836352 -1.44340106174
5.90749169587 -2 3.44010751683 -3.1258340502 -0.0803606027676 -1.44375137034
5.90770783533 -2 3.4401143588 -3.12601229133 -0.0805859139399 -1.44379868392
5.90992850239 -2 3.43818926913 -3.12826926798 -0.0829014885132 -1.4442828999
5.91941992738 -2 3.4310322481 -3.1376834125 -0.0928123061941 -1.44631350038
5.92408278405 -2 3.4277113281 -3.14226287573 -0.097689255816 -1.44728785425
5.92878886727 -2 3.42439964052 -3.14687413453 -0.102616720237 -1.44825567952
5.93030288629 -2 3.42297717429 -3.14844056193 -0.104203083943 -1.44856371399
5.93227448482 -2 3.42156268627 -3.15037894671 -0.106269705872 -1.44896241209
5.93287030721 -2 3.42109103214 -3.15097515499 -0.106894425208 -1.44908235775
5.93556018685 -2 3.41920946722 -3.1536083609 -0.109715801065 -1.44962072642
5.93603365873 -2 3.41873826634 -3.15410531925 -0.110212594413 -1.44971495849
5.93850988888 -2 3.41686032769 -3.15656489715 -0.112811646642 -1.45020519266
5.94165492694 -2 3.41451916686 -3.15967919056 -0.1161147321 -1.45082154979
5.9426703004 -2 3.41405209816 -3.16061375234 -0.117181618731 -1.45101903688
5.94273328454 -2 3.41405215574 -3.16066457394 -0.117247806076 -1.45103126291
5.94301882193 -2 3.41358463385 -3.16101018541 -0.117547876544 -1.45108665397
5.9541461695 -2 3.40568181488 -3.17194360353 -0.129256028486 -1.45319991332
5.95764372272 -2 3.40291688637 -3.17545782051 -0.132941888074 -1.45384585527
5.96091907711 -2 3.40061728811 -3.17867518131 -0.136396040155 -1.45444280188
5.96297993054 -2 3.39923939857 -3.18068179597 -0.138570600479 -1.4548144498
5.96398997107 -2 3.39832896781 -3.18172972615 -0.139636708272 -1.45499548188
5.96411300972 -2 3.39832665522 -3.18182769624 -0.139766591966 -1.45501748424
5.96557583647 -2 3.39740896714 -3.18323619473 -0.141311052533 -1.45527823885
5.97162232017 -2 3.39286677565 -3.18927178854 -0.14769986156 -1.45633968426
5.97462379411 -2 3.39061070006 -3.19227414227 -0.150874167768 -1.45685678189
5.97596851739 -2 3.38970673258 -3.19358940629 -0.152296942182 -1.45708633918
5.98160212528 -2 3.38566961384 -3.19918001925 -0.158261662278 -1.45803381314
5.98179396823 -2 3.38566281781 -3.19933113847 -0.158464897123 -1.45806567256
5.98223129087 -2 3.38522285074 -3.19980398053 -0.158928217102 -1.45813819904
5.9824508742 -2 3.38521494014 -3.19997688553 -0.159160868839 -1.45817456283
5.98692286099 -2 3.3820948589 -3.20439897468 -0.163901165005 -1.45890751871
5.99117927577 -2 3.37900329105 -3.20865493444 -0.168416749704 -1.4595916284
6.00076567098 -2 3.37242601256 -3.21815137335 -0.178600170084 -1.46108398884
6.00224882552 -2 3.37154483474 -3.21957837005 -0.180177316107 -1.46130887574
6.00254419432 -2 3.37112944609 -3.21994476549 -0.180491454577 -1.46135346935
6.00400729051 -2 3.37025174509 -3.22135657258 -0.18204777614 -1.46157341898
6.0054184703 -2 3.36937830959 -3.22272818221 -0.183549267242 -1.46178407688
6.01204391164 -2 3.36467323973 -3.22939700094 -0.190603839183 -1.46275355941
6.01486044003 -2 3.36294961203 -3.2321402554 -0.193605324437 -1.46315591456
6.01597974157 -2 3.36210981636 -3.23328923009 -0.19479854325 -1.46331418975
6.01739413313 -2 3.36125166278 -3.23466644833 -0.196306674811 -1.46351287124
6.02384210479 -2 3.3570309608 -3.24107752468 -0.203186690764 -1.46439991383
6.02396219737 -2 3.35665164256 -3.24131614086 -0.203314902614 -1.46441614338
6.02563295094 -2 3.35578494946 -3.24289292619 -0.205098885758 -1.46464082533
6.0268696008 -2 3.35495353888 -3.24413674166 -0.20641967182 -1.46480579837
6.02878226019 -2 3.35370554457 -3.24604772922 -0.208463004289 -1.46505872194
6.033181339 -2 3.35081607027 -3.25046266176 -0.213165116349 -1.46563014458
6.04004002538 -2 3.34633078563 -3.25737386909 -0.220503085854 -1.46649237166
6.04755113669 -2 3.34150761668 -3.26495776819 -0.228548403274 -1.4673964053
6.05053580003 -2 3.33953573428 -3.26801533499 -0.231747997063 -1.4677439377
6.05592465003 -2 3.33634440636 -3.27338074302 -0.237528660407 -1.46835452043
6.05639919767 -2 3.33596945242 -3.27390194584 -0.238037940558 -1.46840724607
6.05955350605 -2 3.33401800337 -3.27710079951 -0.241424047167 -1.46875341647
6.06070967008 -2 3.33325331726 -3.27830223755 -0.242665576746 -1.46887842842
6.07518607526 -2 3.32478312508 -3.29289358476 -0.258228747525 -1.47035849927
6.07967218115 -2 3.32187169933 -3.29764430211 -0.263058190604 -1.47078503856
6.08239902106 -2 3.32036631012 -3.30038615758 -0.26599519909 -1.47103685768
6.08319102608 -2 3.31997615264 -3.30115422384 -0.266848453792 -1.47110894137
6.08397891343 -2 3.31958693833 -3.30191938952 -0.267697364164 -1.47118017806
6.08470997567 -2 3.31892711347 -3.30282228204 -0.26848512985 -1.47124585553
6.08611183638 -2 3.31817691556 -3.30422499043 -0.269995942093 -1.47137066131
6.10024107317 -2 3.31025915467 -3.31876051688 -0.285239001789 -1.4725450753
6.10574667931 -2 3.30714745713 -3.32454139939 -0.291186133311 -1.47296145105
6.10804602646 -2 3.30604600427 -3.32681472523 -0.293671085936 -1.47312847748
6.10922172357 -2 3.30537275195 -3.32806900604 -0.294941957775 -1.47321231574
6.12536653062 -2 3.2967141922 -3.34511739141 -0.312411739118 -1.47425617701
6.12557079925 -2 3.29667687033 -3.34526629638 -0.312632981098 -1.47426809846
6.12793210296 -2 3.29540598774 -3.34781862605 -0.315190861831 -1.47440357002
6.1298589647 -2 3.29443093451 -3.34984985003 -0.317278632508 -1.47451092621
6.13432161171 -2 3.29218428413 -3.35457648031 -0.322115644333 -1.47474854154
6.13494312387 -2 3.29186898074 -3.35524141276 -0.322789480037 -1.47478041149
6.14139111687 -2 3.28870584441 -3.36207818517 -0.329782941129 -1.4750933875
6.14894602222 -2 3.28503195428 -3.37019574478 -0.337982897206 -1.47541901958
6.15052715906 -2 3.28436122998 -3.37178587785 -0.339699823147 -1.47548155062
6.15172175104 -2 3.28377398588 -3.3730986137 -0.340997185161 -1.47552750298
6.15808828837 -2 3.28079424817 -3.37996809898 -0.347913966763 -1.47575363312
6.1602831635 -2 3.27969856534 -3.38247371412 -0.350299510669 -1.47582425541
6.16112457687 -2 3.27936157283 -3.38331128846 -0.351214147215 -1.47585033012
6.16388300076 -2 3.27800907913 -3.38646499755 -0.354213118213 -1.47593192731
6.16473228018 -2 3.2776735261 -3.38731032372 -0.355136610936 -1.47595585079
6.1727213043 -2 3.27419214441 -3.39590467573 -0.36382717351 -1.47615322131
6.17679802263 -2 3.2723425458 -3.4005274227 -0.368264202974 -1.47623462898
6.17687308601 -2 3.27232452125 -3.40058098572 -0.36834591499 -1.4762360054
6.17986250003 -2 3.2710064062 -3.40395083892 -0.371600527148 -1.47628721718
6.18083249056 -2 3.27065396814 -3.40489123079 -0.372656740244 -1.4763023223
6.18179839573 -2 3.27018916884 -3.40607915596 -0.373708587806 -1.47631662728
6.18278054208 -2 3.26983497409 -3.40702927621 -0.374778205968 -1.47633041893
6.18650053745 -2 3.26825856299 -3.41119129955 -0.378830272285 -1.47637575966
6.20374396104 -2 3.26133424753 -3.43047010831 -0.39762788263 -1.47644303174
6.20529438694 -2 3.2606943015 -3.43237383933 -0.39931918859 -1.4764375312
6.20568495275 -2 3.26051721514 -3.43292022188 -0.399745271414 -1.47643584442
6.21115624265 -2 3.25848119059 -3.43896513606 -0.405715270806 -1.47639946369
6.21868954853 -2 3.25569221789 -3.44761255131 -0.413938664677 -1.4763103615
6.22731672217 -2 3.2526086923 -3.45767437742 -0.42336069841 -1.47615266808
6.23344884708 -2 3.25051808059 -3.46460395401 -0.430060564123 -1.47600436193
6.23376232581 -2 3.25040143791 -3.46511863371 -0.430403124716 -1.47599597046
6.23892247809 -2 3.24868043082 -3.47111204735 -0.436042776544 -1.47584650215
6.24305623965 -2 3.24732900765 -3.4761160486 -0.44056169193 -1.47571132742
6.24486736972 -2 3.24674818345 -3.47799048902 -0.442541846444 -1.47564777169
6.24487001667 -2 3.24674733849 -3.47799233783 -0.442544740536 -1.47564767687
6.24569895076 -2 3.24648247945 -3.47918276018 -0.443451090038 -1.47561770531
6.24612654866 -2 3.24634533491 -3.4794813287 -0.443918635212 -1.47560202838
6.25118501644 -2 3.24475288703 -3.48548043793 -0.449450344856 -1.47540538712
6.25788851175 -2 3.24271495913 -3.49360813703 -0.456782778749 -1.47511298047
6.26554065406 -2 3.24046784751 -3.50278397083 -0.465155150469 -1.47473477252
6.26779558358 -2 3.23984152964 -3.50565418164 -0.467622743951 -1.47461427273
6.26934222929 -2 3.23938654433 -3.50738372099 -0.469315360424 -1.47452923778
6.26952015547 -2 3.23932447558 -3.50750729162 -0.469510084468 -1.47451933085
6.27911709316 -2 3.23668382436 -3.51915644704 -0.480014598357 -1.47394686506
6.28639589414 -2 3.23481681736 -3.52828885125 -0.487983549556 -1.47346268965
6.28681671126 -2 3.23473424856 -3.52892496494 -0.488444308779 -1.47343337654
6.28754081438 -2 3.23454006043 -3.52977157434 -0.489237150538 -1.473382599
6.28934624286 -2 3.23409728045 -3.53206085534 -0.491214020658 -1.47325412977
6.29601333221 -2 3.23241614494 -3.54017733929 -0.498514818337 -1.47275664108
6.29990406872 -2 3.2314757708 -3.54499865182 -0.502775760607 -1.47244951692
6.3031524771 -2 3.23070526977 -3.54903634534 -0.50633344447 -1.47218359692
6.30587663264 -2 3.23015503909 -3.55272657986 -0.509317077445 -1.47195392192
6.30596495124 -2 3.23012028101 -3.55278753271 -0.509413810044 -1.47194637382
6.30848480767 -2 3.22955764273 -3.55598524188 -0.512173768911 -1.47172831794
6.3106029973 -2 3.22905066831 -3.55854709385 -0.514493841797 -1.47154098566
6.31132601563 -2 3.22887581727 -3.55941388687 -0.515285780544 -1.47147619797
6.31916897679 -2 3.22727954055 -3.56966232516 -0.523876611861 -1.4707457775
6.32293684492 -2 3.22651601038 -3.57452806349 -0.528003877314 -1.47037685672
6.32989445581 -2 3.22514725095 -3.58353844255 -0.535625183968 -1.46966483354
6.33023787614 -2 3.22500191293 -3.58377481353 -0.536001362297 -1.4696286533
6.3317075562 -2 3.22482129049 -3.58595024833 -0.537611227628 -1.46947271713
6.3498776218 -2 3.22146841778 -3.60958036532 -0.557513200656 -1.46739704917
6.3500290213 -2 3.22140065506 -3.6096844282 -0.55767901572 -1.46737860308
6.35166409627 -2 3.22120397601 -3.61203016979 -0.559469752998 -1.467178176
6.35194187745 -2 3.22107899082 -3.61222108194 -0.559773975347 -1.46714390474
6.35260926602 -2 3.22114145977 -3.61349750385 -0.560504885596 -1.46706130335
6.36463197894 -2 3.21907475697 -3.6292302647 -0.573670482463 -1.46550975464
6.36618837031 -2 3.21895306653 -3.63156441978 -0.575374595771 -1.46530008957
6.36741271145 -2 3.21878746809 -3.63325190112 -0.576715100806 -1.46513373457
6.3677707619 -2 3.21861929189 -3.63349785415 -0.57710711543 -1.46508484858
6.36789590484 -2 3.21876609874 -3.63400797268 -0.577244128472 -1.46506773709
6.36908796812 -2 3.21861892396 -3.63567699421 -0.578549241332 -1.46490408376
6.3742712147 -2 3.21785233513 -3.64266289852 -0.584223589078 -1.46417868769
6.37530880747 -2 3.21757169931 -3.64380658902 -0.585359398024 -1.46403077711
6.37639557571 -2 3.21748507091 -3.6454169177 -0.586549002119 -1.46387489039
6.37693436934 -2 3.21744484853 -3.64621986044 -0.587138765728 -1.46379723889
6.37818721345 -2 3.21728150065 -3.64794798743 -0.588510093641 -1.46361573794
6.37843052443 -2 3.21716393843 -3.64811511015 -0.588776409171 -1.46358033676
6.38766118506 -2 3.21607461437 -3.66104157992 -0.598878312686 -1.46220064343
6.38817933095 -2 3.21605383265 -3.66184153283 -0.599445272509 -1.46212107789
6.38855446163 -2 3.21586781022 -3.66209923008 -0.599855737391 -1.46206333282
6.3952027674 -2 3.21519638635 -3.6715915981 -0.607129326082 -1.46102031964
6.42208362317 -2 3.21230430734 -3.70955889637 -0.636517216118 -1.45642338592
6.4255975544 -2 3.21211711013 -3.71484827396 -0.640355958339 -1.45577732297
6.43405028267 -2 3.21129554319 -3.72696319986 -0.649586850191 -1.45418033881
6.43945655421 -2 3.21100345563 -3.73510497542 -0.655488346791 -1.45312711467
6.44300691686 -2 3.21054421262 -3.74002688624 -0.659362819969 -1.4524219305
6.44623856772 -2 3.21026986822 -3.74474460253 -0.662888693941 -1.45177072304
6.45175280301 -2 3.20996538271 -3.75306647741 -0.668903163502 -1.45063901129
6.46012105999 -2 3.20932873711 -3.76545321001 -0.678026009349 -1.44887200675
6.46041226336 -2 3.20948811471 -3.76616668443 -0.678343368795 -1.44880944085
6.46107913661 -2 3.20942750148 -3.76714040515 -0.679070114448 -1.44866588817
6.46359058014 -2 3.20927886673 -3.770933522 -0.681806702239 -1.44812185762
6.47316036712 -2 3.20866007574 -3.78534934317 -0.692229388898 -1.44599938588
6.48312715675 -2 3.20819120481 -3.80070868274 -0.703075585116 -1.44370543187
6.48322635952 -2 3.20813014037 -3.8007775044 -0.703183493371 -1.4436821709
6.48377205401 -2 3.20814985183 -3.80168895588 -0.703777057815 -1.44355406592
6.48776101721 -2 3.20783009723 -3.80766613816 -0.708115055051 -1.44260986338
6.48792981051 -2 3.20772525513 -3.80778333306 -0.708298582887 -1.44256960781
6.48898302856 -2 3.2077912468 -3.80958856006 -0.709443675284 -1.44231787226
6.4904806887 -2 3.20758097328 -3.81170480826 -0.711071786442 -1.4419582656
6.49448109291 -2 3.20762507032 -3.81826778145 -0.715419513172 -1.44098825864
6.49572568673 -2 3.20720771945 -3.81967568169 -0.716771826318 -1.44068366377
6.49836459073 -2 3.20738264549 -3.82423191288 -0.71963858693 -1.44003342071
6.49907095241 -2 3.20730496675 -3.82526911894 -0.720405813905 -1.43985835086
6.49941227932 -2 3.20708807173 -3.82550663085 -0.72077653289 -1.43977359984
6.50373950394 -2 3.20693752886 -3.83235397917 -0.725475287211 -1.43869044907
6.50631841937 -2 3.20678551964 -3.83635343247 -0.728274647953 -1.43803723917
6.5078687967 -2 3.20692028986 -3.83909152197 -0.729957194564 -1.4376417842
6.50948590023 -2 3.20663320819 -3.84132657423 -0.731711867282 -1.4372270986
6.5119124018 -2 3.20658256322 -3.84524039872 -0.734344236361 -1.43660061675
6.5139667296 -2 3.2063923777 -3.84834534153 -0.736572326402 -1.43606624779
6.52021247361 -2 3.20615447215 -3.85831178448 -0.743343317476 -1.43441920518
6.52499116253 -2 3.20611300594 -3.86617269132 -0.748520718292 -1.43313624253
6.52514778914 -2 3.20600838845 -3.86628230226 -0.74869036584 -1.4330938574
6.53316897791 -2 3.20577507249 -3.87931031738 -0.7573742861 -1.43089479966
6.53473369442 -2 3.20551468169 -3.88155473344 -0.759067331159 -1.43045931977
6.53835171933 -2 3.20546398721 -3.88754622091 -0.762980868226 -1.42944424188
6.54440740527 -2 3.20495418948 -3.89701122074 -0.769527301171 -1.42771981184
6.54646376477 -2 3.20516597804 -3.90078511882 -0.771749184451 -1.42712698941
6.54845004708 -2 3.2050166683 -3.90393333186 -0.773894801473 -1.42655087767
6.5493739593 -2 3.2047839695 -3.9051681301 -0.774892642698 -1.42628173179
6.5507556313 -2 3.20464303976 -3.90731119462 -0.776384651849 -1.42587784942
6.557600336 -2 3.20439012442 -3.91860368954 -0.783772006901 -1.42385253297
6.56088252745 -2 3.20415050667 -3.92387775675 -0.787312039061 -1.42286686812
6.56192520259 -2 3.20424646898 -3.92580008034 -0.788436297061 -1.42255177981
6.56279936449 -2 3.20404253205 -3.92701125755 -0.789378734266 -1.42228688422
6.56387548744 -2 3.20411438026 -3.92896016134 -0.790538752432 -1.42195987344
6.56570483222 -2 3.20406786079 -3.93203925271 -0.792510321963 -1.42140165604
6.5660925968 -2 3.20421180464 -3.93290955933 -0.792928170082 -1.42128295609
6.56952583821 -2 3.20385509029 -3.93832558963 -0.796626789253 -1.42022626915
6.57480174726 -2 3.20343123494 -3.94686338017 -0.802307032594 -1.41858237873
6.58143411745 -2 3.20328666806 -3.95821197931 -0.809441594412 -1.41648131644
6.60556513291 -2 3.20171193252 -3.99870946821 -0.835339678936 -1.40851176056
6.60574611026 -2 3.20157315915 -3.99883899168 -0.835533538702 -1.40845006043
6.60868355736 -2 3.20152267073 -4.00404468712 -0.838679284015 -1.40744457997
6.61590503855 -2 3.20080209076 -4.01607773223 -0.846406392253 -1.40494043848
6.61689610231 -2 3.20091812366 -4.01803971735 -0.847466121606 -1.40459319466
6.62587074718 -2 3.20010747747 -4.03328101519 -0.857054438131 -1.40140933414
6.62595358178 -2 3.20004194803 -4.03334068665 -0.857142867815 -1.40137961716
6.63150667197 -2 3.19965777375 -4.04302278272 -0.863068116764 -1.39937364798
6.63269193406 -2 3.19960784743 -4.04514321419 -0.864332060814 -1.39894196893
6.63538836305 -2 3.19924295791 -4.04962384166 -0.867206492359 -1.39795529777
6.63932189522 -2 3.19877249452 -4.0562755977 -0.871397190513 -1.39650444126
6.63940881657 -2 3.19870236179 -4.05633849002 -0.871489760817 -1.39647222666
6.64299465995 -2 3.19849885188 -4.062751407 -0.875307362 -1.39513743424
6.65303694393 -2 3.19750053713 -4.08025934661 -0.885985161863 -1.3913388322
6.6583641203 -2 3.19670832098 -4.08926719332 -0.89164120882 -1.3892875639
6.6672444789 -2 3.19561721789 -4.10475653676 -0.901056757096 -1.38581226328
6.66900694294 -2 3.19548979211 -4.10798046747 -0.902923470244 -1.38511421887
6.66979403023 -2 3.19527837684 -4.10920157668 -0.903756900473 -1.38480159437
6.67152151505 -2 3.19517512313 -4.11240320707 -0.905585634996 -1.38411352619
6.67879166723 -2 3.19441806136 -4.12549661909 -0.913274861222 -1.38118876844
6.68724500863 -2 3.19302332168 -4.14014586457 -0.922200941774 -1.37772902947
6.71370994099 -2 3.18860096624 -4.1871033468 -0.950040802941 -1.36648679533
6.71451275423 -2 3.18832876043 -4.18835360252 -0.950882755186 -1.36613601773
6.72014923559 -2 3.18726879928 -4.19843283184 -0.956789645473 -1.36365706306
6.73227722003 -2 3.18465259948 -4.21991770729 -0.969473042432 -1.35822702896
6.74148487148 -2 3.18275181107 -4.23663244292 -0.979077729576 -1.3540168195
6.74355245008 -2 3.18214448161 -4.24014717407 -0.981231483082 -1.35306100298
6.75749776584 -2 3.17861421877 -4.26502586554 -0.995728912192 -1.34651442363
6.76158874534 -2 3.17731757366 -4.27203161298 -0.9999720869 -1.34456092175
6.77276218112 -2 3.17429773166 -4.29222094223 -1.01153810756 -1.33914908804
6.78207100077 -2 3.17159136905 -4.30903857866 -1.02114770065 -1.33455496183
6.78537798974 -2 3.1704518374 -4.31479752781 -1.02455568514 -1.33290418156
6.7884489056 -2 3.16951997151 -4.32037530621 -1.02771760675 -1.33136246098
6.7918130706 -2 3.16828208259 -4.32617496015 -1.03117837358 -1.32966380741
6.79403324329 -2 3.16733175202 -4.32980795025 -1.03346051539 -1.32853722277
6.79405025138 -2 3.16771931869 -4.33046668513 -1.03347799271 -1.32852857527
6.80072668199 -2 3.16519393625 -4.34201707278 -1.04033212568 -1.32511398958
6.8024737559 -2 3.16467066645 -4.34528446878 -1.04212354963 -1.32421386242
6.80678666615 -2 3.16318746346 -4.35308501286 -1.04654209105 -1.32198003049
6.81519637841 -2 3.15992165707 -4.36786130046 -1.05514184085 -1.31757624392
6.81799580415 -2 3.15867395967 -4.37256590353 -1.0579998044 -1.31609621334
6.8198919147 -2 3.15793158155 -4.37593618447 -1.05993421228 -1.31508975618
6.82260440643 -2 3.15712577381 -4.38120478021 -1.06269958338 -1.3136443447
6.82428607785 -2 3.15619769938 -4.383770864 -1.06441290655 -1.31274490712
6.82844392566 -2 3.15465761631 -4.39141386645 -1.06864527117 -1.31051017753
6.82972236806 -2 3.15411815663 -4.39366559674 -1.06994555006 -1.30981992476
6.8329208137 -2 3.15275062556 -4.39929313725 -1.07319639806 -1.30808659043
6.84026913206 -2 3.14970625092 -4.41252273345 -1.0806529532 -1.30406945599
6.84275304913 -2 3.14826264236 -4.41632633861 -1.08316959427 -1.30270057603
6.84919215793 -2 3.14562416268 -4.42818392733 -1.08968435226 -1.29912614585
6.85704103209 -2 3.14176454925 -4.44172209654 -1.09760732693 -1.2947186611
6.86110755829 -2 3.13963240891 -4.44858647858 -1.10170432993 -1.29241331488
6.86489917555 -2 3.13774918342 -4.45522555134 -1.1055194496 -1.29025040004
6.86644220109 -2 3.13716245691 -4.45826521526 -1.10707067421 -1.28936647946
6.86647766532 -2 3.13712542065 -4.45829291372 -1.10710631757 -1.2893461386
6.88052491402 -2 3.12969304679 -4.48262226664 -1.12119128674 -1.28120009015
6.89421771303 -2 3.12213650209 -4.50649079841 -1.13485598803 -1.27308844346
6.89424042035 -2 3.12211225245 -4.50650866758 -1.1348785947 -1.27307485123
6.89777255764 -2 3.11987493529 -4.51223620635 -1.13839287516 -1.27095491214
6.89793720091 -2 3.12000433376 -4.51295371026 -1.13855657915 -1.27085582123
6.89945613216 -2 3.11898602859 -4.5153244275 -1.14006639453 -1.26994049638
6.9000630918 -2 3.11863866058 -4.51638898593 -1.14066948388 -1.26957415413
6.90517782667 -2 3.11554339396 -4.52509346363 -1.14574642082 -1.26647386465
6.90548462668 -2 3.11521307905 -4.52533554826 -1.14605065794 -1.26628714843
6.91078028133 -2 3.11214272546 -4.53473096494 -1.15129677 -1.26305087683
6.91402230105 -2 3.11007574138 -4.54017075771 -1.15450348598 -1.26105714031
6.92174733281 -2 3.10506362644 -4.55313178052 -1.162129036 -1.25626829995
6.9246316365 -2 3.10329368673 -4.55824542217 -1.16497060572 -1.25446648812
6.92528256328 -2 3.10285566313 -4.55932525831 -1.16561146536 -1.25405881944
6.92695298082 -2 3.10157328022 -4.56177563311 -1.16725533373 -1.25301090589
6.9281602142 -2 3.10079262614 -4.56385662944 -1.16844273808 -1.25225199817
6.93157510598 -2 3.09865184638 -4.56992228939 -1.17179861479 -1.25009816467
6.94036610217 -2 3.09260201012 -4.58465019658 -1.18041766123 -1.24450514293
6.95201177186 -2 3.08412290642 -4.60369118942 -1.19179056148 -1.23698860339
6.96163076176 -2 3.07687198656 -4.61933839294 -1.20114498247 -1.23068793394
6.96957444459 -2 3.07082242288 -4.63246757008 -1.20884298838 -1.22542173568
6.97142563663 -2 3.06937928944 -4.63549565985 -1.21063335977 -1.22418632976
6.97245771607 -2 3.06842876295 -4.63683565557 -1.21163094161 -1.22349622301
6.97410626681 -2 3.06720001154 -4.63969346421 -1.21322351265 -1.22239191678
6.97802365513 -2 3.06401297238 -4.64588668912 -1.21700354057 -1.21975796853
6.97833762583 -2 3.06386073303 -4.64664505983 -1.21730623702 -1.21954626418
6.98263759154 -2 3.06019267753 -4.6531152476 -1.22144782173 -1.21663793949
6.98568928457 -2 3.0577057614 -4.6580616048 -1.2243825992 -1.2145637863
6.98884806252 -2 3.0550689971 -4.66307559707 -1.22741639311 -1.21240801068
6.99174352403 -2 3.05270338694 -4.66785993005 -1.23019372976 -1.21042404266
6.99493662133 -2 3.04997074144 -4.67286431295 -1.23325259437 -1.20822737595
7.00112551301 -2 3.04447456094 -4.68217890839 -1.2391694021 -1.20394361941
7.01178475288 -2 3.03501545289 -4.69877349965 -1.2493228287 -1.19648474701
7.01285600757 -2 3.03409119808 -4.70056366858 -1.2503406242 -1.19572947129
7.01431581578 -2 3.032715136 -4.70266307101 -1.25172680653 -1.19469858701
7.01661842449 -2 3.0306598309 -4.70635583125 -1.25391145758 -1.19306863567
7.01800082379 -2 3.02935887077 -4.70838319362 -1.25522196393 -1.19208778141
7.02054276595 -2 3.0270000852 -4.71224871903 -1.25762959772 -1.19027970639
7.0206157438 -2 3.02691577741 -4.712307449 -1.25769867916 -1.1902277116
7.0238620703 -2 3.02386149277 -4.71717609103 -1.26076938678 -1.18790994045
7.02597598529 -2 3.0219568054 -4.72066688457 -1.26276652748 -1.18639557525
7.02766528773 -2 3.02026503921 -4.72291631878 -1.26436113709 -1.18518250295
7.02949451947 -2 3.01853522354 -4.72571665488 -1.26608645192 -1.18386605305
7.03275342221 -2 3.01538529179 -4.73053595706 -1.26915665209 -1.18151324725
7.04597514507 -2 3.00238235211 -4.75016245281 -1.28156552107 -1.17186966481
7.05104131143 -2 2.99726149049 -4.75755872357 -1.28629993518 -1.16813288485
7.05512642327 -2 2.99312860241 -4.76370179681 -1.29010926956 -1.16510292774
7.05592439848 -2 2.99228210838 -4.76474854016 -1.29085250953 -1.16450931319
7.0849261335 -2 2.9611532798 -4.80565016198 -1.31767013065 -1.14254692077
7.08838164437 -2 2.95726519103 -4.81021469627 -1.32083976781 -1.13987982738
7.09287836759 -2 2.95217905255 -4.81628736874 -1.32495617633 -1.13639306205
7.09697771011 -2 2.9475111814 -4.82198945425 -1.32870059155 -1.13319863981
7.10786721559 -2 2.93483524503 -4.83637770865 -1.33860888185 -1.1246398858
7.12498301129 -2 2.91425932729 -4.85845190754 -1.35406823977 -1.11097308313
7.12738085499 -2 2.91130880918 -4.86154388809 -1.3562227418 -1.10903751746
7.12948636992 -2 2.9087152468 -4.86409819643 -1.35811227586 -1.10733368853
7.1342361113 -2 2.90279191572 -4.87016569213 -1.36236684866 -1.10347555775
7.16310456812 -2 2.86560897272 -4.90467275363 -1.38798559253 -1.07959352935
7.16374315269 -2 2.86476199304 -4.9054106725 -1.38854756889 -1.07905685707
7.1650183229 -2 2.86306734271 -4.90688139669 -1.38966914377 -1.07798410716
7.16586290143 -2 2.86189070734 -4.90800332563 -1.39041153773 -1.07727280079
7.16899227057 -2 2.85769699625 -4.91160126603 -1.3931591258 -1.07463170877
7.17895278612 -2 2.84426675042 -4.92267411555 -1.40187113997 -1.06616740753
7.18257678182 -2 2.83926823118 -4.9267409289 -1.40502822601 -1.06306593088
7.18425053022 -2 2.83692364941 -4.92864820804 -1.4064840386 -1.06162957449
7.18979974702 -2 2.82930621887 -4.93454534023 -1.41130029706 -1.0568496419
7.19841262055 -2 2.81715966916 -4.94380536549 -1.41874371192 -1.04937671075
7.19968421473 -2 2.81535858794 -4.94514146871 -1.41983934942 -1.04826785026
7.20430630742 -2 2.80880656926 -4.94990316277 -1.42381467354 -1.04422522002
7.21192249722 -2 2.79783831576 -4.95768051413 -1.43034042333 -1.03752263605
7.22279502504 -2 2.78196477652 -4.96845830737 -1.43960257341 -1.02786553512
7.22448686491 -2 2.77941271284 -4.97014436964 -1.44103810785 -1.02635344399
7.22808302073 -2 2.7740241236 -4.97365031736 -1.44408431873 -1.02313097582
7.24226428953 -2 2.75276880217 -4.98690045139 -1.45602824752 -1.01031229081
7.24402871374 -2 2.75004395954 -4.98852751098 -1.45750659083 -1.00870502021
7.24832257499 -2 2.74343878529 -4.99241820402 -1.46109707334 -1.00478217252
7.24980366819 -2 2.7412325234 -4.99371666956 -1.46233318187 -1.00342529688
7.25324548811 -2 2.73581853385 -4.99680124981 -1.46520099538 -1.00026469957
7.26314045773 -2 2.72056895646 -5.00531632727 -1.4734089423 -0.99112033652
7.26771712926 -2 2.71343758556 -5.00915926074 -1.47718674771 -0.986861818148
7.26900258708 -2 2.71141968825 -5.01022852953 -1.47824570239 -0.985662421855
7.27823632267 -2 2.69667930891 -5.01777100732 -1.48582490156 -0.977004406126
7.28444666613 -2 2.68668468311 -5.02268209442 -1.49089513937 -0.971139372889
7.28505956767 -2 2.6856908038 -5.02315994833 -1.49139432648 -0.970558725041
7.28698870759 -2 2.68259374886 -5.02465516547 -1.49296413684 -0.968728966324
7.28756829495 -2 2.6816374981 -5.02510239172 -1.49343535017 -0.968178602794
7.29417405379 -2 2.67104105001 -5.03012386143 -1.49879225851 -0.961885231894
7.30485268007 -2 2.65352653695 -5.03794435599 -1.50739857108 -0.951631255807
7.30500456761 -2 2.65334077891 -5.03805962659 -1.50752050395 -0.951484693061
7.30888828898 -2 2.64696739872 -5.04081816494 -1.5106337077 -0.94773031776
7.31329003495 -2 2.63965666577 -5.04388013476 -1.51415146484 -0.94345933952
7.31410329933 -2 2.63810451946 -5.04440806814 -1.51480015652 -0.942668395911
7.31437554823 -2 2.63777176827 -5.04461355425 -1.51501722589 -0.942403490979
7.31453490728 -2 2.63757699462 -5.04473383416 -1.51514426571 -0.942248400852
7.3191873953 -2 2.62962927864 -5.04785159009 -1.518846586 -0.937710840792
7.33754145602 -2 2.59862811574 -5.05959187023 -1.53332673753 -0.919627461988
7.33805999491 -2 2.59799570491 -5.05997753305 -1.53373290196 -0.919112343487
7.34329615447 -2 2.58882166363 -5.06306112739 -1.53782523233 -0.913897731635
7.35272292251 -2 2.57256323057 -5.06849342804 -1.54515089655 -0.904450234572
7.35931612807 -2 2.56127141365 -5.07218374557 -1.55024239139 -0.897797124574
7.36612292044 -2 2.54932360168 -5.075771062 -1.55547086238 -0.890889349082
7.37711236308 -2 2.53015082537 -5.08135979192 -1.56385176338 -0.879653122919
7.37870311364 -2 2.52717337193 -5.08205693186 -1.56505870968 -0.878018094263
7.37931818754 -2 2.52607689689 -5.08234816602 -1.56552496058 -0.877385320572
7.38275282967 -2 2.52015096448 -5.08404445783 -1.56812421865 -0.87384590391
7.38322497519 -2 2.51922444137 -5.08422545753 -1.56848095129 -0.873358568484
7.38590184951 -2 2.51455790521 -5.08550396301 -1.57050084328 -0.87059197904
7.38725499795 -2 2.51220371287 -5.08614621419 -1.57152018129 -0.869191155596
7.39223936979 -2 2.50328461045 -5.08835917994 -1.57526502803 -0.864017717396
7.39423201584 -2 2.49978208358 -5.08925698322 -1.57675776137 -0.861943569808
7.39622707893 -2 2.49627216923 -5.09014530762 -1.57824979463 -0.859863523185
7.39739083758 -2 2.49413071869 -5.09061314716 -1.57911896454 -0.858648629491
7.39784018508 -2 2.49321936522 -5.09075117673 -1.5794543369 -0.85817922987
7.40039201055 -2 2.48865731665 -5.09182722081 -1.58135647695 -0.855510276358
7.40105215426 -2 2.48748879025 -5.09210890474 -1.58184787832 -0.854818931929
7.40615804978 -2 2.47833491257 -5.09419451758 -1.58563927881 -0.849459222736
7.40663441582 -2 2.47738377829 -5.09433571468 -1.58599215978 -0.848958048992
7.40912446236 -2 2.47286932266 -5.09530071947 -1.58783437301 -0.846335198579
7.41836429901 -2 2.45637915847 -5.09889443346 -1.59463560988 -0.836556695178
7.41838729768 -2 2.45635148704 -5.09891046829 -1.59465247031 -0.836532265668
7.4200550677 -2 2.45318218564 -5.09943234227 -1.59587421239 -0.834759545805
7.42213665668 -2 2.44951125254 -5.10023162388 -1.59739658706 -0.8325436713
7.43258167383 -2 2.43026064959 -5.10362383256 -1.60499325811 -0.821369675715
7.43381935783 -2 2.42797732194 -5.10400712379 -1.60588873377 -0.820039523772
7.44374342902 -2 2.41003463628 -5.10717218109 -1.61303273631 -0.809327486443
7.44942830809 -2 2.39955137434 -5.10876261151 -1.61709600143 -0.803154017276
7.46078038198 -2 2.37851977409 -5.11165772538 -1.62514606045 -0.790745398885
7.46136555271 -2 2.37740228367 -5.11177763975 -1.62555870499 -0.790102850015
7.4670899208 -2 2.36678534576 -5.11311246358 -1.62958332853 -0.783802137912
7.47595429696 -2 2.35026801409 -5.11498582774 -1.6357723719 -0.773991480704
7.47827012672 -2 2.34579498291 -5.11534039823 -1.63738057804 -0.771417683701
7.48462116993 -2 2.33392728052 -5.11651987852 -1.64177244763 -0.764336369101
7.48630607531 -2 2.33062210933 -5.11671040519 -1.64293301732 -0.762452121512
7.48736153645 -2 2.32893642773 -5.11709116527 -1.64365904378 -0.761270592152
7.4882033622 -2 2.32706348273 -5.11702917786 -1.64423757423 -0.760327555464
7.49271643516 -2 2.31864953277 -5.11779160152 -1.64733090333 -0.755261903899
7.49592648711 -2 2.31264825857 -5.11829596808 -1.64952268898 -0.751648585463
7.49787544055 -2 2.30901766586 -5.1186007065 -1.6508499834 -0.749450648505
7.51156011174 -2 2.28349936057 -5.1204993819 -1.66009637775 -0.733929747318
7.51413081018 -2 2.27867066598 -5.12078748012 -1.66181896283 -0.730996961161
7.51983271863 -2 2.26789107819 -5.12132659616 -1.66562341622 -0.724472623269
7.52698412744 -2 2.25402150469 -5.1216466689 -1.67036312103 -0.716252164159
7.53527407895 -2 2.2383352851 -5.12217387619 -1.67581278438 -0.706670810226
7.5427626754 -2 2.22402374928 -5.12242222891 -1.68069424159 -0.697967643918
7.54921874546 -2 2.21183312189 -5.12265789114 -1.6848709347 -0.690427999155
7.55322727476 -2 2.20435754857 -5.12283507935 -1.68744938032 -0.685729732778
7.55526000019 -2 2.20058567829 -5.1229278979 -1.68875255541 -0.683342286774
7.55724706789 -2 2.1963897435 -5.12261597317 -1.69002362183 -0.681005246563
7.55771277578 -2 2.19585249387 -5.12288815266 -1.69032111472 -0.680457055696
7.56035924129 -2 2.19089433283 -5.12294763678 -1.69200873733 -0.677338551005
7.56496291535 -2 2.18176729472 -5.1226259523 -1.69493254824 -0.671900316767
7.57023522877 -2 2.17186525925 -5.12263728699 -1.69826239538 -0.665651328604
7.57163524946 -2 2.16929510708 -5.12267824264 -1.69914326112 -0.663988215486
7.58713840563 -2 2.13943885201 -5.12177888838 -1.70880315809 -0.645466985088
7.59057648646 -2 2.13307913929 -5.12172715299 -1.71092184172 -0.641333648385
7.59872573618 -2 2.1174410627 -5.1210658323 -1.71590938045 -0.631498960002
7.60048763999 -2 2.11396640459 -5.12083115762 -1.716981337 -0.629365739059
7.6506433181 -2 2.01825005495 -5.11446722166 -1.74653452532 -0.567617524747
7.65393081632 -2 2.01207609907 -5.113987308 -1.74840598465 -0.563501791321
7.66523595056 -2 1.99045443785 -5.11188854929 -1.75477919101 -0.549284946695
7.66598876661 -2 1.9891161353 -5.11182548549 -1.75520014224 -0.548334749926
7.66600825569 -2 1.98909459752 -5.11183463374 -1.75521103419 -0.548310145238
7.6769324914 -2 1.96792200773 -5.10938387871 -1.76127074299 -0.534472694864
7.67968808274 -2 1.96286034788 -5.10896784775 -1.76278487104 -0.530967864112
7.68311680574 -2 1.95655370151 -5.10842816178 -1.76466073749 -0.526598805964
7.68712451575 -2 1.9485982998 -5.10729807582 -1.76684192033 -0.521480646046
7.69330803423 -2 1.93724947882 -5.10626991708 -1.77018300855 -0.513559916297
7.69435127354 -2 1.93509051112 -5.10589169406 -1.77074378343 -0.512220734365
7.69583099763 -2 1.93245536184 -5.10570180954 -1.7715377398 -0.510319836716
7.70913329715 -2 1.90725768265 -5.1026365892 -1.77859894656 -0.493157230597
7.71134747308 -2 1.90281131819 -5.10190093907 -1.77976092741 -0.490287601544
7.71525511542 -2 1.8955097782 -5.10103037208 -1.78180228897 -0.485214244325
7.71935065164 -2 1.88749896518 -5.09981019457 -1.78392899092 -0.479884698656
7.72245603915 -2 1.88209808593 -5.09941364398 -1.78553277449 -0.475835304413
7.72793954334 -2 1.87157876078 -5.09789733739 -1.78834624786 -0.468667356906
7.74575777774 -2 1.8381141592 -5.09332694689 -1.79732462475 -0.445222040071
7.74945363755 -2 1.83109026406 -5.09227511794 -1.79915540467 -0.440329746789
7.75101429688 -2 1.8278868056 -5.09164212294 -1.79992522778 -0.43826086122
7.75950431552 -2 1.81218006832 -5.08950318952 -1.80407904451 -0.426974905637
7.76670968153 -2 1.7988907421 -5.08766900663 -1.80755909114 -0.417355491033
7.77034797168 -2 1.7919603485 -5.0865587085 -1.80930047738 -0.412483939924
7.77384565267 -2 1.78518428474 -5.0853972599 -1.81096452242 -0.407791635431
7.79106342014 -2 1.75320675124 -5.0806023439 -1.81901191089 -0.384564883771
7.79241134089 -2 1.75076714825 -5.0802657436 -1.81963176808 -0.382737580242
7.80614540294 -2 1.72512489431 -5.07620761778 -1.82586311978 -0.36404540896
7.8096304742 -2 1.71892973565 -5.0753848113 -1.82741981959 -0.35928095037
7.81773147617 -2 1.70384474681 -5.07296717888 -1.83099982735 -0.348172984419
7.82455088958 -2 1.69113992132 -5.07091193782 -1.83397159429 -0.338786639356
7.82672378244 -2 1.68735425819 -5.07043268957 -1.83491043476 -0.335789012712
7.82947002219 -2 1.68246600599 -5.06975303171 -1.83609141562 -0.331995717238
7.83602869053 -2 1.67006550579 -5.06763458874 -1.83888660041 -0.322915235515
7.84216915454 -2 1.65913598731 -5.06609326352 -1.8414711812 -0.314386771726
7.84722613235 -2 1.64984672932 -5.06462871305 -1.84357614067 -0.307343643707
7.84960635269 -2 1.64535854534 -5.06386467185 -1.84455951984 -0.304022501037
7.85010175427 -2 1.64433926775 -5.06365171059 -1.84476359822 -0.303330774424
7.85294563413 -2 1.63937806521 -5.06299299553 -1.84593115201 -0.29935662891
7.85678810439 -2 1.63186642562 -5.06159565553 -1.84749792652 -0.293978235388
7.86160519816 -2 1.62336356997 -5.06041232063 -1.84944462174 -0.28722142428
7.8661277653 -2 1.615170892 -5.05917010154 -1.85125455372 -0.280863391382
7.87287999784 -2 1.60267478922 -5.05716023793 -1.85392475179 -0.271345039137
7.8752682741 -2 1.59820360781 -5.0564220049 -1.854859998 -0.267971022528
7.87660951266 -2 1.5958190315 -5.05608119714 -1.85538311246 -0.266074517613
7.87865813628 -2 1.59220601246 -5.05557719527 -1.85617918774 -0.263175442285
7.88383715056 -2 1.58286752166 -5.05418653982 -1.85817585798 -0.255833908929
7.89117608587 -2 1.56931401486 -5.05204778033 -1.8609662771 -0.245399914965
7.89263566359 -2 1.5668173597 -5.05173210559 -1.86151578158 -0.243320518094
7.89514367604 -2 1.56224268269 -5.05103675847 -1.8624557668 -0.23974416354
7.89814720777 -2 1.55666053696 -5.05015236497 -1.86357441544 -0.235455735616
7.90666364219 -2 1.54144756021 -5.04798170806 -1.86670442809 -0.223263675084
7.95701925429 -2 1.45034321751 -5.03526835922 -1.88393507807 -0.150214487689
7.9584346553 -2 1.44791742482 -5.03498347074 -1.88438759718 -0.148137880339
7.96758803915 -2 1.43169840254 -5.03297827057 -1.88727171759 -0.134678233609
7.99725858025 -2 1.37838581068 -5.02669286997 -1.89611413558 -0.090693324413
8.02973086722 -2 1.31981310256 -5.02074994521 -1.90489672098 -0.0419461221138
8.07853606121 -2 1.23220855244 -5.0139981825 -1.91631515925 0.0324718197959
8.08793049032 -2 1.2157155898 -5.01295838482 -1.91826506523 0.0469499316366
8.09738736462 -2 1.19861920192 -5.01203157363 -1.9201464927 0.0615730305124
8.09782866412 -2 1.19766511846 -5.01200800035 -1.92023228908 0.0622565940166
8.11681404156 -2 1.16330369406 -5.01045570765 -1.92375407854 0.0917634204693
8.15246765073 -2 1.09852602198 -5.00852648403 -1.92946882689 0.147685901164
8.15416217476 -2 1.09525137594 -5.00852042999 -1.92971107356 0.150359913692
8.15556673876 -2 1.09279412702 -5.00844041658 -1.92990984143 0.152577451959
8.15853190818 -2 1.08718961986 -5.00840434904 -1.9303234239 0.157262128931
8.17082501287 -2 1.06481792233 -5.00805672807 -1.93195056605 0.176730574042
8.18245044333 -2 1.04301910648 -5.00806179182 -1.93335931208 0.195209738502
8.18761397834 -2 1.03354331601 -5.00801703795 -1.93394438168 0.203438348405
8.20150668825 -2 1.00769646394 -5.00811773045 -1.93539411656 0.22564070182
8.24188416616 -2 0.931668795724 -5.00934655802 -1.93857283558 0.290673903307
8.25041497794 -2 0.915716564463 -5.00959372864 -1.93904644626 0.304506699201
8.25126069437 -2 0.914293853745 -5.00952674653 -1.93908962174 0.305879750335
8.25919564998 -2 0.898879399341 -5.01009138287 -1.93946149225 0.318777336668
8.2637794069 -2 0.890234975064 -5.01026497456 -1.93964892025 0.326240009768
8.26884015193 -2 0.880513741269 -5.01056164294 -1.93983252702 0.334489492983
8.27495191447 -2 0.868546380056 -5.01105996839 -1.94002159776 0.344466417389
8.31315907874 -2 0.794290351683 -5.01363204658 -1.94039081075 0.407176954195
8.31680376948 -2 0.786962708185 -5.01401568025 -1.94035259207 0.413188792341
8.34110078331 -2 0.738907616132 -5.01579115385 -1.93976964241 0.453392229879
8.36675251179 -2 0.686904400048 -5.01808640281 -1.93853297054 0.496065547083
8.37695950615 -2 0.666185148382 -5.01883195787 -1.93786286045 0.513107635944
8.3785093881 -2 0.663291736914 -5.01873297259 -1.9377522275 0.515698386687
8.37937431276 -2 0.661133471868 -5.01910979532 -1.93768946937 0.517144516196
8.43110491482 -2 0.554116729139 -5.02217820583 -1.9326058863 0.604056948624
8.43644029193 -2 0.54248652981 -5.02275106657 -1.93193236433 0.613065313457
8.43671604438 -2 0.542180433907 -5.02253060425 -1.93189679412 0.613531112141
8.45290453888 -2 0.507507763982 -5.02343291998 -1.92967755557 0.64091226816
8.45906659685 -2 0.494804768166 -5.02322585425 -1.92876505175 0.65135271146
8.4778549138 -2 0.454154320607 -5.0237635642 -1.92575182836 0.683244113306
8.49603483299 -2 0.414452623285 -5.02389555816 -1.92250459187 0.714181630692
8.51401560083 -2 0.375276461276 -5.02322264377 -1.91897163442 0.744850810216
8.51489092459 -2 0.372940026458 -5.02353992766 -1.91879148231 0.746345512966
8.53371820394 -2 0.331751768061 -5.02212465552 -1.91473296395 0.778530749115
8.55200220063 -2 0.290863705705 -5.0206750894 -1.91045537885 0.809848446883
8.56099213703 -2 0.270818534981 -5.01959979311 -1.90823057971 0.825267076278
8.60284115766 -2 0.175398654074 -5.01354187807 -1.89681789671 0.897193065417
8.6131145729 -2 0.152078716183 -5.0112334693 -1.89375026702 0.914882340294
8.65460503478 -2 0.0570406070843 -4.99958358744 -1.88029399222 0.986417200326
8.66600651164 -2 0.0307022804604 -4.99569448718 -1.8762965568 1.00609454915
8.66767006901 -2 0.0266083681303 -4.9952909398 -1.8757025029 1.00896611315
8.6691467053 -2 0.0234130746907 -4.99458431376 -1.87517289445 1.01151511553
8.67810826374 -2 0.00277527793639 -4.99113080583 -1.87191228178 1.02698644217
8.6813297631 -2 -0.00462645889706 -4.98981934687 -1.87072066111 1.03254868032
8.68211818946 -2 -0.00694949331907 -4.98988525698 -1.87042745481 1.03391001808
8.68943660965 -2 -0.0235353379812 -4.98660052785 -1.86767635655 1.04654703493
8.68990608027 -2 -0.0247927419766 -4.98653116781 -1.86749806019 1.04735772361
8.73021361144 -2 -0.118412743442 -4.96728945949 -1.85137424768 1.11696206076
8.73501694918 -2 -0.129158141413 -4.96438643589 -1.84934534777 1.12525484607
8.74365335499 -2 -0.149363964492 -4.9596252535 -1.84563986985 1.14016314254
8.76012073755 -2 -0.187380336059 -4.94958358909 -1.83836977697 1.16857938379
8.79960839492 -2 -0.277760720984 -4.92179967072 -1.81984420606 1.23663818655
8.81960120897 -2 -0.323435583696 -4.90597561682 -1.80987799147 1.27103498687
8.82439102839 -2 -0.333941097393 -4.90175933622 -1.80743188553 1.27926797205
8.84134231798 -2 -0.3721948704 -4.88695348729 -1.79859393833 1.30837766792
8.86694766824 -2 -0.429411994619 -4.86274901632 -1.78470953678 1.35225798233
8.87427583753 -2 -0.445237995273 -4.85521058558 -1.78061775777 1.36479380828
8.89010998134 -2 -0.479797902296 -4.83861320588 -1.77159749947 1.39184217167
8.90568924817 -2 -0.513589132786 -4.82151718116 -1.76248398667 1.41840028665
8.93585729179 -2 -0.577095462237 -4.78576308161 -1.74416626797 1.46965499105
9.03428877761 -2 -0.771041914483 -4.64836933413 -1.67831155533 1.63489644799
9.03705752612 -2 -0.776022041533 -4.64406318678 -1.6763257056 1.63949205534
9.08119011627 -2 -0.853882265566 -4.57223336126 -1.64369870071 1.7122865785
9.08829433019 -2 -0.865791967042 -4.56017552618 -1.63827629314 1.72391950348
9.18178262748 -2 -1.00649705819 -4.38910172538 -1.56258759467 1.87447179486
9.18482554825 -2 -1.0105765769 -4.38339901328 -1.5599903576 1.8792853847
9.20904950957 -2 -1.0414742905 -4.33562369999 -1.53901841936 1.9173899628
9.21124430627 -2 -1.0442139178 -4.3313867399 -1.53709239448 1.92082306437
9.27665952329 -2 -1.11598086511 -4.19793565371 -1.47774039897 2.02156354924
9.28696951484 -2 -1.12556898016 -4.17611268046 -1.46804637169 2.03714558551
9.33144803412 -2 -1.16300494615 -4.08193478188 -1.42518601044 2.10336627816
9.3345917181 -2 -1.16534275125 -4.07519849774 -1.42209350973 2.10798271083
9.42728405269 -2 -1.21815773153 -3.87538879952 -1.32726128737 2.23995188327
9.67736282143 -2 -1.22943692794 -3.35395650343 -1.03896569282 2.54712655081
9.70157159752 -2 -1.22409585713 -3.30693886697 -1.00880243016 2.57231256099
9.7976934225 -2 -1.19815955026 -3.12670831145 -0.885634199248 2.66296254495
9.97980325532 -2 -1.15844301206 -2.80853181505 -0.639555986613 2.78827133548
10.0335052493 -2 -1.15544440783 -2.71745785713 -0.564465811887 2.81205291973
10.3314664317 -2 -1.23999909942 -2.17481594804 -0.137068178042 2.81261122527
10.5187298595 -2 -1.35534743333 -1.77083319494 0.130553113088 2.67775279295
10.8992980915 -2 -1.45560244032 -0.895280289541 0.625059568674 1.99253118114
