6.00  -1.837070563774
6.00  -1.444277268305
6.00  -2.684499048789
6.00  -1.738735357464
6.00  -1.903404472770
6.00  -2.396269180699
6.00  -2.131391521911
6.00  -1.896174404079
6.00  -0.915637290992
6.00  -1.160776657611
6.00  -2.409056648532
6.00  -1.080326222324
6.00  -1.780180537895
6.00  -2.019107537330
6.00  -1.783411241265
6.00  -2.062110926758
6.00  -2.037619499459
6.00  -1.548576482489
6.00  -1.573019851576
6.00  -1.570547753506
6.00  -1.796516020119
6.00  -2.365905128086
6.00  -1.782654954143
6.00  -1.505989306314
6.00  -1.851850372633
6.00  -1.686456663661
6.00  -1.779731777763
6.00  -2.091951795390
6.00  -1.910948040274
6.00  -2.238570546594
6.00  -1.730789202498
6.00  -2.347597002112
6.00  -2.323900138839
6.00  -2.245302634674
6.00  -2.892207321817
6.00  -1.564127183995
6.00  -1.901457412286
6.00  -2.228766157324
6.00  -1.584758018153
6.00  -2.518641339047
6.00  -2.030982559420
6.00  -2.073165770184
6.00  -1.903270685101
6.00  -1.905194364655
6.00  -2.262084823432
6.00  -2.009106453393
6.00  -2.049963339154
6.00  -1.809785670446
6.00  -1.668707373018
6.00  -1.663856576480
6.00  -2.261712976360
6.00  -1.976557851173
6.00  -2.367914255641
6.00  -2.337424467117
6.00  -2.002075553971
6.00  -1.535566573247
6.00  -2.233232095077
6.00  -1.887460965830
6.00  -2.068358909779
6.00  -1.661407230662
6.00  -2.330019483349
6.00  -1.990134101768
6.00  -1.832567569360
6.00  -1.666481752157
6.00  -1.532057001362
6.00  -1.973960262674
6.00  -2.451997063830
6.00  -2.224939950685
6.00  -2.321691434339
6.00  -1.287740235151
6.00  -2.186546024687
6.00  -1.773310065544
6.00  -2.058308639572
6.00  -1.730724113509
6.00  -2.231772495930
6.00  -2.424929990709
6.00  -2.431023007603
6.00  -1.852062451558
6.00  -2.053750047460
6.00  -2.059410147820
6.00  -1.569906014957
6.00  -1.911641098793
6.00  -1.940057256526
6.00  -1.518879063644
6.00  -2.243777562530
6.00  -1.788901692167
6.00  -1.746942980281
6.00  -2.073853072842
6.00  -1.934645428363
6.00  -2.353286039843
6.00  -2.347864478454
6.00  -1.968219783025
6.00  -1.781135141750
6.00  -1.216517802238
6.00  -2.202088082031
6.00  -1.943233022855
6.00  -2.024998310718
6.00  -2.585764520561
6.00  -2.133020046647
6.00  -2.543842073168
6.00  -1.745340748559
6.00  -2.269100631009
6.00  -1.969668838443
6.00  -2.165008766664
6.00  -1.908024001621
6.00  -2.181917140041
6.00  -1.851525660250
6.00  -1.775950568605
6.00  -1.481246126369
6.00  -2.058825313866
6.00  -2.647986445285
6.00  -2.254420832526
6.00  -1.589516870302
6.00  -2.324895541935
6.00  -1.708801857654
6.00  -1.962409151514
6.00  -1.564637387055
6.00  -2.594212121020
6.00  -2.059908553326
6.00  -2.366013783412
6.00  -1.118785445234
6.00  -1.749933668416
6.00  -1.582129703662
6.00  -2.320660684239
6.00  -2.142004721546
6.00  -2.082566487652
6.00  -1.667144055185
6.00  -2.084203615996
6.00  -1.787411679344
6.00  -2.621762515125
6.00  -2.107227272053
6.00  -2.249571674290
6.00  -2.477896067515
6.00  -1.846068287604
6.00  -1.914550283736
6.00  -1.989854581138
6.00  -2.404144831342
6.00  -1.658335673230
6.00  -1.893885027090
6.00  -2.090626069798
6.00  -1.993063699166
6.00  -2.079392556050
6.00  -2.530367384378
6.00  -2.086560900483
6.00  -2.251929245930
6.00  -2.296729183384
6.00  -2.350424744141
6.00  -2.161683972520
6.00  -2.606859313904
6.00  -1.707809265869
6.00  -1.842406029862
6.00  -2.006069045952
6.00  -2.010536692736
6.00  -2.241867752898
6.00  -1.691307490264
6.00  -2.040368933184
6.00  -2.216524292057
6.00  -1.590489161083
6.00  -2.068112441228
6.00  -2.178493645673
6.00  -2.089016241738
6.00  -2.256947346557
6.00  -2.339432818559
6.00  -1.234545547843
6.00  -1.498334062761
6.00  -1.906807527504
6.00  -2.380944957379
6.00  -2.262263039562
6.00  -2.053495186131
6.00  -1.760176951022
6.00  -2.403637703429
6.00  -2.706020350244
6.00  -2.439120391769
6.00  -1.898936111192
6.00  -1.881407998657
6.00  -1.863127448810
6.00  -2.039480197923
6.00  -1.944336637618
6.00  -2.144288792915
6.00  -1.738781329831
6.00  -2.412634688143
6.00  -1.862112255623
6.00  -2.257184660586
6.00  -2.101480890595
6.00  -1.832489895168
6.00  -1.685124044392
6.00  -2.338678388868
6.00  -1.617982209357
6.00  -1.799956623925
6.00  -2.020565319255
6.00  -2.059157938757
6.00  -2.065941318225
6.00  -2.091850794349
6.00  -1.993016477447
6.00  -1.984457467925
6.00  -1.749677942360
6.00  -1.537279791899
6.00  -1.858510777065
6.00  -2.063549496481
6.00  -1.810548376640
6.00  -1.944476586969
6.00  -2.312050770778
6.00  -1.712357020869
6.00  -1.906950933592
6.00  -1.959037896333
6.00  -1.843864746811
6.00  -1.920785962407
6.00  -2.285298718471
6.00  -2.049193234183
6.00  -2.044258980100
6.00  -2.161215568730
6.00  -1.490271637981
6.00  -2.265372529139
6.00  -2.146610621245
6.00  -2.215758954251
6.00  -2.355821918623
6.00  -2.058254399254
6.00  -2.083051584828
6.00  -1.536341662296
6.00  -2.075462043186
6.00  -2.322488912997
6.00  -1.514103849055
6.00  -1.625854803972
6.00  -2.069583773019
6.00  -2.456412031509
6.00  -2.134735701954
6.00  -2.047254859311
6.00  -1.916342953354
6.00  -2.079140498720
6.00  -1.865629723362
6.00  -1.881244178960
6.00  -2.378993608129
6.00  -2.287260885555
6.00  -2.224577604224
6.00  -2.153884106145
6.00  -2.097144092909
6.00  -1.996221502618
6.00  -2.917932527698
6.00  -2.138489285113
6.00  -1.623500482912
6.00  -2.323242848177
6.00  -1.717052071918
6.00  -1.893842120801
6.00  -2.008789625366
6.00  -1.944711464392
6.00  -2.474259398227
6.00  -2.025618024187
6.00  -1.513955651332
6.00  -1.970197644048
6.00  -1.987462541367
6.00  -2.222475488696
6.00  -2.009337493943
6.00  -1.929591814356
6.00  -1.870791649270
6.00  -2.112972345977
6.00  -2.071652904169
6.00  -1.386760337393
6.00  -2.684349688029
6.00  -1.324410399862
6.00  -1.897707969511
6.00  -1.696951266791
6.00  -2.504292265148
6.00  -2.178798352789
6.00  -2.084261867808
6.00  -1.871904335994
6.00  -2.506121423591
6.00  -1.857080507147
6.00  -2.367529454447
6.00  -1.979942409568
6.00  -1.802316397375
6.00  -1.900890919037
6.00  -1.671929241140
6.00  -1.695128148237
6.00  -2.197244768666
6.00  -1.922104194717
6.00  -2.286175092850
6.00  -2.400541976180
6.00  -1.719749717123
6.00  -1.999984894220
6.00  -2.016642095336
6.00  -1.723900828590
6.00  -1.819823121997
6.00  -1.893878432159
6.00  -1.621135991423
6.00  -1.718245618619
6.00  -1.927344467558
6.00  -2.209200334276
6.00  -2.197440497500
6.00  -1.638757008930
6.00  -2.488433451114
6.00  -2.007412708071
6.00  -2.590559750575
6.00  -1.690758177439
6.00  -1.738873847760
6.00  -1.999647853490
6.00  -2.021465822170
6.00  -2.753419369910
6.00  -1.823887174947
6.00  -2.664374218171
6.00  -2.702812214134
6.00  -1.975777663546
6.00  -2.287418479870
6.00  -1.875305872296
6.00  -1.794855210399
6.00  -1.740081046907
6.00  -2.209442159207
6.00  -1.863824962677
6.00  -1.969505045359
6.00  -1.749675758039
6.00  -1.837528157598
6.00  -1.727912598186
6.00  -2.039981172098
6.00  -2.044606501864
6.00  -1.694614119604
6.00  -2.643531958308
6.00  -2.152904971368
6.00  -2.385028621154
6.00  -2.115934788699
6.00  -1.803430526652
6.00  -1.749779651745
6.00  -2.307558679600
6.00  -2.142748458389
6.00  -1.958477310870
6.00  -2.088443447198
6.00  -1.908539831739
6.00  -1.878808805165
6.00  -2.281806533012
6.00  -2.053584929069
6.00  -2.646089272473
6.00  -1.652920693782
6.00  -2.190633563938
6.00  -2.364803022425
6.00  -2.076952934371
6.00  -2.432923292313
6.00  -2.006320490213
6.00  -2.169898483796
6.00  -1.340067057823
6.00  -1.655010488688
6.00  -2.756632273692
6.00  -1.866264566143
6.00  -2.423678144185
6.00  -2.077289448449
6.00  -1.950180583843
6.00  -1.773413930664
6.00  -2.082741499819
6.00  -1.522333288925
6.00  -2.145738530842
6.00  -1.900753902779
6.00  -1.798565417992
6.00  -1.974185274933
6.00  -1.733044610491
6.00  -1.902056624895
6.00  -2.237620055656
6.00  -2.547082833753
6.00  -1.436790015589
6.00  -2.183190935992
6.00  -1.968678872027
6.00  -1.829343346925
6.00  -1.965576667656
6.00  -2.274159458424
6.00  -2.141731691652
6.00  -2.037845438552
6.00  -1.551830760150
6.00  -2.260853239396
6.00  -1.762221676579
6.00  -1.906477836379
6.00  -2.070866679433
6.00  -2.320294771503
6.00  -2.086103319584
6.00  -2.026269782563
6.00  -2.445271234693
6.00  -1.941762956100
6.00  -2.249179780694
6.00  -2.028557753927
6.00  -1.898117169408
6.00  -2.274137593711
6.00  -2.087350412487
6.00  -1.893920376505
6.00  -2.556320952274
6.00  -1.686067906592
6.00  -1.265314804564
6.00  -1.709272572907
6.00  -2.095688483336
6.00  -1.870114339437
6.00  -2.313934781368
6.00  -1.430949860456
6.00  -1.714938059590
6.00  -1.761410369717
6.00  -2.265416443017
6.00  -1.903045716854
6.00  -2.169180086318
6.00  -2.094372551075
6.00  -2.172730277770
6.00  -2.310828368372
6.00  -2.275377450568
6.00  -2.063605252744
6.00  -2.514807298234
6.00  -1.815878613380
6.00  -2.035696451293
6.00  -1.788133232229
6.00  -1.918288290389
6.00  -1.850216043824
6.00  -2.449430612884
6.00  -2.309171025965
6.00  -2.135453033559
6.00  -1.966770123840
6.00  -1.657958650901
6.00  -2.087867588121
6.00  -1.617711903594
6.00  -1.855931875240
6.00  -1.644207045002
6.00  -1.961531191502
6.00  -2.199035129984
6.00  -2.448908809569
6.00  -1.952882122453
6.00  -1.751954130751
6.00  -2.088663069950
6.00  -2.163874671663
6.00  -2.093527822812
6.00  -2.332301000462
6.00  -2.149396913732
6.00  -2.054769501944
6.00  -1.986108755844
6.00  -2.019328218189
6.00  -1.814746910889
6.00  -1.966873426129
6.00  -1.450298348400
6.00  -1.905447324749
6.00  -1.453183705538
6.00  -2.219127721082
6.00  -1.840440291591
6.00  -2.078863897487
6.00  -1.818138633694
6.00  -1.820020971016
6.00  -2.662430791742
6.00  -2.402134287733
6.00  -2.436670787163
6.00  -1.878228940291
6.00  -1.554484460349
6.00  -2.099034614784
6.00  -1.753841513745
6.00  -1.834684817113
6.00  -2.318676457431
6.00  -1.879555455820
6.00  -2.227846890510
6.00  -1.540525182835
6.00  -2.009868639150
6.00  -1.504242528097
6.00  -2.128805603215
6.00  -1.821383828267
6.00  -2.019027644157
6.00  -2.612714827288
6.00  -2.297615613872
6.00  -1.814390515707
6.00  -2.016632160603
6.00  -2.339009697713
6.00  -2.189811678445
6.00  -1.924388563466
6.00  -2.300914850470
6.00  -1.704560537936
6.00  -2.194154395978
6.00  -1.451859811964
6.00  -2.327232197194
6.00  -1.939639562401
6.00  -2.460917139930
6.00  -2.219282159179
6.00  -2.179772822731
6.00  -1.878382927328
6.00  -1.714505054777
6.00  -1.908943646183
6.00  -2.113051714737
6.00  -1.752882270275
6.00  -1.757913032680
6.00  -1.963574156983
6.00  -1.826894657662
6.00  -1.874910299906
6.00  -2.299079358591
6.00  -1.769827780026
6.00  -2.199151908818
6.00  -2.183005600417
6.00  -1.946379750809
6.00  -2.093182869655
6.00  -2.039945561490
6.00  -1.819588583671
6.00  -1.682777944150
6.00  -2.059987464428
6.00  -1.900703586695
6.00  -2.072212577148
6.00  -1.930425183873
6.00  -1.866667301569
6.00  -2.186929069360
6.00  -1.916716125178
6.00  -1.817847868949
6.00  -1.972027893564
6.00  -1.475805638917
6.00  -2.184411346890
6.00  -2.223351445969
6.00  -2.530266456481
6.00  -1.724096187986
6.00  -1.737247711228
6.00  -2.024209951230
6.00  -1.727734548674
6.00  -1.944332296033
6.00  -1.911881777308
6.00  -1.965774328175
6.00  -1.866681154887
6.00  -1.969193198879
6.00  -1.155352961269
6.00  -2.353534857635
6.00  -2.561908812936
6.00  -2.345660952930
6.00  -2.331316198860
6.00  -2.131396756508
6.00  -2.051051478265
6.00  -2.066222290917
6.00  -1.835959261903
6.00  -1.882040544290
6.00  -1.772354853125
6.00  -1.461134575972
6.00  -1.629374984323
6.00  -2.388865486244
6.00  -2.705743792813
6.00  -1.726687434257
6.00  -2.556254146586
6.00  -1.979770632898
6.00  -1.989248640655
6.00  -1.325100582373
6.00  -2.020974016370
6.00  -2.153734262004
6.00  -1.928542523462
6.00  -1.925513681244
6.00  -1.978774178965
6.00  -2.184418336388
6.00  -2.370482842481
6.00  -1.904090799758
6.00  -2.406930071704
6.00  -2.312783134567
6.00  -1.596601246950
6.00  -2.126940362130
6.00  -2.042521733956
6.00  -1.727326567001
6.00  -2.090942728974
6.00  -1.688070996332
6.00  -2.104565445929
6.00  -1.693090344163
6.00  -1.809292550021
6.00  -2.064550025043
6.00  -2.262332517685
6.00  -2.316093424648
6.00  -2.081839034136
6.00  -2.132770107758
6.00  -2.123840701453
6.00  -1.701955989332
6.00  -2.090211255760
6.00  -1.653430633100
6.00  -2.161097005305
6.00  -1.705283112725
6.00  -2.158257722725
6.00  -1.946491577381
6.00  -1.705837023165
6.00  -2.125446143932
6.00  -2.132809247941
6.00  -1.392911936102
6.00  -1.711820151652
6.00  -2.130910255675
6.00  -1.803351291708
6.00  -2.109114030653
6.00  -1.786095448682
6.00  -1.570954827746
6.00  -2.486216869272
6.00  -1.688226342727
6.00  -1.558191581618
6.00  -1.985614750523
6.00  -1.470831299964
6.00  -1.952912874484
6.00  -2.374884752928
6.00  -2.664695236010
6.00  -2.101032444625
6.00  -1.783774756799
6.00  -1.903815838414
6.00  -1.874663518093
6.00  -2.174874419284
6.00  -1.956363090483
6.00  -2.496565372707
6.00  -2.230330302617
6.00  -2.248119120076
6.00  -1.842506397535
6.00  -2.004290926999
6.00  -2.350160414632
6.00  -2.002886338212
6.00  -2.209033496252
6.00  -2.202030046546
6.00  -1.738136539041
6.00  -1.965630473871
6.00  -1.879283986010
6.00  -1.732130336293
6.00  -1.945376456368
6.00  -1.833074387255
6.00  -1.793041128451
6.00  -1.645270103020
6.00  -1.855799822037
6.00  -1.572050701077
6.00  -1.993148944149
6.00  -2.014505881885
6.00  -1.484444044159
6.00  -2.154458094778
6.00  -2.000865139438
6.00  -1.721252400059
6.00  -1.954603414354
6.00  -1.574262592219
6.00  -1.686629836494
6.00  -1.911645367039
6.00  -2.235666223731
6.00  -1.828273909837
6.00  -2.418976108933
6.00  -1.925916764973
6.00  -1.755018544495
6.00  -1.935441909571
6.00  -1.733431162353
6.00  -1.382158711693
6.00  -1.720020470094
6.00  -1.919115925274
6.00  -1.805557119266
6.00  -1.871065043750
6.00  -2.398401061663
6.00  -2.126185218091
6.00  -1.628882477338
6.00  -2.013207335014
6.00  -1.823508097743
6.00  -2.305000022612
6.00  -1.980449472027
6.00  -1.818093348732
6.00  -2.412580289353
6.00  -1.894668899406
6.00  -2.055104005594
6.00  -2.284707504831
6.00  -2.011373693582
6.00  -2.574637725340
6.00  -2.644841444904
6.00  -2.356643433550
6.00  -2.300161278935
6.00  -2.355464341596
6.00  -2.522856905918
6.00  -1.912658154647
6.00  -2.483085975838
6.00  -1.966600348720
6.00  -1.761494946558
6.00  -2.000674783731
6.00  -1.971785224225
6.00  -2.114593047451
6.00  -2.449295791230
6.00  -2.013278359199
6.00  -1.708840844945
6.00  -1.473259111329
6.00  -2.130365528008
6.00  -2.493128101961
6.00  -1.949591668951
6.00  -1.885980027136
6.00  -2.068772868093
6.00  -2.348155239278
6.00  -1.386565878926
6.00  -2.715007124533
6.00  -2.154536983576
6.00  -2.400492603276
6.00  -2.192766136261
6.00  -1.903681388164
6.00  -1.958167280470
6.00  -2.215374265094
6.00  -1.764544385842
6.00  -1.811395780554
6.00  -1.803823974389
6.00  -2.128979297473
6.00  -1.682248254383
6.00  -1.799785731404
6.00  -1.239765917217
6.00  -1.677739503321
6.00  -1.649417680810
6.00  -1.983945809901
6.00  -2.390420000891
6.00  -2.112491287120
6.00  -2.229633914091
6.00  -2.170899671826
6.00  -1.831776193939
6.00  -2.168720625440
6.00  -2.271246404692
6.00  -2.124038703525
6.00  -2.048753565678
6.00  -1.875959263498
6.00  -2.288677574885
6.00  -1.903843190205
6.00  -1.976357551219
6.00  -1.598671076012
6.00  -2.064597117097
6.00  -2.040751104411
6.00  -2.354956308461
6.00  -2.419776570665
6.00  -1.905906570121
6.00  -2.075602746810
6.00  -1.847350286140
6.00  -2.270503455599
6.00  -1.421662930194
6.00  -1.962960393786
6.00  -1.682717191849
6.00  -2.068763696765
6.00  -2.049243012590
6.00  -1.790893364286
6.00  -1.831588857148
6.00  -2.339471212572
6.00  -2.464452428463
6.00  -2.332687202891
6.00  -2.429022218657
6.00  -1.981948306495
6.00  -2.124621492586
6.00  -2.111518403952
6.00  -2.412413069513
6.00  -1.763767445838
6.00  -1.866845117711
6.00  -2.027158328406
6.00  -1.690551479390
6.00  -2.264842262130
6.00  -1.874333244531
6.00  -1.894411757590
6.00  -1.894165328284
6.00  -2.220984020494
6.00  -1.900957500375
6.00  -2.156024737250
6.00  -2.271650348637
6.00  -2.364626723156
6.00  -1.685510412277
6.00  -2.256346731011
6.00  -2.052398134624
6.00  -2.366258198406
6.00  -2.090038424241
6.00  -2.979405392709
6.00  -2.329381584685
6.00  -2.432253381661
6.00  -2.307409323547
6.00  -2.064626420699
6.00  -2.098590236473
6.00  -1.410788547889
6.00  -2.173264611621
6.00  -2.075767356980
6.00  -2.475550142527
6.00  -2.144661413241
6.00  -2.405447470776
6.00  -1.990818477640
6.00  -1.741488858328
6.00  -1.877498949967
6.00  -2.212309155581
6.00  -2.494103906893
6.00  -1.557571762078
6.00  -1.378774929413
6.00  -1.963484666758
6.00  -2.299970183097
6.00  -1.637038947177
6.00  -2.179592793385
6.00  -2.142366473704
6.00  -1.731400794826
6.00  -2.419763576094
6.00  -2.592955743707
6.00  -1.872520090848
6.00  -1.878564242986
6.00  -1.971169043071
6.00  -1.849489578292
6.00  -1.672048304194
6.00  -1.705924912620
6.00  -2.172293809209
6.00  -1.754553917176
6.00  -1.947500796415
6.00  -2.153194717732
6.00  -2.361607815421
6.00  -1.803948200339
6.00  -2.107158363424
6.00  -1.985928931307
6.00  -2.240287121879
6.00  -2.469852871145
6.00  -1.948004134767
6.00  -2.018830037820
6.00  -1.636658219002
6.00  -1.757059372628
6.00  -1.680816794197
6.00  -2.226932349256
6.00  -2.283735302156
6.00  -2.384571749354
6.00  -1.849096780895
6.00  -1.154823900714
6.00  -1.779523625177
6.00  -2.234261849137
6.00  -1.746474619856
6.00  -2.341918275783
6.00  -2.431657603460
6.00  -1.782593237725
6.00  -2.235728945511
6.00  -1.904246702816
6.00  -1.573777230886
6.00  -1.878447080081
6.00  -1.718284762297
6.00  -2.486606728673
6.00  -1.799534471478
6.00  -1.351969013991
6.00  -1.836018359571
6.00  -2.466932479351
6.00  -2.061558422673
6.00  -2.151504612660
6.00  -1.883932147642
6.00  -1.875140794512
6.00  -1.877123469540
6.00  -2.110236591176
6.00  -2.181597587891
6.00  -2.178663330733
6.00  -1.741351262405
6.00  -2.561517597400
6.00  -2.062819139287
6.00  -1.918067211306
6.00  -2.197809397594
6.00  -1.855385671210
6.00  -2.021612015160
6.00  -2.284333723718
6.00  -1.951101959197
6.00  -2.081267539974
6.00  -2.124203832654
6.00  -2.215552336523
6.00  -1.981380156490
6.00  -2.559433101848
6.00  -2.120707005902
6.00  -2.164711552004
6.00  -2.276332880087
6.00  -1.802212548183
6.00  -2.222506441997
6.00  -1.836171790965
6.00  -1.704290641036
6.00  -2.047536489311
6.00  -1.915818387357
6.00  -1.806206877845
6.00  -2.024538792443
6.00  -1.836099956435
6.00  -2.382595407463
6.00  -1.663507927070
6.00  -2.299867478506
6.00  -2.554192707334
6.00  -1.580454996559
6.00  -2.019008119406
6.00  -1.863963296964
6.00  -2.110078324990
6.00  -2.309267694888
6.00  -2.931208648269
6.00  -1.810218485546
6.00  -2.086874100973
6.00  -2.059800880864
6.00  -1.877089281018
6.00  -2.430105594101
6.00  -2.221044011510
6.00  -1.652324896489
6.00  -1.818828899127
6.00  -2.388267048210
6.00  -2.667655830961
6.00  -2.173104945391
6.00  -1.935152582207
6.00  -1.714431232333
6.00  -1.971598336162
6.00  -2.340094461069
6.00  -1.907224903464
6.00  -2.355252990168
6.00  -2.291201988951
6.00  -2.198101520108
6.00  -2.372543530000
6.00  -2.082110645443
6.00  -2.272712141619
6.00  -2.086571556849
6.00  -2.140127740713
6.00  -2.124177337800
6.00  -2.152587570949
6.00  -1.626273602229
6.00  -1.815059024978
6.00  -1.982099346954
6.00  -2.444529312251
6.00  -2.492667656484
6.00  -2.595379519815
6.00  -1.210546742159
6.00  -1.705340966302
6.00  -1.922126978877
6.00  -2.295224381620
6.00  -2.347383147239
6.00  -1.834048635006
6.00  -1.525732125733
6.00  -2.513134442824
6.00  -2.136181018139
6.00  -2.025543052350
6.00  -2.603635508365
6.00  -1.745077070802
6.00  -2.125654217411
6.00  -1.420551261102
6.00  -2.118454161283
6.00  -1.876005429531
6.00  -2.346190353976
6.00  -2.189352659284
6.00  -2.354158439368
6.00  -1.881037793546
6.00  -1.605503180500
6.00  -2.179891442982
6.00  -1.867765032860
6.00  -2.152837115311
6.00  -1.969058268696
6.00  -1.637499836114
6.00  -1.963550661709
6.00  -2.314194968811
6.00  -2.259728254208
6.00  -2.051477061832
6.00  -2.058081296984
6.00  -2.262368244770
6.00  -1.945253292853
6.00  -1.616203492251
6.00  -2.076111905284
6.00  -2.061990924443
6.00  -2.667127850314
6.00  -2.234700940837
6.00  -2.422203813350
6.00  -2.117040803328
6.00  -1.840731409055
6.00  -1.538403249882
6.00  -1.455001681240
6.00  -2.035419474839
6.00  -2.097029147541
6.00  -1.752267792958
6.00  -1.851466912478
6.00  -1.768105709086
6.00  -1.764157865057
6.00  -2.448577325278
6.00  -1.836253345573
6.00  -2.027739097536
6.00  -2.230379508169
6.00  -2.210180437316
6.00  -1.611679468890
6.00  -2.245375033565
6.00  -2.374793440249
6.00  -1.934943500566
6.00  -1.390675221960
6.00  -1.992256232299
6.00  -1.906575928410
6.00  -2.284317336554
6.00  -1.492661832794
6.00  -1.962124795805
6.00  -1.839363255591
6.00  -2.288505522243
6.00  -1.741199145994
6.00  -1.882077050146
6.00  -2.350303359076
6.00  -1.987957537276
6.00  -2.136545031427
6.00  -1.966894563132
6.00  -2.075925103772
6.00  -2.057545955954
6.00  -2.313004095243
6.00  -2.097967248915
6.00  -1.767719135120
6.00  -1.471311157676
6.00  -2.351672704900
6.00  -1.279572165944
6.00  -1.537552132574
6.00  -1.948937121146
6.00  -2.091274705856
6.00  -2.211713415365
6.00  -1.747645280067
6.00  -2.210486440674
6.00  -2.139964543374
6.00  -1.732237231297
6.00  -1.867895702375
6.00  -1.728258374832
6.00  -1.847050900623
6.00  -2.121483980459
6.00  -2.155711518818
6.00  -1.758676485990
6.00  -2.203390958790
6.00  -1.640406350647
6.00  -1.760393342211
6.00  -1.912811668281
6.00  -1.999022389526
6.00  -1.889206912887
6.00  -0.931309752019
6.00  -2.034071715913
6.00  -2.471695131799
6.00  -1.419665971074
6.00  -1.815198165685
6.00  -2.196336855482
6.00  -1.206868208469
6.00  -1.833045327047
6.00  -1.910847368349
6.00  -2.235710241895
6.00  -2.322706089724
6.00  -2.535883040094
6.00  -2.128157435121
6.00  -2.319121948239
6.00  -1.803710531827
6.00  -2.096250966216
6.00  -1.463941948731
6.00  -1.542247759032
6.00  -1.950299903967
6.00  -2.085685974092
6.00  -1.650858846076
6.00  -2.347426555187
